279.0 250.0 278.0 254.0
140.0 21.0 141.0 19.0
140.0 20.0 141.0 19.0
139.0 21.0 141.0 19.0
278.0 250.0 278.0 254.0
278.0 249.0 278.0 254.0
139.0 20.0 141.0 19.0
277.0 250.0 278.0 254.0
331.0 266.0 332.0 272.0
188.0 256.0 187.0 257.0
127.0 35.0 128.0 33.0
30.0 239.0 27.0 237.0
187.0 256.0 187.0 257.0
236.0 82.0 239.0 83.0
188.0 255.0 187.0 257.0
141.0 286.0 140.0 287.0
123.0 227.0 120.0 228.0
143.0 287.0 141.0 288.0
278.0 251.0 278.0 254.0
29.0 238.0 27.0 237.0
188.0 257.0 186.0 258.0
196.0 127.0 196.0 128.0
195.0 127.0 196.0 128.0
332.0 265.0 332.0 272.0
122.0 227.0 120.0 228.0
338.0 185.0 339.0 190.0
187.0 257.0 186.0 258.0
30.0 240.0 27.0 238.0
196.0 59.0 198.0 58.0
332.0 266.0 332.0 272.0
125.0 248.0 123.0 249.0
195.0 59.0 197.0 58.0
81.0 277.0 79.0 279.0
187.0 255.0 187.0 257.0
142.0 286.0 140.0 287.0
29.0 240.0 27.0 238.0
198.0 81.0 200.0 81.0
331.0 265.0 332.0 272.0
196.0 128.0 196.0 128.0
199.0 81.0 200.0 81.0
328.0 221.0 328.0 227.0
30.0 238.0 27.0 237.0
50.0 192.0 48.0 191.0
95.0 308.0 92.0 309.0
29.0 239.0 27.0 237.0
216.0 71.0 218.0 72.0
398.0 406.0 397.0 414.0
215.0 72.0 218.0 73.0
14.0 27.0 13.0 20.0
84.0 228.0 82.0 227.0
95.0 307.0 92.0 309.0
192.0 202.0 191.0 203.0
52.0 363.0 47.0 365.0
337.0 185.0 339.0 190.0
127.0 36.0 128.0 33.0
78.0 253.0 76.0 253.0
123.0 322.0 121.0 323.0
180.0 46.0 181.0 44.0
126.0 36.0 128.0 33.0
216.0 72.0 218.0 73.0
14.0 28.0 13.0 20.0
195.0 128.0 196.0 128.0
92.0 352.0 87.0 354.0
180.0 47.0 181.0 45.0
99.0 520.0 93.0 522.0
78.0 254.0 76.0 253.0
398.0 405.0 397.0 414.0
122.0 228.0 120.0 228.0
193.0 202.0 193.0 203.0
141.0 631.0 135.0 631.0
142.0 631.0 135.0 631.0
338.0 186.0 339.0 190.0
121.0 438.0 116.0 443.0
50.0 193.0 48.0 192.0
199.0 80.0 200.0 81.0
143.0 286.0 141.0 288.0
81.0 278.0 79.0 279.0
126.0 37.0 128.0 33.0
84.0 226.0 82.0 227.0
111.0 179.0 110.0 178.0
188.0 606.0 183.0 609.0
196.0 58.0 197.0 58.0
189.0 606.0 183.0 609.0
337.0 186.0 339.0 190.0
198.0 80.0 200.0 81.0
142.0 630.0 135.0 631.0
13.0 27.0 13.0 19.0
36.0 186.0 34.0 184.0
92.0 351.0 87.0 354.0
64.0 279.0 62.0 280.0
221.0 354.0 220.0 357.0
49.0 192.0 48.0 190.0
238.0 259.0 239.0 262.0
92.0 112.0 91.0 110.0
217.0 71.0 218.0 72.0
121.0 437.0 115.0 443.0
65.0 279.0 62.0 280.0
222.0 352.0 220.0 357.0
195.0 58.0 197.0 58.0
399.0 405.0 397.0 414.0
179.0 47.0 181.0 45.0
141.0 630.0 135.0 631.0
92.0 111.0 91.0 110.0
78.0 79.0 78.0 76.0
189.0 607.0 182.0 609.0
82.0 277.0 79.0 279.0
194.0 59.0 197.0 58.0
175.0 619.0 169.0 621.0
49.0 193.0 48.0 192.0
221.0 353.0 220.0 357.0
222.0 353.0 220.0 357.0
51.0 192.0 48.0 191.0
142.0 246.0 141.0 247.0
367.0 458.0 364.0 465.0
327.0 221.0 328.0 227.0
166.0 192.0 165.0 193.0
328.0 222.0 328.0 227.0
77.0 253.0 75.0 252.0
214.0 91.0 215.0 90.0
64.0 278.0 62.0 280.0
84.0 227.0 82.0 227.0
141.0 287.0 140.0 287.0
91.0 352.0 87.0 354.0
142.0 288.0 140.0 289.0
85.0 227.0 82.0 227.0
85.0 226.0 82.0 227.0
52.0 362.0 47.0 365.0
36.0 185.0 34.0 184.0
123.0 228.0 120.0 228.0
127.0 37.0 128.0 33.0
143.0 630.0 135.0 631.0
218.0 72.0 218.0 73.0
217.0 72.0 218.0 73.0
93.0 111.0 92.0 109.0
174.0 619.0 169.0 621.0
78.0 252.0 76.0 253.0
86.0 543.0 80.0 545.0
66.0 469.0 61.0 471.0
185.0 433.0 181.0 437.0
27.0 257.0 22.0 256.0
225.0 470.0 220.0 475.0
26.0 257.0 22.0 256.0
53.0 363.0 47.0 365.0
142.0 287.0 140.0 287.0
399.0 406.0 397.0 414.0
179.0 46.0 181.0 45.0
143.0 629.0 135.0 631.0
163.0 347.0 161.0 349.0
65.0 278.0 62.0 280.0
35.0 186.0 34.0 184.0
152.0 139.0 152.0 139.0
133.0 303.0 131.0 304.0
175.0 618.0 169.0 621.0
194.0 58.0 197.0 58.0
64.0 280.0 62.0 280.0
380.0 424.0 378.0 431.0
142.0 629.0 135.0 631.0
222.0 354.0 220.0 357.0
26.0 258.0 22.0 256.0
223.0 353.0 220.0 357.0
225.0 471.0 220.0 475.0
193.0 201.0 193.0 203.0
27.0 258.0 22.0 256.0
214.0 90.0 215.0 90.0
28.0 239.0 27.0 238.0
78.0 78.0 78.0 76.0
213.0 89.0 215.0 90.0
368.0 458.0 364.0 465.0
82.0 278.0 80.0 279.0
120.0 438.0 115.0 443.0
398.0 407.0 397.0 414.0
254.0 401.0 251.0 406.0
120.0 439.0 116.0 443.0
26.0 256.0 22.0 256.0
231.0 571.0 225.0 574.0
399.0 407.0 397.0 414.0
28.0 257.0 22.0 256.0
61.0 60.0 61.0 58.0
226.0 470.0 220.0 475.0
381.0 423.0 378.0 431.0
327.0 222.0 328.0 227.0
226.0 469.0 220.0 475.0
37.0 13.0 38.0 9.0
185.0 432.0 181.0 436.0
25.0 257.0 22.0 256.0
141.0 629.0 135.0 631.0
213.0 90.0 215.0 90.0
176.0 618.0 169.0 621.0
137.0 163.0 137.0 163.0
185.0 434.0 181.0 437.0
214.0 89.0 215.0 90.0
174.0 618.0 169.0 621.0
36.0 13.0 38.0 9.0
27.0 256.0 22.0 255.0
355.0 258.0 355.0 266.0
61.0 61.0 61.0 58.0
176.0 617.0 169.0 621.0
133.0 304.0 131.0 304.0
190.0 605.0 183.0 609.0
225.0 469.0 220.0 475.0
164.0 347.0 161.0 349.0
163.0 348.0 161.0 349.0
60.0 60.0 61.0 58.0
232.0 571.0 225.0 575.0
137.0 162.0 137.0 163.0
164.0 348.0 161.0 349.0
170.0 186.0 169.0 187.0
190.0 606.0 183.0 609.0
381.0 424.0 378.0 431.0
182.0 166.0 182.0 168.0
254.0 402.0 252.0 406.0
117.0 283.0 115.0 283.0
152.0 140.0 152.0 140.0
416.0 598.0 407.0 597.0
67.0 469.0 61.0 471.0
169.0 186.0 169.0 187.0
154.0 163.0 154.0 163.0
354.0 258.0 355.0 266.0
155.0 162.0 154.0 163.0
224.0 470.0 220.0 475.0
239.0 394.0 237.0 398.0
355.0 259.0 355.0 265.0
43.0 427.0 37.0 427.0
154.0 162.0 154.0 163.0
186.0 433.0 181.0 437.0
77.0 252.0 75.0 252.0
138.0 96.0 138.0 96.0
42.0 428.0 37.0 428.0
151.0 139.0 152.0 139.0
86.0 542.0 80.0 545.0
239.0 393.0 236.0 398.0
17.0 306.0 14.0 304.0
85.0 542.0 79.0 545.0
147.0 521.0 143.0 522.0
85.0 543.0 79.0 545.0
66.0 468.0 61.0 470.0
224.0 471.0 220.0 476.0
60.0 61.0 60.0 58.0
415.0 598.0 407.0 597.0
151.0 140.0 152.0 139.0
61.0 62.0 61.0 58.0
175.0 617.0 169.0 621.0
37.0 12.0 38.0 9.0
192.0 201.0 192.0 203.0
195.0 518.0 190.0 522.0
117.0 282.0 115.0 283.0
273.0 381.0 271.0 385.0
42.0 427.0 37.0 427.0
134.0 303.0 131.0 304.0
380.0 423.0 378.0 431.0
231.0 570.0 225.0 574.0
62.0 264.0 59.0 264.0
255.0 402.0 252.0 406.0
42.0 426.0 37.0 427.0
219.0 582.0 211.0 585.0
62.0 263.0 59.0 264.0
38.0 13.0 38.0 9.0
25.0 256.0 22.0 256.0
79.0 79.0 78.0 76.0
12.0 504.0 6.0 501.0
176.0 538.0 171.0 541.0
67.0 468.0 61.0 470.0
147.0 520.0 143.0 522.0
12.0 505.0 6.0 501.0
62.0 61.0 61.0 58.0
220.0 285.0 219.0 288.0
316.0 625.0 308.0 629.0
176.0 537.0 171.0 541.0
315.0 626.0 309.0 630.0
255.0 401.0 252.0 406.0
416.0 599.0 407.0 597.0
274.0 381.0 271.0 385.0
9.0 241.0 5.0 239.0
182.0 167.0 182.0 168.0
17.0 307.0 13.0 304.0
11.0 504.0 6.0 501.0
415.0 599.0 407.0 597.0
41.0 427.0 37.0 428.0
11.0 505.0 6.0 501.0
183.0 167.0 182.0 168.0
68.0 468.0 61.0 470.0
314.0 626.0 309.0 630.0
118.0 282.0 115.0 283.0
232.0 570.0 225.0 574.0
148.0 521.0 143.0 522.0
167.0 118.0 167.0 118.0
274.0 380.0 271.0 385.0
167.0 119.0 167.0 119.0
255.0 403.0 252.0 406.0
240.0 393.0 237.0 398.0
216.0 383.0 212.0 387.0
138.0 69.0 139.0 67.0
30.0 145.0 28.0 144.0
69.0 355.0 64.0 356.0
231.0 569.0 225.0 574.0
148.0 520.0 143.0 522.0
273.0 380.0 271.0 385.0
177.0 538.0 171.0 541.0
30.0 146.0 28.0 144.0
93.0 370.0 90.0 374.0
315.0 625.0 308.0 629.0
176.0 380.0 172.0 384.0
177.0 537.0 171.0 541.0
195.0 519.0 190.0 522.0
20.0 478.0 15.0 479.0
155.0 163.0 154.0 163.0
314.0 625.0 308.0 629.0
6.0 273.0 3.0 272.0
58.0 133.0 56.0 131.0
93.0 371.0 90.0 375.0
22.0 599.0 16.0 600.0
215.0 384.0 212.0 387.0
312.0 324.0 311.0 331.0
20.0 479.0 15.0 479.0
20.0 477.0 15.0 478.0
45.0 401.0 40.0 403.0
22.0 600.0 16.0 600.0
362.0 360.0 362.0 368.0
8.0 241.0 5.0 239.0
358.0 406.0 356.0 413.0
313.0 324.0 311.0 331.0
166.0 120.0 167.0 119.0
27.0 378.0 21.0 380.0
355.0 450.0 350.0 457.0
21.0 478.0 15.0 479.0
7.0 275.0 3.0 272.0
220.0 283.0 219.0 287.0
46.0 401.0 40.0 403.0
152.0 437.0 148.0 442.0
166.0 119.0 167.0 119.0
166.0 118.0 167.0 118.0
6.0 274.0 3.0 272.0
7.0 274.0 3.0 272.0
220.0 284.0 219.0 288.0
275.0 380.0 271.0 385.0
6.0 275.0 3.0 272.0
58.0 134.0 56.0 131.0
27.0 377.0 22.0 379.0
40.0 444.0 34.0 445.0
40.0 443.0 34.0 445.0
57.0 134.0 56.0 131.0
85.0 454.0 78.0 459.0
18.0 307.0 14.0 304.0
120.0 551.0 114.0 553.0
165.0 119.0 167.0 119.0
8.0 242.0 5.0 239.0
23.0 600.0 16.0 600.0
78.0 61.0 79.0 57.0
151.0 437.0 147.0 441.0
383.0 269.0 384.0 275.0
279.0 314.0 278.0 319.0
94.0 371.0 90.0 375.0
57.0 133.0 56.0 131.0
218.0 582.0 211.0 585.0
97.0 566.0 91.0 568.0
219.0 284.0 219.0 288.0
44.0 401.0 40.0 403.0
354.0 259.0 355.0 266.0
218.0 583.0 211.0 585.0
45.0 402.0 40.0 403.0
355.0 448.0 350.0 457.0
121.0 551.0 114.0 553.0
26.0 378.0 21.0 380.0
154.0 374.0 150.0 379.0
21.0 477.0 15.0 479.0
358.0 407.0 356.0 413.0
26.0 377.0 21.0 380.0
160.0 438.0 148.0 441.0
21.0 479.0 15.0 479.0
219.0 283.0 219.0 287.0
355.0 449.0 350.0 457.0
119.0 614.0 106.0 603.0
359.0 407.0 356.0 413.0
149.0 520.0 143.0 522.0
31.0 145.0 28.0 144.0
359.0 406.0 356.0 413.0
342.0 594.0 337.0 600.0
274.0 379.0 271.0 385.0
25.0 378.0 21.0 380.0
26.0 379.0 21.0 380.0
154.0 375.0 150.0 379.0
360.0 407.0 356.0 413.0
356.0 449.0 350.0 457.0
31.0 146.0 28.0 144.0
155.0 375.0 150.0 379.0
86.0 455.0 78.0 459.0
11.0 10.0 13.0 19.0
44.0 402.0 40.0 403.0
343.0 594.0 337.0 600.0
95.0 415.0 90.0 420.0
58.0 457.0 52.0 459.0
9.0 10.0 13.0 19.0
74.0 554.0 66.0 555.0
86.0 454.0 78.0 459.0
10.0 10.0 13.0 19.0
94.0 415.0 90.0 420.0
10.0 9.0 13.0 19.0
58.0 456.0 52.0 459.0
87.0 454.0 78.0 459.0
46.0 579.0 40.0 578.0
94.0 416.0 90.0 420.0
46.0 578.0 40.0 578.0
95.0 416.0 90.0 420.0
47.0 578.0 40.0 578.0
47.0 579.0 40.0 578.0
48.0 578.0 40.0 578.0
93.0 416.0 89.0 420.0
57.0 457.0 52.0 459.0
170.0 385.0 172.0 384.0
57.0 456.0 52.0 459.0
107.0 589.0 91.0 568.0
107.0 590.0 106.0 603.0
108.0 589.0 91.0 568.0
170.0 386.0 172.0 384.0
17.0 226.0 26.0 237.0
204.0 110.0 196.0 128.0
203.0 110.0 196.0 128.0
203.0 109.0 196.0 128.0
204.0 109.0 196.0 128.0
443.0 529.0 448.0 517.0
378.0 332.0 370.0 352.0
41.0 450.0 34.0 445.0
378.0 333.0 370.0 352.0
437.0 617.0 407.0 597.0
436.0 618.0 407.0 597.0
379.0 333.0 370.0 352.0
330.0 634.0 309.0 630.0
331.0 634.0 309.0 630.0
331.0 633.0 309.0 630.0
205.0 109.0 196.0 127.0
379.0 332.0 370.0 352.0
437.0 618.0 407.0 597.0
331.0 632.0 309.0 630.0
330.0 633.0 309.0 630.0
443.0 530.0 448.0 517.0
