367.0 396.0 368.0 394.0
323.0 132.0 318.0 138.0
323.0 131.0 318.0 138.0
367.0 397.0 368.0 395.0
302.0 386.0 304.0 386.0
321.0 131.0 317.0 138.0
322.0 131.0 318.0 138.0
321.0 132.0 318.0 138.0
322.0 132.0 318.0 138.0
322.0 133.0 318.0 138.0
273.0 415.0 274.0 415.0
276.0 382.0 277.0 382.0
272.0 414.0 274.0 415.0
272.0 415.0 274.0 415.0
368.0 397.0 369.0 394.0
13.0 204.0 13.0 215.0
303.0 387.0 304.0 386.0
303.0 386.0 304.0 386.0
60.0 116.0 58.0 128.0
368.0 396.0 369.0 393.0
36.0 210.0 36.0 220.0
93.0 533.0 96.0 542.0
270.0 477.0 274.0 477.0
234.0 153.0 230.0 161.0
226.0 494.0 229.0 496.0
92.0 532.0 95.0 542.0
36.0 209.0 36.0 220.0
37.0 209.0 36.0 220.0
271.0 477.0 274.0 477.0
268.0 440.0 271.0 440.0
268.0 439.0 271.0 440.0
265.0 626.0 272.0 627.0
268.0 438.0 271.0 440.0
234.0 154.0 230.0 161.0
269.0 439.0 271.0 440.0
91.0 533.0 95.0 542.0
269.0 438.0 271.0 440.0
289.0 436.0 290.0 436.0
305.0 413.0 306.0 412.0
276.0 606.0 284.0 606.0
122.0 291.0 122.0 300.0
59.0 116.0 58.0 128.0
92.0 533.0 96.0 542.0
142.0 217.0 141.0 224.0
241.0 396.0 242.0 398.0
340.0 552.0 346.0 549.0
181.0 468.0 185.0 473.0
243.0 397.0 244.0 398.0
143.0 217.0 141.0 224.0
265.0 627.0 271.0 627.0
180.0 468.0 185.0 473.0
109.0 150.0 108.0 161.0
84.0 488.0 86.0 496.0
103.0 221.0 104.0 228.0
104.0 220.0 104.0 228.0
242.0 396.0 244.0 398.0
109.0 152.0 107.0 160.0
102.0 488.0 106.0 494.0
336.0 435.0 337.0 433.0
242.0 397.0 244.0 398.0
470.0 239.0 468.0 237.0
336.0 434.0 337.0 433.0
335.0 434.0 337.0 433.0
291.0 460.0 293.0 460.0
104.0 221.0 104.0 228.0
264.0 627.0 271.0 627.0
340.0 551.0 346.0 549.0
335.0 436.0 337.0 433.0
290.0 436.0 290.0 436.0
335.0 435.0 337.0 433.0
103.0 220.0 104.0 228.0
304.0 413.0 305.0 413.0
201.0 431.0 202.0 435.0
471.0 239.0 468.0 237.0
201.0 432.0 202.0 435.0
277.0 606.0 284.0 606.0
108.0 151.0 107.0 160.0
226.0 495.0 229.0 496.0
276.0 607.0 284.0 606.0
142.0 216.0 141.0 224.0
109.0 151.0 107.0 160.0
110.0 151.0 108.0 161.0
334.0 462.0 336.0 461.0
83.0 488.0 86.0 496.0
84.0 487.0 86.0 496.0
324.0 545.0 330.0 543.0
435.0 215.0 432.0 215.0
341.0 551.0 346.0 549.0
108.0 152.0 107.0 160.0
202.0 431.0 202.0 435.0
226.0 493.0 229.0 496.0
324.0 546.0 330.0 543.0
202.0 430.0 203.0 434.0
305.0 414.0 305.0 413.0
277.0 607.0 284.0 606.0
110.0 152.0 108.0 161.0
341.0 552.0 346.0 549.0
165.0 545.0 170.0 549.0
117.0 491.0 121.0 498.0
115.0 351.0 115.0 357.0
325.0 546.0 329.0 543.0
92.0 258.0 92.0 268.0
243.0 396.0 244.0 398.0
223.0 307.0 222.0 312.0
119.0 541.0 123.0 548.0
201.0 430.0 203.0 434.0
283.0 457.0 285.0 457.0
158.0 396.0 160.0 401.0
34.0 436.0 36.0 446.0
160.0 429.0 161.0 433.0
164.0 194.0 162.0 202.0
165.0 546.0 170.0 549.0
227.0 494.0 229.0 496.0
163.0 195.0 162.0 202.0
334.0 463.0 336.0 461.0
283.0 458.0 285.0 457.0
185.0 95.0 181.0 103.0
471.0 240.0 468.0 237.0
288.0 421.0 289.0 421.0
468.0 108.0 459.0 113.0
316.0 583.0 321.0 582.0
92.0 534.0 95.0 542.0
317.0 582.0 321.0 582.0
77.0 223.0 76.0 232.0
291.0 461.0 293.0 460.0
102.0 221.0 104.0 228.0
333.0 462.0 336.0 460.0
116.0 351.0 115.0 357.0
444.0 169.0 436.0 170.0
161.0 428.0 161.0 432.0
333.0 463.0 336.0 461.0
50.0 404.0 51.0 414.0
116.0 352.0 115.0 357.0
245.0 587.0 250.0 587.0
445.0 169.0 436.0 170.0
119.0 542.0 124.0 548.0
436.0 216.0 432.0 215.0
115.0 352.0 115.0 357.0
74.0 388.0 75.0 397.0
185.0 94.0 181.0 103.0
317.0 583.0 321.0 582.0
159.0 396.0 160.0 401.0
143.0 216.0 141.0 224.0
250.0 611.0 255.0 611.0
62.0 428.0 63.0 436.0
227.0 493.0 229.0 496.0
445.0 168.0 436.0 170.0
73.0 387.0 75.0 397.0
150.0 530.0 155.0 536.0
208.0 317.0 208.0 320.0
116.0 209.0 114.0 218.0
245.0 586.0 250.0 587.0
164.0 196.0 162.0 203.0
62.0 427.0 63.0 436.0
98.0 501.0 101.0 509.0
92.0 259.0 92.0 268.0
184.0 94.0 181.0 103.0
74.0 387.0 75.0 397.0
446.0 169.0 436.0 170.0
316.0 582.0 321.0 582.0
291.0 589.0 297.0 589.0
151.0 530.0 155.0 535.0
91.0 534.0 95.0 542.0
164.0 195.0 162.0 202.0
291.0 588.0 297.0 589.0
202.0 44.0 196.0 54.0
142.0 215.0 141.0 224.0
139.0 566.0 143.0 571.0
150.0 529.0 155.0 536.0
73.0 388.0 75.0 397.0
91.0 258.0 92.0 268.0
444.0 168.0 436.0 170.0
333.0 464.0 336.0 461.0
119.0 543.0 124.0 548.0
115.0 209.0 114.0 218.0
469.0 188.0 464.0 189.0
216.0 155.0 213.0 162.0
332.0 463.0 335.0 460.0
216.0 154.0 213.0 162.0
469.0 189.0 464.0 189.0
206.0 604.0 211.0 607.0
196.0 169.0 194.0 175.0
437.0 216.0 432.0 214.0
9.0 493.0 10.0 501.0
23.0 573.0 24.0 583.0
35.0 436.0 36.0 446.0
206.0 605.0 211.0 607.0
184.0 95.0 181.0 103.0
143.0 215.0 141.0 224.0
151.0 529.0 155.0 535.0
143.0 384.0 143.0 390.0
8.0 493.0 10.0 501.0
249.0 611.0 255.0 611.0
50.0 405.0 51.0 414.0
31.0 413.0 32.0 422.0
184.0 96.0 181.0 103.0
82.0 100.0 81.0 112.0
470.0 188.0 464.0 189.0
141.0 384.0 143.0 390.0
197.0 170.0 195.0 175.0
51.0 404.0 51.0 414.0
164.0 313.0 164.0 318.0
160.0 428.0 161.0 432.0
16.0 521.0 19.0 531.0
77.0 224.0 76.0 233.0
291.0 590.0 297.0 589.0
30.0 413.0 31.0 422.0
9.0 494.0 10.0 501.0
290.0 461.0 292.0 461.0
446.0 168.0 436.0 170.0
470.0 189.0 464.0 189.0
77.0 225.0 76.0 233.0
84.0 100.0 81.0 112.0
197.0 169.0 195.0 175.0
201.0 551.0 201.0 562.0
200.0 553.0 202.0 563.0
164.0 202.0 162.0 209.0
162.0 141.0 160.0 147.0
147.0 406.0 149.0 412.0
185.0 96.0 181.0 103.0
161.0 427.0 161.0 432.0
164.0 312.0 164.0 318.0
142.0 384.0 143.0 390.0
6.0 430.0 7.0 438.0
51.0 405.0 51.0 414.0
163.0 142.0 160.0 147.0
116.0 210.0 115.0 218.0
437.0 214.0 433.0 213.0
163.0 141.0 160.0 147.0
83.0 99.0 81.0 112.0
162.0 140.0 160.0 146.0
148.0 406.0 149.0 412.0
5.0 430.0 7.0 438.0
201.0 552.0 201.0 562.0
219.0 142.0 215.0 150.0
161.0 141.0 159.0 147.0
16.0 522.0 19.0 531.0
163.0 140.0 160.0 147.0
436.0 214.0 432.0 214.0
103.0 569.0 108.0 577.0
115.0 210.0 115.0 218.0
218.0 143.0 215.0 150.0
141.0 383.0 143.0 390.0
23.0 574.0 24.0 583.0
165.0 13.0 161.0 25.0
208.0 316.0 208.0 320.0
218.0 588.0 223.0 590.0
471.0 188.0 464.0 189.0
290.0 590.0 297.0 589.0
142.0 383.0 143.0 390.0
22.0 574.0 24.0 583.0
437.0 215.0 432.0 214.0
436.0 215.0 432.0 214.0
97.0 501.0 101.0 509.0
128.0 159.0 126.0 169.0
21.0 538.0 25.0 547.0
207.0 317.0 208.0 320.0
162.0 142.0 160.0 147.0
84.0 99.0 81.0 112.0
142.0 385.0 143.0 390.0
200.0 63.0 195.0 74.0
165.0 12.0 161.0 25.0
166.0 13.0 161.0 25.0
200.0 64.0 194.0 75.0
209.0 315.0 209.0 320.0
83.0 100.0 81.0 112.0
22.0 573.0 24.0 583.0
468.0 78.0 459.0 83.0
199.0 64.0 194.0 75.0
290.0 589.0 297.0 589.0
200.0 551.0 201.0 562.0
34.0 437.0 36.0 446.0
217.0 589.0 223.0 590.0
21.0 574.0 24.0 583.0
65.0 530.0 67.0 538.0
146.0 473.0 147.0 478.0
160.0 427.0 161.0 432.0
200.0 552.0 201.0 562.0
199.0 552.0 201.0 562.0
218.0 589.0 223.0 590.0
50.0 387.0 51.0 397.0
6.0 428.0 7.0 438.0
200.0 65.0 194.0 75.0
138.0 367.0 139.0 373.0
469.0 78.0 459.0 83.0
6.0 429.0 7.0 438.0
199.0 63.0 194.0 75.0
22.0 389.0 23.0 398.0
115.0 602.0 120.0 609.0
5.0 429.0 7.0 438.0
22.0 575.0 24.0 583.0
468.0 77.0 459.0 83.0
207.0 316.0 208.0 320.0
23.0 389.0 23.0 398.0
85.0 351.0 84.0 357.0
209.0 316.0 209.0 320.0
217.0 588.0 222.0 590.0
121.0 367.0 122.0 373.0
50.0 388.0 51.0 397.0
166.0 12.0 161.0 25.0
35.0 437.0 36.0 446.0
115.0 603.0 120.0 609.0
219.0 143.0 215.0 150.0
128.0 160.0 126.0 169.0
22.0 388.0 23.0 397.0
127.0 159.0 126.0 169.0
469.0 77.0 459.0 83.0
138.0 366.0 139.0 373.0
120.0 368.0 121.0 373.0
84.0 351.0 84.0 357.0
218.0 587.0 223.0 590.0
116.0 603.0 120.0 609.0
121.0 368.0 122.0 373.0
448.0 62.0 438.0 69.0
120.0 367.0 122.0 373.0
96.0 421.0 97.0 430.0
446.0 63.0 438.0 69.0
217.0 587.0 222.0 590.0
115.0 601.0 120.0 609.0
50.0 389.0 51.0 397.0
452.0 33.0 441.0 42.0
153.0 107.0 143.0 117.0
116.0 602.0 120.0 609.0
51.0 388.0 51.0 397.0
447.0 62.0 438.0 69.0
96.0 422.0 97.0 430.0
152.0 107.0 143.0 117.0
116.0 601.0 120.0 609.0
139.0 366.0 139.0 373.0
447.0 63.0 438.0 69.0
139.0 367.0 139.0 373.0
452.0 34.0 441.0 42.0
448.0 61.0 438.0 69.0
190.0 31.0 184.0 42.0
112.0 588.0 117.0 594.0
451.0 34.0 441.0 42.0
89.0 369.0 90.0 377.0
117.0 602.0 120.0 609.0
203.0 408.0 202.0 417.0
203.0 407.0 202.0 417.0
447.0 61.0 438.0 69.0
446.0 62.0 438.0 69.0
130.0 462.0 133.0 467.0
9.0 613.0 12.0 623.0
9.0 612.0 12.0 623.0
446.0 61.0 438.0 69.0
131.0 462.0 133.0 467.0
42.0 60.0 41.0 64.0
175.0 590.0 181.0 594.0
189.0 32.0 184.0 42.0
131.0 461.0 133.0 467.0
188.0 32.0 184.0 42.0
189.0 31.0 184.0 42.0
76.0 43.0 73.0 56.0
8.0 612.0 12.0 623.0
8.0 611.0 12.0 623.0
176.0 589.0 181.0 594.0
175.0 589.0 180.0 593.0
174.0 589.0 180.0 593.0
77.0 43.0 73.0 56.0
76.0 42.0 73.0 56.0
42.0 61.0 41.0 64.0
77.0 42.0 73.0 56.0
130.0 461.0 133.0 467.0
112.0 587.0 117.0 594.0
8.0 613.0 12.0 623.0
51.0 124.0 58.0 129.0
175.0 588.0 180.0 593.0
129.0 461.0 133.0 467.0
119.0 414.0 123.0 415.0
51.0 123.0 58.0 129.0
326.0 441.0 337.0 433.0
169.0 521.0 178.0 521.0
119.0 415.0 123.0 415.0
118.0 415.0 123.0 415.0
50.0 124.0 58.0 129.0
206.0 17.0 209.0 26.0
169.0 522.0 178.0 521.0
228.0 14.0 210.0 25.0
168.0 521.0 178.0 521.0
229.0 13.0 210.0 25.0
205.0 17.0 209.0 26.0
154.0 331.0 163.0 318.0
153.0 331.0 163.0 318.0
229.0 14.0 210.0 25.0
32.0 628.0 13.0 623.0
31.0 628.0 13.0 623.0
97.0 605.0 88.0 608.0
