352.0 612.0 350.0 609.0
353.0 613.0 350.0 609.0
353.0 614.0 350.0 609.0
352.0 613.0 350.0 609.0
402.0 514.0 399.0 511.0
162.0 156.0 150.0 156.0
353.0 615.0 350.0 609.0
353.0 612.0 350.0 609.0
398.0 298.0 388.0 298.0
403.0 514.0 399.0 512.0
397.0 299.0 388.0 298.0
352.0 614.0 350.0 609.0
278.0 85.0 267.0 90.0
398.0 299.0 388.0 298.0
127.0 334.0 117.0 331.0
352.0 615.0 350.0 609.0
127.0 335.0 117.0 331.0
279.0 86.0 267.0 90.0
107.0 627.0 98.0 629.0
162.0 155.0 150.0 156.0
107.0 628.0 98.0 629.0
107.0 629.0 98.0 629.0
277.0 86.0 267.0 90.0
128.0 335.0 117.0 331.0
278.0 86.0 267.0 90.0
164.0 379.0 156.0 374.0
163.0 157.0 150.0 156.0
106.0 628.0 98.0 629.0
277.0 85.0 267.0 90.0
278.0 87.0 267.0 90.0
163.0 156.0 150.0 156.0
165.0 380.0 157.0 375.0
323.0 191.0 310.0 193.0
414.0 67.0 400.0 69.0
426.0 627.0 422.0 625.0
127.0 336.0 117.0 331.0
128.0 334.0 117.0 331.0
338.0 318.0 331.0 318.0
338.0 317.0 331.0 318.0
342.0 424.0 336.0 424.0
106.0 627.0 98.0 629.0
161.0 156.0 150.0 156.0
126.0 334.0 117.0 331.0
162.0 157.0 150.0 156.0
164.0 380.0 156.0 374.0
324.0 402.0 318.0 401.0
324.0 403.0 318.0 401.0
339.0 318.0 331.0 318.0
165.0 379.0 157.0 375.0
271.0 239.0 262.0 242.0
323.0 402.0 317.0 401.0
412.0 555.0 408.0 553.0
325.0 402.0 318.0 401.0
412.0 554.0 408.0 553.0
413.0 67.0 400.0 69.0
272.0 240.0 262.0 242.0
342.0 425.0 336.0 424.0
341.0 425.0 335.0 425.0
324.0 401.0 318.0 401.0
324.0 190.0 310.0 193.0
86.0 495.0 76.0 495.0
272.0 238.0 262.0 241.0
414.0 66.0 400.0 69.0
339.0 317.0 331.0 318.0
324.0 191.0 310.0 193.0
342.0 398.0 335.0 396.0
427.0 627.0 422.0 625.0
341.0 398.0 335.0 397.0
272.0 239.0 262.0 242.0
282.0 437.0 274.0 435.0
373.0 145.0 364.0 143.0
151.0 623.0 145.0 622.0
402.0 617.0 398.0 615.0
99.0 186.0 90.0 185.0
342.0 399.0 335.0 396.0
271.0 238.0 262.0 241.0
86.0 496.0 76.0 495.0
242.0 104.0 231.0 111.0
325.0 191.0 310.0 193.0
325.0 401.0 318.0 401.0
282.0 436.0 274.0 435.0
126.0 335.0 117.0 331.0
283.0 437.0 274.0 435.0
343.0 425.0 336.0 424.0
287.0 167.0 277.0 169.0
323.0 401.0 317.0 401.0
200.0 61.0 189.0 67.0
415.0 22.0 402.0 24.0
99.0 185.0 89.0 185.0
288.0 167.0 277.0 169.0
413.0 66.0 400.0 69.0
76.0 579.0 67.0 581.0
229.0 262.0 213.0 261.0
199.0 62.0 189.0 67.0
92.0 453.0 80.0 453.0
401.0 617.0 398.0 615.0
199.0 61.0 189.0 67.0
242.0 105.0 230.0 111.0
343.0 399.0 335.0 398.0
445.0 434.0 439.0 430.0
213.0 256.0 206.0 257.0
42.0 144.0 32.0 146.0
275.0 211.0 266.0 211.0
402.0 618.0 398.0 615.0
271.0 240.0 262.0 242.0
403.0 617.0 398.0 615.0
263.0 266.0 254.0 267.0
100.0 185.0 90.0 185.0
413.0 555.0 408.0 553.0
264.0 266.0 254.0 267.0
214.0 257.0 206.0 257.0
343.0 398.0 337.0 397.0
200.0 629.0 193.0 623.0
274.0 210.0 266.0 211.0
33.0 162.0 22.0 162.0
270.0 239.0 262.0 242.0
87.0 496.0 76.0 495.0
342.0 397.0 335.0 396.0
152.0 623.0 145.0 622.0
91.0 454.0 80.0 453.0
343.0 397.0 337.0 397.0
87.0 495.0 76.0 495.0
75.0 580.0 67.0 581.0
274.0 211.0 266.0 211.0
446.0 432.0 439.0 430.0
273.0 210.0 266.0 211.0
445.0 432.0 439.0 430.0
215.0 256.0 206.0 257.0
243.0 105.0 231.0 111.0
92.0 454.0 80.0 453.0
264.0 579.0 257.0 572.0
270.0 240.0 262.0 242.0
33.0 161.0 22.0 162.0
215.0 257.0 206.0 257.0
281.0 436.0 274.0 435.0
94.0 610.0 84.0 611.0
199.0 629.0 193.0 623.0
201.0 629.0 193.0 623.0
93.0 609.0 84.0 611.0
444.0 433.0 439.0 430.0
91.0 453.0 80.0 453.0
445.0 433.0 439.0 430.0
75.0 579.0 67.0 581.0
264.0 580.0 257.0 572.0
100.0 186.0 90.0 185.0
271.0 241.0 262.0 242.0
76.0 580.0 67.0 581.0
171.0 611.0 164.0 609.0
395.0 498.0 399.0 511.0
213.0 257.0 206.0 257.0
395.0 496.0 399.0 511.0
117.0 297.0 107.0 294.0
94.0 609.0 84.0 611.0
214.0 256.0 206.0 257.0
42.0 143.0 32.0 145.0
102.0 589.0 93.0 589.0
38.0 606.0 30.0 608.0
101.0 589.0 93.0 589.0
273.0 211.0 266.0 211.0
151.0 622.0 145.0 622.0
89.0 386.0 79.0 385.0
93.0 608.0 84.0 611.0
446.0 433.0 439.0 430.0
38.0 607.0 30.0 608.0
264.0 581.0 257.0 572.0
143.0 588.0 139.0 587.0
39.0 606.0 30.0 608.0
97.0 429.0 88.0 427.0
394.0 498.0 399.0 511.0
28.0 411.0 21.0 413.0
102.0 590.0 93.0 589.0
102.0 498.0 94.0 497.0
263.0 580.0 257.0 572.0
170.0 612.0 164.0 609.0
96.0 428.0 88.0 427.0
86.0 520.0 76.0 519.0
171.0 612.0 164.0 609.0
97.0 428.0 88.0 427.0
101.0 186.0 90.0 185.0
55.0 549.0 46.0 552.0
39.0 607.0 30.0 608.0
97.0 427.0 87.0 426.0
60.0 458.0 51.0 459.0
85.0 520.0 76.0 521.0
142.0 588.0 139.0 587.0
152.0 622.0 145.0 622.0
243.0 104.0 231.0 111.0
395.0 497.0 399.0 511.0
85.0 519.0 76.0 519.0
29.0 411.0 21.0 413.0
28.0 412.0 21.0 413.0
30.0 412.0 21.0 413.0
393.0 497.0 399.0 511.0
56.0 549.0 47.0 551.0
151.0 621.0 145.0 622.0
56.0 550.0 47.0 551.0
30.0 411.0 21.0 413.0
101.0 588.0 93.0 589.0
96.0 427.0 87.0 426.0
446.0 434.0 439.0 430.0
86.0 259.0 76.0 258.0
192.0 20.0 181.0 26.0
191.0 19.0 181.0 26.0
101.0 185.0 90.0 185.0
95.0 609.0 84.0 610.0
101.0 498.0 94.0 497.0
94.0 608.0 84.0 610.0
97.0 426.0 87.0 426.0
29.0 412.0 21.0 413.0
85.0 521.0 76.0 521.0
86.0 519.0 76.0 519.0
87.0 259.0 76.0 258.0
100.0 184.0 89.0 185.0
57.0 550.0 47.0 551.0
88.0 386.0 79.0 384.0
192.0 19.0 181.0 26.0
193.0 19.0 181.0 26.0
86.0 521.0 76.0 519.0
96.0 426.0 87.0 426.0
122.0 356.0 111.0 353.0
200.0 630.0 193.0 623.0
87.0 258.0 76.0 258.0
15.0 594.0 6.0 597.0
55.0 550.0 46.0 552.0
171.0 613.0 164.0 609.0
394.0 497.0 399.0 511.0
89.0 259.0 76.0 258.0
49.0 491.0 39.0 492.0
193.0 20.0 181.0 26.0
394.0 496.0 399.0 511.0
235.0 571.0 229.0 565.0
49.0 490.0 38.0 492.0
102.0 588.0 93.0 589.0
236.0 572.0 229.0 565.0
122.0 357.0 112.0 354.0
88.0 259.0 76.0 258.0
56.0 551.0 47.0 551.0
103.0 589.0 93.0 589.0
237.0 572.0 230.0 565.0
393.0 496.0 399.0 511.0
113.0 566.0 106.0 565.0
88.0 258.0 76.0 258.0
39.0 474.0 29.0 476.0
101.0 499.0 94.0 497.0
468.0 380.0 462.0 376.0
79.0 463.0 69.0 465.0
88.0 260.0 76.0 258.0
38.0 476.0 29.0 477.0
91.0 554.0 82.0 552.0
102.0 587.0 93.0 589.0
16.0 595.0 6.0 597.0
87.0 260.0 76.0 258.0
106.0 541.0 99.0 541.0
236.0 571.0 230.0 565.0
38.0 475.0 29.0 476.0
55.0 551.0 46.0 552.0
78.0 463.0 69.0 465.0
103.0 588.0 93.0 589.0
469.0 380.0 462.0 376.0
395.0 561.0 383.0 568.0
95.0 427.0 87.0 426.0
39.0 475.0 29.0 476.0
237.0 571.0 230.0 565.0
111.0 207.0 107.0 207.0
106.0 540.0 99.0 541.0
95.0 426.0 87.0 426.0
50.0 490.0 39.0 492.0
470.0 381.0 462.0 376.0
88.0 547.0 82.0 553.0
77.0 463.0 69.0 465.0
50.0 491.0 39.0 492.0
105.0 539.0 99.0 541.0
121.0 357.0 112.0 354.0
470.0 380.0 462.0 376.0
118.0 319.0 106.0 315.0
105.0 540.0 99.0 541.0
314.0 79.0 291.0 94.0
39.0 476.0 29.0 477.0
105.0 541.0 99.0 541.0
366.0 31.0 367.0 34.0
110.0 207.0 107.0 207.0
314.0 78.0 291.0 94.0
51.0 491.0 39.0 492.0
104.0 540.0 99.0 541.0
430.0 256.0 421.0 255.0
315.0 78.0 291.0 94.0
431.0 256.0 421.0 255.0
59.0 381.0 47.0 381.0
14.0 101.0 10.0 114.0
366.0 30.0 367.0 34.0
51.0 490.0 39.0 492.0
58.0 380.0 47.0 381.0
13.0 102.0 9.0 114.0
109.0 207.0 107.0 207.0
58.0 381.0 47.0 381.0
32.0 131.0 16.0 137.0
31.0 131.0 16.0 137.0
14.0 102.0 10.0 114.0
57.0 380.0 47.0 381.0
76.0 463.0 69.0 465.0
15.0 101.0 10.0 114.0
57.0 381.0 47.0 381.0
56.0 381.0 47.0 381.0
32.0 130.0 16.0 137.0
58.0 382.0 47.0 381.0
339.0 133.0 291.0 95.0
53.0 459.0 51.0 458.0
338.0 133.0 291.0 95.0
215.0 620.0 193.0 623.0
33.0 130.0 16.0 137.0
216.0 620.0 193.0 623.0
57.0 382.0 47.0 381.0
337.0 211.0 310.0 193.0
217.0 620.0 193.0 623.0
347.0 241.0 321.0 234.0
215.0 619.0 193.0 623.0
407.0 115.0 365.0 144.0
407.0 114.0 365.0 144.0
216.0 619.0 193.0 623.0
408.0 114.0 365.0 144.0
217.0 619.0 193.0 623.0
408.0 115.0 365.0 144.0
10.0 622.0 6.0 597.0
9.0 622.0 6.0 597.0
109.0 610.0 98.0 629.0
108.0 567.0 105.0 566.0
163.0 24.0 231.0 44.0
9.0 623.0 6.0 597.0
110.0 611.0 98.0 629.0
110.0 610.0 98.0 629.0
