273.0 340.0 275.0 356.0
262.0 409.0 261.0 423.0
247.0 300.0 248.0 314.0
426.0 421.0 425.0 444.0
247.0 299.0 247.0 314.0
364.0 418.0 363.0 438.0
246.0 300.0 248.0 314.0
246.0 299.0 247.0 314.0
179.0 357.0 180.0 370.0
236.0 523.0 234.0 536.0
362.0 417.0 362.0 437.0
244.0 330.0 246.0 344.0
363.0 418.0 362.0 437.0
274.0 341.0 275.0 356.0
121.0 455.0 122.0 469.0
236.0 522.0 234.0 536.0
245.0 330.0 246.0 344.0
236.0 524.0 234.0 536.0
261.0 410.0 260.0 423.0
425.0 422.0 425.0 444.0
456.0 354.0 456.0 377.0
362.0 418.0 362.0 437.0
456.0 353.0 456.0 377.0
237.0 524.0 234.0 536.0
237.0 523.0 234.0 536.0
363.0 417.0 362.0 437.0
246.0 331.0 247.0 345.0
433.0 542.0 428.0 562.0
262.0 410.0 260.0 423.0
421.0 422.0 420.0 443.0
426.0 422.0 425.0 444.0
260.0 410.0 260.0 423.0
432.0 541.0 428.0 561.0
190.0 308.0 191.0 321.0
457.0 353.0 456.0 377.0
189.0 308.0 191.0 321.0
159.0 423.0 159.0 437.0
158.0 423.0 159.0 437.0
457.0 354.0 456.0 377.0
261.0 411.0 260.0 423.0
273.0 341.0 275.0 356.0
244.0 331.0 246.0 344.0
363.0 419.0 363.0 438.0
457.0 355.0 456.0 377.0
274.0 342.0 275.0 357.0
246.0 298.0 247.0 314.0
179.0 358.0 180.0 370.0
246.0 301.0 247.0 314.0
402.0 383.0 402.0 405.0
261.0 409.0 261.0 423.0
433.0 541.0 428.0 560.0
180.0 358.0 180.0 370.0
122.0 455.0 122.0 469.0
179.0 359.0 180.0 370.0
147.0 384.0 149.0 398.0
396.0 455.0 395.0 478.0
380.0 563.0 373.0 581.0
190.0 309.0 191.0 321.0
159.0 422.0 159.0 437.0
153.0 259.0 156.0 271.0
148.0 385.0 148.0 398.0
147.0 385.0 148.0 398.0
273.0 342.0 275.0 357.0
224.0 413.0 223.0 426.0
190.0 310.0 191.0 322.0
188.0 418.0 189.0 432.0
178.0 358.0 180.0 370.0
283.0 471.0 282.0 487.0
260.0 409.0 260.0 423.0
245.0 332.0 247.0 346.0
122.0 456.0 122.0 469.0
380.0 562.0 373.0 581.0
260.0 408.0 260.0 423.0
245.0 331.0 247.0 345.0
178.0 359.0 180.0 370.0
158.0 422.0 159.0 437.0
261.0 408.0 261.0 423.0
53.0 138.0 59.0 144.0
284.0 471.0 282.0 487.0
148.0 384.0 149.0 398.0
396.0 454.0 395.0 478.0
148.0 386.0 148.0 398.0
149.0 385.0 149.0 398.0
182.0 291.0 188.0 304.0
402.0 382.0 402.0 405.0
432.0 540.0 428.0 560.0
283.0 470.0 282.0 487.0
283.0 472.0 281.0 488.0
427.0 421.0 426.0 444.0
158.0 421.0 159.0 437.0
268.0 297.0 270.0 314.0
284.0 472.0 282.0 487.0
183.0 291.0 188.0 304.0
427.0 422.0 426.0 444.0
160.0 422.0 159.0 437.0
189.0 309.0 191.0 321.0
183.0 290.0 188.0 304.0
153.0 260.0 156.0 271.0
105.0 514.0 101.0 524.0
421.0 423.0 420.0 443.0
199.0 377.0 200.0 388.0
433.0 540.0 428.0 560.0
109.0 184.0 115.0 194.0
159.0 421.0 159.0 437.0
268.0 298.0 270.0 314.0
262.0 210.0 266.0 225.0
94.0 559.0 91.0 567.0
239.0 228.0 243.0 243.0
284.0 470.0 282.0 487.0
92.0 360.0 94.0 368.0
14.0 619.0 10.0 623.0
15.0 619.0 11.0 623.0
24.0 319.0 25.0 323.0
240.0 228.0 243.0 243.0
15.0 620.0 10.0 623.0
177.0 561.0 174.0 573.0
22.0 319.0 25.0 322.0
110.0 185.0 115.0 193.0
200.0 377.0 200.0 388.0
3.0 372.0 8.0 378.0
54.0 139.0 59.0 144.0
110.0 184.0 115.0 193.0
23.0 319.0 25.0 323.0
23.0 227.0 27.0 231.0
110.0 183.0 115.0 193.0
39.0 326.0 41.0 332.0
246.0 18.0 256.0 34.0
154.0 260.0 157.0 271.0
262.0 207.0 266.0 224.0
191.0 309.0 191.0 321.0
35.0 404.0 34.0 411.0
224.0 414.0 223.0 426.0
35.0 403.0 34.0 411.0
275.0 365.0 275.0 380.0
93.0 360.0 94.0 368.0
261.0 207.0 266.0 224.0
23.0 320.0 26.0 322.0
197.0 322.0 199.0 336.0
262.0 208.0 266.0 224.0
434.0 541.0 428.0 560.0
95.0 560.0 91.0 567.0
199.0 376.0 200.0 388.0
262.0 209.0 266.0 225.0
214.0 522.0 212.0 535.0
215.0 522.0 212.0 535.0
238.0 228.0 243.0 243.0
47.0 238.0 49.0 244.0
15.0 618.0 11.0 623.0
49.0 364.0 50.0 370.0
23.0 318.0 25.0 322.0
46.0 238.0 49.0 244.0
24.0 318.0 26.0 322.0
197.0 323.0 199.0 336.0
154.0 261.0 157.0 271.0
29.0 462.0 26.0 469.0
95.0 558.0 91.0 567.0
95.0 559.0 91.0 567.0
26.0 291.0 28.0 293.0
48.0 363.0 50.0 370.0
54.0 274.0 58.0 279.0
298.0 115.0 304.0 135.0
215.0 523.0 212.0 535.0
263.0 209.0 266.0 225.0
42.0 321.0 42.0 331.0
247.0 19.0 256.0 34.0
233.0 73.0 239.0 87.0
153.0 261.0 156.0 271.0
25.0 290.0 28.0 293.0
50.0 364.0 51.0 370.0
46.0 239.0 49.0 244.0
67.0 230.0 73.0 237.0
111.0 184.0 115.0 193.0
263.0 210.0 266.0 225.0
55.0 273.0 58.0 279.0
25.0 291.0 27.0 294.0
39.0 327.0 41.0 332.0
29.0 461.0 26.0 469.0
199.0 375.0 200.0 388.0
165.0 382.0 167.0 395.0
54.0 273.0 58.0 279.0
34.0 403.0 34.0 411.0
263.0 208.0 266.0 224.0
276.0 365.0 276.0 380.0
91.0 360.0 94.0 368.0
19.0 560.0 20.0 563.0
19.0 561.0 20.0 563.0
111.0 185.0 115.0 193.0
438.0 470.0 435.0 494.0
247.0 18.0 256.0 34.0
238.0 227.0 243.0 242.0
68.0 229.0 72.0 236.0
38.0 327.0 41.0 332.0
25.0 292.0 27.0 295.0
178.0 562.0 174.0 573.0
165.0 381.0 167.0 394.0
47.0 239.0 49.0 244.0
24.0 227.0 27.0 231.0
45.0 239.0 49.0 244.0
111.0 183.0 115.0 193.0
298.0 114.0 304.0 135.0
68.0 230.0 73.0 237.0
92.0 302.0 96.0 312.0
49.0 363.0 50.0 370.0
166.0 380.0 167.0 392.0
437.0 470.0 435.0 494.0
237.0 228.0 243.0 242.0
14.0 206.0 17.0 209.0
166.0 381.0 167.0 394.0
24.0 228.0 27.0 231.0
178.0 560.0 174.0 573.0
166.0 382.0 167.0 394.0
87.0 510.0 84.0 517.0
23.0 228.0 27.0 231.0
178.0 561.0 174.0 573.0
45.0 238.0 49.0 244.0
93.0 302.0 96.0 312.0
36.0 171.0 41.0 175.0
93.0 303.0 96.0 314.0
150.0 34.0 159.0 45.0
48.0 239.0 50.0 244.0
173.0 126.0 180.0 138.0
68.0 231.0 73.0 237.0
167.0 381.0 167.0 394.0
437.0 471.0 435.0 494.0
4.0 381.0 6.0 389.0
96.0 559.0 91.0 567.0
178.0 326.0 180.0 338.0
165.0 380.0 167.0 393.0
85.0 510.0 84.0 517.0
93.0 301.0 96.0 312.0
39.0 146.0 45.0 151.0
200.0 375.0 200.0 388.0
246.0 17.0 256.0 34.0
151.0 34.0 159.0 45.0
86.0 510.0 84.0 517.0
4.0 380.0 6.0 389.0
426.0 439.0 424.0 461.0
41.0 378.0 43.0 384.0
85.0 511.0 83.0 518.0
42.0 320.0 42.0 331.0
86.0 511.0 83.0 518.0
69.0 230.0 72.0 236.0
26.0 292.0 28.0 293.0
5.0 380.0 6.0 389.0
167.0 382.0 167.0 394.0
297.0 114.0 304.0 135.0
200.0 376.0 200.0 388.0
232.0 72.0 239.0 87.0
36.0 170.0 41.0 175.0
41.0 377.0 43.0 384.0
86.0 512.0 83.0 518.0
232.0 74.0 239.0 87.0
35.0 172.0 41.0 175.0
13.0 205.0 17.0 209.0
151.0 33.0 159.0 45.0
4.0 379.0 6.0 389.0
87.0 512.0 84.0 518.0
77.0 107.0 84.0 115.0
173.0 127.0 180.0 138.0
69.0 231.0 73.0 237.0
112.0 296.0 115.0 308.0
75.0 86.0 83.0 94.0
35.0 171.0 41.0 175.0
153.0 288.0 154.0 298.0
410.0 548.0 406.0 567.0
410.0 549.0 406.0 567.0
87.0 511.0 83.0 518.0
74.0 86.0 83.0 93.0
252.0 166.0 257.0 180.0
253.0 166.0 257.0 180.0
411.0 549.0 406.0 567.0
411.0 548.0 406.0 567.0
38.0 146.0 45.0 151.0
92.0 301.0 96.0 312.0
177.0 326.0 180.0 339.0
231.0 72.0 239.0 87.0
232.0 73.0 239.0 87.0
34.0 171.0 41.0 175.0
425.0 440.0 424.0 461.0
231.0 74.0 239.0 87.0
56.0 378.0 58.0 386.0
152.0 287.0 154.0 298.0
12.0 205.0 17.0 209.0
66.0 45.0 75.0 48.0
25.0 273.0 28.0 278.0
35.0 170.0 41.0 175.0
425.0 439.0 424.0 461.0
152.0 286.0 154.0 297.0
13.0 206.0 17.0 209.0
42.0 377.0 43.0 384.0
177.0 327.0 180.0 339.0
150.0 33.0 159.0 45.0
111.0 259.0 114.0 268.0
46.0 443.0 45.0 451.0
12.0 206.0 17.0 209.0
66.0 44.0 75.0 48.0
56.0 422.0 56.0 430.0
88.0 534.0 85.0 543.0
36.0 216.0 41.0 220.0
153.0 286.0 154.0 297.0
251.0 166.0 256.0 181.0
45.0 443.0 45.0 451.0
42.0 319.0 42.0 331.0
253.0 167.0 257.0 180.0
111.0 296.0 115.0 308.0
57.0 379.0 58.0 386.0
37.0 217.0 41.0 221.0
36.0 217.0 41.0 221.0
75.0 87.0 83.0 94.0
35.0 217.0 41.0 221.0
153.0 287.0 154.0 298.0
152.0 285.0 154.0 297.0
77.0 307.0 77.0 310.0
75.0 484.0 74.0 495.0
88.0 394.0 90.0 404.0
89.0 393.0 90.0 404.0
252.0 167.0 257.0 180.0
36.0 218.0 41.0 221.0
93.0 488.0 92.0 499.0
92.0 488.0 92.0 499.0
42.0 378.0 43.0 384.0
231.0 73.0 239.0 87.0
281.0 101.0 290.0 122.0
77.0 308.0 77.0 310.0
67.0 44.0 75.0 48.0
109.0 397.0 110.0 411.0
73.0 440.0 74.0 450.0
74.0 485.0 74.0 495.0
39.0 147.0 44.0 152.0
74.0 87.0 83.0 94.0
87.0 535.0 85.0 543.0
52.0 207.0 55.0 208.0
108.0 397.0 110.0 411.0
88.0 535.0 85.0 543.0
25.0 272.0 28.0 278.0
46.0 442.0 45.0 451.0
38.0 147.0 44.0 152.0
89.0 392.0 90.0 404.0
67.0 45.0 75.0 48.0
74.0 484.0 74.0 495.0
26.0 124.0 34.0 129.0
48.0 200.0 54.0 206.0
75.0 485.0 74.0 495.0
311.0 131.0 318.0 151.0
98.0 240.0 102.0 251.0
93.0 487.0 92.0 499.0
55.0 158.0 60.0 172.0
312.0 131.0 318.0 151.0
75.0 486.0 74.0 496.0
97.0 239.0 101.0 250.0
251.0 167.0 257.0 180.0
24.0 273.0 28.0 278.0
92.0 487.0 92.0 499.0
108.0 288.0 110.0 298.0
111.0 260.0 114.0 268.0
48.0 199.0 54.0 206.0
97.0 240.0 102.0 251.0
95.0 240.0 101.0 250.0
72.0 440.0 74.0 450.0
57.0 378.0 58.0 386.0
108.0 289.0 110.0 298.0
19.0 409.0 17.0 416.0
25.0 157.0 32.0 162.0
96.0 240.0 101.0 250.0
312.0 132.0 318.0 151.0
98.0 239.0 102.0 251.0
311.0 132.0 318.0 152.0
67.0 392.0 69.0 401.0
96.0 239.0 101.0 250.0
56.0 158.0 60.0 172.0
131.0 255.0 134.0 265.0
108.0 398.0 110.0 411.0
109.0 398.0 110.0 411.0
88.0 393.0 90.0 404.0
107.0 397.0 110.0 411.0
53.0 207.0 55.0 208.0
131.0 254.0 135.0 263.0
107.0 288.0 110.0 298.0
88.0 392.0 90.0 404.0
73.0 439.0 75.0 449.0
72.0 439.0 74.0 450.0
26.0 157.0 32.0 162.0
131.0 299.0 135.0 313.0
129.0 253.0 134.0 263.0
88.0 391.0 90.0 404.0
130.0 255.0 134.0 263.0
110.0 260.0 114.0 268.0
12.0 431.0 11.0 432.0
130.0 254.0 134.0 263.0
107.0 289.0 110.0 298.0
130.0 299.0 135.0 313.0
7.0 587.0 18.0 587.0
129.0 254.0 134.0 263.0
52.0 208.0 55.0 208.0
130.0 253.0 134.0 263.0
11.0 432.0 11.0 432.0
13.0 431.0 11.0 432.0
107.0 398.0 110.0 411.0
130.0 298.0 135.0 313.0
51.0 549.0 48.0 555.0
53.0 208.0 55.0 208.0
13.0 432.0 11.0 432.0
52.0 549.0 48.0 555.0
12.0 432.0 11.0 432.0
52.0 550.0 48.0 555.0
414.0 476.0 412.0 488.0
9.0 174.0 8.0 185.0
81.0 566.0 91.0 567.0
80.0 567.0 91.0 568.0
196.0 431.0 178.0 447.0
196.0 430.0 178.0 447.0
12.0 433.0 11.0 432.0
13.0 433.0 11.0 432.0
178.0 626.0 221.0 627.0
439.0 484.0 436.0 495.0
438.0 484.0 436.0 495.0
65.0 546.0 48.0 555.0
89.0 183.0 87.0 200.0
315.0 140.0 318.0 152.0
