205.0 241.0 190.0 234.0
223.0 177.0 208.0 171.0
223.0 178.0 208.0 171.0
220.0 573.0 204.0 561.0
225.0 178.0 209.0 171.0
293.0 60.0 277.0 58.0
224.0 178.0 208.0 171.0
171.0 234.0 154.0 228.0
251.0 48.0 236.0 45.0
204.0 242.0 190.0 234.0
84.0 225.0 69.0 221.0
170.0 234.0 154.0 227.0
292.0 60.0 277.0 58.0
250.0 48.0 235.0 45.0
160.0 127.0 143.0 122.0
272.0 479.0 256.0 466.0
250.0 49.0 235.0 45.0
292.0 61.0 277.0 58.0
251.0 49.0 236.0 45.0
171.0 235.0 155.0 228.0
293.0 61.0 277.0 58.0
224.0 177.0 209.0 171.0
204.0 241.0 189.0 234.0
272.0 478.0 256.0 466.0
161.0 126.0 144.0 122.0
205.0 242.0 190.0 234.0
249.0 48.0 235.0 45.0
172.0 234.0 155.0 228.0
87.0 197.0 73.0 191.0
161.0 252.0 145.0 245.0
224.0 179.0 208.0 171.0
203.0 241.0 188.0 234.0
74.0 176.0 57.0 171.0
351.0 202.0 333.0 192.0
223.0 179.0 208.0 171.0
172.0 235.0 155.0 228.0
225.0 179.0 209.0 171.0
250.0 47.0 236.0 45.0
131.0 111.0 116.0 107.0
251.0 557.0 234.0 544.0
106.0 137.0 90.0 131.0
273.0 479.0 256.0 466.0
160.0 126.0 143.0 121.0
105.0 137.0 89.0 131.0
386.0 288.0 367.0 275.0
161.0 128.0 143.0 122.0
229.0 317.0 213.0 307.0
86.0 197.0 73.0 191.0
161.0 127.0 143.0 122.0
225.0 371.0 209.0 363.0
162.0 580.0 146.0 569.0
232.0 585.0 216.0 573.0
132.0 111.0 116.0 107.0
181.0 314.0 166.0 305.0
292.0 111.0 276.0 104.0
225.0 180.0 210.0 172.0
162.0 581.0 146.0 569.0
231.0 585.0 216.0 573.0
220.0 572.0 204.0 561.0
272.0 480.0 256.0 466.0
250.0 557.0 234.0 544.0
64.0 200.0 50.0 194.0
387.0 289.0 367.0 275.0
131.0 112.0 116.0 107.0
282.0 99.0 268.0 95.0
107.0 137.0 90.0 131.0
230.0 317.0 213.0 307.0
162.0 127.0 144.0 122.0
65.0 200.0 50.0 194.0
352.0 203.0 333.0 192.0
219.0 572.0 204.0 561.0
115.0 214.0 98.0 210.0
274.0 480.0 256.0 466.0
132.0 112.0 116.0 107.0
252.0 557.0 234.0 544.0
181.0 313.0 165.0 304.0
293.0 111.0 276.0 104.0
225.0 372.0 209.0 363.0
88.0 165.0 73.0 161.0
273.0 480.0 256.0 466.0
133.0 112.0 116.0 107.0
131.0 113.0 116.0 107.0
161.0 581.0 146.0 569.0
115.0 215.0 98.0 210.0
162.0 126.0 144.0 122.0
249.0 557.0 233.0 544.0
283.0 100.0 268.0 95.0
250.0 558.0 235.0 545.0
162.0 128.0 144.0 122.0
224.0 180.0 207.0 173.0
65.0 199.0 50.0 194.0
66.0 302.0 51.0 298.0
161.0 580.0 146.0 569.0
106.0 136.0 90.0 131.0
237.0 432.0 221.0 420.0
115.0 216.0 99.0 210.0
75.0 177.0 57.0 171.0
251.0 558.0 235.0 545.0
182.0 314.0 166.0 305.0
132.0 113.0 116.0 107.0
387.0 288.0 367.0 275.0
114.0 215.0 98.0 210.0
65.0 198.0 50.0 194.0
283.0 101.0 268.0 95.0
253.0 433.0 237.0 421.0
94.0 261.0 79.0 257.0
282.0 100.0 268.0 95.0
82.0 142.0 66.0 138.0
232.0 584.0 217.0 573.0
415.0 486.0 396.0 468.0
273.0 481.0 256.0 466.0
237.0 431.0 221.0 420.0
417.0 486.0 396.0 468.0
116.0 214.0 98.0 210.0
259.0 577.0 242.0 564.0
294.0 112.0 276.0 104.0
416.0 485.0 396.0 468.0
73.0 283.0 58.0 279.0
95.0 261.0 79.0 257.0
258.0 577.0 242.0 564.0
415.0 485.0 396.0 468.0
196.0 72.0 178.0 67.0
294.0 111.0 276.0 104.0
252.0 558.0 235.0 545.0
108.0 137.0 91.0 131.0
228.0 317.0 213.0 307.0
282.0 457.0 265.0 444.0
150.0 52.0 133.0 47.0
293.0 483.0 277.0 469.0
116.0 216.0 99.0 210.0
116.0 215.0 99.0 210.0
108.0 136.0 91.0 131.0
66.0 199.0 50.0 194.0
64.0 199.0 50.0 194.0
281.0 100.0 268.0 95.0
282.0 101.0 268.0 95.0
182.0 503.0 164.0 493.0
182.0 313.0 166.0 305.0
238.0 432.0 222.0 420.0
236.0 432.0 221.0 420.0
89.0 166.0 74.0 161.0
160.0 580.0 146.0 569.0
416.0 486.0 396.0 468.0
181.0 503.0 164.0 493.0
93.0 261.0 79.0 257.0
229.0 316.0 213.0 307.0
88.0 166.0 74.0 161.0
181.0 504.0 164.0 493.0
162.0 129.0 143.0 122.0
293.0 484.0 277.0 469.0
181.0 312.0 165.0 304.0
140.0 349.0 124.0 341.0
253.0 432.0 237.0 421.0
258.0 576.0 242.0 564.0
117.0 215.0 100.0 210.0
183.0 313.0 167.0 305.0
160.0 581.0 146.0 569.0
94.0 342.0 80.0 335.0
64.0 198.0 50.0 194.0
152.0 382.0 136.0 371.0
72.0 282.0 58.0 279.0
295.0 111.0 276.0 104.0
295.0 112.0 276.0 104.0
392.0 395.0 370.0 378.0
95.0 341.0 80.0 335.0
72.0 283.0 58.0 279.0
281.0 457.0 265.0 444.0
277.0 415.0 261.0 403.0
80.0 553.0 63.0 546.0
133.0 113.0 117.0 107.0
390.0 394.0 370.0 378.0
107.0 136.0 90.0 131.0
140.0 348.0 124.0 341.0
296.0 112.0 276.0 104.0
228.0 316.0 213.0 307.0
199.0 306.0 184.0 298.0
235.0 452.0 216.0 444.0
89.0 167.0 73.0 162.0
81.0 554.0 64.0 545.0
259.0 576.0 242.0 564.0
390.0 395.0 370.0 378.0
182.0 504.0 164.0 493.0
151.0 382.0 136.0 371.0
117.0 514.0 102.0 507.0
195.0 72.0 178.0 67.0
296.0 111.0 276.0 104.0
195.0 73.0 178.0 67.0
95.0 342.0 80.0 335.0
392.0 394.0 370.0 378.0
83.0 141.0 66.0 138.0
235.0 451.0 216.0 444.0
151.0 381.0 136.0 371.0
254.0 432.0 237.0 421.0
182.0 312.0 167.0 305.0
398.0 565.0 379.0 546.0
152.0 383.0 136.0 371.0
196.0 71.0 178.0 67.0
253.0 431.0 237.0 420.0
227.0 316.0 213.0 307.0
252.0 432.0 237.0 421.0
94.0 341.0 80.0 335.0
139.0 350.0 122.0 342.0
391.0 395.0 370.0 378.0
187.0 470.0 172.0 461.0
165.0 478.0 150.0 469.0
124.0 546.0 106.0 536.0
116.0 515.0 103.0 508.0
195.0 71.0 177.0 65.0
151.0 383.0 136.0 371.0
113.0 109.0 98.0 106.0
139.0 417.0 120.0 410.0
391.0 394.0 370.0 378.0
292.0 484.0 277.0 469.0
83.0 142.0 66.0 138.0
282.0 455.0 265.0 443.0
281.0 456.0 264.0 443.0
150.0 381.0 136.0 371.0
117.0 515.0 102.0 507.0
138.0 349.0 122.0 342.0
187.0 358.0 171.0 350.0
180.0 504.0 164.0 493.0
167.0 478.0 150.0 469.0
282.0 456.0 265.0 444.0
139.0 348.0 123.0 341.0
150.0 382.0 136.0 371.0
143.0 506.0 129.0 498.0
146.0 441.0 132.0 432.0
81.0 553.0 63.0 546.0
281.0 455.0 264.0 443.0
254.0 431.0 237.0 421.0
292.0 483.0 277.0 469.0
82.0 554.0 63.0 546.0
166.0 478.0 150.0 469.0
144.0 507.0 129.0 498.0
147.0 441.0 132.0 433.0
147.0 442.0 132.0 433.0
108.0 466.0 96.0 460.0
145.0 506.0 129.0 498.0
145.0 507.0 130.0 499.0
124.0 545.0 106.0 536.0
139.0 349.0 122.0 342.0
123.0 545.0 106.0 536.0
194.0 72.0 177.0 65.0
109.0 467.0 96.0 460.0
138.0 417.0 119.0 410.0
82.0 553.0 63.0 546.0
61.0 301.0 51.0 298.0
144.0 506.0 129.0 498.0
165.0 479.0 150.0 470.0
148.0 441.0 132.0 433.0
193.0 473.0 179.0 462.0
145.0 304.0 134.0 292.0
146.0 303.0 134.0 292.0
116.0 354.0 101.0 346.0
147.0 440.0 132.0 432.0
101.0 549.0 86.0 539.0
61.0 302.0 51.0 298.0
399.0 420.0 379.0 403.0
166.0 479.0 150.0 469.0
100.0 327.0 85.0 320.0
100.0 549.0 86.0 539.0
236.0 451.0 216.0 444.0
60.0 301.0 51.0 298.0
60.0 302.0 51.0 298.0
108.0 467.0 96.0 460.0
98.0 628.0 84.0 617.0
99.0 628.0 84.0 617.0
146.0 440.0 132.0 432.0
145.0 303.0 134.0 292.0
167.0 479.0 150.0 469.0
399.0 419.0 379.0 403.0
99.0 627.0 84.0 617.0
56.0 381.0 42.0 373.0
348.0 50.0 330.0 46.0
203.0 626.0 187.0 615.0
401.0 420.0 379.0 403.0
316.0 575.0 297.0 558.0
315.0 575.0 297.0 558.0
117.0 354.0 101.0 346.0
143.0 505.0 129.0 498.0
400.0 421.0 379.0 403.0
107.0 466.0 96.0 460.0
118.0 354.0 101.0 346.0
118.0 560.0 102.0 553.0
118.0 561.0 102.0 553.0
179.0 600.0 162.0 591.0
203.0 627.0 187.0 616.0
236.0 452.0 216.0 444.0
283.0 355.0 262.0 347.0
283.0 356.0 262.0 347.0
400.0 419.0 379.0 403.0
347.0 50.0 330.0 46.0
284.0 357.0 262.0 347.0
144.0 505.0 129.0 498.0
100.0 628.0 84.0 617.0
178.0 600.0 162.0 591.0
48.0 635.0 33.0 630.0
285.0 356.0 262.0 347.0
346.0 50.0 330.0 46.0
284.0 356.0 262.0 347.0
346.0 51.0 330.0 46.0
57.0 382.0 42.0 373.0
177.0 599.0 163.0 590.0
100.0 550.0 86.0 539.0
49.0 635.0 33.0 630.0
259.0 405.0 244.0 399.0
58.0 382.0 42.0 373.0
315.0 574.0 297.0 558.0
178.0 599.0 163.0 590.0
49.0 636.0 33.0 630.0
400.0 420.0 379.0 403.0
107.0 467.0 96.0 460.0
260.0 405.0 244.0 399.0
284.0 355.0 262.0 347.0
177.0 600.0 163.0 590.0
237.0 451.0 216.0 444.0
54.0 315.0 40.0 311.0
284.0 354.0 262.0 347.0
362.0 623.0 340.0 604.0
117.0 355.0 101.0 346.0
94.0 155.0 74.0 161.0
92.0 468.0 78.0 460.0
336.0 69.0 332.0 48.0
199.0 586.0 190.0 578.0
237.0 452.0 216.0 444.0
368.0 582.0 357.0 567.0
260.0 348.0 245.0 345.0
36.0 492.0 21.0 488.0
260.0 406.0 244.0 399.0
336.0 70.0 332.0 48.0
351.0 584.0 323.0 570.0
350.0 583.0 323.0 570.0
260.0 347.0 245.0 345.0
335.0 71.0 332.0 48.0
54.0 99.0 38.0 96.0
54.0 100.0 39.0 97.0
351.0 583.0 323.0 570.0
335.0 70.0 332.0 48.0
335.0 69.0 332.0 48.0
335.0 68.0 332.0 48.0
84.0 466.0 78.0 460.0
452.0 437.0 429.0 419.0
55.0 100.0 39.0 97.0
158.0 572.0 146.0 569.0
261.0 347.0 245.0 345.0
324.0 245.0 311.0 219.0
53.0 484.0 39.0 480.0
112.0 483.0 87.0 481.0
55.0 99.0 39.0 96.0
54.0 483.0 39.0 480.0
261.0 346.0 245.0 345.0
360.0 607.0 340.0 587.0
54.0 484.0 39.0 480.0
53.0 483.0 39.0 480.0
158.0 571.0 147.0 569.0
55.0 484.0 40.0 480.0
360.0 606.0 340.0 587.0
361.0 606.0 340.0 587.0
113.0 483.0 87.0 481.0
96.0 236.0 69.0 221.0
433.0 597.0 411.0 578.0
96.0 235.0 69.0 221.0
432.0 598.0 411.0 578.0
124.0 482.0 115.0 474.0
432.0 597.0 411.0 578.0
