323.0 346.0 307.0 348.0
322.0 346.0 307.0 348.0
209.0 397.0 189.0 394.0
145.0 198.0 130.0 189.0
209.0 396.0 189.0 394.0
369.0 313.0 353.0 318.0
285.0 290.0 269.0 293.0
144.0 198.0 130.0 189.0
129.0 339.0 111.0 334.0
325.0 205.0 312.0 206.0
210.0 397.0 190.0 394.0
324.0 207.0 312.0 206.0
304.0 345.0 286.0 346.0
128.0 339.0 111.0 334.0
369.0 314.0 352.0 318.0
100.0 223.0 85.0 210.0
379.0 212.0 367.0 216.0
242.0 535.0 220.0 532.0
242.0 536.0 220.0 532.0
324.0 206.0 312.0 206.0
100.0 222.0 85.0 210.0
211.0 397.0 190.0 394.0
243.0 535.0 220.0 532.0
304.0 344.0 286.0 346.0
410.0 321.0 393.0 327.0
305.0 345.0 286.0 346.0
368.0 313.0 352.0 318.0
101.0 223.0 85.0 209.0
325.0 207.0 313.0 207.0
367.0 313.0 351.0 317.0
210.0 396.0 190.0 394.0
286.0 291.0 269.0 293.0
170.0 260.0 157.0 252.0
170.0 261.0 157.0 252.0
100.0 221.0 85.0 210.0
286.0 290.0 269.0 293.0
101.0 222.0 85.0 209.0
244.0 327.0 228.0 327.0
153.0 228.0 140.0 219.0
409.0 322.0 392.0 328.0
409.0 323.0 392.0 328.0
211.0 396.0 190.0 394.0
409.0 321.0 393.0 326.0
204.0 494.0 181.0 488.0
203.0 494.0 181.0 487.0
144.0 130.0 132.0 117.0
213.0 452.0 191.0 449.0
146.0 199.0 131.0 189.0
171.0 260.0 157.0 252.0
204.0 493.0 181.0 487.0
144.0 129.0 132.0 117.0
242.0 304.0 226.0 302.0
101.0 221.0 85.0 209.0
305.0 344.0 286.0 346.0
326.0 207.0 313.0 207.0
370.0 313.0 353.0 318.0
153.0 227.0 140.0 219.0
266.0 362.0 248.0 362.0
380.0 212.0 367.0 216.0
129.0 340.0 111.0 334.0
326.0 170.0 317.0 169.0
145.0 199.0 130.0 189.0
274.0 37.0 267.0 30.0
348.0 310.0 330.0 315.0
408.0 323.0 392.0 328.0
144.0 199.0 130.0 189.0
204.0 495.0 181.0 488.0
243.0 536.0 220.0 532.0
246.0 326.0 229.0 327.0
347.0 311.0 330.0 315.0
245.0 326.0 228.0 327.0
267.0 331.0 250.0 333.0
275.0 37.0 267.0 30.0
121.0 79.0 109.0 65.0
326.0 206.0 312.0 206.0
410.0 322.0 393.0 327.0
408.0 322.0 392.0 327.0
257.0 258.0 241.0 257.0
325.0 206.0 312.0 206.0
463.0 42.0 459.0 45.0
303.0 454.0 284.0 454.0
464.0 40.0 459.0 45.0
245.0 328.0 228.0 327.0
152.0 226.0 140.0 219.0
278.0 389.0 260.0 390.0
380.0 211.0 367.0 216.0
410.0 323.0 392.0 328.0
246.0 327.0 228.0 327.0
266.0 332.0 249.0 333.0
152.0 227.0 140.0 219.0
144.0 200.0 130.0 189.0
96.0 246.0 81.0 235.0
171.0 261.0 157.0 252.0
241.0 304.0 225.0 302.0
203.0 493.0 181.0 487.0
273.0 37.0 267.0 30.0
380.0 213.0 367.0 216.0
287.0 291.0 269.0 293.0
327.0 170.0 316.0 170.0
287.0 290.0 269.0 293.0
463.0 41.0 459.0 45.0
265.0 332.0 249.0 333.0
381.0 212.0 367.0 216.0
463.0 40.0 459.0 45.0
311.0 477.0 291.0 476.0
279.0 388.0 260.0 390.0
247.0 327.0 229.0 327.0
143.0 130.0 132.0 117.0
172.0 261.0 157.0 252.0
128.0 340.0 111.0 334.0
379.0 117.0 370.0 118.0
464.0 41.0 459.0 45.0
347.0 310.0 330.0 315.0
302.0 454.0 284.0 454.0
278.0 388.0 260.0 390.0
89.0 335.0 71.0 327.0
265.0 363.0 248.0 362.0
143.0 129.0 132.0 117.0
96.0 247.0 81.0 235.0
275.0 38.0 267.0 30.0
120.0 79.0 109.0 65.0
371.0 234.0 357.0 237.0
328.0 170.0 317.0 169.0
221.0 183.0 208.0 177.0
265.0 331.0 249.0 333.0
213.0 453.0 191.0 449.0
308.0 52.0 301.0 48.0
348.0 311.0 330.0 315.0
380.0 118.0 370.0 118.0
245.0 327.0 228.0 327.0
240.0 303.0 225.0 302.0
221.0 182.0 208.0 177.0
277.0 388.0 260.0 390.0
274.0 38.0 267.0 30.0
187.0 345.0 169.0 339.0
97.0 246.0 81.0 235.0
122.0 80.0 109.0 65.0
266.0 331.0 249.0 333.0
88.0 336.0 71.0 327.0
143.0 128.0 132.0 116.0
369.0 234.0 357.0 237.0
179.0 38.0 173.0 25.0
96.0 248.0 81.0 235.0
160.0 392.0 142.0 389.0
257.0 257.0 241.0 257.0
311.0 301.0 297.0 304.0
145.0 200.0 131.0 189.0
214.0 452.0 191.0 449.0
222.0 182.0 209.0 177.0
246.0 328.0 228.0 327.0
381.0 117.0 370.0 118.0
186.0 542.0 163.0 532.0
273.0 38.0 267.0 30.0
237.0 288.0 221.0 286.0
121.0 80.0 109.0 65.0
97.0 247.0 81.0 235.0
214.0 453.0 191.0 449.0
161.0 392.0 143.0 389.0
380.0 116.0 370.0 118.0
159.0 392.0 142.0 389.0
260.0 70.0 253.0 65.0
258.0 258.0 241.0 257.0
452.0 80.0 447.0 85.0
369.0 235.0 357.0 237.0
224.0 330.0 205.0 329.0
120.0 81.0 109.0 65.0
265.0 362.0 248.0 362.0
240.0 304.0 225.0 302.0
121.0 81.0 109.0 65.0
307.0 53.0 301.0 48.0
379.0 118.0 370.0 118.0
381.0 118.0 372.0 119.0
370.0 235.0 357.0 237.0
90.0 336.0 71.0 327.0
398.0 342.0 382.0 347.0
180.0 37.0 173.0 25.0
142.0 129.0 132.0 116.0
97.0 248.0 81.0 235.0
380.0 117.0 370.0 118.0
143.0 198.0 130.0 188.0
120.0 80.0 109.0 65.0
307.0 52.0 301.0 48.0
259.0 70.0 253.0 65.0
328.0 171.0 316.0 170.0
414.0 184.0 406.0 188.0
142.0 128.0 132.0 116.0
143.0 199.0 130.0 188.0
415.0 184.0 406.0 188.0
259.0 71.0 253.0 65.0
258.0 257.0 241.0 257.0
306.0 53.0 301.0 48.0
310.0 301.0 297.0 304.0
452.0 81.0 447.0 85.0
225.0 330.0 205.0 329.0
452.0 79.0 447.0 85.0
284.0 210.0 272.0 209.0
326.0 171.0 316.0 170.0
179.0 37.0 173.0 25.0
370.0 234.0 357.0 237.0
272.0 154.0 261.0 151.0
225.0 329.0 205.0 329.0
222.0 183.0 208.0 177.0
134.0 322.0 113.0 316.0
180.0 36.0 173.0 25.0
306.0 52.0 301.0 48.0
327.0 171.0 316.0 170.0
236.0 288.0 221.0 286.0
139.0 391.0 114.0 390.0
185.0 542.0 163.0 532.0
89.0 336.0 71.0 327.0
119.0 80.0 109.0 65.0
260.0 71.0 254.0 65.0
292.0 127.0 283.0 124.0
272.0 153.0 261.0 151.0
265.0 361.0 248.0 362.0
98.0 248.0 81.0 235.0
264.0 362.0 248.0 362.0
138.0 391.0 114.0 390.0
381.0 116.0 370.0 118.0
215.0 147.0 203.0 139.0
180.0 38.0 173.0 25.0
273.0 154.0 261.0 151.0
309.0 301.0 297.0 304.0
284.0 211.0 272.0 209.0
186.0 543.0 163.0 532.0
277.0 389.0 260.0 390.0
291.0 127.0 283.0 124.0
413.0 185.0 406.0 188.0
223.0 183.0 209.0 177.0
98.0 247.0 81.0 235.0
245.0 48.0 238.0 42.0
217.0 261.0 201.0 258.0
414.0 185.0 406.0 188.0
181.0 36.0 173.0 25.0
310.0 302.0 297.0 304.0
186.0 544.0 163.0 532.0
185.0 543.0 163.0 532.0
290.0 128.0 282.0 124.0
216.0 261.0 201.0 258.0
288.0 128.0 281.0 123.0
469.0 93.0 463.0 100.0
215.0 148.0 203.0 139.0
291.0 128.0 283.0 124.0
181.0 37.0 173.0 25.0
245.0 49.0 238.0 42.0
470.0 92.0 463.0 100.0
470.0 93.0 463.0 100.0
223.0 182.0 209.0 177.0
135.0 281.0 118.0 271.0
289.0 128.0 282.0 124.0
471.0 93.0 463.0 100.0
209.0 298.0 193.0 293.0
273.0 153.0 261.0 151.0
139.0 390.0 114.0 390.0
135.0 322.0 113.0 316.0
235.0 288.0 221.0 286.0
298.0 543.0 275.0 542.0
181.0 38.0 173.0 25.0
209.0 297.0 193.0 293.0
246.0 48.0 239.0 41.0
133.0 280.0 117.0 272.0
135.0 280.0 118.0 271.0
163.0 93.0 153.0 81.0
216.0 148.0 203.0 139.0
309.0 302.0 297.0 304.0
471.0 92.0 463.0 100.0
182.0 37.0 173.0 25.0
182.0 36.0 173.0 25.0
252.0 26.0 244.0 17.0
133.0 281.0 118.0 271.0
134.0 280.0 118.0 271.0
134.0 279.0 118.0 271.0
134.0 323.0 113.0 316.0
195.0 260.0 182.0 255.0
161.0 94.0 153.0 81.0
246.0 49.0 238.0 42.0
134.0 281.0 118.0 271.0
127.0 392.0 113.0 390.0
470.0 91.0 463.0 100.0
162.0 93.0 153.0 81.0
251.0 26.0 244.0 17.0
252.0 25.0 244.0 16.0
362.0 164.0 350.0 168.0
265.0 105.0 256.0 107.0
356.0 152.0 346.0 152.0
148.0 353.0 127.0 345.0
163.0 92.0 153.0 81.0
133.0 279.0 117.0 271.0
250.0 26.0 244.0 17.0
247.0 49.0 239.0 41.0
355.0 152.0 346.0 152.0
251.0 25.0 244.0 17.0
232.0 79.0 223.0 73.0
135.0 324.0 113.0 316.0
278.0 293.0 267.0 293.0
206.0 481.0 185.0 469.0
247.0 48.0 239.0 41.0
135.0 323.0 113.0 316.0
356.0 151.0 346.0 152.0
161.0 92.0 153.0 81.0
434.0 172.0 427.0 170.0
161.0 93.0 153.0 81.0
355.0 151.0 346.0 152.0
126.0 392.0 113.0 390.0
251.0 24.0 244.0 17.0
162.0 92.0 153.0 81.0
250.0 25.0 244.0 17.0
192.0 144.0 178.0 137.0
160.0 93.0 153.0 81.0
127.0 391.0 113.0 390.0
192.0 143.0 178.0 137.0
38.0 335.0 18.0 326.0
232.0 78.0 223.0 73.0
232.0 231.0 218.0 228.0
126.0 391.0 113.0 390.0
231.0 231.0 218.0 228.0
231.0 230.0 218.0 228.0
317.0 262.0 299.0 264.0
193.0 143.0 179.0 137.0
230.0 230.0 218.0 228.0
193.0 144.0 179.0 137.0
160.0 92.0 153.0 81.0
230.0 231.0 218.0 228.0
319.0 262.0 299.0 264.0
317.0 263.0 299.0 264.0
318.0 262.0 299.0 264.0
318.0 263.0 299.0 264.0
253.0 157.0 245.0 153.0
210.0 332.0 188.0 335.0
100.0 393.0 83.0 392.0
161.0 91.0 153.0 81.0
438.0 234.0 427.0 240.0
101.0 393.0 83.0 392.0
437.0 233.0 426.0 239.0
202.0 157.0 186.0 153.0
186.0 76.0 185.0 58.0
169.0 391.0 143.0 389.0
179.0 565.0 160.0 550.0
186.0 141.0 178.0 136.0
186.0 77.0 185.0 58.0
186.0 142.0 178.0 137.0
252.0 157.0 245.0 153.0
170.0 392.0 143.0 389.0
438.0 233.0 425.0 240.0
185.0 76.0 185.0 58.0
187.0 184.0 178.0 172.0
170.0 391.0 143.0 389.0
161.0 136.0 152.0 116.0
186.0 185.0 178.0 172.0
439.0 233.0 425.0 240.0
252.0 158.0 245.0 153.0
171.0 391.0 143.0 389.0
185.0 77.0 185.0 58.0
440.0 233.0 425.0 240.0
178.0 565.0 160.0 550.0
438.0 232.0 426.0 239.0
185.0 141.0 178.0 136.0
185.0 142.0 178.0 137.0
239.0 515.0 220.0 531.0
178.0 566.0 160.0 550.0
196.0 479.0 184.0 470.0
399.0 247.0 330.0 315.0
439.0 232.0 425.0 240.0
399.0 246.0 330.0 315.0
251.0 158.0 245.0 153.0
241.0 514.0 220.0 531.0
202.0 441.0 179.0 453.0
203.0 440.0 179.0 453.0
101.0 205.0 85.0 209.0
240.0 514.0 220.0 531.0
240.0 515.0 220.0 531.0
204.0 439.0 179.0 453.0
203.0 439.0 179.0 453.0
195.0 479.0 184.0 470.0
203.0 438.0 179.0 453.0
177.0 565.0 160.0 550.0
178.0 15.0 244.0 16.0
196.0 478.0 184.0 470.0
179.0 16.0 244.0 16.0
202.0 440.0 179.0 453.0
179.0 15.0 244.0 16.0
