107.0 112.0 95.0 107.0
108.0 112.0 95.0 107.0
106.0 113.0 95.0 108.0
107.0 113.0 95.0 108.0
96.0 34.0 83.0 30.0
117.0 208.0 107.0 202.0
167.0 154.0 153.0 146.0
167.0 153.0 153.0 146.0
96.0 35.0 84.0 30.0
95.0 34.0 83.0 30.0
116.0 208.0 107.0 202.0
159.0 528.0 147.0 517.0
107.0 111.0 95.0 107.0
166.0 154.0 153.0 146.0
75.0 92.0 62.0 86.0
106.0 112.0 95.0 108.0
117.0 209.0 107.0 202.0
74.0 91.0 62.0 86.0
94.0 34.0 83.0 30.0
105.0 111.0 94.0 107.0
95.0 33.0 83.0 30.0
380.0 344.0 366.0 326.0
74.0 92.0 62.0 86.0
75.0 91.0 62.0 86.0
118.0 209.0 107.0 202.0
380.0 345.0 366.0 325.0
105.0 112.0 95.0 108.0
145.0 545.0 133.0 534.0
74.0 93.0 62.0 87.0
67.0 510.0 57.0 501.0
159.0 529.0 147.0 517.0
379.0 370.0 367.0 353.0
66.0 511.0 57.0 501.0
158.0 528.0 147.0 517.0
166.0 153.0 153.0 146.0
147.0 212.0 137.0 205.0
95.0 35.0 83.0 30.0
284.0 30.0 269.0 22.0
353.0 564.0 341.0 544.0
148.0 212.0 138.0 206.0
65.0 511.0 57.0 501.0
284.0 29.0 269.0 22.0
165.0 154.0 154.0 146.0
144.0 544.0 132.0 533.0
283.0 29.0 269.0 22.0
210.0 549.0 199.0 536.0
165.0 152.0 153.0 145.0
379.0 369.0 367.0 352.0
166.0 152.0 153.0 146.0
281.0 384.0 269.0 369.0
283.0 28.0 269.0 22.0
144.0 545.0 133.0 534.0
116.0 209.0 107.0 202.0
284.0 28.0 269.0 22.0
148.0 213.0 138.0 206.0
106.0 111.0 94.0 107.0
75.0 93.0 62.0 87.0
79.0 613.0 68.0 605.0
162.0 355.0 150.0 345.0
94.0 33.0 83.0 30.0
320.0 237.0 308.0 222.0
321.0 235.0 308.0 222.0
149.0 212.0 138.0 206.0
66.0 510.0 57.0 501.0
148.0 211.0 137.0 205.0
147.0 213.0 138.0 206.0
149.0 213.0 138.0 206.0
165.0 153.0 153.0 147.0
417.0 150.0 404.0 140.0
85.0 408.0 74.0 400.0
86.0 410.0 74.0 401.0
141.0 276.0 130.0 269.0
92.0 273.0 81.0 267.0
327.0 268.0 315.0 252.0
321.0 236.0 308.0 222.0
86.0 409.0 74.0 400.0
282.0 29.0 269.0 22.0
418.0 151.0 404.0 140.0
130.0 52.0 117.0 46.0
160.0 529.0 149.0 517.0
283.0 30.0 269.0 22.0
246.0 581.0 236.0 565.0
78.0 612.0 67.0 605.0
79.0 611.0 67.0 605.0
92.0 274.0 81.0 268.0
87.0 409.0 74.0 401.0
173.0 542.0 163.0 531.0
201.0 528.0 190.0 515.0
126.0 471.0 115.0 463.0
85.0 409.0 74.0 400.0
80.0 612.0 68.0 605.0
142.0 277.0 130.0 269.0
253.0 515.0 241.0 499.0
200.0 528.0 189.0 516.0
142.0 276.0 130.0 269.0
78.0 611.0 67.0 604.0
212.0 25.0 199.0 20.0
174.0 543.0 163.0 531.0
199.0 37.0 188.0 33.0
86.0 476.0 76.0 467.0
140.0 277.0 130.0 269.0
281.0 385.0 269.0 370.0
143.0 277.0 130.0 269.0
172.0 543.0 162.0 531.0
85.0 475.0 76.0 467.0
150.0 213.0 138.0 206.0
253.0 514.0 241.0 499.0
417.0 151.0 404.0 140.0
174.0 542.0 163.0 531.0
258.0 277.0 247.0 264.0
199.0 527.0 189.0 516.0
446.0 346.0 431.0 327.0
125.0 471.0 115.0 463.0
173.0 543.0 163.0 531.0
79.0 612.0 68.0 605.0
327.0 267.0 315.0 252.0
258.0 275.0 247.0 264.0
195.0 386.0 185.0 376.0
199.0 528.0 189.0 516.0
237.0 623.0 227.0 609.0
320.0 236.0 308.0 222.0
246.0 582.0 236.0 565.0
320.0 235.0 308.0 221.0
124.0 472.0 114.0 463.0
141.0 277.0 130.0 269.0
320.0 234.0 308.0 221.0
123.0 284.0 111.0 276.0
174.0 544.0 163.0 531.0
257.0 276.0 247.0 264.0
195.0 387.0 184.0 377.0
258.0 276.0 247.0 264.0
247.0 581.0 236.0 565.0
211.0 25.0 199.0 20.0
290.0 304.0 280.0 291.0
78.0 613.0 67.0 605.0
173.0 544.0 163.0 531.0
328.0 267.0 315.0 252.0
252.0 515.0 241.0 499.0
173.0 541.0 163.0 531.0
172.0 542.0 163.0 531.0
210.0 548.0 199.0 536.0
143.0 436.0 132.0 428.0
125.0 472.0 115.0 463.0
126.0 472.0 115.0 463.0
50.0 118.0 38.0 113.0
225.0 35.0 215.0 31.0
448.0 347.0 432.0 328.0
163.0 268.0 153.0 262.0
200.0 527.0 189.0 516.0
48.0 118.0 38.0 113.0
226.0 35.0 215.0 31.0
447.0 346.0 431.0 327.0
124.0 471.0 114.0 463.0
49.0 118.0 38.0 113.0
259.0 276.0 247.0 264.0
237.0 624.0 227.0 609.0
289.0 304.0 280.0 291.0
225.0 34.0 215.0 31.0
289.0 305.0 280.0 291.0
226.0 34.0 215.0 31.0
172.0 541.0 163.0 531.0
122.0 284.0 111.0 276.0
77.0 387.0 66.0 381.0
124.0 284.0 111.0 276.0
86.0 475.0 76.0 467.0
246.0 580.0 236.0 565.0
48.0 119.0 38.0 113.0
87.0 476.0 76.0 467.0
211.0 24.0 199.0 20.0
87.0 410.0 74.0 401.0
200.0 37.0 188.0 33.0
177.0 43.0 169.0 37.0
129.0 52.0 117.0 46.0
209.0 548.0 199.0 536.0
92.0 275.0 81.0 268.0
378.0 573.0 366.0 553.0
377.0 572.0 366.0 552.0
252.0 514.0 241.0 499.0
234.0 264.0 222.0 253.0
319.0 236.0 308.0 220.0
259.0 277.0 247.0 264.0
91.0 273.0 80.0 268.0
60.0 531.0 49.0 525.0
194.0 387.0 184.0 377.0
232.0 264.0 221.0 253.0
194.0 386.0 184.0 377.0
236.0 623.0 227.0 609.0
90.0 274.0 80.0 268.0
232.0 263.0 221.0 253.0
225.0 33.0 215.0 31.0
50.0 119.0 38.0 113.0
211.0 427.0 202.0 414.0
82.0 341.0 70.0 332.0
78.0 387.0 67.0 381.0
212.0 24.0 199.0 20.0
211.0 426.0 201.0 414.0
130.0 53.0 117.0 46.0
106.0 500.0 95.0 493.0
211.0 549.0 200.0 537.0
91.0 274.0 80.0 268.0
193.0 386.0 183.0 377.0
143.0 394.0 131.0 386.0
105.0 501.0 95.0 493.0
81.0 341.0 68.0 331.0
178.0 43.0 169.0 37.0
378.0 572.0 366.0 552.0
60.0 532.0 49.0 525.0
41.0 134.0 29.0 131.0
87.0 475.0 76.0 467.0
227.0 316.0 217.0 305.0
17.0 267.0 7.0 262.0
21.0 124.0 10.0 119.0
104.0 214.0 93.0 208.0
17.0 268.0 7.0 262.0
55.0 96.0 45.0 90.0
37.0 487.0 26.0 479.0
142.0 395.0 131.0 386.0
176.0 43.0 169.0 37.0
21.0 125.0 10.0 120.0
247.0 580.0 236.0 565.0
77.0 388.0 66.0 381.0
90.0 273.0 79.0 268.0
41.0 135.0 29.0 131.0
49.0 119.0 38.0 113.0
294.0 553.0 283.0 536.0
335.0 190.0 324.0 180.0
104.0 215.0 93.0 208.0
189.0 414.0 178.0 402.0
78.0 386.0 66.0 380.0
82.0 342.0 70.0 332.0
212.0 427.0 202.0 414.0
233.0 263.0 222.0 253.0
22.0 124.0 10.0 119.0
36.0 278.0 25.0 274.0
122.0 283.0 111.0 276.0
181.0 486.0 172.0 473.0
51.0 436.0 42.0 428.0
20.0 124.0 10.0 119.0
131.0 53.0 117.0 46.0
233.0 264.0 222.0 253.0
42.0 134.0 30.0 130.0
142.0 436.0 132.0 428.0
59.0 531.0 49.0 525.0
41.0 133.0 29.0 131.0
78.0 388.0 67.0 381.0
60.0 530.0 49.0 523.0
236.0 624.0 227.0 609.0
43.0 134.0 30.0 130.0
42.0 135.0 30.0 130.0
61.0 583.0 54.0 571.0
105.0 500.0 95.0 493.0
22.0 125.0 10.0 120.0
124.0 571.0 113.0 560.0
213.0 427.0 202.0 414.0
60.0 583.0 52.0 571.0
213.0 426.0 202.0 414.0
60.0 482.0 50.0 473.0
35.0 529.0 25.0 521.0
35.0 277.0 24.0 274.0
81.0 342.0 68.0 332.0
124.0 283.0 111.0 276.0
34.0 528.0 25.0 521.0
142.0 394.0 131.0 386.0
97.0 531.0 87.0 521.0
57.0 94.0 45.0 90.0
43.0 135.0 30.0 130.0
212.0 426.0 202.0 414.0
227.0 315.0 217.0 305.0
56.0 95.0 45.0 90.0
34.0 277.0 24.0 274.0
61.0 582.0 54.0 571.0
123.0 572.0 113.0 560.0
178.0 42.0 169.0 37.0
229.0 591.0 219.0 577.0
286.0 614.0 274.0 597.0
34.0 278.0 24.0 274.0
35.0 278.0 24.0 274.0
18.0 268.0 7.0 262.0
18.0 267.0 7.0 262.0
123.0 283.0 111.0 276.0
248.0 580.0 236.0 565.0
62.0 583.0 54.0 571.0
358.0 519.0 346.0 500.0
228.0 592.0 219.0 578.0
35.0 528.0 25.0 521.0
36.0 529.0 25.0 521.0
175.0 386.0 165.0 376.0
182.0 486.0 172.0 473.0
359.0 519.0 346.0 500.0
285.0 614.0 274.0 597.0
285.0 613.0 274.0 597.0
229.0 592.0 219.0 578.0
228.0 591.0 220.0 578.0
228.0 315.0 217.0 305.0
123.0 571.0 113.0 560.0
218.0 615.0 208.0 601.0
57.0 194.0 45.0 190.0
182.0 485.0 172.0 473.0
219.0 615.0 208.0 601.0
82.0 343.0 70.0 332.0
219.0 614.0 208.0 601.0
220.0 614.0 208.0 601.0
62.0 582.0 54.0 571.0
52.0 436.0 42.0 428.0
43.0 514.0 32.0 506.0
97.0 532.0 87.0 521.0
19.0 268.0 7.0 262.0
358.0 518.0 346.0 500.0
56.0 94.0 45.0 90.0
221.0 615.0 208.0 601.0
204.0 371.0 194.0 360.0
56.0 194.0 45.0 190.0
220.0 615.0 208.0 601.0
57.0 325.0 46.0 317.0
43.0 515.0 32.0 506.0
36.0 528.0 25.0 521.0
60.0 483.0 50.0 473.0
16.0 521.0 5.0 511.0
219.0 616.0 208.0 601.0
98.0 531.0 87.0 521.0
59.0 483.0 50.0 473.0
56.0 195.0 45.0 190.0
59.0 482.0 50.0 473.0
26.0 433.0 15.0 425.0
27.0 434.0 15.0 425.0
55.0 94.0 44.0 90.0
291.0 536.0 279.0 521.0
17.0 521.0 5.0 511.0
16.0 520.0 5.0 511.0
291.0 537.0 279.0 521.0
359.0 518.0 346.0 500.0
204.0 370.0 194.0 360.0
17.0 520.0 5.0 511.0
42.0 515.0 32.0 506.0
291.0 538.0 279.0 521.0
26.0 434.0 15.0 425.0
57.0 195.0 45.0 190.0
16.0 519.0 5.0 511.0
58.0 195.0 45.0 190.0
144.0 637.0 138.0 629.0
20.0 583.0 13.0 573.0
27.0 433.0 15.0 425.0
144.0 636.0 138.0 629.0
22.0 584.0 13.0 573.0
58.0 483.0 50.0 473.0
54.0 398.0 43.0 391.0
21.0 585.0 13.0 573.0
292.0 537.0 279.0 521.0
21.0 584.0 13.0 573.0
67.0 460.0 55.0 454.0
192.0 312.0 181.0 303.0
55.0 463.0 44.0 457.0
98.0 532.0 87.0 521.0
192.0 509.0 186.0 502.0
21.0 583.0 13.0 573.0
54.0 463.0 44.0 457.0
66.0 460.0 55.0 454.0
20.0 584.0 13.0 573.0
145.0 636.0 138.0 629.0
22.0 583.0 13.0 573.0
292.0 538.0 279.0 521.0
145.0 637.0 138.0 629.0
191.0 509.0 186.0 502.0
54.0 462.0 44.0 456.0
12.0 220.0 15.0 205.0
12.0 218.0 15.0 205.0
12.0 219.0 15.0 205.0
28.0 208.0 15.0 204.0
27.0 208.0 15.0 204.0
55.0 462.0 44.0 457.0
191.0 508.0 186.0 502.0
28.0 209.0 15.0 204.0
472.0 98.0 460.0 92.0
472.0 99.0 460.0 92.0
187.0 594.0 172.0 576.0
188.0 594.0 172.0 576.0
44.0 467.0 43.0 457.0
27.0 209.0 15.0 204.0
91.0 609.0 68.0 605.0
186.0 594.0 172.0 576.0
6.0 287.0 6.0 290.0
187.0 593.0 172.0 576.0
20.0 302.0 6.0 290.0
5.0 287.0 6.0 290.0
186.0 593.0 172.0 576.0
43.0 467.0 43.0 457.0
187.0 595.0 172.0 576.0
27.0 95.0 26.0 89.0
5.0 286.0 6.0 290.0
6.0 286.0 6.0 290.0
20.0 303.0 6.0 290.0
180.0 394.0 166.0 376.0
26.0 95.0 26.0 89.0
21.0 303.0 6.0 290.0
43.0 395.0 43.0 391.0
60.0 404.0 43.0 391.0
6.0 285.0 6.0 290.0
5.0 285.0 6.0 290.0
61.0 405.0 43.0 391.0
60.0 405.0 43.0 391.0
343.0 416.0 340.0 400.0
267.0 30.0 266.0 24.0
