171.0 272.0 167.0 286.0
390.0 500.0 390.0 513.0
322.0 92.0 317.0 107.0
322.0 93.0 317.0 107.0
391.0 500.0 390.0 513.0
363.0 550.0 362.0 564.0
266.0 549.0 265.0 566.0
390.0 501.0 389.0 514.0
267.0 550.0 265.0 567.0
364.0 550.0 362.0 564.0
381.0 353.0 378.0 367.0
364.0 551.0 362.0 565.0
323.0 92.0 317.0 107.0
267.0 548.0 265.0 566.0
382.0 353.0 378.0 367.0
237.0 528.0 234.0 543.0
391.0 501.0 389.0 514.0
390.0 502.0 389.0 514.0
266.0 550.0 265.0 567.0
236.0 529.0 234.0 543.0
391.0 502.0 389.0 514.0
390.0 503.0 389.0 516.0
363.0 549.0 362.0 564.0
237.0 529.0 234.0 543.0
267.0 549.0 265.0 566.0
323.0 489.0 321.0 502.0
364.0 549.0 362.0 564.0
322.0 488.0 320.0 503.0
142.0 413.0 137.0 432.0
364.0 394.0 362.0 405.0
323.0 488.0 321.0 502.0
363.0 393.0 361.0 405.0
363.0 392.0 361.0 405.0
172.0 272.0 167.0 286.0
323.0 93.0 317.0 108.0
364.0 393.0 362.0 405.0
236.0 528.0 234.0 543.0
321.0 420.0 319.0 434.0
471.0 556.0 470.0 568.0
321.0 419.0 319.0 434.0
143.0 412.0 137.0 432.0
142.0 412.0 137.0 432.0
322.0 490.0 320.0 503.0
365.0 393.0 362.0 404.0
456.0 543.0 454.0 558.0
364.0 391.0 362.0 404.0
322.0 489.0 320.0 503.0
365.0 394.0 362.0 404.0
323.0 490.0 321.0 502.0
268.0 550.0 265.0 567.0
310.0 407.0 309.0 421.0
108.0 254.0 105.0 267.0
322.0 421.0 319.0 434.0
391.0 503.0 389.0 516.0
102.0 140.0 97.0 154.0
267.0 551.0 265.0 567.0
322.0 487.0 321.0 501.0
102.0 139.0 97.0 154.0
354.0 293.0 350.0 304.0
236.0 530.0 234.0 543.0
365.0 392.0 362.0 404.0
310.0 408.0 309.0 421.0
193.0 182.0 190.0 197.0
470.0 556.0 470.0 568.0
336.0 340.0 332.0 354.0
235.0 529.0 234.0 543.0
101.0 140.0 97.0 154.0
101.0 139.0 97.0 154.0
266.0 551.0 265.0 567.0
346.0 381.0 342.0 395.0
143.0 413.0 137.0 432.0
378.0 380.0 376.0 392.0
355.0 292.0 351.0 305.0
189.0 277.0 186.0 291.0
355.0 293.0 350.0 304.0
237.0 530.0 234.0 543.0
471.0 555.0 470.0 568.0
364.0 392.0 362.0 404.0
268.0 549.0 265.0 566.0
363.0 548.0 362.0 564.0
438.0 353.0 435.0 365.0
356.0 292.0 351.0 305.0
322.0 491.0 320.0 503.0
281.0 458.0 278.0 470.0
471.0 557.0 470.0 568.0
188.0 278.0 185.0 292.0
225.0 268.0 222.0 280.0
236.0 527.0 234.0 543.0
158.0 166.0 154.0 181.0
289.0 492.0 287.0 507.0
281.0 457.0 278.0 470.0
300.0 462.0 299.0 476.0
224.0 268.0 222.0 280.0
301.0 461.0 299.0 475.0
470.0 555.0 470.0 568.0
225.0 269.0 222.0 280.0
311.0 409.0 309.0 421.0
379.0 379.0 376.0 392.0
364.0 548.0 362.0 564.0
430.0 334.0 427.0 346.0
108.0 253.0 105.0 267.0
163.0 269.0 159.0 282.0
438.0 352.0 435.0 365.0
158.0 370.0 152.0 390.0
234.0 243.0 230.0 256.0
347.0 421.0 345.0 432.0
224.0 269.0 222.0 280.0
42.0 563.0 37.0 580.0
322.0 420.0 319.0 434.0
333.0 403.0 332.0 415.0
323.0 91.0 317.0 106.0
352.0 572.0 351.0 587.0
235.0 528.0 234.0 543.0
162.0 269.0 159.0 282.0
42.0 564.0 37.0 580.0
281.0 459.0 279.0 471.0
300.0 463.0 299.0 476.0
437.0 353.0 434.0 365.0
379.0 380.0 376.0 392.0
407.0 124.0 401.0 139.0
336.0 339.0 332.0 354.0
322.0 419.0 319.0 433.0
9.0 237.0 4.0 250.0
355.0 294.0 350.0 304.0
437.0 354.0 434.0 365.0
107.0 501.0 104.0 520.0
301.0 462.0 300.0 476.0
108.0 500.0 104.0 520.0
302.0 483.0 300.0 499.0
408.0 124.0 401.0 139.0
361.0 475.0 359.0 489.0
59.0 564.0 54.0 580.0
103.0 139.0 97.0 154.0
345.0 382.0 342.0 395.0
310.0 406.0 309.0 421.0
189.0 278.0 186.0 291.0
164.0 353.0 152.0 390.0
408.0 125.0 401.0 139.0
43.0 563.0 37.0 580.0
99.0 251.0 95.0 265.0
192.0 182.0 190.0 197.0
159.0 166.0 154.0 181.0
311.0 408.0 309.0 421.0
43.0 564.0 37.0 580.0
219.0 191.0 215.0 206.0
60.0 565.0 54.0 581.0
224.0 267.0 222.0 280.0
352.0 571.0 351.0 587.0
166.0 170.0 162.0 185.0
188.0 279.0 185.0 292.0
361.0 474.0 358.0 487.0
346.0 382.0 342.0 395.0
348.0 421.0 346.0 432.0
282.0 458.0 278.0 470.0
8.0 237.0 4.0 250.0
416.0 107.0 408.0 122.0
43.0 565.0 37.0 580.0
354.0 294.0 350.0 304.0
303.0 484.0 300.0 500.0
315.0 278.0 310.0 291.0
303.0 485.0 300.0 500.0
371.0 369.0 369.0 381.0
163.0 270.0 159.0 283.0
409.0 125.0 401.0 139.0
284.0 505.0 281.0 520.0
353.0 572.0 352.0 586.0
158.0 165.0 154.0 181.0
262.0 253.0 259.0 266.0
225.0 267.0 222.0 280.0
220.0 191.0 215.0 206.0
353.0 571.0 352.0 586.0
107.0 500.0 104.0 520.0
190.0 279.0 186.0 291.0
193.0 183.0 190.0 197.0
409.0 124.0 401.0 139.0
76.0 101.0 73.0 116.0
430.0 333.0 427.0 346.0
11.0 229.0 8.0 242.0
302.0 485.0 300.0 500.0
378.0 381.0 376.0 393.0
8.0 236.0 4.0 250.0
59.0 565.0 54.0 580.0
7.0 237.0 4.0 250.0
321.0 490.0 320.0 502.0
301.0 484.0 300.0 500.0
262.0 252.0 259.0 266.0
252.0 568.0 250.0 584.0
315.0 279.0 310.0 291.0
251.0 569.0 250.0 584.0
361.0 473.0 358.0 487.0
312.0 373.0 308.0 387.0
302.0 484.0 300.0 500.0
34.0 324.0 29.0 336.0
159.0 165.0 162.0 185.0
67.0 566.0 62.0 582.0
300.0 461.0 299.0 476.0
79.0 527.0 75.0 543.0
303.0 483.0 301.0 498.0
66.0 566.0 62.0 582.0
74.0 544.0 70.0 560.0
395.0 321.0 389.0 334.0
316.0 280.0 310.0 291.0
109.0 253.0 105.0 267.0
309.0 407.0 309.0 421.0
301.0 463.0 300.0 476.0
78.0 527.0 75.0 543.0
190.0 278.0 186.0 291.0
462.0 371.0 459.0 382.0
99.0 252.0 105.0 267.0
380.0 467.0 378.0 481.0
462.0 372.0 459.0 382.0
100.0 251.0 95.0 265.0
33.0 324.0 29.0 336.0
8.0 238.0 4.0 250.0
288.0 188.0 282.0 202.0
360.0 476.0 358.0 490.0
462.0 370.0 459.0 382.0
234.0 244.0 230.0 256.0
356.0 293.0 351.0 305.0
434.0 230.0 429.0 242.0
144.0 265.0 140.0 278.0
439.0 352.0 435.0 365.0
313.0 373.0 308.0 387.0
312.0 374.0 308.0 387.0
380.0 380.0 376.0 392.0
79.0 528.0 75.0 543.0
462.0 373.0 459.0 383.0
150.0 391.0 152.0 390.0
58.0 565.0 54.0 580.0
150.0 392.0 152.0 390.0
316.0 279.0 310.0 291.0
275.0 481.0 273.0 496.0
394.0 321.0 390.0 334.0
431.0 333.0 427.0 346.0
158.0 369.0 152.0 390.0
425.0 132.0 418.0 145.0
58.0 338.0 53.0 353.0
360.0 474.0 358.0 487.0
276.0 481.0 273.0 496.0
252.0 569.0 250.0 584.0
439.0 353.0 435.0 365.0
287.0 188.0 282.0 201.0
360.0 475.0 358.0 487.0
16.0 76.0 13.0 90.0
438.0 354.0 434.0 365.0
463.0 373.0 459.0 383.0
20.0 557.0 14.0 573.0
263.0 252.0 259.0 266.0
315.0 280.0 310.0 291.0
394.0 322.0 390.0 334.0
220.0 192.0 215.0 206.0
172.0 331.0 152.0 390.0
113.0 126.0 109.0 141.0
19.0 558.0 14.0 573.0
11.0 230.0 8.0 242.0
301.0 509.0 299.0 523.0
298.0 164.0 292.0 177.0
462.0 374.0 459.0 383.0
189.0 279.0 186.0 291.0
130.0 152.0 127.0 166.0
300.0 508.0 299.0 523.0
219.0 192.0 214.0 206.0
435.0 231.0 430.0 242.0
354.0 571.0 352.0 586.0
463.0 372.0 459.0 382.0
353.0 573.0 352.0 586.0
276.0 480.0 273.0 496.0
275.0 482.0 273.0 496.0
373.0 288.0 369.0 300.0
439.0 354.0 435.0 366.0
144.0 264.0 140.0 278.0
131.0 152.0 127.0 166.0
25.0 89.0 22.0 105.0
283.0 505.0 281.0 520.0
82.0 570.0 77.0 586.0
74.0 543.0 70.0 560.0
158.0 368.0 152.0 390.0
370.0 369.0 368.0 381.0
425.0 133.0 418.0 146.0
301.0 508.0 299.0 523.0
316.0 278.0 310.0 291.0
373.0 287.0 369.0 300.0
263.0 253.0 259.0 266.0
435.0 232.0 429.0 243.0
435.0 230.0 430.0 242.0
192.0 183.0 190.0 197.0
463.0 371.0 459.0 382.0
33.0 325.0 29.0 336.0
431.0 334.0 427.0 346.0
75.0 543.0 70.0 560.0
314.0 279.0 310.0 291.0
191.0 182.0 190.0 197.0
437.0 352.0 434.0 365.0
191.0 181.0 190.0 197.0
132.0 152.0 128.0 167.0
346.0 383.0 342.0 396.0
238.0 232.0 233.0 246.0
461.0 393.0 459.0 403.0
298.0 163.0 292.0 177.0
395.0 320.0 390.0 334.0
198.0 346.0 193.0 365.0
416.0 278.0 412.0 291.0
77.0 101.0 73.0 116.0
78.0 528.0 74.0 543.0
379.0 381.0 376.0 392.0
238.0 233.0 233.0 246.0
263.0 254.0 259.0 267.0
287.0 187.0 282.0 201.0
463.0 394.0 460.0 403.0
302.0 424.0 300.0 437.0
395.0 319.0 390.0 334.0
34.0 325.0 29.0 336.0
297.0 165.0 292.0 177.0
288.0 187.0 282.0 201.0
218.0 191.0 214.0 205.0
74.0 542.0 70.0 559.0
394.0 320.0 389.0 333.0
263.0 251.0 259.0 265.0
317.0 279.0 310.0 291.0
136.0 262.0 132.0 275.0
19.0 559.0 14.0 574.0
434.0 231.0 429.0 242.0
268.0 458.0 265.0 473.0
20.0 558.0 14.0 573.0
380.0 468.0 378.0 481.0
157.0 370.0 152.0 390.0
289.0 186.0 282.0 201.0
82.0 571.0 77.0 586.0
462.0 394.0 459.0 403.0
351.0 327.0 348.0 339.0
462.0 393.0 460.0 403.0
314.0 278.0 310.0 291.0
75.0 542.0 70.0 559.0
351.0 326.0 348.0 339.0
424.0 133.0 418.0 146.0
288.0 186.0 282.0 201.0
83.0 570.0 79.0 586.0
16.0 317.0 12.0 330.0
417.0 278.0 412.0 291.0
297.0 164.0 292.0 177.0
174.0 174.0 162.0 185.0
154.0 267.0 149.0 279.0
127.0 259.0 131.0 275.0
288.0 185.0 282.0 201.0
58.0 337.0 54.0 353.0
73.0 544.0 70.0 560.0
126.0 259.0 131.0 275.0
73.0 543.0 70.0 559.0
17.0 318.0 12.0 330.0
276.0 482.0 273.0 496.0
297.0 162.0 292.0 177.0
417.0 279.0 412.0 291.0
296.0 163.0 292.0 177.0
286.0 187.0 282.0 201.0
289.0 187.0 283.0 201.0
432.0 333.0 427.0 346.0
436.0 230.0 430.0 242.0
352.0 325.0 348.0 339.0
380.0 381.0 376.0 392.0
287.0 186.0 282.0 201.0
126.0 258.0 131.0 275.0
297.0 163.0 292.0 177.0
95.0 110.0 73.0 115.0
463.0 393.0 460.0 403.0
174.0 173.0 162.0 185.0
96.0 110.0 73.0 115.0
17.0 317.0 12.0 330.0
16.0 318.0 12.0 330.0
424.0 134.0 418.0 146.0
127.0 258.0 131.0 275.0
83.0 571.0 78.0 586.0
44.0 98.0 41.0 114.0
175.0 173.0 162.0 185.0
6.0 73.0 12.0 90.0
352.0 326.0 348.0 339.0
379.0 382.0 376.0 393.0
56.0 93.0 72.0 115.0
45.0 98.0 41.0 114.0
44.0 97.0 41.0 114.0
56.0 94.0 72.0 115.0
175.0 174.0 162.0 185.0
352.0 327.0 348.0 339.0
310.0 605.0 310.0 620.0
311.0 605.0 310.0 620.0
30.0 228.0 35.0 246.0
310.0 604.0 310.0 620.0
451.0 93.0 444.0 107.0
311.0 604.0 310.0 620.0
312.0 606.0 310.0 620.0
311.0 606.0 310.0 620.0
127.0 455.0 112.0 496.0
449.0 94.0 444.0 107.0
312.0 604.0 310.0 620.0
126.0 454.0 112.0 496.0
312.0 605.0 310.0 620.0
449.0 93.0 444.0 107.0
451.0 92.0 444.0 107.0
217.0 597.0 214.0 612.0
450.0 93.0 444.0 107.0
311.0 603.0 310.0 620.0
127.0 453.0 112.0 496.0
127.0 454.0 112.0 496.0
217.0 596.0 214.0 612.0
61.0 332.0 38.0 341.0
450.0 94.0 444.0 107.0
94.0 118.0 109.0 141.0
451.0 94.0 444.0 107.0
450.0 95.0 444.0 107.0
27.0 81.0 22.0 105.0
26.0 81.0 13.0 90.0
375.0 330.0 373.0 326.0
211.0 627.0 215.0 613.0
289.0 403.0 293.0 399.0
289.0 404.0 293.0 399.0
158.0 66.0 159.0 103.0
158.0 65.0 159.0 103.0
