19.0 396.0 20.0 442.0
320.0 147.0 322.0 189.0
320.0 146.0 323.0 188.0
320.0 148.0 322.0 190.0
187.0 285.0 192.0 323.0
239.0 267.0 243.0 308.0
179.0 106.0 185.0 149.0
205.0 290.0 211.0 330.0
205.0 289.0 210.0 329.0
238.0 267.0 243.0 308.0
239.0 268.0 243.0 308.0
321.0 146.0 323.0 188.0
238.0 266.0 243.0 308.0
320.0 149.0 322.0 190.0
206.0 290.0 211.0 330.0
195.0 194.0 198.0 235.0
179.0 105.0 185.0 149.0
19.0 395.0 20.0 442.0
321.0 147.0 323.0 188.0
314.0 257.0 318.0 295.0
186.0 286.0 192.0 325.0
162.0 138.0 164.0 182.0
321.0 148.0 323.0 190.0
180.0 105.0 185.0 149.0
239.0 266.0 243.0 308.0
58.0 497.0 59.0 544.0
314.0 258.0 318.0 295.0
58.0 498.0 59.0 544.0
179.0 104.0 185.0 149.0
196.0 194.0 198.0 235.0
238.0 265.0 243.0 308.0
143.0 178.0 147.0 220.0
206.0 291.0 211.0 330.0
180.0 104.0 185.0 149.0
239.0 265.0 243.0 306.0
313.0 258.0 318.0 295.0
73.0 483.0 75.0 531.0
186.0 285.0 192.0 325.0
196.0 193.0 198.0 235.0
313.0 259.0 318.0 295.0
162.0 140.0 165.0 181.0
206.0 289.0 211.0 330.0
142.0 179.0 147.0 220.0
72.0 483.0 75.0 531.0
195.0 195.0 198.0 235.0
143.0 179.0 147.0 220.0
44.0 390.0 45.0 436.0
180.0 103.0 185.0 149.0
314.0 256.0 318.0 293.0
185.0 285.0 192.0 325.0
162.0 139.0 165.0 182.0
186.0 284.0 192.0 325.0
242.0 170.0 246.0 209.0
312.0 259.0 318.0 295.0
196.0 195.0 198.0 235.0
162.0 141.0 166.0 183.0
242.0 169.0 246.0 209.0
313.0 260.0 318.0 295.0
163.0 139.0 165.0 181.0
179.0 103.0 185.0 149.0
313.0 257.0 318.0 295.0
83.0 211.0 90.0 253.0
163.0 140.0 166.0 183.0
44.0 403.0 44.0 454.0
186.0 283.0 192.0 323.0
44.0 402.0 44.0 453.0
243.0 169.0 246.0 209.0
103.0 407.0 105.0 449.0
161.0 140.0 165.0 182.0
185.0 284.0 192.0 325.0
45.0 390.0 45.0 436.0
326.0 277.0 332.0 316.0
313.0 256.0 318.0 293.0
312.0 258.0 318.0 295.0
72.0 482.0 75.0 531.0
243.0 170.0 246.0 209.0
326.0 278.0 332.0 316.0
142.0 180.0 147.0 220.0
325.0 278.0 332.0 316.0
58.0 499.0 59.0 544.0
312.0 257.0 318.0 295.0
185.0 283.0 192.0 323.0
44.0 391.0 45.0 436.0
325.0 277.0 332.0 316.0
59.0 498.0 59.0 544.0
59.0 497.0 59.0 544.0
327.0 277.0 332.0 315.0
45.0 391.0 45.0 436.0
307.0 281.0 315.0 318.0
74.0 483.0 75.0 531.0
326.0 279.0 332.0 316.0
229.0 236.0 235.0 274.0
73.0 482.0 75.0 531.0
84.0 212.0 90.0 253.0
327.0 279.0 332.0 316.0
8.0 475.0 7.0 521.0
124.0 61.0 128.0 104.0
9.0 475.0 8.0 521.0
83.0 212.0 90.0 253.0
320.0 100.0 320.0 140.0
124.0 60.0 128.0 104.0
438.0 116.0 438.0 149.0
57.0 516.0 61.0 563.0
441.0 140.0 444.0 171.0
8.0 474.0 8.0 521.0
7.0 477.0 7.0 521.0
82.0 212.0 90.0 253.0
18.0 420.0 23.0 471.0
327.0 278.0 332.0 316.0
143.0 180.0 147.0 220.0
228.0 235.0 236.0 273.0
8.0 476.0 7.0 521.0
83.0 213.0 90.0 253.0
74.0 482.0 75.0 530.0
229.0 235.0 236.0 273.0
18.0 422.0 23.0 471.0
59.0 499.0 59.0 544.0
80.0 406.0 82.0 446.0
321.0 100.0 320.0 140.0
229.0 234.0 236.0 273.0
18.0 421.0 23.0 471.0
9.0 476.0 7.0 521.0
8.0 477.0 7.0 521.0
7.0 475.0 7.0 521.0
8.0 478.0 7.0 521.0
82.0 213.0 90.0 253.0
440.0 141.0 444.0 172.0
7.0 476.0 7.0 521.0
180.0 142.0 183.0 186.0
441.0 141.0 444.0 172.0
228.0 234.0 234.0 272.0
75.0 482.0 77.0 530.0
229.0 233.0 234.0 272.0
228.0 233.0 234.0 272.0
322.0 164.0 327.0 204.0
105.0 494.0 110.0 534.0
142.0 181.0 147.0 220.0
228.0 236.0 235.0 274.0
73.0 481.0 75.0 530.0
438.0 118.0 439.0 150.0
180.0 143.0 183.0 186.0
83.0 214.0 90.0 253.0
123.0 62.0 128.0 105.0
74.0 481.0 75.0 530.0
441.0 142.0 444.0 172.0
75.0 481.0 75.0 530.0
200.0 406.0 204.0 449.0
143.0 181.0 147.0 220.0
438.0 117.0 438.0 149.0
56.0 516.0 61.0 562.0
105.0 493.0 110.0 534.0
83.0 418.0 88.0 462.0
132.0 518.0 141.0 562.0
137.0 237.0 143.0 277.0
323.0 164.0 327.0 204.0
142.0 182.0 147.0 220.0
123.0 61.0 128.0 104.0
437.0 116.0 438.0 149.0
322.0 163.0 327.0 204.0
219.0 442.0 226.0 487.0
440.0 142.0 444.0 172.0
70.0 397.0 82.0 443.0
438.0 119.0 439.0 150.0
199.0 406.0 204.0 449.0
437.0 117.0 438.0 149.0
118.0 202.0 122.0 240.0
132.0 517.0 141.0 562.0
238.0 510.0 248.0 555.0
69.0 397.0 82.0 443.0
137.0 238.0 143.0 277.0
323.0 163.0 327.0 204.0
123.0 95.0 128.0 138.0
200.0 407.0 204.0 449.0
123.0 97.0 129.0 139.0
436.0 119.0 439.0 151.0
436.0 118.0 439.0 150.0
78.0 523.0 76.0 573.0
320.0 101.0 320.0 140.0
219.0 441.0 226.0 487.0
436.0 117.0 438.0 149.0
170.0 474.0 177.0 518.0
219.0 443.0 226.0 487.0
437.0 118.0 439.0 150.0
238.0 509.0 248.0 555.0
133.0 517.0 141.0 562.0
199.0 407.0 204.0 449.0
271.0 454.0 281.0 496.0
83.0 419.0 88.0 462.0
57.0 517.0 61.0 563.0
214.0 141.0 220.0 187.0
323.0 162.0 327.0 204.0
105.0 495.0 110.0 534.0
77.0 521.0 76.0 573.0
143.0 182.0 147.0 220.0
133.0 518.0 141.0 562.0
118.0 200.0 122.0 240.0
237.0 510.0 248.0 555.0
220.0 442.0 226.0 487.0
437.0 119.0 439.0 150.0
56.0 517.0 61.0 563.0
136.0 237.0 143.0 277.0
32.0 167.0 38.0 212.0
32.0 166.0 38.0 212.0
169.0 474.0 177.0 517.0
104.0 495.0 110.0 534.0
123.0 96.0 128.0 138.0
104.0 494.0 110.0 534.0
136.0 239.0 143.0 277.0
57.0 518.0 61.0 563.0
142.0 183.0 147.0 220.0
32.0 168.0 38.0 212.0
272.0 454.0 281.0 496.0
236.0 413.0 244.0 461.0
137.0 236.0 143.0 277.0
271.0 453.0 281.0 496.0
271.0 452.0 281.0 496.0
77.0 522.0 76.0 573.0
136.0 238.0 143.0 277.0
118.0 203.0 122.0 240.0
8.0 479.0 7.0 521.0
58.0 518.0 61.0 563.0
319.0 102.0 320.0 140.0
136.0 235.0 143.0 277.0
238.0 508.0 248.0 555.0
320.0 102.0 320.0 140.0
319.0 103.0 320.0 140.0
67.0 396.0 82.0 443.0
68.0 396.0 82.0 443.0
322.0 162.0 327.0 204.0
321.0 101.0 320.0 140.0
271.0 451.0 281.0 496.0
136.0 236.0 143.0 277.0
237.0 509.0 248.0 555.0
272.0 453.0 281.0 496.0
133.0 519.0 141.0 562.0
118.0 201.0 122.0 240.0
58.0 517.0 61.0 563.0
135.0 238.0 143.0 277.0
135.0 237.0 143.0 277.0
235.0 414.0 244.0 461.0
104.0 496.0 110.0 534.0
264.0 407.0 273.0 442.0
122.0 94.0 128.0 138.0
272.0 452.0 281.0 496.0
235.0 412.0 244.0 461.0
32.0 169.0 38.0 212.0
32.0 165.0 38.0 212.0
122.0 95.0 128.0 138.0
220.0 441.0 226.0 487.0
79.0 522.0 76.0 574.0
122.0 96.0 128.0 138.0
264.0 406.0 273.0 443.0
105.0 496.0 110.0 534.0
170.0 473.0 177.0 518.0
56.0 518.0 61.0 563.0
135.0 236.0 143.0 277.0
78.0 521.0 76.0 573.0
42.0 436.0 47.0 484.0
264.0 405.0 273.0 443.0
370.0 91.0 372.0 131.0
235.0 413.0 244.0 461.0
78.0 522.0 76.0 573.0
132.0 519.0 141.0 562.0
42.0 437.0 47.0 484.0
263.0 406.0 273.0 443.0
32.0 164.0 38.0 212.0
218.0 441.0 226.0 487.0
371.0 92.0 372.0 131.0
119.0 201.0 122.0 240.0
370.0 93.0 372.0 131.0
457.0 109.0 459.0 132.0
198.0 123.0 203.0 160.0
170.0 472.0 177.0 518.0
339.0 136.0 338.0 183.0
321.0 102.0 320.0 140.0
253.0 325.0 260.0 366.0
219.0 440.0 226.0 487.0
169.0 473.0 177.0 518.0
169.0 472.0 177.0 518.0
320.0 103.0 320.0 140.0
339.0 137.0 338.0 183.0
370.0 92.0 372.0 131.0
458.0 109.0 459.0 132.0
261.0 362.0 268.0 396.0
42.0 435.0 47.0 484.0
253.0 326.0 260.0 366.0
41.0 436.0 47.0 484.0
170.0 471.0 177.0 518.0
371.0 93.0 372.0 131.0
339.0 135.0 338.0 183.0
458.0 110.0 459.0 132.0
31.0 189.0 37.0 234.0
153.0 507.0 158.0 553.0
457.0 110.0 460.0 131.0
153.0 508.0 158.0 553.0
262.0 362.0 268.0 396.0
457.0 111.0 460.0 131.0
187.0 140.0 183.0 186.0
261.0 364.0 268.0 396.0
187.0 141.0 183.0 186.0
31.0 187.0 38.0 233.0
41.0 435.0 47.0 484.0
458.0 111.0 460.0 131.0
41.0 437.0 47.0 484.0
261.0 363.0 268.0 396.0
262.0 364.0 268.0 396.0
262.0 363.0 268.0 396.0
31.0 188.0 38.0 233.0
30.0 185.0 38.0 233.0
30.0 187.0 37.0 234.0
30.0 189.0 37.0 234.0
253.0 327.0 260.0 366.0
169.0 471.0 178.0 517.0
457.0 112.0 460.0 131.0
30.0 188.0 37.0 234.0
192.0 80.0 203.0 136.0
188.0 141.0 183.0 186.0
456.0 111.0 460.0 131.0
41.0 434.0 47.0 484.0
41.0 433.0 47.0 484.0
339.0 134.0 338.0 183.0
188.0 140.0 183.0 186.0
294.0 137.0 296.0 190.0
30.0 186.0 37.0 234.0
97.0 210.0 90.0 253.0
99.0 211.0 90.0 253.0
192.0 79.0 203.0 136.0
294.0 136.0 296.0 190.0
98.0 210.0 90.0 253.0
293.0 137.0 296.0 190.0
111.0 560.0 141.0 560.0
302.0 36.0 305.0 78.0
294.0 135.0 296.0 190.0
110.0 561.0 140.0 561.0
111.0 559.0 141.0 560.0
302.0 37.0 305.0 78.0
303.0 35.0 305.0 78.0
110.0 559.0 141.0 560.0
110.0 560.0 141.0 560.0
111.0 558.0 141.0 560.0
292.0 137.0 296.0 190.0
303.0 38.0 305.0 78.0
110.0 558.0 141.0 560.0
303.0 36.0 305.0 78.0
293.0 136.0 296.0 190.0
303.0 34.0 305.0 78.0
123.0 488.0 127.0 518.0
304.0 36.0 305.0 78.0
99.0 210.0 90.0 253.0
255.0 154.0 267.0 192.0
303.0 37.0 305.0 78.0
304.0 35.0 305.0 78.0
293.0 135.0 296.0 190.0
126.0 464.0 140.0 495.0
304.0 37.0 305.0 78.0
99.0 209.0 90.0 253.0
109.0 558.0 141.0 560.0
109.0 560.0 141.0 560.0
123.0 489.0 127.0 518.0
100.0 210.0 90.0 253.0
87.0 475.0 97.0 524.0
86.0 475.0 97.0 524.0
109.0 559.0 141.0 560.0
87.0 474.0 97.0 524.0
75.0 415.0 87.0 460.0
75.0 414.0 87.0 460.0
