200.0 547.0 201.0 546.0
201.0 547.0 201.0 546.0
457.0 402.0 458.0 400.0
457.0 403.0 458.0 400.0
367.0 47.0 366.0 45.0
458.0 403.0 458.0 400.0
268.0 320.0 267.0 319.0
32.0 542.0 32.0 542.0
312.0 165.0 310.0 164.0
155.0 627.0 155.0 626.0
289.0 411.0 289.0 409.0
269.0 321.0 268.0 320.0
75.0 425.0 74.0 425.0
367.0 46.0 366.0 45.0
269.0 320.0 268.0 320.0
200.0 355.0 199.0 356.0
123.0 631.0 123.0 630.0
107.0 528.0 108.0 528.0
363.0 513.0 364.0 512.0
416.0 431.0 416.0 428.0
123.0 630.0 123.0 630.0
124.0 630.0 123.0 630.0
368.0 47.0 366.0 44.0
289.0 409.0 289.0 408.0
368.0 46.0 366.0 44.0
458.0 402.0 458.0 400.0
367.0 45.0 365.0 44.0
390.0 450.0 390.0 448.0
394.0 540.0 395.0 538.0
15.0 538.0 15.0 539.0
347.0 171.0 345.0 169.0
154.0 627.0 155.0 625.0
9.0 611.0 10.0 612.0
153.0 626.0 154.0 625.0
9.0 612.0 10.0 612.0
268.0 321.0 268.0 320.0
429.0 564.0 430.0 562.0
430.0 563.0 431.0 561.0
321.0 565.0 322.0 563.0
363.0 512.0 364.0 511.0
373.0 480.0 373.0 479.0
288.0 254.0 287.0 252.0
312.0 163.0 311.0 163.0
394.0 541.0 395.0 538.0
395.0 540.0 396.0 538.0
108.0 528.0 108.0 528.0
295.0 236.0 293.0 235.0
199.0 355.0 198.0 355.0
368.0 45.0 366.0 44.0
436.0 280.0 436.0 278.0
19.0 329.0 18.0 329.0
288.0 409.0 288.0 408.0
122.0 631.0 123.0 630.0
289.0 410.0 289.0 408.0
200.0 356.0 199.0 356.0
348.0 485.0 349.0 483.0
18.0 329.0 17.0 329.0
437.0 280.0 436.0 278.0
312.0 164.0 311.0 163.0
457.0 404.0 458.0 401.0
18.0 330.0 17.0 329.0
154.0 625.0 155.0 624.0
107.0 529.0 108.0 528.0
288.0 412.0 289.0 408.0
213.0 425.0 213.0 422.0
17.0 513.0 16.0 513.0
311.0 165.0 310.0 164.0
153.0 625.0 154.0 624.0
365.0 348.0 366.0 347.0
110.0 339.0 109.0 338.0
362.0 512.0 364.0 512.0
110.0 338.0 109.0 338.0
122.0 630.0 123.0 630.0
295.0 235.0 293.0 235.0
15.0 537.0 15.0 539.0
288.0 411.0 289.0 408.0
362.0 513.0 363.0 512.0
429.0 565.0 430.0 562.0
82.0 548.0 82.0 547.0
154.0 626.0 155.0 625.0
269.0 322.0 268.0 321.0
364.0 349.0 365.0 347.0
75.0 426.0 73.0 426.0
389.0 450.0 390.0 448.0
390.0 449.0 391.0 448.0
389.0 449.0 391.0 448.0
17.0 329.0 17.0 329.0
395.0 539.0 395.0 538.0
287.0 410.0 288.0 408.0
73.0 426.0 73.0 426.0
201.0 355.0 199.0 356.0
356.0 559.0 357.0 556.0
407.0 373.0 407.0 372.0
437.0 279.0 436.0 278.0
369.0 46.0 366.0 44.0
357.0 559.0 358.0 557.0
364.0 348.0 365.0 347.0
366.0 441.0 367.0 440.0
311.0 164.0 311.0 163.0
108.0 529.0 108.0 528.0
366.0 443.0 367.0 441.0
395.0 182.0 394.0 181.0
322.0 565.0 323.0 563.0
155.0 626.0 155.0 625.0
323.0 565.0 323.0 563.0
199.0 356.0 199.0 356.0
363.0 514.0 363.0 512.0
105.0 629.0 106.0 629.0
327.0 489.0 328.0 486.0
106.0 630.0 106.0 629.0
429.0 563.0 431.0 561.0
324.0 565.0 324.0 563.0
74.0 426.0 73.0 426.0
74.0 425.0 74.0 425.0
436.0 279.0 436.0 278.0
64.0 523.0 64.0 522.0
430.0 564.0 431.0 561.0
223.0 265.0 223.0 265.0
244.0 305.0 243.0 304.0
347.0 486.0 349.0 483.0
419.0 345.0 418.0 344.0
371.0 367.0 371.0 366.0
463.0 25.0 461.0 22.0
356.0 557.0 358.0 556.0
380.0 275.0 380.0 274.0
293.0 353.0 292.0 352.0
380.0 276.0 380.0 274.0
322.0 566.0 323.0 563.0
434.0 151.0 433.0 149.0
332.0 532.0 333.0 530.0
56.0 423.0 55.0 423.0
370.0 367.0 371.0 366.0
432.0 393.0 432.0 391.0
18.0 513.0 17.0 513.0
328.0 490.0 328.0 486.0
365.0 349.0 366.0 347.0
241.0 314.0 241.0 313.0
367.0 384.0 367.0 383.0
369.0 47.0 366.0 44.0
332.0 457.0 334.0 454.0
135.0 596.0 135.0 595.0
213.0 424.0 213.0 422.0
106.0 629.0 106.0 629.0
367.0 442.0 367.0 440.0
356.0 558.0 357.0 556.0
9.0 613.0 10.0 612.0
288.0 410.0 289.0 408.0
271.0 611.0 272.0 610.0
212.0 425.0 213.0 423.0
82.0 428.0 74.0 427.0
135.0 595.0 135.0 595.0
10.0 612.0 10.0 612.0
323.0 340.0 323.0 338.0
83.0 428.0 74.0 427.0
106.0 628.0 106.0 628.0
134.0 596.0 135.0 595.0
367.0 385.0 367.0 383.0
414.0 190.0 414.0 188.0
64.0 524.0 64.0 523.0
50.0 544.0 49.0 544.0
367.0 441.0 367.0 440.0
348.0 486.0 349.0 483.0
57.0 424.0 55.0 424.0
82.0 547.0 82.0 547.0
314.0 464.0 315.0 463.0
213.0 422.0 213.0 422.0
213.0 423.0 213.0 422.0
107.0 630.0 106.0 629.0
389.0 448.0 391.0 448.0
366.0 442.0 367.0 441.0
133.0 598.0 135.0 596.0
458.0 99.0 457.0 98.0
362.0 514.0 363.0 512.0
463.0 24.0 461.0 22.0
426.0 618.0 427.0 615.0
271.0 612.0 272.0 610.0
294.0 235.0 293.0 235.0
213.0 421.0 213.0 422.0
428.0 234.0 426.0 232.0
295.0 533.0 296.0 532.0
323.0 566.0 323.0 563.0
335.0 554.0 336.0 552.0
366.0 349.0 366.0 347.0
18.0 514.0 17.0 514.0
291.0 353.0 291.0 352.0
64.0 522.0 64.0 522.0
347.0 487.0 349.0 483.0
420.0 345.0 418.0 344.0
292.0 354.0 292.0 353.0
322.0 340.0 322.0 338.0
335.0 556.0 335.0 553.0
401.0 437.0 401.0 434.0
324.0 340.0 323.0 338.0
10.0 613.0 10.0 612.0
287.0 411.0 288.0 408.0
334.0 456.0 335.0 454.0
333.0 532.0 333.0 530.0
427.0 233.0 426.0 232.0
464.0 25.0 462.0 22.0
417.0 136.0 417.0 134.0
324.0 566.0 324.0 563.0
434.0 209.0 433.0 209.0
394.0 539.0 395.0 538.0
357.0 557.0 359.0 555.0
223.0 267.0 223.0 266.0
374.0 480.0 373.0 479.0
57.0 423.0 55.0 423.0
367.0 443.0 367.0 441.0
296.0 533.0 296.0 532.0
223.0 266.0 223.0 265.0
201.0 356.0 199.0 356.0
388.0 449.0 390.0 448.0
289.0 254.0 288.0 253.0
401.0 436.0 401.0 434.0
107.0 629.0 106.0 629.0
10.0 611.0 10.0 612.0
241.0 313.0 240.0 312.0
434.0 150.0 433.0 149.0
134.0 597.0 135.0 595.0
393.0 540.0 395.0 538.0
17.0 514.0 16.0 514.0
57.0 422.0 55.0 423.0
224.0 265.0 223.0 265.0
458.0 100.0 457.0 98.0
315.0 464.0 315.0 463.0
289.0 253.0 287.0 252.0
305.0 632.0 307.0 630.0
242.0 313.0 242.0 312.0
84.0 334.0 81.0 333.0
367.0 386.0 367.0 383.0
237.0 330.0 236.0 329.0
292.0 353.0 292.0 353.0
416.0 608.0 417.0 606.0
464.0 24.0 461.0 22.0
235.0 337.0 234.0 337.0
305.0 633.0 307.0 630.0
328.0 489.0 329.0 487.0
433.0 150.0 433.0 149.0
222.0 266.0 223.0 265.0
234.0 337.0 233.0 337.0
224.0 266.0 223.0 265.0
233.0 338.0 233.0 337.0
212.0 423.0 213.0 423.0
332.0 531.0 333.0 530.0
270.0 611.0 271.0 610.0
323.0 339.0 322.0 337.0
393.0 539.0 395.0 538.0
333.0 457.0 334.0 454.0
83.0 333.0 81.0 333.0
333.0 455.0 335.0 454.0
299.0 385.0 297.0 383.0
396.0 182.0 394.0 181.0
357.0 558.0 358.0 557.0
317.0 581.0 318.0 580.0
316.0 581.0 318.0 580.0
336.0 555.0 336.0 553.0
329.0 489.0 329.0 487.0
329.0 490.0 329.0 487.0
234.0 338.0 233.0 337.0
304.0 633.0 306.0 630.0
366.0 385.0 367.0 383.0
299.0 386.0 297.0 383.0
334.0 554.0 336.0 552.0
294.0 533.0 296.0 532.0
335.0 555.0 336.0 553.0
85.0 333.0 82.0 333.0
434.0 149.0 433.0 149.0
212.0 422.0 213.0 423.0
212.0 424.0 213.0 423.0
419.0 136.0 417.0 134.0
304.0 632.0 306.0 630.0
333.0 456.0 335.0 454.0
84.0 333.0 81.0 333.0
295.0 532.0 297.0 530.0
427.0 234.0 426.0 232.0
375.0 480.0 374.0 478.0
356.0 465.0 357.0 464.0
419.0 346.0 418.0 344.0
366.0 384.0 367.0 383.0
270.0 612.0 271.0 610.0
376.0 421.0 377.0 419.0
330.0 489.0 330.0 486.0
415.0 608.0 417.0 606.0
415.0 609.0 417.0 606.0
405.0 621.0 407.0 619.0
418.0 136.0 417.0 134.0
376.0 420.0 377.0 419.0
317.0 580.0 318.0 579.0
327.0 630.0 329.0 629.0
400.0 436.0 400.0 435.0
454.0 612.0 456.0 609.0
366.0 386.0 367.0 383.0
316.0 580.0 317.0 578.0
348.0 487.0 349.0 483.0
235.0 338.0 234.0 337.0
435.0 150.0 433.0 149.0
315.0 465.0 315.0 463.0
397.0 182.0 395.0 181.0
395.0 183.0 394.0 181.0
314.0 465.0 315.0 463.0
459.0 100.0 457.0 98.0
296.0 532.0 297.0 531.0
428.0 233.0 427.0 232.0
328.0 488.0 329.0 487.0
327.0 631.0 329.0 629.0
242.0 314.0 241.0 313.0
294.0 234.0 293.0 235.0
396.0 183.0 394.0 181.0
435.0 149.0 433.0 149.0
290.0 254.0 288.0 253.0
415.0 189.0 413.0 188.0
405.0 620.0 407.0 618.0
377.0 420.0 377.0 419.0
329.0 488.0 329.0 487.0
334.0 555.0 335.0 553.0
406.0 621.0 407.0 619.0
464.0 598.0 465.0 595.0
400.0 437.0 400.0 435.0
414.0 608.0 417.0 606.0
404.0 621.0 407.0 619.0
255.0 567.0 256.0 565.0
377.0 421.0 377.0 419.0
414.0 189.0 413.0 188.0
397.0 183.0 395.0 181.0
406.0 620.0 407.0 618.0
455.0 611.0 456.0 609.0
463.0 597.0 465.0 595.0
307.0 555.0 308.0 555.0
316.0 582.0 318.0 580.0
405.0 622.0 407.0 619.0
413.0 189.0 413.0 188.0
455.0 133.0 453.0 130.0
400.0 435.0 401.0 434.0
365.0 385.0 367.0 383.0
22.0 416.0 20.0 415.0
463.0 598.0 465.0 595.0
133.0 599.0 135.0 596.0
455.0 612.0 456.0 609.0
317.0 582.0 318.0 580.0
150.0 109.0 140.0 106.0
49.0 420.0 38.0 418.0
118.0 215.0 114.0 215.0
255.0 566.0 256.0 565.0
171.0 349.0 171.0 348.0
327.0 632.0 329.0 629.0
187.0 409.0 187.0 408.0
288.0 582.0 290.0 580.0
117.0 215.0 114.0 215.0
255.0 568.0 256.0 565.0
288.0 583.0 290.0 580.0
150.0 110.0 140.0 107.0
326.0 631.0 328.0 629.0
117.0 216.0 114.0 215.0
23.0 416.0 20.0 415.0
342.0 378.0 342.0 377.0
289.0 583.0 290.0 580.0
289.0 582.0 290.0 580.0
289.0 581.0 290.0 580.0
171.0 350.0 169.0 348.0
151.0 109.0 140.0 106.0
186.0 410.0 186.0 409.0
172.0 349.0 171.0 348.0
188.0 410.0 187.0 409.0
151.0 110.0 139.0 106.0
35.0 37.0 30.0 35.0
414.0 188.0 413.0 188.0
187.0 411.0 186.0 409.0
462.0 598.0 465.0 595.0
341.0 378.0 341.0 377.0
35.0 36.0 30.0 35.0
254.0 567.0 256.0 565.0
462.0 597.0 465.0 595.0
307.0 554.0 308.0 555.0
333.0 472.0 333.0 470.0
21.0 416.0 20.0 415.0
70.0 203.0 67.0 203.0
132.0 104.0 120.0 99.0
132.0 103.0 120.0 99.0
36.0 36.0 31.0 35.0
30.0 417.0 20.0 415.0
133.0 104.0 120.0 99.0
134.0 104.0 120.0 99.0
187.0 410.0 186.0 409.0
314.0 466.0 315.0 463.0
68.0 204.0 67.0 203.0
341.0 379.0 341.0 377.0
254.0 568.0 256.0 565.0
342.0 379.0 342.0 377.0
36.0 37.0 31.0 35.0
69.0 203.0 67.0 203.0
172.0 350.0 171.0 348.0
133.0 103.0 120.0 99.0
306.0 555.0 307.0 556.0
69.0 204.0 67.0 203.0
290.0 582.0 290.0 580.0
186.0 411.0 186.0 409.0
68.0 203.0 67.0 203.0
37.0 37.0 31.0 35.0
35.0 38.0 30.0 35.0
334.0 472.0 333.0 470.0
254.0 566.0 256.0 565.0
96.0 91.0 82.0 86.0
30.0 418.0 37.0 419.0
253.0 567.0 256.0 565.0
36.0 38.0 30.0 35.0
29.0 418.0 20.0 415.0
257.0 144.0 250.0 163.0
257.0 145.0 250.0 163.0
37.0 38.0 31.0 35.0
335.0 472.0 333.0 470.0
307.0 617.0 302.0 611.0
185.0 122.0 158.0 111.0
11.0 62.0 12.0 66.0
336.0 473.0 333.0 470.0
5.0 411.0 10.0 414.0
177.0 446.0 166.0 485.0
186.0 123.0 158.0 111.0
186.0 122.0 158.0 111.0
185.0 123.0 158.0 111.0
202.0 127.0 198.0 126.0
5.0 61.0 12.0 66.0
140.0 573.0 135.0 594.0
139.0 573.0 135.0 594.0
140.0 572.0 135.0 594.0
139.0 572.0 134.0 595.0
438.0 197.0 432.0 207.0
438.0 196.0 432.0 207.0
407.0 162.0 418.0 165.0
439.0 196.0 432.0 207.0
439.0 195.0 432.0 207.0
349.0 365.0 342.0 376.0
406.0 161.0 418.0 165.0
406.0 162.0 418.0 165.0
407.0 161.0 418.0 165.0
462.0 118.0 453.0 130.0
461.0 117.0 453.0 130.0
462.0 117.0 453.0 130.0
