240.0 43.0 240.0 44.0
240.0 42.0 240.0 43.0
212.0 45.0 213.0 46.0
137.0 186.0 137.0 187.0
346.0 41.0 348.0 42.0
241.0 43.0 241.0 44.0
139.0 187.0 137.0 187.0
138.0 186.0 137.0 187.0
389.0 335.0 392.0 348.0
213.0 46.0 213.0 48.0
214.0 46.0 213.0 48.0
366.0 209.0 368.0 215.0
346.0 42.0 348.0 42.0
249.0 77.0 249.0 79.0
138.0 187.0 137.0 187.0
138.0 188.0 137.0 187.0
213.0 47.0 213.0 48.0
367.0 208.0 370.0 215.0
213.0 45.0 213.0 47.0
227.0 29.0 228.0 30.0
389.0 336.0 392.0 348.0
367.0 209.0 370.0 215.0
212.0 46.0 213.0 48.0
437.0 313.0 441.0 324.0
214.0 45.0 213.0 47.0
228.0 29.0 228.0 30.0
241.0 42.0 241.0 43.0
137.0 187.0 137.0 187.0
366.0 208.0 368.0 215.0
343.0 59.0 346.0 59.0
229.0 29.0 228.0 30.0
228.0 28.0 228.0 30.0
239.0 42.0 240.0 43.0
438.0 313.0 441.0 324.0
367.0 207.0 369.0 214.0
366.0 207.0 369.0 214.0
342.0 59.0 346.0 59.0
433.0 293.0 437.0 304.0
342.0 60.0 345.0 59.0
296.0 117.0 295.0 122.0
433.0 294.0 437.0 304.0
239.0 43.0 240.0 44.0
342.0 58.0 346.0 59.0
107.0 605.0 104.0 616.0
118.0 123.0 116.0 127.0
432.0 292.0 437.0 304.0
399.0 383.0 401.0 396.0
108.0 605.0 104.0 616.0
228.0 30.0 228.0 30.0
391.0 223.0 395.0 231.0
343.0 60.0 346.0 59.0
70.0 546.0 67.0 558.0
19.0 171.0 16.0 175.0
368.0 314.0 371.0 323.0
337.0 283.0 339.0 290.0
296.0 116.0 295.0 122.0
432.0 293.0 437.0 304.0
367.0 206.0 369.0 214.0
391.0 224.0 395.0 231.0
118.0 122.0 117.0 126.0
348.0 77.0 355.0 78.0
451.0 294.0 458.0 305.0
297.0 116.0 295.0 122.0
146.0 238.0 145.0 244.0
19.0 170.0 16.0 175.0
392.0 224.0 395.0 231.0
227.0 30.0 228.0 30.0
348.0 78.0 355.0 78.0
119.0 121.0 117.0 126.0
337.0 282.0 339.0 290.0
11.0 194.0 9.0 198.0
297.0 117.0 295.0 122.0
349.0 77.0 355.0 78.0
119.0 122.0 117.0 126.0
260.0 65.0 261.0 66.0
118.0 121.0 117.0 126.0
19.0 169.0 16.0 175.0
82.0 100.0 80.0 105.0
392.0 223.0 395.0 231.0
438.0 312.0 442.0 324.0
399.0 382.0 401.0 396.0
398.0 383.0 400.0 396.0
347.0 77.0 355.0 78.0
451.0 295.0 458.0 305.0
437.0 312.0 441.0 324.0
349.0 78.0 355.0 78.0
368.0 313.0 371.0 323.0
119.0 123.0 117.0 126.0
107.0 606.0 104.0 616.0
173.0 523.0 171.0 532.0
432.0 294.0 437.0 304.0
303.0 314.0 304.0 322.0
82.0 101.0 80.0 105.0
347.0 78.0 355.0 78.0
234.0 602.0 234.0 616.0
253.0 294.0 252.0 303.0
338.0 282.0 339.0 290.0
147.0 238.0 145.0 244.0
399.0 381.0 401.0 396.0
173.0 524.0 171.0 532.0
18.0 170.0 16.0 175.0
25.0 282.0 22.0 289.0
172.0 523.0 171.0 532.0
343.0 340.0 346.0 351.0
337.0 281.0 339.0 290.0
249.0 549.0 249.0 561.0
298.0 501.0 299.0 513.0
260.0 66.0 261.0 67.0
83.0 99.0 80.0 105.0
146.0 239.0 145.0 244.0
250.0 550.0 249.0 561.0
83.0 101.0 80.0 105.0
250.0 549.0 249.0 561.0
249.0 550.0 249.0 561.0
338.0 281.0 339.0 290.0
297.0 501.0 299.0 513.0
252.0 295.0 252.0 303.0
398.0 382.0 400.0 396.0
337.0 280.0 339.0 290.0
235.0 602.0 234.0 616.0
252.0 294.0 252.0 303.0
87.0 543.0 83.0 554.0
235.0 603.0 233.0 617.0
83.0 100.0 80.0 105.0
203.0 596.0 200.0 609.0
147.0 239.0 145.0 244.0
307.0 73.0 308.0 73.0
259.0 66.0 260.0 67.0
235.0 601.0 234.0 616.0
348.0 76.0 355.0 78.0
437.0 311.0 441.0 324.0
413.0 408.0 418.0 419.0
368.0 312.0 371.0 323.0
277.0 591.0 277.0 605.0
302.0 314.0 304.0 322.0
67.0 211.0 64.0 215.0
252.0 296.0 252.0 303.0
413.0 407.0 418.0 419.0
149.0 605.0 144.0 613.0
140.0 427.0 137.0 439.0
202.0 596.0 200.0 610.0
248.0 550.0 249.0 561.0
250.0 362.0 249.0 370.0
369.0 311.0 371.0 322.0
344.0 339.0 346.0 351.0
450.0 294.0 458.0 305.0
249.0 363.0 249.0 370.0
297.0 502.0 299.0 513.0
236.0 348.0 235.0 354.0
34.0 101.0 31.0 106.0
351.0 35.0 348.0 42.0
259.0 67.0 261.0 67.0
249.0 362.0 249.0 370.0
104.0 40.0 102.0 42.0
172.0 524.0 171.0 533.0
32.0 223.0 30.0 228.0
298.0 502.0 299.0 513.0
328.0 270.0 329.0 279.0
368.0 311.0 371.0 323.0
345.0 340.0 346.0 351.0
344.0 341.0 346.0 351.0
262.0 89.0 262.0 91.0
344.0 340.0 346.0 351.0
10.0 307.0 8.0 312.0
260.0 67.0 261.0 67.0
105.0 40.0 102.0 42.0
10.0 306.0 8.0 312.0
369.0 312.0 371.0 323.0
303.0 313.0 304.0 322.0
253.0 295.0 252.0 303.0
304.0 313.0 304.0 322.0
172.0 525.0 171.0 533.0
299.0 373.0 300.0 382.0
105.0 39.0 102.0 42.0
202.0 595.0 200.0 610.0
9.0 306.0 8.0 312.0
123.0 396.0 119.0 407.0
103.0 39.0 102.0 42.0
345.0 341.0 346.0 351.0
104.0 39.0 102.0 42.0
263.0 89.0 262.0 91.0
303.0 312.0 304.0 322.0
59.0 315.0 56.0 321.0
299.0 374.0 300.0 382.0
253.0 296.0 252.0 303.0
263.0 90.0 262.0 91.0
53.0 527.0 50.0 538.0
263.0 477.0 262.0 490.0
10.0 305.0 8.0 312.0
123.0 397.0 120.0 406.0
150.0 604.0 144.0 613.0
80.0 483.0 75.0 497.0
304.0 312.0 304.0 322.0
203.0 595.0 200.0 609.0
123.0 395.0 119.0 407.0
181.0 310.0 179.0 317.0
345.0 339.0 346.0 351.0
11.0 306.0 8.0 312.0
140.0 426.0 136.0 439.0
54.0 526.0 51.0 538.0
53.0 529.0 50.0 538.0
150.0 605.0 144.0 613.0
33.0 223.0 31.0 227.0
235.0 348.0 235.0 354.0
54.0 527.0 50.0 538.0
262.0 477.0 262.0 490.0
18.0 323.0 15.0 330.0
250.0 363.0 249.0 370.0
262.0 90.0 262.0 91.0
87.0 396.0 84.0 407.0
378.0 443.0 382.0 455.0
211.0 528.0 209.0 540.0
53.0 528.0 50.0 538.0
81.0 482.0 76.0 497.0
122.0 396.0 119.0 407.0
179.0 316.0 179.0 317.0
87.0 395.0 84.0 407.0
58.0 315.0 56.0 321.0
80.0 482.0 76.0 497.0
379.0 443.0 382.0 455.0
300.0 373.0 300.0 382.0
55.0 527.0 51.0 538.0
300.0 374.0 300.0 382.0
49.0 472.0 45.0 483.0
373.0 521.0 376.0 535.0
49.0 471.0 45.0 483.0
226.0 363.0 224.0 372.0
250.0 364.0 249.0 370.0
48.0 471.0 45.0 483.0
236.0 347.0 235.0 354.0
86.0 397.0 83.0 408.0
122.0 353.0 120.0 363.0
374.0 521.0 376.0 535.0
122.0 397.0 120.0 406.0
106.0 40.0 102.0 42.0
140.0 562.0 137.0 577.0
85.0 377.0 81.0 384.0
131.0 249.0 129.0 255.0
131.0 248.0 129.0 255.0
54.0 529.0 50.0 538.0
263.0 476.0 262.0 490.0
106.0 39.0 102.0 42.0
379.0 442.0 382.0 455.0
59.0 314.0 56.0 321.0
85.0 378.0 81.0 384.0
54.0 528.0 50.0 538.0
86.0 396.0 84.0 407.0
378.0 441.0 382.0 455.0
146.0 617.0 145.0 624.0
379.0 441.0 382.0 455.0
135.0 366.0 132.0 372.0
373.0 522.0 376.0 535.0
60.0 97.0 57.0 101.0
378.0 442.0 382.0 455.0
237.0 347.0 235.0 354.0
31.0 136.0 22.0 138.0
84.0 378.0 81.0 384.0
44.0 232.0 41.0 238.0
374.0 522.0 376.0 535.0
48.0 472.0 45.0 483.0
59.0 97.0 57.0 101.0
135.0 365.0 132.0 372.0
121.0 457.0 119.0 467.0
87.0 397.0 84.0 407.0
48.0 473.0 45.0 483.0
134.0 365.0 132.0 372.0
210.0 529.0 209.0 540.0
19.0 323.0 15.0 330.0
134.0 366.0 132.0 372.0
19.0 322.0 15.0 330.0
122.0 354.0 120.0 363.0
123.0 353.0 120.0 363.0
55.0 528.0 50.0 538.0
59.0 96.0 57.0 101.0
130.0 248.0 128.0 255.0
371.0 240.0 374.0 249.0
235.0 347.0 235.0 354.0
211.0 529.0 209.0 540.0
159.0 320.0 158.0 325.0
160.0 320.0 158.0 326.0
60.0 96.0 57.0 101.0
136.0 365.0 132.0 372.0
136.0 366.0 132.0 372.0
131.0 247.0 128.0 255.0
267.0 453.0 268.0 466.0
58.0 97.0 57.0 101.0
44.0 399.0 38.0 411.0
371.0 241.0 374.0 249.0
161.0 320.0 159.0 325.0
121.0 458.0 120.0 467.0
374.0 523.0 376.0 535.0
391.0 604.0 392.0 619.0
37.0 487.0 31.0 499.0
45.0 296.0 42.0 304.0
135.0 367.0 132.0 372.0
159.0 321.0 158.0 326.0
44.0 294.0 42.0 303.0
46.0 260.0 43.0 267.0
391.0 605.0 392.0 619.0
370.0 241.0 374.0 249.0
294.0 433.0 294.0 444.0
108.0 361.0 106.0 371.0
124.0 353.0 120.0 363.0
126.0 528.0 125.0 539.0
24.0 212.0 28.0 208.0
427.0 424.0 426.0 440.0
46.0 261.0 43.0 268.0
44.0 296.0 42.0 304.0
123.0 354.0 120.0 363.0
108.0 362.0 106.0 371.0
45.0 295.0 42.0 304.0
211.0 530.0 209.0 540.0
160.0 321.0 158.0 326.0
44.0 295.0 42.0 304.0
161.0 321.0 159.0 325.0
23.0 212.0 28.0 208.0
390.0 605.0 392.0 619.0
284.0 619.0 282.0 623.0
45.0 261.0 43.0 267.0
293.0 433.0 294.0 444.0
127.0 528.0 125.0 539.0
390.0 604.0 392.0 619.0
268.0 592.0 276.0 605.0
283.0 619.0 282.0 623.0
124.0 354.0 120.0 363.0
160.0 322.0 158.0 326.0
47.0 261.0 43.0 268.0
294.0 432.0 294.0 444.0
127.0 529.0 125.0 539.0
293.0 432.0 294.0 444.0
47.0 260.0 43.0 267.0
128.0 528.0 125.0 539.0
284.0 618.0 282.0 623.0
364.0 376.0 364.0 379.0
365.0 376.0 364.0 379.0
47.0 329.0 38.0 330.0
57.0 339.0 51.0 346.0
58.0 339.0 51.0 346.0
33.0 584.0 28.0 596.0
32.0 583.0 28.0 596.0
32.0 585.0 28.0 596.0
31.0 584.0 28.0 596.0
32.0 584.0 28.0 596.0
20.0 473.0 32.0 498.0
57.0 340.0 51.0 346.0
320.0 76.0 308.0 73.0
58.0 340.0 51.0 346.0
20.0 472.0 32.0 498.0
321.0 76.0 308.0 73.0
321.0 77.0 308.0 73.0
320.0 77.0 308.0 73.0
20.0 471.0 32.0 498.0
294.0 391.0 300.0 382.0
294.0 392.0 300.0 382.0
