336.0 227.0 331.0 225.0
30.0 613.0 29.0 611.0
336.0 229.0 331.0 226.0
30.0 612.0 29.0 611.0
138.0 8.0 132.0 8.0
335.0 227.0 331.0 226.0
137.0 9.0 132.0 9.0
336.0 228.0 331.0 226.0
335.0 228.0 331.0 226.0
138.0 9.0 132.0 9.0
138.0 7.0 132.0 8.0
335.0 229.0 331.0 226.0
31.0 612.0 29.0 609.0
137.0 7.0 132.0 8.0
137.0 8.0 132.0 8.0
204.0 580.0 203.0 576.0
84.0 289.0 81.0 288.0
334.0 227.0 331.0 226.0
204.0 581.0 203.0 576.0
334.0 228.0 331.0 226.0
85.0 288.0 81.0 288.0
182.0 527.0 180.0 523.0
20.0 201.0 16.0 201.0
419.0 170.0 414.0 166.0
181.0 527.0 180.0 523.0
70.0 111.0 65.0 111.0
163.0 244.0 158.0 241.0
205.0 581.0 203.0 576.0
70.0 217.0 65.0 214.0
85.0 289.0 81.0 288.0
426.0 388.0 422.0 382.0
48.0 610.0 46.0 607.0
21.0 201.0 16.0 201.0
79.0 254.0 75.0 253.0
205.0 580.0 203.0 575.0
80.0 253.0 76.0 252.0
221.0 530.0 219.0 525.0
108.0 15.0 100.0 16.0
69.0 217.0 65.0 214.0
81.0 255.0 77.0 253.0
162.0 244.0 158.0 241.0
71.0 111.0 65.0 111.0
70.0 218.0 65.0 214.0
140.0 121.0 135.0 120.0
409.0 139.0 403.0 136.0
84.0 288.0 81.0 288.0
81.0 254.0 77.0 253.0
20.0 200.0 16.0 200.0
426.0 389.0 422.0 382.0
419.0 169.0 414.0 166.0
122.0 52.0 115.0 53.0
425.0 387.0 421.0 381.0
72.0 111.0 65.0 111.0
107.0 15.0 100.0 16.0
68.0 218.0 64.0 214.0
161.0 243.0 158.0 241.0
80.0 254.0 77.0 253.0
425.0 388.0 421.0 381.0
68.0 217.0 64.0 214.0
162.0 243.0 158.0 241.0
162.0 251.0 157.0 249.0
124.0 118.0 118.0 118.0
222.0 530.0 219.0 525.0
21.0 200.0 16.0 200.0
69.0 218.0 65.0 214.0
363.0 144.0 357.0 141.0
93.0 470.0 91.0 468.0
80.0 255.0 77.0 253.0
224.0 85.0 218.0 82.0
66.0 266.0 62.0 266.0
410.0 212.0 405.0 207.0
410.0 211.0 405.0 205.0
161.0 251.0 157.0 249.0
69.0 216.0 65.0 214.0
64.0 415.0 60.0 413.0
221.0 531.0 219.0 525.0
426.0 387.0 421.0 381.0
18.0 141.0 14.0 143.0
115.0 172.0 111.0 171.0
362.0 143.0 357.0 141.0
425.0 389.0 422.0 382.0
410.0 213.0 405.0 207.0
224.0 84.0 218.0 82.0
163.0 243.0 158.0 241.0
55.0 241.0 51.0 240.0
225.0 84.0 218.0 82.0
94.0 342.0 92.0 341.0
70.0 110.0 65.0 110.0
91.0 325.0 86.0 325.0
225.0 83.0 218.0 82.0
411.0 211.0 405.0 205.0
141.0 139.0 136.0 139.0
62.0 26.0 58.0 27.0
244.0 69.0 237.0 66.0
8.0 483.0 5.0 484.0
18.0 143.0 14.0 143.0
114.0 37.0 109.0 37.0
222.0 531.0 219.0 525.0
133.0 261.0 129.0 259.0
63.0 28.0 58.0 27.0
244.0 68.0 237.0 66.0
245.0 68.0 237.0 66.0
95.0 343.0 92.0 341.0
54.0 242.0 51.0 240.0
174.0 144.0 169.0 143.0
179.0 129.0 174.0 128.0
7.0 484.0 5.0 484.0
108.0 14.0 100.0 16.0
90.0 325.0 86.0 325.0
245.0 69.0 237.0 66.0
121.0 52.0 115.0 53.0
68.0 91.0 62.0 92.0
74.0 163.0 68.0 163.0
62.0 27.0 58.0 27.0
123.0 118.0 118.0 118.0
54.0 240.0 51.0 240.0
8.0 485.0 5.0 484.0
67.0 91.0 62.0 92.0
122.0 51.0 115.0 53.0
36.0 471.0 34.0 470.0
294.0 46.0 288.0 43.0
89.0 388.0 85.0 386.0
124.0 119.0 118.0 118.0
72.0 110.0 65.0 110.0
33.0 90.0 27.0 91.0
223.0 84.0 218.0 82.0
424.0 388.0 422.0 382.0
66.0 90.0 61.0 91.0
293.0 45.0 287.0 42.0
121.0 51.0 115.0 52.0
362.0 144.0 357.0 141.0
121.0 53.0 115.0 53.0
49.0 581.0 47.0 579.0
8.0 484.0 5.0 484.0
93.0 471.0 91.0 469.0
54.0 241.0 51.0 240.0
116.0 172.0 111.0 171.0
411.0 212.0 405.0 207.0
224.0 83.0 218.0 82.0
63.0 26.0 58.0 27.0
53.0 241.0 51.0 240.0
64.0 28.0 58.0 29.0
424.0 389.0 422.0 382.0
420.0 170.0 415.0 165.0
76.0 365.0 73.0 364.0
63.0 27.0 58.0 27.0
198.0 131.0 192.0 130.0
36.0 472.0 34.0 470.0
50.0 582.0 47.0 579.0
231.0 560.0 229.0 554.0
122.0 307.0 118.0 306.0
19.0 141.0 14.0 143.0
94.0 343.0 92.0 341.0
97.0 123.0 92.0 122.0
37.0 472.0 34.0 470.0
133.0 260.0 129.0 259.0
233.0 560.0 229.0 554.0
121.0 307.0 118.0 306.0
178.0 344.0 174.0 342.0
197.0 131.0 192.0 130.0
55.0 240.0 51.0 240.0
18.0 142.0 14.0 143.0
33.0 89.0 27.0 90.0
142.0 139.0 136.0 139.0
71.0 110.0 65.0 109.0
198.0 130.0 192.0 129.0
37.0 470.0 34.0 470.0
49.0 582.0 47.0 579.0
95.0 342.0 92.0 341.0
231.0 559.0 229.0 554.0
115.0 173.0 111.0 171.0
134.0 261.0 130.0 259.0
94.0 471.0 91.0 468.0
40.0 488.0 38.0 486.0
123.0 119.0 118.0 118.0
41.0 488.0 38.0 486.0
178.0 345.0 174.0 342.0
97.0 124.0 92.0 123.0
89.0 325.0 86.0 325.0
393.0 190.0 386.0 186.0
393.0 192.0 386.0 186.0
46.0 83.0 40.0 83.0
411.0 213.0 405.0 207.0
361.0 144.0 357.0 142.0
391.0 190.0 386.0 186.0
393.0 191.0 386.0 186.0
116.0 173.0 111.0 171.0
210.0 199.0 206.0 197.0
232.0 560.0 229.0 554.0
115.0 36.0 109.0 37.0
98.0 124.0 93.0 123.0
183.0 38.0 177.0 38.0
65.0 90.0 61.0 91.0
134.0 260.0 130.0 259.0
88.0 388.0 85.0 386.0
64.0 26.0 58.0 27.0
88.0 387.0 85.0 386.0
295.0 45.0 288.0 43.0
128.0 84.0 124.0 84.0
19.0 142.0 14.0 143.0
192.0 606.0 191.0 601.0
232.0 561.0 229.0 554.0
294.0 45.0 288.0 43.0
67.0 90.0 61.0 91.0
8.0 626.0 6.0 626.0
394.0 191.0 386.0 186.0
89.0 387.0 85.0 386.0
392.0 190.0 386.0 186.0
193.0 607.0 191.0 601.0
64.0 27.0 58.0 27.0
361.0 143.0 357.0 141.0
232.0 559.0 229.0 554.0
392.0 191.0 386.0 186.0
93.0 472.0 91.0 469.0
50.0 581.0 47.0 579.0
210.0 198.0 206.0 197.0
251.0 235.0 246.0 232.0
74.0 164.0 68.0 164.0
115.0 37.0 109.0 37.0
183.0 39.0 177.0 38.0
47.0 83.0 41.0 84.0
182.0 38.0 177.0 38.0
248.0 101.0 241.0 99.0
193.0 606.0 191.0 601.0
129.0 84.0 124.0 84.0
211.0 199.0 206.0 197.0
198.0 132.0 192.0 130.0
199.0 132.0 192.0 130.0
8.0 627.0 6.0 626.0
40.0 487.0 38.0 486.0
211.0 200.0 206.0 197.0
129.0 82.0 124.0 83.0
98.0 123.0 92.0 122.0
198.0 410.0 196.0 406.0
116.0 36.0 109.0 37.0
21.0 100.0 16.0 100.0
41.0 487.0 38.0 486.0
76.0 366.0 73.0 364.0
87.0 388.0 85.0 386.0
37.0 471.0 34.0 470.0
105.0 246.0 98.0 245.0
107.0 81.0 100.0 81.0
92.0 471.0 90.0 469.0
192.0 605.0 191.0 601.0
247.0 101.0 241.0 99.0
128.0 83.0 124.0 83.0
129.0 83.0 124.0 83.0
294.0 44.0 287.0 42.0
7.0 628.0 6.0 626.0
105.0 247.0 98.0 245.0
142.0 138.0 136.0 139.0
88.0 55.0 82.0 56.0
134.0 262.0 130.0 259.0
199.0 130.0 193.0 129.0
127.0 372.0 123.0 371.0
14.0 406.0 11.0 406.0
104.0 246.0 98.0 245.0
79.0 450.0 76.0 449.0
106.0 80.0 100.0 81.0
15.0 69.0 10.0 70.0
211.0 198.0 206.0 197.0
106.0 81.0 100.0 81.0
87.0 387.0 85.0 386.0
104.0 247.0 98.0 245.0
77.0 365.0 73.0 364.0
192.0 607.0 191.0 601.0
107.0 82.0 100.0 82.0
8.0 628.0 6.0 626.0
129.0 536.0 130.0 532.0
65.0 28.0 59.0 28.0
254.0 85.0 248.0 84.0
116.0 37.0 109.0 37.0
76.0 467.0 75.0 465.0
106.0 82.0 100.0 82.0
77.0 467.0 75.0 465.0
153.0 194.0 148.0 193.0
254.0 86.0 248.0 84.0
247.0 573.0 246.0 567.0
6.0 542.0 5.0 541.0
199.0 131.0 192.0 130.0
50.0 580.0 47.0 579.0
7.0 542.0 5.0 541.0
65.0 27.0 59.0 28.0
255.0 85.0 249.0 83.0
78.0 449.0 76.0 448.0
126.0 372.0 123.0 371.0
127.0 535.0 130.0 532.0
154.0 194.0 148.0 193.0
218.0 601.0 218.0 595.0
242.0 59.0 235.0 57.0
105.0 80.0 100.0 81.0
105.0 81.0 100.0 82.0
98.0 122.0 92.0 122.0
15.0 405.0 12.0 406.0
253.0 85.0 247.0 83.0
126.0 373.0 123.0 371.0
81.0 167.0 75.0 166.0
218.0 600.0 218.0 595.0
76.0 43.0 70.0 44.0
128.0 535.0 130.0 532.0
103.0 246.0 98.0 245.0
87.0 55.0 82.0 56.0
248.0 574.0 246.0 568.0
253.0 86.0 248.0 84.0
212.0 199.0 206.0 197.0
6.0 541.0 5.0 541.0
88.0 54.0 82.0 56.0
75.0 43.0 70.0 44.0
79.0 449.0 76.0 448.0
248.0 573.0 246.0 567.0
7.0 541.0 5.0 541.0
128.0 536.0 130.0 532.0
78.0 450.0 76.0 448.0
127.0 537.0 130.0 532.0
106.0 83.0 100.0 82.0
50.0 514.0 46.0 511.0
154.0 195.0 148.0 194.0
219.0 601.0 218.0 595.0
219.0 602.0 219.0 596.0
151.0 176.0 145.0 175.0
178.0 176.0 174.0 174.0
293.0 616.0 291.0 607.0
191.0 607.0 191.0 601.0
179.0 176.0 174.0 174.0
219.0 600.0 218.0 595.0
99.0 123.0 93.0 122.0
81.0 168.0 75.0 166.0
248.0 575.0 252.0 574.0
82.0 167.0 75.0 166.0
127.0 536.0 130.0 532.0
178.0 175.0 174.0 174.0
215.0 137.0 210.0 134.0
217.0 137.0 210.0 134.0
153.0 195.0 148.0 194.0
179.0 175.0 174.0 174.0
143.0 432.0 141.0 429.0
141.0 413.0 137.0 411.0
102.0 58.0 97.0 58.0
141.0 415.0 139.0 412.0
126.0 536.0 130.0 532.0
76.0 42.0 69.0 43.0
105.0 82.0 100.0 82.0
217.0 138.0 210.0 134.0
75.0 42.0 69.0 43.0
247.0 574.0 246.0 568.0
142.0 414.0 139.0 412.0
87.0 54.0 81.0 55.0
142.0 432.0 141.0 429.0
103.0 58.0 97.0 58.0
335.0 175.0 330.0 172.0
217.0 136.0 210.0 134.0
161.0 435.0 158.0 432.0
133.0 184.0 129.0 184.0
216.0 137.0 210.0 134.0
56.0 436.0 52.0 434.0
144.0 432.0 141.0 429.0
215.0 136.0 210.0 134.0
101.0 58.0 97.0 58.0
15.0 406.0 12.0 406.0
141.0 414.0 137.0 411.0
144.0 433.0 141.0 430.0
182.0 234.0 177.0 231.0
56.0 435.0 52.0 434.0
19.0 426.0 16.0 426.0
162.0 435.0 158.0 432.0
19.0 427.0 16.0 426.0
79.0 451.0 76.0 449.0
216.0 136.0 210.0 134.0
176.0 406.0 172.0 403.0
55.0 436.0 52.0 434.0
30.0 204.0 16.0 200.0
181.0 234.0 177.0 231.0
140.0 414.0 137.0 411.0
103.0 57.0 97.0 58.0
181.0 233.0 177.0 231.0
216.0 138.0 210.0 134.0
56.0 460.0 53.0 458.0
102.0 57.0 97.0 58.0
55.0 435.0 52.0 434.0
475.0 324.0 472.0 315.0
474.0 324.0 472.0 315.0
175.0 407.0 170.0 404.0
64.0 252.0 62.0 240.0
51.0 201.0 45.0 202.0
30.0 205.0 16.0 201.0
55.0 460.0 52.0 460.0
176.0 407.0 172.0 403.0
205.0 187.0 193.0 191.0
162.0 436.0 158.0 432.0
204.0 187.0 193.0 191.0
474.0 323.0 472.0 315.0
175.0 406.0 172.0 403.0
3.0 406.0 11.0 406.0
204.0 186.0 193.0 191.0
205.0 186.0 193.0 191.0
64.0 253.0 62.0 240.0
186.0 193.0 180.0 199.0
30.0 62.0 32.0 52.0
475.0 325.0 472.0 315.0
240.0 605.0 239.0 600.0
30.0 61.0 32.0 52.0
144.0 166.0 141.0 157.0
140.0 160.0 140.0 157.0
240.0 606.0 238.0 599.0
140.0 161.0 140.0 157.0
174.0 151.0 169.0 143.0
115.0 304.0 117.0 305.0
58.0 466.0 53.0 461.0
140.0 162.0 140.0 157.0
115.0 305.0 117.0 305.0
191.0 406.0 195.0 406.0
139.0 161.0 140.0 157.0
191.0 407.0 195.0 406.0
379.0 104.0 366.0 109.0
139.0 162.0 140.0 157.0
114.0 304.0 117.0 305.0
114.0 305.0 117.0 305.0
283.0 617.0 291.0 607.0
139.0 160.0 140.0 157.0
283.0 616.0 291.0 607.0
380.0 104.0 366.0 109.0
106.0 413.0 91.0 416.0
106.0 412.0 91.0 416.0
105.0 412.0 91.0 416.0
282.0 617.0 291.0 607.0
190.0 406.0 195.0 406.0
107.0 412.0 91.0 416.0
190.0 407.0 195.0 406.0
20.0 555.0 5.0 541.0
282.0 616.0 291.0 607.0
167.0 126.0 172.0 128.0
95.0 305.0 86.0 323.0
94.0 305.0 86.0 323.0
166.0 126.0 172.0 128.0
95.0 304.0 86.0 323.0
148.0 253.0 156.0 249.0
94.0 304.0 86.0 323.0
32.0 124.0 14.0 143.0
