144.0 197.0 130.0 174.0
144.0 198.0 131.0 175.0
145.0 197.0 130.0 174.0
381.0 394.0 365.0 374.0
230.0 459.0 216.0 439.0
380.0 393.0 365.0 374.0
231.0 460.0 217.0 438.0
263.0 422.0 248.0 401.0
231.0 459.0 216.0 439.0
169.0 275.0 158.0 257.0
381.0 395.0 365.0 374.0
145.0 198.0 131.0 175.0
143.0 197.0 130.0 174.0
379.0 393.0 365.0 374.0
189.0 424.0 174.0 404.0
263.0 421.0 248.0 401.0
230.0 460.0 216.0 439.0
380.0 392.0 365.0 374.0
145.0 199.0 131.0 175.0
380.0 394.0 365.0 374.0
324.0 522.0 307.0 498.0
210.0 430.0 196.0 410.0
262.0 422.0 247.0 401.0
382.0 394.0 366.0 373.0
209.0 430.0 195.0 410.0
295.0 90.0 286.0 66.0
222.0 505.0 207.0 483.0
211.0 430.0 196.0 411.0
345.0 183.0 335.0 163.0
262.0 421.0 247.0 401.0
323.0 522.0 306.0 499.0
381.0 393.0 365.0 374.0
325.0 521.0 307.0 498.0
228.0 385.0 214.0 366.0
228.0 384.0 214.0 366.0
324.0 521.0 307.0 498.0
90.0 568.0 74.0 544.0
209.0 429.0 195.0 410.0
296.0 90.0 286.0 66.0
240.0 411.0 225.0 389.0
262.0 420.0 246.0 399.0
213.0 281.0 203.0 261.0
304.0 283.0 291.0 264.0
227.0 385.0 214.0 366.0
189.0 425.0 174.0 404.0
221.0 505.0 206.0 482.0
276.0 452.0 261.0 433.0
189.0 423.0 174.0 404.0
144.0 199.0 131.0 175.0
323.0 521.0 306.0 499.0
89.0 567.0 74.0 544.0
405.0 321.0 391.0 304.0
390.0 379.0 377.0 361.0
90.0 567.0 74.0 544.0
214.0 281.0 204.0 262.0
231.0 461.0 217.0 440.0
91.0 567.0 74.0 544.0
404.0 321.0 391.0 304.0
295.0 89.0 286.0 66.0
361.0 347.0 348.0 329.0
296.0 89.0 286.0 66.0
262.0 419.0 246.0 399.0
325.0 522.0 307.0 498.0
222.0 506.0 207.0 483.0
304.0 284.0 291.0 264.0
90.0 566.0 73.0 543.0
205.0 382.0 191.0 364.0
453.0 536.0 435.0 515.0
167.0 130.0 154.0 108.0
337.0 303.0 323.0 284.0
391.0 405.0 375.0 385.0
91.0 566.0 74.0 544.0
230.0 461.0 216.0 439.0
223.0 505.0 208.0 485.0
453.0 537.0 435.0 515.0
202.0 359.0 188.0 339.0
190.0 424.0 174.0 404.0
190.0 425.0 174.0 404.0
210.0 429.0 196.0 410.0
392.0 404.0 375.0 385.0
275.0 452.0 261.0 433.0
453.0 538.0 435.0 515.0
391.0 404.0 375.0 385.0
390.0 378.0 378.0 361.0
403.0 320.0 389.0 302.0
263.0 420.0 248.0 399.0
344.0 183.0 335.0 163.0
214.0 280.0 204.0 262.0
227.0 384.0 214.0 366.0
213.0 280.0 203.0 262.0
276.0 453.0 261.0 433.0
454.0 537.0 435.0 515.0
204.0 382.0 191.0 364.0
169.0 484.0 153.0 464.0
263.0 419.0 248.0 399.0
190.0 423.0 174.0 404.0
202.0 360.0 188.0 340.0
405.0 320.0 391.0 303.0
454.0 538.0 435.0 515.0
295.0 91.0 286.0 66.0
201.0 360.0 188.0 340.0
389.0 378.0 377.0 361.0
344.0 182.0 335.0 162.0
228.0 383.0 214.0 366.0
404.0 319.0 391.0 303.0
362.0 348.0 348.0 329.0
361.0 348.0 348.0 329.0
275.0 453.0 261.0 433.0
211.0 429.0 196.0 410.0
345.0 182.0 335.0 163.0
211.0 428.0 196.0 410.0
403.0 319.0 391.0 303.0
222.0 504.0 207.0 483.0
343.0 181.0 333.0 163.0
205.0 383.0 191.0 364.0
343.0 182.0 333.0 163.0
191.0 425.0 174.0 404.0
221.0 504.0 206.0 482.0
306.0 172.0 296.0 151.0
240.0 410.0 225.0 389.0
277.0 453.0 261.0 433.0
404.0 320.0 391.0 303.0
361.0 346.0 348.0 328.0
427.0 521.0 409.0 498.0
215.0 280.0 204.0 262.0
215.0 281.0 204.0 262.0
210.0 428.0 196.0 410.0
227.0 383.0 214.0 366.0
223.0 504.0 207.0 482.0
221.0 503.0 206.0 482.0
204.0 383.0 191.0 364.0
241.0 410.0 225.0 389.0
201.0 359.0 188.0 340.0
307.0 172.0 296.0 151.0
191.0 424.0 174.0 404.0
362.0 347.0 348.0 329.0
206.0 382.0 191.0 364.0
241.0 411.0 225.0 389.0
222.0 503.0 207.0 482.0
169.0 485.0 153.0 465.0
344.0 181.0 335.0 162.0
106.0 206.0 91.0 180.0
240.0 409.0 225.0 389.0
455.0 538.0 435.0 515.0
232.0 564.0 214.0 542.0
303.0 282.0 290.0 263.0
394.0 382.0 378.0 362.0
362.0 346.0 348.0 328.0
209.0 428.0 195.0 410.0
231.0 564.0 214.0 542.0
205.0 536.0 190.0 514.0
205.0 537.0 190.0 514.0
389.0 377.0 377.0 361.0
203.0 537.0 189.0 514.0
233.0 565.0 215.0 542.0
232.0 565.0 215.0 542.0
302.0 282.0 290.0 263.0
205.0 535.0 190.0 514.0
76.0 303.0 62.0 282.0
303.0 283.0 290.0 263.0
348.0 569.0 330.0 543.0
99.0 219.0 85.0 196.0
426.0 520.0 406.0 496.0
232.0 563.0 214.0 542.0
243.0 330.0 233.0 314.0
248.0 456.0 234.0 436.0
349.0 569.0 330.0 543.0
306.0 173.0 296.0 151.0
233.0 564.0 214.0 542.0
98.0 140.0 83.0 116.0
435.0 545.0 415.0 521.0
192.0 222.0 182.0 202.0
79.0 135.0 65.0 112.0
426.0 519.0 406.0 496.0
204.0 535.0 189.0 514.0
76.0 302.0 62.0 282.0
192.0 223.0 182.0 202.0
204.0 537.0 189.0 514.0
122.0 564.0 105.0 543.0
277.0 504.0 261.0 480.0
80.0 136.0 65.0 112.0
192.0 320.0 179.0 301.0
288.0 443.0 271.0 416.0
347.0 567.0 329.0 543.0
204.0 536.0 190.0 514.0
188.0 445.0 172.0 426.0
75.0 303.0 62.0 282.0
278.0 505.0 262.0 482.0
349.0 568.0 330.0 543.0
255.0 312.0 242.0 295.0
203.0 536.0 189.0 514.0
79.0 136.0 65.0 112.0
347.0 568.0 329.0 543.0
233.0 566.0 215.0 542.0
68.0 240.0 52.0 218.0
348.0 567.0 329.0 543.0
98.0 139.0 83.0 116.0
435.0 544.0 415.0 521.0
241.0 409.0 225.0 389.0
435.0 543.0 415.0 521.0
428.0 521.0 409.0 498.0
203.0 535.0 189.0 514.0
122.0 565.0 105.0 543.0
188.0 444.0 172.0 426.0
100.0 218.0 85.0 196.0
187.0 444.0 172.0 426.0
427.0 520.0 406.0 496.0
278.0 502.0 262.0 479.0
348.0 568.0 329.0 543.0
359.0 587.0 340.0 563.0
307.0 173.0 296.0 151.0
75.0 304.0 62.0 282.0
192.0 219.0 183.0 199.0
427.0 519.0 406.0 496.0
302.0 283.0 290.0 263.0
278.0 503.0 262.0 479.0
303.0 284.0 290.0 263.0
191.0 222.0 182.0 202.0
277.0 503.0 262.0 479.0
115.0 180.0 101.0 154.0
78.0 135.0 65.0 112.0
277.0 502.0 262.0 479.0
115.0 179.0 101.0 154.0
288.0 444.0 271.0 416.0
172.0 106.0 159.0 77.0
323.0 318.0 314.0 300.0
191.0 221.0 182.0 202.0
232.0 566.0 215.0 542.0
192.0 220.0 182.0 202.0
131.0 458.0 114.0 434.0
363.0 346.0 348.0 328.0
76.0 301.0 62.0 282.0
101.0 219.0 86.0 196.0
428.0 520.0 409.0 498.0
100.0 219.0 85.0 196.0
278.0 504.0 262.0 482.0
192.0 221.0 182.0 202.0
359.0 586.0 340.0 563.0
252.0 445.0 239.0 429.0
289.0 443.0 271.0 416.0
75.0 302.0 62.0 282.0
31.0 366.0 25.0 310.0
114.0 180.0 101.0 154.0
122.0 479.0 107.0 458.0
360.0 587.0 340.0 563.0
121.0 479.0 107.0 458.0
436.0 545.0 415.0 521.0
120.0 479.0 107.0 458.0
358.0 586.0 340.0 563.0
75.0 301.0 62.0 282.0
131.0 459.0 114.0 434.0
74.0 303.0 62.0 282.0
121.0 478.0 107.0 458.0
436.0 546.0 415.0 521.0
122.0 478.0 107.0 458.0
68.0 239.0 52.0 217.0
69.0 240.0 52.0 218.0
323.0 317.0 314.0 300.0
120.0 478.0 107.0 458.0
40.0 332.0 24.0 310.0
70.0 239.0 54.0 217.0
99.0 139.0 83.0 116.0
436.0 544.0 415.0 521.0
69.0 239.0 53.0 217.0
74.0 302.0 62.0 282.0
182.0 559.0 167.0 536.0
41.0 332.0 24.0 311.0
358.0 585.0 340.0 563.0
187.0 398.0 169.0 379.0
99.0 140.0 84.0 117.0
436.0 543.0 415.0 521.0
99.0 141.0 84.0 117.0
40.0 333.0 24.0 311.0
154.0 527.0 138.0 504.0
69.0 238.0 54.0 217.0
115.0 181.0 101.0 154.0
102.0 219.0 86.0 197.0
191.0 220.0 182.0 202.0
289.0 444.0 271.0 416.0
131.0 460.0 113.0 434.0
52.0 124.0 46.0 103.0
437.0 545.0 415.0 521.0
41.0 333.0 24.0 311.0
173.0 105.0 159.0 77.0
322.0 317.0 314.0 300.0
251.0 445.0 239.0 429.0
323.0 316.0 314.0 300.0
437.0 544.0 415.0 521.0
100.0 140.0 84.0 117.0
173.0 106.0 159.0 77.0
288.0 72.0 282.0 48.0
173.0 107.0 159.0 77.0
290.0 72.0 283.0 48.0
42.0 223.0 28.0 199.0
437.0 543.0 415.0 521.0
289.0 73.0 282.0 48.0
289.0 72.0 282.0 48.0
132.0 459.0 114.0 434.0
252.0 394.0 233.0 371.0
463.0 360.0 448.0 343.0
43.0 120.0 45.0 103.0
131.0 461.0 114.0 434.0
288.0 73.0 282.0 48.0
322.0 316.0 314.0 300.0
157.0 530.0 138.0 504.0
288.0 71.0 282.0 48.0
365.0 431.0 354.0 418.0
289.0 71.0 282.0 48.0
463.0 361.0 448.0 343.0
43.0 121.0 45.0 103.0
464.0 360.0 448.0 343.0
132.0 460.0 114.0 434.0
464.0 361.0 448.0 343.0
253.0 393.0 233.0 371.0
287.0 223.0 278.0 205.0
51.0 224.0 46.0 204.0
253.0 394.0 233.0 371.0
132.0 461.0 114.0 434.0
174.0 106.0 159.0 77.0
133.0 460.0 114.0 434.0
365.0 430.0 354.0 418.0
321.0 317.0 314.0 300.0
174.0 107.0 159.0 77.0
51.0 225.0 46.0 204.0
320.0 605.0 303.0 579.0
287.0 222.0 278.0 205.0
286.0 223.0 278.0 205.0
364.0 431.0 354.0 418.0
319.0 605.0 303.0 579.0
315.0 31.0 309.0 7.0
51.0 293.0 35.0 271.0
364.0 430.0 354.0 418.0
315.0 30.0 309.0 7.0
321.0 316.0 314.0 300.0
319.0 606.0 303.0 579.0
52.0 293.0 36.0 272.0
322.0 606.0 303.0 579.0
316.0 31.0 309.0 7.0
321.0 605.0 303.0 579.0
321.0 606.0 303.0 579.0
316.0 30.0 309.0 7.0
320.0 606.0 303.0 579.0
254.0 394.0 233.0 371.0
52.0 292.0 35.0 271.0
315.0 29.0 309.0 7.0
314.0 30.0 309.0 7.0
196.0 30.0 186.0 9.0
196.0 31.0 186.0 9.0
316.0 32.0 309.0 7.0
316.0 33.0 307.0 7.0
314.0 31.0 309.0 7.0
314.0 32.0 307.0 7.0
322.0 607.0 303.0 579.0
314.0 29.0 309.0 7.0
315.0 33.0 307.0 7.0
321.0 607.0 303.0 579.0
315.0 32.0 309.0 7.0
197.0 31.0 186.0 9.0
197.0 32.0 186.0 9.0
469.0 319.0 457.0 303.0
196.0 32.0 186.0 9.0
53.0 293.0 36.0 272.0
179.0 312.0 179.0 301.0
298.0 606.0 281.0 580.0
196.0 33.0 186.0 9.0
52.0 294.0 36.0 273.0
470.0 320.0 457.0 303.0
52.0 295.0 36.0 273.0
197.0 33.0 186.0 9.0
299.0 605.0 281.0 580.0
299.0 606.0 281.0 580.0
470.0 319.0 457.0 302.0
300.0 605.0 281.0 580.0
300.0 607.0 281.0 580.0
178.0 312.0 179.0 301.0
299.0 607.0 281.0 580.0
470.0 318.0 457.0 302.0
198.0 32.0 186.0 9.0
300.0 606.0 281.0 580.0
250.0 514.0 227.0 485.0
313.0 445.0 307.0 420.0
210.0 355.0 189.0 338.0
301.0 607.0 281.0 580.0
131.0 564.0 105.0 543.0
210.0 354.0 189.0 338.0
471.0 319.0 457.0 302.0
301.0 606.0 281.0 580.0
471.0 320.0 457.0 303.0
118.0 536.0 103.0 504.0
312.0 445.0 307.0 420.0
223.0 522.0 208.0 485.0
211.0 355.0 189.0 338.0
