454.0 78.0 454.0 85.0
453.0 78.0 453.0 85.0
453.0 79.0 453.0 86.0
232.0 68.0 233.0 78.0
454.0 79.0 454.0 86.0
273.0 141.0 274.0 148.0
24.0 430.0 25.0 437.0
359.0 333.0 361.0 339.0
84.0 445.0 85.0 452.0
84.0 446.0 85.0 453.0
232.0 69.0 233.0 78.0
447.0 237.0 448.0 244.0
107.0 523.0 107.0 531.0
451.0 259.0 452.0 266.0
231.0 68.0 233.0 78.0
342.0 457.0 345.0 464.0
332.0 347.0 333.0 354.0
362.0 227.0 363.0 236.0
451.0 260.0 452.0 266.0
273.0 142.0 274.0 148.0
473.0 281.0 474.0 288.0
447.0 238.0 448.0 244.0
23.0 430.0 25.0 437.0
472.0 281.0 474.0 288.0
447.0 236.0 448.0 244.0
362.0 228.0 363.0 236.0
194.0 561.0 195.0 571.0
473.0 282.0 474.0 288.0
450.0 259.0 452.0 266.0
6.0 427.0 6.0 434.0
342.0 458.0 345.0 464.0
287.0 330.0 288.0 337.0
370.0 192.0 370.0 198.0
472.0 282.0 474.0 288.0
274.0 141.0 274.0 149.0
354.0 443.0 356.0 450.0
354.0 442.0 356.0 450.0
5.0 427.0 6.0 434.0
331.0 348.0 333.0 354.0
194.0 167.0 195.0 174.0
373.0 444.0 375.0 451.0
343.0 456.0 345.0 464.0
345.0 348.0 347.0 353.0
450.0 260.0 452.0 266.0
308.0 65.0 308.0 73.0
23.0 429.0 25.0 437.0
360.0 334.0 361.0 339.0
464.0 126.0 464.0 132.0
277.0 241.0 278.0 250.0
359.0 334.0 360.0 340.0
442.0 156.0 443.0 162.0
299.0 378.0 301.0 385.0
6.0 426.0 6.0 434.0
231.0 69.0 233.0 78.0
372.0 444.0 375.0 451.0
194.0 168.0 195.0 174.0
446.0 237.0 448.0 244.0
194.0 562.0 195.0 571.0
363.0 228.0 363.0 236.0
166.0 592.0 167.0 602.0
274.0 142.0 274.0 149.0
446.0 238.0 448.0 244.0
385.0 285.0 386.0 290.0
363.0 227.0 363.0 236.0
5.0 426.0 6.0 434.0
343.0 457.0 345.0 464.0
232.0 155.0 233.0 162.0
369.0 191.0 370.0 198.0
149.0 580.0 149.0 591.0
47.0 608.0 47.0 617.0
200.0 241.0 202.0 249.0
200.0 243.0 201.0 250.0
362.0 229.0 363.0 236.0
465.0 125.0 465.0 132.0
443.0 156.0 443.0 162.0
369.0 190.0 370.0 198.0
149.0 581.0 149.0 591.0
464.0 124.0 464.0 132.0
374.0 444.0 375.0 451.0
232.0 414.0 233.0 422.0
83.0 445.0 84.0 452.0
373.0 445.0 375.0 451.0
303.0 322.0 303.0 329.0
443.0 155.0 443.0 162.0
277.0 240.0 278.0 250.0
372.0 210.0 373.0 218.0
343.0 458.0 345.0 464.0
371.0 211.0 372.0 218.0
120.0 563.0 120.0 573.0
200.0 242.0 202.0 249.0
442.0 155.0 442.0 163.0
402.0 445.0 403.0 451.0
299.0 379.0 301.0 385.0
354.0 444.0 356.0 450.0
83.0 446.0 85.0 453.0
360.0 497.0 362.0 506.0
278.0 240.0 278.0 250.0
331.0 347.0 333.0 354.0
401.0 445.0 403.0 451.0
148.0 580.0 149.0 591.0
261.0 436.0 262.0 444.0
300.0 378.0 301.0 385.0
278.0 241.0 278.0 250.0
175.0 223.0 176.0 230.0
146.0 511.0 146.0 518.0
464.0 125.0 464.0 132.0
355.0 443.0 356.0 451.0
193.0 167.0 195.0 174.0
259.0 435.0 261.0 444.0
299.0 377.0 301.0 384.0
279.0 240.0 279.0 250.0
231.0 414.0 232.0 422.0
304.0 321.0 305.0 329.0
345.0 347.0 347.0 353.0
374.0 445.0 375.0 452.0
174.0 224.0 176.0 230.0
384.0 285.0 386.0 291.0
370.0 191.0 370.0 198.0
174.0 225.0 176.0 230.0
166.0 591.0 167.0 602.0
231.0 415.0 233.0 422.0
450.0 261.0 452.0 266.0
232.0 416.0 233.0 422.0
357.0 373.0 358.0 381.0
145.0 511.0 146.0 518.0
167.0 592.0 167.0 602.0
402.0 444.0 403.0 451.0
167.0 591.0 167.0 601.0
449.0 260.0 451.0 266.0
309.0 65.0 310.0 74.0
260.0 435.0 261.0 444.0
401.0 444.0 403.0 451.0
372.0 211.0 373.0 218.0
120.0 562.0 120.0 573.0
330.0 173.0 331.0 181.0
303.0 321.0 303.0 329.0
346.0 348.0 347.0 353.0
260.0 436.0 261.0 444.0
232.0 415.0 233.0 422.0
361.0 497.0 362.0 506.0
401.0 279.0 402.0 286.0
356.0 373.0 358.0 379.0
194.0 563.0 195.0 571.0
147.0 510.0 146.0 518.0
195.0 619.0 195.0 627.0
259.0 436.0 261.0 444.0
46.0 607.0 47.0 617.0
250.0 366.0 251.0 373.0
442.0 617.0 446.0 625.0
348.0 285.0 350.0 291.0
401.0 280.0 402.0 286.0
368.0 295.0 371.0 302.0
371.0 210.0 372.0 218.0
46.0 608.0 47.0 617.0
361.0 498.0 362.0 506.0
233.0 155.0 233.0 162.0
175.0 224.0 176.0 230.0
4.0 109.0 7.0 118.0
467.0 608.0 472.0 616.0
119.0 563.0 120.0 573.0
369.0 295.0 371.0 302.0
369.0 296.0 371.0 302.0
363.0 229.0 363.0 236.0
47.0 607.0 47.0 617.0
146.0 509.0 146.0 518.0
148.0 581.0 149.0 591.0
146.0 510.0 146.0 518.0
231.0 416.0 233.0 422.0
304.0 322.0 305.0 329.0
145.0 509.0 146.0 518.0
195.0 618.0 195.0 627.0
338.0 533.0 340.0 542.0
230.0 415.0 233.0 422.0
145.0 510.0 146.0 518.0
413.0 95.0 413.0 102.0
5.0 425.0 6.0 434.0
201.0 242.0 202.0 249.0
436.0 178.0 437.0 185.0
120.0 564.0 120.0 573.0
261.0 435.0 262.0 444.0
465.0 126.0 465.0 132.0
328.0 172.0 329.0 180.0
349.0 285.0 351.0 291.0
299.0 485.0 301.0 495.0
369.0 294.0 371.0 302.0
251.0 366.0 251.0 373.0
4.0 108.0 7.0 118.0
384.0 284.0 386.0 290.0
127.0 578.0 128.0 588.0
305.0 321.0 305.0 329.0
467.0 607.0 472.0 616.0
299.0 486.0 301.0 495.0
315.0 417.0 318.0 423.0
353.0 443.0 356.0 450.0
385.0 284.0 386.0 290.0
6.0 425.0 6.0 434.0
442.0 616.0 446.0 625.0
304.0 320.0 305.0 328.0
309.0 501.0 312.0 510.0
230.0 414.0 232.0 422.0
467.0 606.0 472.0 616.0
413.0 605.0 417.0 612.0
298.0 485.0 301.0 494.0
338.0 534.0 340.0 542.0
280.0 439.0 282.0 447.0
292.0 217.0 292.0 225.0
370.0 296.0 371.0 302.0
460.0 454.0 463.0 461.0
281.0 438.0 282.0 447.0
329.0 173.0 331.0 181.0
327.0 172.0 329.0 180.0
356.0 374.0 358.0 381.0
328.0 173.0 329.0 180.0
48.0 607.0 48.0 616.0
329.0 172.0 331.0 181.0
245.0 128.0 245.0 137.0
441.0 617.0 446.0 625.0
318.0 383.0 320.0 390.0
244.0 128.0 245.0 137.0
466.0 607.0 472.0 616.0
193.0 561.0 195.0 571.0
357.0 374.0 358.0 381.0
461.0 436.0 464.0 444.0
244.0 129.0 245.0 137.0
299.0 484.0 301.0 494.0
133.0 603.0 132.0 612.0
413.0 604.0 417.0 612.0
370.0 294.0 371.0 301.0
193.0 562.0 194.0 572.0
165.0 250.0 163.0 266.0
220.0 454.0 222.0 462.0
121.0 562.0 120.0 573.0
339.0 533.0 340.0 542.0
309.0 502.0 313.0 510.0
370.0 295.0 371.0 302.0
300.0 485.0 301.0 495.0
291.0 217.0 292.0 225.0
74.0 611.0 74.0 622.0
281.0 439.0 282.0 447.0
348.0 320.0 350.0 326.0
437.0 179.0 437.0 185.0
358.0 601.0 362.0 610.0
300.0 484.0 301.0 494.0
258.0 467.0 259.0 476.0
350.0 285.0 351.0 291.0
433.0 327.0 435.0 334.0
356.0 375.0 358.0 381.0
300.0 486.0 301.0 495.0
299.0 358.0 300.0 365.0
246.0 449.0 246.0 457.0
121.0 563.0 120.0 573.0
246.0 451.0 246.0 458.0
310.0 502.0 313.0 510.0
359.0 600.0 362.0 610.0
221.0 453.0 222.0 462.0
434.0 327.0 436.0 334.0
63.0 611.0 63.0 620.0
220.0 453.0 222.0 462.0
310.0 501.0 312.0 510.0
461.0 437.0 464.0 444.0
195.0 617.0 195.0 627.0
466.0 606.0 471.0 616.0
48.0 608.0 48.0 616.0
414.0 604.0 417.0 612.0
323.0 319.0 324.0 326.0
74.0 612.0 74.0 622.0
165.0 249.0 163.0 266.0
413.0 94.0 413.0 102.0
193.0 563.0 194.0 572.0
291.0 218.0 292.0 225.0
460.0 455.0 463.0 461.0
359.0 601.0 362.0 610.0
371.0 296.0 371.0 301.0
280.0 438.0 282.0 447.0
364.0 228.0 363.0 236.0
273.0 375.0 274.0 382.0
257.0 468.0 259.0 476.0
437.0 178.0 437.0 185.0
441.0 616.0 446.0 625.0
80.0 407.0 81.0 415.0
311.0 500.0 312.0 510.0
315.0 352.0 317.0 359.0
281.0 440.0 282.0 447.0
314.0 352.0 315.0 359.0
76.0 418.0 77.0 426.0
344.0 550.0 347.0 559.0
347.0 319.0 350.0 326.0
245.0 450.0 246.0 459.0
245.0 129.0 245.0 137.0
121.0 564.0 120.0 573.0
345.0 551.0 348.0 560.0
360.0 600.0 362.0 610.0
335.0 303.0 335.0 310.0
348.0 284.0 351.0 291.0
310.0 500.0 312.0 510.0
258.0 468.0 259.0 476.0
345.0 550.0 347.0 559.0
344.0 552.0 347.0 560.0
349.0 284.0 351.0 291.0
345.0 552.0 348.0 560.0
339.0 534.0 340.0 542.0
261.0 329.0 263.0 334.0
412.0 95.0 413.0 102.0
335.0 302.0 335.0 310.0
347.0 320.0 350.0 326.0
127.0 579.0 128.0 588.0
459.0 455.0 463.0 461.0
140.0 527.0 140.0 537.0
272.0 374.0 273.0 382.0
318.0 384.0 320.0 390.0
436.0 179.0 437.0 185.0
346.0 320.0 348.0 327.0
82.0 576.0 83.0 585.0
257.0 467.0 259.0 476.0
172.0 495.0 173.0 504.0
128.0 579.0 128.0 588.0
347.0 321.0 349.0 326.0
350.0 284.0 351.0 291.0
346.0 321.0 348.0 327.0
245.0 451.0 246.0 458.0
272.0 376.0 274.0 382.0
220.0 455.0 222.0 462.0
77.0 418.0 77.0 426.0
319.0 384.0 320.0 390.0
344.0 551.0 347.0 559.0
412.0 604.0 417.0 612.0
194.0 617.0 195.0 627.0
246.0 450.0 246.0 457.0
440.0 616.0 446.0 625.0
334.0 303.0 335.0 310.0
338.0 535.0 340.0 542.0
465.0 12.0 465.0 20.0
91.0 422.0 91.0 430.0
412.0 94.0 413.0 102.0
83.0 576.0 84.0 585.0
414.0 603.0 417.0 612.0
465.0 11.0 465.0 20.0
248.0 117.0 249.0 126.0
154.0 606.0 155.0 617.0
132.0 603.0 132.0 612.0
382.0 495.0 386.0 504.0
346.0 319.0 348.0 327.0
82.0 575.0 83.0 585.0
413.0 603.0 417.0 612.0
290.0 217.0 292.0 225.0
311.0 501.0 312.0 510.0
221.0 454.0 222.0 462.0
77.0 419.0 77.0 426.0
127.0 580.0 128.0 588.0
139.0 527.0 140.0 537.0
195.0 546.0 195.0 555.0
272.0 375.0 273.0 382.0
258.0 469.0 259.0 476.0
432.0 327.0 435.0 334.0
92.0 422.0 92.0 430.0
407.0 223.0 408.0 231.0
259.0 468.0 259.0 476.0
408.0 222.0 408.0 231.0
280.0 518.0 282.0 526.0
319.0 385.0 321.0 391.0
152.0 606.0 153.0 616.0
139.0 526.0 140.0 537.0
281.0 518.0 283.0 526.0
259.0 469.0 260.0 476.0
132.0 602.0 132.0 612.0
195.0 616.0 195.0 627.0
92.0 423.0 91.0 430.0
221.0 455.0 222.0 462.0
453.0 523.0 456.0 532.0
151.0 606.0 153.0 616.0
339.0 535.0 340.0 542.0
91.0 423.0 91.0 430.0
280.0 519.0 282.0 527.0
319.0 383.0 320.0 390.0
195.0 545.0 195.0 555.0
258.0 470.0 259.0 476.0
271.0 375.0 273.0 382.0
76.0 419.0 77.0 426.0
382.0 494.0 386.0 504.0
453.0 524.0 456.0 532.0
153.0 607.0 153.0 616.0
271.0 376.0 273.0 382.0
452.0 524.0 456.0 532.0
83.0 575.0 84.0 585.0
153.0 606.0 153.0 616.0
454.0 523.0 456.0 532.0
194.0 616.0 195.0 627.0
249.0 118.0 249.0 126.0
139.0 528.0 140.0 537.0
381.0 494.0 386.0 504.0
152.0 607.0 153.0 616.0
452.0 525.0 456.0 532.0
319.0 40.0 319.0 49.0
262.0 328.0 263.0 334.0
81.0 575.0 82.0 584.0
133.0 602.0 132.0 612.0
319.0 41.0 319.0 49.0
407.0 224.0 408.0 231.0
408.0 224.0 408.0 231.0
281.0 519.0 283.0 526.0
266.0 353.0 267.0 361.0
138.0 527.0 140.0 537.0
379.0 271.0 379.0 277.0
286.0 385.0 288.0 392.0
408.0 223.0 408.0 231.0
237.0 145.0 234.0 162.0
454.0 524.0 456.0 532.0
196.0 545.0 195.0 555.0
453.0 525.0 456.0 532.0
318.0 41.0 319.0 49.0
320.0 384.0 321.0 391.0
320.0 385.0 321.0 391.0
138.0 526.0 140.0 537.0
287.0 385.0 288.0 392.0
319.0 39.0 319.0 49.0
286.0 386.0 288.0 392.0
287.0 386.0 288.0 392.0
454.0 525.0 456.0 532.0
318.0 40.0 319.0 49.0
401.0 497.0 405.0 505.0
31.0 580.0 31.0 591.0
31.0 581.0 31.0 591.0
464.0 301.0 472.0 306.0
458.0 445.0 463.0 461.0
30.0 580.0 30.0 589.0
401.0 496.0 405.0 505.0
318.0 39.0 319.0 49.0
30.0 581.0 30.0 589.0
64.0 633.0 74.0 622.0
64.0 632.0 74.0 622.0
464.0 300.0 472.0 306.0
400.0 496.0 405.0 505.0
316.0 334.0 321.0 344.0
63.0 633.0 74.0 622.0
63.0 632.0 74.0 622.0
62.0 632.0 74.0 622.0
410.0 434.0 403.0 451.0
463.0 300.0 472.0 306.0
463.0 299.0 472.0 306.0
293.0 298.0 289.0 319.0
203.0 503.0 191.0 510.0
203.0 504.0 191.0 510.0
61.0 439.0 68.0 448.0
61.0 438.0 68.0 448.0
352.0 251.0 346.0 248.0
450.0 21.0 448.0 9.0
293.0 297.0 289.0 319.0
352.0 250.0 346.0 248.0
445.0 445.0 463.0 461.0
353.0 250.0 346.0 248.0
446.0 444.0 463.0 461.0
60.0 438.0 68.0 448.0
353.0 251.0 346.0 248.0
445.0 444.0 463.0 461.0
450.0 22.0 448.0 9.0
