261.0 305.0 269.0 322.0
259.0 520.0 273.0 540.0
249.0 361.0 259.0 381.0
251.0 362.0 259.0 381.0
249.0 362.0 260.0 380.0
258.0 520.0 273.0 540.0
249.0 360.0 259.0 381.0
250.0 362.0 260.0 381.0
260.0 305.0 268.0 321.0
261.0 306.0 269.0 322.0
261.0 304.0 269.0 322.0
250.0 361.0 260.0 380.0
251.0 361.0 260.0 381.0
271.0 137.0 273.0 159.0
130.0 304.0 140.0 323.0
262.0 306.0 269.0 322.0
259.0 519.0 273.0 540.0
262.0 305.0 269.0 322.0
282.0 94.0 283.0 114.0
219.0 372.0 228.0 391.0
270.0 137.0 273.0 159.0
218.0 372.0 227.0 390.0
271.0 136.0 273.0 159.0
281.0 95.0 283.0 114.0
130.0 305.0 139.0 324.0
250.0 360.0 259.0 381.0
220.0 372.0 228.0 391.0
61.0 507.0 76.0 527.0
218.0 373.0 227.0 390.0
218.0 371.0 227.0 390.0
129.0 305.0 139.0 324.0
280.0 94.0 283.0 114.0
258.0 519.0 273.0 540.0
362.0 175.0 365.0 193.0
271.0 135.0 273.0 159.0
220.0 373.0 228.0 391.0
270.0 136.0 273.0 159.0
129.0 304.0 139.0 324.0
219.0 373.0 228.0 391.0
405.0 57.0 407.0 76.0
342.0 247.0 348.0 268.0
280.0 93.0 282.0 113.0
28.0 77.0 33.0 99.0
281.0 93.0 282.0 113.0
128.0 305.0 138.0 324.0
128.0 304.0 138.0 324.0
281.0 94.0 283.0 114.0
361.0 174.0 365.0 193.0
284.0 127.0 287.0 147.0
265.0 534.0 281.0 554.0
266.0 535.0 281.0 554.0
28.0 76.0 33.0 99.0
405.0 56.0 407.0 76.0
406.0 56.0 407.0 76.0
341.0 247.0 348.0 268.0
257.0 520.0 273.0 540.0
95.0 69.0 99.0 94.0
281.0 263.0 288.0 282.0
362.0 174.0 365.0 193.0
266.0 534.0 281.0 554.0
267.0 534.0 281.0 554.0
343.0 249.0 348.0 268.0
406.0 55.0 407.0 76.0
220.0 374.0 228.0 391.0
440.0 426.0 455.0 448.0
27.0 76.0 33.0 99.0
393.0 410.0 407.0 431.0
343.0 248.0 348.0 268.0
28.0 75.0 33.0 99.0
130.0 303.0 140.0 323.0
342.0 248.0 348.0 268.0
341.0 248.0 348.0 268.0
27.0 77.0 33.0 99.0
260.0 105.0 266.0 126.0
342.0 249.0 348.0 268.0
265.0 533.0 281.0 554.0
405.0 55.0 407.0 76.0
432.0 421.0 448.0 444.0
264.0 106.0 266.0 125.0
361.0 173.0 365.0 193.0
20.0 509.0 33.0 531.0
421.0 441.0 437.0 462.0
281.0 262.0 288.0 279.0
116.0 70.0 121.0 94.0
86.0 219.0 94.0 240.0
378.0 424.0 393.0 445.0
393.0 409.0 407.0 431.0
420.0 440.0 437.0 463.0
267.0 535.0 281.0 554.0
27.0 75.0 33.0 99.0
341.0 250.0 348.0 268.0
266.0 533.0 281.0 554.0
41.0 148.0 46.0 167.0
378.0 423.0 393.0 445.0
258.0 518.0 273.0 540.0
264.0 107.0 266.0 126.0
116.0 71.0 121.0 94.0
341.0 249.0 348.0 268.0
281.0 261.0 288.0 279.0
362.0 173.0 365.0 193.0
129.0 303.0 139.0 324.0
265.0 107.0 267.0 126.0
421.0 440.0 437.0 463.0
265.0 106.0 267.0 126.0
285.0 197.0 291.0 219.0
439.0 425.0 455.0 448.0
342.0 250.0 348.0 268.0
289.0 349.0 298.0 366.0
128.0 303.0 138.0 323.0
301.0 441.0 313.0 458.0
86.0 220.0 94.0 240.0
363.0 174.0 365.0 193.0
117.0 72.0 121.0 94.0
363.0 173.0 365.0 193.0
360.0 173.0 365.0 193.0
440.0 425.0 455.0 448.0
420.0 439.0 437.0 462.0
377.0 423.0 393.0 445.0
110.0 145.0 115.0 163.0
303.0 63.0 305.0 88.0
361.0 172.0 365.0 193.0
281.0 260.0 288.0 279.0
289.0 350.0 298.0 366.0
285.0 196.0 291.0 219.0
19.0 507.0 33.0 531.0
422.0 440.0 437.0 462.0
377.0 424.0 393.0 445.0
392.0 409.0 407.0 431.0
259.0 104.0 261.0 125.0
392.0 410.0 407.0 431.0
109.0 145.0 115.0 163.0
238.0 387.0 249.0 407.0
238.0 388.0 249.0 407.0
280.0 260.0 288.0 279.0
87.0 219.0 94.0 240.0
41.0 146.0 47.0 168.0
280.0 261.0 288.0 279.0
237.0 388.0 249.0 407.0
265.0 105.0 267.0 125.0
19.0 508.0 33.0 531.0
280.0 262.0 288.0 279.0
110.0 146.0 115.0 163.0
87.0 220.0 94.0 240.0
302.0 440.0 313.0 458.0
20.0 508.0 33.0 531.0
40.0 148.0 46.0 167.0
117.0 71.0 121.0 94.0
421.0 439.0 437.0 462.0
41.0 147.0 47.0 168.0
259.0 105.0 265.0 125.0
40.0 147.0 46.0 167.0
117.0 70.0 121.0 94.0
19.0 509.0 33.0 531.0
362.0 172.0 365.0 193.0
86.0 221.0 94.0 240.0
391.0 408.0 407.0 431.0
87.0 221.0 94.0 240.0
110.0 147.0 116.0 168.0
302.0 441.0 313.0 458.0
257.0 519.0 273.0 540.0
237.0 117.0 239.0 138.0
392.0 408.0 407.0 431.0
422.0 439.0 437.0 462.0
237.0 387.0 249.0 407.0
30.0 95.0 35.0 116.0
235.0 117.0 238.0 137.0
109.0 146.0 115.0 163.0
17.0 182.0 26.0 204.0
284.0 197.0 290.0 221.0
17.0 181.0 26.0 204.0
290.0 349.0 298.0 366.0
236.0 117.0 239.0 138.0
284.0 196.0 290.0 221.0
237.0 118.0 239.0 138.0
30.0 94.0 35.0 116.0
78.0 145.0 85.0 162.0
257.0 518.0 273.0 540.0
18.0 508.0 33.0 531.0
40.0 146.0 46.0 167.0
18.0 509.0 33.0 531.0
125.0 121.0 131.0 147.0
29.0 94.0 35.0 116.0
95.0 54.0 100.0 75.0
79.0 146.0 85.0 162.0
29.0 93.0 35.0 116.0
180.0 388.0 190.0 411.0
124.0 121.0 131.0 147.0
302.0 442.0 313.0 458.0
302.0 63.0 305.0 88.0
293.0 482.0 301.0 513.0
236.0 118.0 239.0 138.0
290.0 350.0 298.0 366.0
302.0 62.0 305.0 88.0
30.0 93.0 36.0 116.0
29.0 92.0 36.0 116.0
236.0 387.0 249.0 407.0
111.0 100.0 117.0 124.0
118.0 70.0 121.0 94.0
79.0 144.0 85.0 162.0
78.0 144.0 85.0 162.0
125.0 120.0 131.0 147.0
79.0 145.0 85.0 162.0
236.0 386.0 249.0 407.0
118.0 71.0 121.0 94.0
124.0 120.0 131.0 147.0
12.0 413.0 25.0 432.0
164.0 81.0 166.0 106.0
95.0 55.0 100.0 75.0
124.0 119.0 131.0 147.0
80.0 145.0 85.0 162.0
94.0 55.0 99.0 75.0
303.0 441.0 313.0 458.0
163.0 82.0 166.0 106.0
12.0 414.0 25.0 432.0
293.0 481.0 301.0 513.0
294.0 482.0 301.0 513.0
303.0 440.0 313.0 458.0
35.0 114.0 41.0 138.0
295.0 481.0 301.0 513.0
164.0 82.0 166.0 106.0
95.0 56.0 100.0 75.0
12.0 412.0 25.0 432.0
303.0 442.0 313.0 458.0
112.0 101.0 117.0 124.0
12.0 411.0 25.0 432.0
165.0 83.0 166.0 106.0
165.0 82.0 166.0 106.0
438.0 8.0 448.0 13.0
35.0 113.0 41.0 138.0
34.0 113.0 40.0 140.0
125.0 119.0 131.0 147.0
208.0 358.0 217.0 376.0
202.0 317.0 206.0 334.0
111.0 101.0 117.0 124.0
164.0 83.0 166.0 106.0
163.0 83.0 166.0 106.0
304.0 441.0 313.0 458.0
34.0 112.0 40.0 140.0
190.0 89.0 194.0 111.0
34.0 114.0 40.0 140.0
202.0 318.0 206.0 334.0
294.0 481.0 301.0 513.0
201.0 317.0 206.0 334.0
96.0 55.0 100.0 75.0
201.0 318.0 206.0 334.0
438.0 7.0 448.0 13.0
301.0 56.0 303.0 73.0
6.0 44.0 11.0 65.0
136.0 102.0 140.0 124.0
34.0 115.0 41.0 138.0
203.0 318.0 206.0 334.0
202.0 319.0 206.0 334.0
203.0 319.0 206.0 334.0
7.0 44.0 11.0 65.0
157.0 99.0 161.0 122.0
218.0 425.0 228.0 444.0
301.0 63.0 305.0 88.0
158.0 100.0 161.0 122.0
135.0 102.0 140.0 124.0
6.0 43.0 11.0 65.0
156.0 99.0 161.0 122.0
208.0 359.0 217.0 376.0
7.0 43.0 11.0 65.0
301.0 62.0 305.0 88.0
218.0 426.0 228.0 444.0
293.0 480.0 301.0 513.0
189.0 89.0 194.0 111.0
20.0 201.0 31.0 237.0
219.0 426.0 228.0 444.0
294.0 480.0 301.0 513.0
157.0 100.0 161.0 122.0
63.0 50.0 68.0 70.0
136.0 103.0 140.0 124.0
218.0 427.0 228.0 444.0
232.0 98.0 236.0 118.0
233.0 98.0 236.0 118.0
316.0 594.0 335.0 620.0
64.0 50.0 68.0 70.0
135.0 103.0 140.0 124.0
21.0 201.0 31.0 237.0
209.0 358.0 217.0 376.0
63.0 49.0 68.0 70.0
274.0 610.0 293.0 630.0
164.0 336.0 168.0 351.0
163.0 336.0 168.0 351.0
156.0 100.0 161.0 122.0
219.0 427.0 228.0 444.0
209.0 359.0 217.0 376.0
233.0 99.0 236.0 120.0
20.0 200.0 31.0 237.0
299.0 591.0 315.0 613.0
315.0 594.0 335.0 620.0
275.0 609.0 293.0 630.0
155.0 99.0 161.0 122.0
299.0 593.0 315.0 613.0
155.0 100.0 161.0 122.0
300.0 593.0 315.0 613.0
274.0 609.0 293.0 630.0
300.0 591.0 315.0 613.0
232.0 99.0 236.0 118.0
299.0 592.0 315.0 613.0
21.0 200.0 31.0 237.0
300.0 592.0 315.0 613.0
19.0 200.0 31.0 237.0
218.0 428.0 228.0 444.0
278.0 624.0 293.0 630.0
233.0 100.0 236.0 120.0
19.0 199.0 31.0 237.0
20.0 199.0 31.0 237.0
219.0 428.0 228.0 444.0
279.0 625.0 293.0 630.0
280.0 625.0 293.0 630.0
279.0 624.0 293.0 630.0
96.0 16.0 99.0 41.0
96.0 17.0 99.0 41.0
174.0 383.0 189.0 411.0
280.0 624.0 293.0 630.0
337.0 264.0 348.0 268.0
96.0 15.0 99.0 41.0
344.0 230.0 349.0 267.0
343.0 232.0 349.0 267.0
95.0 15.0 99.0 41.0
83.0 202.0 94.0 240.0
110.0 192.0 114.0 259.0
95.0 14.0 99.0 41.0
96.0 14.0 99.0 41.0
344.0 232.0 349.0 267.0
344.0 231.0 349.0 267.0
95.0 16.0 99.0 41.0
249.0 612.0 273.0 620.0
111.0 192.0 114.0 259.0
249.0 613.0 273.0 620.0
248.0 612.0 273.0 620.0
154.0 320.0 172.0 334.0
337.0 265.0 348.0 268.0
343.0 231.0 349.0 267.0
95.0 13.0 99.0 41.0
326.0 608.0 335.0 620.0
112.0 192.0 114.0 259.0
111.0 191.0 114.0 259.0
111.0 193.0 114.0 259.0
110.0 191.0 114.0 259.0
112.0 193.0 114.0 259.0
95.0 38.0 99.0 54.0
343.0 230.0 349.0 267.0
247.0 613.0 273.0 619.0
248.0 613.0 273.0 620.0
342.0 230.0 349.0 267.0
336.0 265.0 348.0 268.0
336.0 264.0 348.0 268.0
341.0 609.0 363.0 633.0
112.0 194.0 114.0 259.0
179.0 335.0 175.0 366.0
472.0 513.0 438.0 463.0
248.0 614.0 273.0 620.0
473.0 513.0 438.0 463.0
341.0 608.0 363.0 633.0
154.0 321.0 166.0 349.0
342.0 608.0 363.0 633.0
416.0 42.0 407.0 76.0
342.0 610.0 363.0 633.0
95.0 35.0 98.0 42.0
94.0 37.0 98.0 55.0
342.0 609.0 363.0 633.0
343.0 229.0 349.0 267.0
311.0 610.0 335.0 620.0
95.0 37.0 99.0 54.0
153.0 320.0 172.0 334.0
310.0 611.0 335.0 620.0
95.0 36.0 99.0 54.0
415.0 42.0 407.0 76.0
19.0 588.0 33.0 533.0
153.0 321.0 166.0 349.0
310.0 610.0 335.0 620.0
20.0 491.0 25.0 432.0
19.0 587.0 33.0 533.0
96.0 35.0 98.0 42.0
20.0 588.0 33.0 533.0
