220.0 406.0 198.0 414.0
220.0 405.0 198.0 414.0
154.0 461.0 133.0 465.0
221.0 406.0 198.0 414.0
169.0 540.0 146.0 545.0
221.0 405.0 198.0 414.0
170.0 380.0 153.0 383.0
170.0 540.0 146.0 545.0
219.0 405.0 198.0 414.0
219.0 406.0 198.0 414.0
250.0 533.0 223.0 544.0
169.0 541.0 146.0 545.0
127.0 562.0 101.0 566.0
149.0 435.0 130.0 438.0
171.0 540.0 147.0 545.0
332.0 117.0 324.0 118.0
154.0 462.0 133.0 465.0
328.0 43.0 324.0 42.0
153.0 391.0 137.0 394.0
233.0 453.0 211.0 462.0
255.0 49.0 251.0 45.0
353.0 23.0 350.0 22.0
128.0 562.0 102.0 565.0
337.0 83.0 332.0 83.0
234.0 452.0 211.0 462.0
319.0 23.0 317.0 20.0
234.0 453.0 211.0 462.0
332.0 116.0 324.0 118.0
127.0 563.0 101.0 566.0
250.0 534.0 223.0 544.0
170.0 539.0 146.0 544.0
220.0 407.0 197.0 414.0
255.0 48.0 250.0 44.0
320.0 22.0 318.0 20.0
153.0 461.0 132.0 466.0
320.0 23.0 318.0 20.0
171.0 472.0 149.0 478.0
219.0 407.0 197.0 414.0
297.0 85.0 291.0 82.0
108.0 445.0 82.0 447.0
154.0 460.0 133.0 465.0
331.0 116.0 323.0 118.0
319.0 22.0 317.0 20.0
338.0 84.0 332.0 83.0
331.0 117.0 323.0 118.0
251.0 533.0 223.0 544.0
354.0 22.0 351.0 22.0
354.0 23.0 351.0 22.0
109.0 445.0 82.0 447.0
171.0 471.0 149.0 478.0
336.0 84.0 332.0 83.0
169.0 539.0 146.0 545.0
153.0 462.0 133.0 465.0
337.0 84.0 332.0 83.0
235.0 452.0 211.0 461.0
169.0 380.0 153.0 383.0
255.0 50.0 250.0 46.0
256.0 49.0 251.0 45.0
168.0 540.0 146.0 545.0
289.0 45.0 285.0 43.0
319.0 21.0 317.0 20.0
152.0 392.0 137.0 394.0
169.0 381.0 152.0 384.0
153.0 460.0 132.0 466.0
235.0 453.0 211.0 463.0
355.0 21.0 351.0 22.0
233.0 452.0 211.0 461.0
109.0 446.0 82.0 447.0
176.0 379.0 156.0 383.0
251.0 534.0 224.0 545.0
287.0 45.0 282.0 43.0
126.0 561.0 101.0 566.0
286.0 46.0 282.0 43.0
309.0 116.0 305.0 116.0
238.0 59.0 234.0 54.0
172.0 471.0 150.0 479.0
353.0 22.0 350.0 22.0
128.0 563.0 101.0 566.0
287.0 46.0 282.0 43.0
254.0 48.0 250.0 44.0
154.0 391.0 137.0 394.0
186.0 453.0 164.0 459.0
414.0 18.0 413.0 20.0
110.0 446.0 89.0 446.0
415.0 17.0 413.0 20.0
187.0 454.0 164.0 459.0
111.0 446.0 91.0 446.0
309.0 115.0 305.0 116.0
297.0 84.0 291.0 82.0
69.0 518.0 46.0 517.0
415.0 18.0 413.0 20.0
126.0 562.0 101.0 566.0
301.0 61.0 298.0 59.0
297.0 86.0 291.0 83.0
254.0 49.0 250.0 46.0
355.0 23.0 351.0 22.0
254.0 50.0 250.0 46.0
416.0 18.0 413.0 20.0
110.0 445.0 89.0 446.0
414.0 19.0 413.0 20.0
288.0 45.0 285.0 43.0
111.0 445.0 91.0 446.0
338.0 143.0 330.0 147.0
355.0 22.0 351.0 22.0
335.0 84.0 331.0 84.0
354.0 21.0 351.0 22.0
301.0 23.0 297.0 21.0
336.0 85.0 332.0 83.0
187.0 453.0 164.0 459.0
297.0 87.0 291.0 83.0
331.0 118.0 323.0 118.0
416.0 17.0 413.0 20.0
152.0 462.0 133.0 465.0
289.0 46.0 285.0 43.0
308.0 115.0 305.0 116.0
253.0 50.0 250.0 46.0
337.0 85.0 332.0 84.0
330.0 117.0 323.0 118.0
301.0 62.0 298.0 59.0
318.0 87.0 314.0 87.0
301.0 24.0 297.0 21.0
152.0 461.0 132.0 466.0
261.0 115.0 256.0 111.0
335.0 85.0 331.0 84.0
259.0 114.0 255.0 111.0
288.0 46.0 285.0 43.0
288.0 114.0 283.0 112.0
300.0 23.0 297.0 21.0
339.0 143.0 331.0 146.0
253.0 49.0 250.0 46.0
237.0 73.0 230.0 69.0
259.0 115.0 255.0 111.0
238.0 61.0 234.0 54.0
287.0 47.0 285.0 43.0
330.0 116.0 323.0 118.0
302.0 61.0 298.0 59.0
295.0 86.0 292.0 84.0
287.0 115.0 281.0 112.0
186.0 454.0 164.0 459.0
238.0 60.0 234.0 54.0
415.0 19.0 413.0 20.0
172.0 472.0 150.0 479.0
252.0 533.0 224.0 545.0
127.0 561.0 101.0 566.0
155.0 391.0 137.0 394.0
296.0 86.0 291.0 82.0
300.0 61.0 296.0 60.0
356.0 22.0 351.0 22.0
260.0 115.0 256.0 111.0
69.0 517.0 46.0 516.0
300.0 24.0 297.0 21.0
257.0 75.0 253.0 70.0
290.0 45.0 286.0 43.0
416.0 19.0 413.0 20.0
296.0 87.0 292.0 84.0
172.0 446.0 150.0 451.0
258.0 75.0 253.0 70.0
415.0 20.0 413.0 20.0
296.0 84.0 291.0 82.0
308.0 116.0 305.0 116.0
301.0 25.0 297.0 21.0
202.0 136.0 193.0 132.0
299.0 24.0 297.0 21.0
295.0 85.0 291.0 82.0
236.0 73.0 230.0 69.0
261.0 114.0 256.0 111.0
260.0 114.0 256.0 111.0
319.0 86.0 314.0 87.0
338.0 144.0 331.0 147.0
286.0 115.0 281.0 112.0
227.0 132.0 221.0 126.0
288.0 115.0 281.0 112.0
318.0 86.0 314.0 87.0
226.0 132.0 221.0 126.0
300.0 25.0 297.0 21.0
287.0 116.0 281.0 112.0
300.0 60.0 296.0 60.0
301.0 60.0 296.0 60.0
337.0 144.0 331.0 147.0
299.0 25.0 297.0 21.0
258.0 76.0 253.0 71.0
339.0 144.0 332.0 147.0
287.0 114.0 281.0 112.0
201.0 138.0 193.0 133.0
319.0 87.0 314.0 87.0
69.0 516.0 46.0 516.0
400.0 96.0 394.0 101.0
257.0 76.0 253.0 71.0
227.0 133.0 221.0 126.0
300.0 62.0 296.0 60.0
286.0 114.0 281.0 112.0
186.0 469.0 166.0 474.0
296.0 85.0 291.0 82.0
299.0 60.0 296.0 60.0
302.0 24.0 297.0 21.0
145.0 435.0 128.0 437.0
400.0 97.0 394.0 101.0
322.0 42.0 324.0 41.0
236.0 74.0 230.0 69.0
201.0 136.0 193.0 132.0
237.0 74.0 230.0 69.0
200.0 137.0 193.0 132.0
125.0 561.0 101.0 566.0
340.0 144.0 331.0 146.0
164.0 557.0 138.0 563.0
399.0 98.0 394.0 101.0
340.0 145.0 332.0 147.0
339.0 145.0 332.0 147.0
202.0 137.0 193.0 132.0
356.0 58.0 352.0 58.0
299.0 62.0 296.0 60.0
144.0 435.0 128.0 437.0
318.0 85.0 314.0 87.0
357.0 57.0 352.0 58.0
399.0 97.0 394.0 101.0
356.0 57.0 351.0 58.0
66.0 578.0 43.0 577.0
201.0 137.0 193.0 132.0
200.0 136.0 193.0 132.0
228.0 435.0 207.0 443.0
241.0 112.0 233.0 109.0
259.0 75.0 253.0 71.0
259.0 76.0 253.0 71.0
240.0 111.0 233.0 109.0
319.0 85.0 314.0 87.0
299.0 61.0 296.0 60.0
205.0 423.0 186.0 428.0
274.0 92.0 270.0 90.0
338.0 145.0 332.0 147.0
239.0 140.0 230.0 137.0
229.0 435.0 207.0 443.0
258.0 77.0 252.0 72.0
240.0 112.0 233.0 109.0
227.0 435.0 206.0 444.0
436.0 57.0 432.0 62.0
69.0 102.0 67.0 102.0
454.0 54.0 449.0 59.0
318.0 140.0 310.0 141.0
65.0 578.0 43.0 577.0
407.0 76.0 402.0 78.0
64.0 576.0 42.0 576.0
241.0 113.0 233.0 109.0
399.0 96.0 394.0 100.0
143.0 435.0 128.0 437.0
320.0 86.0 314.0 87.0
409.0 74.0 403.0 77.0
68.0 101.0 67.0 102.0
407.0 74.0 402.0 78.0
205.0 424.0 186.0 428.0
456.0 53.0 449.0 59.0
321.0 42.0 324.0 41.0
275.0 93.0 270.0 90.0
143.0 436.0 128.0 437.0
298.0 143.0 292.0 142.0
399.0 95.0 394.0 100.0
67.0 101.0 67.0 102.0
240.0 113.0 233.0 109.0
409.0 75.0 403.0 80.0
435.0 57.0 432.0 62.0
165.0 557.0 138.0 563.0
408.0 74.0 403.0 77.0
409.0 76.0 403.0 80.0
320.0 87.0 314.0 87.0
407.0 75.0 402.0 78.0
239.0 112.0 233.0 109.0
300.0 174.0 304.0 181.0
67.0 102.0 67.0 102.0
274.0 93.0 270.0 90.0
226.0 133.0 221.0 126.0
64.0 577.0 42.0 576.0
166.0 557.0 138.0 563.0
320.0 85.0 314.0 87.0
435.0 155.0 429.0 161.0
454.0 55.0 449.0 59.0
275.0 92.0 270.0 90.0
299.0 143.0 291.0 144.0
435.0 56.0 431.0 61.0
318.0 141.0 310.0 141.0
398.0 98.0 394.0 101.0
204.0 423.0 186.0 428.0
408.0 75.0 403.0 80.0
297.0 144.0 290.0 143.0
300.0 144.0 291.0 143.0
65.0 577.0 42.0 576.0
68.0 103.0 68.0 104.0
298.0 144.0 290.0 143.0
67.0 103.0 67.0 102.0
398.0 97.0 394.0 100.0
271.0 141.0 263.0 140.0
434.0 156.0 429.0 161.0
436.0 55.0 431.0 61.0
435.0 156.0 429.0 161.0
275.0 91.0 270.0 90.0
436.0 56.0 432.0 62.0
204.0 424.0 186.0 428.0
456.0 54.0 449.0 59.0
434.0 56.0 430.0 61.0
276.0 92.0 270.0 90.0
408.0 76.0 402.0 78.0
299.0 174.0 304.0 181.0
435.0 55.0 430.0 61.0
339.0 146.0 332.0 147.0
317.0 140.0 310.0 141.0
270.0 141.0 263.0 140.0
274.0 94.0 270.0 90.0
275.0 94.0 270.0 90.0
65.0 366.0 45.0 364.0
240.0 114.0 233.0 109.0
276.0 93.0 270.0 90.0
455.0 54.0 449.0 59.0
241.0 114.0 234.0 109.0
68.0 102.0 68.0 104.0
397.0 97.0 394.0 100.0
64.0 366.0 45.0 364.0
229.0 538.0 195.0 550.0
338.0 146.0 332.0 147.0
337.0 145.0 331.0 147.0
239.0 141.0 230.0 137.0
335.0 19.0 320.0 21.0
441.0 37.0 437.0 42.0
437.0 56.0 432.0 62.0
299.0 144.0 291.0 144.0
298.0 145.0 291.0 144.0
319.0 84.0 314.0 87.0
398.0 96.0 394.0 100.0
270.0 142.0 263.0 140.0
455.0 55.0 449.0 59.0
297.0 145.0 291.0 144.0
239.0 142.0 230.0 137.0
456.0 55.0 449.0 59.0
238.0 140.0 230.0 137.0
299.0 145.0 290.0 144.0
441.0 38.0 437.0 42.0
397.0 96.0 394.0 100.0
317.0 141.0 310.0 141.0
439.0 37.0 437.0 42.0
250.0 56.0 250.0 46.0
398.0 95.0 394.0 100.0
300.0 145.0 291.0 143.0
439.0 38.0 437.0 42.0
298.0 174.0 304.0 181.0
440.0 37.0 437.0 42.0
238.0 141.0 230.0 137.0
65.0 367.0 45.0 364.0
272.0 142.0 263.0 140.0
298.0 146.0 290.0 144.0
440.0 38.0 437.0 42.0
299.0 146.0 290.0 144.0
271.0 142.0 263.0 140.0
269.0 142.0 263.0 140.0
238.0 142.0 230.0 137.0
17.0 221.0 3.0 213.0
440.0 39.0 437.0 42.0
18.0 222.0 3.0 213.0
441.0 39.0 437.0 42.0
249.0 56.0 250.0 46.0
64.0 367.0 45.0 364.0
64.0 368.0 45.0 364.0
237.0 141.0 230.0 137.0
18.0 221.0 3.0 213.0
63.0 368.0 44.0 365.0
63.0 367.0 45.0 364.0
241.0 169.0 258.0 174.0
62.0 368.0 44.0 365.0
19.0 222.0 3.0 213.0
19.0 221.0 3.0 213.0
272.0 143.0 263.0 140.0
177.0 65.0 169.0 56.0
18.0 220.0 3.0 213.0
63.0 369.0 44.0 365.0
271.0 143.0 263.0 140.0
240.0 169.0 258.0 174.0
270.0 143.0 263.0 140.0
20.0 222.0 3.0 213.0
178.0 66.0 169.0 56.0
172.0 58.0 166.0 54.0
19.0 220.0 3.0 213.0
172.0 57.0 166.0 54.0
171.0 58.0 166.0 54.0
441.0 107.0 434.0 112.0
20.0 221.0 3.0 213.0
329.0 173.0 304.0 180.0
345.0 117.0 324.0 117.0
441.0 106.0 434.0 112.0
344.0 117.0 324.0 117.0
171.0 57.0 166.0 54.0
344.0 116.0 324.0 117.0
177.0 66.0 169.0 56.0
440.0 107.0 434.0 112.0
440.0 105.0 434.0 112.0
413.0 180.0 404.0 185.0
345.0 116.0 324.0 117.0
282.0 31.0 297.0 21.0
440.0 106.0 434.0 112.0
439.0 106.0 434.0 112.0
283.0 30.0 297.0 21.0
346.0 116.0 324.0 117.0
414.0 180.0 404.0 185.0
29.0 498.0 5.0 496.0
28.0 498.0 4.0 495.0
282.0 30.0 297.0 21.0
29.0 499.0 5.0 496.0
412.0 181.0 404.0 185.0
28.0 499.0 4.0 495.0
413.0 181.0 404.0 185.0
411.0 182.0 404.0 185.0
16.0 514.0 19.0 538.0
412.0 182.0 404.0 185.0
42.0 542.0 18.0 539.0
15.0 514.0 19.0 538.0
414.0 181.0 404.0 185.0
413.0 182.0 404.0 185.0
27.0 498.0 4.0 495.0
414.0 182.0 404.0 185.0
17.0 514.0 19.0 538.0
17.0 513.0 19.0 538.0
4.0 230.0 3.0 213.0
27.0 499.0 4.0 495.0
16.0 513.0 19.0 538.0
4.0 229.0 3.0 213.0
8.0 428.0 3.0 384.0
15.0 513.0 19.0 538.0
3.0 229.0 3.0 213.0
371.0 38.0 413.0 20.0
411.0 183.0 404.0 185.0
18.0 513.0 19.0 538.0
10.0 428.0 3.0 384.0
