27.0 448.0 28.0 461.0
26.0 448.0 28.0 461.0
133.0 469.0 132.0 481.0
399.0 382.0 396.0 389.0
8.0 407.0 10.0 421.0
233.0 260.0 230.0 273.0
399.0 383.0 396.0 389.0
267.0 148.0 265.0 156.0
192.0 178.0 191.0 190.0
191.0 178.0 191.0 190.0
38.0 153.0 36.0 163.0
132.0 470.0 132.0 481.0
437.0 285.0 432.0 290.0
267.0 147.0 265.0 156.0
132.0 469.0 132.0 481.0
399.0 381.0 396.0 388.0
420.0 374.0 415.0 381.0
400.0 382.0 396.0 389.0
405.0 301.0 401.0 308.0
383.0 292.0 380.0 301.0
399.0 340.0 395.0 349.0
191.0 179.0 191.0 190.0
361.0 394.0 357.0 403.0
465.0 248.0 460.0 257.0
418.0 374.0 415.0 381.0
405.0 302.0 401.0 308.0
399.0 341.0 395.0 349.0
191.0 177.0 191.0 190.0
426.0 114.0 420.0 123.0
361.0 393.0 356.0 402.0
426.0 113.0 420.0 123.0
400.0 381.0 396.0 388.0
421.0 288.0 416.0 297.0
190.0 178.0 191.0 190.0
399.0 380.0 396.0 388.0
419.0 374.0 415.0 381.0
206.0 247.0 203.0 257.0
406.0 301.0 401.0 308.0
361.0 395.0 357.0 403.0
233.0 259.0 231.0 271.0
360.0 395.0 356.0 402.0
362.0 393.0 357.0 403.0
232.0 260.0 230.0 273.0
154.0 406.0 153.0 417.0
251.0 92.0 246.0 101.0
251.0 91.0 246.0 101.0
437.0 284.0 432.0 290.0
406.0 302.0 401.0 308.0
398.0 197.0 393.0 205.0
360.0 394.0 356.0 402.0
383.0 291.0 380.0 301.0
233.0 258.0 230.0 270.0
419.0 614.0 413.0 621.0
206.0 248.0 203.0 257.0
39.0 152.0 37.0 162.0
38.0 152.0 37.0 162.0
38.0 151.0 37.0 162.0
397.0 197.0 393.0 205.0
360.0 393.0 356.0 402.0
206.0 249.0 203.0 257.0
340.0 462.0 338.0 469.0
419.0 375.0 415.0 381.0
384.0 291.0 380.0 301.0
349.0 499.0 347.0 509.0
248.0 566.0 245.0 577.0
384.0 292.0 380.0 301.0
248.0 565.0 245.0 577.0
362.0 394.0 357.0 403.0
383.0 293.0 380.0 301.0
438.0 284.0 432.0 290.0
232.0 259.0 230.0 273.0
298.0 156.0 293.0 167.0
341.0 461.0 338.0 469.0
207.0 246.0 203.0 257.0
398.0 198.0 393.0 205.0
400.0 380.0 396.0 388.0
420.0 288.0 415.0 297.0
298.0 157.0 293.0 167.0
250.0 91.0 246.0 101.0
421.0 289.0 415.0 297.0
297.0 157.0 293.0 167.0
220.0 188.0 219.0 200.0
397.0 198.0 393.0 205.0
458.0 506.0 454.0 513.0
397.0 199.0 393.0 205.0
250.0 92.0 246.0 101.0
298.0 158.0 293.0 167.0
43.0 239.0 48.0 251.0
349.0 319.0 346.0 325.0
232.0 258.0 230.0 270.0
396.0 197.0 393.0 205.0
250.0 90.0 246.0 101.0
350.0 499.0 347.0 509.0
420.0 289.0 415.0 297.0
349.0 500.0 346.0 509.0
339.0 462.0 338.0 469.0
251.0 90.0 248.0 100.0
42.0 239.0 48.0 251.0
339.0 335.0 336.0 340.0
299.0 158.0 293.0 167.0
386.0 329.0 383.0 336.0
413.0 443.0 407.0 450.0
384.0 293.0 380.0 301.0
459.0 506.0 454.0 513.0
15.0 412.0 10.0 422.0
385.0 328.0 383.0 336.0
207.0 247.0 203.0 257.0
419.0 289.0 415.0 297.0
15.0 411.0 10.0 421.0
396.0 198.0 393.0 205.0
221.0 188.0 219.0 198.0
297.0 158.0 293.0 167.0
220.0 187.0 219.0 198.0
402.0 451.0 397.0 460.0
340.0 334.0 336.0 340.0
298.0 159.0 293.0 167.0
385.0 330.0 382.0 336.0
385.0 329.0 383.0 336.0
340.0 461.0 338.0 469.0
90.0 611.0 87.0 623.0
299.0 157.0 293.0 167.0
91.0 611.0 87.0 623.0
451.0 449.0 446.0 458.0
474.0 613.0 470.0 619.0
349.0 318.0 346.0 325.0
437.0 283.0 432.0 290.0
457.0 505.0 453.0 513.0
384.0 328.0 382.0 336.0
219.0 188.0 218.0 200.0
475.0 613.0 470.0 619.0
458.0 507.0 454.0 513.0
420.0 290.0 415.0 297.0
401.0 451.0 397.0 460.0
458.0 505.0 454.0 513.0
360.0 330.0 357.0 339.0
430.0 407.0 426.0 414.0
16.0 411.0 10.0 421.0
248.0 567.0 245.0 577.0
457.0 506.0 453.0 513.0
402.0 452.0 397.0 460.0
350.0 500.0 347.0 509.0
19.0 201.0 21.0 213.0
207.0 248.0 203.0 257.0
339.0 334.0 336.0 340.0
91.0 610.0 87.0 623.0
307.0 483.0 304.0 494.0
394.0 546.0 390.0 554.0
16.0 412.0 10.0 422.0
360.0 329.0 357.0 339.0
271.0 138.0 267.0 148.0
341.0 334.0 337.0 340.0
341.0 333.0 337.0 340.0
94.0 246.0 103.0 265.0
438.0 283.0 432.0 290.0
340.0 335.0 336.0 340.0
271.0 137.0 267.0 148.0
430.0 409.0 426.0 414.0
257.0 175.0 255.0 184.0
257.0 174.0 255.0 184.0
355.0 182.0 350.0 191.0
394.0 547.0 390.0 554.0
219.0 187.0 219.0 198.0
354.0 182.0 350.0 191.0
421.0 290.0 415.0 297.0
58.0 455.0 75.0 470.0
349.0 501.0 347.0 509.0
430.0 408.0 426.0 414.0
348.0 319.0 346.0 325.0
256.0 176.0 254.0 184.0
90.0 610.0 87.0 623.0
89.0 610.0 87.0 623.0
138.0 602.0 139.0 615.0
387.0 328.0 383.0 336.0
394.0 548.0 390.0 554.0
258.0 175.0 255.0 184.0
384.0 329.0 382.0 336.0
94.0 247.0 103.0 265.0
53.0 139.0 57.0 152.0
429.0 409.0 425.0 414.0
340.0 333.0 337.0 340.0
257.0 176.0 255.0 184.0
429.0 408.0 425.0 414.0
95.0 7.0 70.0 11.0
458.0 3.0 453.0 11.0
363.0 515.0 359.0 524.0
428.0 409.0 425.0 414.0
54.0 139.0 57.0 152.0
326.0 453.0 323.0 461.0
20.0 199.0 22.0 212.0
57.0 456.0 75.0 470.0
362.0 516.0 359.0 524.0
57.0 454.0 75.0 470.0
431.0 407.0 426.0 414.0
458.0 4.0 453.0 11.0
139.0 601.0 139.0 615.0
384.0 258.0 379.0 265.0
355.0 183.0 350.0 192.0
438.0 226.0 433.0 234.0
175.0 350.0 192.0 296.0
271.0 136.0 267.0 148.0
24.0 320.0 27.0 333.0
351.0 500.0 347.0 509.0
386.0 328.0 383.0 336.0
256.0 175.0 254.0 184.0
325.0 452.0 323.0 461.0
307.0 485.0 303.0 494.0
58.0 456.0 75.0 470.0
438.0 225.0 433.0 234.0
457.0 3.0 453.0 11.0
24.0 319.0 27.0 333.0
348.0 318.0 346.0 325.0
56.0 454.0 75.0 470.0
33.0 236.0 48.0 251.0
439.0 226.0 433.0 234.0
20.0 201.0 22.0 213.0
474.0 614.0 470.0 619.0
457.0 4.0 453.0 11.0
330.0 309.0 324.0 321.0
138.0 601.0 139.0 615.0
475.0 614.0 470.0 619.0
25.0 320.0 27.0 333.0
19.0 199.0 21.0 213.0
19.0 198.0 22.0 212.0
18.0 200.0 21.0 213.0
306.0 451.0 304.0 460.0
20.0 200.0 22.0 212.0
355.0 184.0 350.0 192.0
350.0 501.0 347.0 509.0
307.0 451.0 304.0 460.0
307.0 484.0 303.0 494.0
57.0 455.0 75.0 470.0
362.0 515.0 359.0 524.0
354.0 183.0 350.0 191.0
420.0 508.0 415.0 516.0
330.0 308.0 324.0 321.0
348.0 317.0 346.0 325.0
32.0 236.0 48.0 251.0
350.0 502.0 347.0 509.0
472.0 486.0 476.0 493.0
438.0 227.0 433.0 234.0
428.0 410.0 425.0 414.0
19.0 200.0 21.0 213.0
363.0 516.0 358.0 524.0
94.0 6.0 70.0 11.0
94.0 7.0 70.0 11.0
306.0 452.0 304.0 460.0
439.0 225.0 433.0 234.0
393.0 547.0 390.0 554.0
393.0 548.0 390.0 554.0
420.0 509.0 415.0 516.0
133.0 12.0 114.0 20.0
363.0 514.0 358.0 524.0
354.0 184.0 350.0 192.0
324.0 81.0 322.0 89.0
393.0 233.0 388.0 242.0
335.0 55.0 331.0 65.0
133.0 13.0 114.0 20.0
362.0 517.0 357.0 525.0
56.0 455.0 75.0 470.0
175.0 351.0 192.0 296.0
401.0 562.0 396.0 568.0
308.0 484.0 304.0 494.0
419.0 508.0 415.0 516.0
422.0 452.0 417.0 459.0
351.0 501.0 347.0 509.0
275.0 431.0 272.0 440.0
293.0 467.0 290.0 477.0
75.0 353.0 68.0 364.0
384.0 259.0 379.0 265.0
291.0 467.0 290.0 477.0
307.0 452.0 304.0 460.0
362.0 514.0 358.0 524.0
398.0 272.0 393.0 280.0
400.0 561.0 396.0 568.0
11.0 223.0 6.0 233.0
335.0 53.0 331.0 65.0
400.0 562.0 396.0 568.0
399.0 272.0 394.0 280.0
475.0 615.0 470.0 619.0
18.0 199.0 21.0 213.0
335.0 54.0 331.0 65.0
293.0 468.0 290.0 477.0
334.0 55.0 331.0 65.0
401.0 561.0 396.0 568.0
338.0 370.0 336.0 379.0
138.0 600.0 139.0 615.0
326.0 81.0 322.0 89.0
347.0 317.0 346.0 325.0
292.0 468.0 290.0 477.0
292.0 466.0 290.0 477.0
334.0 53.0 331.0 65.0
339.0 369.0 336.0 379.0
326.0 80.0 322.0 89.0
325.0 81.0 322.0 89.0
339.0 371.0 336.0 379.0
268.0 474.0 265.0 482.0
134.0 12.0 114.0 20.0
392.0 468.0 388.0 478.0
307.0 450.0 304.0 460.0
251.0 621.0 249.0 633.0
392.0 469.0 388.0 478.0
249.0 581.0 245.0 594.0
398.0 273.0 394.0 280.0
385.0 258.0 379.0 265.0
292.0 467.0 290.0 477.0
75.0 354.0 68.0 364.0
275.0 432.0 272.0 441.0
391.0 468.0 387.0 478.0
248.0 579.0 245.0 594.0
140.0 448.0 140.0 447.0
339.0 370.0 336.0 379.0
326.0 79.0 322.0 89.0
385.0 259.0 379.0 265.0
269.0 474.0 265.0 482.0
347.0 318.0 346.0 325.0
334.0 54.0 331.0 65.0
293.0 466.0 290.0 477.0
248.0 580.0 245.0 594.0
249.0 580.0 245.0 594.0
391.0 469.0 388.0 478.0
185.0 604.0 181.0 616.0
392.0 470.0 388.0 478.0
325.0 80.0 322.0 89.0
268.0 473.0 265.0 482.0
276.0 431.0 273.0 441.0
393.0 232.0 388.0 242.0
338.0 369.0 336.0 379.0
139.0 448.0 140.0 447.0
276.0 432.0 273.0 441.0
192.0 548.0 189.0 560.0
192.0 550.0 189.0 560.0
164.0 542.0 163.0 554.0
277.0 432.0 273.0 441.0
335.0 52.0 331.0 65.0
275.0 433.0 272.0 441.0
11.0 222.0 6.0 233.0
228.0 558.0 225.0 567.0
193.0 548.0 189.0 560.0
165.0 543.0 164.0 555.0
116.0 465.0 111.0 477.0
5.0 471.0 19.0 491.0
185.0 602.0 182.0 615.0
4.0 471.0 19.0 491.0
24.0 233.0 25.0 238.0
140.0 449.0 140.0 447.0
334.0 52.0 331.0 65.0
391.0 470.0 388.0 478.0
165.0 541.0 163.0 554.0
359.0 347.0 358.0 360.0
27.0 326.0 27.0 333.0
413.0 276.0 409.0 283.0
276.0 433.0 273.0 441.0
185.0 603.0 182.0 615.0
193.0 549.0 189.0 560.0
43.0 347.0 68.0 364.0
248.0 581.0 245.0 594.0
335.0 51.0 331.0 65.0
23.0 233.0 25.0 238.0
12.0 222.0 6.0 233.0
165.0 542.0 164.0 555.0
334.0 51.0 331.0 65.0
269.0 473.0 265.0 482.0
192.0 549.0 189.0 560.0
139.0 449.0 140.0 447.0
26.0 326.0 27.0 333.0
412.0 276.0 409.0 283.0
162.0 548.0 164.0 555.0
193.0 550.0 189.0 560.0
464.0 177.0 458.0 186.0
340.0 392.0 337.0 399.0
166.0 542.0 164.0 555.0
413.0 277.0 409.0 283.0
412.0 277.0 409.0 283.0
465.0 177.0 458.0 186.0
341.0 390.0 337.0 399.0
194.0 550.0 189.0 560.0
27.0 327.0 27.0 333.0
263.0 523.0 254.0 527.0
193.0 551.0 189.0 560.0
248.0 582.0 245.0 594.0
464.0 178.0 458.0 186.0
465.0 178.0 458.0 186.0
359.0 346.0 358.0 360.0
264.0 523.0 254.0 527.0
341.0 391.0 337.0 399.0
117.0 466.0 111.0 477.0
5.0 470.0 19.0 491.0
4.0 470.0 19.0 491.0
341.0 392.0 337.0 399.0
334.0 50.0 330.0 65.0
340.0 391.0 337.0 399.0
117.0 465.0 111.0 477.0
166.0 541.0 163.0 554.0
340.0 390.0 337.0 399.0
375.0 249.0 379.0 264.0
318.0 366.0 303.0 376.0
135.0 23.0 115.0 20.0
134.0 23.0 115.0 20.0
318.0 367.0 303.0 376.0
319.0 366.0 303.0 376.0
67.0 239.0 48.0 251.0
173.0 173.0 191.0 190.0
319.0 365.0 302.0 375.0
172.0 173.0 191.0 190.0
35.0 408.0 10.0 422.0
35.0 409.0 10.0 422.0
325.0 324.0 324.0 321.0
37.0 409.0 10.0 422.0
37.0 408.0 10.0 422.0
328.0 400.0 318.0 418.0
127.0 432.0 121.0 455.0
36.0 409.0 10.0 422.0
319.0 367.0 303.0 376.0
36.0 408.0 10.0 422.0
172.0 172.0 191.0 190.0
36.0 407.0 10.0 422.0
327.0 399.0 318.0 418.0
320.0 365.0 302.0 375.0
329.0 400.0 318.0 418.0
126.0 431.0 121.0 455.0
127.0 431.0 121.0 455.0
442.0 96.0 421.0 123.0
176.0 588.0 175.0 600.0
328.0 285.0 332.0 275.0
177.0 588.0 175.0 600.0
442.0 97.0 421.0 124.0
