341.0 188.0 350.0 224.0
128.0 636.0 131.0 637.0
128.0 637.0 131.0 637.0
341.0 189.0 349.0 225.0
160.0 126.0 174.0 165.0
341.0 190.0 349.0 225.0
357.0 140.0 366.0 178.0
358.0 140.0 366.0 178.0
82.0 367.0 93.0 403.0
357.0 139.0 366.0 177.0
342.0 190.0 350.0 225.0
74.0 330.0 82.0 365.0
84.0 367.0 93.0 403.0
342.0 188.0 350.0 224.0
160.0 125.0 174.0 165.0
341.0 191.0 349.0 225.0
82.0 368.0 93.0 403.0
361.0 175.0 368.0 211.0
342.0 189.0 350.0 224.0
83.0 369.0 93.0 405.0
403.0 71.0 409.0 113.0
129.0 637.0 131.0 637.0
403.0 70.0 409.0 113.0
306.0 544.0 321.0 587.0
83.0 368.0 93.0 403.0
84.0 368.0 94.0 404.0
308.0 545.0 322.0 588.0
83.0 367.0 93.0 403.0
307.0 544.0 321.0 588.0
129.0 638.0 131.0 637.0
357.0 138.0 366.0 177.0
317.0 516.0 331.0 556.0
361.0 174.0 368.0 211.0
83.0 366.0 93.0 403.0
74.0 329.0 82.0 365.0
84.0 369.0 94.0 404.0
342.0 187.0 350.0 224.0
317.0 257.0 326.0 293.0
61.0 202.0 74.0 242.0
317.0 256.0 326.0 293.0
358.0 139.0 366.0 178.0
282.0 524.0 297.0 566.0
73.0 330.0 82.0 365.0
362.0 160.0 370.0 196.0
81.0 349.0 91.0 383.0
322.0 452.0 336.0 493.0
252.0 284.0 261.0 320.0
317.0 517.0 330.0 557.0
159.0 123.0 173.0 164.0
343.0 188.0 351.0 224.0
362.0 161.0 370.0 196.0
343.0 189.0 351.0 224.0
347.0 210.0 354.0 245.0
254.0 459.0 267.0 500.0
322.0 451.0 336.0 493.0
92.0 277.0 103.0 310.0
323.0 453.0 336.0 493.0
164.0 299.0 175.0 334.0
283.0 523.0 297.0 566.0
75.0 329.0 83.0 365.0
318.0 516.0 331.0 556.0
190.0 453.0 201.0 495.0
164.0 298.0 175.0 334.0
360.0 176.0 368.0 211.0
347.0 211.0 354.0 245.0
360.0 175.0 368.0 211.0
73.0 329.0 82.0 365.0
403.0 72.0 409.0 113.0
254.0 460.0 268.0 501.0
179.0 293.0 190.0 333.0
251.0 284.0 261.0 320.0
92.0 276.0 103.0 310.0
317.0 518.0 330.0 557.0
323.0 452.0 336.0 493.0
323.0 451.0 336.0 493.0
307.0 545.0 321.0 588.0
93.0 275.0 103.0 310.0
164.0 300.0 175.0 334.0
93.0 276.0 103.0 310.0
159.0 124.0 173.0 164.0
74.0 328.0 83.0 365.0
361.0 173.0 368.0 211.0
58.0 401.0 68.0 440.0
282.0 523.0 297.0 566.0
362.0 159.0 370.0 196.0
363.0 159.0 370.0 195.0
363.0 160.0 370.0 196.0
53.0 381.0 64.0 418.0
346.0 210.0 354.0 245.0
53.0 380.0 64.0 418.0
340.0 193.0 349.0 225.0
324.0 452.0 337.0 493.0
402.0 71.0 409.0 113.0
159.0 125.0 174.0 165.0
97.0 297.0 108.0 332.0
52.0 381.0 64.0 418.0
81.0 350.0 91.0 383.0
358.0 138.0 366.0 177.0
57.0 400.0 68.0 440.0
179.0 292.0 190.0 332.0
82.0 349.0 91.0 383.0
54.0 381.0 64.0 418.0
60.0 201.0 74.0 242.0
146.0 234.0 159.0 270.0
384.0 59.0 391.0 101.0
308.0 546.0 322.0 588.0
180.0 293.0 190.0 333.0
345.0 210.0 354.0 245.0
345.0 212.0 354.0 245.0
61.0 201.0 74.0 242.0
282.0 522.0 297.0 566.0
345.0 211.0 354.0 245.0
307.0 546.0 321.0 588.0
93.0 278.0 103.0 310.0
165.0 298.0 175.0 334.0
346.0 211.0 354.0 245.0
58.0 402.0 68.0 440.0
306.0 545.0 321.0 588.0
313.0 295.0 322.0 329.0
75.0 328.0 83.0 365.0
73.0 328.0 82.0 365.0
384.0 60.0 391.0 101.0
72.0 329.0 82.0 365.0
54.0 382.0 64.0 418.0
165.0 300.0 175.0 334.0
318.0 517.0 330.0 557.0
92.0 278.0 103.0 310.0
165.0 299.0 175.0 334.0
402.0 70.0 409.0 113.0
360.0 174.0 368.0 211.0
360.0 173.0 368.0 211.0
190.0 452.0 201.0 495.0
191.0 452.0 202.0 495.0
302.0 261.0 310.0 295.0
135.0 341.0 146.0 375.0
137.0 342.0 146.0 375.0
384.0 61.0 390.0 101.0
181.0 294.0 191.0 334.0
164.0 297.0 175.0 334.0
179.0 291.0 190.0 332.0
180.0 292.0 190.0 332.0
146.0 233.0 159.0 270.0
346.0 212.0 354.0 245.0
93.0 277.0 103.0 310.0
100.0 312.0 111.0 346.0
159.0 126.0 174.0 165.0
100.0 313.0 111.0 346.0
312.0 296.0 322.0 329.0
383.0 61.0 390.0 102.0
252.0 285.0 261.0 320.0
180.0 296.0 191.0 334.0
191.0 454.0 202.0 495.0
97.0 295.0 109.0 332.0
383.0 60.0 390.0 102.0
53.0 382.0 64.0 418.0
136.0 340.0 146.0 375.0
383.0 62.0 390.0 102.0
301.0 262.0 310.0 295.0
144.0 234.0 158.0 271.0
312.0 295.0 322.0 329.0
318.0 518.0 330.0 557.0
306.0 546.0 321.0 588.0
385.0 60.0 391.0 101.0
191.0 453.0 202.0 495.0
384.0 62.0 390.0 101.0
72.0 328.0 82.0 365.0
181.0 295.0 191.0 334.0
97.0 296.0 109.0 332.0
180.0 294.0 191.0 333.0
55.0 382.0 64.0 418.0
62.0 201.0 75.0 242.0
180.0 295.0 191.0 334.0
132.0 291.0 143.0 327.0
159.0 127.0 173.0 164.0
282.0 521.0 297.0 566.0
82.0 350.0 91.0 383.0
136.0 342.0 146.0 375.0
145.0 235.0 158.0 271.0
97.0 294.0 108.0 331.0
137.0 343.0 146.0 375.0
387.0 84.0 391.0 123.0
281.0 522.0 295.0 566.0
362.0 158.0 370.0 196.0
305.0 545.0 321.0 587.0
101.0 313.0 111.0 346.0
190.0 454.0 202.0 496.0
181.0 296.0 191.0 334.0
136.0 341.0 146.0 375.0
386.0 86.0 391.0 123.0
252.0 286.0 261.0 320.0
115.0 176.0 126.0 212.0
137.0 341.0 146.0 375.0
385.0 61.0 391.0 101.0
158.0 125.0 173.0 164.0
158.0 123.0 173.0 164.0
192.0 453.0 202.0 495.0
85.0 244.0 97.0 277.0
302.0 262.0 310.0 295.0
337.0 385.0 349.0 424.0
101.0 312.0 111.0 346.0
94.0 277.0 103.0 310.0
386.0 85.0 391.0 123.0
53.0 341.0 66.0 378.0
387.0 85.0 391.0 123.0
318.0 246.0 327.0 284.0
126.0 305.0 135.0 338.0
158.0 124.0 173.0 164.0
382.0 61.0 389.0 102.0
191.0 455.0 202.0 496.0
16.0 355.0 26.0 395.0
360.0 172.0 368.0 211.0
251.0 285.0 261.0 320.0
313.0 296.0 322.0 329.0
386.0 84.0 391.0 123.0
16.0 356.0 26.0 395.0
145.0 233.0 158.0 270.0
306.0 547.0 321.0 588.0
54.0 383.0 64.0 418.0
94.0 276.0 103.0 310.0
54.0 341.0 66.0 378.0
316.0 246.0 327.0 284.0
52.0 382.0 64.0 418.0
168.0 162.0 180.0 202.0
307.0 547.0 321.0 588.0
167.0 162.0 180.0 202.0
60.0 200.0 74.0 242.0
126.0 306.0 135.0 338.0
64.0 209.0 75.0 243.0
302.0 263.0 311.0 296.0
145.0 234.0 158.0 270.0
115.0 177.0 126.0 212.0
314.0 296.0 322.0 329.0
86.0 245.0 97.0 279.0
87.0 245.0 97.0 279.0
86.0 244.0 97.0 279.0
53.0 383.0 64.0 418.0
333.0 342.0 345.0 381.0
61.0 200.0 74.0 242.0
144.0 233.0 158.0 270.0
133.0 290.0 144.0 328.0
251.0 286.0 261.0 320.0
132.0 290.0 143.0 326.0
333.0 341.0 345.0 381.0
86.0 243.0 97.0 277.0
167.0 163.0 180.0 202.0
55.0 341.0 66.0 378.0
382.0 62.0 389.0 102.0
317.0 246.0 327.0 284.0
387.0 86.0 391.0 123.0
387.0 83.0 391.0 123.0
168.0 58.0 181.0 102.0
168.0 59.0 181.0 102.0
62.0 200.0 75.0 242.0
276.0 255.0 287.0 292.0
190.0 455.0 202.0 496.0
281.0 521.0 295.0 566.0
305.0 546.0 321.0 588.0
167.0 161.0 180.0 201.0
167.0 58.0 181.0 102.0
167.0 59.0 180.0 102.0
133.0 291.0 144.0 328.0
85.0 245.0 97.0 279.0
134.0 290.0 145.0 325.0
54.0 342.0 64.0 378.0
169.0 163.0 180.0 202.0
362.0 122.0 370.0 158.0
388.0 84.0 391.0 123.0
120.0 221.0 131.0 255.0
85.0 243.0 97.0 277.0
15.0 355.0 26.0 395.0
277.0 255.0 287.0 292.0
169.0 162.0 180.0 202.0
165.0 270.0 176.0 307.0
168.0 161.0 180.0 202.0
337.0 386.0 349.0 424.0
317.0 247.0 327.0 284.0
139.0 156.0 150.0 195.0
166.0 269.0 176.0 307.0
16.0 357.0 26.0 395.0
98.0 295.0 109.0 332.0
121.0 221.0 131.0 255.0
98.0 297.0 108.0 332.0
133.0 289.0 144.0 325.0
98.0 296.0 109.0 332.0
168.0 163.0 180.0 202.0
158.0 126.0 173.0 165.0
56.0 341.0 64.0 378.0
127.0 306.0 135.0 338.0
409.0 96.0 412.0 134.0
133.0 292.0 144.0 328.0
139.0 154.0 150.0 195.0
336.0 386.0 348.0 423.0
56.0 342.0 64.0 378.0
165.0 269.0 176.0 307.0
408.0 96.0 412.0 134.0
165.0 268.0 177.0 306.0
168.0 164.0 180.0 202.0
223.0 250.0 234.0 290.0
138.0 154.0 149.0 192.0
86.0 246.0 97.0 279.0
120.0 220.0 131.0 255.0
313.0 297.0 322.0 329.0
55.0 342.0 64.0 378.0
15.0 356.0 26.0 395.0
157.0 124.0 173.0 164.0
337.0 387.0 349.0 424.0
337.0 405.0 349.0 440.0
224.0 251.0 234.0 290.0
116.0 177.0 126.0 212.0
388.0 85.0 391.0 123.0
362.0 121.0 370.0 158.0
134.0 291.0 144.0 328.0
276.0 254.0 287.0 292.0
157.0 123.0 173.0 164.0
139.0 153.0 150.0 194.0
134.0 292.0 144.0 328.0
166.0 268.0 177.0 306.0
336.0 387.0 349.0 424.0
140.0 156.0 150.0 195.0
77.0 369.0 92.0 404.0
277.0 254.0 287.0 292.0
138.0 151.0 149.0 192.0
127.0 307.0 135.0 338.0
139.0 152.0 149.0 192.0
139.0 155.0 150.0 195.0
224.0 250.0 234.0 290.0
113.0 203.0 124.0 241.0
187.0 277.0 196.0 314.0
337.0 406.0 349.0 440.0
138.0 155.0 150.0 193.0
164.0 268.0 176.0 307.0
140.0 154.0 149.0 192.0
138.0 153.0 149.0 193.0
362.0 120.0 370.0 158.0
213.0 468.0 224.0 506.0
361.0 122.0 370.0 158.0
140.0 155.0 150.0 193.0
338.0 406.0 349.0 440.0
15.0 357.0 26.0 395.0
182.0 244.0 194.0 284.0
16.0 339.0 26.0 376.0
165.0 267.0 177.0 306.0
338.0 407.0 349.0 440.0
115.0 178.0 126.0 212.0
337.0 388.0 349.0 424.0
338.0 405.0 349.0 440.0
214.0 468.0 224.0 506.0
114.0 203.0 124.0 241.0
361.0 121.0 370.0 158.0
15.0 339.0 26.0 376.0
138.0 152.0 149.0 193.0
127.0 308.0 135.0 338.0
75.0 369.0 92.0 404.0
116.0 178.0 126.0 212.0
128.0 307.0 135.0 338.0
14.0 338.0 26.0 376.0
128.0 306.0 135.0 338.0
187.0 278.0 196.0 314.0
76.0 369.0 92.0 404.0
182.0 245.0 194.0 284.0
188.0 278.0 196.0 314.0
184.0 245.0 194.0 284.0
153.0 217.0 163.0 250.0
113.0 202.0 126.0 235.0
153.0 216.0 163.0 250.0
183.0 244.0 194.0 284.0
114.0 202.0 126.0 235.0
14.0 339.0 26.0 376.0
183.0 246.0 194.0 284.0
183.0 245.0 194.0 284.0
13.0 338.0 26.0 376.0
128.0 308.0 135.0 338.0
152.0 217.0 163.0 250.0
280.0 515.0 295.0 566.0
184.0 246.0 194.0 284.0
76.0 370.0 92.0 404.0
339.0 405.0 349.0 440.0
152.0 216.0 163.0 250.0
339.0 406.0 349.0 440.0
431.0 547.0 451.0 596.0
258.0 484.0 274.0 519.0
13.0 339.0 26.0 376.0
206.0 279.0 217.0 321.0
39.0 214.0 49.0 252.0
12.0 338.0 26.0 376.0
430.0 547.0 451.0 596.0
277.0 269.0 288.0 309.0
431.0 546.0 451.0 596.0
206.0 278.0 217.0 321.0
39.0 215.0 49.0 252.0
38.0 216.0 49.0 252.0
38.0 213.0 49.0 252.0
277.0 268.0 288.0 309.0
38.0 214.0 49.0 252.0
429.0 547.0 451.0 596.0
38.0 215.0 49.0 252.0
37.0 213.0 49.0 252.0
37.0 214.0 49.0 252.0
429.0 546.0 451.0 596.0
430.0 546.0 451.0 596.0
206.0 277.0 217.0 321.0
377.0 511.0 397.0 567.0
37.0 215.0 49.0 252.0
428.0 547.0 450.0 597.0
37.0 216.0 49.0 252.0
427.0 546.0 450.0 597.0
36.0 215.0 49.0 252.0
428.0 546.0 450.0 597.0
36.0 214.0 49.0 252.0
422.0 142.0 421.0 198.0
249.0 270.0 261.0 320.0
143.0 184.0 161.0 218.0
423.0 142.0 421.0 198.0
143.0 185.0 161.0 218.0
142.0 184.0 161.0 218.0
230.0 279.0 254.0 320.0
155.0 194.0 163.0 249.0
142.0 185.0 161.0 218.0
422.0 79.0 410.0 114.0
422.0 141.0 421.0 198.0
142.0 186.0 161.0 218.0
266.0 591.0 274.0 613.0
229.0 279.0 254.0 320.0
229.0 278.0 254.0 319.0
423.0 141.0 421.0 198.0
105.0 418.0 95.0 404.0
230.0 278.0 254.0 319.0
