410.0 256.0 412.0 255.0
138.0 222.0 135.0 216.0
405.0 288.0 407.0 288.0
406.0 288.0 407.0 288.0
412.0 306.0 413.0 305.0
410.0 306.0 411.0 305.0
405.0 289.0 406.0 289.0
140.0 223.0 135.0 217.0
411.0 306.0 412.0 305.0
411.0 305.0 412.0 305.0
410.0 257.0 412.0 255.0
139.0 222.0 135.0 216.0
140.0 222.0 135.0 216.0
141.0 223.0 135.0 217.0
409.0 257.0 412.0 255.0
409.0 256.0 412.0 255.0
40.0 253.0 32.0 243.0
141.0 222.0 135.0 216.0
406.0 289.0 407.0 288.0
412.0 305.0 413.0 305.0
39.0 253.0 32.0 243.0
271.0 249.0 271.0 245.0
270.0 249.0 271.0 245.0
328.0 256.0 329.0 254.0
391.0 249.0 392.0 247.0
337.0 63.0 339.0 58.0
307.0 316.0 305.0 316.0
299.0 266.0 298.0 265.0
404.0 289.0 406.0 289.0
390.0 247.0 392.0 246.0
271.0 248.0 271.0 245.0
40.0 252.0 32.0 243.0
306.0 316.0 305.0 316.0
336.0 65.0 339.0 58.0
390.0 248.0 392.0 247.0
272.0 249.0 271.0 245.0
355.0 271.0 356.0 270.0
408.0 256.0 412.0 255.0
328.0 258.0 329.0 255.0
39.0 252.0 32.0 243.0
329.0 257.0 329.0 254.0
390.0 249.0 392.0 247.0
300.0 266.0 298.0 265.0
329.0 256.0 329.0 254.0
404.0 288.0 405.0 288.0
329.0 258.0 329.0 255.0
411.0 307.0 412.0 305.0
336.0 64.0 339.0 58.0
389.0 249.0 390.0 247.0
409.0 255.0 412.0 255.0
139.0 221.0 135.0 216.0
300.0 265.0 299.0 264.0
333.0 95.0 336.0 90.0
333.0 96.0 336.0 90.0
391.0 248.0 392.0 247.0
40.0 251.0 32.0 243.0
305.0 316.0 305.0 316.0
412.0 307.0 413.0 305.0
337.0 64.0 339.0 58.0
334.0 95.0 336.0 90.0
390.0 324.0 390.0 324.0
271.0 250.0 271.0 245.0
140.0 221.0 135.0 216.0
444.0 299.0 445.0 298.0
389.0 248.0 391.0 246.0
299.0 265.0 298.0 263.0
355.0 150.0 356.0 146.0
328.0 257.0 329.0 255.0
355.0 149.0 356.0 146.0
336.0 63.0 339.0 58.0
354.0 272.0 356.0 270.0
308.0 317.0 305.0 316.0
272.0 250.0 272.0 245.0
39.0 251.0 32.0 243.0
354.0 273.0 355.0 272.0
203.0 530.0 196.0 531.0
316.0 70.0 318.0 64.0
272.0 248.0 271.0 245.0
403.0 166.0 404.0 165.0
317.0 70.0 318.0 64.0
307.0 317.0 305.0 316.0
355.0 272.0 356.0 270.0
334.0 94.0 336.0 90.0
16.0 243.0 11.0 235.0
334.0 96.0 336.0 90.0
356.0 151.0 356.0 146.0
356.0 149.0 356.0 146.0
280.0 70.0 281.0 62.0
389.0 247.0 391.0 246.0
336.0 62.0 339.0 58.0
335.0 199.0 336.0 195.0
441.0 320.0 443.0 321.0
17.0 243.0 11.0 235.0
402.0 166.0 404.0 165.0
356.0 150.0 356.0 146.0
335.0 198.0 335.0 194.0
17.0 241.0 11.0 235.0
316.0 71.0 318.0 64.0
442.0 321.0 443.0 321.0
444.0 298.0 445.0 298.0
316.0 69.0 318.0 64.0
306.0 317.0 305.0 316.0
335.0 64.0 339.0 58.0
18.0 242.0 11.0 235.0
334.0 197.0 335.0 194.0
270.0 296.0 269.0 296.0
203.0 529.0 196.0 531.0
306.0 134.0 307.0 129.0
279.0 71.0 281.0 62.0
183.0 197.0 181.0 188.0
271.0 297.0 269.0 296.0
332.0 96.0 336.0 90.0
315.0 69.0 318.0 64.0
202.0 530.0 196.0 531.0
443.0 300.0 445.0 298.0
464.0 287.0 467.0 287.0
441.0 321.0 443.0 321.0
17.0 242.0 11.0 235.0
333.0 94.0 336.0 90.0
463.0 287.0 464.0 287.0
403.0 167.0 404.0 165.0
334.0 198.0 335.0 194.0
16.0 242.0 11.0 235.0
391.0 325.0 390.0 324.0
442.0 299.0 444.0 299.0
332.0 95.0 336.0 90.0
280.0 71.0 281.0 62.0
463.0 286.0 464.0 287.0
255.0 101.0 255.0 94.0
280.0 189.0 280.0 183.0
402.0 167.0 404.0 165.0
296.0 162.0 296.0 157.0
16.0 241.0 11.0 234.0
359.0 186.0 362.0 183.0
158.0 525.0 149.0 525.0
123.0 524.0 115.0 521.0
442.0 298.0 444.0 299.0
355.0 294.0 354.0 293.0
462.0 287.0 464.0 287.0
355.0 295.0 354.0 293.0
273.0 297.0 270.0 295.0
272.0 296.0 270.0 295.0
443.0 299.0 444.0 299.0
306.0 133.0 307.0 129.0
296.0 163.0 297.0 157.0
315.0 70.0 318.0 64.0
272.0 298.0 270.0 297.0
440.0 321.0 443.0 321.0
389.0 324.0 389.0 323.0
421.0 349.0 421.0 350.0
272.0 297.0 270.0 295.0
441.0 322.0 443.0 321.0
419.0 131.0 423.0 128.0
353.0 294.0 353.0 292.0
334.0 199.0 335.0 194.0
329.0 284.0 330.0 283.0
279.0 189.0 279.0 184.0
421.0 350.0 421.0 350.0
330.0 283.0 330.0 283.0
157.0 525.0 149.0 525.0
329.0 283.0 330.0 283.0
122.0 568.0 113.0 567.0
124.0 524.0 115.0 521.0
335.0 63.0 339.0 58.0
271.0 296.0 270.0 295.0
307.0 318.0 304.0 317.0
296.0 161.0 296.0 157.0
280.0 72.0 281.0 62.0
236.0 522.0 229.0 523.0
123.0 568.0 113.0 567.0
55.0 433.0 46.0 427.0
443.0 298.0 444.0 299.0
123.0 569.0 113.0 567.0
374.0 69.0 376.0 66.0
306.0 132.0 307.0 129.0
418.0 131.0 421.0 128.0
374.0 70.0 376.0 66.0
202.0 529.0 196.0 531.0
330.0 284.0 330.0 283.0
462.0 286.0 464.0 287.0
330.0 282.0 330.0 283.0
354.0 294.0 354.0 293.0
390.0 325.0 390.0 324.0
235.0 522.0 229.0 523.0
157.0 524.0 149.0 524.0
353.0 295.0 353.0 293.0
83.0 548.0 74.0 545.0
354.0 295.0 354.0 293.0
297.0 162.0 297.0 157.0
310.0 85.0 312.0 79.0
360.0 187.0 361.0 183.0
124.0 569.0 113.0 567.0
122.0 569.0 113.0 567.0
440.0 320.0 443.0 321.0
360.0 328.0 360.0 326.0
83.0 547.0 74.0 545.0
205.0 582.0 198.0 584.0
156.0 524.0 149.0 524.0
422.0 89.0 428.0 86.0
417.0 131.0 421.0 128.0
360.0 329.0 360.0 326.0
235.0 521.0 229.0 523.0
158.0 524.0 149.0 524.0
333.0 198.0 335.0 194.0
329.0 282.0 330.0 282.0
121.0 158.0 116.0 147.0
359.0 187.0 362.0 183.0
418.0 130.0 421.0 128.0
399.0 127.0 401.0 125.0
255.0 102.0 255.0 94.0
205.0 581.0 198.0 584.0
420.0 349.0 421.0 350.0
310.0 86.0 312.0 80.0
399.0 126.0 401.0 125.0
280.0 190.0 279.0 184.0
389.0 325.0 389.0 323.0
461.0 287.0 464.0 287.0
359.0 188.0 362.0 185.0
56.0 434.0 46.0 427.0
373.0 70.0 376.0 66.0
418.0 132.0 423.0 128.0
236.0 521.0 229.0 523.0
55.0 435.0 46.0 428.0
375.0 70.0 376.0 66.0
330.0 174.0 331.0 170.0
361.0 187.0 362.0 183.0
84.0 548.0 74.0 545.0
373.0 118.0 377.0 115.0
373.0 120.0 377.0 115.0
373.0 71.0 376.0 66.0
382.0 189.0 384.0 187.0
361.0 186.0 362.0 183.0
204.0 582.0 198.0 584.0
372.0 121.0 377.0 115.0
277.0 159.0 279.0 155.0
120.0 157.0 116.0 147.0
55.0 434.0 46.0 428.0
399.0 128.0 402.0 125.0
373.0 119.0 377.0 115.0
384.0 93.0 387.0 89.0
56.0 435.0 46.0 428.0
374.0 71.0 376.0 66.0
311.0 85.0 312.0 80.0
204.0 581.0 198.0 584.0
234.0 522.0 229.0 523.0
120.0 158.0 116.0 147.0
333.0 199.0 335.0 194.0
360.0 186.0 362.0 183.0
417.0 132.0 421.0 128.0
234.0 521.0 229.0 523.0
461.0 286.0 464.0 287.0
278.0 160.0 279.0 155.0
420.0 350.0 421.0 350.0
278.0 161.0 279.0 155.0
330.0 175.0 331.0 170.0
372.0 119.0 374.0 116.0
421.0 351.0 421.0 350.0
397.0 128.0 401.0 125.0
375.0 71.0 376.0 66.0
397.0 127.0 401.0 125.0
403.0 200.0 405.0 199.0
330.0 176.0 331.0 170.0
139.0 526.0 131.0 525.0
360.0 188.0 362.0 185.0
311.0 86.0 312.0 80.0
398.0 127.0 401.0 125.0
398.0 126.0 401.0 125.0
381.0 188.0 383.0 186.0
122.0 602.0 111.0 601.0
372.0 120.0 374.0 116.0
380.0 188.0 383.0 186.0
139.0 525.0 131.0 525.0
458.0 225.0 459.0 225.0
331.0 174.0 331.0 170.0
381.0 189.0 383.0 186.0
277.0 160.0 279.0 155.0
331.0 175.0 331.0 170.0
331.0 176.0 331.0 170.0
123.0 602.0 111.0 601.0
404.0 201.0 405.0 199.0
398.0 128.0 401.0 125.0
246.0 54.0 245.0 44.0
458.0 224.0 459.0 225.0
404.0 200.0 405.0 199.0
383.0 93.0 387.0 89.0
372.0 118.0 374.0 116.0
402.0 200.0 405.0 199.0
121.0 602.0 111.0 601.0
121.0 603.0 111.0 601.0
397.0 126.0 401.0 125.0
122.0 603.0 111.0 601.0
402.0 201.0 405.0 199.0
457.0 225.0 459.0 225.0
403.0 201.0 405.0 199.0
457.0 224.0 459.0 225.0
277.0 161.0 279.0 155.0
208.0 619.0 200.0 620.0
456.0 224.0 459.0 225.0
69.0 103.0 68.0 100.0
384.0 92.0 387.0 89.0
457.0 226.0 459.0 225.0
456.0 226.0 459.0 225.0
68.0 103.0 68.0 100.0
456.0 225.0 459.0 225.0
67.0 101.0 68.0 100.0
383.0 92.0 387.0 89.0
67.0 102.0 68.0 100.0
246.0 55.0 245.0 44.0
261.0 79.0 264.0 69.0
456.0 372.0 453.0 384.0
69.0 102.0 68.0 100.0
420.0 351.0 421.0 350.0
67.0 103.0 68.0 100.0
206.0 619.0 200.0 620.0
66.0 102.0 68.0 100.0
262.0 78.0 264.0 69.0
68.0 102.0 68.0 100.0
207.0 619.0 200.0 620.0
69.0 101.0 68.0 100.0
68.0 101.0 68.0 100.0
262.0 79.0 264.0 69.0
261.0 78.0 264.0 69.0
247.0 55.0 245.0 44.0
390.0 50.0 397.0 45.0
391.0 50.0 397.0 45.0
206.0 618.0 200.0 620.0
457.0 372.0 453.0 384.0
207.0 618.0 200.0 620.0
68.0 100.0 68.0 100.0
20.0 257.0 10.0 248.0
20.0 258.0 10.0 248.0
143.0 623.0 144.0 625.0
21.0 257.0 10.0 248.0
34.0 605.0 23.0 600.0
21.0 258.0 10.0 248.0
143.0 622.0 144.0 625.0
348.0 121.0 352.0 116.0
35.0 604.0 23.0 600.0
22.0 258.0 10.0 248.0
142.0 623.0 144.0 625.0
348.0 118.0 353.0 114.0
347.0 119.0 352.0 116.0
347.0 121.0 352.0 116.0
371.0 211.0 367.0 207.0
21.0 259.0 10.0 248.0
142.0 622.0 144.0 625.0
395.0 160.0 404.0 164.0
163.0 560.0 156.0 560.0
175.0 526.0 158.0 527.0
32.0 575.0 21.0 570.0
347.0 120.0 352.0 116.0
32.0 574.0 21.0 570.0
348.0 119.0 352.0 116.0
35.0 605.0 23.0 600.0
348.0 120.0 352.0 116.0
349.0 120.0 352.0 116.0
141.0 622.0 144.0 625.0
6.0 603.0 11.0 607.0
395.0 159.0 404.0 164.0
141.0 623.0 144.0 625.0
394.0 160.0 404.0 164.0
129.0 165.0 116.0 147.0
475.0 266.0 460.0 225.0
394.0 159.0 404.0 164.0
475.0 267.0 460.0 225.0
474.0 266.0 460.0 225.0
6.0 602.0 11.0 607.0
3.0 581.0 20.0 569.0
4.0 581.0 20.0 569.0
410.0 149.0 406.0 164.0
409.0 148.0 406.0 164.0
4.0 582.0 20.0 569.0
409.0 149.0 406.0 164.0
288.0 128.0 357.0 145.0
26.0 452.0 16.0 446.0
26.0 453.0 16.0 446.0
321.0 323.0 305.0 316.0
288.0 126.0 357.0 145.0
27.0 452.0 16.0 446.0
160.0 611.0 146.0 625.0
288.0 127.0 357.0 145.0
