66.0 543.0 84.0 561.0
114.0 230.0 132.0 245.0
64.0 543.0 82.0 560.0
113.0 229.0 132.0 245.0
66.0 544.0 84.0 561.0
64.0 544.0 84.0 561.0
113.0 230.0 132.0 245.0
65.0 544.0 84.0 561.0
65.0 543.0 84.0 561.0
64.0 541.0 82.0 559.0
220.0 491.0 236.0 511.0
67.0 544.0 84.0 561.0
63.0 543.0 82.0 560.0
116.0 231.0 134.0 245.0
115.0 230.0 132.0 245.0
64.0 542.0 82.0 560.0
219.0 490.0 236.0 511.0
63.0 544.0 82.0 560.0
242.0 257.0 259.0 270.0
219.0 489.0 236.0 510.0
258.0 284.0 273.0 299.0
219.0 491.0 236.0 511.0
257.0 284.0 272.0 299.0
257.0 283.0 272.0 299.0
242.0 256.0 259.0 270.0
65.0 542.0 84.0 561.0
110.0 553.0 127.0 573.0
258.0 283.0 273.0 299.0
259.0 285.0 273.0 300.0
63.0 542.0 82.0 560.0
114.0 229.0 132.0 245.0
117.0 231.0 134.0 245.0
116.0 230.0 134.0 245.0
259.0 284.0 273.0 300.0
63.0 541.0 82.0 559.0
218.0 490.0 236.0 511.0
258.0 285.0 273.0 300.0
118.0 230.0 134.0 245.0
117.0 230.0 134.0 245.0
241.0 256.0 259.0 270.0
243.0 257.0 259.0 270.0
193.0 555.0 209.0 574.0
259.0 283.0 273.0 299.0
118.0 231.0 134.0 245.0
116.0 229.0 134.0 245.0
257.0 187.0 278.0 199.0
109.0 554.0 127.0 573.0
242.0 258.0 259.0 270.0
111.0 554.0 128.0 574.0
115.0 229.0 134.0 245.0
218.0 489.0 236.0 510.0
109.0 555.0 128.0 574.0
119.0 231.0 134.0 245.0
98.0 205.0 113.0 213.0
110.0 554.0 127.0 573.0
110.0 555.0 128.0 574.0
240.0 256.0 259.0 270.0
97.0 205.0 113.0 213.0
265.0 268.0 285.0 282.0
218.0 488.0 236.0 510.0
241.0 257.0 259.0 270.0
109.0 553.0 127.0 573.0
117.0 229.0 134.0 245.0
193.0 553.0 209.0 573.0
193.0 554.0 208.0 573.0
241.0 258.0 259.0 270.0
243.0 258.0 259.0 270.0
192.0 554.0 208.0 573.0
98.0 204.0 113.0 213.0
99.0 205.0 113.0 213.0
192.0 555.0 208.0 573.0
252.0 281.0 272.0 299.0
192.0 553.0 208.0 573.0
252.0 280.0 272.0 299.0
134.0 556.0 145.0 574.0
108.0 554.0 127.0 573.0
240.0 257.0 259.0 270.0
239.0 255.0 258.0 269.0
191.0 554.0 208.0 573.0
257.0 188.0 278.0 199.0
148.0 175.0 163.0 186.0
134.0 555.0 145.0 574.0
265.0 267.0 284.0 282.0
266.0 268.0 285.0 282.0
108.0 553.0 127.0 573.0
266.0 269.0 285.0 282.0
164.0 99.0 181.0 107.0
89.0 202.0 105.0 210.0
264.0 268.0 285.0 282.0
109.0 552.0 127.0 573.0
98.0 206.0 113.0 213.0
266.0 267.0 284.0 281.0
32.0 439.0 51.0 452.0
239.0 256.0 259.0 270.0
288.0 99.0 309.0 108.0
201.0 96.0 220.0 106.0
33.0 439.0 51.0 452.0
191.0 553.0 208.0 573.0
20.0 439.0 38.0 453.0
287.0 296.0 305.0 313.0
135.0 555.0 145.0 574.0
88.0 202.0 105.0 210.0
163.0 99.0 181.0 107.0
32.0 440.0 51.0 452.0
192.0 552.0 208.0 573.0
33.0 440.0 51.0 452.0
99.0 206.0 113.0 213.0
108.0 552.0 127.0 573.0
287.0 295.0 305.0 313.0
201.0 97.0 220.0 106.0
251.0 280.0 272.0 299.0
251.0 281.0 272.0 299.0
265.0 269.0 285.0 282.0
316.0 306.0 329.0 322.0
34.0 440.0 52.0 452.0
264.0 269.0 285.0 282.0
31.0 440.0 50.0 453.0
97.0 206.0 111.0 212.0
31.0 441.0 50.0 453.0
20.0 440.0 38.0 453.0
288.0 296.0 305.0 313.0
285.0 295.0 305.0 313.0
287.0 100.0 309.0 108.0
295.0 282.0 315.0 296.0
316.0 305.0 329.0 322.0
316.0 307.0 329.0 322.0
291.0 168.0 307.0 177.0
33.0 441.0 52.0 452.0
286.0 294.0 305.0 313.0
290.0 167.0 307.0 177.0
395.0 49.0 411.0 55.0
438.0 289.0 454.0 299.0
250.0 280.0 272.0 299.0
199.0 96.0 220.0 106.0
270.0 164.0 287.0 173.0
271.0 164.0 287.0 173.0
271.0 122.0 289.0 130.0
437.0 289.0 454.0 299.0
270.0 122.0 288.0 130.0
265.0 270.0 285.0 282.0
135.0 556.0 145.0 574.0
296.0 282.0 315.0 296.0
32.0 441.0 52.0 452.0
200.0 96.0 220.0 106.0
20.0 614.0 36.0 625.0
318.0 307.0 329.0 322.0
290.0 168.0 307.0 177.0
98.0 207.0 113.0 213.0
20.0 613.0 36.0 625.0
34.0 441.0 52.0 452.0
20.0 441.0 37.0 454.0
296.0 283.0 315.0 296.0
286.0 295.0 305.0 313.0
297.0 283.0 315.0 296.0
21.0 614.0 36.0 625.0
20.0 612.0 36.0 625.0
370.0 10.0 385.0 17.0
290.0 169.0 307.0 177.0
264.0 270.0 285.0 282.0
289.0 167.0 307.0 177.0
89.0 203.0 111.0 212.0
200.0 97.0 220.0 106.0
136.0 556.0 145.0 574.0
2.0 192.0 1.0 197.0
297.0 284.0 319.0 299.0
371.0 10.0 385.0 17.0
372.0 10.0 385.0 17.0
371.0 9.0 385.0 17.0
317.0 306.0 329.0 322.0
271.0 121.0 289.0 130.0
295.0 283.0 315.0 296.0
2.0 193.0 1.0 197.0
317.0 307.0 329.0 322.0
363.0 8.0 382.0 15.0
21.0 612.0 36.0 625.0
291.0 169.0 307.0 177.0
33.0 442.0 52.0 452.0
362.0 9.0 382.0 15.0
136.0 557.0 145.0 574.0
395.0 50.0 411.0 55.0
271.0 163.0 287.0 173.0
287.0 98.0 309.0 108.0
363.0 9.0 382.0 15.0
1.0 192.0 1.0 197.0
1.0 193.0 1.0 197.0
287.0 99.0 309.0 108.0
318.0 306.0 329.0 322.0
270.0 121.0 288.0 130.0
269.0 121.0 288.0 130.0
296.0 284.0 319.0 299.0
277.0 274.0 292.0 285.0
299.0 201.0 314.0 207.0
20.0 611.0 36.0 625.0
19.0 440.0 37.0 454.0
21.0 613.0 36.0 625.0
270.0 165.0 287.0 173.0
372.0 9.0 385.0 17.0
19.0 613.0 36.0 625.0
301.0 301.0 312.0 317.0
19.0 441.0 37.0 454.0
276.0 274.0 292.0 285.0
289.0 168.0 307.0 177.0
302.0 300.0 313.0 316.0
396.0 49.0 411.0 55.0
32.0 442.0 52.0 452.0
316.0 308.0 329.0 322.0
286.0 99.0 309.0 108.0
19.0 612.0 36.0 625.0
396.0 50.0 411.0 56.0
300.0 202.0 314.0 207.0
301.0 300.0 313.0 316.0
362.0 8.0 382.0 15.0
302.0 301.0 312.0 317.0
371.0 110.0 399.0 113.0
295.0 284.0 315.0 296.0
317.0 309.0 329.0 322.0
318.0 308.0 329.0 322.0
351.0 209.0 364.0 216.0
299.0 200.0 314.0 207.0
288.0 167.0 307.0 177.0
277.0 275.0 292.0 285.0
303.0 300.0 313.0 316.0
278.0 274.0 292.0 285.0
303.0 301.0 312.0 317.0
374.0 88.0 397.0 94.0
253.0 160.0 268.0 167.0
344.0 83.0 361.0 91.0
300.0 201.0 314.0 207.0
276.0 275.0 292.0 285.0
317.0 308.0 329.0 322.0
330.0 104.0 348.0 111.0
287.0 167.0 307.0 177.0
330.0 105.0 348.0 111.0
326.0 292.0 335.0 306.0
349.0 24.0 363.0 33.0
348.0 23.0 363.0 33.0
252.0 160.0 267.0 168.0
348.0 24.0 363.0 33.0
375.0 87.0 397.0 94.0
254.0 161.0 268.0 167.0
347.0 25.0 363.0 33.0
329.0 104.0 347.0 110.0
254.0 160.0 268.0 167.0
300.0 199.0 314.0 207.0
331.0 104.0 348.0 111.0
347.0 24.0 363.0 33.0
326.0 291.0 335.0 306.0
349.0 25.0 363.0 33.0
375.0 86.0 397.0 94.0
348.0 25.0 363.0 33.0
300.0 200.0 314.0 207.0
327.0 291.0 335.0 306.0
330.0 103.0 347.0 110.0
373.0 88.0 397.0 94.0
287.0 166.0 307.0 177.0
255.0 161.0 268.0 167.0
348.0 26.0 363.0 33.0
253.0 161.0 267.0 168.0
374.0 87.0 397.0 94.0
301.0 202.0 314.0 207.0
423.0 6.0 440.0 13.0
347.0 23.0 363.0 33.0
423.0 7.0 440.0 13.0
424.0 6.0 440.0 13.0
278.0 275.0 292.0 285.0
255.0 160.0 268.0 167.0
5.0 267.0 11.0 287.0
373.0 87.0 397.0 94.0
6.0 268.0 11.0 287.0
5.0 268.0 11.0 287.0
374.0 86.0 397.0 94.0
6.0 267.0 11.0 287.0
277.0 276.0 292.0 285.0
372.0 88.0 397.0 94.0
4.0 268.0 11.0 287.0
7.0 268.0 11.0 287.0
4.0 269.0 11.0 287.0
7.0 269.0 11.0 287.0
5.0 269.0 11.0 287.0
6.0 269.0 11.0 287.0
345.0 83.0 361.0 91.0
301.0 200.0 314.0 207.0
301.0 201.0 314.0 207.0
409.0 20.0 417.0 39.0
14.0 578.0 31.0 594.0
409.0 21.0 417.0 39.0
295.0 68.0 312.0 77.0
15.0 578.0 31.0 594.0
344.0 84.0 361.0 91.0
15.0 580.0 31.0 594.0
372.0 87.0 397.0 94.0
14.0 579.0 31.0 594.0
344.0 85.0 361.0 91.0
295.0 69.0 312.0 77.0
345.0 85.0 361.0 91.0
345.0 84.0 361.0 91.0
346.0 83.0 361.0 91.0
15.0 581.0 31.0 594.0
14.0 581.0 31.0 594.0
15.0 579.0 31.0 594.0
14.0 580.0 31.0 594.0
16.0 579.0 32.0 593.0
16.0 581.0 31.0 594.0
119.0 582.0 135.0 601.0
293.0 68.0 312.0 77.0
373.0 86.0 397.0 94.0
16.0 580.0 32.0 593.0
346.0 84.0 361.0 91.0
1.0 505.0 19.0 520.0
294.0 69.0 312.0 77.0
3.0 505.0 19.0 520.0
294.0 68.0 312.0 77.0
2.0 505.0 19.0 520.0
2.0 506.0 19.0 520.0
410.0 21.0 417.0 39.0
118.0 582.0 135.0 601.0
1.0 506.0 19.0 520.0
3.0 506.0 19.0 520.0
147.0 607.0 164.0 628.0
2.0 508.0 19.0 520.0
410.0 20.0 417.0 39.0
119.0 581.0 135.0 601.0
118.0 583.0 135.0 601.0
148.0 610.0 164.0 628.0
347.0 84.0 361.0 91.0
293.0 69.0 312.0 77.0
302.0 201.0 314.0 207.0
149.0 610.0 164.0 628.0
346.0 85.0 361.0 91.0
136.0 578.0 160.0 593.0
135.0 578.0 160.0 593.0
136.0 580.0 160.0 594.0
2.0 507.0 19.0 520.0
146.0 606.0 163.0 627.0
3.0 431.0 22.0 444.0
119.0 583.0 135.0 601.0
3.0 507.0 19.0 520.0
117.0 581.0 135.0 601.0
118.0 581.0 135.0 601.0
134.0 579.0 160.0 593.0
117.0 583.0 135.0 601.0
149.0 609.0 164.0 628.0
1.0 507.0 19.0 520.0
147.0 608.0 164.0 628.0
148.0 608.0 164.0 628.0
420.0 303.0 435.0 312.0
147.0 606.0 164.0 628.0
148.0 609.0 164.0 628.0
117.0 582.0 135.0 601.0
302.0 200.0 314.0 207.0
148.0 607.0 164.0 628.0
136.0 579.0 160.0 593.0
149.0 608.0 164.0 628.0
147.0 609.0 164.0 628.0
146.0 608.0 164.0 628.0
146.0 609.0 164.0 628.0
146.0 607.0 164.0 628.0
135.0 580.0 160.0 593.0
450.0 134.0 470.0 162.0
134.0 580.0 160.0 593.0
116.0 582.0 135.0 601.0
135.0 579.0 160.0 593.0
421.0 303.0 435.0 312.0
116.0 583.0 135.0 601.0
134.0 581.0 160.0 594.0
164.0 611.0 164.0 628.0
135.0 581.0 160.0 594.0
207.0 79.0 223.0 107.0
206.0 79.0 223.0 107.0
207.0 78.0 223.0 107.0
206.0 78.0 223.0 107.0
466.0 363.0 440.0 356.0
465.0 363.0 440.0 356.0
