210.0 368.0 212.0 370.0
158.0 325.0 161.0 324.0
159.0 325.0 161.0 324.0
159.0 326.0 161.0 324.0
158.0 326.0 161.0 324.0
155.0 519.0 155.0 519.0
179.0 317.0 181.0 315.0
137.0 187.0 138.0 186.0
145.0 244.0 146.0 238.0
172.0 532.0 172.0 534.0
138.0 188.0 139.0 186.0
145.0 243.0 146.0 238.0
104.0 615.0 106.0 617.0
171.0 533.0 171.0 534.0
105.0 616.0 106.0 618.0
137.0 186.0 138.0 186.0
179.0 316.0 181.0 315.0
144.0 243.0 146.0 238.0
138.0 186.0 138.0 186.0
105.0 615.0 106.0 618.0
208.0 386.0 211.0 387.0
300.0 382.0 302.0 385.0
138.0 187.0 138.0 186.0
171.0 532.0 171.0 534.0
252.0 303.0 255.0 304.0
104.0 616.0 106.0 617.0
300.0 381.0 302.0 385.0
181.0 505.0 182.0 507.0
139.0 186.0 138.0 186.0
172.0 533.0 171.0 534.0
300.0 380.0 302.0 385.0
143.0 243.0 146.0 238.0
144.0 244.0 146.0 238.0
139.0 187.0 139.0 186.0
157.0 325.0 160.0 324.0
143.0 244.0 146.0 238.0
170.0 405.0 172.0 404.0
136.0 309.0 138.0 307.0
214.0 555.0 214.0 561.0
208.0 385.0 211.0 387.0
217.0 513.0 217.0 518.0
169.0 405.0 171.0 404.0
9.0 198.0 10.0 189.0
218.0 513.0 217.0 518.0
183.0 444.0 184.0 446.0
170.0 404.0 172.0 404.0
135.0 309.0 138.0 307.0
119.0 363.0 121.0 362.0
369.0 216.0 378.0 218.0
299.0 381.0 302.0 385.0
169.0 404.0 171.0 404.0
120.0 363.0 121.0 362.0
218.0 512.0 217.0 518.0
368.0 215.0 378.0 218.0
8.0 198.0 10.0 189.0
299.0 380.0 302.0 385.0
207.0 385.0 211.0 387.0
329.0 279.0 333.0 283.0
369.0 215.0 378.0 218.0
170.0 532.0 171.0 534.0
252.0 302.0 255.0 304.0
121.0 445.0 124.0 448.0
135.0 310.0 138.0 307.0
67.0 604.0 66.0 607.0
263.0 617.0 263.0 624.0
121.0 446.0 124.0 448.0
109.0 545.0 110.0 546.0
119.0 362.0 121.0 362.0
328.0 279.0 333.0 283.0
251.0 302.0 254.0 302.0
136.0 310.0 138.0 307.0
67.0 605.0 66.0 607.0
136.0 311.0 138.0 308.0
120.0 362.0 121.0 362.0
135.0 311.0 138.0 308.0
369.0 214.0 378.0 218.0
313.0 264.0 318.0 266.0
168.0 405.0 171.0 404.0
370.0 323.0 378.0 331.0
117.0 310.0 118.0 306.0
264.0 617.0 263.0 624.0
217.0 512.0 217.0 518.0
128.0 256.0 130.0 250.0
129.0 255.0 130.0 250.0
234.0 618.0 235.0 626.0
117.0 309.0 118.0 306.0
137.0 310.0 138.0 307.0
304.0 321.0 308.0 324.0
144.0 614.0 145.0 617.0
133.0 371.0 135.0 370.0
382.0 486.0 383.0 500.0
382.0 487.0 384.0 501.0
185.0 547.0 185.0 551.0
263.0 616.0 263.0 624.0
128.0 255.0 130.0 250.0
132.0 371.0 135.0 370.0
370.0 215.0 378.0 218.0
133.0 372.0 135.0 370.0
185.0 548.0 185.0 551.0
136.0 438.0 138.0 442.0
225.0 373.0 226.0 374.0
264.0 616.0 263.0 624.0
225.0 374.0 226.0 374.0
184.0 548.0 185.0 551.0
68.0 604.0 66.0 607.0
304.0 322.0 308.0 324.0
105.0 371.0 107.0 371.0
137.0 439.0 138.0 442.0
224.0 374.0 226.0 374.0
224.0 373.0 226.0 374.0
144.0 613.0 145.0 617.0
129.0 254.0 130.0 249.0
233.0 618.0 235.0 626.0
136.0 439.0 138.0 442.0
216.0 512.0 217.0 518.0
149.0 447.0 150.0 449.0
68.0 605.0 66.0 607.0
339.0 290.0 345.0 294.0
370.0 322.0 378.0 331.0
106.0 548.0 109.0 547.0
303.0 322.0 307.0 325.0
184.0 547.0 185.0 551.0
143.0 613.0 145.0 617.0
125.0 537.0 126.0 539.0
249.0 560.0 249.0 567.0
322.0 252.0 326.0 253.0
395.0 231.0 404.0 235.0
137.0 438.0 138.0 442.0
116.0 127.0 120.0 115.0
31.0 106.0 34.0 94.0
307.0 73.0 316.0 58.0
308.0 73.0 316.0 58.0
371.0 323.0 378.0 331.0
371.0 322.0 378.0 331.0
125.0 539.0 127.0 540.0
116.0 126.0 120.0 114.0
108.0 546.0 110.0 546.0
234.0 617.0 235.0 626.0
249.0 561.0 249.0 567.0
132.0 372.0 135.0 370.0
394.0 230.0 404.0 235.0
297.0 514.0 298.0 522.0
297.0 513.0 298.0 522.0
84.0 553.0 85.0 557.0
124.0 537.0 125.0 539.0
83.0 554.0 85.0 557.0
321.0 251.0 326.0 253.0
224.0 372.0 226.0 374.0
143.0 614.0 145.0 617.0
248.0 561.0 249.0 567.0
321.0 252.0 326.0 253.0
125.0 538.0 126.0 539.0
106.0 371.0 108.0 371.0
128.0 254.0 130.0 249.0
80.0 105.0 83.0 93.0
137.0 577.0 137.0 580.0
124.0 538.0 125.0 539.0
55.0 134.0 56.0 122.0
67.0 558.0 69.0 561.0
298.0 514.0 298.0 522.0
16.0 175.0 18.0 165.0
105.0 372.0 107.0 371.0
80.0 106.0 83.0 93.0
136.0 578.0 137.0 580.0
248.0 560.0 249.0 567.0
117.0 126.0 120.0 114.0
298.0 513.0 298.0 522.0
136.0 577.0 137.0 580.0
67.0 559.0 69.0 561.0
322.0 251.0 326.0 253.0
80.0 104.0 83.0 93.0
106.0 372.0 108.0 371.0
55.0 133.0 56.0 122.0
84.0 554.0 86.0 557.0
233.0 617.0 235.0 626.0
85.0 554.0 86.0 557.0
395.0 232.0 404.0 235.0
299.0 513.0 298.0 522.0
418.0 419.0 424.0 434.0
83.0 408.0 85.0 415.0
394.0 231.0 404.0 235.0
212.0 47.0 218.0 32.0
118.0 505.0 120.0 505.0
213.0 46.0 218.0 32.0
117.0 127.0 120.0 114.0
84.0 409.0 85.0 414.0
442.0 324.0 452.0 336.0
42.0 304.0 44.0 296.0
213.0 47.0 218.0 32.0
214.0 47.0 218.0 32.0
42.0 303.0 44.0 296.0
49.0 589.0 48.0 595.0
56.0 133.0 57.0 122.0
8.0 311.0 10.0 305.0
277.0 605.0 276.0 613.0
234.0 616.0 235.0 626.0
276.0 605.0 276.0 613.0
150.0 447.0 150.0 449.0
81.0 105.0 83.0 93.0
136.0 576.0 137.0 580.0
8.0 312.0 10.0 305.0
42.0 267.0 45.0 259.0
281.0 623.0 282.0 633.0
56.0 134.0 56.0 122.0
150.0 448.0 150.0 449.0
213.0 48.0 218.0 32.0
6.0 311.0 10.0 305.0
7.0 311.0 10.0 305.0
15.0 330.0 16.0 323.0
43.0 267.0 45.0 259.0
7.0 312.0 10.0 305.0
56.0 132.0 57.0 122.0
46.0 482.0 48.0 485.0
276.0 604.0 276.0 613.0
120.0 408.0 120.0 411.0
48.0 589.0 48.0 595.0
50.0 499.0 52.0 503.0
117.0 506.0 120.0 505.0
84.0 407.0 85.0 414.0
118.0 127.0 120.0 114.0
282.0 623.0 282.0 633.0
442.0 325.0 452.0 336.0
277.0 604.0 276.0 613.0
294.0 444.0 297.0 449.0
299.0 495.0 300.0 502.0
119.0 505.0 120.0 505.0
298.0 494.0 300.0 502.0
376.0 535.0 378.0 550.0
43.0 268.0 45.0 259.0
281.0 622.0 282.0 633.0
293.0 539.0 294.0 552.0
375.0 535.0 378.0 550.0
84.0 408.0 85.0 414.0
81.0 106.0 83.0 93.0
50.0 498.0 52.0 503.0
41.0 302.0 44.0 296.0
41.0 303.0 44.0 296.0
45.0 482.0 48.0 485.0
10.0 566.0 13.0 562.0
120.0 407.0 120.0 411.0
49.0 588.0 48.0 595.0
28.0 207.0 30.0 196.0
282.0 622.0 282.0 633.0
299.0 494.0 300.0 502.0
118.0 506.0 120.0 505.0
293.0 444.0 297.0 449.0
119.0 407.0 120.0 411.0
441.0 324.0 452.0 335.0
263.0 91.0 270.0 77.0
260.0 67.0 262.0 54.0
76.0 498.0 80.0 503.0
119.0 506.0 120.0 505.0
251.0 370.0 253.0 374.0
28.0 208.0 30.0 196.0
264.0 90.0 269.0 77.0
375.0 536.0 378.0 550.0
120.0 406.0 120.0 411.0
27.0 322.0 30.0 316.0
250.0 370.0 252.0 374.0
294.0 82.0 301.0 66.0
49.0 498.0 52.0 503.0
41.0 304.0 44.0 296.0
376.0 536.0 378.0 550.0
299.0 493.0 300.0 502.0
9.0 567.0 13.0 562.0
85.0 408.0 85.0 414.0
45.0 483.0 48.0 485.0
263.0 90.0 269.0 77.0
121.0 407.0 120.0 411.0
41.0 238.0 44.0 230.0
49.0 499.0 52.0 503.0
76.0 497.0 80.0 503.0
10.0 567.0 13.0 562.0
260.0 66.0 262.0 54.0
441.0 325.0 452.0 336.0
262.0 90.0 269.0 77.0
51.0 537.0 53.0 535.0
66.0 511.0 68.0 509.0
249.0 370.0 252.0 374.0
51.0 536.0 53.0 535.0
250.0 369.0 251.0 373.0
300.0 495.0 300.0 502.0
281.0 621.0 282.0 633.0
118.0 507.0 120.0 505.0
400.0 395.0 406.0 407.0
400.0 394.0 406.0 407.0
268.0 536.0 269.0 549.0
57.0 101.0 60.0 87.0
262.0 91.0 269.0 77.0
300.0 493.0 300.0 502.0
438.0 304.0 447.0 315.0
50.0 537.0 53.0 535.0
300.0 494.0 300.0 502.0
75.0 497.0 80.0 503.0
261.0 67.0 262.0 54.0
67.0 512.0 68.0 509.0
145.0 624.0 145.0 617.0
44.0 483.0 48.0 486.0
437.0 304.0 447.0 315.0
66.0 512.0 68.0 509.0
51.0 538.0 53.0 535.0
209.0 540.0 214.0 542.0
249.0 369.0 251.0 373.0
400.0 396.0 406.0 408.0
346.0 351.0 349.0 358.0
261.0 66.0 262.0 54.0
401.0 395.0 406.0 407.0
236.0 354.0 238.0 357.0
380.0 352.0 385.0 363.0
300.0 496.0 300.0 502.0
82.0 384.0 84.0 380.0
346.0 352.0 349.0 358.0
57.0 102.0 60.0 87.0
228.0 30.0 234.0 13.0
401.0 396.0 406.0 408.0
83.0 383.0 84.0 380.0
458.0 305.0 466.0 313.0
50.0 538.0 53.0 535.0
402.0 396.0 407.0 409.0
82.0 383.0 84.0 380.0
379.0 352.0 385.0 363.0
65.0 512.0 68.0 509.0
29.0 561.0 32.0 558.0
228.0 31.0 234.0 13.0
29.0 562.0 32.0 558.0
81.0 384.0 84.0 380.0
235.0 355.0 238.0 357.0
66.0 513.0 68.0 509.0
67.0 513.0 68.0 509.0
255.0 72.0 261.0 55.0
236.0 355.0 238.0 357.0
457.0 305.0 466.0 313.0
65.0 513.0 68.0 509.0
235.0 354.0 238.0 357.0
25.0 112.0 34.0 94.0
56.0 409.0 59.0 416.0
66.0 514.0 68.0 509.0
28.0 561.0 31.0 557.0
208.0 540.0 214.0 542.0
25.0 113.0 34.0 94.0
255.0 73.0 261.0 55.0
392.0 619.0 392.0 634.0
269.0 406.0 270.0 410.0
47.0 460.0 49.0 464.0
37.0 158.0 45.0 136.0
28.0 562.0 31.0 557.0
28.0 596.0 12.0 598.0
10.0 545.0 13.0 561.0
51.0 346.0 51.0 347.0
31.0 500.0 28.0 504.0
29.0 596.0 12.0 598.0
28.0 595.0 12.0 598.0
382.0 455.0 384.0 463.0
37.0 330.0 30.0 316.0
270.0 406.0 270.0 410.0
9.0 545.0 13.0 561.0
207.0 451.0 219.0 446.0
51.0 345.0 51.0 347.0
32.0 499.0 28.0 504.0
31.0 498.0 28.0 504.0
31.0 499.0 28.0 504.0
32.0 498.0 28.0 504.0
38.0 330.0 30.0 316.0
11.0 236.0 11.0 190.0
11.0 235.0 11.0 190.0
206.0 451.0 219.0 446.0
440.0 394.0 451.0 426.0
95.0 508.0 80.0 503.0
