368.0 529.0 383.0 529.0
118.0 83.0 132.0 94.0
367.0 529.0 383.0 529.0
78.0 233.0 90.0 241.0
228.0 444.0 241.0 446.0
348.0 426.0 362.0 427.0
229.0 443.0 241.0 446.0
119.0 84.0 132.0 94.0
119.0 83.0 132.0 94.0
197.0 527.0 211.0 528.0
330.0 434.0 343.0 437.0
314.0 288.0 325.0 291.0
229.0 444.0 241.0 446.0
390.0 461.0 404.0 462.0
369.0 436.0 383.0 437.0
191.0 98.0 202.0 107.0
331.0 434.0 343.0 437.0
77.0 233.0 90.0 241.0
347.0 426.0 361.0 428.0
191.0 97.0 202.0 106.0
369.0 529.0 383.0 529.0
192.0 97.0 203.0 106.0
313.0 289.0 325.0 291.0
313.0 288.0 325.0 291.0
357.0 545.0 372.0 547.0
113.0 487.0 127.0 490.0
329.0 434.0 343.0 437.0
301.0 545.0 316.0 549.0
286.0 277.0 298.0 281.0
328.0 434.0 343.0 437.0
113.0 486.0 127.0 490.0
61.0 180.0 75.0 188.0
197.0 526.0 211.0 528.0
314.0 289.0 325.0 291.0
191.0 99.0 202.0 107.0
241.0 205.0 253.0 209.0
112.0 487.0 126.0 491.0
302.0 546.0 316.0 549.0
192.0 98.0 203.0 107.0
228.0 520.0 243.0 523.0
413.0 560.0 428.0 560.0
229.0 520.0 243.0 523.0
174.0 573.0 190.0 575.0
219.0 543.0 234.0 546.0
243.0 564.0 256.0 568.0
302.0 545.0 316.0 549.0
285.0 276.0 297.0 281.0
90.0 525.0 103.0 531.0
148.0 211.0 161.0 219.0
356.0 545.0 371.0 547.0
309.0 190.0 323.0 194.0
285.0 277.0 297.0 281.0
309.0 189.0 322.0 193.0
104.0 499.0 117.0 502.0
149.0 212.0 161.0 219.0
242.0 565.0 256.0 568.0
257.0 448.0 270.0 450.0
242.0 564.0 255.0 567.0
229.0 366.0 242.0 369.0
412.0 560.0 428.0 560.0
369.0 437.0 383.0 437.0
310.0 189.0 323.0 194.0
411.0 560.0 428.0 560.0
103.0 499.0 117.0 502.0
108.0 202.0 121.0 211.0
149.0 211.0 161.0 219.0
368.0 437.0 383.0 438.0
219.0 542.0 234.0 546.0
355.0 545.0 370.0 548.0
353.0 217.0 366.0 220.0
230.0 366.0 243.0 369.0
408.0 533.0 424.0 533.0
286.0 276.0 298.0 281.0
112.0 486.0 126.0 491.0
363.0 26.0 370.0 32.0
368.0 438.0 383.0 438.0
188.0 216.0 198.0 223.0
114.0 487.0 127.0 491.0
310.0 190.0 323.0 194.0
244.0 330.0 256.0 333.0
114.0 486.0 127.0 490.0
229.0 521.0 243.0 523.0
90.0 526.0 103.0 532.0
276.0 308.0 288.0 310.0
354.0 217.0 366.0 220.0
113.0 488.0 127.0 491.0
362.0 26.0 370.0 32.0
108.0 201.0 121.0 210.0
175.0 573.0 190.0 574.0
62.0 179.0 76.0 188.0
61.0 179.0 75.0 188.0
62.0 180.0 75.0 188.0
196.0 255.0 209.0 262.0
368.0 365.0 381.0 367.0
230.0 365.0 243.0 369.0
186.0 215.0 197.0 223.0
184.0 514.0 198.0 517.0
245.0 132.0 256.0 138.0
409.0 532.0 424.0 533.0
102.0 498.0 116.0 502.0
308.0 26.0 319.0 35.0
241.0 204.0 253.0 209.0
108.0 200.0 121.0 210.0
411.0 561.0 428.0 560.0
408.0 531.0 424.0 533.0
211.0 440.0 223.0 443.0
410.0 302.0 422.0 301.0
308.0 25.0 319.0 35.0
355.0 217.0 366.0 220.0
309.0 26.0 319.0 35.0
245.0 131.0 256.0 138.0
303.0 504.0 317.0 507.0
243.0 565.0 256.0 568.0
229.0 365.0 242.0 369.0
358.0 293.0 372.0 296.0
410.0 560.0 427.0 560.0
359.0 293.0 372.0 296.0
284.0 276.0 297.0 281.0
257.0 447.0 270.0 450.0
337.0 220.0 349.0 223.0
361.0 25.0 370.0 32.0
303.0 505.0 318.0 508.0
211.0 441.0 223.0 443.0
360.0 293.0 372.0 296.0
409.0 301.0 422.0 301.0
359.0 294.0 372.0 296.0
380.0 399.0 394.0 399.0
114.0 149.0 128.0 159.0
230.0 521.0 243.0 523.0
218.0 542.0 234.0 546.0
244.0 565.0 256.0 568.0
284.0 277.0 297.0 281.0
173.0 573.0 190.0 575.0
362.0 27.0 370.0 32.0
81.0 203.0 95.0 212.0
91.0 525.0 103.0 531.0
367.0 365.0 381.0 367.0
186.0 216.0 197.0 223.0
277.0 308.0 289.0 310.0
312.0 593.0 328.0 595.0
53.0 257.0 67.0 265.0
113.0 149.0 127.0 159.0
200.0 66.0 211.0 75.0
148.0 210.0 161.0 219.0
303.0 503.0 317.0 507.0
325.0 512.0 340.0 514.0
369.0 438.0 383.0 439.0
362.0 25.0 370.0 32.0
277.0 309.0 289.0 311.0
187.0 215.0 198.0 223.0
312.0 592.0 328.0 595.0
407.0 491.0 420.0 492.0
52.0 257.0 67.0 265.0
361.0 26.0 370.0 32.0
313.0 593.0 328.0 595.0
360.0 292.0 372.0 296.0
210.0 366.0 221.0 369.0
326.0 512.0 340.0 514.0
408.0 532.0 424.0 533.0
299.0 457.0 312.0 460.0
276.0 337.0 288.0 340.0
388.0 374.0 403.0 375.0
231.0 366.0 243.0 369.0
197.0 255.0 209.0 262.0
337.0 219.0 349.0 223.0
114.0 150.0 127.0 159.0
358.0 292.0 372.0 296.0
187.0 216.0 198.0 223.0
113.0 150.0 127.0 159.0
256.0 447.0 270.0 450.0
325.0 511.0 340.0 514.0
184.0 515.0 196.0 517.0
197.0 256.0 209.0 262.0
309.0 25.0 319.0 35.0
314.0 592.0 328.0 595.0
53.0 256.0 67.0 265.0
359.0 292.0 372.0 296.0
368.0 364.0 381.0 367.0
218.0 541.0 234.0 546.0
313.0 592.0 328.0 595.0
187.0 78.0 198.0 87.0
213.0 285.0 225.0 289.0
324.0 512.0 340.0 514.0
401.0 412.0 415.0 413.0
231.0 365.0 243.0 369.0
104.0 498.0 117.0 502.0
233.0 386.0 245.0 387.0
107.0 201.0 121.0 210.0
214.0 285.0 226.0 288.0
400.0 412.0 414.0 413.0
400.0 413.0 414.0 413.0
283.0 277.0 296.0 281.0
301.0 544.0 316.0 549.0
310.0 27.0 319.0 35.0
299.0 456.0 312.0 459.0
361.0 27.0 370.0 32.0
58.0 626.0 71.0 634.0
310.0 26.0 319.0 35.0
91.0 526.0 104.0 531.0
395.0 322.0 407.0 323.0
302.0 544.0 316.0 549.0
240.0 204.0 251.0 209.0
387.0 374.0 403.0 375.0
341.0 226.0 353.0 229.0
408.0 491.0 420.0 492.0
140.0 617.0 154.0 619.0
218.0 543.0 234.0 546.0
275.0 337.0 288.0 340.0
304.0 505.0 318.0 508.0
324.0 511.0 340.0 514.0
214.0 284.0 226.0 288.0
367.0 364.0 381.0 367.0
246.0 131.0 256.0 138.0
209.0 365.0 221.0 369.0
52.0 256.0 67.0 265.0
221.0 147.0 232.0 156.0
210.0 365.0 221.0 369.0
186.0 217.0 197.0 223.0
370.0 437.0 383.0 437.0
284.0 321.0 295.0 324.0
187.0 217.0 198.0 223.0
243.0 27.0 254.0 36.0
246.0 132.0 256.0 138.0
311.0 190.0 323.0 194.0
202.0 419.0 215.0 422.0
103.0 498.0 117.0 502.0
304.0 504.0 317.0 507.0
314.0 593.0 328.0 595.0
107.0 200.0 121.0 210.0
409.0 302.0 422.0 301.0
203.0 419.0 215.0 422.0
381.0 400.0 394.0 399.0
240.0 203.0 251.0 209.0
298.0 456.0 312.0 460.0
258.0 448.0 270.0 450.0
409.0 491.0 420.0 492.0
185.0 216.0 197.0 223.0
380.0 354.0 393.0 355.0
212.0 284.0 225.0 289.0
298.0 457.0 312.0 460.0
220.0 146.0 232.0 155.0
305.0 383.0 318.0 385.0
220.0 147.0 232.0 156.0
187.0 79.0 198.0 87.0
400.0 414.0 414.0 413.0
226.0 408.0 239.0 410.0
269.0 419.0 286.0 422.0
395.0 321.0 407.0 323.0
215.0 213.0 226.0 220.0
304.0 503.0 317.0 507.0
149.0 210.0 161.0 219.0
215.0 214.0 226.0 220.0
59.0 626.0 71.0 634.0
263.0 516.0 275.0 520.0
203.0 420.0 215.0 422.0
219.0 147.0 232.0 155.0
232.0 386.0 245.0 387.0
381.0 354.0 393.0 355.0
203.0 418.0 215.0 422.0
301.0 543.0 316.0 548.0
242.0 29.0 254.0 36.0
258.0 447.0 270.0 450.0
233.0 345.0 245.0 349.0
296.0 484.0 309.0 485.0
213.0 284.0 226.0 288.0
243.0 28.0 254.0 36.0
283.0 320.0 295.0 324.0
216.0 214.0 226.0 220.0
401.0 413.0 415.0 413.0
232.0 346.0 245.0 349.0
295.0 484.0 309.0 485.0
302.0 543.0 316.0 548.0
370.0 438.0 383.0 439.0
262.0 517.0 275.0 520.0
244.0 29.0 254.0 36.0
238.0 327.0 255.0 333.0
219.0 146.0 232.0 155.0
231.0 386.0 244.0 387.0
306.0 383.0 318.0 385.0
243.0 29.0 254.0 36.0
226.0 46.0 238.0 56.0
202.0 420.0 215.0 422.0
401.0 414.0 415.0 413.0
269.0 375.0 282.0 377.0
244.0 28.0 254.0 36.0
370.0 599.0 389.0 603.0
263.0 517.0 275.0 520.0
243.0 30.0 254.0 36.0
211.0 129.0 221.0 137.0
226.0 47.0 238.0 56.0
259.0 447.0 271.0 449.0
402.0 413.0 415.0 413.0
247.0 132.0 256.0 138.0
458.0 43.0 467.0 46.0
269.0 418.0 286.0 422.0
408.0 302.0 422.0 301.0
240.0 480.0 252.0 483.0
239.0 480.0 252.0 483.0
307.0 383.0 318.0 385.0
458.0 44.0 467.0 46.0
284.0 320.0 296.0 324.0
305.0 382.0 318.0 385.0
431.0 388.0 443.0 388.0
232.0 387.0 245.0 387.0
296.0 483.0 309.0 485.0
295.0 482.0 309.0 485.0
25.0 477.0 38.0 484.0
421.0 495.0 435.0 496.0
295.0 483.0 309.0 485.0
241.0 480.0 253.0 483.0
244.0 30.0 254.0 36.0
306.0 382.0 318.0 385.0
307.0 382.0 318.0 385.0
227.0 46.0 238.0 56.0
270.0 375.0 282.0 377.0
269.0 374.0 282.0 377.0
155.0 247.0 167.0 252.0
422.0 495.0 435.0 496.0
237.0 295.0 249.0 299.0
23.0 477.0 37.0 484.0
24.0 478.0 37.0 484.0
213.0 31.0 224.0 42.0
24.0 477.0 37.0 484.0
113.0 130.0 129.0 144.0
213.0 32.0 224.0 42.0
430.0 388.0 444.0 387.0
213.0 33.0 224.0 42.0
23.0 478.0 37.0 484.0
237.0 296.0 249.0 299.0
431.0 387.0 444.0 387.0
457.0 42.0 467.0 46.0
202.0 333.0 212.0 338.0
231.0 387.0 245.0 387.0
276.0 336.0 288.0 340.0
202.0 334.0 212.0 338.0
457.0 43.0 467.0 46.0
49.0 290.0 64.0 300.0
212.0 32.0 224.0 42.0
134.0 616.0 153.0 619.0
423.0 495.0 435.0 496.0
369.0 599.0 389.0 603.0
227.0 47.0 238.0 56.0
214.0 32.0 224.0 42.0
270.0 374.0 282.0 377.0
97.0 606.0 110.0 614.0
201.0 334.0 212.0 338.0
201.0 333.0 212.0 338.0
135.0 617.0 153.0 619.0
203.0 72.0 211.0 75.0
49.0 291.0 64.0 300.0
237.0 326.0 255.0 333.0
155.0 248.0 167.0 252.0
424.0 495.0 435.0 496.0
49.0 292.0 64.0 300.0
50.0 291.0 64.0 300.0
457.0 44.0 467.0 46.0
237.0 328.0 255.0 333.0
236.0 295.0 249.0 299.0
228.0 47.0 238.0 56.0
50.0 292.0 64.0 300.0
112.0 130.0 129.0 144.0
456.0 43.0 467.0 46.0
237.0 327.0 255.0 333.0
48.0 291.0 64.0 300.0
307.0 287.0 324.0 291.0
236.0 328.0 255.0 333.0
111.0 130.0 129.0 144.0
236.0 326.0 255.0 333.0
13.0 558.0 27.0 565.0
13.0 559.0 27.0 565.0
236.0 327.0 255.0 333.0
41.0 500.0 55.0 507.0
13.0 560.0 27.0 565.0
14.0 558.0 27.0 565.0
202.0 365.0 221.0 369.0
307.0 286.0 325.0 291.0
14.0 560.0 27.0 565.0
162.0 492.0 182.0 495.0
14.0 559.0 27.0 565.0
15.0 526.0 27.0 533.0
460.0 347.0 474.0 347.0
15.0 527.0 27.0 533.0
116.0 574.0 133.0 584.0
372.0 478.0 383.0 475.0
459.0 347.0 474.0 346.0
230.0 557.0 255.0 567.0
201.0 365.0 221.0 369.0
14.0 527.0 27.0 533.0
14.0 526.0 27.0 533.0
13.0 526.0 27.0 533.0
203.0 440.0 223.0 443.0
396.0 448.0 405.0 461.0
229.0 557.0 255.0 567.0
397.0 448.0 405.0 461.0
398.0 448.0 405.0 461.0
373.0 618.0 390.0 603.0
373.0 617.0 390.0 603.0
374.0 617.0 390.0 603.0
374.0 618.0 390.0 603.0
155.0 620.0 154.0 619.0
230.0 551.0 235.0 546.0
396.0 447.0 405.0 461.0
215.0 529.0 234.0 546.0
