406.0 386.0 423.0 367.0
405.0 386.0 422.0 367.0
254.0 323.0 271.0 306.0
253.0 323.0 270.0 305.0
405.0 387.0 422.0 368.0
253.0 322.0 270.0 305.0
293.0 340.0 309.0 323.0
99.0 480.0 121.0 453.0
405.0 388.0 422.0 368.0
406.0 388.0 422.0 368.0
81.0 132.0 100.0 113.0
406.0 387.0 422.0 368.0
100.0 481.0 121.0 453.0
100.0 479.0 121.0 453.0
254.0 322.0 270.0 305.0
99.0 481.0 121.0 453.0
100.0 480.0 121.0 453.0
404.0 388.0 422.0 368.0
101.0 480.0 121.0 453.0
255.0 322.0 271.0 306.0
195.0 221.0 215.0 202.0
255.0 323.0 271.0 306.0
195.0 222.0 215.0 202.0
195.0 220.0 215.0 202.0
246.0 368.0 264.0 349.0
101.0 481.0 121.0 453.0
81.0 133.0 100.0 113.0
168.0 207.0 188.0 188.0
169.0 207.0 188.0 188.0
137.0 158.0 156.0 139.0
169.0 206.0 188.0 188.0
294.0 340.0 309.0 323.0
244.0 369.0 264.0 349.0
168.0 206.0 188.0 188.0
82.0 132.0 100.0 113.0
170.0 206.0 188.0 188.0
245.0 369.0 264.0 349.0
149.0 385.0 171.0 363.0
433.0 411.0 448.0 390.0
194.0 220.0 215.0 202.0
150.0 385.0 171.0 363.0
222.0 385.0 241.0 364.0
116.0 175.0 137.0 158.0
235.0 238.0 254.0 220.0
136.0 159.0 156.0 139.0
245.0 368.0 264.0 349.0
295.0 340.0 309.0 323.0
315.0 374.0 333.0 357.0
138.0 158.0 157.0 139.0
413.0 371.0 429.0 353.0
194.0 222.0 215.0 202.0
151.0 385.0 171.0 363.0
433.0 410.0 448.0 390.0
194.0 221.0 215.0 202.0
210.0 97.0 231.0 77.0
235.0 237.0 254.0 220.0
210.0 98.0 231.0 77.0
137.0 159.0 157.0 139.0
211.0 97.0 231.0 77.0
223.0 385.0 241.0 364.0
136.0 158.0 156.0 139.0
138.0 157.0 156.0 139.0
82.0 133.0 100.0 113.0
51.0 557.0 74.0 527.0
315.0 373.0 333.0 357.0
316.0 373.0 334.0 357.0
124.0 399.0 143.0 379.0
138.0 159.0 157.0 139.0
150.0 386.0 171.0 363.0
81.0 134.0 100.0 113.0
432.0 410.0 448.0 390.0
330.0 243.0 350.0 226.0
50.0 556.0 74.0 526.0
49.0 558.0 74.0 526.0
83.0 264.0 106.0 245.0
432.0 412.0 448.0 390.0
50.0 557.0 74.0 526.0
115.0 175.0 137.0 158.0
330.0 245.0 350.0 227.0
244.0 370.0 264.0 349.0
84.0 264.0 106.0 245.0
330.0 244.0 350.0 227.0
246.0 287.0 263.0 268.0
432.0 411.0 448.0 390.0
137.0 157.0 156.0 139.0
190.0 197.0 210.0 178.0
253.0 194.0 271.0 175.0
51.0 556.0 74.0 526.0
189.0 384.0 207.0 362.0
49.0 557.0 74.0 526.0
51.0 558.0 74.0 527.0
50.0 558.0 74.0 527.0
136.0 157.0 156.0 139.0
115.0 176.0 137.0 158.0
412.0 370.0 429.0 353.0
92.0 112.0 110.0 93.0
245.0 370.0 264.0 349.0
149.0 386.0 171.0 363.0
414.0 370.0 430.0 353.0
315.0 375.0 333.0 357.0
413.0 370.0 429.0 353.0
329.0 244.0 350.0 227.0
100.0 293.0 122.0 274.0
83.0 263.0 106.0 245.0
191.0 197.0 211.0 178.0
93.0 111.0 110.0 93.0
101.0 293.0 122.0 274.0
92.0 111.0 110.0 93.0
84.0 262.0 106.0 245.0
300.0 396.0 315.0 377.0
314.0 374.0 333.0 357.0
151.0 386.0 171.0 363.0
123.0 399.0 142.0 379.0
84.0 263.0 106.0 245.0
314.0 373.0 333.0 356.0
122.0 399.0 141.0 379.0
92.0 110.0 110.0 93.0
443.0 395.0 458.0 375.0
413.0 369.0 429.0 352.0
443.0 394.0 458.0 375.0
237.0 194.0 254.0 176.0
122.0 400.0 141.0 379.0
329.0 245.0 350.0 227.0
123.0 398.0 142.0 379.0
150.0 387.0 171.0 363.0
444.0 394.0 458.0 375.0
100.0 292.0 122.0 274.0
444.0 393.0 458.0 375.0
85.0 262.0 106.0 245.0
316.0 374.0 334.0 357.0
91.0 111.0 110.0 93.0
102.0 293.0 122.0 274.0
415.0 370.0 431.0 353.0
445.0 394.0 458.0 375.0
85.0 264.0 106.0 245.0
191.0 198.0 210.0 179.0
190.0 384.0 207.0 362.0
331.0 243.0 350.0 226.0
193.0 221.0 215.0 202.0
101.0 292.0 122.0 274.0
93.0 110.0 110.0 93.0
102.0 292.0 122.0 274.0
431.0 412.0 448.0 390.0
331.0 244.0 350.0 227.0
193.0 220.0 215.0 202.0
201.0 246.0 221.0 228.0
446.0 474.0 459.0 453.0
444.0 395.0 458.0 375.0
123.0 400.0 143.0 379.0
86.0 262.0 106.0 245.0
414.0 369.0 430.0 353.0
415.0 369.0 431.0 352.0
236.0 194.0 254.0 176.0
91.0 112.0 110.0 93.0
66.0 380.0 90.0 357.0
201.0 245.0 221.0 228.0
445.0 395.0 458.0 375.0
445.0 475.0 459.0 453.0
446.0 472.0 459.0 454.0
66.0 378.0 90.0 358.0
85.0 263.0 106.0 245.0
428.0 379.0 444.0 362.0
237.0 195.0 254.0 176.0
190.0 198.0 210.0 178.0
66.0 379.0 90.0 357.0
444.0 396.0 458.0 375.0
202.0 246.0 221.0 228.0
202.0 245.0 221.0 228.0
446.0 473.0 459.0 453.0
67.0 379.0 90.0 357.0
108.0 247.0 128.0 230.0
447.0 473.0 460.0 453.0
313.0 425.0 330.0 403.0
447.0 472.0 460.0 453.0
108.0 248.0 128.0 230.0
311.0 426.0 330.0 403.0
90.0 581.0 108.0 552.0
312.0 425.0 330.0 403.0
310.0 426.0 330.0 403.0
431.0 413.0 448.0 390.0
260.0 379.0 281.0 356.0
312.0 426.0 330.0 403.0
67.0 378.0 90.0 358.0
252.0 263.0 268.0 246.0
107.0 246.0 127.0 229.0
51.0 396.0 76.0 373.0
442.0 308.0 458.0 291.0
260.0 82.0 279.0 64.0
91.0 582.0 108.0 552.0
311.0 425.0 330.0 403.0
86.0 263.0 106.0 245.0
252.0 262.0 268.0 246.0
52.0 395.0 76.0 373.0
52.0 397.0 75.0 373.0
107.0 248.0 127.0 229.0
52.0 396.0 75.0 373.0
117.0 326.0 143.0 306.0
261.0 81.0 279.0 64.0
246.0 112.0 260.0 97.0
442.0 309.0 458.0 291.0
117.0 327.0 143.0 306.0
116.0 326.0 143.0 306.0
441.0 309.0 458.0 291.0
352.0 162.0 374.0 140.0
368.0 150.0 392.0 132.0
261.0 82.0 279.0 64.0
107.0 247.0 127.0 229.0
442.0 307.0 458.0 291.0
262.0 81.0 279.0 64.0
352.0 161.0 374.0 140.0
253.0 262.0 268.0 246.0
53.0 395.0 76.0 373.0
53.0 396.0 76.0 374.0
253.0 263.0 268.0 246.0
253.0 261.0 268.0 246.0
369.0 150.0 392.0 132.0
116.0 327.0 143.0 306.0
106.0 248.0 127.0 229.0
247.0 112.0 260.0 97.0
441.0 308.0 458.0 291.0
368.0 151.0 392.0 132.0
369.0 149.0 391.0 131.0
106.0 62.0 124.0 40.0
441.0 307.0 458.0 291.0
368.0 149.0 391.0 131.0
262.0 82.0 279.0 64.0
115.0 326.0 143.0 305.0
368.0 148.0 391.0 131.0
106.0 247.0 127.0 229.0
356.0 513.0 380.0 484.0
357.0 513.0 380.0 484.0
370.0 150.0 392.0 132.0
105.0 62.0 124.0 40.0
45.0 323.0 67.0 303.0
254.0 262.0 268.0 246.0
105.0 63.0 124.0 40.0
440.0 308.0 458.0 291.0
106.0 63.0 124.0 40.0
254.0 261.0 268.0 246.0
369.0 148.0 391.0 131.0
126.0 167.0 137.0 157.0
105.0 64.0 124.0 40.0
126.0 168.0 137.0 157.0
370.0 149.0 392.0 132.0
45.0 322.0 67.0 303.0
106.0 64.0 124.0 40.0
357.0 514.0 380.0 485.0
44.0 322.0 67.0 303.0
356.0 514.0 380.0 485.0
96.0 42.0 110.0 20.0
107.0 62.0 124.0 40.0
234.0 294.0 256.0 285.0
107.0 64.0 124.0 40.0
235.0 293.0 256.0 285.0
363.0 86.0 388.0 66.0
21.0 367.0 45.0 340.0
107.0 63.0 124.0 40.0
23.0 367.0 45.0 340.0
234.0 293.0 256.0 285.0
128.0 287.0 140.0 276.0
95.0 190.0 105.0 182.0
22.0 366.0 45.0 340.0
363.0 87.0 388.0 66.0
96.0 190.0 105.0 182.0
22.0 367.0 45.0 340.0
44.0 323.0 67.0 303.0
23.0 366.0 45.0 340.0
96.0 43.0 110.0 20.0
210.0 408.0 237.0 388.0
235.0 292.0 256.0 285.0
210.0 409.0 237.0 388.0
21.0 366.0 45.0 340.0
43.0 323.0 67.0 303.0
2.0 140.0 26.0 118.0
3.0 140.0 26.0 118.0
31.0 387.0 55.0 362.0
3.0 139.0 26.0 118.0
23.0 365.0 45.0 340.0
89.0 49.0 106.0 29.0
129.0 287.0 140.0 276.0
21.0 365.0 45.0 339.0
128.0 286.0 140.0 276.0
2.0 141.0 26.0 118.0
209.0 409.0 237.0 388.0
252.0 414.0 268.0 383.0
253.0 414.0 268.0 383.0
89.0 50.0 106.0 29.0
22.0 365.0 45.0 340.0
97.0 190.0 105.0 182.0
88.0 50.0 106.0 29.0
88.0 51.0 106.0 29.0
90.0 50.0 106.0 29.0
96.0 189.0 105.0 182.0
130.0 287.0 140.0 276.0
30.0 387.0 55.0 362.0
97.0 189.0 105.0 182.0
209.0 408.0 237.0 388.0
89.0 51.0 106.0 29.0
129.0 286.0 140.0 276.0
70.0 627.0 96.0 607.0
70.0 628.0 96.0 607.0
209.0 407.0 237.0 388.0
71.0 325.0 84.0 312.0
128.0 285.0 140.0 276.0
95.0 189.0 105.0 182.0
69.0 628.0 96.0 607.0
69.0 627.0 96.0 607.0
96.0 188.0 105.0 182.0
