256.0 80.0 238.0 90.0
186.0 277.0 166.0 284.0
200.0 257.0 180.0 265.0
201.0 256.0 180.0 265.0
384.0 484.0 358.0 483.0
118.0 271.0 105.0 278.0
185.0 277.0 165.0 285.0
127.0 167.0 112.0 177.0
119.0 271.0 105.0 278.0
386.0 589.0 364.0 592.0
288.0 98.0 270.0 106.0
256.0 81.0 238.0 90.0
288.0 97.0 270.0 106.0
122.0 56.0 108.0 66.0
126.0 166.0 112.0 177.0
281.0 538.0 265.0 541.0
217.0 272.0 201.0 278.0
217.0 271.0 201.0 277.0
283.0 303.0 259.0 310.0
126.0 167.0 112.0 177.0
387.0 589.0 365.0 592.0
422.0 526.0 397.0 524.0
118.0 272.0 105.0 278.0
119.0 272.0 105.0 278.0
126.0 168.0 112.0 177.0
421.0 525.0 397.0 524.0
336.0 601.0 317.0 601.0
218.0 272.0 201.0 278.0
422.0 525.0 397.0 524.0
69.0 326.0 56.0 333.0
306.0 475.0 285.0 478.0
282.0 304.0 259.0 310.0
370.0 302.0 349.0 305.0
216.0 271.0 201.0 277.0
189.0 175.0 169.0 184.0
281.0 537.0 265.0 541.0
241.0 389.0 223.0 391.0
68.0 327.0 56.0 333.0
96.0 277.0 78.0 283.0
385.0 484.0 358.0 483.0
287.0 98.0 270.0 106.0
421.0 526.0 397.0 524.0
384.0 485.0 358.0 483.0
422.0 527.0 397.0 524.0
255.0 80.0 238.0 90.0
423.0 526.0 397.0 524.0
369.0 302.0 349.0 305.0
337.0 602.0 317.0 601.0
216.0 272.0 201.0 278.0
369.0 301.0 350.0 305.0
241.0 388.0 223.0 391.0
68.0 326.0 56.0 333.0
249.0 565.0 229.0 572.0
125.0 167.0 112.0 177.0
287.0 96.0 270.0 106.0
307.0 475.0 285.0 478.0
270.0 389.0 256.0 390.0
269.0 388.0 253.0 390.0
336.0 602.0 317.0 601.0
188.0 175.0 169.0 184.0
111.0 589.0 97.0 597.0
94.0 305.0 76.0 314.0
254.0 81.0 238.0 90.0
110.0 589.0 97.0 597.0
250.0 565.0 229.0 572.0
96.0 278.0 78.0 283.0
255.0 81.0 238.0 90.0
95.0 96.0 81.0 105.0
189.0 174.0 169.0 184.0
370.0 301.0 350.0 305.0
242.0 388.0 223.0 391.0
69.0 327.0 56.0 333.0
280.0 538.0 265.0 541.0
229.0 464.0 210.0 470.0
309.0 503.0 285.0 507.0
385.0 485.0 358.0 483.0
238.0 71.0 221.0 81.0
95.0 98.0 81.0 105.0
237.0 194.0 217.0 203.0
230.0 464.0 210.0 470.0
93.0 305.0 76.0 314.0
217.0 210.0 201.0 217.0
263.0 346.0 246.0 350.0
287.0 97.0 270.0 106.0
268.0 437.0 255.0 439.0
238.0 72.0 221.0 81.0
218.0 210.0 202.0 218.0
309.0 502.0 285.0 506.0
347.0 413.0 322.0 415.0
94.0 98.0 81.0 105.0
94.0 73.0 81.0 81.0
242.0 389.0 223.0 391.0
254.0 82.0 238.0 90.0
94.0 304.0 76.0 314.0
264.0 346.0 246.0 350.0
269.0 389.0 253.0 390.0
238.0 193.0 219.0 202.0
335.0 601.0 317.0 601.0
307.0 474.0 285.0 478.0
264.0 347.0 246.0 350.0
95.0 97.0 81.0 105.0
91.0 370.0 72.0 378.0
373.0 456.0 351.0 455.0
291.0 579.0 274.0 582.0
282.0 303.0 259.0 310.0
94.0 97.0 81.0 105.0
374.0 455.0 351.0 455.0
374.0 456.0 351.0 455.0
248.0 547.0 226.0 554.0
182.0 70.0 167.0 79.0
237.0 71.0 220.0 81.0
90.0 371.0 71.0 378.0
281.0 304.0 258.0 310.0
281.0 303.0 258.0 310.0
94.0 306.0 76.0 314.0
203.0 114.0 182.0 126.0
95.0 304.0 76.0 314.0
203.0 115.0 182.0 126.0
348.0 413.0 322.0 415.0
230.0 463.0 210.0 470.0
268.0 389.0 253.0 390.0
347.0 412.0 322.0 415.0
237.0 72.0 220.0 81.0
204.0 115.0 182.0 126.0
164.0 631.0 147.0 632.0
238.0 70.0 221.0 81.0
286.0 97.0 270.0 106.0
217.0 482.0 198.0 491.0
236.0 434.0 216.0 438.0
243.0 389.0 223.0 391.0
93.0 306.0 76.0 314.0
90.0 370.0 72.0 378.0
216.0 484.0 198.0 491.0
309.0 501.0 285.0 506.0
95.0 305.0 76.0 314.0
308.0 475.0 285.0 478.0
335.0 602.0 317.0 601.0
204.0 114.0 182.0 126.0
264.0 348.0 246.0 350.0
215.0 484.0 198.0 491.0
239.0 71.0 222.0 81.0
217.0 483.0 198.0 491.0
200.0 635.0 186.0 637.0
236.0 193.0 217.0 202.0
280.0 304.0 258.0 310.0
324.0 480.0 305.0 481.0
199.0 634.0 186.0 637.0
200.0 634.0 186.0 637.0
292.0 579.0 274.0 582.0
183.0 70.0 167.0 79.0
91.0 369.0 73.0 378.0
217.0 211.0 202.0 218.0
97.0 277.0 78.0 283.0
275.0 586.0 252.0 591.0
183.0 69.0 168.0 79.0
371.0 547.0 346.0 548.0
205.0 114.0 182.0 126.0
36.0 592.0 24.0 602.0
184.0 634.0 168.0 635.0
263.0 347.0 246.0 350.0
310.0 502.0 285.0 506.0
190.0 174.0 169.0 184.0
248.0 546.0 226.0 554.0
249.0 547.0 226.0 554.0
163.0 630.0 147.0 632.0
381.0 7.0 355.0 21.0
216.0 239.0 202.0 245.0
124.0 209.0 111.0 216.0
348.0 412.0 322.0 415.0
42.0 557.0 32.0 562.0
77.0 256.0 64.0 263.0
262.0 348.0 246.0 350.0
381.0 5.0 355.0 21.0
310.0 501.0 285.0 506.0
381.0 6.0 355.0 21.0
215.0 483.0 198.0 491.0
308.0 600.0 285.0 604.0
263.0 348.0 246.0 350.0
215.0 443.0 199.0 447.0
309.0 599.0 286.0 605.0
124.0 210.0 111.0 217.0
42.0 558.0 32.0 562.0
216.0 482.0 198.0 491.0
262.0 347.0 246.0 350.0
238.0 192.0 218.0 202.0
216.0 483.0 198.0 491.0
163.0 631.0 147.0 632.0
126.0 562.0 109.0 575.0
309.0 600.0 286.0 605.0
36.0 593.0 24.0 602.0
214.0 443.0 199.0 447.0
91.0 368.0 73.0 378.0
41.0 558.0 32.0 562.0
307.0 600.0 286.0 605.0
370.0 428.0 346.0 429.0
183.0 633.0 168.0 635.0
323.0 301.0 298.0 307.0
90.0 369.0 72.0 378.0
334.0 580.0 314.0 583.0
217.0 239.0 202.0 245.0
237.0 193.0 218.0 202.0
90.0 368.0 72.0 378.0
237.0 192.0 217.0 202.0
307.0 599.0 284.0 604.0
183.0 634.0 168.0 635.0
126.0 564.0 109.0 575.0
182.0 634.0 167.0 635.0
195.0 433.0 180.0 439.0
308.0 599.0 284.0 604.0
205.0 115.0 182.0 126.0
125.0 563.0 109.0 575.0
182.0 71.0 167.0 79.0
163.0 632.0 147.0 632.0
187.0 305.0 165.0 313.0
216.0 443.0 199.0 447.0
217.0 318.0 203.0 318.0
127.0 563.0 109.0 575.0
127.0 564.0 109.0 575.0
275.0 585.0 252.0 591.0
285.0 349.0 268.0 355.0
67.0 358.0 54.0 364.0
176.0 385.0 160.0 391.0
216.0 444.0 200.0 447.0
224.0 389.0 207.0 389.0
126.0 563.0 109.0 575.0
127.0 562.0 109.0 575.0
380.0 6.0 355.0 21.0
183.0 71.0 167.0 79.0
162.0 631.0 147.0 632.0
352.0 429.0 325.0 433.0
249.0 546.0 226.0 554.0
416.0 38.0 393.0 50.0
97.0 278.0 78.0 283.0
380.0 7.0 355.0 21.0
352.0 430.0 325.0 433.0
351.0 429.0 325.0 433.0
333.0 579.0 314.0 583.0
437.0 321.0 410.0 322.0
416.0 37.0 393.0 50.0
77.0 257.0 64.0 263.0
379.0 6.0 355.0 21.0
67.0 360.0 54.0 364.0
37.0 592.0 24.0 602.0
181.0 634.0 167.0 635.0
67.0 359.0 54.0 364.0
333.0 580.0 314.0 583.0
196.0 433.0 180.0 439.0
217.0 319.0 203.0 318.0
214.0 444.0 199.0 447.0
341.0 518.0 317.0 520.0
353.0 429.0 325.0 433.0
175.0 385.0 160.0 391.0
175.0 384.0 160.0 391.0
320.0 570.0 298.0 577.0
123.0 209.0 110.0 216.0
388.0 364.0 353.0 366.0
417.0 37.0 393.0 50.0
123.0 210.0 110.0 216.0
371.0 428.0 346.0 430.0
323.0 302.0 298.0 307.0
215.0 444.0 200.0 447.0
436.0 320.0 408.0 322.0
216.0 238.0 202.0 245.0
435.0 321.0 408.0 322.0
66.0 359.0 54.0 364.0
76.0 256.0 64.0 263.0
416.0 36.0 393.0 50.0
197.0 433.0 180.0 439.0
274.0 468.0 259.0 472.0
261.0 347.0 246.0 350.0
436.0 321.0 408.0 322.0
285.0 348.0 268.0 355.0
91.0 367.0 73.0 378.0
284.0 349.0 268.0 355.0
37.0 591.0 24.0 602.0
418.0 36.0 393.0 50.0
274.0 467.0 259.0 472.0
417.0 36.0 393.0 50.0
388.0 363.0 353.0 365.0
196.0 432.0 180.0 439.0
216.0 318.0 203.0 318.0
76.0 257.0 64.0 263.0
437.0 320.0 410.0 322.0
324.0 302.0 298.0 307.0
393.0 397.0 368.0 397.0
394.0 296.0 370.0 300.0
197.0 432.0 180.0 439.0
204.0 288.0 195.0 301.0
95.0 297.0 76.0 314.0
241.0 508.0 228.0 511.0
150.0 342.0 130.0 352.0
393.0 295.0 370.0 300.0
394.0 295.0 370.0 300.0
393.0 296.0 370.0 300.0
151.0 342.0 130.0 352.0
422.0 468.0 409.0 466.0
241.0 507.0 228.0 511.0
180.0 391.0 160.0 392.0
310.0 307.0 297.0 307.0
423.0 468.0 409.0 466.0
309.0 306.0 297.0 307.0
95.0 296.0 76.0 314.0
179.0 391.0 160.0 392.0
206.0 86.0 186.0 98.0
392.0 296.0 370.0 300.0
179.0 392.0 160.0 392.0
272.0 499.0 242.0 506.0
257.0 505.0 241.0 507.0
36.0 608.0 23.0 602.0
309.0 307.0 297.0 307.0
243.0 349.0 222.0 359.0
35.0 608.0 24.0 602.0
36.0 609.0 23.0 602.0
161.0 511.0 143.0 519.0
273.0 499.0 242.0 506.0
273.0 498.0 242.0 506.0
272.0 498.0 242.0 506.0
310.0 308.0 297.0 307.0
35.0 609.0 23.0 602.0
34.0 609.0 24.0 602.0
200.0 190.0 172.0 217.0
161.0 510.0 143.0 519.0
257.0 504.0 242.0 506.0
272.0 500.0 242.0 506.0
9.0 560.0 12.0 571.0
273.0 500.0 242.0 506.0
338.0 439.0 325.0 433.0
309.0 308.0 297.0 307.0
242.0 348.0 222.0 359.0
60.0 257.0 39.0 265.0
200.0 189.0 189.0 197.0
363.0 518.0 340.0 509.0
308.0 307.0 297.0 307.0
243.0 348.0 222.0 359.0
181.0 422.0 173.0 425.0
337.0 439.0 325.0 433.0
242.0 347.0 222.0 359.0
362.0 518.0 340.0 509.0
18.0 610.0 13.0 571.0
180.0 421.0 173.0 425.0
19.0 611.0 13.0 571.0
363.0 519.0 340.0 509.0
180.0 422.0 173.0 425.0
408.0 439.0 395.0 439.0
166.0 507.0 152.0 515.0
165.0 507.0 152.0 515.0
