411.0 90.0 413.0 81.0
30.0 304.0 34.0 289.0
410.0 91.0 412.0 81.0
237.0 137.0 239.0 125.0
410.0 90.0 412.0 81.0
67.0 265.0 71.0 250.0
411.0 91.0 412.0 81.0
252.0 374.0 254.0 366.0
92.0 73.0 95.0 55.0
113.0 81.0 117.0 66.0
67.0 264.0 71.0 250.0
238.0 137.0 240.0 125.0
30.0 303.0 34.0 289.0
237.0 136.0 239.0 125.0
410.0 93.0 412.0 83.0
214.0 125.0 219.0 112.0
213.0 126.0 218.0 113.0
411.0 92.0 412.0 83.0
410.0 92.0 412.0 83.0
185.0 178.0 188.0 165.0
323.0 105.0 326.0 96.0
68.0 265.0 71.0 250.0
214.0 126.0 219.0 112.0
212.0 126.0 218.0 113.0
186.0 177.0 189.0 165.0
238.0 136.0 240.0 125.0
68.0 264.0 71.0 250.0
29.0 304.0 34.0 289.0
252.0 375.0 254.0 366.0
91.0 72.0 95.0 55.0
68.0 263.0 71.0 250.0
212.0 125.0 217.0 112.0
186.0 178.0 188.0 165.0
252.0 376.0 254.0 366.0
113.0 82.0 117.0 66.0
243.0 153.0 245.0 139.0
91.0 73.0 95.0 55.0
185.0 177.0 188.0 165.0
90.0 382.0 94.0 367.0
213.0 125.0 218.0 113.0
185.0 176.0 188.0 165.0
243.0 151.0 245.0 139.0
6.0 289.0 12.0 278.0
69.0 265.0 71.0 250.0
89.0 383.0 94.0 367.0
69.0 264.0 71.0 250.0
238.0 135.0 240.0 125.0
324.0 105.0 326.0 96.0
63.0 297.0 68.0 282.0
185.0 179.0 188.0 165.0
228.0 110.0 231.0 100.0
325.0 105.0 326.0 96.0
90.0 383.0 94.0 367.0
112.0 81.0 117.0 66.0
7.0 289.0 12.0 278.0
29.0 303.0 34.0 289.0
62.0 296.0 67.0 282.0
69.0 263.0 71.0 250.0
228.0 109.0 231.0 99.0
325.0 104.0 326.0 96.0
113.0 83.0 118.0 66.0
184.0 178.0 188.0 165.0
242.0 153.0 245.0 139.0
29.0 302.0 34.0 289.0
186.0 176.0 189.0 165.0
251.0 374.0 254.0 366.0
89.0 382.0 94.0 367.0
242.0 152.0 245.0 139.0
324.0 104.0 326.0 96.0
112.0 82.0 117.0 66.0
243.0 152.0 245.0 139.0
177.0 618.0 179.0 602.0
245.0 34.0 249.0 25.0
242.0 151.0 245.0 139.0
251.0 375.0 253.0 366.0
63.0 296.0 67.0 282.0
251.0 376.0 253.0 366.0
7.0 288.0 12.0 278.0
98.0 269.0 101.0 255.0
62.0 297.0 67.0 282.0
28.0 303.0 34.0 289.0
112.0 83.0 117.0 66.0
242.0 150.0 245.0 139.0
170.0 119.0 174.0 106.0
302.0 99.0 307.0 89.0
177.0 619.0 179.0 602.0
61.0 297.0 67.0 282.0
229.0 109.0 231.0 99.0
302.0 100.0 307.0 89.0
29.0 281.0 34.0 267.0
31.0 257.0 35.0 244.0
29.0 282.0 34.0 267.0
29.0 280.0 34.0 267.0
303.0 99.0 307.0 89.0
88.0 382.0 94.0 367.0
176.0 619.0 179.0 602.0
245.0 35.0 249.0 25.0
244.0 34.0 249.0 25.0
90.0 72.0 94.0 55.0
135.0 150.0 140.0 136.0
136.0 151.0 140.0 136.0
28.0 304.0 34.0 289.0
229.0 110.0 231.0 100.0
170.0 118.0 174.0 106.0
303.0 100.0 307.0 89.0
312.0 84.0 314.0 74.0
266.0 282.0 267.0 271.0
169.0 117.0 173.0 104.0
32.0 257.0 36.0 245.0
146.0 560.0 147.0 542.0
266.0 281.0 267.0 271.0
311.0 83.0 314.0 74.0
136.0 150.0 141.0 136.0
244.0 36.0 249.0 25.0
90.0 73.0 94.0 55.0
265.0 281.0 267.0 271.0
213.0 463.0 214.0 452.0
244.0 35.0 249.0 25.0
49.0 400.0 56.0 385.0
28.0 280.0 34.0 267.0
169.0 118.0 173.0 105.0
48.0 399.0 56.0 385.0
169.0 119.0 173.0 105.0
89.0 381.0 94.0 367.0
47.0 400.0 55.0 385.0
88.0 381.0 94.0 367.0
304.0 100.0 307.0 89.0
312.0 85.0 314.0 74.0
15.0 594.0 21.0 575.0
311.0 84.0 314.0 74.0
28.0 281.0 34.0 267.0
320.0 497.0 317.0 485.0
145.0 561.0 147.0 542.0
212.0 465.0 214.0 453.0
15.0 593.0 20.0 575.0
304.0 99.0 307.0 89.0
136.0 149.0 141.0 135.0
30.0 560.0 36.0 542.0
146.0 561.0 147.0 542.0
312.0 83.0 314.0 74.0
186.0 367.0 186.0 357.0
31.0 255.0 35.0 244.0
265.0 282.0 267.0 271.0
213.0 464.0 214.0 453.0
31.0 256.0 35.0 244.0
303.0 101.0 307.0 89.0
266.0 280.0 267.0 271.0
147.0 561.0 147.0 542.0
121.0 33.0 122.0 19.0
315.0 512.0 311.0 501.0
315.0 511.0 311.0 501.0
48.0 400.0 56.0 385.0
302.0 101.0 307.0 89.0
32.0 256.0 35.0 244.0
267.0 436.0 265.0 425.0
266.0 437.0 265.0 426.0
267.0 437.0 265.0 426.0
95.0 317.0 99.0 301.0
186.0 366.0 186.0 357.0
319.0 497.0 317.0 487.0
177.0 620.0 179.0 602.0
176.0 620.0 179.0 602.0
47.0 401.0 55.0 385.0
98.0 268.0 102.0 255.0
146.0 562.0 147.0 542.0
110.0 370.0 115.0 360.0
276.0 419.0 275.0 409.0
30.0 561.0 36.0 543.0
314.0 513.0 310.0 502.0
320.0 496.0 317.0 487.0
314.0 512.0 310.0 502.0
29.0 561.0 36.0 543.0
213.0 465.0 214.0 453.0
314.0 511.0 311.0 501.0
319.0 496.0 317.0 487.0
60.0 590.0 66.0 573.0
120.0 32.0 122.0 19.0
29.0 562.0 36.0 543.0
60.0 589.0 66.0 571.0
141.0 537.0 143.0 520.0
14.0 593.0 20.0 575.0
48.0 401.0 56.0 385.0
30.0 562.0 36.0 543.0
147.0 560.0 147.0 542.0
118.0 337.0 122.0 325.0
268.0 437.0 266.0 426.0
147.0 562.0 147.0 542.0
187.0 367.0 186.0 357.0
276.0 418.0 275.0 409.0
313.0 513.0 310.0 502.0
82.0 52.0 86.0 36.0
275.0 419.0 275.0 409.0
187.0 366.0 186.0 357.0
320.0 495.0 317.0 487.0
267.0 438.0 265.0 426.0
266.0 438.0 265.0 426.0
319.0 495.0 317.0 487.0
214.0 463.0 214.0 452.0
179.0 29.0 182.0 18.0
120.0 33.0 122.0 19.0
119.0 33.0 122.0 19.0
95.0 316.0 99.0 301.0
180.0 30.0 183.0 18.0
95.0 315.0 99.0 301.0
69.0 358.0 74.0 344.0
141.0 536.0 143.0 520.0
68.0 358.0 74.0 344.0
185.0 533.0 186.0 524.0
120.0 34.0 122.0 19.0
256.0 469.0 256.0 459.0
60.0 591.0 66.0 573.0
179.0 30.0 182.0 18.0
313.0 512.0 310.0 502.0
82.0 54.0 86.0 36.0
140.0 538.0 143.0 520.0
217.0 59.0 221.0 47.0
217.0 60.0 221.0 47.0
140.0 537.0 143.0 520.0
94.0 317.0 99.0 301.0
82.0 53.0 86.0 36.0
256.0 468.0 256.0 459.0
188.0 366.0 186.0 357.0
180.0 29.0 183.0 18.0
118.0 338.0 122.0 325.0
275.0 420.0 275.0 409.0
276.0 420.0 275.0 409.0
119.0 34.0 122.0 19.0
139.0 538.0 143.0 520.0
59.0 592.0 66.0 573.0
318.0 495.0 317.0 487.0
244.0 87.0 248.0 76.0
198.0 50.0 202.0 37.0
303.0 480.0 300.0 470.0
140.0 536.0 143.0 520.0
68.0 359.0 74.0 344.0
118.0 339.0 123.0 326.0
211.0 283.0 214.0 272.0
312.0 512.0 310.0 502.0
185.0 532.0 186.0 524.0
69.0 359.0 74.0 344.0
83.0 53.0 86.0 36.0
245.0 87.0 249.0 75.0
83.0 52.0 86.0 36.0
313.0 511.0 310.0 502.0
59.0 591.0 66.0 573.0
94.0 316.0 99.0 301.0
245.0 86.0 249.0 75.0
119.0 337.0 122.0 325.0
60.0 592.0 66.0 573.0
119.0 338.0 122.0 325.0
198.0 311.0 202.0 302.0
79.0 334.0 85.0 317.0
59.0 590.0 66.0 571.0
120.0 338.0 122.0 325.0
59.0 593.0 66.0 573.0
319.0 494.0 317.0 487.0
38.0 604.0 46.0 585.0
211.0 282.0 214.0 272.0
37.0 586.0 42.0 569.0
39.0 605.0 46.0 585.0
39.0 603.0 46.0 585.0
40.0 604.0 46.0 585.0
119.0 339.0 123.0 326.0
36.0 586.0 42.0 569.0
198.0 310.0 202.0 302.0
221.0 258.0 228.0 244.0
39.0 602.0 46.0 585.0
7.0 566.0 15.0 547.0
39.0 604.0 46.0 585.0
198.0 51.0 203.0 37.0
221.0 257.0 228.0 244.0
40.0 602.0 46.0 585.0
199.0 311.0 202.0 302.0
79.0 335.0 85.0 317.0
78.0 335.0 84.0 318.0
78.0 334.0 85.0 317.0
210.0 283.0 214.0 272.0
199.0 310.0 202.0 302.0
40.0 603.0 46.0 585.0
199.0 51.0 203.0 37.0
208.0 23.0 212.0 10.0
209.0 23.0 213.0 10.0
7.0 567.0 15.0 547.0
22.0 454.0 28.0 438.0
209.0 24.0 213.0 10.0
210.0 282.0 214.0 272.0
198.0 52.0 203.0 37.0
208.0 24.0 212.0 10.0
220.0 258.0 228.0 244.0
199.0 52.0 203.0 37.0
96.0 539.0 103.0 519.0
13.0 406.0 19.0 392.0
166.0 423.0 167.0 408.0
220.0 259.0 228.0 244.0
329.0 477.0 327.0 468.0
22.0 455.0 28.0 438.0
96.0 538.0 103.0 519.0
210.0 547.0 215.0 531.0
23.0 454.0 28.0 438.0
210.0 546.0 215.0 531.0
31.0 394.0 21.0 375.0
399.0 26.0 406.0 10.0
198.0 53.0 203.0 37.0
62.0 56.0 71.0 45.0
281.0 468.0 281.0 458.0
220.0 257.0 228.0 244.0
61.0 56.0 70.0 45.0
62.0 55.0 71.0 45.0
61.0 55.0 70.0 45.0
174.0 333.0 170.0 318.0
8.0 399.0 19.0 392.0
9.0 399.0 19.0 392.0
280.0 468.0 281.0 458.0
219.0 258.0 228.0 244.0
280.0 469.0 281.0 458.0
67.0 102.0 67.0 101.0
219.0 259.0 228.0 244.0
209.0 547.0 215.0 531.0
174.0 334.0 170.0 318.0
62.0 54.0 71.0 45.0
68.0 102.0 67.0 101.0
7.0 584.0 20.0 575.0
174.0 332.0 170.0 318.0
137.0 25.0 123.0 18.0
67.0 101.0 67.0 101.0
69.0 103.0 67.0 101.0
280.0 470.0 281.0 458.0
95.0 539.0 103.0 519.0
9.0 397.0 33.0 387.0
136.0 26.0 123.0 18.0
137.0 26.0 123.0 18.0
136.0 25.0 123.0 18.0
8.0 398.0 19.0 392.0
219.0 257.0 228.0 244.0
214.0 348.0 214.0 351.0
9.0 398.0 19.0 392.0
67.0 103.0 67.0 101.0
136.0 24.0 123.0 18.0
95.0 538.0 103.0 519.0
137.0 24.0 123.0 18.0
68.0 104.0 67.0 101.0
137.0 23.0 123.0 18.0
68.0 101.0 67.0 101.0
95.0 537.0 103.0 519.0
27.0 357.0 25.0 347.0
69.0 102.0 67.0 101.0
214.0 347.0 214.0 351.0
96.0 635.0 93.0 614.0
68.0 103.0 67.0 101.0
95.0 635.0 93.0 614.0
95.0 634.0 93.0 614.0
175.0 333.0 170.0 318.0
68.0 100.0 67.0 101.0
69.0 101.0 67.0 101.0
192.0 411.0 179.0 394.0
280.0 62.0 284.0 44.0
190.0 577.0 204.0 569.0
137.0 188.0 139.0 186.0
138.0 188.0 139.0 186.0
