411.0 81.0 414.0 80.0
413.0 81.0 414.0 80.0
411.0 82.0 414.0 80.0
412.0 81.0 414.0 80.0
23.0 623.0 21.0 605.0
412.0 83.0 415.0 81.0
413.0 83.0 415.0 81.0
412.0 82.0 414.0 80.0
22.0 623.0 21.0 605.0
413.0 82.0 415.0 81.0
326.0 96.0 327.0 94.0
310.0 502.0 308.0 500.0
23.0 624.0 21.0 605.0
266.0 425.0 263.0 422.0
20.0 576.0 19.0 562.0
22.0 624.0 21.0 605.0
411.0 83.0 414.0 81.0
265.0 425.0 263.0 422.0
311.0 502.0 308.0 499.0
85.0 318.0 82.0 307.0
86.0 36.0 85.0 24.0
86.0 35.0 85.0 24.0
311.0 501.0 308.0 499.0
36.0 542.0 34.0 526.0
327.0 96.0 327.0 94.0
266.0 426.0 263.0 422.0
21.0 576.0 19.0 562.0
254.0 366.0 251.0 362.0
85.0 317.0 82.0 307.0
25.0 524.0 23.0 509.0
325.0 97.0 327.0 94.0
310.0 501.0 308.0 499.0
307.0 89.0 307.0 85.0
267.0 270.0 266.0 267.0
326.0 97.0 327.0 94.0
36.0 541.0 34.0 526.0
312.0 406.0 311.0 405.0
253.0 365.0 251.0 362.0
27.0 438.0 26.0 427.0
268.0 270.0 267.0 267.0
307.0 88.0 307.0 85.0
37.0 541.0 35.0 526.0
327.0 97.0 327.0 94.0
306.0 89.0 307.0 85.0
313.0 406.0 310.0 405.0
268.0 271.0 267.0 267.0
37.0 542.0 34.0 526.0
265.0 426.0 263.0 422.0
313.0 407.0 310.0 405.0
275.0 410.0 272.0 404.0
314.0 407.0 311.0 404.0
275.0 409.0 272.0 404.0
84.0 318.0 82.0 308.0
267.0 271.0 266.0 267.0
313.0 75.0 314.0 72.0
36.0 543.0 34.0 526.0
26.0 525.0 23.0 509.0
21.0 575.0 19.0 562.0
20.0 575.0 19.0 562.0
182.0 17.0 182.0 10.0
253.0 366.0 251.0 362.0
252.0 366.0 250.0 362.0
86.0 34.0 85.0 24.0
313.0 74.0 314.0 72.0
199.0 118.0 199.0 111.0
26.0 502.0 24.0 490.0
6.0 410.0 5.0 398.0
275.0 408.0 272.0 404.0
314.0 74.0 314.0 71.0
252.0 365.0 251.0 362.0
300.0 394.0 297.0 392.0
182.0 18.0 182.0 10.0
200.0 118.0 199.0 111.0
34.0 267.0 32.0 255.0
5.0 409.0 5.0 398.0
47.0 586.0 44.0 572.0
6.0 409.0 5.0 398.0
46.0 585.0 44.0 572.0
312.0 74.0 314.0 72.0
276.0 410.0 273.0 406.0
181.0 17.0 182.0 10.0
248.0 265.0 247.0 262.0
12.0 278.0 10.0 268.0
35.0 266.0 33.0 255.0
314.0 75.0 314.0 72.0
313.0 405.0 311.0 404.0
253.0 367.0 250.0 362.0
313.0 73.0 314.0 72.0
26.0 501.0 24.0 490.0
25.0 525.0 23.0 509.0
118.0 65.0 117.0 53.0
314.0 406.0 311.0 404.0
198.0 118.0 198.0 113.0
183.0 17.0 182.0 10.0
247.0 266.0 247.0 262.0
200.0 119.0 199.0 112.0
88.0 581.0 85.0 570.0
249.0 266.0 247.0 262.0
88.0 582.0 85.0 570.0
68.0 104.0 67.0 102.0
89.0 580.0 85.0 569.0
88.0 580.0 85.0 569.0
67.0 572.0 64.0 556.0
252.0 90.0 253.0 84.0
35.0 265.0 33.0 255.0
248.0 266.0 247.0 262.0
28.0 438.0 26.0 427.0
252.0 91.0 253.0 84.0
67.0 570.0 64.0 556.0
189.0 165.0 188.0 158.0
118.0 66.0 117.0 53.0
34.0 266.0 32.0 255.0
117.0 65.0 117.0 53.0
28.0 439.0 26.0 427.0
47.0 585.0 44.0 572.0
174.0 105.0 174.0 97.0
199.0 119.0 199.0 112.0
89.0 581.0 85.0 569.0
179.0 394.0 176.0 385.0
251.0 90.0 253.0 84.0
26.0 526.0 23.0 509.0
183.0 18.0 182.0 10.0
27.0 439.0 26.0 427.0
66.0 572.0 64.0 556.0
179.0 392.0 176.0 385.0
47.0 584.0 44.0 572.0
178.0 393.0 176.0 385.0
117.0 66.0 117.0 53.0
11.0 279.0 10.0 268.0
34.0 244.0 33.0 237.0
189.0 166.0 188.0 158.0
231.0 100.0 231.0 94.0
174.0 106.0 174.0 97.0
173.0 105.0 174.0 97.0
66.0 571.0 64.0 556.0
252.0 89.0 253.0 84.0
35.0 244.0 33.0 237.0
175.0 105.0 174.0 97.0
189.0 167.0 188.0 158.0
246.0 266.0 246.0 262.0
178.0 392.0 176.0 385.0
178.0 394.0 176.0 385.0
36.0 245.0 33.0 237.0
179.0 393.0 176.0 385.0
69.0 103.0 67.0 102.0
35.0 267.0 32.0 255.0
68.0 103.0 67.0 102.0
234.0 449.0 230.0 442.0
70.0 102.0 68.0 101.0
34.0 245.0 33.0 237.0
317.0 487.0 314.0 484.0
67.0 571.0 64.0 556.0
67.0 103.0 67.0 102.0
222.0 491.0 218.0 481.0
198.0 119.0 198.0 113.0
235.0 449.0 230.0 442.0
66.0 570.0 64.0 556.0
35.0 245.0 33.0 237.0
36.0 244.0 33.0 237.0
231.0 98.0 231.0 93.0
230.0 99.0 231.0 93.0
276.0 409.0 272.0 404.0
135.0 351.0 132.0 342.0
230.0 98.0 231.0 93.0
68.0 102.0 67.0 102.0
214.0 453.0 210.0 446.0
221.0 45.0 222.0 37.0
314.0 405.0 311.0 404.0
188.0 165.0 188.0 158.0
34.0 288.0 33.0 276.0
188.0 166.0 187.0 158.0
221.0 46.0 222.0 38.0
25.0 526.0 23.0 509.0
67.0 102.0 67.0 102.0
231.0 99.0 231.0 94.0
69.0 102.0 67.0 102.0
256.0 458.0 253.0 453.0
257.0 458.0 253.0 453.0
214.0 454.0 210.0 446.0
70.0 45.0 69.0 32.0
180.0 393.0 176.0 385.0
215.0 453.0 210.0 446.0
19.0 393.0 17.0 382.0
95.0 368.0 90.0 360.0
327.0 468.0 323.0 467.0
89.0 582.0 85.0 569.0
94.0 367.0 90.0 360.0
173.0 104.0 174.0 97.0
164.0 348.0 163.0 339.0
140.0 134.0 140.0 126.0
256.0 459.0 253.0 453.0
36.0 272.0 33.0 261.0
71.0 250.0 69.0 242.0
66.0 573.0 64.0 556.0
222.0 45.0 222.0 38.0
108.0 340.0 107.0 333.0
71.0 45.0 69.0 32.0
221.0 47.0 222.0 38.0
101.0 301.0 99.0 291.0
67.0 569.0 64.0 556.0
246.0 561.0 243.0 554.0
222.0 47.0 222.0 38.0
123.0 17.0 123.0 8.0
222.0 46.0 222.0 38.0
326.0 468.0 323.0 467.0
214.0 452.0 210.0 445.0
174.0 104.0 174.0 97.0
218.0 112.0 218.0 106.0
34.0 289.0 33.0 276.0
94.0 369.0 90.0 360.0
316.0 486.0 314.0 484.0
68.0 250.0 68.0 242.0
326.0 467.0 323.0 466.0
220.0 46.0 222.0 37.0
19.0 392.0 17.0 382.0
164.0 347.0 163.0 339.0
71.0 251.0 69.0 242.0
94.0 368.0 90.0 360.0
222.0 490.0 218.0 481.0
257.0 459.0 253.0 453.0
316.0 485.0 314.0 484.0
134.0 351.0 132.0 342.0
213.0 454.0 210.0 446.0
107.0 341.0 106.0 334.0
218.0 111.0 217.0 105.0
230.0 100.0 231.0 94.0
69.0 101.0 67.0 102.0
213.0 453.0 210.0 446.0
69.0 250.0 68.0 242.0
284.0 44.0 283.0 47.0
67.0 101.0 67.0 102.0
77.0 336.0 75.0 327.0
300.0 471.0 296.0 468.0
316.0 487.0 314.0 484.0
70.0 250.0 68.0 242.0
317.0 485.0 314.0 484.0
219.0 113.0 218.0 106.0
317.0 486.0 314.0 484.0
25.0 347.0 23.0 336.0
100.0 301.0 99.0 291.0
93.0 367.0 90.0 360.0
213.0 515.0 209.0 508.0
213.0 452.0 210.0 445.0
246.0 560.0 243.0 554.0
69.0 251.0 68.0 242.0
186.0 524.0 183.0 513.0
247.0 560.0 243.0 554.0
69.0 282.0 68.0 273.0
68.0 101.0 67.0 102.0
93.0 368.0 90.0 360.0
108.0 341.0 106.0 334.0
325.0 468.0 323.0 467.0
135.0 350.0 132.0 342.0
284.0 540.0 281.0 536.0
248.0 25.0 249.0 16.0
283.0 539.0 280.0 536.0
186.0 525.0 183.0 513.0
231.0 565.0 227.0 558.0
68.0 251.0 68.0 242.0
70.0 251.0 68.0 242.0
35.0 288.0 33.0 276.0
219.0 112.0 218.0 106.0
69.0 283.0 68.0 273.0
326.0 469.0 323.0 467.0
212.0 515.0 209.0 508.0
163.0 596.0 160.0 588.0
217.0 113.0 218.0 106.0
68.0 283.0 68.0 273.0
123.0 18.0 123.0 8.0
231.0 566.0 227.0 558.0
99.0 302.0 99.0 291.0
76.0 336.0 75.0 327.0
100.0 300.0 99.0 291.0
249.0 24.0 249.0 16.0
19.0 391.0 17.0 382.0
163.0 347.0 163.0 339.0
122.0 325.0 120.0 318.0
141.0 135.0 140.0 126.0
281.0 72.0 287.0 65.0
123.0 19.0 123.0 8.0
212.0 516.0 209.0 508.0
300.0 470.0 296.0 468.0
99.0 301.0 99.0 291.0
249.0 23.0 249.0 16.0
100.0 302.0 99.0 291.0
122.0 18.0 123.0 8.0
35.0 289.0 33.0 276.0
284.0 43.0 283.0 47.0
108.0 342.0 106.0 334.0
212.0 514.0 209.0 508.0
285.0 43.0 283.0 47.0
134.0 350.0 132.0 342.0
140.0 135.0 140.0 126.0
42.0 569.0 39.0 556.0
217.0 112.0 218.0 106.0
170.0 318.0 168.0 310.0
140.0 136.0 140.0 126.0
99.0 300.0 99.0 291.0
122.0 19.0 123.0 8.0
218.0 113.0 218.0 106.0
249.0 25.0 249.0 16.0
5.0 342.0 3.0 333.0
83.0 432.0 81.0 422.0
76.0 337.0 75.0 327.0
163.0 348.0 163.0 339.0
137.0 426.0 134.0 415.0
248.0 24.0 249.0 16.0
163.0 597.0 160.0 588.0
137.0 425.0 134.0 415.0
138.0 188.0 137.0 186.0
136.0 425.0 134.0 415.0
139.0 188.0 137.0 186.0
283.0 540.0 280.0 536.0
284.0 541.0 281.0 536.0
141.0 137.0 140.0 126.0
142.0 519.0 139.0 511.0
102.0 255.0 99.0 249.0
138.0 187.0 137.0 186.0
141.0 136.0 140.0 126.0
170.0 317.0 168.0 310.0
5.0 344.0 3.0 333.0
100.0 256.0 99.0 249.0
133.0 386.0 131.0 379.0
68.0 282.0 68.0 273.0
11.0 361.0 9.0 351.0
197.0 231.0 195.0 225.0
143.0 518.0 139.0 511.0
212.0 10.0 214.0 4.0
132.0 386.0 130.0 379.0
197.0 230.0 195.0 225.0
213.0 11.0 214.0 4.0
212.0 11.0 214.0 4.0
138.0 186.0 137.0 186.0
140.0 137.0 140.0 126.0
5.0 343.0 3.0 333.0
12.0 361.0 9.0 351.0
6.0 343.0 3.0 333.0
67.0 283.0 68.0 273.0
124.0 325.0 120.0 318.0
10.0 265.0 11.0 267.0
101.0 255.0 99.0 249.0
213.0 10.0 214.0 4.0
4.0 343.0 3.0 333.0
132.0 388.0 130.0 379.0
212.0 9.0 214.0 4.0
202.0 37.0 201.0 25.0
281.0 458.0 275.0 455.0
133.0 387.0 131.0 379.0
137.0 187.0 137.0 186.0
122.0 326.0 120.0 318.0
139.0 187.0 137.0 186.0
143.0 519.0 139.0 511.0
123.0 326.0 120.0 318.0
132.0 387.0 130.0 379.0
202.0 36.0 201.0 25.0
123.0 325.0 120.0 318.0
11.0 360.0 9.0 351.0
155.0 574.0 152.0 566.0
197.0 271.0 195.0 265.0
100.0 255.0 99.0 249.0
101.0 256.0 99.0 249.0
143.0 520.0 139.0 511.0
74.0 344.0 75.0 328.0
201.0 36.0 201.0 25.0
137.0 186.0 137.0 186.0
102.0 256.0 99.0 249.0
215.0 531.0 212.0 524.0
203.0 37.0 201.0 25.0
137.0 188.0 137.0 186.0
50.0 519.0 47.0 507.0
196.0 271.0 195.0 265.0
169.0 317.0 168.0 310.0
196.0 272.0 195.0 265.0
207.0 255.0 205.0 250.0
179.0 602.0 177.0 590.0
169.0 318.0 168.0 310.0
103.0 519.0 99.0 506.0
164.0 201.0 163.0 208.0
214.0 271.0 212.0 264.0
67.0 282.0 68.0 273.0
139.0 186.0 137.0 186.0
178.0 601.0 177.0 590.0
107.0 436.0 104.0 428.0
214.0 272.0 212.0 264.0
248.0 76.0 249.0 69.0
179.0 601.0 177.0 590.0
213.0 271.0 212.0 264.0
75.0 344.0 75.0 328.0
106.0 437.0 104.0 428.0
178.0 602.0 177.0 590.0
107.0 437.0 104.0 428.0
164.0 200.0 163.0 208.0
343.0 440.0 348.0 439.0
249.0 74.0 249.0 69.0
248.0 74.0 249.0 69.0
248.0 75.0 249.0 69.0
107.0 438.0 104.0 428.0
249.0 75.0 249.0 69.0
149.0 495.0 146.0 486.0
108.0 437.0 104.0 428.0
148.0 496.0 146.0 486.0
33.0 387.0 17.0 381.0
149.0 496.0 146.0 486.0
82.0 299.0 73.0 292.0
124.0 428.0 124.0 429.0
202.0 302.0 188.0 295.0
201.0 303.0 188.0 295.0
175.0 496.0 172.0 487.0
175.0 497.0 172.0 487.0
59.0 408.0 47.0 398.0
202.0 303.0 188.0 295.0
277.0 35.0 283.0 47.0
59.0 407.0 47.0 398.0
163.0 317.0 168.0 310.0
170.0 179.0 175.0 196.0
31.0 415.0 5.0 399.0
