16.0 140.0 16.0 138.0
15.0 140.0 16.0 138.0
16.0 139.0 16.0 138.0
25.0 87.0 25.0 86.0
25.0 86.0 25.0 85.0
26.0 87.0 25.0 86.0
330.0 535.0 331.0 521.0
37.0 79.0 37.0 77.0
15.0 139.0 15.0 138.0
26.0 86.0 26.0 85.0
58.0 84.0 58.0 82.0
16.0 138.0 16.0 137.0
20.0 189.0 20.0 185.0
25.0 88.0 25.0 86.0
59.0 84.0 58.0 83.0
331.0 534.0 331.0 521.0
93.0 7.0 92.0 6.0
38.0 79.0 37.0 77.0
138.0 232.0 137.0 228.0
93.0 6.0 92.0 6.0
19.0 189.0 20.0 185.0
330.0 536.0 331.0 521.0
136.0 233.0 136.0 227.0
453.0 13.0 448.0 11.0
137.0 232.0 137.0 228.0
176.0 246.0 177.0 241.0
164.0 17.0 162.0 16.0
354.0 67.0 350.0 64.0
428.0 322.0 428.0 312.0
52.0 24.0 51.0 23.0
26.0 88.0 25.0 86.0
90.0 106.0 88.0 101.0
245.0 192.0 243.0 186.0
15.0 138.0 15.0 137.0
160.0 213.0 160.0 209.0
136.0 232.0 136.0 228.0
19.0 190.0 20.0 186.0
430.0 322.0 428.0 312.0
429.0 321.0 428.0 312.0
431.0 322.0 430.0 312.0
453.0 14.0 448.0 11.0
94.0 7.0 92.0 6.0
94.0 8.0 92.0 6.0
245.0 191.0 243.0 186.0
93.0 8.0 92.0 6.0
90.0 105.0 89.0 101.0
430.0 321.0 429.0 312.0
94.0 6.0 92.0 6.0
226.0 189.0 225.0 183.0
226.0 188.0 225.0 183.0
164.0 612.0 167.0 603.0
331.0 181.0 331.0 176.0
27.0 87.0 26.0 85.0
429.0 322.0 428.0 312.0
164.0 613.0 167.0 603.0
137.0 233.0 137.0 228.0
52.0 25.0 51.0 23.0
176.0 247.0 177.0 241.0
246.0 191.0 243.0 186.0
168.0 104.0 166.0 100.0
89.0 105.0 88.0 101.0
6.0 513.0 9.0 509.0
169.0 105.0 166.0 100.0
332.0 181.0 331.0 176.0
51.0 25.0 50.0 23.0
274.0 11.0 269.0 6.0
91.0 105.0 89.0 101.0
354.0 66.0 350.0 64.0
315.0 159.0 314.0 154.0
237.0 50.0 234.0 46.0
331.0 182.0 331.0 176.0
315.0 158.0 314.0 154.0
92.0 7.0 92.0 6.0
237.0 49.0 235.0 46.0
246.0 192.0 243.0 186.0
60.0 84.0 58.0 83.0
401.0 158.0 398.0 153.0
90.0 104.0 89.0 101.0
226.0 36.0 223.0 33.0
454.0 14.0 448.0 11.0
95.0 7.0 92.0 6.0
227.0 36.0 223.0 33.0
401.0 159.0 398.0 153.0
161.0 211.0 160.0 207.0
316.0 158.0 314.0 154.0
202.0 196.0 201.0 190.0
160.0 212.0 160.0 207.0
317.0 159.0 314.0 154.0
167.0 104.0 166.0 100.0
76.0 47.0 75.0 46.0
95.0 70.0 94.0 69.0
354.0 109.0 351.0 106.0
230.0 174.0 229.0 169.0
70.0 145.0 69.0 143.0
413.0 128.0 410.0 123.0
161.0 212.0 160.0 208.0
316.0 159.0 314.0 154.0
96.0 71.0 95.0 68.0
400.0 159.0 398.0 153.0
400.0 158.0 398.0 153.0
51.0 26.0 50.0 23.0
203.0 196.0 201.0 190.0
430.0 323.0 430.0 313.0
208.0 365.0 208.0 356.0
17.0 481.0 20.0 476.0
160.0 211.0 160.0 207.0
167.0 105.0 166.0 100.0
227.0 37.0 223.0 33.0
168.0 105.0 166.0 100.0
231.0 175.0 229.0 170.0
331.0 184.0 331.0 176.0
379.0 142.0 374.0 138.0
429.0 323.0 428.0 312.0
333.0 182.0 331.0 176.0
275.0 11.0 270.0 7.0
5.0 514.0 9.0 509.0
104.0 316.0 105.0 312.0
236.0 49.0 234.0 46.0
33.0 400.0 35.0 398.0
314.0 159.0 314.0 154.0
314.0 158.0 314.0 154.0
68.0 230.0 68.0 225.0
161.0 213.0 160.0 208.0
105.0 316.0 106.0 312.0
6.0 514.0 9.0 509.0
7.0 514.0 9.0 509.0
454.0 13.0 448.0 11.0
274.0 10.0 270.0 7.0
331.0 183.0 331.0 176.0
111.0 296.0 111.0 292.0
230.0 175.0 229.0 169.0
332.0 182.0 331.0 176.0
354.0 108.0 351.0 106.0
111.0 295.0 111.0 292.0
32.0 400.0 35.0 398.0
199.0 470.0 201.0 462.0
110.0 296.0 111.0 292.0
92.0 149.0 92.0 145.0
225.0 515.0 227.0 504.0
275.0 10.0 270.0 7.0
226.0 37.0 223.0 33.0
95.0 69.0 95.0 67.0
96.0 70.0 95.0 67.0
355.0 66.0 350.0 64.0
70.0 146.0 69.0 143.0
273.0 10.0 269.0 6.0
17.0 482.0 20.0 476.0
111.0 294.0 111.0 291.0
104.0 315.0 105.0 312.0
118.0 71.0 117.0 69.0
228.0 74.0 225.0 68.0
53.0 26.0 51.0 24.0
52.0 26.0 51.0 24.0
207.0 365.0 208.0 356.0
105.0 315.0 106.0 312.0
53.0 25.0 51.0 24.0
96.0 69.0 95.0 67.0
379.0 143.0 374.0 138.0
73.0 252.0 73.0 248.0
355.0 109.0 352.0 105.0
236.0 50.0 234.0 46.0
32.0 401.0 35.0 398.0
17.0 483.0 20.0 476.0
31.0 103.0 32.0 103.0
12.0 628.0 17.0 622.0
73.0 251.0 73.0 248.0
230.0 176.0 229.0 170.0
333.0 183.0 331.0 178.0
8.0 384.0 11.0 380.0
91.0 104.0 89.0 101.0
231.0 176.0 229.0 170.0
203.0 195.0 201.0 190.0
332.0 183.0 331.0 176.0
225.0 514.0 227.0 504.0
76.0 46.0 75.0 46.0
76.0 147.0 76.0 144.0
162.0 212.0 161.0 208.0
31.0 104.0 32.0 103.0
413.0 126.0 409.0 122.0
120.0 99.0 118.0 95.0
378.0 143.0 374.0 138.0
6.0 515.0 9.0 509.0
72.0 252.0 73.0 248.0
97.0 70.0 95.0 67.0
7.0 515.0 9.0 509.0
200.0 472.0 201.0 462.0
413.0 127.0 410.0 123.0
47.0 197.0 47.0 195.0
245.0 193.0 243.0 186.0
229.0 74.0 226.0 68.0
202.0 197.0 201.0 190.0
225.0 513.0 227.0 502.0
7.0 384.0 11.0 380.0
110.0 295.0 111.0 292.0
330.0 139.0 327.0 138.0
412.0 127.0 410.0 123.0
246.0 193.0 243.0 186.0
217.0 538.0 218.0 526.0
51.0 377.0 53.0 372.0
148.0 169.0 147.0 163.0
199.0 472.0 201.0 462.0
91.0 149.0 92.0 145.0
205.0 102.0 203.0 98.0
205.0 103.0 203.0 98.0
200.0 471.0 201.0 462.0
72.0 251.0 73.0 247.0
90.0 149.0 90.0 145.0
229.0 73.0 226.0 68.0
225.0 516.0 227.0 504.0
412.0 128.0 410.0 123.0
186.0 365.0 186.0 357.0
208.0 55.0 205.0 51.0
13.0 629.0 17.0 622.0
205.0 104.0 203.0 98.0
224.0 515.0 227.0 504.0
412.0 126.0 409.0 122.0
355.0 108.0 352.0 104.0
120.0 98.0 118.0 95.0
185.0 365.0 186.0 357.0
186.0 366.0 186.0 357.0
204.0 105.0 203.0 98.0
199.0 471.0 201.0 462.0
199.0 473.0 201.0 462.0
208.0 54.0 205.0 51.0
79.0 379.0 81.0 373.0
16.0 483.0 20.0 476.0
185.0 366.0 186.0 357.0
69.0 196.0 68.0 191.0
68.0 196.0 68.0 191.0
50.0 378.0 53.0 372.0
120.0 278.0 121.0 274.0
76.0 148.0 76.0 144.0
203.0 197.0 201.0 190.0
47.0 196.0 47.0 195.0
204.0 102.0 203.0 98.0
19.0 443.0 22.0 437.0
19.0 444.0 22.0 437.0
79.0 542.0 83.0 532.0
68.0 197.0 68.0 191.0
121.0 278.0 121.0 274.0
148.0 168.0 147.0 163.0
204.0 103.0 203.0 98.0
198.0 471.0 201.0 462.0
12.0 629.0 17.0 622.0
49.0 377.0 52.0 372.0
78.0 379.0 81.0 373.0
50.0 377.0 53.0 372.0
209.0 54.0 205.0 51.0
204.0 104.0 203.0 98.0
198.0 472.0 201.0 462.0
11.0 629.0 17.0 622.0
209.0 581.0 211.0 571.0
49.0 378.0 51.0 373.0
60.0 445.0 63.0 439.0
23.0 553.0 26.0 546.0
19.0 442.0 22.0 437.0
463.0 100.0 459.0 96.0
184.0 366.0 186.0 357.0
50.0 376.0 52.0 371.0
209.0 56.0 205.0 51.0
208.0 56.0 205.0 51.0
81.0 386.0 83.0 381.0
209.0 55.0 205.0 51.0
22.0 553.0 26.0 546.0
68.0 198.0 69.0 193.0
121.0 279.0 121.0 274.0
81.0 387.0 83.0 381.0
20.0 442.0 22.0 437.0
63.0 572.0 67.0 561.0
165.0 124.0 163.0 121.0
236.0 51.0 234.0 46.0
463.0 99.0 459.0 96.0
51.0 527.0 55.0 520.0
104.0 223.0 105.0 217.0
12.0 630.0 17.0 622.0
148.0 167.0 147.0 163.0
20.0 443.0 22.0 437.0
69.0 197.0 68.0 191.0
120.0 279.0 121.0 274.0
83.0 231.0 84.0 226.0
22.0 554.0 25.0 547.0
165.0 125.0 164.0 121.0
164.0 125.0 163.0 121.0
209.0 580.0 211.0 571.0
80.0 387.0 83.0 381.0
85.0 230.0 85.0 226.0
79.0 543.0 82.0 533.0
105.0 222.0 105.0 217.0
173.0 146.0 171.0 144.0
84.0 230.0 84.0 226.0
22.0 552.0 26.0 546.0
60.0 446.0 63.0 439.0
173.0 147.0 171.0 144.0
64.0 572.0 67.0 561.0
109.0 471.0 111.0 463.0
173.0 148.0 171.0 144.0
84.0 231.0 84.0 226.0
203.0 76.0 198.0 74.0
52.0 528.0 56.0 520.0
63.0 571.0 67.0 561.0
51.0 528.0 56.0 520.0
84.0 229.0 84.0 225.0
78.0 544.0 82.0 533.0
104.0 222.0 105.0 217.0
105.0 223.0 105.0 217.0
83.0 230.0 84.0 226.0
204.0 76.0 197.0 75.0
34.0 463.0 37.0 458.0
105.0 221.0 105.0 217.0
104.0 221.0 105.0 217.0
80.0 542.0 83.0 532.0
172.0 147.0 171.0 144.0
90.0 606.0 93.0 597.0
108.0 471.0 111.0 463.0
172.0 146.0 171.0 144.0
91.0 606.0 93.0 597.0
64.0 571.0 68.0 561.0
91.0 605.0 93.0 597.0
164.0 126.0 163.0 121.0
172.0 148.0 171.0 144.0
156.0 487.0 153.0 482.0
80.0 543.0 83.0 532.0
90.0 605.0 93.0 597.0
203.0 75.0 198.0 74.0
87.0 449.0 87.0 443.0
475.0 86.0 471.0 82.0
90.0 607.0 93.0 597.0
63.0 570.0 67.0 561.0
52.0 527.0 56.0 520.0
47.0 435.0 50.0 429.0
79.0 544.0 83.0 534.0
154.0 465.0 159.0 459.0
476.0 86.0 471.0 82.0
165.0 126.0 164.0 121.0
204.0 75.0 198.0 74.0
65.0 570.0 68.0 561.0
137.0 341.0 139.0 335.0
475.0 88.0 471.0 82.0
476.0 88.0 471.0 82.0
64.0 570.0 68.0 561.0
471.0 255.0 469.0 250.0
475.0 87.0 471.0 82.0
278.0 598.0 280.0 588.0
52.0 526.0 55.0 518.0
476.0 87.0 471.0 82.0
109.0 149.0 109.0 145.0
75.0 409.0 78.0 405.0
53.0 527.0 56.0 520.0
164.0 127.0 163.0 121.0
277.0 601.0 280.0 588.0
196.0 154.0 196.0 148.0
53.0 528.0 56.0 520.0
279.0 599.0 280.0 588.0
278.0 599.0 280.0 588.0
75.0 410.0 77.0 405.0
277.0 599.0 280.0 588.0
278.0 601.0 280.0 588.0
277.0 600.0 280.0 588.0
279.0 600.0 280.0 588.0
360.0 75.0 350.0 64.0
196.0 153.0 196.0 148.0
197.0 154.0 196.0 148.0
110.0 149.0 110.0 145.0
278.0 600.0 280.0 588.0
109.0 150.0 109.0 145.0
75.0 267.0 72.0 248.0
75.0 411.0 78.0 403.0
105.0 332.0 106.0 313.0
359.0 76.0 350.0 64.0
74.0 410.0 77.0 405.0
106.0 333.0 106.0 313.0
44.0 586.0 48.0 579.0
138.0 134.0 137.0 138.0
110.0 150.0 110.0 145.0
111.0 149.0 110.0 145.0
138.0 135.0 137.0 138.0
105.0 333.0 106.0 313.0
197.0 153.0 196.0 148.0
111.0 150.0 110.0 145.0
104.0 333.0 106.0 313.0
346.0 104.0 350.0 104.0
104.0 334.0 106.0 313.0
108.0 41.0 100.0 27.0
369.0 151.0 373.0 138.0
105.0 334.0 106.0 313.0
231.0 66.0 226.0 68.0
139.0 134.0 137.0 138.0
21.0 62.0 27.0 50.0
232.0 66.0 226.0 68.0
155.0 377.0 149.0 364.0
155.0 378.0 149.0 364.0
232.0 65.0 226.0 68.0
368.0 151.0 373.0 138.0
369.0 152.0 373.0 138.0
231.0 65.0 226.0 68.0
42.0 592.0 48.0 579.0
34.0 29.0 37.0 10.0
151.0 3.0 162.0 15.0
231.0 64.0 226.0 68.0
151.0 2.0 162.0 15.0
62.0 96.0 58.0 83.0
35.0 29.0 37.0 10.0
72.0 436.0 78.0 426.0
71.0 436.0 78.0 426.0
232.0 64.0 226.0 68.0
368.0 152.0 373.0 138.0
71.0 437.0 78.0 426.0
20.0 505.0 10.0 508.0
59.0 416.0 78.0 406.0
59.0 415.0 78.0 406.0
63.0 96.0 58.0 83.0
20.0 504.0 10.0 508.0
44.0 64.0 37.0 77.0
58.0 416.0 78.0 406.0
41.0 592.0 47.0 580.0
368.0 153.0 373.0 138.0
21.0 504.0 10.0 508.0
62.0 7.0 51.0 23.0
45.0 64.0 37.0 77.0
21.0 505.0 10.0 508.0
159.0 448.0 159.0 458.0
27.0 458.0 37.0 457.0
