318.0 512.0 320.0 496.0
233.0 151.0 237.0 137.0
233.0 152.0 237.0 137.0
233.0 153.0 237.0 137.0
232.0 152.0 237.0 137.0
318.0 121.0 323.0 105.0
312.0 528.0 314.0 511.0
232.0 153.0 237.0 137.0
404.0 106.0 411.0 92.0
110.0 98.0 113.0 82.0
311.0 527.0 313.0 511.0
319.0 512.0 320.0 496.0
84.0 500.0 89.0 482.0
317.0 120.0 323.0 105.0
404.0 105.0 411.0 92.0
63.0 280.0 68.0 264.0
403.0 107.0 410.0 93.0
318.0 120.0 324.0 104.0
369.0 464.0 371.0 451.0
403.0 106.0 410.0 92.0
403.0 105.0 410.0 92.0
318.0 511.0 320.0 495.0
313.0 528.0 314.0 512.0
317.0 511.0 319.0 495.0
63.0 281.0 68.0 264.0
65.0 374.0 68.0 359.0
312.0 527.0 313.0 511.0
370.0 464.0 371.0 451.0
109.0 99.0 112.0 82.0
110.0 99.0 113.0 82.0
86.0 398.0 90.0 382.0
63.0 279.0 68.0 264.0
404.0 108.0 410.0 93.0
46.0 416.0 48.0 400.0
404.0 107.0 411.0 92.0
45.0 416.0 48.0 399.0
46.0 417.0 48.0 400.0
110.0 100.0 113.0 83.0
109.0 100.0 113.0 83.0
317.0 510.0 319.0 494.0
45.0 417.0 48.0 400.0
249.0 388.0 252.0 375.0
209.0 141.0 212.0 126.0
115.0 354.0 118.0 337.0
45.0 418.0 48.0 400.0
405.0 107.0 411.0 92.0
405.0 106.0 411.0 92.0
62.0 280.0 68.0 264.0
405.0 105.0 411.0 92.0
306.0 99.0 312.0 84.0
210.0 142.0 212.0 126.0
46.0 418.0 48.0 400.0
263.0 295.0 266.0 282.0
75.0 350.0 78.0 334.0
86.0 397.0 90.0 382.0
314.0 528.0 315.0 512.0
249.0 389.0 252.0 375.0
66.0 374.0 68.0 359.0
60.0 74.0 61.0 55.0
305.0 99.0 312.0 84.0
114.0 354.0 118.0 337.0
262.0 295.0 266.0 282.0
85.0 398.0 90.0 382.0
75.0 349.0 78.0 334.0
27.0 273.0 31.0 257.0
76.0 349.0 78.0 334.0
210.0 141.0 212.0 126.0
62.0 281.0 68.0 264.0
317.0 509.0 319.0 494.0
263.0 294.0 266.0 282.0
210.0 482.0 213.0 464.0
318.0 510.0 320.0 495.0
27.0 274.0 31.0 257.0
313.0 526.0 314.0 511.0
76.0 350.0 78.0 335.0
267.0 453.0 268.0 437.0
86.0 399.0 90.0 383.0
85.0 397.0 90.0 382.0
110.0 101.0 113.0 83.0
210.0 480.0 213.0 463.0
60.0 73.0 61.0 55.0
274.0 431.0 276.0 418.0
115.0 353.0 118.0 337.0
318.0 509.0 319.0 494.0
84.0 397.0 89.0 381.0
313.0 527.0 314.0 511.0
210.0 140.0 212.0 126.0
305.0 98.0 312.0 83.0
210.0 481.0 213.0 464.0
167.0 136.0 170.0 119.0
114.0 355.0 118.0 339.0
305.0 100.0 312.0 84.0
266.0 453.0 267.0 437.0
274.0 432.0 276.0 418.0
262.0 293.0 266.0 281.0
80.0 72.0 82.0 52.0
67.0 374.0 69.0 358.0
106.0 388.0 110.0 370.0
95.0 283.0 98.0 269.0
115.0 355.0 118.0 339.0
304.0 99.0 312.0 84.0
85.0 399.0 90.0 382.0
299.0 115.0 304.0 99.0
263.0 293.0 266.0 281.0
273.0 432.0 276.0 418.0
84.0 399.0 90.0 382.0
266.0 452.0 267.0 437.0
312.0 526.0 314.0 511.0
273.0 434.0 275.0 419.0
80.0 71.0 82.0 52.0
107.0 388.0 110.0 370.0
314.0 527.0 314.0 511.0
304.0 100.0 312.0 84.0
273.0 431.0 276.0 418.0
116.0 354.0 118.0 339.0
264.0 294.0 266.0 281.0
273.0 509.0 277.0 493.0
209.0 480.0 213.0 463.0
116.0 355.0 118.0 339.0
304.0 98.0 312.0 83.0
248.0 389.0 251.0 375.0
84.0 398.0 88.0 381.0
262.0 294.0 266.0 281.0
95.0 281.0 98.0 268.0
248.0 388.0 251.0 374.0
166.0 136.0 170.0 119.0
212.0 77.0 217.0 59.0
248.0 387.0 252.0 375.0
267.0 452.0 268.0 437.0
298.0 116.0 304.0 99.0
299.0 116.0 304.0 99.0
273.0 510.0 277.0 493.0
118.0 336.0 123.0 321.0
195.0 69.0 198.0 53.0
25.0 583.0 29.0 562.0
26.0 320.0 28.0 303.0
166.0 135.0 170.0 119.0
298.0 115.0 303.0 99.0
131.0 287.0 135.0 273.0
209.0 481.0 213.0 464.0
209.0 482.0 212.0 465.0
273.0 433.0 276.0 418.0
274.0 433.0 276.0 418.0
94.0 283.0 98.0 269.0
77.0 350.0 79.0 334.0
107.0 389.0 110.0 370.0
58.0 312.0 61.0 297.0
167.0 135.0 170.0 119.0
27.0 320.0 30.0 304.0
278.0 485.0 280.0 469.0
182.0 193.0 186.0 177.0
224.0 125.0 228.0 109.0
167.0 134.0 170.0 119.0
130.0 287.0 135.0 273.0
113.0 286.0 117.0 271.0
112.0 285.0 116.0 271.0
113.0 287.0 117.0 271.0
316.0 487.0 319.0 472.0
224.0 124.0 228.0 109.0
142.0 583.0 145.0 561.0
119.0 336.0 123.0 321.0
178.0 330.0 181.0 314.0
120.0 336.0 123.0 321.0
94.0 281.0 98.0 268.0
95.0 282.0 98.0 268.0
278.0 486.0 280.0 470.0
297.0 115.0 303.0 99.0
26.0 318.0 28.0 303.0
94.0 282.0 98.0 268.0
25.0 320.0 28.0 303.0
224.0 123.0 228.0 109.0
26.0 297.0 29.0 281.0
26.0 319.0 28.0 303.0
194.0 69.0 198.0 53.0
24.0 583.0 29.0 562.0
297.0 116.0 303.0 99.0
166.0 134.0 170.0 119.0
25.0 319.0 28.0 303.0
113.0 285.0 117.0 271.0
279.0 487.0 280.0 470.0
212.0 78.0 217.0 59.0
278.0 487.0 280.0 470.0
81.0 544.0 85.0 525.0
279.0 486.0 280.0 470.0
26.0 296.0 29.0 281.0
213.0 77.0 217.0 59.0
213.0 78.0 217.0 59.0
194.0 68.0 198.0 53.0
25.0 584.0 29.0 562.0
287.0 449.0 291.0 435.0
23.0 584.0 29.0 562.0
24.0 584.0 29.0 562.0
223.0 125.0 228.0 109.0
183.0 193.0 186.0 177.0
27.0 319.0 30.0 304.0
195.0 68.0 198.0 53.0
112.0 286.0 116.0 271.0
188.0 428.0 192.0 411.0
25.0 296.0 29.0 281.0
120.0 335.0 123.0 320.0
79.0 544.0 84.0 524.0
80.0 545.0 85.0 525.0
223.0 124.0 228.0 109.0
179.0 330.0 181.0 314.0
183.0 194.0 186.0 177.0
327.0 491.0 329.0 477.0
213.0 76.0 217.0 59.0
130.0 286.0 135.0 273.0
25.0 297.0 29.0 281.0
134.0 45.0 136.0 24.0
27.0 303.0 29.0 281.0
108.0 382.0 110.0 370.0
326.0 492.0 329.0 477.0
80.0 543.0 84.0 525.0
80.0 544.0 84.0 525.0
25.0 585.0 29.0 562.0
327.0 492.0 329.0 477.0
91.0 330.0 94.0 317.0
326.0 491.0 329.0 477.0
188.0 429.0 192.0 411.0
214.0 77.0 217.0 59.0
133.0 165.0 136.0 149.0
82.0 373.0 86.0 358.0
92.0 330.0 94.0 317.0
195.0 67.0 198.0 53.0
133.0 167.0 136.0 151.0
179.0 331.0 181.0 314.0
83.0 373.0 86.0 358.0
25.0 413.0 31.0 394.0
79.0 545.0 84.0 525.0
166.0 133.0 170.0 118.0
26.0 303.0 29.0 281.0
120.0 337.0 124.0 321.0
133.0 166.0 136.0 151.0
134.0 166.0 136.0 149.0
24.0 585.0 29.0 562.0
133.0 292.0 135.0 273.0
17.0 473.0 22.0 454.0
92.0 331.0 94.0 317.0
55.0 611.0 60.0 592.0
83.0 372.0 86.0 358.0
134.0 167.0 136.0 151.0
136.0 556.0 141.0 537.0
130.0 435.0 133.0 419.0
130.0 436.0 133.0 419.0
91.0 331.0 94.0 317.0
108.0 381.0 110.0 370.0
26.0 414.0 31.0 394.0
22.0 37.0 24.0 16.0
382.0 55.0 387.0 40.0
207.0 297.0 210.0 283.0
135.0 556.0 141.0 537.0
131.0 435.0 133.0 419.0
129.0 435.0 133.0 419.0
25.0 414.0 31.0 394.0
56.0 611.0 60.0 592.0
21.0 37.0 24.0 16.0
56.0 610.0 60.0 590.0
204.0 41.0 208.0 24.0
22.0 38.0 24.0 16.0
207.0 296.0 210.0 283.0
382.0 56.0 387.0 40.0
153.0 48.0 157.0 30.0
136.0 555.0 141.0 537.0
196.0 326.0 199.0 311.0
135.0 555.0 141.0 537.0
195.0 327.0 199.0 311.0
196.0 327.0 199.0 311.0
207.0 295.0 210.0 283.0
129.0 436.0 133.0 419.0
381.0 55.0 387.0 40.0
21.0 38.0 24.0 16.0
8.0 618.0 15.0 594.0
381.0 56.0 387.0 40.0
195.0 326.0 199.0 311.0
68.0 489.0 73.0 465.0
34.0 626.0 38.0 604.0
94.0 572.0 97.0 562.0
68.0 367.0 69.0 358.0
398.0 31.0 399.0 26.0
117.0 53.0 119.0 34.0
69.0 367.0 69.0 358.0
397.0 31.0 399.0 26.0
397.0 30.0 399.0 26.0
197.0 327.0 199.0 311.0
35.0 626.0 38.0 604.0
116.0 52.0 119.0 34.0
80.0 355.0 79.0 335.0
397.0 29.0 399.0 26.0
94.0 570.0 97.0 562.0
94.0 571.0 97.0 562.0
34.0 627.0 38.0 604.0
380.0 55.0 387.0 40.0
175.0 49.0 179.0 30.0
380.0 56.0 387.0 40.0
66.0 80.0 62.0 56.0
65.0 80.0 62.0 56.0
398.0 30.0 399.0 26.0
398.0 29.0 399.0 26.0
35.0 627.0 38.0 604.0
115.0 53.0 119.0 34.0
116.0 53.0 119.0 34.0
9.0 622.0 15.0 594.0
68.0 366.0 69.0 358.0
69.0 366.0 69.0 358.0
95.0 570.0 97.0 562.0
81.0 355.0 79.0 335.0
95.0 571.0 97.0 562.0
116.0 54.0 119.0 34.0
115.0 54.0 119.0 34.0
222.0 137.0 228.0 110.0
68.0 365.0 78.0 335.0
65.0 81.0 62.0 56.0
81.0 356.0 79.0 335.0
24.0 431.0 13.0 406.0
69.0 365.0 78.0 335.0
96.0 571.0 97.0 562.0
222.0 138.0 214.0 125.0
207.0 374.0 214.0 348.0
5.0 276.0 6.0 289.0
5.0 277.0 6.0 289.0
4.0 276.0 6.0 289.0
4.0 277.0 6.0 289.0
37.0 602.0 37.0 586.0
189.0 541.0 185.0 532.0
25.0 431.0 13.0 406.0
8.0 3.0 24.0 16.0
7.0 3.0 24.0 16.0
6.0 4.0 24.0 16.0
7.0 2.0 24.0 16.0
7.0 4.0 24.0 16.0
190.0 541.0 185.0 532.0
