257.0 448.0 234.0 445.0
181.0 585.0 157.0 586.0
182.0 585.0 157.0 586.0
179.0 565.0 154.0 568.0
357.0 326.0 329.0 321.0
182.0 584.0 157.0 586.0
209.0 450.0 188.0 450.0
289.0 393.0 264.0 390.0
234.0 244.0 210.0 244.0
210.0 451.0 188.0 450.0
258.0 447.0 234.0 445.0
358.0 326.0 330.0 321.0
210.0 450.0 188.0 450.0
290.0 393.0 264.0 390.0
178.0 565.0 154.0 568.0
179.0 566.0 154.0 568.0
181.0 584.0 156.0 586.0
178.0 566.0 154.0 568.0
267.0 252.0 242.0 252.0
156.0 316.0 131.0 320.0
258.0 448.0 234.0 445.0
183.0 585.0 157.0 586.0
124.0 300.0 98.0 303.0
425.0 426.0 394.0 414.0
156.0 317.0 132.0 320.0
266.0 252.0 242.0 252.0
211.0 450.0 188.0 450.0
212.0 395.0 192.0 394.0
266.0 251.0 242.0 252.0
224.0 426.0 202.0 425.0
179.0 567.0 154.0 568.0
218.0 552.0 194.0 552.0
178.0 567.0 154.0 568.0
124.0 299.0 98.0 303.0
209.0 449.0 188.0 450.0
214.0 395.0 193.0 393.0
217.0 552.0 193.0 552.0
426.0 426.0 394.0 414.0
426.0 425.0 394.0 414.0
224.0 425.0 201.0 425.0
214.0 396.0 193.0 394.0
424.0 425.0 394.0 414.0
164.0 560.0 139.0 560.0
243.0 636.0 218.0 633.0
159.0 294.0 138.0 296.0
425.0 425.0 394.0 414.0
223.0 425.0 201.0 425.0
123.0 299.0 98.0 303.0
210.0 449.0 188.0 450.0
70.0 191.0 51.0 195.0
225.0 426.0 202.0 425.0
70.0 192.0 51.0 195.0
337.0 405.0 311.0 401.0
237.0 615.0 212.0 614.0
160.0 475.0 138.0 475.0
213.0 396.0 192.0 394.0
218.0 553.0 194.0 552.0
123.0 300.0 98.0 303.0
161.0 394.0 140.0 392.0
159.0 295.0 138.0 296.0
310.0 435.0 284.0 431.0
226.0 592.0 204.0 592.0
235.0 615.0 210.0 614.0
213.0 395.0 192.0 394.0
212.0 396.0 192.0 394.0
163.0 560.0 138.0 561.0
217.0 553.0 193.0 552.0
162.0 394.0 141.0 393.0
68.0 192.0 49.0 195.0
224.0 424.0 201.0 424.0
259.0 448.0 235.0 446.0
108.0 390.0 87.0 394.0
165.0 560.0 139.0 561.0
160.0 294.0 138.0 296.0
160.0 293.0 138.0 296.0
160.0 295.0 138.0 296.0
197.0 111.0 178.0 116.0
69.0 191.0 49.0 195.0
336.0 405.0 311.0 401.0
197.0 112.0 178.0 116.0
163.0 394.0 142.0 393.0
219.0 487.0 191.0 487.0
204.0 359.0 181.0 359.0
69.0 192.0 51.0 195.0
292.0 76.0 266.0 79.0
129.0 300.0 98.0 302.0
243.0 487.0 220.0 486.0
227.0 592.0 204.0 592.0
109.0 390.0 87.0 394.0
335.0 405.0 311.0 401.0
293.0 491.0 269.0 486.0
225.0 425.0 202.0 425.0
236.0 616.0 210.0 614.0
159.0 475.0 137.0 475.0
291.0 76.0 266.0 79.0
242.0 488.0 220.0 486.0
237.0 616.0 212.0 614.0
241.0 488.0 220.0 486.0
268.0 608.0 244.0 602.0
337.0 406.0 311.0 401.0
226.0 425.0 202.0 424.0
266.0 591.0 242.0 589.0
145.0 143.0 124.0 146.0
268.0 607.0 244.0 602.0
306.0 512.0 282.0 507.0
109.0 392.0 88.0 394.0
336.0 406.0 311.0 401.0
335.0 406.0 311.0 401.0
243.0 488.0 221.0 487.0
198.0 112.0 178.0 116.0
108.0 391.0 87.0 394.0
236.0 615.0 210.0 614.0
163.0 395.0 142.0 393.0
110.0 390.0 88.0 394.0
242.0 487.0 220.0 486.0
108.0 392.0 87.0 394.0
158.0 475.0 137.0 475.0
145.0 142.0 124.0 146.0
283.0 437.0 258.0 432.0
146.0 142.0 124.0 146.0
316.0 48.0 290.0 52.0
294.0 491.0 269.0 486.0
419.0 330.0 392.0 324.0
198.0 111.0 178.0 116.0
265.0 591.0 242.0 589.0
146.0 143.0 124.0 146.0
225.0 424.0 202.0 424.0
109.0 391.0 88.0 394.0
110.0 391.0 88.0 394.0
290.0 76.0 266.0 79.0
179.0 373.0 155.0 377.0
416.0 371.0 385.0 360.0
130.0 300.0 98.0 302.0
283.0 436.0 258.0 432.0
294.0 490.0 269.0 486.0
317.0 46.0 290.0 52.0
267.0 608.0 244.0 602.0
266.0 592.0 242.0 589.0
307.0 513.0 283.0 509.0
130.0 299.0 98.0 302.0
317.0 48.0 290.0 52.0
316.0 47.0 290.0 52.0
265.0 592.0 242.0 589.0
125.0 534.0 96.0 537.0
203.0 360.0 181.0 359.0
181.0 104.0 160.0 111.0
125.0 535.0 96.0 537.0
204.0 358.0 181.0 359.0
198.0 110.0 178.0 116.0
182.0 104.0 160.0 111.0
292.0 75.0 266.0 79.0
144.0 143.0 124.0 146.0
306.0 513.0 283.0 509.0
306.0 514.0 281.0 508.0
291.0 75.0 266.0 79.0
199.0 111.0 178.0 116.0
264.0 591.0 242.0 589.0
181.0 105.0 160.0 111.0
180.0 105.0 160.0 111.0
210.0 486.0 191.0 487.0
290.0 75.0 266.0 79.0
325.0 306.0 302.0 304.0
43.0 621.0 22.0 626.0
213.0 374.0 190.0 375.0
305.0 513.0 281.0 508.0
67.0 231.0 48.0 235.0
66.0 557.0 43.0 560.0
64.0 557.0 43.0 560.0
407.0 550.0 379.0 538.0
212.0 486.0 191.0 487.0
317.0 47.0 290.0 52.0
282.0 437.0 258.0 432.0
65.0 557.0 43.0 560.0
147.0 142.0 124.0 146.0
266.0 608.0 244.0 602.0
324.0 305.0 302.0 304.0
125.0 533.0 96.0 537.0
295.0 490.0 269.0 486.0
295.0 491.0 269.0 486.0
147.0 143.0 124.0 146.0
289.0 76.0 266.0 79.0
66.0 556.0 43.0 560.0
203.0 359.0 181.0 359.0
65.0 556.0 43.0 560.0
325.0 305.0 302.0 304.0
408.0 551.0 379.0 538.0
148.0 142.0 124.0 146.0
318.0 46.0 290.0 52.0
126.0 534.0 96.0 537.0
154.0 193.0 130.0 201.0
44.0 620.0 22.0 626.0
318.0 47.0 290.0 52.0
203.0 358.0 181.0 359.0
60.0 294.0 40.0 298.0
266.0 609.0 244.0 602.0
160.0 261.0 140.0 263.0
67.0 232.0 48.0 235.0
160.0 262.0 140.0 263.0
211.0 486.0 191.0 487.0
161.0 261.0 140.0 263.0
45.0 620.0 22.0 626.0
153.0 192.0 130.0 201.0
66.0 232.0 48.0 235.0
161.0 234.0 140.0 238.0
285.0 333.0 262.0 330.0
126.0 535.0 96.0 537.0
202.0 359.0 181.0 359.0
180.0 372.0 155.0 377.0
43.0 620.0 22.0 626.0
160.0 260.0 139.0 263.0
283.0 313.0 254.0 312.0
324.0 306.0 302.0 304.0
407.0 551.0 379.0 538.0
153.0 193.0 130.0 201.0
127.0 534.0 96.0 537.0
416.0 372.0 385.0 360.0
66.0 231.0 48.0 235.0
202.0 360.0 181.0 359.0
182.0 395.0 158.0 392.0
126.0 533.0 96.0 537.0
180.0 373.0 155.0 377.0
153.0 194.0 130.0 201.0
323.0 305.0 302.0 304.0
159.0 262.0 140.0 263.0
180.0 395.0 158.0 392.0
180.0 396.0 157.0 393.0
392.0 35.0 367.0 44.0
323.0 306.0 302.0 304.0
324.0 307.0 302.0 304.0
59.0 294.0 40.0 298.0
431.0 454.0 401.0 443.0
181.0 395.0 158.0 392.0
443.0 361.0 413.0 351.0
366.0 65.0 346.0 80.0
140.0 280.0 119.0 277.0
41.0 99.0 23.0 105.0
59.0 295.0 40.0 298.0
202.0 358.0 181.0 359.0
58.0 294.0 40.0 298.0
443.0 360.0 413.0 351.0
159.0 260.0 139.0 263.0
131.0 200.0 112.0 202.0
431.0 455.0 401.0 443.0
392.0 36.0 367.0 44.0
139.0 280.0 119.0 277.0
181.0 373.0 155.0 377.0
275.0 525.0 255.0 523.0
442.0 360.0 413.0 351.0
275.0 526.0 255.0 523.0
285.0 332.0 262.0 330.0
284.0 332.0 262.0 330.0
181.0 396.0 157.0 393.0
41.0 100.0 23.0 105.0
323.0 471.0 296.0 464.0
139.0 281.0 119.0 277.0
138.0 280.0 119.0 277.0
284.0 333.0 262.0 330.0
140.0 281.0 119.0 277.0
284.0 313.0 254.0 312.0
40.0 100.0 23.0 105.0
159.0 261.0 140.0 263.0
58.0 295.0 40.0 298.0
132.0 199.0 112.0 202.0
41.0 101.0 23.0 105.0
40.0 102.0 23.0 105.0
30.0 34.0 32.0 42.0
40.0 101.0 23.0 105.0
323.0 470.0 296.0 464.0
365.0 65.0 346.0 80.0
284.0 314.0 254.0 312.0
274.0 525.0 255.0 523.0
139.0 282.0 119.0 277.0
137.0 197.0 113.0 202.0
365.0 434.0 335.0 435.0
300.0 365.0 282.0 351.0
138.0 281.0 119.0 277.0
365.0 64.0 346.0 80.0
300.0 364.0 282.0 351.0
285.0 313.0 254.0 312.0
137.0 196.0 112.0 200.0
274.0 526.0 255.0 523.0
401.0 578.0 381.0 558.0
303.0 382.0 291.0 367.0
299.0 365.0 282.0 351.0
401.0 579.0 381.0 558.0
58.0 597.0 33.0 605.0
139.0 232.0 124.0 228.0
400.0 579.0 381.0 558.0
58.0 598.0 33.0 605.0
57.0 597.0 33.0 605.0
302.0 382.0 291.0 367.0
302.0 383.0 270.0 369.0
301.0 433.0 283.0 430.0
400.0 578.0 381.0 558.0
139.0 231.0 124.0 228.0
32.0 300.0 18.0 304.0
33.0 300.0 18.0 304.0
32.0 302.0 18.0 304.0
32.0 301.0 18.0 304.0
33.0 301.0 18.0 304.0
125.0 329.0 89.0 337.0
234.0 548.0 215.0 546.0
301.0 432.0 283.0 430.0
65.0 583.0 43.0 592.0
125.0 328.0 89.0 337.0
126.0 329.0 89.0 337.0
300.0 432.0 283.0 430.0
309.0 550.0 275.0 549.0
233.0 548.0 215.0 546.0
233.0 549.0 215.0 546.0
443.0 429.0 412.0 413.0
31.0 309.0 18.0 304.0
