311.0 470.0 296.0 453.0
311.0 469.0 296.0 453.0
218.0 511.0 203.0 495.0
235.0 473.0 219.0 458.0
87.0 379.0 71.0 365.0
186.0 248.0 172.0 232.0
234.0 473.0 219.0 458.0
86.0 379.0 71.0 365.0
281.0 515.0 265.0 498.0
86.0 380.0 71.0 365.0
219.0 510.0 204.0 494.0
311.0 471.0 295.0 455.0
235.0 472.0 219.0 457.0
310.0 470.0 295.0 455.0
281.0 516.0 266.0 498.0
272.0 430.0 257.0 415.0
112.0 288.0 97.0 272.0
256.0 476.0 241.0 460.0
310.0 469.0 295.0 454.0
234.0 472.0 219.0 458.0
274.0 556.0 258.0 539.0
218.0 510.0 204.0 494.0
235.0 495.0 219.0 479.0
113.0 288.0 97.0 272.0
302.0 336.0 288.0 322.0
382.0 490.0 365.0 473.0
274.0 555.0 258.0 538.0
243.0 583.0 228.0 565.0
310.0 468.0 295.0 453.0
282.0 516.0 266.0 498.0
282.0 515.0 266.0 498.0
409.0 464.0 392.0 447.0
288.0 377.0 274.0 362.0
274.0 557.0 258.0 539.0
280.0 516.0 265.0 498.0
242.0 440.0 227.0 425.0
185.0 247.0 172.0 232.0
244.0 583.0 228.0 565.0
112.0 287.0 97.0 272.0
185.0 250.0 171.0 234.0
281.0 514.0 265.0 498.0
185.0 248.0 172.0 232.0
272.0 429.0 257.0 415.0
410.0 463.0 393.0 447.0
241.0 440.0 227.0 425.0
166.0 577.0 149.0 560.0
273.0 556.0 258.0 539.0
234.0 495.0 219.0 480.0
191.0 499.0 176.0 482.0
155.0 230.0 141.0 213.0
184.0 249.0 171.0 233.0
234.0 89.0 222.0 72.0
280.0 515.0 265.0 498.0
121.0 351.0 107.0 336.0
207.0 181.0 194.0 167.0
277.0 287.0 265.0 274.0
301.0 335.0 288.0 322.0
383.0 225.0 371.0 211.0
242.0 439.0 227.0 425.0
275.0 557.0 258.0 539.0
113.0 289.0 97.0 272.0
113.0 287.0 98.0 272.0
186.0 249.0 172.0 233.0
309.0 470.0 295.0 455.0
234.0 474.0 219.0 458.0
301.0 336.0 287.0 323.0
241.0 438.0 227.0 425.0
241.0 439.0 227.0 425.0
365.0 496.0 348.0 479.0
244.0 582.0 228.0 565.0
165.0 577.0 149.0 560.0
342.0 214.0 330.0 201.0
302.0 335.0 288.0 322.0
301.0 337.0 287.0 323.0
192.0 500.0 177.0 484.0
280.0 514.0 265.0 498.0
275.0 555.0 258.0 538.0
382.0 225.0 371.0 211.0
191.0 500.0 176.0 484.0
207.0 182.0 194.0 167.0
123.0 350.0 107.0 335.0
277.0 286.0 265.0 273.0
233.0 88.0 221.0 72.0
184.0 247.0 171.0 232.0
185.0 249.0 172.0 233.0
223.0 358.0 209.0 344.0
341.0 214.0 330.0 201.0
192.0 501.0 177.0 484.0
98.0 341.0 83.0 328.0
288.0 376.0 274.0 362.0
235.0 494.0 220.0 479.0
121.0 350.0 105.0 334.0
122.0 353.0 107.0 337.0
245.0 582.0 228.0 565.0
222.0 358.0 209.0 344.0
385.0 226.0 373.0 213.0
191.0 501.0 176.0 484.0
191.0 502.0 177.0 484.0
155.0 229.0 141.0 213.0
184.0 248.0 171.0 233.0
301.0 334.0 287.0 320.0
114.0 287.0 98.0 271.0
271.0 430.0 257.0 415.0
123.0 351.0 107.0 336.0
122.0 351.0 107.0 336.0
184.0 250.0 171.0 234.0
383.0 224.0 371.0 211.0
122.0 350.0 106.0 335.0
300.0 335.0 286.0 321.0
97.0 341.0 82.0 326.0
233.0 473.0 218.0 458.0
243.0 582.0 228.0 565.0
233.0 90.0 221.0 73.0
114.0 288.0 98.0 272.0
98.0 342.0 83.0 328.0
275.0 556.0 258.0 538.0
348.0 81.0 337.0 65.0
123.0 353.0 108.0 337.0
240.0 438.0 227.0 425.0
223.0 359.0 209.0 344.0
309.0 469.0 295.0 455.0
257.0 327.0 244.0 312.0
318.0 283.0 304.0 269.0
233.0 269.0 220.0 255.0
384.0 226.0 372.0 213.0
302.0 334.0 287.0 320.0
311.0 304.0 298.0 290.0
342.0 215.0 330.0 202.0
122.0 352.0 107.0 336.0
240.0 439.0 227.0 425.0
233.0 472.0 218.0 457.0
232.0 269.0 220.0 255.0
244.0 581.0 228.0 564.0
329.0 139.0 318.0 123.0
123.0 352.0 108.0 337.0
384.0 225.0 372.0 213.0
97.0 340.0 82.0 326.0
124.0 351.0 108.0 336.0
245.0 424.0 230.0 408.0
114.0 289.0 98.0 272.0
233.0 89.0 221.0 72.0
287.0 375.0 273.0 362.0
365.0 497.0 348.0 479.0
140.0 193.0 126.0 177.0
166.0 578.0 151.0 561.0
256.0 328.0 242.0 312.0
165.0 578.0 149.0 560.0
370.0 345.0 356.0 331.0
284.0 539.0 269.0 523.0
222.0 357.0 209.0 344.0
317.0 284.0 304.0 269.0
222.0 359.0 209.0 344.0
233.0 270.0 221.0 256.0
167.0 577.0 151.0 561.0
124.0 353.0 108.0 337.0
231.0 268.0 220.0 255.0
232.0 89.0 221.0 72.0
97.0 342.0 82.0 327.0
232.0 88.0 220.0 72.0
384.0 224.0 372.0 211.0
243.0 581.0 228.0 564.0
348.0 82.0 337.0 65.0
144.0 268.0 131.0 252.0
383.0 578.0 365.0 561.0
167.0 578.0 151.0 561.0
121.0 352.0 107.0 336.0
370.0 344.0 356.0 331.0
383.0 579.0 365.0 561.0
257.0 328.0 244.0 312.0
206.0 182.0 194.0 167.0
207.0 183.0 194.0 167.0
231.0 269.0 220.0 255.0
166.0 579.0 151.0 561.0
256.0 327.0 244.0 312.0
206.0 183.0 194.0 167.0
370.0 343.0 356.0 331.0
232.0 268.0 220.0 255.0
139.0 194.0 125.0 177.0
206.0 181.0 194.0 166.0
246.0 422.0 230.0 408.0
382.0 224.0 371.0 211.0
271.0 429.0 257.0 415.0
232.0 90.0 221.0 72.0
167.0 579.0 150.0 562.0
318.0 284.0 304.0 269.0
206.0 184.0 194.0 167.0
343.0 214.0 330.0 202.0
234.0 494.0 219.0 479.0
124.0 352.0 108.0 337.0
223.0 357.0 209.0 344.0
144.0 267.0 131.0 252.0
300.0 334.0 286.0 321.0
256.0 325.0 243.0 312.0
232.0 270.0 221.0 256.0
383.0 580.0 365.0 561.0
240.0 440.0 227.0 425.0
221.0 359.0 209.0 344.0
284.0 540.0 269.0 523.0
347.0 81.0 337.0 66.0
323.0 120.0 315.0 105.0
385.0 225.0 373.0 213.0
317.0 283.0 304.0 269.0
300.0 336.0 286.0 321.0
139.0 193.0 125.0 177.0
245.0 423.0 230.0 408.0
255.0 326.0 242.0 312.0
257.0 326.0 244.0 312.0
235.0 493.0 220.0 479.0
323.0 119.0 316.0 105.0
246.0 423.0 230.0 408.0
205.0 181.0 193.0 166.0
246.0 424.0 230.0 408.0
371.0 344.0 356.0 331.0
322.0 120.0 314.0 105.0
221.0 358.0 209.0 344.0
329.0 138.0 318.0 123.0
322.0 121.0 313.0 105.0
255.0 327.0 242.0 312.0
329.0 242.0 315.0 229.0
343.0 215.0 330.0 202.0
299.0 355.0 284.0 340.0
98.0 340.0 83.0 326.0
283.0 539.0 268.0 522.0
323.0 121.0 315.0 105.0
371.0 343.0 356.0 331.0
345.0 326.0 333.0 313.0
345.0 327.0 333.0 313.0
298.0 356.0 284.0 341.0
348.0 80.0 337.0 65.0
256.0 326.0 244.0 312.0
384.0 578.0 365.0 561.0
333.0 563.0 316.0 544.0
322.0 119.0 315.0 104.0
346.0 327.0 334.0 314.0
316.0 283.0 304.0 268.0
371.0 345.0 356.0 331.0
347.0 80.0 337.0 66.0
298.0 355.0 284.0 341.0
140.0 194.0 126.0 177.0
141.0 194.0 127.0 177.0
298.0 354.0 284.0 340.0
205.0 182.0 194.0 167.0
344.0 215.0 331.0 202.0
329.0 243.0 315.0 229.0
384.0 579.0 365.0 561.0
344.0 327.0 333.0 313.0
338.0 170.0 325.0 153.0
257.0 592.0 240.0 576.0
330.0 242.0 316.0 229.0
257.0 593.0 240.0 576.0
234.0 493.0 219.0 479.0
367.0 361.0 356.0 348.0
330.0 243.0 315.0 229.0
343.0 216.0 330.0 202.0
333.0 564.0 316.0 544.0
384.0 580.0 365.0 561.0
140.0 195.0 126.0 177.0
232.0 618.0 216.0 600.0
346.0 80.0 337.0 65.0
205.0 183.0 194.0 167.0
344.0 326.0 333.0 313.0
385.0 579.0 365.0 561.0
379.0 31.0 370.0 17.0
385.0 578.0 365.0 560.0
213.0 162.0 201.0 148.0
231.0 619.0 217.0 600.0
380.0 32.0 370.0 17.0
378.0 31.0 370.0 17.0
212.0 161.0 200.0 146.0
379.0 32.0 370.0 17.0
379.0 33.0 370.0 17.0
378.0 32.0 370.0 17.0
259.0 622.0 243.0 604.0
292.0 242.0 280.0 228.0
333.0 565.0 316.0 544.0
378.0 33.0 370.0 17.0
42.0 266.0 36.0 251.0
258.0 621.0 243.0 604.0
211.0 162.0 200.0 146.0
292.0 241.0 280.0 228.0
212.0 163.0 201.0 146.0
213.0 163.0 201.0 148.0
41.0 266.0 35.0 251.0
259.0 623.0 243.0 604.0
212.0 162.0 200.0 147.0
258.0 622.0 243.0 604.0
444.0 426.0 430.0 413.0
408.0 54.0 397.0 41.0
377.0 32.0 369.0 17.0
443.0 426.0 427.0 411.0
42.0 265.0 36.0 251.0
204.0 581.0 186.0 562.0
456.0 363.0 438.0 348.0
455.0 363.0 438.0 348.0
407.0 53.0 397.0 41.0
409.0 53.0 397.0 41.0
407.0 54.0 397.0 41.0
288.0 623.0 270.0 606.0
289.0 624.0 270.0 606.0
212.0 164.0 201.0 146.0
293.0 240.0 280.0 228.0
293.0 241.0 280.0 228.0
203.0 581.0 186.0 562.0
457.0 363.0 438.0 348.0
455.0 362.0 438.0 348.0
409.0 54.0 397.0 41.0
408.0 53.0 397.0 41.0
288.0 625.0 270.0 606.0
78.0 274.0 54.0 255.0
437.0 442.0 419.0 427.0
293.0 242.0 280.0 228.0
448.0 455.0 431.0 440.0
288.0 624.0 270.0 606.0
294.0 241.0 280.0 228.0
294.0 242.0 280.0 228.0
408.0 55.0 397.0 41.0
294.0 240.0 280.0 228.0
407.0 55.0 397.0 41.0
96.0 278.0 74.0 260.0
448.0 456.0 431.0 441.0
449.0 455.0 431.0 441.0
442.0 425.0 426.0 410.0
289.0 625.0 270.0 606.0
41.0 523.0 24.0 508.0
436.0 443.0 419.0 427.0
290.0 624.0 270.0 606.0
448.0 457.0 431.0 441.0
449.0 454.0 431.0 441.0
449.0 456.0 431.0 441.0
410.0 54.0 397.0 41.0
79.0 274.0 54.0 255.0
79.0 275.0 54.0 255.0
287.0 623.0 270.0 606.0
79.0 273.0 54.0 255.0
454.0 362.0 438.0 348.0
449.0 457.0 431.0 441.0
281.0 299.0 265.0 274.0
293.0 243.0 280.0 228.0
41.0 524.0 24.0 508.0
450.0 456.0 431.0 441.0
453.0 362.0 438.0 348.0
287.0 624.0 270.0 606.0
204.0 582.0 186.0 562.0
450.0 455.0 431.0 441.0
80.0 274.0 54.0 255.0
42.0 523.0 24.0 508.0
97.0 279.0 74.0 260.0
437.0 443.0 419.0 427.0
438.0 443.0 419.0 427.0
290.0 625.0 270.0 606.0
80.0 275.0 54.0 255.0
29.0 129.0 15.0 109.0
429.0 491.0 407.0 471.0
50.0 268.0 36.0 251.0
42.0 524.0 24.0 508.0
81.0 275.0 73.0 259.0
48.0 500.0 33.0 486.0
46.0 306.0 28.0 289.0
205.0 582.0 186.0 562.0
47.0 306.0 28.0 289.0
429.0 492.0 407.0 471.0
46.0 307.0 28.0 289.0
412.0 633.0 394.0 613.0
412.0 631.0 394.0 613.0
51.0 268.0 36.0 251.0
412.0 632.0 394.0 613.0
430.0 492.0 407.0 471.0
408.0 454.0 392.0 447.0
49.0 500.0 33.0 486.0
51.0 499.0 33.0 486.0
49.0 501.0 33.0 486.0
411.0 632.0 392.0 613.0
51.0 500.0 33.0 486.0
411.0 633.0 392.0 613.0
413.0 632.0 403.0 630.0
10.0 122.0 14.0 109.0
413.0 633.0 403.0 630.0
50.0 501.0 33.0 486.0
411.0 631.0 392.0 613.0
49.0 499.0 33.0 486.0
236.0 510.0 220.0 480.0
11.0 123.0 14.0 109.0
59.0 474.0 44.0 455.0
50.0 499.0 33.0 486.0
58.0 473.0 44.0 455.0
47.0 307.0 28.0 289.0
50.0 500.0 33.0 486.0
59.0 473.0 44.0 455.0
410.0 632.0 392.0 613.0
10.0 124.0 14.0 109.0
60.0 269.0 54.0 255.0
58.0 472.0 44.0 455.0
59.0 472.0 44.0 455.0
63.0 458.0 44.0 455.0
236.0 511.0 220.0 480.0
9.0 123.0 14.0 109.0
31.0 136.0 15.0 109.0
63.0 459.0 44.0 455.0
10.0 123.0 14.0 109.0
20.0 604.0 3.0 588.0
19.0 605.0 3.0 588.0
237.0 511.0 220.0 480.0
9.0 124.0 14.0 109.0
30.0 136.0 15.0 109.0
235.0 511.0 220.0 480.0
30.0 137.0 15.0 109.0
19.0 604.0 3.0 588.0
9.0 122.0 14.0 109.0
20.0 605.0 3.0 588.0
19.0 603.0 3.0 588.0
60.0 270.0 54.0 255.0
24.0 571.0 9.0 557.0
59.0 270.0 54.0 255.0
25.0 572.0 9.0 557.0
408.0 559.0 381.0 521.0
24.0 572.0 9.0 557.0
409.0 559.0 381.0 521.0
25.0 571.0 9.0 557.0
24.0 573.0 9.0 557.0
25.0 573.0 9.0 557.0
384.0 507.0 369.0 500.0
26.0 573.0 9.0 557.0
19.0 281.0 28.0 289.0
414.0 579.0 380.0 522.0
