387.0 188.0 395.0 189.0
386.0 188.0 395.0 189.0
387.0 187.0 395.0 188.0
396.0 602.0 410.0 601.0
386.0 189.0 395.0 189.0
389.0 208.0 398.0 207.0
386.0 187.0 395.0 188.0
114.0 465.0 129.0 465.0
386.0 482.0 399.0 481.0
415.0 397.0 426.0 397.0
386.0 484.0 399.0 482.0
385.0 189.0 394.0 188.0
117.0 595.0 132.0 594.0
118.0 594.0 132.0 594.0
444.0 496.0 452.0 496.0
210.0 180.0 218.0 183.0
385.0 188.0 394.0 188.0
386.0 483.0 399.0 481.0
395.0 602.0 410.0 601.0
388.0 208.0 397.0 208.0
395.0 603.0 410.0 601.0
444.0 495.0 452.0 496.0
394.0 603.0 410.0 601.0
394.0 602.0 410.0 600.0
385.0 482.0 399.0 482.0
114.0 464.0 129.0 465.0
115.0 465.0 129.0 465.0
118.0 595.0 132.0 594.0
390.0 208.0 398.0 207.0
415.0 398.0 427.0 398.0
414.0 398.0 426.0 398.0
385.0 483.0 399.0 482.0
356.0 348.0 367.0 348.0
79.0 629.0 98.0 625.0
389.0 207.0 398.0 207.0
446.0 496.0 454.0 497.0
357.0 347.0 367.0 348.0
211.0 181.0 218.0 183.0
116.0 595.0 131.0 593.0
116.0 594.0 131.0 593.0
445.0 497.0 454.0 497.0
210.0 181.0 218.0 183.0
385.0 334.0 395.0 333.0
288.0 147.0 294.0 147.0
66.0 601.0 83.0 600.0
117.0 594.0 131.0 593.0
114.0 463.0 128.0 464.0
209.0 180.0 218.0 182.0
115.0 463.0 129.0 465.0
445.0 495.0 452.0 496.0
115.0 464.0 129.0 465.0
444.0 497.0 453.0 497.0
314.0 525.0 328.0 524.0
209.0 626.0 226.0 623.0
393.0 435.0 406.0 433.0
102.0 437.0 117.0 436.0
358.0 348.0 367.0 348.0
211.0 180.0 218.0 183.0
118.0 593.0 131.0 593.0
445.0 496.0 454.0 497.0
357.0 348.0 367.0 348.0
208.0 626.0 226.0 623.0
385.0 372.0 395.0 373.0
430.0 219.0 436.0 218.0
300.0 381.0 308.0 380.0
65.0 600.0 83.0 600.0
356.0 349.0 367.0 348.0
22.0 133.0 33.0 140.0
67.0 601.0 83.0 600.0
416.0 397.0 427.0 397.0
387.0 372.0 396.0 372.0
357.0 349.0 367.0 348.0
250.0 515.0 266.0 514.0
66.0 600.0 83.0 600.0
287.0 333.0 295.0 335.0
386.0 372.0 396.0 372.0
287.0 147.0 294.0 147.0
287.0 148.0 294.0 147.0
386.0 371.0 396.0 372.0
288.0 149.0 294.0 147.0
313.0 526.0 327.0 524.0
288.0 148.0 294.0 147.0
23.0 133.0 33.0 140.0
377.0 533.0 388.0 536.0
117.0 593.0 131.0 593.0
17.0 139.0 32.0 141.0
386.0 265.0 395.0 263.0
101.0 437.0 117.0 436.0
204.0 605.0 216.0 603.0
286.0 334.0 294.0 334.0
293.0 442.0 302.0 442.0
286.0 333.0 294.0 334.0
292.0 442.0 301.0 442.0
397.0 497.0 413.0 499.0
161.0 595.0 175.0 593.0
386.0 263.0 395.0 263.0
430.0 218.0 436.0 218.0
347.0 174.0 350.0 173.0
394.0 434.0 406.0 433.0
18.0 139.0 32.0 142.0
430.0 217.0 436.0 218.0
386.0 264.0 395.0 263.0
415.0 399.0 426.0 398.0
385.0 264.0 395.0 263.0
258.0 137.0 264.0 137.0
429.0 219.0 436.0 218.0
102.0 438.0 117.0 436.0
416.0 398.0 427.0 398.0
387.0 371.0 396.0 372.0
18.0 140.0 32.0 142.0
429.0 218.0 436.0 218.0
312.0 337.0 320.0 336.0
383.0 445.0 395.0 444.0
287.0 149.0 294.0 147.0
373.0 536.0 386.0 536.0
204.0 606.0 216.0 603.0
417.0 397.0 427.0 397.0
385.0 371.0 396.0 372.0
66.0 599.0 83.0 600.0
429.0 217.0 436.0 217.0
250.0 516.0 266.0 514.0
17.0 140.0 32.0 142.0
292.0 359.0 300.0 359.0
205.0 605.0 216.0 603.0
67.0 600.0 83.0 600.0
313.0 525.0 327.0 524.0
219.0 253.0 227.0 253.0
258.0 138.0 264.0 137.0
312.0 525.0 327.0 523.0
402.0 268.0 411.0 267.0
78.0 630.0 98.0 625.0
204.0 604.0 216.0 603.0
329.0 322.0 337.0 325.0
387.0 265.0 395.0 263.0
311.0 337.0 320.0 336.0
242.0 79.0 250.0 80.0
16.0 139.0 32.0 141.0
314.0 303.0 325.0 300.0
317.0 70.0 324.0 68.0
220.0 251.0 227.0 253.0
393.0 434.0 406.0 433.0
220.0 252.0 227.0 253.0
343.0 386.0 357.0 386.0
219.0 254.0 227.0 253.0
344.0 386.0 357.0 386.0
9.0 224.0 10.0 219.0
312.0 526.0 327.0 524.0
100.0 437.0 117.0 436.0
292.0 443.0 302.0 442.0
330.0 323.0 337.0 325.0
18.0 138.0 33.0 140.0
312.0 336.0 320.0 336.0
316.0 70.0 324.0 68.0
377.0 320.0 386.0 320.0
328.0 44.0 333.0 45.0
315.0 303.0 325.0 300.0
316.0 71.0 324.0 68.0
395.0 293.0 404.0 293.0
291.0 360.0 299.0 360.0
418.0 397.0 427.0 397.0
425.0 274.0 433.0 274.0
101.0 438.0 117.0 436.0
82.0 560.0 95.0 563.0
292.0 360.0 300.0 359.0
334.0 492.0 343.0 491.0
319.0 68.0 324.0 68.0
377.0 321.0 385.0 320.0
257.0 138.0 264.0 137.0
402.0 269.0 411.0 269.0
249.0 516.0 266.0 514.0
343.0 385.0 357.0 386.0
334.0 490.0 343.0 491.0
320.0 68.0 324.0 68.0
293.0 443.0 302.0 442.0
386.0 373.0 395.0 373.0
172.0 618.0 182.0 615.0
382.0 445.0 395.0 443.0
316.0 72.0 324.0 68.0
387.0 373.0 395.0 374.0
8.0 224.0 9.0 220.0
100.0 438.0 117.0 436.0
342.0 508.0 358.0 505.0
194.0 235.0 202.0 238.0
329.0 361.0 336.0 363.0
290.0 360.0 299.0 360.0
396.0 210.0 399.0 208.0
219.0 252.0 227.0 253.0
334.0 491.0 343.0 491.0
241.0 79.0 249.0 81.0
232.0 627.0 246.0 627.0
9.0 225.0 10.0 219.0
318.0 69.0 324.0 68.0
228.0 554.0 243.0 555.0
206.0 605.0 216.0 603.0
240.0 446.0 253.0 447.0
312.0 335.0 320.0 336.0
402.0 267.0 411.0 267.0
302.0 420.0 313.0 420.0
377.0 322.0 385.0 320.0
417.0 398.0 427.0 398.0
311.0 336.0 320.0 336.0
345.0 174.0 350.0 173.0
291.0 358.0 300.0 359.0
328.0 361.0 336.0 363.0
344.0 385.0 357.0 386.0
376.0 322.0 385.0 320.0
311.0 445.0 322.0 444.0
387.0 264.0 396.0 264.0
328.0 362.0 336.0 363.0
330.0 322.0 337.0 325.0
74.0 242.0 73.0 239.0
241.0 445.0 254.0 447.0
382.0 227.0 390.0 225.0
342.0 507.0 358.0 505.0
426.0 274.0 433.0 274.0
227.0 554.0 243.0 555.0
317.0 71.0 324.0 68.0
228.0 553.0 243.0 555.0
376.0 321.0 385.0 320.0
376.0 320.0 385.0 320.0
82.0 559.0 95.0 563.0
315.0 304.0 325.0 300.0
83.0 559.0 95.0 563.0
303.0 419.0 313.0 420.0
373.0 537.0 386.0 536.0
17.0 138.0 32.0 141.0
100.0 439.0 116.0 436.0
346.0 174.0 350.0 173.0
319.0 69.0 324.0 68.0
377.0 461.0 386.0 461.0
290.0 359.0 300.0 359.0
357.0 303.0 367.0 305.0
310.0 445.0 321.0 443.0
251.0 154.0 258.0 155.0
330.0 45.0 334.0 45.0
227.0 555.0 243.0 555.0
330.0 44.0 334.0 45.0
173.0 168.0 189.0 171.0
194.0 236.0 203.0 238.0
291.0 359.0 300.0 359.0
329.0 45.0 333.0 45.0
375.0 322.0 383.0 320.0
218.0 254.0 227.0 253.0
232.0 626.0 246.0 627.0
377.0 460.0 386.0 461.0
329.0 44.0 333.0 45.0
302.0 421.0 313.0 421.0
403.0 269.0 411.0 269.0
335.0 491.0 343.0 491.0
377.0 462.0 386.0 461.0
375.0 321.0 385.0 320.0
228.0 555.0 243.0 555.0
387.0 263.0 396.0 264.0
328.0 45.0 333.0 45.0
195.0 235.0 203.0 238.0
290.0 358.0 299.0 359.0
342.0 509.0 358.0 505.0
378.0 461.0 386.0 461.0
379.0 461.0 386.0 461.0
195.0 234.0 203.0 238.0
403.0 268.0 411.0 267.0
56.0 237.0 72.0 239.0
303.0 420.0 313.0 420.0
241.0 80.0 249.0 81.0
341.0 508.0 358.0 505.0
315.0 71.0 324.0 68.0
301.0 420.0 313.0 420.0
310.0 446.0 322.0 444.0
344.0 174.0 350.0 173.0
233.0 626.0 246.0 627.0
374.0 284.0 382.0 285.0
396.0 211.0 399.0 208.0
250.0 154.0 258.0 155.0
218.0 256.0 227.0 253.0
419.0 104.0 432.0 89.0
233.0 627.0 246.0 627.0
397.0 210.0 399.0 208.0
218.0 255.0 227.0 253.0
341.0 507.0 356.0 506.0
250.0 155.0 258.0 155.0
329.0 362.0 336.0 363.0
378.0 460.0 386.0 461.0
218.0 253.0 227.0 253.0
403.0 267.0 411.0 267.0
17.0 403.0 31.0 403.0
311.0 446.0 322.0 444.0
341.0 509.0 358.0 505.0
335.0 490.0 343.0 491.0
83.0 558.0 95.0 563.0
418.0 398.0 427.0 398.0
342.0 386.0 357.0 386.0
261.0 424.0 272.0 423.0
74.0 243.0 73.0 239.0
379.0 460.0 386.0 461.0
3.0 191.0 15.0 194.0
4.0 191.0 15.0 194.0
251.0 156.0 258.0 156.0
261.0 423.0 272.0 423.0
250.0 156.0 258.0 156.0
229.0 554.0 243.0 555.0
375.0 285.0 382.0 285.0
240.0 80.0 249.0 81.0
229.0 555.0 243.0 555.0
262.0 422.0 272.0 423.0
404.0 268.0 411.0 267.0
255.0 470.0 268.0 469.0
335.0 492.0 343.0 491.0
82.0 558.0 95.0 563.0
251.0 155.0 258.0 156.0
383.0 226.0 390.0 225.0
384.0 226.0 390.0 225.0
374.0 285.0 382.0 285.0
314.0 304.0 325.0 300.0
419.0 105.0 432.0 89.0
261.0 422.0 272.0 423.0
15.0 403.0 31.0 403.0
137.0 540.0 151.0 537.0
340.0 509.0 358.0 505.0
136.0 540.0 151.0 537.0
397.0 211.0 399.0 208.0
396.0 497.0 413.0 499.0
17.0 404.0 31.0 403.0
217.0 256.0 227.0 253.0
375.0 283.0 382.0 285.0
384.0 227.0 390.0 225.0
171.0 541.0 186.0 540.0
375.0 284.0 382.0 285.0
15.0 404.0 31.0 403.0
170.0 542.0 186.0 540.0
383.0 227.0 390.0 225.0
340.0 508.0 356.0 506.0
16.0 403.0 31.0 403.0
460.0 600.0 470.0 601.0
418.0 104.0 431.0 88.0
262.0 424.0 272.0 424.0
418.0 105.0 431.0 88.0
171.0 542.0 186.0 540.0
460.0 599.0 470.0 601.0
172.0 541.0 186.0 540.0
172.0 542.0 186.0 540.0
326.0 416.0 337.0 419.0
262.0 423.0 272.0 423.0
404.0 267.0 411.0 267.0
260.0 423.0 272.0 423.0
16.0 404.0 31.0 403.0
336.0 491.0 343.0 491.0
341.0 510.0 358.0 505.0
454.0 519.0 465.0 518.0
136.0 541.0 151.0 537.0
454.0 518.0 465.0 518.0
453.0 519.0 465.0 518.0
340.0 510.0 358.0 505.0
459.0 600.0 470.0 601.0
247.0 165.0 255.0 165.0
172.0 543.0 186.0 540.0
362.0 242.0 371.0 241.0
465.0 477.0 476.0 477.0
248.0 165.0 255.0 165.0
458.0 599.0 470.0 601.0
459.0 599.0 470.0 601.0
454.0 520.0 465.0 518.0
464.0 477.0 476.0 477.0
261.0 128.0 264.0 137.0
261.0 127.0 264.0 137.0
464.0 478.0 476.0 477.0
121.0 429.0 132.0 438.0
171.0 543.0 186.0 540.0
190.0 172.0 189.0 171.0
453.0 520.0 465.0 518.0
190.0 173.0 189.0 171.0
122.0 429.0 132.0 438.0
146.0 160.0 96.0 144.0
170.0 543.0 186.0 540.0
191.0 173.0 189.0 171.0
122.0 428.0 132.0 438.0
123.0 428.0 132.0 438.0
146.0 159.0 96.0 144.0
162.0 164.0 96.0 144.0
183.0 271.0 203.0 238.0
12.0 337.0 14.0 315.0
162.0 165.0 96.0 144.0
183.0 270.0 202.0 238.0
163.0 165.0 96.0 144.0
14.0 337.0 14.0 315.0
13.0 337.0 14.0 315.0
13.0 338.0 14.0 315.0
233.0 612.0 246.0 627.0
