63.0 306.0 79.0 313.0
63.0 305.0 79.0 313.0
220.0 332.0 235.0 340.0
62.0 306.0 79.0 313.0
250.0 466.0 265.0 474.0
62.0 305.0 79.0 313.0
250.0 467.0 265.0 474.0
287.0 477.0 301.0 484.0
219.0 332.0 235.0 340.0
57.0 349.0 74.0 354.0
286.0 477.0 300.0 484.0
356.0 186.0 369.0 197.0
356.0 185.0 369.0 197.0
250.0 332.0 265.0 341.0
173.0 541.0 189.0 547.0
58.0 349.0 75.0 354.0
172.0 541.0 189.0 547.0
251.0 467.0 266.0 476.0
274.0 396.0 288.0 402.0
109.0 479.0 127.0 484.0
108.0 479.0 127.0 484.0
144.0 338.0 161.0 345.0
145.0 338.0 161.0 345.0
357.0 186.0 370.0 197.0
398.0 237.0 412.0 250.0
109.0 595.0 125.0 596.0
355.0 185.0 369.0 198.0
227.0 370.0 242.0 378.0
251.0 466.0 266.0 474.0
285.0 477.0 300.0 484.0
144.0 337.0 161.0 345.0
226.0 369.0 241.0 378.0
251.0 332.0 265.0 341.0
81.0 310.0 97.0 316.0
86.0 277.0 102.0 284.0
108.0 480.0 127.0 484.0
357.0 185.0 370.0 197.0
53.0 235.0 69.0 241.0
52.0 234.0 69.0 241.0
252.0 467.0 266.0 475.0
109.0 480.0 128.0 484.0
355.0 184.0 369.0 197.0
107.0 342.0 124.0 348.0
107.0 341.0 124.0 348.0
226.0 370.0 241.0 378.0
56.0 348.0 74.0 354.0
125.0 210.0 140.0 220.0
356.0 184.0 369.0 197.0
125.0 129.0 142.0 139.0
54.0 235.0 69.0 241.0
227.0 369.0 242.0 378.0
145.0 337.0 161.0 345.0
274.0 395.0 288.0 402.0
176.0 524.0 193.0 531.0
252.0 468.0 266.0 476.0
172.0 542.0 189.0 548.0
53.0 234.0 69.0 241.0
58.0 348.0 75.0 354.0
109.0 594.0 125.0 596.0
59.0 349.0 75.0 354.0
108.0 341.0 124.0 348.0
177.0 524.0 193.0 531.0
250.0 331.0 265.0 341.0
57.0 348.0 75.0 354.0
97.0 181.0 111.0 189.0
108.0 595.0 125.0 596.0
285.0 478.0 299.0 485.0
288.0 478.0 301.0 484.0
174.0 541.0 189.0 547.0
161.0 53.0 175.0 63.0
161.0 54.0 175.0 63.0
308.0 289.0 321.0 299.0
108.0 594.0 125.0 596.0
86.0 278.0 102.0 284.0
275.0 396.0 288.0 402.0
87.0 277.0 102.0 283.0
220.0 465.0 236.0 474.0
176.0 523.0 192.0 531.0
308.0 290.0 321.0 299.0
251.0 331.0 265.0 341.0
286.0 478.0 301.0 484.0
126.0 129.0 142.0 140.0
433.0 564.0 445.0 576.0
275.0 395.0 288.0 402.0
227.0 433.0 242.0 441.0
226.0 434.0 242.0 441.0
107.0 270.0 121.0 276.0
87.0 278.0 101.0 285.0
108.0 342.0 124.0 348.0
53.0 233.0 69.0 241.0
177.0 523.0 193.0 531.0
287.0 478.0 301.0 484.0
173.0 542.0 190.0 548.0
143.0 337.0 161.0 345.0
227.0 371.0 242.0 378.0
226.0 432.0 242.0 441.0
84.0 231.0 100.0 239.0
59.0 348.0 75.0 354.0
126.0 210.0 141.0 219.0
54.0 234.0 69.0 241.0
322.0 429.0 335.0 435.0
168.0 309.0 184.0 318.0
97.0 182.0 111.0 189.0
110.0 594.0 126.0 596.0
226.0 433.0 242.0 441.0
125.0 211.0 140.0 220.0
384.0 504.0 398.0 514.0
160.0 53.0 175.0 63.0
92.0 336.0 108.0 343.0
84.0 230.0 100.0 239.0
334.0 194.0 349.0 206.0
109.0 593.0 126.0 596.0
169.0 308.0 185.0 317.0
114.0 166.0 129.0 174.0
168.0 308.0 185.0 317.0
322.0 428.0 335.0 435.0
97.0 180.0 112.0 189.0
384.0 505.0 397.0 514.0
80.0 310.0 97.0 317.0
370.0 217.0 383.0 229.0
169.0 309.0 185.0 318.0
221.0 466.0 236.0 474.0
98.0 180.0 112.0 189.0
84.0 401.0 101.0 406.0
370.0 218.0 383.0 229.0
70.0 415.0 87.0 420.0
127.0 547.0 142.0 552.0
54.0 233.0 69.0 241.0
383.0 504.0 397.0 514.0
113.0 166.0 129.0 174.0
92.0 335.0 108.0 342.0
126.0 547.0 141.0 553.0
212.0 102.0 226.0 113.0
220.0 466.0 236.0 474.0
31.0 580.0 34.0 583.0
371.0 217.0 383.0 229.0
161.0 52.0 175.0 63.0
98.0 181.0 112.0 189.0
193.0 464.0 210.0 473.0
226.0 371.0 241.0 378.0
432.0 564.0 445.0 575.0
52.0 233.0 69.0 241.0
83.0 231.0 100.0 239.0
81.0 311.0 97.0 317.0
98.0 182.0 112.0 189.0
211.0 101.0 226.0 112.0
83.0 230.0 100.0 239.0
99.0 181.0 113.0 189.0
219.0 465.0 236.0 473.0
193.0 465.0 210.0 473.0
225.0 432.0 242.0 441.0
243.0 489.0 259.0 496.0
160.0 52.0 175.0 63.0
125.0 128.0 142.0 139.0
225.0 433.0 242.0 441.0
333.0 193.0 349.0 206.0
288.0 479.0 302.0 485.0
91.0 336.0 107.0 343.0
126.0 211.0 141.0 219.0
322.0 427.0 335.0 435.0
90.0 572.0 107.0 575.0
192.0 464.0 210.0 473.0
153.0 356.0 170.0 363.0
126.0 153.0 143.0 161.0
112.0 166.0 129.0 174.0
212.0 101.0 226.0 113.0
113.0 167.0 129.0 174.0
268.0 340.0 282.0 350.0
103.0 368.0 121.0 376.0
194.0 536.0 208.0 543.0
127.0 548.0 141.0 553.0
333.0 194.0 348.0 206.0
124.0 128.0 142.0 139.0
154.0 356.0 170.0 363.0
192.0 465.0 210.0 473.0
211.0 100.0 226.0 112.0
84.0 400.0 101.0 406.0
13.0 583.0 16.0 585.0
128.0 547.0 142.0 552.0
91.0 335.0 108.0 342.0
80.0 311.0 97.0 317.0
114.0 167.0 129.0 174.0
99.0 182.0 112.0 189.0
104.0 368.0 121.0 376.0
83.0 401.0 100.0 406.0
269.0 340.0 282.0 349.0
212.0 100.0 226.0 113.0
105.0 214.0 120.0 222.0
191.0 464.0 210.0 473.0
85.0 401.0 101.0 406.0
309.0 20.0 322.0 32.0
89.0 572.0 107.0 575.0
104.0 367.0 121.0 376.0
323.0 428.0 335.0 435.0
37.0 338.0 55.0 342.0
105.0 368.0 123.0 377.0
112.0 167.0 129.0 174.0
83.0 400.0 99.0 406.0
203.0 197.0 219.0 207.0
204.0 198.0 220.0 209.0
268.0 341.0 282.0 350.0
269.0 341.0 282.0 350.0
37.0 337.0 54.0 341.0
44.0 447.0 63.0 453.0
323.0 427.0 335.0 435.0
195.0 536.0 208.0 543.0
126.0 152.0 143.0 161.0
260.0 304.0 275.0 314.0
453.0 537.0 464.0 546.0
48.0 418.0 66.0 425.0
36.0 337.0 54.0 341.0
37.0 336.0 54.0 341.0
103.0 367.0 121.0 376.0
90.0 573.0 106.0 575.0
88.0 572.0 107.0 575.0
203.0 198.0 219.0 208.0
36.0 336.0 54.0 341.0
244.0 51.0 258.0 62.0
128.0 548.0 142.0 552.0
310.0 19.0 322.0 32.0
88.0 573.0 106.0 575.0
36.0 335.0 54.0 341.0
100.0 503.0 116.0 510.0
270.0 341.0 282.0 349.0
155.0 517.0 172.0 524.0
73.0 357.0 93.0 359.0
270.0 340.0 282.0 349.0
188.0 19.0 205.0 31.0
245.0 51.0 258.0 62.0
261.0 304.0 275.0 314.0
454.0 537.0 465.0 546.0
29.0 442.0 47.0 447.0
310.0 20.0 322.0 32.0
439.0 571.0 446.0 576.0
454.0 538.0 464.0 545.0
453.0 538.0 464.0 546.0
102.0 367.0 121.0 376.0
29.0 443.0 46.0 448.0
43.0 447.0 63.0 453.0
29.0 441.0 47.0 447.0
154.0 517.0 172.0 524.0
189.0 19.0 205.0 31.0
204.0 197.0 220.0 208.0
124.0 127.0 142.0 139.0
30.0 442.0 47.0 447.0
36.0 338.0 55.0 342.0
89.0 573.0 106.0 575.0
261.0 305.0 275.0 314.0
121.0 453.0 138.0 462.0
440.0 571.0 446.0 576.0
155.0 518.0 172.0 524.0
420.0 545.0 434.0 558.0
44.0 446.0 63.0 453.0
100.0 504.0 116.0 510.0
74.0 357.0 93.0 359.0
245.0 50.0 258.0 62.0
43.0 446.0 63.0 452.0
14.0 583.0 16.0 585.0
48.0 417.0 66.0 425.0
129.0 548.0 142.0 552.0
420.0 544.0 434.0 558.0
28.0 442.0 46.0 448.0
122.0 454.0 139.0 463.0
419.0 544.0 434.0 558.0
208.0 180.0 223.0 193.0
28.0 441.0 46.0 448.0
28.0 443.0 46.0 448.0
122.0 453.0 139.0 463.0
60.0 577.0 86.0 578.0
120.0 405.0 134.0 411.0
14.0 584.0 16.0 585.0
464.0 581.0 474.0 589.0
101.0 504.0 116.0 510.0
59.0 576.0 86.0 578.0
285.0 155.0 299.0 166.0
49.0 417.0 66.0 425.0
60.0 576.0 86.0 578.0
448.0 627.0 460.0 634.0
201.0 408.0 217.0 416.0
15.0 583.0 16.0 585.0
59.0 577.0 86.0 578.0
284.0 155.0 299.0 166.0
47.0 417.0 65.0 425.0
365.0 233.0 378.0 244.0
121.0 454.0 138.0 462.0
200.0 407.0 217.0 416.0
206.0 180.0 223.0 193.0
40.0 579.0 34.0 583.0
120.0 406.0 134.0 411.0
207.0 180.0 223.0 193.0
201.0 407.0 217.0 416.0
74.0 358.0 93.0 359.0
200.0 408.0 217.0 416.0
119.0 406.0 134.0 411.0
448.0 628.0 460.0 634.0
207.0 179.0 223.0 193.0
215.0 36.0 229.0 46.0
449.0 628.0 460.0 634.0
58.0 577.0 86.0 578.0
364.0 233.0 378.0 244.0
44.0 145.0 60.0 153.0
284.0 154.0 299.0 166.0
462.0 581.0 474.0 589.0
122.0 455.0 139.0 463.0
58.0 576.0 85.0 578.0
463.0 581.0 474.0 589.0
463.0 582.0 474.0 589.0
119.0 407.0 134.0 411.0
447.0 628.0 460.0 634.0
462.0 580.0 474.0 589.0
116.0 630.0 130.0 620.0
463.0 580.0 474.0 589.0
121.0 455.0 139.0 463.0
215.0 35.0 229.0 46.0
448.0 629.0 460.0 634.0
206.0 181.0 223.0 193.0
207.0 181.0 223.0 193.0
365.0 232.0 378.0 244.0
202.0 408.0 217.0 416.0
215.0 34.0 229.0 46.0
44.0 146.0 60.0 153.0
208.0 181.0 223.0 193.0
364.0 232.0 378.0 244.0
45.0 146.0 60.0 153.0
447.0 629.0 460.0 634.0
363.0 232.0 377.0 244.0
365.0 231.0 378.0 244.0
116.0 631.0 130.0 620.0
117.0 631.0 130.0 620.0
321.0 527.0 342.0 541.0
44.0 487.0 62.0 490.0
364.0 231.0 378.0 244.0
245.0 304.0 264.0 322.0
244.0 304.0 264.0 322.0
321.0 526.0 343.0 540.0
320.0 526.0 342.0 541.0
244.0 303.0 264.0 322.0
320.0 527.0 342.0 541.0
345.0 171.0 369.0 196.0
403.0 97.0 398.0 88.0
87.0 215.0 93.0 217.0
404.0 98.0 398.0 88.0
87.0 214.0 93.0 217.0
403.0 96.0 398.0 88.0
404.0 97.0 398.0 88.0
133.0 30.0 152.0 28.0
132.0 30.0 152.0 28.0
11.0 634.0 40.0 634.0
209.0 454.0 235.0 472.0
405.0 97.0 398.0 88.0
17.0 603.0 16.0 586.0
41.0 417.0 65.0 425.0
404.0 96.0 398.0 88.0
41.0 416.0 65.0 425.0
18.0 603.0 16.0 586.0
