249.0 521.0 267.0 535.0
261.0 91.0 265.0 106.0
261.0 90.0 265.0 105.0
248.0 521.0 267.0 535.0
249.0 520.0 267.0 535.0
340.0 384.0 353.0 396.0
335.0 237.0 342.0 248.0
335.0 238.0 342.0 248.0
252.0 291.0 261.0 305.0
334.0 238.0 342.0 248.0
278.0 78.0 280.0 93.0
249.0 519.0 267.0 534.0
252.0 292.0 261.0 305.0
251.0 292.0 262.0 305.0
207.0 359.0 219.0 372.0
334.0 237.0 342.0 248.0
251.0 291.0 262.0 305.0
278.0 79.0 280.0 94.0
277.0 78.0 280.0 94.0
250.0 292.0 262.0 305.0
225.0 373.0 238.0 387.0
333.0 238.0 342.0 248.0
339.0 384.0 353.0 396.0
256.0 88.0 259.0 104.0
277.0 77.0 280.0 93.0
208.0 358.0 220.0 372.0
251.0 290.0 262.0 305.0
251.0 293.0 261.0 305.0
224.0 373.0 238.0 387.0
21.0 52.0 27.0 75.0
248.0 520.0 266.0 535.0
299.0 49.0 303.0 63.0
21.0 51.0 27.0 75.0
407.0 427.0 421.0 439.0
333.0 237.0 342.0 248.0
250.0 291.0 262.0 305.0
300.0 50.0 303.0 63.0
224.0 374.0 238.0 387.0
238.0 348.0 250.0 362.0
215.0 492.0 230.0 507.0
225.0 374.0 238.0 388.0
408.0 426.0 421.0 439.0
238.0 347.0 251.0 361.0
329.0 253.0 337.0 265.0
256.0 89.0 259.0 104.0
247.0 520.0 266.0 535.0
328.0 255.0 337.0 265.0
207.0 358.0 219.0 372.0
119.0 286.0 130.0 303.0
334.0 236.0 342.0 248.0
281.0 112.0 284.0 127.0
223.0 372.0 236.0 386.0
120.0 285.0 130.0 303.0
237.0 347.0 250.0 360.0
248.0 519.0 266.0 535.0
239.0 348.0 251.0 361.0
299.0 51.0 302.0 63.0
328.0 253.0 337.0 265.0
328.0 254.0 337.0 265.0
278.0 336.0 290.0 349.0
281.0 111.0 284.0 127.0
407.0 426.0 421.0 439.0
299.0 50.0 303.0 63.0
300.0 49.0 303.0 63.0
206.0 359.0 219.0 372.0
298.0 49.0 303.0 63.0
208.0 359.0 220.0 372.0
206.0 358.0 219.0 372.0
406.0 426.0 421.0 439.0
299.0 48.0 303.0 63.0
298.0 50.0 302.0 63.0
238.0 349.0 250.0 362.0
207.0 357.0 220.0 372.0
329.0 254.0 337.0 265.0
278.0 337.0 289.0 350.0
282.0 112.0 284.0 127.0
239.0 347.0 251.0 361.0
418.0 410.0 432.0 421.0
239.0 349.0 251.0 361.0
407.0 425.0 421.0 439.0
364.0 412.0 378.0 424.0
223.0 373.0 236.0 387.0
21.0 50.0 27.0 75.0
247.0 519.0 265.0 533.0
279.0 337.0 290.0 350.0
241.0 506.0 258.0 518.0
338.0 384.0 353.0 396.0
267.0 119.0 270.0 136.0
119.0 285.0 130.0 303.0
337.0 219.0 344.0 230.0
241.0 505.0 258.0 518.0
240.0 506.0 257.0 519.0
215.0 494.0 230.0 507.0
364.0 411.0 378.0 424.0
417.0 410.0 432.0 421.0
241.0 507.0 258.0 519.0
186.0 69.0 189.0 89.0
118.0 285.0 130.0 303.0
242.0 506.0 258.0 519.0
272.0 250.0 281.0 262.0
118.0 286.0 129.0 303.0
32.0 125.0 41.0 147.0
272.0 251.0 281.0 262.0
242.0 507.0 258.0 519.0
272.0 249.0 281.0 262.0
363.0 412.0 378.0 424.0
379.0 397.0 393.0 409.0
406.0 425.0 421.0 439.0
379.0 398.0 393.0 410.0
185.0 69.0 189.0 89.0
337.0 220.0 344.0 230.0
322.0 289.0 331.0 299.0
418.0 409.0 432.0 421.0
186.0 68.0 189.0 89.0
322.0 288.0 331.0 299.0
336.0 218.0 344.0 230.0
369.0 94.0 372.0 106.0
364.0 413.0 378.0 424.0
184.0 69.0 189.0 89.0
33.0 130.0 41.0 148.0
185.0 67.0 189.0 89.0
358.0 162.0 363.0 174.0
272.0 248.0 281.0 260.0
119.0 284.0 130.0 303.0
336.0 219.0 344.0 230.0
33.0 125.0 41.0 147.0
32.0 124.0 41.0 147.0
363.0 411.0 378.0 424.0
323.0 289.0 331.0 299.0
185.0 68.0 189.0 89.0
9.0 161.0 17.0 181.0
324.0 597.0 343.0 609.0
44.0 489.0 61.0 507.0
337.0 218.0 344.0 230.0
272.0 247.0 281.0 260.0
379.0 399.0 393.0 410.0
378.0 397.0 393.0 410.0
323.0 288.0 331.0 299.0
323.0 290.0 331.0 299.0
184.0 67.0 189.0 89.0
33.0 124.0 41.0 147.0
47.0 488.0 61.0 507.0
102.0 128.0 110.0 146.0
118.0 284.0 130.0 303.0
378.0 396.0 392.0 409.0
184.0 68.0 189.0 89.0
273.0 250.0 281.0 261.0
77.0 199.0 86.0 219.0
78.0 200.0 86.0 219.0
378.0 398.0 393.0 410.0
46.0 487.0 61.0 507.0
380.0 398.0 393.0 410.0
47.0 487.0 61.0 507.0
27.0 93.0 34.0 114.0
273.0 249.0 281.0 261.0
44.0 488.0 61.0 507.0
356.0 161.0 363.0 174.0
356.0 162.0 363.0 174.0
10.0 160.0 17.0 181.0
357.0 162.0 363.0 174.0
183.0 68.0 189.0 89.0
233.0 101.0 236.0 118.0
103.0 176.0 111.0 193.0
9.0 160.0 17.0 181.0
46.0 488.0 61.0 507.0
232.0 101.0 236.0 118.0
45.0 488.0 61.0 507.0
8.0 161.0 17.0 181.0
77.0 200.0 86.0 220.0
28.0 92.0 34.0 114.0
103.0 177.0 111.0 193.0
44.0 487.0 61.0 507.0
104.0 177.0 111.0 193.0
358.0 161.0 363.0 174.0
324.0 596.0 343.0 609.0
357.0 161.0 363.0 174.0
45.0 489.0 61.0 507.0
335.0 218.0 344.0 230.0
232.0 100.0 235.0 117.0
27.0 92.0 34.0 114.0
231.0 100.0 235.0 117.0
102.0 129.0 110.0 147.0
363.0 101.0 366.0 114.0
46.0 489.0 61.0 507.0
388.0 63.0 390.0 75.0
45.0 487.0 61.0 507.0
118.0 98.0 125.0 121.0
43.0 488.0 61.0 507.0
43.0 489.0 61.0 507.0
8.0 160.0 17.0 181.0
71.0 126.0 78.0 145.0
363.0 102.0 366.0 115.0
103.0 127.0 110.0 146.0
32.0 123.0 41.0 147.0
103.0 175.0 111.0 193.0
293.0 597.0 312.0 611.0
26.0 92.0 34.0 114.0
71.0 125.0 78.0 144.0
293.0 596.0 312.0 611.0
118.0 100.0 125.0 121.0
388.0 64.0 390.0 75.0
161.0 62.0 164.0 82.0
8.0 159.0 17.0 181.0
28.0 91.0 34.0 114.0
73.0 127.0 78.0 145.0
9.0 159.0 17.0 181.0
118.0 99.0 125.0 121.0
231.0 99.0 235.0 117.0
324.0 289.0 331.0 299.0
27.0 91.0 34.0 114.0
119.0 100.0 125.0 121.0
72.0 126.0 78.0 144.0
414.0 138.0 419.0 150.0
33.0 123.0 41.0 147.0
73.0 126.0 78.0 144.0
232.0 99.0 235.0 117.0
73.0 125.0 78.0 144.0
389.0 63.0 390.0 75.0
72.0 125.0 78.0 144.0
103.0 128.0 110.0 146.0
72.0 127.0 78.0 145.0
161.0 63.0 164.0 82.0
422.0 95.0 426.0 108.0
292.0 597.0 312.0 611.0
415.0 138.0 419.0 150.0
119.0 99.0 125.0 121.0
389.0 64.0 391.0 75.0
189.0 299.0 201.0 317.0
103.0 129.0 110.0 147.0
26.0 91.0 34.0 114.0
292.0 596.0 312.0 611.0
149.0 319.0 163.0 336.0
119.0 98.0 125.0 121.0
103.0 131.0 110.0 147.0
415.0 137.0 419.0 150.0
103.0 130.0 110.0 147.0
150.0 319.0 163.0 336.0
422.0 96.0 426.0 108.0
27.0 90.0 34.0 114.0
162.0 62.0 164.0 82.0
162.0 63.0 164.0 82.0
3.0 490.0 18.0 509.0
413.0 138.0 417.0 149.0
23.0 72.0 30.0 95.0
423.0 95.0 426.0 108.0
149.0 318.0 163.0 336.0
188.0 299.0 201.0 317.0
163.0 63.0 164.0 82.0
2.0 490.0 18.0 509.0
298.0 555.0 316.0 577.0
413.0 137.0 417.0 149.0
422.0 97.0 427.0 108.0
153.0 85.0 157.0 100.0
423.0 97.0 426.0 108.0
153.0 84.0 157.0 100.0
414.0 137.0 419.0 150.0
23.0 73.0 30.0 95.0
292.0 595.0 312.0 611.0
229.0 594.0 248.0 612.0
154.0 84.0 157.0 100.0
291.0 597.0 310.0 610.0
297.0 556.0 316.0 577.0
25.0 73.0 30.0 93.0
151.0 84.0 157.0 100.0
414.0 30.0 415.0 42.0
154.0 83.0 157.0 100.0
423.0 96.0 426.0 108.0
415.0 60.0 416.0 73.0
3.0 489.0 18.0 509.0
2.0 489.0 18.0 509.0
291.0 595.0 310.0 610.0
24.0 73.0 30.0 93.0
152.0 84.0 157.0 100.0
150.0 318.0 163.0 336.0
23.0 71.0 30.0 93.0
414.0 29.0 414.0 41.0
153.0 83.0 157.0 100.0
24.0 72.0 30.0 93.0
227.0 80.0 232.0 98.0
291.0 596.0 310.0 610.0
227.0 79.0 232.0 98.0
413.0 136.0 417.0 149.0
152.0 83.0 157.0 100.0
190.0 298.0 201.0 317.0
442.0 106.0 443.0 119.0
150.0 317.0 163.0 336.0
297.0 555.0 316.0 577.0
24.0 74.0 30.0 93.0
441.0 106.0 443.0 119.0
189.0 298.0 201.0 317.0
441.0 107.0 443.0 119.0
414.0 58.0 416.0 72.0
153.0 82.0 157.0 99.0
414.0 136.0 419.0 150.0
414.0 60.0 416.0 73.0
115.0 49.0 118.0 70.0
151.0 83.0 157.0 100.0
415.0 58.0 416.0 72.0
415.0 136.0 419.0 150.0
415.0 59.0 416.0 72.0
414.0 59.0 416.0 72.0
279.0 87.0 281.0 95.0
11.0 175.0 20.0 199.0
278.0 87.0 281.0 95.0
13.0 191.0 20.0 201.0
12.0 191.0 20.0 201.0
152.0 82.0 157.0 100.0
188.0 298.0 201.0 317.0
12.0 193.0 20.0 201.0
12.0 192.0 20.0 201.0
257.0 605.0 275.0 609.0
13.0 192.0 20.0 201.0
124.0 79.0 135.0 102.0
138.0 300.0 153.0 320.0
13.0 193.0 20.0 201.0
12.0 194.0 20.0 201.0
405.0 43.0 406.0 55.0
91.0 17.0 96.0 37.0
13.0 194.0 20.0 201.0
14.0 193.0 20.0 201.0
405.0 42.0 406.0 55.0
405.0 44.0 406.0 55.0
395.0 56.0 391.0 75.0
275.0 570.0 299.0 591.0
90.0 18.0 96.0 37.0
91.0 18.0 96.0 37.0
90.0 31.0 95.0 54.0
90.0 19.0 96.0 37.0
91.0 19.0 96.0 37.0
90.0 20.0 95.0 36.0
100.0 234.0 112.0 192.0
404.0 43.0 406.0 55.0
227.0 418.0 244.0 442.0
404.0 44.0 406.0 55.0
226.0 417.0 244.0 442.0
226.0 418.0 244.0 442.0
100.0 235.0 112.0 192.0
100.0 236.0 112.0 192.0
227.0 417.0 244.0 442.0
404.0 42.0 406.0 55.0
99.0 234.0 111.0 192.0
137.0 299.0 153.0 320.0
291.0 435.0 303.0 442.0
90.0 32.0 95.0 54.0
99.0 235.0 111.0 192.0
91.0 20.0 96.0 37.0
390.0 93.0 394.0 105.0
389.0 92.0 394.0 105.0
390.0 92.0 394.0 105.0
262.0 598.0 280.0 624.0
389.0 93.0 394.0 105.0
225.0 417.0 244.0 442.0
389.0 94.0 394.0 105.0
274.0 571.0 299.0 591.0
226.0 416.0 244.0 442.0
261.0 598.0 280.0 624.0
390.0 94.0 394.0 105.0
189.0 353.0 208.0 359.0
112.0 69.0 111.0 100.0
425.0 76.0 417.0 72.0
274.0 570.0 299.0 591.0
112.0 68.0 111.0 100.0
457.0 90.0 444.0 119.0
424.0 77.0 417.0 72.0
458.0 90.0 444.0 119.0
425.0 77.0 417.0 72.0
189.0 354.0 208.0 359.0
457.0 89.0 444.0 119.0
458.0 89.0 444.0 119.0
19.0 232.0 20.0 199.0
19.0 233.0 20.0 199.0
203.0 73.0 190.0 89.0
20.0 233.0 20.0 199.0
19.0 234.0 20.0 199.0
113.0 68.0 111.0 100.0
426.0 77.0 417.0 72.0
457.0 88.0 444.0 119.0
20.0 232.0 20.0 199.0
112.0 67.0 111.0 100.0
424.0 78.0 426.0 106.0
468.0 75.0 444.0 121.0
202.0 73.0 190.0 89.0
