254.0 211.0 240.0 209.0
254.0 210.0 240.0 209.0
254.0 209.0 240.0 209.0
255.0 209.0 240.0 209.0
255.0 210.0 240.0 209.0
253.0 184.0 239.0 183.0
99.0 314.0 96.0 311.0
253.0 209.0 239.0 208.0
252.0 184.0 239.0 183.0
253.0 185.0 239.0 183.0
255.0 211.0 240.0 209.0
310.0 518.0 294.0 517.0
310.0 519.0 294.0 517.0
321.0 563.0 305.0 563.0
252.0 185.0 239.0 183.0
427.0 34.0 411.0 36.0
321.0 564.0 305.0 563.0
253.0 210.0 239.0 209.0
310.0 517.0 294.0 517.0
333.0 542.0 315.0 541.0
99.0 315.0 96.0 311.0
50.0 245.0 40.0 243.0
426.0 34.0 411.0 36.0
419.0 12.0 402.0 15.0
418.0 12.0 402.0 15.0
254.0 159.0 240.0 161.0
309.0 517.0 294.0 517.0
427.0 33.0 411.0 36.0
292.0 166.0 277.0 167.0
309.0 519.0 294.0 517.0
428.0 338.0 406.0 339.0
338.0 524.0 322.0 525.0
254.0 161.0 240.0 161.0
320.0 564.0 305.0 563.0
425.0 34.0 410.0 36.0
333.0 543.0 315.0 541.0
314.0 362.0 301.0 360.0
254.0 160.0 240.0 161.0
320.0 563.0 305.0 563.0
426.0 309.0 409.0 310.0
191.0 194.0 177.0 194.0
434.0 351.0 412.0 352.0
309.0 518.0 294.0 517.0
426.0 33.0 411.0 36.0
426.0 32.0 410.0 36.0
314.0 363.0 301.0 360.0
338.0 525.0 322.0 525.0
214.0 150.0 203.0 147.0
419.0 11.0 402.0 15.0
332.0 543.0 315.0 541.0
332.0 542.0 315.0 541.0
214.0 149.0 203.0 147.0
338.0 526.0 322.0 525.0
308.0 518.0 294.0 517.0
50.0 246.0 40.0 243.0
217.0 218.0 203.0 216.0
215.0 218.0 202.0 217.0
425.0 33.0 410.0 36.0
216.0 149.0 203.0 147.0
315.0 362.0 301.0 360.0
418.0 11.0 402.0 15.0
337.0 525.0 322.0 525.0
435.0 351.0 412.0 352.0
216.0 219.0 202.0 217.0
419.0 10.0 402.0 15.0
215.0 219.0 202.0 217.0
337.0 526.0 322.0 525.0
250.0 334.0 236.0 335.0
191.0 219.0 178.0 217.0
215.0 149.0 203.0 147.0
332.0 544.0 315.0 541.0
192.0 195.0 178.0 194.0
216.0 218.0 202.0 217.0
191.0 218.0 177.0 216.0
409.0 267.0 392.0 267.0
191.0 196.0 177.0 194.0
107.0 137.0 107.0 136.0
108.0 137.0 107.0 136.0
337.0 524.0 322.0 525.0
215.0 150.0 203.0 147.0
215.0 217.0 202.0 217.0
151.0 170.0 138.0 167.0
190.0 194.0 177.0 194.0
213.0 84.0 200.0 58.0
108.0 136.0 107.0 136.0
191.0 195.0 177.0 194.0
435.0 350.0 412.0 352.0
214.0 196.0 202.0 194.0
216.0 217.0 202.0 217.0
216.0 150.0 204.0 148.0
214.0 195.0 202.0 194.0
213.0 196.0 201.0 195.0
223.0 268.0 210.0 267.0
149.0 170.0 138.0 167.0
222.0 268.0 210.0 266.0
255.0 233.0 241.0 230.0
106.0 136.0 107.0 136.0
426.0 283.0 405.0 285.0
435.0 261.0 416.0 263.0
255.0 232.0 241.0 230.0
408.0 268.0 392.0 267.0
107.0 136.0 107.0 136.0
405.0 563.0 386.0 562.0
222.0 269.0 210.0 267.0
107.0 135.0 107.0 136.0
213.0 195.0 202.0 194.0
215.0 195.0 202.0 194.0
223.0 269.0 210.0 267.0
43.0 454.0 41.0 451.0
424.0 284.0 405.0 286.0
149.0 169.0 138.0 167.0
150.0 170.0 138.0 167.0
18.0 454.0 22.0 453.0
151.0 169.0 138.0 167.0
106.0 135.0 107.0 136.0
31.0 316.0 37.0 313.0
190.0 195.0 177.0 194.0
150.0 169.0 138.0 167.0
94.0 249.0 81.0 246.0
319.0 490.0 304.0 487.0
255.0 231.0 241.0 230.0
408.0 267.0 392.0 267.0
425.0 284.0 405.0 286.0
457.0 248.0 437.0 249.0
93.0 249.0 81.0 246.0
192.0 218.0 179.0 216.0
425.0 282.0 405.0 285.0
424.0 559.0 404.0 556.0
93.0 248.0 81.0 246.0
426.0 282.0 405.0 285.0
433.0 307.0 411.0 309.0
192.0 219.0 178.0 217.0
457.0 368.0 439.0 368.0
193.0 218.0 178.0 217.0
256.0 231.0 241.0 231.0
457.0 367.0 439.0 368.0
94.0 248.0 81.0 246.0
324.0 577.0 305.0 564.0
434.0 307.0 411.0 309.0
458.0 367.0 439.0 368.0
408.0 266.0 392.0 267.0
407.0 267.0 392.0 267.0
144.0 228.0 131.0 227.0
224.0 269.0 210.0 267.0
319.0 488.0 304.0 487.0
427.0 282.0 405.0 285.0
319.0 489.0 304.0 487.0
324.0 578.0 305.0 564.0
425.0 283.0 405.0 285.0
126.0 592.0 98.0 594.0
424.0 558.0 404.0 556.0
144.0 229.0 131.0 227.0
440.0 256.0 416.0 263.0
422.0 168.0 403.0 171.0
256.0 232.0 241.0 231.0
125.0 592.0 98.0 594.0
456.0 367.0 439.0 368.0
458.0 366.0 439.0 368.0
318.0 490.0 304.0 487.0
457.0 249.0 437.0 249.0
453.0 321.0 430.0 317.0
142.0 228.0 131.0 227.0
143.0 228.0 131.0 227.0
457.0 366.0 439.0 368.0
424.0 283.0 404.0 285.0
407.0 268.0 392.0 267.0
423.0 559.0 404.0 556.0
324.0 579.0 305.0 564.0
404.0 563.0 386.0 562.0
143.0 229.0 131.0 227.0
318.0 489.0 304.0 487.0
59.0 514.0 48.0 512.0
458.0 248.0 437.0 249.0
434.0 306.0 411.0 309.0
422.0 170.0 403.0 171.0
433.0 306.0 411.0 309.0
53.0 511.0 48.0 512.0
425.0 388.0 408.0 391.0
405.0 562.0 386.0 562.0
92.0 248.0 81.0 246.0
59.0 513.0 48.0 512.0
441.0 256.0 416.0 263.0
422.0 169.0 403.0 171.0
470.0 9.0 452.0 13.0
405.0 389.0 383.0 390.0
41.0 153.0 34.0 150.0
53.0 512.0 48.0 512.0
454.0 323.0 429.0 318.0
456.0 368.0 439.0 368.0
404.0 562.0 386.0 562.0
454.0 322.0 430.0 317.0
435.0 262.0 417.0 263.0
42.0 152.0 34.0 150.0
421.0 170.0 403.0 171.0
458.0 249.0 437.0 249.0
433.0 65.0 417.0 64.0
421.0 168.0 403.0 171.0
424.0 388.0 408.0 391.0
412.0 100.0 394.0 109.0
455.0 368.0 439.0 368.0
432.0 65.0 417.0 64.0
41.0 152.0 34.0 150.0
42.0 153.0 34.0 150.0
436.0 261.0 416.0 263.0
421.0 169.0 403.0 171.0
470.0 8.0 452.0 13.0
67.0 249.0 63.0 242.0
471.0 9.0 452.0 13.0
442.0 257.0 422.0 259.0
436.0 262.0 417.0 263.0
433.0 66.0 417.0 64.0
42.0 154.0 34.0 150.0
423.0 558.0 404.0 556.0
420.0 170.0 403.0 171.0
54.0 512.0 48.0 512.0
471.0 8.0 455.0 12.0
470.0 7.0 452.0 13.0
67.0 250.0 63.0 242.0
424.0 386.0 408.0 391.0
442.0 256.0 416.0 263.0
54.0 511.0 48.0 512.0
66.0 249.0 63.0 242.0
41.0 154.0 34.0 150.0
422.0 559.0 404.0 556.0
420.0 169.0 403.0 171.0
441.0 257.0 422.0 259.0
422.0 560.0 404.0 557.0
433.0 67.0 417.0 64.0
405.0 388.0 383.0 390.0
471.0 7.0 455.0 12.0
432.0 66.0 417.0 64.0
328.0 506.0 314.0 512.0
377.0 189.0 359.0 189.0
421.0 560.0 404.0 557.0
406.0 389.0 383.0 390.0
424.0 387.0 408.0 391.0
437.0 262.0 417.0 263.0
377.0 188.0 359.0 189.0
328.0 505.0 314.0 512.0
376.0 189.0 359.0 190.0
376.0 188.0 359.0 189.0
38.0 229.0 26.0 227.0
406.0 388.0 383.0 390.0
447.0 71.0 431.0 74.0
327.0 506.0 314.0 512.0
39.0 228.0 32.0 227.0
327.0 505.0 314.0 512.0
421.0 559.0 404.0 557.0
40.0 230.0 32.0 227.0
440.0 420.0 421.0 423.0
395.0 40.0 388.0 32.0
439.0 420.0 421.0 423.0
448.0 71.0 431.0 74.0
395.0 39.0 388.0 32.0
39.0 230.0 32.0 227.0
407.0 388.0 383.0 390.0
40.0 228.0 32.0 227.0
439.0 421.0 421.0 423.0
406.0 387.0 383.0 390.0
462.0 242.0 437.0 249.0
445.0 402.0 423.0 401.0
465.0 116.0 445.0 121.0
39.0 229.0 32.0 227.0
40.0 229.0 32.0 227.0
440.0 422.0 421.0 423.0
448.0 72.0 431.0 74.0
444.0 400.0 423.0 401.0
440.0 421.0 421.0 423.0
445.0 401.0 423.0 401.0
444.0 401.0 423.0 401.0
465.0 115.0 445.0 121.0
445.0 400.0 423.0 401.0
439.0 422.0 421.0 423.0
464.0 555.0 442.0 554.0
465.0 555.0 442.0 554.0
451.0 111.0 431.0 113.0
446.0 401.0 423.0 401.0
323.0 415.0 307.0 414.0
322.0 414.0 307.0 414.0
323.0 414.0 307.0 414.0
464.0 554.0 441.0 554.0
471.0 618.0 457.0 621.0
451.0 110.0 431.0 113.0
472.0 318.0 461.0 322.0
56.0 598.0 98.0 594.0
471.0 318.0 460.0 322.0
470.0 618.0 457.0 621.0
386.0 287.0 378.0 278.0
470.0 617.0 457.0 621.0
463.0 243.0 437.0 249.0
463.0 242.0 437.0 249.0
448.0 557.0 442.0 554.0
386.0 288.0 378.0 278.0
464.0 242.0 437.0 249.0
463.0 241.0 437.0 249.0
449.0 557.0 442.0 554.0
471.0 617.0 457.0 621.0
385.0 286.0 378.0 278.0
385.0 288.0 378.0 278.0
447.0 557.0 442.0 554.0
49.0 544.0 47.0 513.0
49.0 543.0 47.0 513.0
385.0 287.0 378.0 278.0
425.0 201.0 391.0 209.0
361.0 316.0 302.0 360.0
50.0 543.0 47.0 513.0
384.0 285.0 378.0 278.0
362.0 316.0 302.0 360.0
