394.0 360.0 380.0 344.0
69.0 200.0 58.0 195.0
334.0 249.0 321.0 235.0
334.0 250.0 320.0 237.0
90.0 620.0 79.0 611.0
358.0 433.0 343.0 416.0
69.0 199.0 58.0 195.0
372.0 539.0 358.0 519.0
179.0 160.0 167.0 153.0
126.0 448.0 114.0 441.0
272.0 289.0 259.0 276.0
68.0 198.0 56.0 195.0
178.0 160.0 166.0 154.0
372.0 538.0 358.0 519.0
373.0 539.0 358.0 519.0
68.0 199.0 56.0 195.0
177.0 158.0 165.0 152.0
67.0 199.0 56.0 195.0
89.0 619.0 79.0 611.0
224.0 439.0 211.0 427.0
224.0 440.0 211.0 427.0
178.0 158.0 165.0 152.0
179.0 159.0 167.0 153.0
91.0 620.0 79.0 611.0
161.0 219.0 148.0 212.0
157.0 556.0 145.0 545.0
171.0 540.0 159.0 528.0
393.0 360.0 380.0 345.0
177.0 159.0 165.0 153.0
68.0 98.0 56.0 95.0
172.0 541.0 160.0 529.0
171.0 539.0 159.0 528.0
68.0 200.0 57.0 195.0
90.0 618.0 79.0 611.0
221.0 28.0 212.0 25.0
107.0 39.0 95.0 35.0
90.0 619.0 79.0 611.0
117.0 115.0 107.0 111.0
271.0 288.0 259.0 276.0
178.0 159.0 167.0 153.0
176.0 159.0 165.0 153.0
223.0 438.0 211.0 427.0
116.0 509.0 105.0 500.0
161.0 220.0 149.0 213.0
68.0 97.0 57.0 94.0
374.0 538.0 359.0 519.0
69.0 97.0 57.0 94.0
271.0 289.0 259.0 277.0
204.0 521.0 191.0 509.0
177.0 160.0 166.0 154.0
374.0 539.0 359.0 519.0
156.0 555.0 145.0 545.0
160.0 220.0 148.0 213.0
86.0 96.0 75.0 92.0
106.0 38.0 95.0 35.0
172.0 540.0 159.0 528.0
338.0 349.0 324.0 333.0
159.0 219.0 147.0 212.0
116.0 510.0 105.0 500.0
85.0 97.0 75.0 92.0
271.0 290.0 258.0 277.0
116.0 114.0 106.0 111.0
272.0 290.0 258.0 277.0
117.0 114.0 107.0 111.0
91.0 619.0 79.0 611.0
155.0 284.0 142.0 277.0
69.0 96.0 57.0 94.0
373.0 538.0 359.0 519.0
203.0 521.0 191.0 509.0
106.0 39.0 95.0 35.0
186.0 48.0 176.0 43.0
160.0 219.0 148.0 212.0
223.0 439.0 211.0 427.0
62.0 123.0 50.0 119.0
62.0 122.0 50.0 118.0
187.0 48.0 176.0 43.0
158.0 556.0 145.0 545.0
221.0 27.0 212.0 25.0
117.0 509.0 105.0 500.0
210.0 540.0 200.0 528.0
185.0 555.0 173.0 543.0
269.0 68.0 256.0 63.0
87.0 96.0 75.0 92.0
32.0 129.0 22.0 125.0
268.0 69.0 256.0 63.0
211.0 539.0 201.0 528.0
208.0 40.0 199.0 37.0
126.0 449.0 114.0 441.0
61.0 123.0 50.0 119.0
185.0 554.0 173.0 543.0
159.0 220.0 148.0 213.0
368.0 584.0 353.0 564.0
208.0 41.0 199.0 37.0
105.0 39.0 95.0 35.0
268.0 68.0 256.0 63.0
105.0 38.0 95.0 35.0
186.0 553.0 173.0 543.0
210.0 41.0 199.0 37.0
340.0 349.0 324.0 333.0
72.0 412.0 60.0 404.0
223.0 440.0 211.0 427.0
211.0 541.0 200.0 528.0
269.0 67.0 256.0 63.0
86.0 97.0 75.0 92.0
339.0 349.0 324.0 333.0
99.0 416.0 86.0 409.0
157.0 555.0 145.0 545.0
154.0 284.0 142.0 277.0
209.0 41.0 199.0 37.0
98.0 416.0 86.0 409.0
52.0 138.0 42.0 134.0
185.0 553.0 173.0 543.0
186.0 554.0 173.0 543.0
33.0 128.0 22.0 125.0
268.0 67.0 256.0 63.0
212.0 540.0 201.0 528.0
33.0 129.0 22.0 125.0
61.0 122.0 50.0 118.0
51.0 137.0 42.0 134.0
185.0 552.0 173.0 541.0
129.0 215.0 116.0 209.0
184.0 554.0 173.0 543.0
206.0 398.0 193.0 386.0
463.0 365.0 447.0 346.0
211.0 540.0 200.0 528.0
184.0 553.0 173.0 543.0
128.0 215.0 116.0 209.0
155.0 285.0 143.0 277.0
268.0 66.0 256.0 63.0
61.0 124.0 50.0 119.0
97.0 416.0 86.0 409.0
391.0 591.0 378.0 573.0
77.0 519.0 67.0 510.0
130.0 288.0 122.0 283.0
158.0 555.0 145.0 545.0
264.0 530.0 253.0 515.0
70.0 490.0 60.0 482.0
267.0 69.0 256.0 63.0
192.0 405.0 180.0 394.0
269.0 66.0 256.0 63.0
71.0 491.0 60.0 482.0
209.0 40.0 199.0 37.0
210.0 40.0 200.0 37.0
463.0 364.0 447.0 346.0
60.0 123.0 50.0 119.0
34.0 128.0 22.0 125.0
127.0 215.0 116.0 208.0
307.0 571.0 294.0 553.0
127.0 216.0 116.0 209.0
99.0 417.0 86.0 409.0
185.0 48.0 176.0 43.0
206.0 397.0 193.0 386.0
72.0 491.0 60.0 483.0
267.0 68.0 256.0 63.0
267.0 67.0 256.0 63.0
222.0 439.0 211.0 427.0
154.0 285.0 143.0 277.0
87.0 97.0 75.0 92.0
37.0 441.0 27.0 434.0
98.0 417.0 86.0 409.0
276.0 440.0 263.0 427.0
72.0 490.0 60.0 482.0
186.0 49.0 176.0 43.0
33.0 130.0 22.0 125.0
264.0 529.0 253.0 515.0
205.0 397.0 193.0 386.0
78.0 519.0 67.0 510.0
97.0 483.0 85.0 475.0
230.0 294.0 218.0 283.0
275.0 440.0 263.0 427.0
265.0 529.0 253.0 515.0
205.0 398.0 193.0 386.0
70.0 491.0 60.0 482.0
116.0 113.0 106.0 111.0
60.0 122.0 48.0 118.0
34.0 129.0 22.0 125.0
38.0 442.0 27.0 434.0
53.0 137.0 42.0 134.0
391.0 592.0 378.0 573.0
53.0 138.0 42.0 134.0
187.0 49.0 176.0 43.0
49.0 495.0 37.0 487.0
243.0 273.0 232.0 264.0
99.0 483.0 86.0 476.0
38.0 441.0 27.0 434.0
76.0 519.0 67.0 510.0
264.0 528.0 253.0 515.0
117.0 113.0 107.0 111.0
71.0 490.0 60.0 482.0
244.0 274.0 232.0 264.0
392.0 593.0 378.0 573.0
37.0 440.0 27.0 434.0
274.0 441.0 263.0 427.0
273.0 441.0 261.0 427.0
54.0 138.0 43.0 135.0
307.0 572.0 294.0 553.0
305.0 555.0 292.0 538.0
88.0 97.0 75.0 92.0
313.0 507.0 299.0 490.0
464.0 365.0 447.0 346.0
98.0 484.0 85.0 475.0
275.0 441.0 263.0 427.0
392.0 592.0 378.0 573.0
244.0 273.0 232.0 263.0
136.0 290.0 123.0 284.0
110.0 541.0 97.0 532.0
274.0 440.0 263.0 427.0
243.0 274.0 232.0 264.0
136.0 574.0 123.0 571.0
97.0 484.0 85.0 475.0
308.0 571.0 294.0 553.0
98.0 483.0 85.0 475.0
71.0 412.0 60.0 404.0
201.0 425.0 189.0 414.0
62.0 443.0 51.0 436.0
229.0 294.0 218.0 283.0
109.0 352.0 98.0 344.0
63.0 443.0 51.0 436.0
71.0 539.0 60.0 530.0
264.0 527.0 252.0 514.0
306.0 554.0 292.0 538.0
72.0 539.0 60.0 530.0
308.0 572.0 294.0 553.0
464.0 366.0 447.0 346.0
309.0 571.0 294.0 553.0
69.0 332.0 57.0 325.0
105.0 281.0 92.0 275.0
309.0 572.0 294.0 553.0
306.0 555.0 292.0 538.0
109.0 353.0 98.0 344.0
68.0 332.0 57.0 325.0
72.0 538.0 60.0 530.0
230.0 296.0 218.0 283.0
230.0 295.0 218.0 283.0
137.0 291.0 123.0 284.0
202.0 425.0 189.0 414.0
12.0 289.0 6.0 286.0
306.0 556.0 292.0 538.0
465.0 365.0 447.0 346.0
105.0 280.0 92.0 275.0
21.0 318.0 10.0 314.0
71.0 538.0 60.0 530.0
72.0 593.0 62.0 582.0
136.0 573.0 123.0 571.0
229.0 295.0 218.0 283.0
307.0 556.0 292.0 538.0
103.0 281.0 92.0 274.0
135.0 291.0 123.0 284.0
71.0 593.0 62.0 582.0
104.0 280.0 92.0 274.0
108.0 352.0 98.0 344.0
229.0 296.0 218.0 283.0
103.0 280.0 90.0 274.0
104.0 281.0 92.0 275.0
307.0 555.0 292.0 538.0
69.0 331.0 57.0 325.0
68.0 331.0 57.0 325.0
136.0 291.0 123.0 284.0
154.0 404.0 142.0 395.0
136.0 292.0 123.0 284.0
17.0 184.0 6.0 182.0
38.0 213.0 28.0 209.0
18.0 184.0 6.0 182.0
38.0 212.0 28.0 208.0
22.0 318.0 10.0 314.0
260.0 594.0 248.0 580.0
21.0 317.0 10.0 314.0
16.0 186.0 6.0 182.0
108.0 353.0 98.0 344.0
17.0 289.0 6.0 286.0
298.0 629.0 285.0 614.0
17.0 185.0 6.0 182.0
89.0 395.0 78.0 387.0
72.0 594.0 62.0 582.0
153.0 405.0 142.0 395.0
298.0 630.0 285.0 614.0
17.0 186.0 6.0 182.0
88.0 394.0 77.0 387.0
402.0 385.0 379.0 369.0
17.0 291.0 6.0 286.0
33.0 107.0 26.0 95.0
17.0 290.0 6.0 286.0
16.0 185.0 6.0 182.0
155.0 405.0 143.0 394.0
90.0 395.0 78.0 387.0
137.0 292.0 123.0 284.0
89.0 394.0 77.0 387.0
48.0 282.0 35.0 278.0
47.0 282.0 35.0 278.0
259.0 594.0 248.0 580.0
34.0 107.0 26.0 95.0
18.0 186.0 6.0 182.0
22.0 317.0 10.0 314.0
39.0 213.0 27.0 209.0
18.0 185.0 6.0 182.0
48.0 283.0 35.0 278.0
18.0 290.0 6.0 286.0
46.0 281.0 35.0 278.0
90.0 394.0 78.0 387.0
39.0 212.0 27.0 209.0
209.0 388.0 204.0 370.0
231.0 628.0 220.0 614.0
258.0 594.0 246.0 580.0
47.0 281.0 35.0 278.0
20.0 499.0 10.0 492.0
47.0 247.0 36.0 244.0
259.0 595.0 246.0 582.0
48.0 247.0 36.0 244.0
183.0 422.0 175.0 407.0
259.0 593.0 248.0 580.0
48.0 246.0 36.0 244.0
48.0 536.0 36.0 528.0
56.0 472.0 44.0 467.0
48.0 248.0 36.0 244.0
154.0 405.0 142.0 395.0
27.0 162.0 12.0 157.0
47.0 536.0 36.0 528.0
40.0 213.0 27.0 209.0
21.0 499.0 10.0 490.0
54.0 523.0 43.0 514.0
54.0 522.0 43.0 514.0
258.0 595.0 246.0 580.0
46.0 534.0 36.0 528.0
30.0 272.0 19.0 268.0
26.0 162.0 12.0 157.0
30.0 530.0 16.0 519.0
26.0 161.0 12.0 157.0
25.0 162.0 12.0 157.0
183.0 423.0 175.0 407.0
49.0 247.0 36.0 245.0
31.0 271.0 19.0 268.0
48.0 535.0 36.0 528.0
30.0 531.0 16.0 521.0
47.0 535.0 36.0 528.0
25.0 161.0 12.0 157.0
29.0 271.0 19.0 268.0
24.0 424.0 13.0 417.0
30.0 271.0 19.0 268.0
22.0 499.0 10.0 490.0
46.0 535.0 36.0 528.0
30.0 594.0 20.0 583.0
47.0 534.0 36.0 528.0
30.0 529.0 16.0 519.0
355.0 337.0 334.0 311.0
236.0 318.0 227.0 316.0
110.0 21.0 95.0 33.0
21.0 500.0 10.0 492.0
29.0 530.0 16.0 519.0
29.0 529.0 16.0 519.0
240.0 606.0 228.0 592.0
31.0 530.0 16.0 521.0
241.0 606.0 228.0 592.0
29.0 595.0 20.0 583.0
111.0 21.0 95.0 33.0
237.0 317.0 228.0 315.0
355.0 338.0 334.0 311.0
30.0 595.0 20.0 583.0
240.0 607.0 228.0 592.0
111.0 20.0 95.0 33.0
31.0 330.0 18.0 327.0
4.0 506.0 10.0 491.0
236.0 317.0 227.0 316.0
110.0 20.0 95.0 33.0
30.0 596.0 20.0 583.0
62.0 522.0 43.0 515.0
62.0 523.0 43.0 515.0
132.0 629.0 144.0 637.0
141.0 445.0 142.0 436.0
112.0 551.0 98.0 532.0
236.0 316.0 227.0 316.0
