191.0 257.0 191.0 258.0
190.0 257.0 191.0 258.0
191.0 256.0 191.0 257.0
155.0 230.0 156.0 231.0
204.0 247.0 205.0 248.0
167.0 323.0 167.0 325.0
155.0 231.0 156.0 231.0
204.0 246.0 205.0 248.0
154.0 231.0 156.0 231.0
140.0 367.0 140.0 368.0
139.0 241.0 140.0 241.0
154.0 230.0 156.0 231.0
167.0 324.0 167.0 325.0
91.0 375.0 91.0 376.0
166.0 324.0 167.0 325.0
140.0 241.0 140.0 241.0
203.0 247.0 204.0 248.0
139.0 240.0 140.0 239.0
140.0 240.0 140.0 240.0
81.0 622.0 79.0 624.0
54.0 524.0 53.0 524.0
97.0 379.0 97.0 380.0
168.0 324.0 168.0 325.0
38.0 358.0 39.0 356.0
71.0 509.0 69.0 512.0
96.0 379.0 97.0 380.0
190.0 255.0 192.0 256.0
274.0 70.0 277.0 70.0
190.0 256.0 191.0 257.0
70.0 509.0 69.0 512.0
314.0 410.0 315.0 416.0
274.0 71.0 278.0 70.0
322.0 345.0 323.0 350.0
54.0 525.0 53.0 524.0
275.0 69.0 278.0 68.0
72.0 359.0 71.0 358.0
275.0 70.0 279.0 69.0
14.0 546.0 13.0 545.0
62.0 617.0 60.0 621.0
33.0 544.0 31.0 543.0
275.0 71.0 278.0 70.0
32.0 545.0 31.0 543.0
127.0 249.0 127.0 247.0
85.0 429.0 85.0 430.0
127.0 248.0 127.0 247.0
85.0 428.0 85.0 430.0
323.0 345.0 325.0 350.0
32.0 544.0 31.0 543.0
82.0 622.0 79.0 624.0
84.0 429.0 85.0 430.0
216.0 396.0 217.0 399.0
235.0 385.0 235.0 388.0
126.0 248.0 127.0 247.0
33.0 545.0 31.0 543.0
182.0 30.0 187.0 26.0
114.0 372.0 114.0 373.0
234.0 385.0 235.0 388.0
203.0 246.0 204.0 248.0
72.0 358.0 71.0 358.0
90.0 374.0 90.0 376.0
33.0 630.0 31.0 633.0
14.0 547.0 13.0 545.0
85.0 344.0 85.0 345.0
37.0 358.0 38.0 356.0
139.0 368.0 139.0 368.0
86.0 345.0 85.0 345.0
314.0 409.0 315.0 416.0
170.0 609.0 167.0 610.0
120.0 318.0 120.0 318.0
32.0 546.0 31.0 543.0
323.0 344.0 325.0 350.0
97.0 378.0 97.0 380.0
82.0 623.0 80.0 624.0
95.0 68.0 97.0 63.0
37.0 359.0 38.0 356.0
137.0 318.0 138.0 319.0
170.0 608.0 167.0 610.0
154.0 447.0 155.0 450.0
234.0 384.0 235.0 388.0
127.0 247.0 127.0 247.0
133.0 348.0 133.0 349.0
132.0 348.0 133.0 349.0
84.0 563.0 83.0 565.0
113.0 372.0 113.0 373.0
112.0 372.0 113.0 373.0
34.0 630.0 31.0 633.0
170.0 512.0 169.0 515.0
217.0 396.0 217.0 399.0
120.0 317.0 120.0 318.0
188.0 456.0 186.0 460.0
44.0 605.0 43.0 608.0
94.0 68.0 96.0 63.0
14.0 548.0 13.0 545.0
45.0 604.0 43.0 608.0
83.0 622.0 80.0 624.0
173.0 543.0 171.0 544.0
53.0 525.0 53.0 524.0
119.0 317.0 120.0 317.0
184.0 29.0 187.0 26.0
322.0 344.0 324.0 349.0
182.0 29.0 187.0 26.0
126.0 249.0 127.0 247.0
61.0 616.0 60.0 621.0
138.0 476.0 138.0 478.0
15.0 547.0 14.0 545.0
113.0 371.0 113.0 372.0
183.0 30.0 187.0 26.0
84.0 428.0 85.0 430.0
420.0 253.0 424.0 262.0
38.0 359.0 39.0 356.0
155.0 446.0 155.0 450.0
215.0 579.0 213.0 585.0
220.0 380.0 220.0 383.0
83.0 623.0 80.0 624.0
428.0 457.0 429.0 468.0
84.0 562.0 83.0 565.0
183.0 29.0 187.0 26.0
15.0 548.0 13.0 545.0
56.0 369.0 57.0 368.0
169.0 608.0 167.0 610.0
428.0 458.0 429.0 468.0
179.0 386.0 179.0 389.0
133.0 349.0 134.0 350.0
216.0 580.0 213.0 585.0
174.0 543.0 172.0 545.0
12.0 400.0 13.0 398.0
86.0 344.0 85.0 345.0
183.0 28.0 187.0 26.0
420.0 254.0 425.0 262.0
73.0 359.0 71.0 358.0
124.0 545.0 123.0 548.0
139.0 476.0 138.0 478.0
57.0 369.0 57.0 368.0
94.0 69.0 97.0 64.0
144.0 301.0 145.0 301.0
61.0 509.0 60.0 512.0
90.0 509.0 88.0 511.0
136.0 318.0 138.0 319.0
310.0 505.0 309.0 512.0
141.0 368.0 140.0 368.0
406.0 240.0 409.0 245.0
278.0 40.0 281.0 37.0
170.0 511.0 169.0 515.0
16.0 285.0 16.0 283.0
44.0 604.0 43.0 608.0
45.0 605.0 43.0 608.0
132.0 349.0 133.0 349.0
140.0 368.0 140.0 368.0
215.0 580.0 213.0 585.0
144.0 303.0 145.0 303.0
171.0 512.0 169.0 515.0
406.0 239.0 409.0 245.0
251.0 589.0 249.0 594.0
63.0 616.0 60.0 621.0
62.0 616.0 60.0 621.0
12.0 401.0 13.0 398.0
307.0 476.0 307.0 482.0
120.0 476.0 118.0 479.0
290.0 29.0 293.0 26.0
216.0 560.0 213.0 564.0
144.0 302.0 145.0 303.0
64.0 302.0 65.0 299.0
363.0 71.0 365.0 70.0
143.0 303.0 144.0 303.0
119.0 476.0 118.0 479.0
112.0 371.0 113.0 372.0
139.0 477.0 138.0 479.0
215.0 560.0 213.0 564.0
173.0 542.0 171.0 544.0
57.0 368.0 57.0 368.0
143.0 302.0 144.0 302.0
83.0 563.0 83.0 565.0
56.0 368.0 57.0 368.0
251.0 588.0 249.0 594.0
291.0 57.0 294.0 53.0
367.0 390.0 368.0 399.0
174.0 542.0 171.0 544.0
182.0 47.0 185.0 43.0
143.0 301.0 144.0 302.0
138.0 477.0 138.0 479.0
91.0 509.0 88.0 511.0
290.0 57.0 294.0 53.0
15.0 284.0 16.0 283.0
64.0 301.0 65.0 299.0
266.0 314.0 268.0 318.0
250.0 589.0 249.0 594.0
179.0 387.0 179.0 389.0
266.0 313.0 267.0 317.0
178.0 387.0 179.0 389.0
155.0 447.0 155.0 450.0
405.0 239.0 409.0 245.0
156.0 524.0 155.0 526.0
171.0 608.0 167.0 610.0
368.0 390.0 369.0 399.0
132.0 347.0 132.0 349.0
65.0 301.0 66.0 300.0
133.0 347.0 133.0 349.0
353.0 304.0 355.0 310.0
290.0 30.0 294.0 26.0
189.0 456.0 186.0 460.0
289.0 29.0 293.0 26.0
11.0 399.0 13.0 398.0
15.0 285.0 16.0 283.0
173.0 541.0 171.0 544.0
67.0 98.0 71.0 92.0
429.0 456.0 430.0 467.0
16.0 286.0 16.0 283.0
250.0 588.0 249.0 594.0
307.0 477.0 307.0 482.0
49.0 278.0 51.0 276.0
132.0 91.0 135.0 88.0
65.0 302.0 65.0 300.0
157.0 524.0 155.0 526.0
119.0 475.0 118.0 479.0
267.0 314.0 268.0 318.0
306.0 476.0 307.0 482.0
95.0 69.0 97.0 63.0
306.0 477.0 307.0 482.0
434.0 262.0 437.0 270.0
160.0 412.0 160.0 414.0
362.0 72.0 365.0 70.0
250.0 590.0 249.0 595.0
55.0 368.0 56.0 367.0
353.0 305.0 355.0 310.0
132.0 92.0 135.0 88.0
255.0 446.0 255.0 450.0
405.0 240.0 409.0 245.0
22.0 306.0 22.0 303.0
310.0 504.0 309.0 512.0
15.0 286.0 16.0 283.0
91.0 508.0 88.0 511.0
291.0 56.0 294.0 53.0
11.0 400.0 13.0 398.0
50.0 278.0 52.0 276.0
429.0 457.0 430.0 467.0
305.0 477.0 307.0 482.0
157.0 523.0 155.0 526.0
186.0 562.0 185.0 568.0
434.0 263.0 437.0 270.0
406.0 24.0 410.0 21.0
22.0 305.0 22.0 303.0
186.0 563.0 185.0 568.0
367.0 391.0 368.0 399.0
189.0 457.0 186.0 460.0
187.0 563.0 185.0 568.0
187.0 562.0 185.0 567.0
133.0 92.0 135.0 88.0
121.0 475.0 118.0 479.0
251.0 590.0 249.0 595.0
368.0 392.0 369.0 399.0
255.0 445.0 255.0 450.0
54.0 490.0 53.0 492.0
54.0 526.0 53.0 524.0
278.0 41.0 281.0 37.0
53.0 526.0 53.0 524.0
362.0 73.0 365.0 70.0
63.0 301.0 65.0 299.0
161.0 412.0 160.0 414.0
92.0 509.0 88.0 511.0
51.0 469.0 51.0 472.0
256.0 446.0 255.0 450.0
292.0 56.0 294.0 53.0
50.0 280.0 52.0 276.0
51.0 470.0 51.0 472.0
67.0 97.0 71.0 92.0
368.0 391.0 369.0 399.0
120.0 475.0 118.0 479.0
68.0 97.0 71.0 92.0
50.0 279.0 52.0 276.0
73.0 58.0 75.0 52.0
289.0 30.0 293.0 26.0
138.0 188.0 138.0 186.0
52.0 470.0 51.0 472.0
202.0 518.0 201.0 522.0
68.0 98.0 71.0 92.0
363.0 72.0 365.0 70.0
256.0 445.0 255.0 450.0
280.0 466.0 279.0 473.0
270.0 523.0 268.0 531.0
267.0 313.0 268.0 317.0
15.0 523.0 14.0 521.0
11.0 401.0 13.0 398.0
49.0 279.0 51.0 276.0
54.0 489.0 53.0 492.0
354.0 304.0 355.0 310.0
133.0 91.0 136.0 87.0
14.0 285.0 16.0 283.0
277.0 41.0 281.0 37.0
53.0 489.0 53.0 492.0
22.0 584.0 19.0 587.0
139.0 186.0 138.0 186.0
52.0 469.0 51.0 472.0
201.0 518.0 201.0 522.0
53.0 469.0 51.0 472.0
92.0 508.0 88.0 511.0
433.0 262.0 437.0 270.0
138.0 187.0 138.0 186.0
354.0 305.0 355.0 310.0
428.0 456.0 429.0 468.0
278.0 42.0 281.0 37.0
198.0 629.0 197.0 633.0
280.0 467.0 279.0 473.0
40.0 197.0 43.0 193.0
364.0 319.0 366.0 326.0
198.0 630.0 197.0 633.0
139.0 187.0 138.0 186.0
23.0 305.0 23.0 303.0
72.0 58.0 75.0 52.0
53.0 470.0 51.0 472.0
41.0 197.0 43.0 193.0
49.0 280.0 51.0 276.0
44.0 405.0 43.0 404.0
199.0 629.0 197.0 633.0
138.0 186.0 138.0 186.0
301.0 391.0 301.0 397.0
269.0 523.0 268.0 531.0
43.0 405.0 43.0 404.0
137.0 187.0 138.0 186.0
161.0 413.0 160.0 414.0
160.0 413.0 160.0 414.0
199.0 628.0 197.0 633.0
277.0 42.0 281.0 37.0
72.0 59.0 75.0 52.0
433.0 263.0 437.0 270.0
363.0 73.0 365.0 70.0
53.0 430.0 53.0 433.0
53.0 431.0 53.0 433.0
199.0 630.0 197.0 633.0
261.0 389.0 260.0 393.0
305.0 555.0 303.0 562.0
93.0 508.0 88.0 511.0
407.0 401.0 409.0 412.0
231.0 528.0 230.0 533.0
22.0 583.0 19.0 587.0
343.0 41.0 346.0 38.0
23.0 584.0 19.0 587.0
51.0 243.0 53.0 238.0
262.0 389.0 260.0 393.0
220.0 536.0 218.0 541.0
342.0 41.0 346.0 38.0
54.0 431.0 53.0 433.0
43.0 406.0 43.0 404.0
261.0 390.0 261.0 394.0
137.0 186.0 138.0 186.0
32.0 101.0 35.0 95.0
305.0 553.0 303.0 560.0
394.0 208.0 396.0 214.0
305.0 554.0 303.0 562.0
24.0 584.0 20.0 587.0
23.0 583.0 19.0 587.0
393.0 208.0 396.0 214.0
52.0 243.0 53.0 238.0
44.0 406.0 43.0 404.0
232.0 580.0 230.0 585.0
394.0 209.0 396.0 214.0
304.0 555.0 303.0 562.0
393.0 209.0 396.0 214.0
50.0 209.0 52.0 206.0
24.0 583.0 21.0 587.0
32.0 102.0 35.0 95.0
304.0 554.0 303.0 562.0
42.0 406.0 42.0 404.0
54.0 430.0 53.0 433.0
388.0 598.0 387.0 610.0
120.0 456.0 119.0 459.0
247.0 370.0 246.0 373.0
50.0 210.0 52.0 206.0
120.0 455.0 119.0 459.0
119.0 456.0 119.0 459.0
137.0 589.0 135.0 593.0
304.0 553.0 303.0 560.0
137.0 590.0 135.0 593.0
247.0 369.0 246.0 373.0
246.0 370.0 246.0 373.0
119.0 455.0 119.0 459.0
388.0 599.0 387.0 610.0
50.0 211.0 52.0 206.0
284.0 35.0 281.0 37.0
247.0 371.0 246.0 373.0
30.0 449.0 28.0 454.0
246.0 369.0 246.0 373.0
388.0 600.0 387.0 610.0
285.0 622.0 284.0 632.0
389.0 599.0 387.0 610.0
188.0 250.0 192.0 256.0
285.0 623.0 284.0 632.0
387.0 599.0 387.0 610.0
189.0 317.0 187.0 325.0
84.0 474.0 83.0 468.0
85.0 474.0 83.0 468.0
188.0 317.0 187.0 325.0
153.0 456.0 154.0 451.0
188.0 316.0 187.0 325.0
152.0 456.0 154.0 451.0
84.0 369.0 90.0 376.0
222.0 513.0 232.0 514.0
319.0 462.0 307.0 482.0
56.0 337.0 58.0 321.0
84.0 368.0 90.0 376.0
