328.0 155.0 328.0 182.0
327.0 155.0 328.0 182.0
237.0 211.0 240.0 236.0
261.0 164.0 263.0 190.0
262.0 164.0 263.0 190.0
326.0 155.0 328.0 182.0
262.0 165.0 263.0 190.0
262.0 166.0 263.0 190.0
236.0 211.0 240.0 236.0
261.0 166.0 263.0 191.0
327.0 154.0 328.0 182.0
237.0 212.0 240.0 238.0
308.0 307.0 317.0 331.0
269.0 516.0 284.0 545.0
261.0 163.0 263.0 190.0
235.0 204.0 238.0 228.0
261.0 165.0 263.0 190.0
236.0 205.0 239.0 229.0
332.0 138.0 332.0 163.0
269.0 517.0 284.0 545.0
237.0 213.0 240.0 238.0
332.0 139.0 332.0 163.0
417.0 544.0 418.0 535.0
270.0 517.0 284.0 545.0
309.0 307.0 317.0 331.0
235.0 205.0 238.0 228.0
308.0 308.0 317.0 331.0
236.0 212.0 240.0 238.0
331.0 139.0 332.0 163.0
269.0 530.0 286.0 561.0
236.0 206.0 239.0 229.0
162.0 514.0 176.0 543.0
180.0 271.0 186.0 295.0
117.0 195.0 124.0 228.0
179.0 271.0 186.0 297.0
270.0 529.0 286.0 561.0
307.0 308.0 316.0 331.0
163.0 513.0 176.0 543.0
332.0 141.0 332.0 163.0
162.0 513.0 175.0 544.0
180.0 269.0 186.0 295.0
332.0 140.0 332.0 163.0
270.0 530.0 286.0 561.0
202.0 492.0 214.0 517.0
331.0 140.0 332.0 163.0
83.0 132.0 87.0 163.0
253.0 343.0 260.0 367.0
309.0 308.0 317.0 331.0
213.0 267.0 219.0 291.0
307.0 307.0 316.0 331.0
437.0 220.0 439.0 240.0
254.0 345.0 261.0 367.0
117.0 196.0 124.0 228.0
179.0 270.0 186.0 297.0
82.0 134.0 87.0 163.0
82.0 133.0 87.0 163.0
179.0 272.0 186.0 297.0
180.0 270.0 186.0 295.0
235.0 206.0 239.0 229.0
203.0 492.0 214.0 517.0
214.0 268.0 220.0 291.0
118.0 196.0 124.0 228.0
163.0 514.0 176.0 543.0
309.0 309.0 317.0 331.0
163.0 515.0 176.0 543.0
253.0 344.0 260.0 367.0
82.0 132.0 87.0 163.0
437.0 221.0 440.0 241.0
237.0 387.0 244.0 410.0
268.0 530.0 286.0 561.0
234.0 205.0 238.0 228.0
164.0 382.0 173.0 405.0
114.0 289.0 124.0 319.0
164.0 514.0 176.0 543.0
237.0 388.0 245.0 410.0
299.0 231.0 302.0 256.0
329.0 340.0 339.0 363.0
83.0 134.0 87.0 163.0
310.0 307.0 317.0 331.0
227.0 481.0 238.0 507.0
213.0 265.0 219.0 289.0
214.0 267.0 220.0 291.0
310.0 308.0 317.0 331.0
203.0 491.0 214.0 517.0
164.0 513.0 176.0 543.0
83.0 133.0 87.0 163.0
234.0 206.0 238.0 228.0
180.0 272.0 186.0 295.0
330.0 140.0 332.0 163.0
179.0 269.0 186.0 295.0
213.0 266.0 219.0 289.0
268.0 529.0 286.0 561.0
185.0 490.0 195.0 515.0
170.0 202.0 173.0 227.0
299.0 230.0 302.0 256.0
164.0 381.0 173.0 405.0
255.0 343.0 261.0 367.0
118.0 195.0 125.0 228.0
308.0 309.0 317.0 331.0
115.0 289.0 124.0 319.0
118.0 197.0 125.0 228.0
257.0 257.0 261.0 281.0
238.0 387.0 245.0 410.0
255.0 344.0 261.0 367.0
164.0 383.0 173.0 405.0
202.0 429.0 212.0 453.0
228.0 481.0 238.0 507.0
255.0 345.0 261.0 367.0
97.0 175.0 102.0 204.0
214.0 266.0 219.0 289.0
170.0 201.0 173.0 227.0
97.0 174.0 102.0 204.0
298.0 230.0 302.0 256.0
256.0 257.0 261.0 281.0
268.0 528.0 286.0 561.0
165.0 383.0 173.0 405.0
215.0 267.0 220.0 291.0
201.0 491.0 213.0 517.0
254.0 344.0 261.0 367.0
254.0 343.0 261.0 367.0
162.0 245.0 168.0 271.0
236.0 388.0 245.0 409.0
98.0 174.0 102.0 204.0
119.0 196.0 125.0 228.0
269.0 529.0 286.0 561.0
361.0 80.0 357.0 106.0
214.0 265.0 219.0 289.0
202.0 431.0 211.0 455.0
202.0 491.0 214.0 517.0
226.0 482.0 238.0 507.0
172.0 551.0 181.0 586.0
269.0 528.0 286.0 561.0
267.0 529.0 286.0 561.0
198.0 291.0 204.0 316.0
362.0 81.0 357.0 106.0
237.0 389.0 245.0 410.0
96.0 172.0 102.0 202.0
361.0 81.0 357.0 106.0
238.0 388.0 245.0 411.0
197.0 291.0 204.0 316.0
386.0 345.0 395.0 367.0
329.0 341.0 338.0 365.0
203.0 430.0 211.0 455.0
115.0 288.0 124.0 319.0
367.0 358.0 376.0 381.0
362.0 80.0 357.0 106.0
329.0 338.0 339.0 363.0
201.0 490.0 214.0 517.0
204.0 433.0 213.0 457.0
387.0 346.0 396.0 368.0
329.0 339.0 339.0 363.0
387.0 345.0 396.0 368.0
367.0 359.0 376.0 381.0
170.0 203.0 173.0 229.0
328.0 339.0 337.0 363.0
97.0 172.0 102.0 202.0
96.0 173.0 102.0 204.0
185.0 491.0 195.0 515.0
160.0 245.0 168.0 271.0
367.0 360.0 376.0 381.0
215.0 266.0 220.0 290.0
202.0 490.0 214.0 517.0
165.0 382.0 173.0 405.0
202.0 430.0 211.0 455.0
437.0 222.0 440.0 241.0
171.0 552.0 181.0 586.0
197.0 292.0 204.0 316.0
162.0 244.0 168.0 271.0
360.0 79.0 357.0 106.0
215.0 265.0 219.0 289.0
199.0 292.0 204.0 316.0
171.0 550.0 181.0 586.0
96.0 174.0 102.0 204.0
98.0 173.0 102.0 202.0
204.0 431.0 212.0 454.0
161.0 245.0 168.0 271.0
161.0 246.0 168.0 271.0
161.0 244.0 168.0 271.0
227.0 482.0 238.0 507.0
199.0 554.0 211.0 579.0
173.0 324.0 179.0 348.0
97.0 173.0 102.0 202.0
171.0 551.0 181.0 586.0
257.0 258.0 261.0 281.0
346.0 329.0 353.0 349.0
200.0 555.0 211.0 579.0
328.0 337.0 337.0 363.0
203.0 431.0 212.0 454.0
203.0 432.0 212.0 454.0
366.0 358.0 376.0 381.0
241.0 529.0 255.0 552.0
328.0 338.0 337.0 363.0
347.0 329.0 353.0 349.0
361.0 82.0 357.0 106.0
256.0 258.0 261.0 281.0
328.0 340.0 339.0 363.0
201.0 555.0 211.0 579.0
162.0 246.0 168.0 271.0
366.0 359.0 376.0 381.0
202.0 489.0 213.0 517.0
200.0 554.0 211.0 579.0
346.0 328.0 353.0 349.0
386.0 344.0 396.0 368.0
198.0 292.0 204.0 316.0
241.0 530.0 255.0 552.0
228.0 482.0 238.0 507.0
204.0 432.0 213.0 457.0
173.0 325.0 179.0 348.0
423.0 64.0 418.0 88.0
189.0 397.0 197.0 421.0
201.0 556.0 211.0 579.0
98.0 172.0 102.0 202.0
422.0 64.0 418.0 88.0
202.0 432.0 211.0 455.0
199.0 555.0 211.0 579.0
422.0 63.0 419.0 87.0
347.0 328.0 353.0 349.0
199.0 556.0 211.0 579.0
273.0 338.0 281.0 361.0
260.0 488.0 272.0 511.0
458.0 235.0 461.0 255.0
131.0 549.0 143.0 580.0
423.0 63.0 419.0 87.0
458.0 236.0 461.0 255.0
457.0 236.0 461.0 255.0
188.0 397.0 197.0 421.0
423.0 62.0 419.0 87.0
117.0 298.0 124.0 320.0
457.0 235.0 461.0 255.0
458.0 234.0 461.0 255.0
203.0 433.0 213.0 457.0
200.0 557.0 211.0 579.0
201.0 488.0 213.0 517.0
201.0 489.0 213.0 517.0
424.0 62.0 419.0 87.0
424.0 63.0 419.0 88.0
302.0 247.0 303.0 256.0
457.0 234.0 461.0 255.0
301.0 248.0 303.0 256.0
458.0 233.0 461.0 255.0
200.0 556.0 211.0 579.0
202.0 488.0 213.0 517.0
138.0 287.0 147.0 314.0
156.0 356.0 163.0 378.0
345.0 328.0 352.0 349.0
457.0 233.0 461.0 255.0
346.0 327.0 353.0 349.0
188.0 396.0 197.0 421.0
302.0 248.0 303.0 256.0
261.0 488.0 272.0 511.0
230.0 319.0 236.0 333.0
138.0 288.0 147.0 314.0
302.0 249.0 303.0 256.0
261.0 489.0 272.0 511.0
139.0 292.0 147.0 314.0
156.0 357.0 163.0 378.0
138.0 289.0 147.0 314.0
157.0 357.0 163.0 378.0
138.0 290.0 147.0 314.0
452.0 252.0 460.0 264.0
154.0 326.0 164.0 355.0
155.0 356.0 162.0 378.0
81.0 118.0 87.0 163.0
345.0 325.0 353.0 349.0
138.0 291.0 147.0 314.0
155.0 355.0 162.0 378.0
137.0 287.0 147.0 314.0
155.0 357.0 162.0 378.0
261.0 490.0 272.0 511.0
137.0 286.0 147.0 314.0
452.0 253.0 460.0 264.0
230.0 320.0 236.0 333.0
206.0 357.0 214.0 381.0
65.0 101.0 67.0 124.0
138.0 292.0 147.0 314.0
154.0 325.0 164.0 355.0
206.0 358.0 214.0 381.0
137.0 288.0 147.0 314.0
231.0 319.0 236.0 333.0
451.0 253.0 460.0 264.0
139.0 293.0 147.0 314.0
155.0 358.0 162.0 378.0
156.0 358.0 163.0 378.0
262.0 491.0 272.0 511.0
156.0 359.0 163.0 378.0
23.0 7.0 25.0 30.0
23.0 8.0 25.0 30.0
233.0 633.0 218.0 633.0
23.0 9.0 25.0 30.0
205.0 358.0 214.0 381.0
153.0 208.0 156.0 227.0
138.0 293.0 147.0 314.0
231.0 320.0 236.0 333.0
22.0 7.0 25.0 30.0
382.0 341.0 395.0 366.0
205.0 601.0 219.0 633.0
232.0 632.0 218.0 633.0
205.0 603.0 219.0 633.0
206.0 602.0 219.0 633.0
232.0 633.0 218.0 633.0
206.0 603.0 219.0 633.0
231.0 633.0 218.0 633.0
272.0 344.0 281.0 361.0
382.0 343.0 395.0 366.0
205.0 602.0 219.0 633.0
204.0 601.0 219.0 633.0
272.0 345.0 281.0 361.0
205.0 357.0 214.0 381.0
382.0 342.0 395.0 366.0
206.0 601.0 219.0 633.0
204.0 602.0 218.0 633.0
231.0 321.0 236.0 333.0
139.0 294.0 147.0 314.0
204.0 358.0 206.0 390.0
171.0 497.0 175.0 541.0
188.0 390.0 198.0 406.0
273.0 345.0 281.0 361.0
120.0 210.0 124.0 230.0
250.0 472.0 271.0 509.0
228.0 592.0 246.0 625.0
219.0 571.0 233.0 599.0
218.0 571.0 233.0 599.0
204.0 357.0 206.0 390.0
79.0 118.0 87.0 163.0
219.0 569.0 234.0 599.0
170.0 498.0 175.0 541.0
188.0 391.0 197.0 421.0
170.0 497.0 175.0 541.0
229.0 592.0 246.0 625.0
219.0 570.0 233.0 599.0
218.0 570.0 233.0 599.0
272.0 346.0 281.0 361.0
218.0 569.0 233.0 599.0
229.0 593.0 246.0 626.0
236.0 498.0 256.0 517.0
250.0 471.0 271.0 509.0
233.0 296.0 236.0 332.0
232.0 296.0 236.0 332.0
236.0 499.0 256.0 517.0
203.0 357.0 214.0 381.0
231.0 296.0 236.0 332.0
318.0 174.0 328.0 182.0
236.0 497.0 256.0 517.0
256.0 509.0 283.0 544.0
249.0 472.0 271.0 509.0
249.0 471.0 271.0 509.0
318.0 173.0 328.0 182.0
231.0 295.0 236.0 332.0
248.0 473.0 271.0 509.0
232.0 295.0 236.0 332.0
120.0 211.0 124.0 230.0
256.0 508.0 283.0 544.0
235.0 497.0 256.0 517.0
168.0 232.0 167.0 270.0
269.0 251.0 262.0 279.0
235.0 496.0 256.0 517.0
247.0 472.0 271.0 509.0
248.0 472.0 271.0 509.0
235.0 498.0 256.0 517.0
248.0 471.0 271.0 509.0
235.0 499.0 256.0 517.0
150.0 317.0 164.0 355.0
134.0 269.0 150.0 294.0
153.0 397.0 172.0 403.0
234.0 497.0 256.0 517.0
97.0 14.0 98.0 48.0
273.0 23.0 258.0 40.0
