17.0 128.0 21.0 129.0
212.0 257.0 214.0 268.0
17.0 129.0 21.0 129.0
75.0 75.0 77.0 75.0
75.0 74.0 77.0 75.0
76.0 73.0 77.0 75.0
388.0 448.0 390.0 475.0
76.0 74.0 77.0 75.0
80.0 29.0 84.0 28.0
213.0 257.0 214.0 268.0
76.0 75.0 78.0 75.0
16.0 129.0 21.0 129.0
77.0 75.0 78.0 76.0
86.0 179.0 91.0 182.0
144.0 326.0 147.0 336.0
81.0 29.0 84.0 27.0
101.0 48.0 104.0 48.0
82.0 29.0 85.0 28.0
81.0 28.0 84.0 27.0
87.0 179.0 91.0 182.0
81.0 30.0 84.0 28.0
179.0 562.0 182.0 575.0
101.0 47.0 104.0 48.0
49.0 40.0 52.0 39.0
387.0 447.0 389.0 475.0
179.0 561.0 182.0 575.0
144.0 327.0 147.0 336.0
91.0 438.0 95.0 447.0
179.0 563.0 182.0 575.0
102.0 47.0 104.0 48.0
147.0 241.0 149.0 247.0
145.0 327.0 147.0 336.0
77.0 74.0 78.0 75.0
423.0 422.0 426.0 447.0
37.0 78.0 41.0 78.0
194.0 23.0 197.0 23.0
195.0 480.0 197.0 493.0
423.0 421.0 426.0 447.0
20.0 272.0 26.0 275.0
48.0 40.0 52.0 39.0
37.0 79.0 41.0 78.0
387.0 448.0 390.0 475.0
136.0 259.0 139.0 266.0
38.0 79.0 41.0 78.0
63.0 89.0 66.0 89.0
63.0 90.0 66.0 90.0
194.0 22.0 197.0 23.0
178.0 561.0 181.0 575.0
21.0 272.0 26.0 275.0
195.0 23.0 197.0 22.0
213.0 258.0 214.0 268.0
146.0 241.0 149.0 247.0
20.0 273.0 26.0 275.0
58.0 311.0 62.0 316.0
178.0 562.0 181.0 575.0
62.0 90.0 66.0 90.0
91.0 439.0 95.0 447.0
48.0 41.0 52.0 39.0
21.0 374.0 27.0 378.0
125.0 64.0 127.0 64.0
194.0 480.0 197.0 493.0
195.0 22.0 197.0 22.0
136.0 260.0 139.0 266.0
164.0 613.0 168.0 622.0
125.0 324.0 127.0 333.0
147.0 240.0 149.0 247.0
90.0 438.0 95.0 447.0
69.0 295.0 75.0 298.0
142.0 70.0 145.0 71.0
163.0 613.0 168.0 622.0
235.0 11.0 238.0 11.0
214.0 257.0 214.0 267.0
21.0 273.0 26.0 275.0
89.0 439.0 95.0 447.0
143.0 493.0 145.0 505.0
111.0 340.0 114.0 349.0
191.0 538.0 195.0 550.0
126.0 324.0 128.0 333.0
90.0 439.0 95.0 447.0
196.0 7.0 197.0 6.0
292.0 73.0 292.0 80.0
62.0 89.0 66.0 89.0
47.0 180.0 50.0 180.0
196.0 6.0 197.0 6.0
293.0 73.0 293.0 80.0
236.0 11.0 238.0 11.0
70.0 296.0 74.0 298.0
46.0 180.0 50.0 180.0
146.0 240.0 149.0 247.0
191.0 537.0 195.0 550.0
28.0 150.0 32.0 150.0
47.0 41.0 52.0 39.0
137.0 441.0 142.0 451.0
35.0 168.0 39.0 168.0
112.0 341.0 114.0 349.0
28.0 151.0 32.0 152.0
70.0 295.0 74.0 298.0
20.0 374.0 27.0 378.0
112.0 339.0 114.0 349.0
47.0 40.0 52.0 39.0
464.0 316.0 462.0 342.0
138.0 187.0 139.0 188.0
22.0 273.0 26.0 275.0
338.0 383.0 339.0 402.0
137.0 187.0 139.0 187.0
142.0 71.0 145.0 71.0
292.0 71.0 294.0 80.0
124.0 64.0 127.0 64.0
112.0 340.0 114.0 349.0
63.0 316.0 68.0 321.0
150.0 309.0 153.0 318.0
22.0 272.0 26.0 275.0
138.0 441.0 142.0 451.0
292.0 72.0 292.0 80.0
151.0 308.0 153.0 318.0
144.0 493.0 145.0 505.0
143.0 494.0 145.0 505.0
58.0 231.0 62.0 234.0
143.0 70.0 145.0 71.0
47.0 179.0 50.0 180.0
374.0 348.0 374.0 369.0
464.0 315.0 462.0 342.0
214.0 258.0 214.0 268.0
141.0 70.0 145.0 71.0
279.0 339.0 281.0 354.0
142.0 493.0 145.0 505.0
373.0 348.0 374.0 369.0
293.0 72.0 293.0 80.0
138.0 186.0 139.0 186.0
127.0 324.0 128.0 333.0
113.0 339.0 114.0 349.0
143.0 71.0 145.0 71.0
236.0 12.0 238.0 11.0
138.0 188.0 139.0 188.0
142.0 494.0 145.0 505.0
163.0 232.0 164.0 240.0
126.0 325.0 128.0 333.0
142.0 562.0 143.0 574.0
163.0 233.0 164.0 240.0
197.0 6.0 198.0 6.0
197.0 7.0 198.0 6.0
152.0 308.0 153.0 318.0
338.0 382.0 339.0 402.0
320.0 475.0 321.0 493.0
278.0 339.0 281.0 354.0
37.0 247.0 43.0 249.0
433.0 285.0 433.0 309.0
162.0 233.0 164.0 240.0
339.0 382.0 339.0 401.0
38.0 246.0 43.0 249.0
38.0 247.0 43.0 249.0
127.0 325.0 128.0 333.0
151.0 309.0 153.0 318.0
235.0 12.0 238.0 11.0
141.0 71.0 145.0 71.0
128.0 563.0 131.0 575.0
89.0 252.0 93.0 257.0
113.0 340.0 114.0 349.0
55.0 270.0 60.0 271.0
55.0 269.0 60.0 271.0
56.0 269.0 60.0 271.0
55.0 268.0 60.0 271.0
465.0 316.0 462.0 342.0
339.0 383.0 339.0 401.0
66.0 533.0 73.0 545.0
93.0 531.0 97.0 543.0
162.0 232.0 164.0 240.0
374.0 347.0 374.0 369.0
57.0 231.0 62.0 234.0
384.0 365.0 386.0 388.0
63.0 317.0 68.0 321.0
152.0 309.0 153.0 318.0
56.0 268.0 60.0 271.0
420.0 247.0 420.0 270.0
42.0 288.0 46.0 292.0
452.0 533.0 454.0 565.0
279.0 338.0 281.0 354.0
192.0 588.0 195.0 602.0
451.0 304.0 448.0 331.0
433.0 286.0 433.0 309.0
450.0 305.0 448.0 331.0
139.0 187.0 139.0 188.0
373.0 347.0 374.0 369.0
90.0 252.0 93.0 257.0
372.0 347.0 374.0 369.0
59.0 345.0 62.0 352.0
139.0 186.0 139.0 186.0
452.0 532.0 454.0 565.0
465.0 317.0 462.0 342.0
308.0 4.0 305.0 10.0
421.0 247.0 420.0 270.0
309.0 5.0 305.0 10.0
132.0 301.0 137.0 308.0
434.0 286.0 433.0 309.0
449.0 305.0 448.0 331.0
113.0 341.0 114.0 349.0
152.0 310.0 153.0 318.0
56.0 270.0 61.0 271.0
327.0 452.0 326.0 474.0
451.0 305.0 448.0 331.0
192.0 39.0 195.0 40.0
193.0 39.0 195.0 40.0
193.0 588.0 195.0 602.0
321.0 475.0 321.0 493.0
309.0 4.0 305.0 10.0
43.0 362.0 48.0 365.0
384.0 366.0 385.0 389.0
151.0 310.0 153.0 318.0
128.0 564.0 131.0 575.0
450.0 304.0 448.0 331.0
278.0 566.0 279.0 587.0
278.0 567.0 279.0 587.0
213.0 545.0 211.0 558.0
174.0 335.0 179.0 346.0
41.0 288.0 46.0 292.0
114.0 340.0 114.0 349.0
327.0 451.0 326.0 474.0
384.0 367.0 385.0 389.0
451.0 533.0 454.0 565.0
420.0 248.0 420.0 270.0
385.0 366.0 386.0 388.0
139.0 363.0 142.0 374.0
138.0 364.0 142.0 374.0
212.0 545.0 211.0 558.0
193.0 40.0 195.0 40.0
43.0 363.0 48.0 365.0
59.0 344.0 62.0 352.0
451.0 532.0 454.0 565.0
222.0 613.0 224.0 630.0
277.0 566.0 278.0 587.0
57.0 195.0 60.0 198.0
96.0 392.0 101.0 403.0
142.0 612.0 148.0 623.0
56.0 509.0 60.0 521.0
9.0 582.0 16.0 586.0
221.0 613.0 224.0 630.0
192.0 587.0 195.0 602.0
328.0 452.0 326.0 474.0
101.0 396.0 104.0 408.0
140.0 363.0 142.0 372.0
140.0 364.0 142.0 374.0
141.0 562.0 143.0 574.0
328.0 453.0 326.0 474.0
327.0 453.0 326.0 474.0
192.0 40.0 195.0 40.0
96.0 393.0 100.0 403.0
132.0 302.0 137.0 308.0
96.0 391.0 101.0 403.0
138.0 363.0 142.0 374.0
57.0 196.0 60.0 198.0
57.0 509.0 60.0 521.0
385.0 367.0 386.0 388.0
66.0 358.0 74.0 369.0
385.0 365.0 386.0 388.0
147.0 376.0 150.0 385.0
56.0 195.0 60.0 198.0
139.0 364.0 142.0 374.0
451.0 531.0 454.0 565.0
143.0 611.0 148.0 623.0
221.0 612.0 224.0 630.0
55.0 509.0 60.0 521.0
56.0 196.0 60.0 198.0
143.0 612.0 148.0 623.0
277.0 567.0 279.0 587.0
56.0 510.0 60.0 521.0
213.0 546.0 211.0 558.0
193.0 587.0 195.0 602.0
8.0 582.0 16.0 586.0
8.0 583.0 16.0 586.0
134.0 529.0 137.0 541.0
402.0 45.0 401.0 52.0
57.0 510.0 60.0 521.0
67.0 358.0 74.0 369.0
58.0 344.0 62.0 352.0
58.0 345.0 62.0 352.0
142.0 611.0 148.0 623.0
125.0 485.0 128.0 502.0
286.0 463.0 287.0 480.0
192.0 586.0 195.0 602.0
95.0 392.0 100.0 403.0
193.0 586.0 195.0 602.0
95.0 391.0 100.0 403.0
142.0 610.0 148.0 623.0
270.0 423.0 270.0 439.0
271.0 421.0 270.0 439.0
289.0 504.0 291.0 517.0
20.0 540.0 28.0 544.0
271.0 422.0 270.0 439.0
20.0 541.0 28.0 544.0
57.0 344.0 62.0 352.0
270.0 422.0 270.0 439.0
135.0 529.0 137.0 541.0
137.0 407.0 139.0 416.0
228.0 402.0 230.0 417.0
124.0 484.0 128.0 502.0
57.0 443.0 62.0 451.0
124.0 485.0 128.0 502.0
192.0 585.0 195.0 601.0
58.0 442.0 62.0 451.0
272.0 422.0 270.0 439.0
288.0 503.0 291.0 517.0
271.0 423.0 270.0 439.0
228.0 401.0 230.0 417.0
123.0 280.0 141.0 285.0
57.0 442.0 62.0 451.0
65.0 34.0 72.0 44.0
288.0 504.0 291.0 517.0
65.0 33.0 72.0 44.0
64.0 34.0 72.0 44.0
124.0 493.0 128.0 502.0
123.0 281.0 141.0 285.0
288.0 505.0 291.0 517.0
134.0 246.0 149.0 247.0
56.0 442.0 62.0 451.0
252.0 14.0 238.0 11.0
122.0 280.0 141.0 285.0
124.0 494.0 128.0 502.0
134.0 247.0 149.0 247.0
252.0 13.0 238.0 11.0
295.0 17.0 305.0 11.0
251.0 436.0 250.0 444.0
64.0 33.0 72.0 44.0
43.0 350.0 48.0 365.0
387.0 56.0 401.0 52.0
44.0 350.0 48.0 365.0
353.0 94.0 351.0 104.0
187.0 631.0 240.0 628.0
302.0 493.0 303.0 495.0
351.0 94.0 351.0 104.0
187.0 632.0 240.0 628.0
221.0 590.0 219.0 607.0
252.0 436.0 250.0 444.0
387.0 57.0 401.0 52.0
107.0 625.0 148.0 623.0
386.0 56.0 401.0 52.0
352.0 94.0 351.0 104.0
106.0 625.0 148.0 623.0
44.0 349.0 48.0 365.0
106.0 626.0 148.0 623.0
386.0 57.0 401.0 52.0
107.0 626.0 148.0 623.0
43.0 349.0 48.0 365.0
27.0 188.0 23.0 204.0
352.0 93.0 351.0 104.0
353.0 93.0 351.0 104.0
