275.0 93.0 286.0 92.0
275.0 94.0 286.0 92.0
276.0 95.0 287.0 93.0
276.0 94.0 286.0 92.0
274.0 94.0 286.0 92.0
142.0 307.0 152.0 304.0
275.0 95.0 287.0 93.0
93.0 544.0 102.0 537.0
274.0 95.0 285.0 93.0
143.0 307.0 152.0 304.0
143.0 306.0 152.0 304.0
92.0 544.0 102.0 537.0
275.0 96.0 287.0 93.0
92.0 545.0 102.0 537.0
94.0 172.0 105.0 171.0
172.0 108.0 182.0 108.0
93.0 172.0 104.0 172.0
69.0 158.0 81.0 154.0
178.0 469.0 187.0 464.0
144.0 102.0 155.0 103.0
94.0 173.0 104.0 172.0
171.0 108.0 182.0 108.0
392.0 244.0 401.0 244.0
156.0 89.0 168.0 89.0
93.0 173.0 104.0 172.0
142.0 308.0 152.0 304.0
144.0 307.0 152.0 304.0
59.0 418.0 70.0 413.0
363.0 25.0 373.0 23.0
391.0 245.0 401.0 245.0
390.0 244.0 400.0 245.0
61.0 399.0 72.0 396.0
391.0 244.0 401.0 244.0
156.0 88.0 168.0 89.0
171.0 109.0 182.0 108.0
143.0 308.0 152.0 304.0
146.0 103.0 157.0 103.0
172.0 109.0 182.0 108.0
364.0 25.0 374.0 23.0
364.0 26.0 373.0 23.0
170.0 109.0 182.0 108.0
244.0 577.0 252.0 571.0
201.0 484.0 210.0 480.0
60.0 418.0 70.0 413.0
201.0 485.0 210.0 480.0
144.0 103.0 155.0 103.0
92.0 172.0 104.0 172.0
200.0 484.0 210.0 480.0
363.0 24.0 373.0 23.0
190.0 417.0 199.0 413.0
392.0 245.0 401.0 245.0
145.0 103.0 155.0 103.0
364.0 24.0 374.0 23.0
58.0 332.0 69.0 327.0
242.0 14.0 253.0 11.0
145.0 102.0 156.0 101.0
146.0 102.0 156.0 101.0
58.0 331.0 69.0 327.0
178.0 468.0 187.0 464.0
170.0 495.0 178.0 491.0
250.0 61.0 258.0 57.0
190.0 416.0 199.0 413.0
155.0 88.0 168.0 89.0
169.0 495.0 178.0 491.0
60.0 399.0 72.0 396.0
38.0 159.0 48.0 156.0
143.0 426.0 154.0 421.0
248.0 551.0 255.0 544.0
144.0 426.0 154.0 421.0
179.0 469.0 189.0 465.0
365.0 24.0 374.0 23.0
57.0 332.0 69.0 327.0
245.0 576.0 253.0 569.0
58.0 330.0 69.0 327.0
57.0 331.0 69.0 327.0
200.0 485.0 210.0 480.0
365.0 25.0 374.0 23.0
242.0 524.0 252.0 518.0
189.0 417.0 199.0 413.0
154.0 89.0 167.0 89.0
39.0 159.0 49.0 157.0
180.0 469.0 189.0 465.0
390.0 245.0 401.0 245.0
243.0 524.0 252.0 518.0
242.0 15.0 251.0 11.0
61.0 400.0 72.0 396.0
155.0 89.0 168.0 89.0
392.0 246.0 401.0 245.0
108.0 553.0 117.0 545.0
173.0 109.0 182.0 108.0
365.0 26.0 374.0 23.0
246.0 575.0 253.0 569.0
58.0 418.0 70.0 413.0
171.0 495.0 178.0 491.0
246.0 553.0 255.0 546.0
92.0 448.0 96.0 444.0
179.0 468.0 189.0 465.0
96.0 292.0 108.0 289.0
247.0 553.0 255.0 544.0
170.0 494.0 178.0 491.0
92.0 447.0 96.0 444.0
108.0 554.0 117.0 545.0
248.0 552.0 255.0 544.0
179.0 470.0 189.0 465.0
144.0 425.0 154.0 421.0
169.0 494.0 178.0 491.0
246.0 552.0 255.0 546.0
42.0 336.0 54.0 332.0
249.0 61.0 258.0 59.0
42.0 337.0 54.0 332.0
391.0 246.0 401.0 245.0
60.0 400.0 72.0 396.0
189.0 416.0 199.0 413.0
245.0 575.0 253.0 569.0
249.0 62.0 257.0 58.0
241.0 15.0 251.0 11.0
244.0 576.0 253.0 570.0
171.0 494.0 179.0 490.0
170.0 496.0 178.0 491.0
251.0 64.0 258.0 59.0
62.0 400.0 72.0 396.0
247.0 551.0 255.0 544.0
250.0 62.0 258.0 58.0
3.0 630.0 2.0 630.0
250.0 63.0 257.0 58.0
243.0 577.0 252.0 571.0
250.0 64.0 257.0 58.0
2.0 630.0 2.0 630.0
224.0 483.0 227.0 478.0
201.0 486.0 210.0 480.0
180.0 468.0 189.0 465.0
96.0 291.0 108.0 289.0
248.0 553.0 255.0 545.0
37.0 159.0 48.0 156.0
241.0 14.0 250.0 11.0
59.0 399.0 72.0 396.0
97.0 291.0 108.0 289.0
85.0 340.0 97.0 337.0
111.0 612.0 121.0 603.0
77.0 324.0 86.0 321.0
108.0 552.0 117.0 545.0
109.0 553.0 118.0 544.0
225.0 484.0 227.0 478.0
390.0 246.0 401.0 245.0
247.0 552.0 255.0 544.0
109.0 552.0 118.0 544.0
240.0 14.0 250.0 11.0
243.0 576.0 252.0 570.0
218.0 519.0 227.0 513.0
143.0 425.0 153.0 420.0
145.0 425.0 154.0 421.0
430.0 267.0 437.0 267.0
240.0 15.0 250.0 11.0
251.0 62.0 258.0 58.0
200.0 486.0 210.0 480.0
219.0 519.0 227.0 513.0
97.0 292.0 108.0 289.0
251.0 63.0 258.0 58.0
23.0 619.0 20.0 616.0
431.0 268.0 438.0 267.0
24.0 619.0 20.0 616.0
93.0 447.0 96.0 444.0
36.0 159.0 48.0 156.0
225.0 483.0 227.0 478.0
431.0 269.0 438.0 267.0
193.0 561.0 202.0 555.0
78.0 325.0 88.0 322.0
104.0 273.0 115.0 272.0
37.0 160.0 48.0 156.0
77.0 371.0 89.0 368.0
38.0 160.0 49.0 157.0
252.0 63.0 259.0 59.0
26.0 579.0 38.0 571.0
430.0 268.0 438.0 267.0
224.0 482.0 227.0 478.0
103.0 273.0 115.0 272.0
76.0 158.0 87.0 157.0
169.0 496.0 178.0 491.0
25.0 580.0 38.0 571.0
77.0 158.0 87.0 157.0
144.0 424.0 153.0 420.0
249.0 17.0 253.0 11.0
98.0 291.0 108.0 289.0
299.0 479.0 309.0 475.0
26.0 578.0 37.0 570.0
193.0 562.0 203.0 556.0
60.0 419.0 70.0 413.0
143.0 424.0 153.0 420.0
79.0 371.0 89.0 368.0
78.0 371.0 89.0 368.0
77.0 159.0 87.0 157.0
104.0 274.0 115.0 272.0
85.0 341.0 97.0 337.0
25.0 619.0 20.0 616.0
25.0 578.0 37.0 570.0
3.0 629.0 2.0 630.0
1.0 629.0 2.0 630.0
25.0 579.0 37.0 571.0
431.0 267.0 437.0 267.0
194.0 562.0 203.0 556.0
430.0 269.0 438.0 267.0
86.0 340.0 97.0 337.0
301.0 479.0 309.0 475.0
93.0 446.0 96.0 444.0
250.0 17.0 253.0 11.0
2.0 629.0 2.0 630.0
77.0 325.0 86.0 321.0
110.0 613.0 121.0 603.0
79.0 372.0 89.0 368.0
300.0 479.0 309.0 475.0
30.0 394.0 42.0 388.0
76.0 324.0 86.0 321.0
77.0 372.0 89.0 368.0
103.0 274.0 115.0 272.0
87.0 340.0 97.0 337.0
76.0 325.0 86.0 321.0
300.0 478.0 309.0 475.0
250.0 16.0 253.0 10.0
301.0 480.0 309.0 475.0
24.0 618.0 20.0 615.0
103.0 272.0 115.0 272.0
249.0 16.0 253.0 10.0
222.0 543.0 230.0 538.0
27.0 44.0 35.0 42.0
55.0 147.0 62.0 145.0
301.0 478.0 309.0 475.0
25.0 618.0 20.0 615.0
24.0 579.0 37.0 570.0
300.0 480.0 309.0 475.0
76.0 159.0 87.0 157.0
78.0 372.0 89.0 368.0
2.0 628.0 2.0 628.0
3.0 628.0 2.0 628.0
47.0 79.0 60.0 79.0
70.0 135.0 77.0 134.0
86.0 341.0 97.0 337.0
48.0 81.0 60.0 79.0
61.0 401.0 72.0 396.0
60.0 435.0 73.0 429.0
87.0 341.0 97.0 337.0
47.0 81.0 60.0 79.0
70.0 136.0 77.0 134.0
423.0 184.0 436.0 183.0
422.0 184.0 436.0 183.0
47.0 80.0 60.0 79.0
31.0 394.0 43.0 388.0
8.0 9.0 11.0 6.0
55.0 148.0 62.0 145.0
7.0 8.0 11.0 6.0
8.0 8.0 11.0 6.0
13.0 422.0 25.0 415.0
255.0 524.0 262.0 519.0
48.0 80.0 60.0 79.0
49.0 81.0 60.0 78.0
71.0 136.0 77.0 134.0
75.0 450.0 96.0 443.0
28.0 44.0 35.0 43.0
30.0 43.0 41.0 43.0
9.0 8.0 20.0 7.0
424.0 184.0 436.0 183.0
56.0 147.0 62.0 145.0
78.0 373.0 89.0 368.0
31.0 434.0 43.0 431.0
14.0 423.0 26.0 416.0
183.0 523.0 194.0 517.0
30.0 44.0 41.0 43.0
49.0 80.0 60.0 78.0
74.0 450.0 96.0 443.0
445.0 214.0 452.0 213.0
255.0 523.0 262.0 519.0
71.0 135.0 77.0 134.0
13.0 423.0 25.0 415.0
444.0 214.0 451.0 213.0
49.0 575.0 59.0 567.0
184.0 523.0 194.0 517.0
30.0 435.0 43.0 431.0
445.0 213.0 451.0 213.0
49.0 574.0 59.0 567.0
49.0 576.0 59.0 567.0
444.0 213.0 451.0 213.0
48.0 79.0 60.0 78.0
29.0 44.0 35.0 43.0
31.0 433.0 42.0 430.0
446.0 213.0 452.0 213.0
443.0 214.0 451.0 213.0
185.0 523.0 194.0 517.0
200.0 563.0 203.0 556.0
445.0 212.0 451.0 213.0
119.0 308.0 134.0 304.0
50.0 80.0 60.0 78.0
48.0 576.0 59.0 567.0
443.0 213.0 451.0 213.0
118.0 308.0 134.0 304.0
54.0 368.0 64.0 364.0
117.0 309.0 121.0 308.0
48.0 575.0 59.0 567.0
31.0 44.0 41.0 43.0
30.0 45.0 41.0 43.0
119.0 309.0 134.0 304.0
256.0 524.0 262.0 519.0
30.0 434.0 42.0 430.0
30.0 433.0 42.0 429.0
117.0 308.0 134.0 304.0
29.0 434.0 42.0 429.0
118.0 309.0 134.0 304.0
70.0 142.0 76.0 135.0
74.0 486.0 87.0 473.0
256.0 523.0 262.0 519.0
70.0 143.0 76.0 135.0
256.0 522.0 263.0 519.0
470.0 242.0 477.0 244.0
71.0 142.0 76.0 135.0
257.0 523.0 262.0 519.0
15.0 307.0 30.0 283.0
14.0 306.0 30.0 283.0
72.0 142.0 76.0 135.0
71.0 143.0 76.0 135.0
470.0 243.0 477.0 244.0
72.0 143.0 76.0 135.0
34.0 217.0 37.0 231.0
24.0 349.0 43.0 349.0
34.0 216.0 37.0 231.0
24.0 598.0 36.0 589.0
471.0 242.0 477.0 244.0
35.0 216.0 37.0 231.0
35.0 217.0 37.0 231.0
25.0 599.0 37.0 589.0
25.0 600.0 37.0 589.0
14.0 307.0 30.0 283.0
24.0 348.0 43.0 349.0
25.0 348.0 43.0 349.0
15.0 308.0 30.0 283.0
471.0 243.0 477.0 244.0
36.0 217.0 37.0 231.0
14.0 308.0 30.0 283.0
25.0 347.0 43.0 349.0
114.0 576.0 113.0 583.0
36.0 216.0 37.0 231.0
152.0 564.0 166.0 563.0
471.0 241.0 477.0 244.0
13.0 307.0 30.0 283.0
114.0 575.0 113.0 583.0
152.0 563.0 166.0 563.0
46.0 513.0 56.0 502.0
466.0 73.0 469.0 50.0
115.0 576.0 113.0 583.0
113.0 574.0 113.0 583.0
46.0 514.0 56.0 502.0
13.0 308.0 30.0 283.0
233.0 536.0 254.0 545.0
183.0 483.0 187.0 466.0
11.0 358.0 14.0 335.0
182.0 483.0 187.0 466.0
183.0 502.0 179.0 489.0
114.0 574.0 113.0 583.0
115.0 575.0 113.0 583.0
20.0 553.0 17.0 505.0
183.0 484.0 187.0 466.0
