195.0 281.0 196.0 279.0
194.0 281.0 195.0 279.0
195.0 280.0 196.0 279.0
194.0 280.0 195.0 279.0
188.0 200.0 188.0 200.0
232.0 269.0 233.0 268.0
232.0 270.0 232.0 269.0
231.0 269.0 233.0 268.0
233.0 269.0 233.0 268.0
194.0 282.0 195.0 279.0
93.0 490.0 96.0 490.0
232.0 268.0 233.0 268.0
233.0 270.0 233.0 268.0
195.0 282.0 196.0 279.0
268.0 197.0 268.0 195.0
194.0 237.0 195.0 237.0
269.0 197.0 268.0 195.0
179.0 33.0 178.0 35.0
234.0 269.0 233.0 268.0
269.0 198.0 268.0 196.0
231.0 139.0 230.0 139.0
162.0 240.0 163.0 240.0
93.0 489.0 96.0 490.0
233.0 268.0 233.0 268.0
173.0 345.0 175.0 345.0
141.0 412.0 144.0 412.0
194.0 238.0 194.0 238.0
162.0 241.0 163.0 240.0
161.0 241.0 162.0 240.0
203.0 220.0 204.0 220.0
193.0 237.0 193.0 236.0
204.0 220.0 204.0 220.0
253.0 204.0 252.0 202.0
203.0 219.0 204.0 219.0
172.0 344.0 175.0 345.0
219.0 576.0 223.0 574.0
173.0 344.0 175.0 345.0
193.0 238.0 194.0 238.0
218.0 576.0 223.0 574.0
163.0 240.0 163.0 240.0
92.0 490.0 96.0 490.0
204.0 219.0 204.0 219.0
179.0 32.0 178.0 35.0
172.0 345.0 175.0 345.0
162.0 318.0 163.0 317.0
192.0 237.0 192.0 237.0
135.0 294.0 136.0 293.0
253.0 203.0 252.0 201.0
161.0 317.0 163.0 317.0
178.0 225.0 178.0 226.0
135.0 295.0 137.0 294.0
161.0 318.0 163.0 317.0
177.0 518.0 180.0 519.0
110.0 193.0 111.0 196.0
299.0 315.0 300.0 310.0
10.0 82.0 11.0 86.0
161.0 240.0 163.0 240.0
403.0 32.0 400.0 33.0
177.0 278.0 178.0 277.0
148.0 37.0 146.0 40.0
111.0 193.0 111.0 195.0
162.0 317.0 163.0 317.0
178.0 226.0 178.0 226.0
180.0 32.0 178.0 35.0
351.0 143.0 349.0 139.0
165.0 119.0 164.0 121.0
148.0 36.0 146.0 40.0
178.0 287.0 179.0 286.0
11.0 82.0 11.0 86.0
9.0 82.0 11.0 86.0
59.0 475.0 62.0 475.0
10.0 83.0 10.0 87.0
351.0 142.0 349.0 139.0
134.0 294.0 136.0 293.0
166.0 119.0 165.0 121.0
175.0 634.0 181.0 634.0
452.0 316.0 453.0 306.0
350.0 143.0 349.0 139.0
233.0 119.0 233.0 120.0
464.0 508.0 467.0 497.0
298.0 315.0 300.0 309.0
177.0 287.0 179.0 286.0
134.0 295.0 136.0 293.0
404.0 32.0 400.0 33.0
147.0 37.0 145.0 41.0
111.0 192.0 111.0 195.0
147.0 36.0 145.0 40.0
10.0 81.0 11.0 86.0
165.0 118.0 165.0 120.0
404.0 31.0 400.0 33.0
403.0 31.0 400.0 33.0
178.0 278.0 178.0 278.0
141.0 78.0 140.0 81.0
143.0 473.0 145.0 472.0
48.0 489.0 52.0 489.0
252.0 426.0 254.0 422.0
166.0 118.0 165.0 120.0
111.0 517.0 115.0 518.0
298.0 314.0 300.0 309.0
142.0 472.0 145.0 472.0
177.0 519.0 180.0 519.0
167.0 118.0 165.0 120.0
178.0 286.0 179.0 285.0
87.0 408.0 90.0 407.0
110.0 192.0 111.0 195.0
179.0 226.0 179.0 226.0
142.0 8.0 141.0 12.0
143.0 9.0 141.0 12.0
112.0 517.0 115.0 518.0
133.0 118.0 132.0 121.0
433.0 355.0 435.0 345.0
437.0 517.0 442.0 506.0
126.0 503.0 129.0 504.0
44.0 186.0 45.0 190.0
101.0 109.0 101.0 113.0
350.0 141.0 349.0 139.0
141.0 77.0 140.0 81.0
334.0 381.0 335.0 376.0
463.0 509.0 467.0 497.0
304.0 434.0 307.0 428.0
382.0 493.0 386.0 484.0
101.0 108.0 101.0 113.0
112.0 518.0 115.0 518.0
299.0 314.0 300.0 309.0
218.0 593.0 223.0 592.0
44.0 185.0 45.0 189.0
85.0 212.0 85.0 215.0
404.0 30.0 400.0 32.0
382.0 492.0 386.0 484.0
453.0 315.0 453.0 306.0
100.0 109.0 101.0 113.0
219.0 593.0 223.0 592.0
143.0 8.0 141.0 12.0
11.0 81.0 11.0 86.0
59.0 474.0 62.0 475.0
163.0 163.0 163.0 166.0
44.0 447.0 46.0 448.0
102.0 109.0 101.0 113.0
111.0 518.0 115.0 518.0
134.0 118.0 133.0 121.0
464.0 506.0 467.0 496.0
132.0 170.0 133.0 172.0
453.0 314.0 453.0 306.0
22.0 17.0 22.0 21.0
142.0 78.0 141.0 81.0
333.0 382.0 335.0 377.0
464.0 507.0 467.0 496.0
218.0 521.0 221.0 519.0
463.0 508.0 467.0 497.0
452.0 315.0 453.0 306.0
178.0 443.0 180.0 442.0
48.0 488.0 52.0 488.0
252.0 425.0 254.0 422.0
350.0 142.0 349.0 139.0
58.0 475.0 62.0 475.0
115.0 225.0 115.0 227.0
383.0 492.0 386.0 484.0
451.0 315.0 453.0 306.0
17.0 309.0 19.0 309.0
176.0 519.0 180.0 519.0
358.0 109.0 355.0 109.0
452.0 314.0 453.0 306.0
58.0 474.0 62.0 475.0
21.0 17.0 22.0 21.0
86.0 212.0 85.0 215.0
177.0 443.0 180.0 442.0
218.0 520.0 221.0 519.0
95.0 582.0 97.0 581.0
170.0 556.0 174.0 555.0
463.0 507.0 467.0 497.0
49.0 309.0 51.0 310.0
48.0 308.0 50.0 310.0
142.0 77.0 141.0 80.0
43.0 447.0 46.0 448.0
220.0 593.0 224.0 592.0
143.0 472.0 145.0 472.0
446.0 397.0 449.0 385.0
405.0 31.0 400.0 33.0
241.0 496.0 244.0 494.0
16.0 309.0 19.0 310.0
177.0 444.0 180.0 442.0
219.0 592.0 223.0 592.0
48.0 309.0 50.0 310.0
179.0 287.0 180.0 286.0
131.0 315.0 133.0 316.0
219.0 521.0 221.0 519.0
114.0 410.0 116.0 409.0
202.0 522.0 205.0 521.0
190.0 565.0 195.0 564.0
438.0 518.0 442.0 505.0
383.0 493.0 386.0 484.0
42.0 447.0 46.0 448.0
133.0 169.0 133.0 172.0
359.0 109.0 355.0 109.0
17.0 308.0 19.0 309.0
462.0 508.0 467.0 497.0
304.0 435.0 307.0 430.0
95.0 581.0 97.0 581.0
219.0 520.0 221.0 519.0
177.0 442.0 180.0 442.0
186.0 588.0 190.0 587.0
438.0 516.0 442.0 505.0
151.0 558.0 156.0 558.0
142.0 473.0 145.0 472.0
126.0 504.0 129.0 504.0
43.0 448.0 46.0 448.0
202.0 407.0 204.0 405.0
452.0 313.0 453.0 306.0
170.0 555.0 174.0 555.0
451.0 314.0 453.0 306.0
366.0 557.0 370.0 549.0
50.0 308.0 52.0 310.0
115.0 226.0 115.0 227.0
260.0 530.0 266.0 527.0
217.0 520.0 221.0 519.0
16.0 308.0 19.0 309.0
171.0 555.0 174.0 555.0
243.0 438.0 246.0 435.0
236.0 528.0 240.0 525.0
176.0 518.0 180.0 519.0
49.0 308.0 50.0 310.0
431.0 538.0 436.0 527.0
438.0 517.0 442.0 505.0
265.0 415.0 267.0 412.0
242.0 497.0 245.0 495.0
163.0 162.0 163.0 166.0
432.0 537.0 436.0 527.0
433.0 536.0 436.0 527.0
115.0 409.0 116.0 409.0
349.0 142.0 349.0 139.0
439.0 517.0 443.0 504.0
151.0 559.0 157.0 558.0
42.0 448.0 46.0 448.0
131.0 314.0 132.0 315.0
367.0 376.0 369.0 368.0
241.0 497.0 245.0 495.0
366.0 558.0 370.0 549.0
201.0 522.0 205.0 521.0
358.0 108.0 355.0 109.0
346.0 465.0 349.0 458.0
94.0 228.0 96.0 230.0
219.0 519.0 222.0 518.0
242.0 496.0 244.0 494.0
44.0 448.0 46.0 448.0
114.0 225.0 115.0 227.0
367.0 375.0 369.0 368.0
150.0 558.0 156.0 558.0
302.0 587.0 307.0 582.0
115.0 410.0 116.0 409.0
195.0 503.0 197.0 501.0
218.0 592.0 223.0 592.0
332.0 382.0 335.0 377.0
439.0 379.0 440.0 369.0
130.0 314.0 132.0 315.0
145.0 494.0 148.0 494.0
101.0 311.0 103.0 312.0
243.0 437.0 246.0 435.0
237.0 354.0 240.0 353.0
282.0 330.0 284.0 326.0
130.0 315.0 132.0 315.0
333.0 381.0 335.0 376.0
332.0 381.0 334.0 376.0
359.0 108.0 355.0 109.0
194.0 485.0 201.0 483.0
96.0 582.0 97.0 581.0
440.0 379.0 441.0 368.0
100.0 312.0 102.0 313.0
431.0 537.0 436.0 527.0
399.0 353.0 399.0 346.0
345.0 466.0 349.0 459.0
217.0 521.0 221.0 519.0
114.0 226.0 115.0 227.0
195.0 502.0 197.0 501.0
368.0 375.0 369.0 368.0
145.0 493.0 148.0 494.0
107.0 274.0 109.0 276.0
190.0 604.0 194.0 604.0
194.0 503.0 197.0 501.0
196.0 484.0 201.0 482.0
21.0 16.0 22.0 21.0
107.0 273.0 109.0 276.0
22.0 16.0 22.0 21.0
194.0 502.0 197.0 501.0
125.0 503.0 129.0 504.0
473.0 75.0 468.0 73.0
106.0 499.0 109.0 499.0
469.0 33.0 465.0 33.0
218.0 519.0 222.0 518.0
365.0 558.0 370.0 549.0
115.0 477.0 117.0 477.0
115.0 476.0 117.0 477.0
346.0 467.0 349.0 459.0
230.0 206.0 224.0 205.0
235.0 528.0 240.0 525.0
135.0 430.0 138.0 430.0
368.0 376.0 369.0 368.0
84.0 426.0 86.0 427.0
125.0 504.0 129.0 504.0
439.0 516.0 442.0 505.0
47.0 487.0 52.0 488.0
235.0 527.0 240.0 525.0
367.0 558.0 370.0 549.0
469.0 34.0 465.0 33.0
21.0 15.0 21.0 21.0
76.0 186.0 77.0 192.0
114.0 477.0 117.0 477.0
470.0 34.0 465.0 33.0
146.0 493.0 148.0 494.0
265.0 414.0 267.0 411.0
47.0 488.0 52.0 488.0
125.0 183.0 124.0 185.0
243.0 439.0 246.0 435.0
105.0 498.0 109.0 498.0
195.0 484.0 201.0 482.0
303.0 587.0 309.0 582.0
366.0 559.0 370.0 549.0
146.0 494.0 148.0 494.0
470.0 33.0 465.0 33.0
194.0 484.0 201.0 483.0
114.0 476.0 117.0 477.0
115.0 478.0 118.0 477.0
264.0 414.0 267.0 411.0
105.0 499.0 109.0 499.0
84.0 425.0 86.0 427.0
242.0 438.0 245.0 435.0
346.0 466.0 349.0 458.0
116.0 410.0 116.0 409.0
432.0 536.0 436.0 527.0
22.0 15.0 22.0 21.0
136.0 430.0 138.0 430.0
303.0 586.0 308.0 582.0
242.0 437.0 245.0 435.0
474.0 74.0 468.0 73.0
117.0 435.0 120.0 436.0
117.0 436.0 120.0 437.0
473.0 74.0 468.0 73.0
118.0 435.0 120.0 436.0
419.0 605.0 424.0 596.0
472.0 74.0 468.0 73.0
117.0 434.0 120.0 436.0
390.0 406.0 393.0 397.0
203.0 546.0 207.0 544.0
83.0 425.0 86.0 427.0
371.0 397.0 373.0 389.0
106.0 498.0 109.0 499.0
253.0 195.0 252.0 201.0
76.0 185.0 77.0 192.0
391.0 406.0 393.0 397.0
278.0 556.0 284.0 553.0
116.0 435.0 120.0 436.0
369.0 504.0 373.0 496.0
161.0 469.0 164.0 470.0
231.0 207.0 224.0 205.0
84.0 424.0 86.0 427.0
368.0 505.0 373.0 496.0
242.0 439.0 245.0 435.0
230.0 207.0 224.0 205.0
458.0 459.0 461.0 449.0
231.0 206.0 224.0 205.0
358.0 582.0 363.0 574.0
371.0 396.0 373.0 389.0
418.0 605.0 423.0 596.0
277.0 557.0 283.0 553.0
161.0 468.0 164.0 470.0
357.0 581.0 363.0 574.0
390.0 407.0 393.0 397.0
419.0 606.0 424.0 596.0
236.0 461.0 239.0 460.0
357.0 582.0 363.0 574.0
202.0 546.0 207.0 544.0
474.0 73.0 468.0 73.0
473.0 73.0 468.0 73.0
370.0 397.0 373.0 389.0
278.0 557.0 283.0 553.0
418.0 606.0 423.0 596.0
225.0 491.0 229.0 488.0
150.0 507.0 153.0 508.0
273.0 507.0 276.0 502.0
225.0 490.0 229.0 488.0
391.0 407.0 393.0 397.0
236.0 460.0 239.0 460.0
224.0 490.0 229.0 488.0
224.0 492.0 229.0 488.0
279.0 557.0 284.0 553.0
225.0 492.0 229.0 488.0
264.0 359.0 257.0 356.0
224.0 491.0 229.0 488.0
370.0 396.0 372.0 389.0
458.0 458.0 461.0 449.0
457.0 458.0 461.0 449.0
202.0 444.0 204.0 444.0
273.0 508.0 276.0 503.0
275.0 428.0 275.0 417.0
276.0 427.0 275.0 417.0
12.0 604.0 18.0 614.0
12.0 603.0 18.0 614.0
276.0 428.0 275.0 417.0
11.0 603.0 18.0 614.0
275.0 429.0 275.0 417.0
172.0 493.0 174.0 499.0
302.0 615.0 293.0 614.0
472.0 19.0 464.0 32.0
217.0 139.0 218.0 127.0
181.0 615.0 195.0 605.0
67.0 106.0 48.0 99.0
218.0 139.0 218.0 127.0
217.0 564.0 223.0 574.0
180.0 614.0 195.0 605.0
