426.0 167.0 425.0 168.0
426.0 168.0 426.0 169.0
441.0 152.0 439.0 152.0
432.0 237.0 433.0 236.0
432.0 236.0 433.0 236.0
427.0 167.0 426.0 168.0
433.0 236.0 433.0 236.0
433.0 237.0 434.0 237.0
441.0 151.0 439.0 152.0
376.0 47.0 376.0 48.0
419.0 190.0 419.0 191.0
439.0 282.0 441.0 283.0
441.0 153.0 439.0 152.0
442.0 152.0 441.0 152.0
439.0 283.0 441.0 283.0
440.0 152.0 439.0 152.0
442.0 153.0 441.0 152.0
442.0 151.0 441.0 152.0
440.0 283.0 441.0 283.0
439.0 212.0 439.0 212.0
377.0 46.0 376.0 48.0
316.0 163.0 317.0 166.0
375.0 45.0 375.0 48.0
418.0 190.0 418.0 191.0
440.0 282.0 441.0 283.0
420.0 206.0 420.0 206.0
315.0 162.0 317.0 166.0
440.0 211.0 439.0 212.0
440.0 153.0 439.0 152.0
375.0 44.0 375.0 48.0
375.0 46.0 375.0 48.0
317.0 162.0 318.0 165.0
401.0 183.0 401.0 184.0
434.0 236.0 434.0 237.0
401.0 184.0 402.0 185.0
402.0 183.0 402.0 185.0
400.0 183.0 401.0 184.0
441.0 283.0 441.0 283.0
459.0 407.0 462.0 406.0
440.0 151.0 439.0 152.0
419.0 205.0 419.0 205.0
440.0 212.0 440.0 213.0
376.0 45.0 376.0 48.0
377.0 45.0 376.0 48.0
376.0 44.0 375.0 48.0
376.0 46.0 376.0 48.0
439.0 211.0 439.0 212.0
317.0 163.0 318.0 166.0
441.0 282.0 441.0 283.0
414.0 433.0 419.0 433.0
419.0 206.0 420.0 206.0
419.0 191.0 419.0 191.0
316.0 162.0 317.0 166.0
417.0 190.0 418.0 191.0
402.0 184.0 402.0 185.0
420.0 205.0 420.0 205.0
460.0 406.0 462.0 406.0
366.0 349.0 369.0 350.0
403.0 183.0 402.0 184.0
443.0 134.0 442.0 135.0
439.0 210.0 440.0 211.0
418.0 191.0 418.0 192.0
458.0 406.0 462.0 406.0
426.0 137.0 425.0 138.0
427.0 137.0 425.0 138.0
316.0 161.0 318.0 165.0
458.0 407.0 462.0 406.0
414.0 432.0 418.0 432.0
425.0 137.0 425.0 138.0
440.0 284.0 441.0 283.0
415.0 432.0 418.0 432.0
419.0 207.0 420.0 206.0
365.0 349.0 369.0 350.0
415.0 433.0 419.0 433.0
426.0 138.0 425.0 138.0
442.0 135.0 441.0 136.0
424.0 138.0 423.0 139.0
416.0 433.0 419.0 432.0
198.0 352.0 203.0 356.0
198.0 351.0 203.0 355.0
420.0 191.0 419.0 191.0
443.0 135.0 442.0 135.0
424.0 137.0 424.0 138.0
365.0 348.0 368.0 350.0
427.0 138.0 425.0 138.0
364.0 348.0 368.0 350.0
408.0 376.0 411.0 376.0
425.0 138.0 425.0 138.0
458.0 405.0 462.0 406.0
459.0 405.0 462.0 406.0
459.0 406.0 462.0 406.0
199.0 352.0 203.0 356.0
364.0 349.0 368.0 351.0
199.0 351.0 203.0 355.0
416.0 432.0 419.0 432.0
442.0 134.0 442.0 135.0
16.0 20.0 21.0 32.0
198.0 353.0 203.0 356.0
420.0 622.0 428.0 623.0
409.0 376.0 411.0 376.0
408.0 377.0 411.0 376.0
56.0 75.0 61.0 84.0
35.0 21.0 41.0 32.0
421.0 622.0 428.0 623.0
427.0 566.0 432.0 568.0
409.0 377.0 411.0 376.0
57.0 183.0 45.0 187.0
56.0 182.0 45.0 187.0
36.0 20.0 42.0 32.0
296.0 231.0 299.0 235.0
35.0 20.0 41.0 32.0
37.0 20.0 43.0 32.0
171.0 442.0 178.0 446.0
171.0 441.0 178.0 446.0
171.0 443.0 179.0 446.0
297.0 231.0 299.0 235.0
296.0 232.0 299.0 235.0
36.0 21.0 42.0 32.0
37.0 19.0 43.0 32.0
461.0 602.0 465.0 603.0
297.0 234.0 299.0 237.0
57.0 182.0 45.0 187.0
268.0 319.0 272.0 321.0
36.0 19.0 42.0 31.0
166.0 341.0 174.0 347.0
462.0 602.0 465.0 603.0
421.0 621.0 429.0 622.0
422.0 621.0 429.0 622.0
268.0 318.0 272.0 321.0
462.0 603.0 465.0 603.0
37.0 21.0 42.0 32.0
420.0 621.0 428.0 623.0
94.0 619.0 104.0 626.0
426.0 566.0 432.0 568.0
224.0 261.0 228.0 267.0
297.0 233.0 299.0 237.0
268.0 317.0 272.0 321.0
224.0 262.0 228.0 267.0
269.0 319.0 273.0 322.0
106.0 78.0 110.0 88.0
296.0 233.0 299.0 237.0
15.0 318.0 24.0 325.0
461.0 603.0 465.0 603.0
349.0 399.0 354.0 402.0
411.0 610.0 417.0 612.0
172.0 442.0 179.0 446.0
28.0 174.0 35.0 184.0
15.0 319.0 24.0 325.0
37.0 177.0 35.0 185.0
389.0 453.0 393.0 453.0
93.0 619.0 104.0 626.0
297.0 232.0 299.0 237.0
86.0 193.0 74.0 197.0
425.0 567.0 432.0 567.0
85.0 193.0 74.0 197.0
460.0 479.0 463.0 479.0
225.0 262.0 228.0 267.0
100.0 202.0 103.0 209.0
459.0 479.0 463.0 479.0
388.0 452.0 393.0 453.0
16.0 319.0 24.0 325.0
100.0 203.0 94.0 208.0
387.0 452.0 393.0 453.0
269.0 317.0 272.0 321.0
223.0 261.0 228.0 267.0
92.0 619.0 104.0 626.0
388.0 453.0 393.0 453.0
453.0 617.0 457.0 617.0
460.0 480.0 463.0 479.0
27.0 174.0 35.0 184.0
387.0 453.0 393.0 453.0
467.0 103.0 465.0 103.0
399.0 624.0 407.0 624.0
426.0 567.0 432.0 568.0
225.0 261.0 228.0 267.0
172.0 441.0 179.0 446.0
269.0 318.0 273.0 322.0
425.0 566.0 432.0 567.0
459.0 480.0 463.0 479.0
105.0 78.0 110.0 88.0
458.0 480.0 462.0 479.0
349.0 400.0 354.0 402.0
93.0 618.0 104.0 626.0
424.0 566.0 432.0 567.0
92.0 618.0 104.0 626.0
47.0 180.0 45.0 187.0
459.0 481.0 462.0 479.0
458.0 479.0 462.0 479.0
243.0 301.0 248.0 305.0
460.0 481.0 462.0 479.0
291.0 251.0 294.0 254.0
28.0 173.0 35.0 184.0
389.0 454.0 393.0 453.0
17.0 319.0 24.0 325.0
467.0 102.0 465.0 103.0
292.0 251.0 294.0 254.0
397.0 623.0 407.0 624.0
291.0 252.0 294.0 254.0
172.0 440.0 178.0 446.0
86.0 192.0 74.0 197.0
292.0 252.0 294.0 254.0
331.0 556.0 336.0 558.0
223.0 262.0 228.0 267.0
363.0 442.0 369.0 445.0
90.0 201.0 94.0 208.0
70.0 194.0 75.0 204.0
42.0 411.0 49.0 417.0
193.0 374.0 198.0 378.0
331.0 555.0 336.0 558.0
389.0 452.0 393.0 453.0
27.0 173.0 35.0 184.0
463.0 602.0 465.0 603.0
360.0 406.0 365.0 409.0
453.0 616.0 457.0 617.0
224.0 263.0 228.0 267.0
376.0 421.0 380.0 424.0
398.0 624.0 407.0 624.0
463.0 603.0 465.0 603.0
399.0 623.0 407.0 624.0
449.0 387.0 450.0 388.0
16.0 318.0 24.0 325.0
290.0 252.0 292.0 255.0
440.0 87.0 438.0 87.0
70.0 195.0 75.0 204.0
454.0 617.0 457.0 617.0
390.0 453.0 393.0 453.0
374.0 482.0 380.0 483.0
367.0 385.0 370.0 386.0
171.0 440.0 178.0 446.0
270.0 318.0 273.0 322.0
373.0 513.0 380.0 514.0
66.0 64.0 72.0 75.0
242.0 301.0 248.0 305.0
398.0 622.0 407.0 624.0
441.0 85.0 438.0 86.0
397.0 622.0 407.0 624.0
43.0 411.0 57.0 419.0
468.0 103.0 465.0 103.0
89.0 201.0 94.0 208.0
440.0 85.0 438.0 87.0
466.0 102.0 465.0 103.0
410.0 610.0 417.0 612.0
65.0 64.0 72.0 75.0
440.0 86.0 438.0 87.0
397.0 624.0 407.0 624.0
43.0 412.0 49.0 417.0
242.0 300.0 248.0 305.0
339.0 523.0 347.0 526.0
366.0 385.0 370.0 386.0
208.0 417.0 215.0 423.0
441.0 86.0 438.0 87.0
409.0 610.0 417.0 612.0
454.0 616.0 458.0 617.0
69.0 195.0 75.0 204.0
374.0 481.0 380.0 483.0
439.0 86.0 438.0 87.0
261.0 141.0 266.0 135.0
375.0 482.0 380.0 483.0
398.0 623.0 407.0 624.0
193.0 373.0 198.0 378.0
105.0 79.0 110.0 88.0
367.0 386.0 370.0 386.0
42.0 412.0 49.0 417.0
376.0 481.0 380.0 483.0
374.0 513.0 380.0 514.0
373.0 512.0 380.0 514.0
11.0 175.0 15.0 179.0
376.0 482.0 380.0 483.0
25.0 409.0 32.0 416.0
243.0 300.0 248.0 305.0
208.0 418.0 215.0 423.0
376.0 422.0 380.0 424.0
25.0 408.0 32.0 416.0
28.0 172.0 35.0 184.0
207.0 418.0 215.0 424.0
408.0 610.0 417.0 612.0
25.0 407.0 32.0 416.0
142.0 619.0 153.0 625.0
207.0 417.0 215.0 424.0
40.0 185.0 75.0 204.0
97.0 222.0 84.0 224.0
24.0 407.0 32.0 416.0
241.0 309.0 247.0 305.0
24.0 408.0 32.0 416.0
41.0 185.0 75.0 204.0
24.0 409.0 32.0 416.0
375.0 481.0 380.0 483.0
390.0 426.0 396.0 427.0
366.0 386.0 370.0 386.0
159.0 338.0 175.0 347.0
330.0 555.0 336.0 558.0
339.0 522.0 347.0 526.0
352.0 466.0 360.0 468.0
242.0 299.0 247.0 305.0
340.0 523.0 347.0 526.0
323.0 437.0 331.0 440.0
261.0 610.0 271.0 613.0
358.0 515.0 365.0 516.0
374.0 512.0 380.0 514.0
330.0 557.0 336.0 558.0
366.0 387.0 370.0 386.0
365.0 385.0 370.0 386.0
239.0 309.0 247.0 305.0
41.0 184.0 74.0 198.0
375.0 513.0 380.0 514.0
334.0 473.0 339.0 474.0
27.0 172.0 35.0 184.0
70.0 196.0 75.0 204.0
243.0 299.0 248.0 305.0
330.0 556.0 336.0 558.0
207.0 416.0 215.0 424.0
159.0 339.0 174.0 347.0
240.0 309.0 247.0 305.0
8.0 167.0 15.0 179.0
359.0 515.0 365.0 516.0
7.0 167.0 15.0 179.0
40.0 184.0 74.0 198.0
262.0 610.0 271.0 613.0
142.0 618.0 153.0 625.0
261.0 609.0 271.0 613.0
8.0 166.0 15.0 178.0
233.0 334.0 238.0 338.0
159.0 340.0 174.0 347.0
359.0 514.0 365.0 516.0
85.0 424.0 76.0 425.0
358.0 514.0 365.0 516.0
335.0 473.0 339.0 474.0
340.0 522.0 347.0 526.0
207.0 419.0 215.0 424.0
322.0 437.0 331.0 440.0
105.0 199.0 45.0 187.0
322.0 338.0 326.0 340.0
239.0 310.0 245.0 313.0
86.0 71.0 110.0 88.0
124.0 86.0 111.0 88.0
232.0 335.0 238.0 338.0
158.0 338.0 175.0 347.0
321.0 338.0 326.0 340.0
85.0 71.0 110.0 88.0
240.0 310.0 245.0 313.0
124.0 87.0 110.0 88.0
232.0 333.0 238.0 338.0
321.0 629.0 328.0 633.0
232.0 334.0 238.0 338.0
321.0 337.0 326.0 340.0
7.0 166.0 15.0 178.0
231.0 334.0 238.0 338.0
341.0 523.0 347.0 526.0
321.0 630.0 328.0 633.0
365.0 386.0 370.0 386.0
329.0 556.0 336.0 558.0
390.0 539.0 397.0 543.0
125.0 87.0 111.0 88.0
206.0 417.0 215.0 424.0
231.0 333.0 238.0 338.0
423.0 353.0 422.0 349.0
322.0 629.0 328.0 633.0
329.0 557.0 336.0 558.0
183.0 406.0 189.0 411.0
143.0 94.0 157.0 108.0
322.0 630.0 328.0 633.0
206.0 418.0 215.0 424.0
124.0 88.0 110.0 88.0
355.0 561.0 360.0 560.0
31.0 181.0 35.0 185.0
143.0 95.0 157.0 108.0
206.0 419.0 215.0 424.0
329.0 555.0 336.0 557.0
333.0 473.0 339.0 474.0
158.0 339.0 175.0 347.0
182.0 404.0 189.0 411.0
183.0 404.0 189.0 411.0
183.0 405.0 189.0 411.0
355.0 562.0 360.0 560.0
182.0 405.0 189.0 411.0
108.0 85.0 110.0 88.0
390.0 538.0 397.0 542.0
341.0 522.0 347.0 526.0
182.0 406.0 189.0 411.0
178.0 423.0 178.0 446.0
355.0 563.0 360.0 561.0
289.0 530.0 297.0 534.0
356.0 561.0 360.0 560.0
422.0 354.0 422.0 349.0
325.0 515.0 331.0 518.0
135.0 559.0 139.0 571.0
254.0 587.0 265.0 593.0
342.0 522.0 347.0 526.0
334.0 599.0 339.0 599.0
253.0 587.0 265.0 592.0
356.0 562.0 360.0 560.0
135.0 560.0 139.0 571.0
368.0 450.0 370.0 446.0
95.0 519.0 109.0 526.0
136.0 558.0 139.0 571.0
94.0 518.0 109.0 526.0
254.0 586.0 265.0 592.0
325.0 514.0 331.0 518.0
136.0 559.0 139.0 571.0
288.0 531.0 297.0 534.0
289.0 531.0 297.0 534.0
136.0 560.0 139.0 571.0
89.0 633.0 105.0 627.0
349.0 365.0 362.0 369.0
108.0 86.0 110.0 88.0
93.0 518.0 109.0 526.0
335.0 599.0 339.0 599.0
334.0 598.0 339.0 599.0
136.0 561.0 139.0 571.0
335.0 598.0 339.0 599.0
333.0 599.0 339.0 599.0
94.0 519.0 109.0 526.0
75.0 320.0 113.0 337.0
107.0 86.0 110.0 88.0
333.0 598.0 339.0 599.0
119.0 208.0 103.0 209.0
118.0 208.0 103.0 209.0
74.0 319.0 113.0 337.0
288.0 530.0 297.0 534.0
302.0 559.0 308.0 562.0
74.0 320.0 113.0 337.0
73.0 319.0 113.0 337.0
118.0 209.0 103.0 209.0
332.0 599.0 339.0 599.0
302.0 560.0 308.0 562.0
283.0 502.0 288.0 509.0
31.0 42.0 37.0 54.0
308.0 604.0 321.0 600.0
187.0 115.0 157.0 109.0
303.0 559.0 308.0 562.0
378.0 394.0 371.0 388.0
25.0 49.0 23.0 65.0
73.0 320.0 113.0 337.0
187.0 114.0 157.0 108.0
378.0 395.0 371.0 388.0
308.0 602.0 321.0 600.0
309.0 602.0 321.0 600.0
308.0 603.0 321.0 600.0
302.0 557.0 308.0 562.0
302.0 558.0 308.0 562.0
31.0 41.0 37.0 54.0
30.0 41.0 37.0 54.0
301.0 559.0 308.0 562.0
404.0 398.0 402.0 407.0
309.0 604.0 321.0 600.0
309.0 603.0 321.0 600.0
89.0 80.0 110.0 88.0
301.0 558.0 308.0 562.0
