314.0 335.0 356.0 315.0
290.0 116.0 332.0 92.0
340.0 450.0 384.0 429.0
290.0 115.0 332.0 92.0
317.0 581.0 362.0 553.0
339.0 450.0 383.0 429.0
289.0 116.0 332.0 92.0
326.0 201.0 368.0 179.0
317.0 580.0 362.0 553.0
340.0 451.0 384.0 430.0
316.0 581.0 362.0 553.0
289.0 115.0 332.0 92.0
217.0 111.0 257.0 91.0
310.0 320.0 353.0 301.0
315.0 384.0 356.0 364.0
288.0 116.0 330.0 92.0
325.0 202.0 368.0 181.0
318.0 581.0 362.0 553.0
325.0 201.0 368.0 179.0
288.0 115.0 331.0 92.0
314.0 384.0 356.0 364.0
268.0 342.0 310.0 322.0
311.0 321.0 353.0 301.0
339.0 451.0 383.0 429.0
311.0 320.0 353.0 301.0
310.0 321.0 353.0 301.0
326.0 202.0 368.0 181.0
324.0 201.0 368.0 179.0
318.0 580.0 362.0 553.0
288.0 117.0 330.0 94.0
309.0 321.0 353.0 301.0
318.0 438.0 362.0 416.0
267.0 340.0 309.0 320.0
216.0 111.0 257.0 91.0
324.0 202.0 368.0 181.0
313.0 383.0 355.0 363.0
266.0 341.0 309.0 321.0
317.0 438.0 362.0 416.0
287.0 115.0 330.0 94.0
327.0 201.0 368.0 179.0
314.0 383.0 356.0 364.0
268.0 340.0 309.0 321.0
318.0 437.0 362.0 416.0
338.0 450.0 383.0 429.0
315.0 383.0 356.0 364.0
351.0 198.0 395.0 174.0
317.0 437.0 362.0 416.0
312.0 582.0 356.0 554.0
267.0 341.0 309.0 321.0
266.0 342.0 309.0 321.0
289.0 117.0 332.0 92.0
117.0 460.0 169.0 436.0
217.0 110.0 257.0 91.0
316.0 383.0 357.0 363.0
268.0 341.0 310.0 322.0
267.0 342.0 310.0 322.0
287.0 116.0 330.0 94.0
351.0 199.0 390.0 179.0
190.0 80.0 230.0 59.0
238.0 405.0 282.0 384.0
314.0 382.0 355.0 363.0
118.0 460.0 169.0 436.0
316.0 139.0 355.0 116.0
190.0 81.0 229.0 61.0
350.0 201.0 390.0 179.0
385.0 81.0 428.0 55.0
350.0 200.0 390.0 179.0
386.0 80.0 429.0 53.0
315.0 139.0 354.0 116.0
271.0 394.0 314.0 373.0
315.0 140.0 354.0 116.0
317.0 439.0 362.0 416.0
313.0 382.0 355.0 363.0
310.0 584.0 355.0 555.0
118.0 459.0 169.0 436.0
315.0 382.0 357.0 362.0
270.0 394.0 314.0 373.0
349.0 201.0 390.0 179.0
237.0 405.0 282.0 384.0
379.0 555.0 424.0 529.0
385.0 80.0 429.0 53.0
238.0 407.0 282.0 384.0
350.0 199.0 395.0 174.0
268.0 224.0 308.0 205.0
238.0 406.0 282.0 384.0
380.0 553.0 425.0 528.0
380.0 554.0 425.0 528.0
216.0 110.0 257.0 91.0
217.0 363.0 261.0 343.0
119.0 459.0 169.0 436.0
296.0 326.0 339.0 306.0
268.0 147.0 305.0 130.0
215.0 364.0 261.0 343.0
216.0 363.0 261.0 343.0
191.0 81.0 229.0 61.0
386.0 79.0 429.0 53.0
237.0 406.0 282.0 384.0
379.0 554.0 424.0 529.0
349.0 200.0 389.0 179.0
384.0 81.0 428.0 55.0
351.0 200.0 390.0 179.0
117.0 459.0 169.0 436.0
385.0 79.0 429.0 53.0
294.0 326.0 339.0 306.0
315.0 138.0 355.0 116.0
119.0 458.0 169.0 436.0
217.0 109.0 255.0 91.0
217.0 362.0 261.0 343.0
379.0 553.0 425.0 528.0
253.0 348.0 297.0 328.0
216.0 109.0 255.0 91.0
253.0 349.0 297.0 329.0
237.0 407.0 282.0 384.0
314.0 140.0 354.0 116.0
295.0 326.0 339.0 306.0
316.0 438.0 362.0 416.0
215.0 110.0 255.0 91.0
252.0 165.0 292.0 145.0
236.0 407.0 282.0 384.0
216.0 364.0 261.0 343.0
295.0 327.0 339.0 306.0
191.0 80.0 230.0 59.0
237.0 466.0 283.0 444.0
311.0 583.0 355.0 555.0
296.0 327.0 339.0 306.0
384.0 80.0 428.0 54.0
212.0 413.0 260.0 389.0
253.0 165.0 292.0 145.0
252.0 349.0 297.0 328.0
271.0 393.0 314.0 373.0
236.0 406.0 282.0 384.0
242.0 370.0 287.0 351.0
269.0 394.0 312.0 374.0
314.0 139.0 354.0 116.0
269.0 147.0 305.0 130.0
237.0 465.0 283.0 444.0
252.0 348.0 297.0 328.0
353.0 95.0 395.0 71.0
270.0 393.0 314.0 373.0
216.0 362.0 261.0 343.0
118.0 458.0 169.0 436.0
296.0 203.0 338.0 181.0
251.0 165.0 292.0 145.0
242.0 371.0 287.0 351.0
269.0 393.0 311.0 371.0
297.0 202.0 338.0 181.0
330.0 167.0 371.0 144.0
268.0 146.0 305.0 129.0
252.0 164.0 292.0 145.0
295.0 203.0 338.0 181.0
347.0 98.0 393.0 72.0
314.0 138.0 354.0 116.0
238.0 466.0 283.0 444.0
213.0 413.0 260.0 389.0
270.0 392.0 311.0 371.0
238.0 465.0 283.0 444.0
214.0 413.0 260.0 389.0
296.0 202.0 338.0 181.0
253.0 164.0 292.0 145.0
294.0 203.0 338.0 181.0
193.0 274.0 239.0 256.0
294.0 442.0 338.0 419.0
203.0 372.0 247.0 351.0
193.0 275.0 239.0 256.0
269.0 392.0 311.0 371.0
201.0 373.0 247.0 351.0
241.0 371.0 287.0 351.0
201.0 372.0 247.0 351.0
329.0 167.0 371.0 144.0
202.0 372.0 247.0 351.0
269.0 146.0 305.0 130.0
295.0 201.0 338.0 181.0
269.0 391.0 311.0 371.0
296.0 201.0 338.0 181.0
117.0 458.0 170.0 435.0
241.0 370.0 287.0 351.0
329.0 166.0 371.0 144.0
328.0 166.0 371.0 144.0
294.0 202.0 338.0 181.0
202.0 373.0 247.0 351.0
268.0 225.0 308.0 205.0
271.0 392.0 314.0 373.0
329.0 168.0 371.0 144.0
254.0 164.0 292.0 145.0
192.0 276.0 239.0 256.0
200.0 373.0 247.0 351.0
295.0 441.0 339.0 419.0
268.0 391.0 311.0 371.0
295.0 202.0 338.0 181.0
48.0 239.0 103.0 223.0
328.0 168.0 371.0 144.0
200.0 374.0 247.0 351.0
328.0 167.0 371.0 144.0
192.0 275.0 239.0 256.0
204.0 371.0 247.0 351.0
204.0 372.0 248.0 351.0
49.0 239.0 103.0 221.0
327.0 167.0 371.0 144.0
268.0 392.0 311.0 371.0
327.0 168.0 371.0 144.0
46.0 263.0 101.0 246.0
337.0 478.0 374.0 458.0
52.0 310.0 106.0 293.0
337.0 479.0 374.0 458.0
192.0 274.0 239.0 256.0
45.0 263.0 101.0 246.0
346.0 98.0 393.0 72.0
270.0 146.0 305.0 129.0
237.0 260.0 285.0 238.0
46.0 264.0 101.0 246.0
203.0 373.0 247.0 351.0
201.0 144.0 238.0 123.0
46.0 265.0 101.0 246.0
45.0 264.0 101.0 246.0
310.0 432.0 360.0 416.0
255.0 163.0 292.0 145.0
46.0 266.0 101.0 246.0
191.0 276.0 239.0 256.0
242.0 72.0 280.0 57.0
58.0 240.0 103.0 222.0
323.0 41.0 364.0 17.0
238.0 261.0 286.0 238.0
322.0 41.0 364.0 18.0
237.0 261.0 286.0 238.0
311.0 432.0 360.0 416.0
243.0 72.0 280.0 57.0
191.0 275.0 239.0 256.0
323.0 40.0 364.0 17.0
322.0 40.0 364.0 18.0
51.0 310.0 105.0 293.0
236.0 261.0 286.0 238.0
236.0 260.0 285.0 238.0
45.0 266.0 101.0 246.0
323.0 39.0 364.0 17.0
44.0 264.0 101.0 246.0
45.0 265.0 101.0 246.0
50.0 311.0 104.0 293.0
46.0 292.0 101.0 274.0
235.0 260.0 284.0 238.0
46.0 291.0 101.0 274.0
50.0 310.0 104.0 293.0
50.0 309.0 104.0 293.0
236.0 262.0 286.0 238.0
237.0 262.0 286.0 238.0
46.0 290.0 101.0 274.0
49.0 310.0 104.0 293.0
44.0 265.0 101.0 246.0
235.0 261.0 285.0 238.0
49.0 309.0 104.0 293.0
235.0 262.0 286.0 238.0
48.0 311.0 104.0 293.0
46.0 247.0 102.0 223.0
49.0 311.0 104.0 293.0
47.0 310.0 104.0 293.0
262.0 219.0 306.0 202.0
258.0 57.0 298.0 35.0
259.0 57.0 298.0 35.0
48.0 310.0 104.0 293.0
257.0 57.0 298.0 35.0
48.0 309.0 104.0 293.0
45.0 247.0 102.0 223.0
45.0 249.0 100.0 245.0
45.0 248.0 102.0 223.0
46.0 249.0 100.0 245.0
46.0 248.0 102.0 223.0
257.0 58.0 298.0 35.0
47.0 309.0 104.0 293.0
294.0 373.0 332.0 367.0
293.0 373.0 331.0 366.0
258.0 58.0 298.0 35.0
293.0 372.0 331.0 366.0
308.0 194.0 340.0 181.0
343.0 55.0 383.0 30.0
342.0 55.0 383.0 30.0
309.0 194.0 340.0 181.0
419.0 193.0 462.0 168.0
309.0 195.0 340.0 181.0
343.0 54.0 383.0 29.0
341.0 55.0 383.0 30.0
342.0 56.0 383.0 30.0
341.0 54.0 383.0 29.0
418.0 193.0 462.0 168.0
341.0 56.0 383.0 30.0
308.0 193.0 340.0 181.0
309.0 193.0 340.0 181.0
342.0 54.0 383.0 29.0
343.0 56.0 383.0 30.0
419.0 194.0 462.0 168.0
419.0 195.0 462.0 168.0
418.0 194.0 462.0 168.0
417.0 193.0 462.0 168.0
417.0 194.0 462.0 168.0
403.0 158.0 436.0 137.0
121.0 618.0 174.0 586.0
121.0 619.0 174.0 586.0
418.0 195.0 462.0 168.0
403.0 159.0 436.0 138.0
17.0 216.0 66.0 203.0
16.0 217.0 66.0 203.0
403.0 160.0 436.0 138.0
17.0 217.0 66.0 203.0
269.0 168.0 304.0 131.0
16.0 216.0 66.0 203.0
246.0 134.0 276.0 126.0
121.0 620.0 174.0 586.0
404.0 157.0 436.0 137.0
15.0 216.0 66.0 203.0
122.0 618.0 174.0 586.0
404.0 158.0 436.0 138.0
435.0 184.0 463.0 168.0
