423.0 371.0 425.0 356.0
424.0 370.0 425.0 355.0
424.0 372.0 425.0 356.0
16.0 204.0 17.0 202.0
425.0 370.0 425.0 355.0
425.0 371.0 426.0 356.0
424.0 371.0 426.0 356.0
423.0 372.0 425.0 356.0
16.0 203.0 17.0 202.0
35.0 35.0 34.0 34.0
207.0 570.0 212.0 556.0
208.0 569.0 212.0 555.0
413.0 158.0 414.0 146.0
471.0 308.0 472.0 293.0
413.0 157.0 414.0 146.0
17.0 127.0 17.0 127.0
472.0 308.0 472.0 293.0
208.0 568.0 213.0 552.0
25.0 94.0 22.0 93.0
15.0 203.0 17.0 202.0
59.0 93.0 58.0 91.0
207.0 569.0 212.0 556.0
330.0 218.0 331.0 207.0
11.0 145.0 10.0 144.0
24.0 93.0 22.0 91.0
36.0 35.0 35.0 34.0
208.0 567.0 213.0 552.0
17.0 128.0 17.0 128.0
471.0 309.0 472.0 293.0
59.0 94.0 58.0 91.0
97.0 82.0 95.0 78.0
207.0 568.0 212.0 556.0
242.0 80.0 240.0 69.0
24.0 95.0 22.0 93.0
36.0 36.0 35.0 34.0
24.0 94.0 22.0 91.0
245.0 225.0 245.0 216.0
472.0 309.0 472.0 293.0
11.0 146.0 10.0 144.0
329.0 218.0 331.0 207.0
231.0 208.0 231.0 198.0
245.0 226.0 244.0 217.0
10.0 146.0 10.0 144.0
244.0 226.0 244.0 217.0
96.0 83.0 95.0 79.0
157.0 238.0 158.0 231.0
62.0 111.0 60.0 109.0
61.0 110.0 60.0 109.0
61.0 111.0 60.0 109.0
129.0 258.0 130.0 251.0
243.0 80.0 240.0 69.0
330.0 217.0 332.0 206.0
10.0 147.0 10.0 144.0
34.0 36.0 34.0 34.0
330.0 216.0 332.0 206.0
401.0 129.0 402.0 118.0
244.0 225.0 244.0 217.0
25.0 93.0 22.0 91.0
37.0 35.0 35.0 34.0
242.0 79.0 240.0 68.0
35.0 36.0 34.0 34.0
59.0 95.0 58.0 91.0
11.0 147.0 10.0 144.0
329.0 219.0 331.0 207.0
329.0 217.0 331.0 207.0
412.0 158.0 413.0 147.0
241.0 79.0 239.0 68.0
58.0 93.0 57.0 91.0
207.0 567.0 212.0 556.0
61.0 112.0 60.0 109.0
329.0 216.0 332.0 206.0
244.0 227.0 244.0 217.0
328.0 218.0 331.0 207.0
173.0 400.0 175.0 390.0
362.0 103.0 362.0 94.0
225.0 222.0 224.0 212.0
96.0 84.0 95.0 80.0
328.0 217.0 331.0 207.0
183.0 515.0 187.0 503.0
183.0 516.0 188.0 504.0
401.0 130.0 402.0 118.0
58.0 94.0 57.0 92.0
230.0 208.0 231.0 198.0
37.0 87.0 36.0 84.0
184.0 516.0 188.0 504.0
402.0 129.0 402.0 118.0
362.0 104.0 362.0 94.0
471.0 300.0 473.0 286.0
63.0 217.0 63.0 212.0
41.0 205.0 41.0 203.0
60.0 111.0 59.0 109.0
12.0 146.0 11.0 145.0
97.0 83.0 95.0 79.0
130.0 259.0 130.0 251.0
97.0 84.0 95.0 80.0
129.0 259.0 130.0 251.0
117.0 118.0 117.0 114.0
37.0 86.0 36.0 84.0
402.0 130.0 402.0 118.0
213.0 79.0 212.0 69.0
116.0 118.0 116.0 114.0
42.0 205.0 41.0 203.0
183.0 517.0 188.0 504.0
232.0 62.0 230.0 53.0
226.0 222.0 224.0 212.0
472.0 300.0 473.0 286.0
354.0 134.0 356.0 125.0
79.0 411.0 84.0 403.0
243.0 79.0 240.0 68.0
118.0 118.0 117.0 114.0
117.0 117.0 117.0 114.0
41.0 206.0 41.0 203.0
354.0 135.0 356.0 125.0
36.0 87.0 35.0 84.0
130.0 258.0 130.0 251.0
328.0 216.0 331.0 207.0
119.0 290.0 121.0 284.0
157.0 239.0 158.0 231.0
12.0 624.0 17.0 619.0
225.0 221.0 224.0 212.0
11.0 624.0 17.0 619.0
175.0 400.0 178.0 390.0
12.0 625.0 17.0 619.0
175.0 399.0 178.0 390.0
174.0 399.0 177.0 390.0
91.0 59.0 89.0 56.0
226.0 221.0 224.0 212.0
156.0 239.0 157.0 231.0
42.0 206.0 41.0 203.0
355.0 134.0 356.0 125.0
52.0 31.0 50.0 30.0
78.0 57.0 76.0 54.0
354.0 136.0 356.0 125.0
62.0 217.0 63.0 212.0
244.0 80.0 240.0 69.0
96.0 19.0 93.0 15.0
230.0 209.0 230.0 198.0
36.0 86.0 35.0 84.0
213.0 80.0 212.0 69.0
156.0 238.0 158.0 231.0
11.0 625.0 17.0 619.0
92.0 59.0 89.0 56.0
232.0 63.0 230.0 53.0
174.0 400.0 176.0 391.0
355.0 135.0 356.0 125.0
233.0 64.0 230.0 53.0
176.0 228.0 177.0 220.0
92.0 60.0 89.0 56.0
43.0 205.0 41.0 203.0
295.0 161.0 295.0 153.0
355.0 136.0 356.0 125.0
53.0 31.0 50.0 30.0
295.0 160.0 295.0 153.0
118.0 305.0 120.0 298.0
402.0 131.0 402.0 118.0
78.0 411.0 83.0 404.0
232.0 64.0 230.0 53.0
53.0 32.0 50.0 30.0
89.0 123.0 88.0 117.0
466.0 132.0 468.0 121.0
73.0 32.0 70.0 27.0
96.0 18.0 94.0 15.0
295.0 162.0 295.0 153.0
236.0 95.0 234.0 84.0
135.0 120.0 133.0 113.0
87.0 324.0 90.0 318.0
172.0 36.0 170.0 30.0
55.0 32.0 52.0 31.0
296.0 162.0 295.0 153.0
91.0 58.0 89.0 56.0
294.0 160.0 295.0 153.0
88.0 123.0 88.0 117.0
9.0 541.0 17.0 534.0
54.0 31.0 51.0 29.0
176.0 229.0 177.0 220.0
133.0 120.0 133.0 113.0
466.0 131.0 468.0 121.0
63.0 216.0 63.0 212.0
88.0 122.0 88.0 117.0
235.0 95.0 234.0 84.0
294.0 161.0 295.0 153.0
62.0 216.0 63.0 212.0
89.0 122.0 88.0 117.0
97.0 18.0 94.0 15.0
138.0 156.0 136.0 149.0
282.0 38.0 279.0 29.0
281.0 38.0 279.0 29.0
282.0 39.0 279.0 29.0
62.0 215.0 63.0 212.0
61.0 268.0 63.0 265.0
76.0 253.0 76.0 246.0
75.0 252.0 76.0 246.0
143.0 250.0 143.0 243.0
97.0 17.0 94.0 15.0
54.0 32.0 51.0 29.0
67.0 46.0 64.0 43.0
90.0 122.0 88.0 117.0
165.0 149.0 163.0 142.0
63.0 214.0 63.0 212.0
97.0 244.0 98.0 238.0
117.0 304.0 120.0 298.0
134.0 120.0 133.0 114.0
62.0 268.0 63.0 265.0
10.0 541.0 17.0 534.0
294.0 162.0 295.0 153.0
108.0 171.0 107.0 165.0
281.0 39.0 279.0 29.0
139.0 156.0 136.0 149.0
61.0 267.0 62.0 264.0
63.0 215.0 63.0 212.0
90.0 123.0 88.0 117.0
281.0 40.0 279.0 30.0
119.0 304.0 120.0 298.0
41.0 485.0 47.0 479.0
98.0 244.0 98.0 238.0
62.0 267.0 63.0 265.0
169.0 127.0 167.0 120.0
198.0 401.0 200.0 391.0
197.0 401.0 200.0 391.0
75.0 254.0 76.0 246.0
118.0 304.0 120.0 298.0
29.0 403.0 34.0 397.0
107.0 171.0 107.0 165.0
293.0 160.0 295.0 153.0
110.0 303.0 112.0 296.0
75.0 253.0 76.0 246.0
86.0 324.0 90.0 318.0
61.0 406.0 66.0 399.0
30.0 404.0 33.0 398.0
177.0 229.0 177.0 220.0
145.0 192.0 145.0 187.0
29.0 404.0 33.0 398.0
111.0 302.0 112.0 296.0
59.0 252.0 60.0 246.0
143.0 249.0 143.0 243.0
171.0 37.0 168.0 30.0
282.0 40.0 279.0 30.0
92.0 340.0 95.0 334.0
283.0 39.0 279.0 29.0
293.0 161.0 295.0 153.0
145.0 191.0 145.0 187.0
59.0 251.0 60.0 246.0
107.0 170.0 107.0 165.0
110.0 302.0 112.0 296.0
28.0 403.0 34.0 398.0
108.0 170.0 107.0 165.0
206.0 132.0 205.0 124.0
206.0 131.0 205.0 124.0
206.0 133.0 205.0 124.0
92.0 341.0 95.0 334.0
142.0 249.0 143.0 243.0
170.0 127.0 167.0 120.0
97.0 245.0 98.0 238.0
207.0 132.0 205.0 124.0
169.0 126.0 167.0 120.0
207.0 131.0 205.0 124.0
41.0 486.0 47.0 480.0
88.0 169.0 87.0 163.0
170.0 126.0 167.0 120.0
205.0 131.0 205.0 124.0
66.0 164.0 66.0 160.0
137.0 164.0 136.0 156.0
207.0 130.0 205.0 124.0
28.0 404.0 33.0 398.0
40.0 486.0 47.0 480.0
93.0 340.0 95.0 334.0
53.0 577.0 60.0 570.0
52.0 605.0 63.0 595.0
98.0 245.0 98.0 238.0
136.0 164.0 136.0 156.0
99.0 245.0 99.0 239.0
170.0 172.0 171.0 164.0
62.0 413.0 67.0 405.0
9.0 485.0 14.0 481.0
206.0 130.0 204.0 123.0
9.0 484.0 14.0 481.0
52.0 577.0 60.0 570.0
53.0 605.0 63.0 595.0
171.0 171.0 171.0 164.0
24.0 557.0 32.0 550.0
170.0 171.0 171.0 164.0
10.0 484.0 14.0 481.0
146.0 192.0 145.0 187.0
171.0 172.0 171.0 164.0
74.0 253.0 76.0 246.0
54.0 434.0 59.0 430.0
171.0 173.0 171.0 164.0
53.0 606.0 63.0 595.0
146.0 191.0 145.0 187.0
138.0 164.0 136.0 156.0
23.0 556.0 32.0 550.0
91.0 341.0 95.0 334.0
137.0 165.0 136.0 156.0
52.0 606.0 63.0 595.0
14.0 410.0 18.0 408.0
132.0 158.0 136.0 149.0
55.0 434.0 59.0 430.0
13.0 410.0 18.0 408.0
131.0 159.0 136.0 149.0
132.0 159.0 136.0 149.0
53.0 578.0 59.0 571.0
133.0 159.0 136.0 149.0
52.0 578.0 59.0 571.0
197.0 181.0 196.0 171.0
56.0 434.0 59.0 430.0
196.0 180.0 196.0 171.0
13.0 411.0 18.0 408.0
197.0 182.0 196.0 171.0
131.0 158.0 136.0 149.0
55.0 460.0 55.0 455.0
230.0 56.0 230.0 52.0
196.0 181.0 196.0 171.0
74.0 364.0 79.0 356.0
138.0 630.0 143.0 618.0
55.0 435.0 59.0 430.0
90.0 356.0 88.0 337.0
60.0 241.0 60.0 246.0
90.0 357.0 89.0 337.0
91.0 356.0 89.0 337.0
91.0 357.0 89.0 337.0
197.0 180.0 196.0 171.0
141.0 409.0 144.0 402.0
54.0 459.0 55.0 455.0
138.0 631.0 143.0 618.0
147.0 191.0 145.0 187.0
55.0 459.0 55.0 455.0
90.0 358.0 89.0 337.0
140.0 409.0 144.0 402.0
56.0 435.0 59.0 430.0
196.0 182.0 196.0 171.0
56.0 459.0 55.0 455.0
137.0 631.0 143.0 618.0
56.0 460.0 55.0 455.0
140.0 408.0 144.0 402.0
165.0 141.0 163.0 141.0
91.0 358.0 89.0 337.0
356.0 92.0 362.0 94.0
56.0 458.0 55.0 455.0
166.0 141.0 163.0 141.0
189.0 399.0 200.0 392.0
357.0 92.0 362.0 94.0
207.0 85.0 212.0 71.0
165.0 140.0 163.0 141.0
109.0 361.0 108.0 337.0
233.0 103.0 234.0 85.0
55.0 458.0 55.0 455.0
356.0 91.0 362.0 94.0
357.0 91.0 362.0 94.0
109.0 360.0 108.0 337.0
187.0 144.0 187.0 129.0
110.0 360.0 108.0 337.0
188.0 127.0 187.0 129.0
110.0 361.0 108.0 337.0
188.0 399.0 200.0 392.0
73.0 167.0 66.0 160.0
189.0 127.0 187.0 129.0
203.0 192.0 196.0 171.0
65.0 15.0 51.0 30.0
93.0 467.0 105.0 463.0
214.0 168.0 214.0 138.0
202.0 193.0 196.0 171.0
203.0 193.0 196.0 171.0
215.0 169.0 214.0 138.0
214.0 169.0 214.0 138.0
189.0 126.0 187.0 129.0
213.0 169.0 214.0 138.0
105.0 39.0 95.0 15.0
188.0 126.0 187.0 129.0
203.0 194.0 196.0 171.0
214.0 170.0 214.0 138.0
6.0 501.0 14.0 481.0
66.0 16.0 51.0 30.0
88.0 384.0 79.0 356.0
104.0 39.0 95.0 15.0
