90.0 491.0 103.0 499.0
450.0 43.0 458.0 43.0
89.0 491.0 103.0 499.0
331.0 223.0 341.0 226.0
363.0 497.0 379.0 498.0
332.0 223.0 341.0 226.0
286.0 538.0 302.0 543.0
181.0 85.0 191.0 97.0
362.0 497.0 379.0 498.0
282.0 478.0 295.0 483.0
331.0 222.0 341.0 226.0
330.0 222.0 341.0 226.0
282.0 477.0 295.0 483.0
364.0 496.0 379.0 498.0
449.0 42.0 458.0 43.0
449.0 41.0 458.0 43.0
396.0 300.0 409.0 301.0
395.0 300.0 409.0 301.0
181.0 86.0 191.0 97.0
450.0 42.0 458.0 43.0
447.0 347.0 459.0 347.0
275.0 273.0 286.0 276.0
109.0 69.0 118.0 83.0
286.0 537.0 302.0 543.0
237.0 121.0 245.0 131.0
451.0 43.0 458.0 43.0
332.0 222.0 341.0 226.0
446.0 348.0 459.0 347.0
362.0 496.0 379.0 498.0
236.0 121.0 245.0 132.0
174.0 204.0 187.0 215.0
381.0 320.0 395.0 321.0
450.0 40.0 458.0 43.0
174.0 205.0 186.0 215.0
363.0 496.0 379.0 498.0
175.0 205.0 187.0 215.0
450.0 41.0 458.0 43.0
281.0 477.0 295.0 483.0
57.0 288.0 71.0 300.0
91.0 522.0 107.0 531.0
408.0 495.0 424.0 495.0
110.0 69.0 119.0 84.0
236.0 123.0 245.0 132.0
110.0 70.0 119.0 84.0
137.0 201.0 148.0 211.0
354.0 362.0 368.0 365.0
396.0 301.0 410.0 302.0
138.0 201.0 148.0 211.0
448.0 347.0 459.0 347.0
138.0 202.0 148.0 211.0
236.0 122.0 245.0 132.0
354.0 363.0 368.0 365.0
267.0 304.0 276.0 308.0
205.0 204.0 215.0 213.0
109.0 70.0 118.0 83.0
382.0 446.0 397.0 448.0
174.0 206.0 186.0 215.0
182.0 84.0 191.0 97.0
238.0 122.0 246.0 132.0
381.0 446.0 396.0 447.0
451.0 42.0 458.0 43.0
448.0 348.0 459.0 347.0
447.0 348.0 459.0 347.0
96.0 189.0 108.0 201.0
248.0 511.0 263.0 516.0
391.0 530.0 408.0 532.0
182.0 85.0 191.0 97.0
355.0 437.0 370.0 437.0
287.0 538.0 302.0 543.0
333.0 422.0 348.0 426.0
354.0 364.0 368.0 365.0
395.0 301.0 408.0 302.0
237.0 122.0 245.0 132.0
108.0 69.0 118.0 83.0
392.0 530.0 408.0 532.0
380.0 446.0 396.0 447.0
249.0 512.0 263.0 516.0
310.0 507.0 325.0 511.0
451.0 41.0 458.0 43.0
137.0 200.0 148.0 211.0
57.0 287.0 71.0 300.0
57.0 286.0 71.0 300.0
173.0 204.0 186.0 215.0
173.0 205.0 186.0 215.0
355.0 435.0 370.0 437.0
266.0 303.0 276.0 308.0
97.0 189.0 108.0 201.0
339.0 542.0 355.0 545.0
139.0 201.0 148.0 211.0
355.0 436.0 370.0 437.0
68.0 189.0 81.0 203.0
356.0 435.0 370.0 437.0
49.0 166.0 62.0 180.0
99.0 479.0 114.0 487.0
385.0 411.0 401.0 412.0
238.0 123.0 246.0 132.0
49.0 167.0 62.0 180.0
333.0 504.0 348.0 508.0
289.0 499.0 304.0 505.0
355.0 363.0 368.0 365.0
356.0 437.0 370.0 437.0
354.0 436.0 370.0 437.0
183.0 85.0 192.0 97.0
340.0 542.0 357.0 545.0
266.0 305.0 276.0 308.0
338.0 542.0 355.0 545.0
356.0 436.0 370.0 437.0
183.0 84.0 192.0 97.0
272.0 315.0 284.0 320.0
266.0 304.0 276.0 308.0
237.0 123.0 245.0 132.0
183.0 86.0 192.0 97.0
333.0 423.0 348.0 426.0
266.0 331.0 276.0 336.0
189.0 415.0 203.0 419.0
381.0 319.0 395.0 321.0
285.0 452.0 298.0 457.0
109.0 71.0 118.0 83.0
364.0 329.0 377.0 331.0
265.0 303.0 276.0 308.0
313.0 524.0 327.0 528.0
385.0 412.0 400.0 414.0
355.0 20.0 362.0 27.0
386.0 412.0 401.0 413.0
289.0 500.0 304.0 505.0
139.0 200.0 148.0 211.0
288.0 499.0 304.0 505.0
373.0 373.0 388.0 374.0
204.0 204.0 215.0 213.0
101.0 479.0 114.0 487.0
69.0 190.0 81.0 203.0
100.0 479.0 114.0 487.0
138.0 200.0 148.0 211.0
249.0 511.0 263.0 516.0
356.0 20.0 362.0 27.0
287.0 537.0 302.0 543.0
224.0 322.0 237.0 328.0
182.0 86.0 191.0 97.0
391.0 529.0 408.0 531.0
264.0 303.0 276.0 308.0
286.0 536.0 302.0 543.0
365.0 352.0 380.0 354.0
189.0 414.0 203.0 418.0
190.0 414.0 203.0 418.0
69.0 189.0 81.0 203.0
363.0 330.0 377.0 331.0
201.0 116.0 211.0 129.0
315.0 431.0 328.0 434.0
338.0 541.0 355.0 545.0
276.0 273.0 286.0 276.0
99.0 480.0 114.0 487.0
144.0 614.0 157.0 620.0
200.0 117.0 211.0 129.0
272.0 316.0 284.0 321.0
286.0 452.0 299.0 457.0
214.0 513.0 229.0 520.0
339.0 541.0 355.0 545.0
265.0 331.0 276.0 336.0
188.0 415.0 203.0 419.0
288.0 538.0 302.0 543.0
352.0 596.0 370.0 599.0
49.0 168.0 62.0 180.0
288.0 500.0 303.0 505.0
265.0 304.0 276.0 308.0
340.0 541.0 355.0 545.0
185.0 246.0 196.0 255.0
374.0 373.0 388.0 374.0
344.0 213.0 353.0 217.0
314.0 431.0 328.0 434.0
264.0 304.0 276.0 308.0
205.0 205.0 215.0 213.0
353.0 596.0 370.0 599.0
70.0 190.0 81.0 203.0
298.0 588.0 314.0 593.0
334.0 423.0 348.0 426.0
396.0 302.0 410.0 302.0
302.0 286.0 313.0 289.0
374.0 372.0 388.0 374.0
392.0 529.0 408.0 531.0
213.0 551.0 230.0 557.0
202.0 277.0 214.0 284.0
213.0 514.0 229.0 520.0
210.0 136.0 220.0 146.0
287.0 451.0 299.0 456.0
50.0 167.0 62.0 180.0
314.0 523.0 327.0 528.0
390.0 529.0 408.0 531.0
286.0 451.0 299.0 457.0
50.0 166.0 62.0 180.0
273.0 316.0 284.0 321.0
100.0 480.0 114.0 487.0
303.0 286.0 313.0 289.0
70.0 189.0 81.0 203.0
357.0 436.0 370.0 437.0
287.0 536.0 302.0 543.0
189.0 413.0 203.0 418.0
188.0 414.0 203.0 419.0
365.0 353.0 380.0 354.0
351.0 596.0 369.0 599.0
339.0 540.0 355.0 545.0
210.0 137.0 220.0 146.0
356.0 19.0 362.0 27.0
162.0 417.0 175.0 421.0
313.0 523.0 327.0 528.0
188.0 413.0 203.0 418.0
364.0 330.0 377.0 331.0
288.0 537.0 302.0 543.0
302.0 18.0 310.0 27.0
316.0 431.0 328.0 434.0
219.0 34.0 226.0 46.0
205.0 17.0 213.0 31.0
237.0 16.0 242.0 29.0
203.0 278.0 213.0 284.0
237.0 17.0 243.0 29.0
218.0 358.0 229.0 365.0
145.0 615.0 157.0 620.0
227.0 475.0 241.0 480.0
70.0 191.0 81.0 203.0
226.0 475.0 241.0 480.0
302.0 285.0 313.0 289.0
303.0 17.0 310.0 27.0
258.0 370.0 270.0 374.0
297.0 588.0 314.0 593.0
300.0 184.0 309.0 189.0
201.0 277.0 213.0 285.0
344.0 214.0 353.0 217.0
236.0 16.0 242.0 29.0
303.0 285.0 313.0 289.0
102.0 137.0 113.0 149.0
297.0 587.0 313.0 592.0
366.0 353.0 380.0 354.0
236.0 15.0 242.0 29.0
345.0 214.0 353.0 217.0
303.0 16.0 310.0 27.0
357.0 477.0 372.0 478.0
343.0 214.0 353.0 217.0
427.0 131.0 434.0 134.0
287.0 452.0 299.0 457.0
232.0 325.0 244.0 330.0
382.0 319.0 395.0 321.0
301.0 183.0 309.0 189.0
236.0 17.0 242.0 29.0
200.0 116.0 211.0 129.0
214.0 514.0 229.0 520.0
219.0 33.0 226.0 46.0
354.0 596.0 370.0 599.0
366.0 352.0 380.0 354.0
220.0 33.0 226.0 46.0
265.0 305.0 276.0 308.0
189.0 325.0 201.0 333.0
302.0 17.0 310.0 27.0
202.0 278.0 213.0 284.0
145.0 614.0 157.0 620.0
232.0 326.0 244.0 330.0
203.0 536.0 219.0 543.0
301.0 184.0 309.0 190.0
217.0 358.0 229.0 365.0
346.0 379.0 359.0 381.0
228.0 475.0 241.0 480.0
235.0 16.0 242.0 29.0
103.0 137.0 113.0 149.0
375.0 373.0 388.0 374.0
227.0 474.0 241.0 480.0
428.0 132.0 434.0 134.0
162.0 416.0 175.0 421.0
273.0 315.0 284.0 320.0
217.0 359.0 229.0 365.0
228.0 474.0 241.0 480.0
211.0 137.0 221.0 147.0
212.0 551.0 230.0 557.0
163.0 417.0 176.0 422.0
204.0 536.0 219.0 543.0
163.0 416.0 175.0 421.0
213.0 513.0 229.0 520.0
211.0 138.0 221.0 147.0
220.0 34.0 226.0 46.0
212.0 405.0 226.0 408.0
312.0 66.0 321.0 74.0
212.0 513.0 229.0 520.0
226.0 474.0 241.0 480.0
237.0 15.0 242.0 29.0
220.0 35.0 226.0 46.0
231.0 326.0 244.0 330.0
231.0 325.0 244.0 330.0
367.0 353.0 380.0 354.0
219.0 35.0 226.0 46.0
200.0 115.0 211.0 129.0
344.0 215.0 353.0 217.0
216.0 359.0 229.0 365.0
163.0 415.0 175.0 421.0
301.0 17.0 309.0 26.0
218.0 34.0 226.0 46.0
259.0 370.0 270.0 374.0
102.0 138.0 113.0 149.0
302.0 15.0 309.0 26.0
103.0 138.0 113.0 149.0
211.0 136.0 220.0 146.0
301.0 16.0 309.0 26.0
346.0 378.0 359.0 381.0
189.0 326.0 202.0 334.0
427.0 132.0 434.0 134.0
212.0 137.0 221.0 147.0
302.0 16.0 309.0 26.0
227.0 559.0 242.0 564.0
299.0 184.0 309.0 189.0
104.0 138.0 114.0 149.0
218.0 33.0 226.0 46.0
298.0 587.0 313.0 592.0
242.0 442.0 257.0 447.0
201.0 278.0 213.0 285.0
243.0 443.0 257.0 447.0
300.0 183.0 309.0 189.0
228.0 559.0 243.0 565.0
301.0 285.0 313.0 289.0
312.0 67.0 321.0 74.0
211.0 405.0 226.0 408.0
162.0 415.0 175.0 421.0
345.0 379.0 359.0 381.0
301.0 15.0 308.0 25.0
212.0 404.0 226.0 408.0
345.0 378.0 359.0 380.0
243.0 442.0 257.0 447.0
164.0 417.0 176.0 422.0
123.0 612.0 140.0 617.0
227.0 558.0 243.0 564.0
248.0 554.0 266.0 560.0
299.0 183.0 309.0 189.0
146.0 615.0 157.0 620.0
216.0 358.0 229.0 365.0
244.0 442.0 257.0 447.0
236.0 14.0 242.0 29.0
123.0 613.0 140.0 617.0
367.0 352.0 380.0 354.0
364.0 331.0 377.0 331.0
161.0 415.0 175.0 421.0
211.0 404.0 226.0 408.0
181.0 250.0 196.0 255.0
181.0 251.0 196.0 255.0
198.0 435.0 211.0 441.0
296.0 282.0 307.0 286.0
244.0 280.0 257.0 286.0
299.0 587.0 313.0 592.0
37.0 279.0 48.0 291.0
182.0 250.0 196.0 255.0
229.0 559.0 243.0 565.0
36.0 280.0 48.0 291.0
228.0 558.0 243.0 564.0
235.0 15.0 242.0 29.0
182.0 251.0 196.0 255.0
36.0 281.0 48.0 291.0
103.0 139.0 113.0 149.0
160.0 568.0 175.0 573.0
245.0 280.0 257.0 286.0
227.0 473.0 241.0 480.0
124.0 613.0 140.0 617.0
298.0 586.0 313.0 592.0
36.0 279.0 48.0 291.0
40.0 244.0 53.0 257.0
367.0 354.0 380.0 354.0
39.0 244.0 53.0 257.0
35.0 280.0 48.0 291.0
124.0 612.0 140.0 617.0
40.0 245.0 53.0 257.0
199.0 435.0 211.0 441.0
39.0 245.0 53.0 257.0
37.0 280.0 48.0 291.0
293.0 379.0 307.0 382.0
296.0 283.0 307.0 286.0
207.0 436.0 228.0 444.0
172.0 396.0 185.0 400.0
200.0 360.0 209.0 365.0
381.0 373.0 388.0 374.0
24.0 491.0 41.0 500.0
295.0 379.0 307.0 382.0
172.0 397.0 185.0 400.0
243.0 441.0 257.0 447.0
294.0 379.0 307.0 382.0
173.0 397.0 185.0 400.0
173.0 396.0 185.0 400.0
235.0 14.0 243.0 27.0
44.0 613.0 59.0 626.0
259.0 414.0 269.0 418.0
156.0 487.0 162.0 492.0
173.0 333.0 187.0 348.0
260.0 414.0 269.0 418.0
299.0 629.0 324.0 627.0
45.0 613.0 59.0 626.0
10.0 466.0 24.0 478.0
172.0 332.0 187.0 348.0
10.0 465.0 24.0 478.0
9.0 466.0 24.0 478.0
10.0 467.0 25.0 477.0
9.0 467.0 24.0 478.0
260.0 415.0 269.0 418.0
261.0 414.0 269.0 418.0
261.0 415.0 269.0 418.0
173.0 332.0 187.0 348.0
262.0 414.0 269.0 418.0
287.0 191.0 309.0 189.0
352.0 471.0 372.0 478.0
252.0 384.0 269.0 374.0
352.0 472.0 372.0 478.0
251.0 384.0 269.0 374.0
262.0 415.0 269.0 418.0
287.0 192.0 309.0 189.0
286.0 192.0 309.0 189.0
250.0 384.0 269.0 374.0
27.0 348.0 48.0 291.0
27.0 349.0 48.0 291.0
164.0 358.0 188.0 365.0
