418.0 16.0 415.0 17.0
356.0 22.0 354.0 21.0
416.0 17.0 415.0 17.0
239.0 398.0 220.0 405.0
416.0 16.0 415.0 17.0
211.0 138.0 202.0 136.0
417.0 17.0 415.0 17.0
210.0 138.0 202.0 136.0
356.0 23.0 354.0 22.0
341.0 85.0 336.0 84.0
357.0 22.0 354.0 22.0
417.0 16.0 415.0 17.0
301.0 89.0 297.0 85.0
238.0 398.0 219.0 405.0
238.0 399.0 219.0 405.0
338.0 116.0 332.0 117.0
301.0 88.0 297.0 85.0
418.0 15.0 415.0 17.0
417.0 15.0 415.0 17.0
254.0 444.0 234.0 452.0
237.0 398.0 219.0 405.0
193.0 466.0 171.0 472.0
416.0 15.0 415.0 17.0
357.0 23.0 354.0 22.0
302.0 89.0 297.0 85.0
239.0 399.0 220.0 405.0
338.0 117.0 332.0 117.0
255.0 444.0 234.0 452.0
211.0 139.0 202.0 136.0
193.0 467.0 171.0 472.0
212.0 139.0 202.0 136.0
323.0 23.0 319.0 22.0
340.0 85.0 337.0 84.0
302.0 88.0 297.0 85.0
300.0 88.0 297.0 85.0
130.0 442.0 110.0 445.0
273.0 524.0 250.0 533.0
194.0 466.0 172.0 471.0
209.0 139.0 201.0 137.0
341.0 84.0 337.0 83.0
301.0 87.0 297.0 85.0
403.0 94.0 399.0 98.0
210.0 139.0 201.0 136.0
302.0 87.0 297.0 85.0
337.0 116.0 331.0 117.0
337.0 117.0 331.0 117.0
339.0 85.0 337.0 83.0
237.0 399.0 219.0 405.0
129.0 444.0 109.0 446.0
194.0 467.0 172.0 471.0
171.0 431.0 149.0 435.0
252.0 166.0 241.0 169.0
210.0 140.0 201.0 138.0
130.0 444.0 110.0 446.0
289.0 49.0 287.0 47.0
300.0 87.0 297.0 85.0
211.0 140.0 201.0 136.0
193.0 532.0 169.0 541.0
322.0 24.0 319.0 22.0
404.0 94.0 399.0 98.0
225.0 22.0 221.0 16.0
323.0 24.0 319.0 22.0
255.0 443.0 234.0 452.0
130.0 443.0 110.0 446.0
340.0 84.0 337.0 83.0
131.0 444.0 110.0 446.0
290.0 49.0 287.0 47.0
441.0 35.0 441.0 37.0
129.0 442.0 109.0 445.0
129.0 443.0 109.0 446.0
302.0 86.0 297.0 85.0
192.0 533.0 171.0 540.0
154.0 557.0 128.0 562.0
258.0 54.0 255.0 50.0
342.0 84.0 336.0 84.0
442.0 36.0 441.0 37.0
195.0 466.0 172.0 471.0
274.0 524.0 251.0 533.0
256.0 444.0 235.0 452.0
323.0 25.0 320.0 22.0
404.0 93.0 400.0 96.0
254.0 443.0 234.0 452.0
325.0 44.0 322.0 42.0
442.0 33.0 441.0 37.0
258.0 53.0 255.0 50.0
442.0 35.0 441.0 37.0
128.0 443.0 108.0 445.0
325.0 43.0 322.0 42.0
442.0 34.0 441.0 37.0
443.0 34.0 441.0 37.0
257.0 54.0 255.0 50.0
171.0 430.0 149.0 435.0
83.0 367.0 64.0 367.0
304.0 62.0 301.0 61.0
188.0 376.0 170.0 380.0
324.0 45.0 322.0 42.0
324.0 23.0 320.0 22.0
175.0 455.0 154.0 460.0
324.0 44.0 322.0 42.0
154.0 558.0 128.0 562.0
259.0 53.0 256.0 49.0
443.0 33.0 441.0 37.0
293.0 116.0 287.0 114.0
253.0 443.0 233.0 452.0
441.0 33.0 441.0 37.0
441.0 34.0 441.0 37.0
247.0 428.0 227.0 435.0
225.0 23.0 221.0 16.0
303.0 63.0 301.0 61.0
304.0 63.0 301.0 61.0
256.0 443.0 235.0 452.0
170.0 431.0 149.0 435.0
193.0 533.0 171.0 540.0
176.0 456.0 154.0 460.0
403.0 93.0 399.0 96.0
443.0 35.0 441.0 37.0
273.0 523.0 250.0 533.0
169.0 431.0 149.0 435.0
439.0 52.0 435.0 57.0
132.0 443.0 110.0 446.0
170.0 429.0 149.0 435.0
324.0 25.0 320.0 22.0
154.0 556.0 128.0 562.0
324.0 43.0 322.0 42.0
175.0 457.0 153.0 461.0
131.0 443.0 110.0 446.0
305.0 62.0 301.0 61.0
324.0 24.0 320.0 22.0
168.0 430.0 145.0 435.0
170.0 430.0 149.0 435.0
131.0 442.0 110.0 445.0
252.0 165.0 241.0 169.0
439.0 51.0 435.0 57.0
251.0 165.0 241.0 169.0
194.0 532.0 171.0 540.0
193.0 534.0 171.0 540.0
325.0 24.0 320.0 22.0
192.0 534.0 171.0 540.0
84.0 366.0 64.0 367.0
258.0 55.0 255.0 50.0
304.0 64.0 301.0 61.0
292.0 116.0 287.0 114.0
248.0 427.0 227.0 435.0
254.0 61.0 250.0 56.0
288.0 50.0 287.0 47.0
254.0 442.0 233.0 452.0
294.0 116.0 287.0 114.0
282.0 96.0 276.0 92.0
153.0 557.0 127.0 562.0
173.0 457.0 153.0 461.0
91.0 487.0 69.0 491.0
83.0 366.0 64.0 367.0
303.0 64.0 301.0 61.0
241.0 78.0 236.0 73.0
295.0 117.0 288.0 115.0
189.0 551.0 164.0 557.0
457.0 50.0 454.0 54.0
248.0 426.0 227.0 435.0
245.0 144.0 238.0 142.0
175.0 456.0 153.0 461.0
174.0 457.0 153.0 461.0
259.0 54.0 256.0 49.0
188.0 550.0 164.0 557.0
246.0 144.0 238.0 142.0
289.0 50.0 287.0 47.0
293.0 117.0 287.0 114.0
247.0 427.0 227.0 435.0
169.0 430.0 145.0 435.0
294.0 115.0 287.0 114.0
194.0 533.0 171.0 540.0
169.0 429.0 149.0 435.0
171.0 624.0 143.0 629.0
438.0 52.0 435.0 57.0
255.0 442.0 234.0 452.0
247.0 144.0 238.0 142.0
440.0 53.0 435.0 57.0
282.0 95.0 276.0 92.0
84.0 365.0 65.0 366.0
246.0 427.0 227.0 435.0
174.0 456.0 153.0 461.0
225.0 416.0 205.0 423.0
301.0 29.0 300.0 25.0
153.0 558.0 128.0 562.0
187.0 551.0 164.0 557.0
295.0 116.0 287.0 115.0
226.0 23.0 221.0 16.0
459.0 49.0 454.0 54.0
246.0 426.0 227.0 435.0
206.0 447.0 186.0 453.0
221.0 484.0 197.0 493.0
190.0 550.0 165.0 557.0
439.0 53.0 435.0 57.0
302.0 28.0 301.0 25.0
261.0 79.0 258.0 77.0
170.0 624.0 143.0 629.0
82.0 366.0 64.0 367.0
294.0 117.0 288.0 115.0
458.0 51.0 454.0 54.0
262.0 78.0 258.0 77.0
224.0 416.0 205.0 423.0
152.0 557.0 126.0 562.0
280.0 96.0 274.0 94.0
259.0 55.0 255.0 50.0
253.0 61.0 249.0 56.0
281.0 96.0 274.0 94.0
188.0 551.0 164.0 557.0
247.0 426.0 227.0 435.0
458.0 49.0 454.0 54.0
189.0 550.0 164.0 557.0
459.0 50.0 454.0 54.0
280.0 95.0 274.0 94.0
224.0 417.0 205.0 423.0
281.0 95.0 276.0 92.0
207.0 447.0 186.0 453.0
171.0 623.0 143.0 629.0
305.0 63.0 301.0 61.0
262.0 79.0 258.0 77.0
246.0 145.0 238.0 142.0
438.0 53.0 435.0 57.0
458.0 50.0 454.0 54.0
279.0 96.0 274.0 94.0
344.0 143.0 337.0 145.0
290.0 50.0 287.0 47.0
245.0 145.0 238.0 142.0
263.0 79.0 259.0 76.0
83.0 365.0 65.0 366.0
279.0 95.0 274.0 94.0
33.0 227.0 20.0 222.0
305.0 64.0 301.0 61.0
264.0 79.0 259.0 76.0
263.0 78.0 259.0 76.0
439.0 54.0 435.0 57.0
359.0 57.0 357.0 57.0
91.0 486.0 69.0 491.0
346.0 143.0 337.0 145.0
315.0 117.0 308.0 116.0
345.0 143.0 337.0 145.0
281.0 94.0 276.0 92.0
244.0 144.0 238.0 142.0
291.0 49.0 288.0 46.0
314.0 117.0 308.0 116.0
460.0 50.0 454.0 54.0
171.0 622.0 143.0 629.0
291.0 50.0 287.0 47.0
358.0 58.0 357.0 57.0
178.0 59.0 172.0 57.0
91.0 485.0 69.0 491.0
170.0 623.0 143.0 629.0
304.0 65.0 301.0 61.0
412.0 73.0 409.0 76.0
302.0 29.0 301.0 25.0
306.0 63.0 301.0 61.0
437.0 53.0 435.0 57.0
438.0 54.0 435.0 57.0
262.0 80.0 258.0 77.0
264.0 80.0 258.0 77.0
460.0 49.0 454.0 54.0
242.0 80.0 237.0 74.0
413.0 71.0 409.0 76.0
241.0 79.0 236.0 73.0
170.0 622.0 143.0 629.0
346.0 144.0 337.0 145.0
263.0 80.0 258.0 77.0
242.0 78.0 237.0 74.0
33.0 228.0 20.0 222.0
412.0 72.0 409.0 76.0
251.0 529.0 229.0 538.0
359.0 58.0 357.0 57.0
177.0 60.0 172.0 57.0
242.0 79.0 237.0 74.0
42.0 391.0 22.0 388.0
169.0 623.0 143.0 629.0
178.0 60.0 172.0 57.0
244.0 145.0 238.0 142.0
413.0 72.0 409.0 76.0
358.0 57.0 356.0 57.0
34.0 227.0 20.0 222.0
412.0 71.0 409.0 76.0
345.0 144.0 337.0 145.0
243.0 80.0 237.0 74.0
287.0 51.0 287.0 47.0
34.0 226.0 19.0 220.0
34.0 228.0 20.0 222.0
358.0 59.0 357.0 57.0
201.0 604.0 173.0 612.0
42.0 390.0 22.0 388.0
280.0 94.0 276.0 92.0
344.0 144.0 337.0 145.0
251.0 530.0 229.0 538.0
179.0 60.0 172.0 57.0
357.0 58.0 356.0 57.0
306.0 144.0 299.0 144.0
250.0 530.0 229.0 538.0
357.0 59.0 356.0 57.0
305.0 145.0 299.0 145.0
35.0 227.0 20.0 221.0
201.0 603.0 173.0 612.0
314.0 118.0 308.0 116.0
169.0 622.0 143.0 629.0
243.0 79.0 237.0 74.0
263.0 81.0 258.0 77.0
250.0 529.0 229.0 538.0
289.0 51.0 287.0 47.0
90.0 487.0 69.0 491.0
447.0 101.0 441.0 107.0
37.0 390.0 22.0 388.0
200.0 604.0 173.0 612.0
43.0 390.0 22.0 388.0
288.0 51.0 287.0 47.0
446.0 101.0 441.0 106.0
324.0 140.0 317.0 140.0
243.0 78.0 237.0 74.0
344.0 145.0 337.0 145.0
445.0 101.0 440.0 105.0
36.0 390.0 22.0 388.0
66.0 541.0 42.0 542.0
66.0 542.0 42.0 542.0
241.0 80.0 236.0 74.0
202.0 604.0 173.0 612.0
345.0 145.0 337.0 145.0
43.0 391.0 22.0 388.0
37.0 391.0 22.0 388.0
35.0 228.0 20.0 222.0
290.0 51.0 287.0 47.0
200.0 603.0 173.0 612.0
249.0 530.0 229.0 538.0
18.0 236.0 4.0 229.0
245.0 146.0 238.0 142.0
202.0 603.0 173.0 612.0
178.0 61.0 172.0 58.0
237.0 127.0 226.0 132.0
63.0 516.0 40.0 518.0
90.0 485.0 69.0 491.0
277.0 144.0 270.0 143.0
201.0 602.0 173.0 612.0
278.0 144.0 270.0 143.0
325.0 140.0 317.0 140.0
36.0 391.0 22.0 388.0
276.0 144.0 270.0 143.0
90.0 486.0 69.0 491.0
306.0 145.0 299.0 145.0
179.0 61.0 172.0 58.0
346.0 145.0 337.0 145.0
18.0 235.0 4.0 229.0
277.0 145.0 270.0 143.0
18.0 234.0 4.0 229.0
67.0 542.0 42.0 542.0
278.0 145.0 270.0 143.0
276.0 145.0 270.0 143.0
19.0 236.0 4.0 229.0
64.0 515.0 40.0 518.0
313.0 117.0 308.0 116.0
62.0 516.0 40.0 518.0
36.0 228.0 20.0 221.0
262.0 118.0 259.0 115.0
325.0 141.0 317.0 140.0
19.0 235.0 4.0 229.0
307.0 145.0 299.0 145.0
62.0 390.0 42.0 392.0
63.0 391.0 42.0 392.0
323.0 141.0 317.0 141.0
305.0 146.0 299.0 145.0
63.0 390.0 42.0 392.0
84.0 576.0 64.0 577.0
64.0 514.0 40.0 518.0
19.0 234.0 4.0 229.0
324.0 141.0 317.0 140.0
83.0 577.0 64.0 577.0
63.0 514.0 40.0 518.0
237.0 126.0 226.0 132.0
238.0 126.0 226.0 132.0
261.0 118.0 259.0 115.0
62.0 515.0 40.0 518.0
306.0 146.0 299.0 145.0
63.0 515.0 40.0 518.0
83.0 576.0 64.0 577.0
31.0 430.0 10.0 428.0
62.0 514.0 40.0 518.0
74.0 370.0 62.0 368.0
64.0 388.0 42.0 391.0
340.0 41.0 328.0 43.0
63.0 389.0 42.0 391.0
74.0 371.0 62.0 368.0
30.0 431.0 10.0 428.0
30.0 430.0 10.0 428.0
26.0 363.0 11.0 362.0
340.0 42.0 328.0 43.0
86.0 527.0 56.0 534.0
29.0 431.0 10.0 429.0
26.0 364.0 11.0 362.0
48.0 438.0 26.0 437.0
340.0 40.0 328.0 43.0
29.0 429.0 10.0 428.0
25.0 363.0 11.0 362.0
30.0 429.0 10.0 428.0
29.0 430.0 10.0 428.0
341.0 41.0 328.0 43.0
341.0 42.0 328.0 43.0
32.0 365.0 11.0 362.0
341.0 39.0 328.0 43.0
394.0 148.0 388.0 152.0
341.0 40.0 328.0 43.0
33.0 366.0 11.0 362.0
33.0 365.0 11.0 362.0
395.0 149.0 388.0 152.0
25.0 364.0 11.0 362.0
396.0 149.0 388.0 152.0
15.0 532.0 15.0 514.0
394.0 149.0 388.0 152.0
395.0 148.0 388.0 152.0
12.0 225.0 4.0 229.0
15.0 531.0 15.0 514.0
27.0 450.0 25.0 437.0
14.0 532.0 15.0 514.0
16.0 532.0 15.0 514.0
13.0 225.0 4.0 229.0
395.0 150.0 388.0 152.0
27.0 451.0 25.0 437.0
17.0 532.0 15.0 514.0
15.0 533.0 15.0 514.0
14.0 533.0 15.0 514.0
13.0 224.0 4.0 229.0
5.0 426.0 10.0 428.0
4.0 427.0 10.0 428.0
4.0 426.0 10.0 428.0
41.0 480.0 16.0 475.0
43.0 513.0 17.0 513.0
12.0 224.0 4.0 229.0
43.0 514.0 17.0 513.0
16.0 533.0 15.0 514.0
4.0 425.0 10.0 428.0
5.0 425.0 10.0 428.0
189.0 49.0 172.0 57.0
