153.0 336.0 153.0 336.0
152.0 337.0 153.0 336.0
379.0 313.0 381.0 303.0
379.0 314.0 381.0 303.0
371.0 393.0 374.0 382.0
34.0 460.0 41.0 462.0
111.0 39.0 110.0 36.0
370.0 393.0 374.0 382.0
103.0 12.0 101.0 11.0
33.0 460.0 41.0 462.0
370.0 395.0 374.0 382.0
379.0 626.0 382.0 617.0
36.0 135.0 36.0 136.0
18.0 146.0 16.0 146.0
61.0 576.0 64.0 575.0
238.0 97.0 236.0 92.0
17.0 145.0 16.0 146.0
371.0 394.0 374.0 382.0
380.0 313.0 381.0 303.0
61.0 577.0 64.0 575.0
18.0 145.0 16.0 146.0
358.0 340.0 363.0 332.0
103.0 13.0 101.0 11.0
370.0 394.0 374.0 382.0
236.0 97.0 235.0 92.0
369.0 464.0 376.0 452.0
17.0 146.0 16.0 146.0
459.0 273.0 462.0 260.0
380.0 314.0 381.0 303.0
380.0 312.0 381.0 303.0
237.0 97.0 235.0 92.0
237.0 98.0 235.0 92.0
469.0 140.0 472.0 128.0
378.0 627.0 382.0 617.0
378.0 626.0 382.0 617.0
370.0 464.0 376.0 452.0
97.0 477.0 101.0 474.0
167.0 298.0 153.0 336.0
460.0 274.0 463.0 261.0
399.0 418.0 402.0 407.0
451.0 451.0 454.0 439.0
362.0 340.0 364.0 331.0
400.0 417.0 403.0 408.0
395.0 302.0 398.0 290.0
458.0 273.0 462.0 260.0
468.0 141.0 472.0 128.0
451.0 452.0 454.0 439.0
381.0 314.0 381.0 303.0
379.0 627.0 382.0 617.0
400.0 418.0 403.0 408.0
370.0 465.0 376.0 452.0
369.0 393.0 374.0 382.0
450.0 451.0 454.0 439.0
459.0 275.0 463.0 261.0
17.0 147.0 16.0 146.0
371.0 352.0 373.0 346.0
369.0 394.0 374.0 382.0
381.0 313.0 381.0 303.0
459.0 274.0 463.0 261.0
259.0 476.0 264.0 467.0
371.0 353.0 373.0 346.0
333.0 404.0 334.0 398.0
332.0 405.0 334.0 398.0
297.0 546.0 301.0 537.0
92.0 436.0 96.0 435.0
467.0 140.0 472.0 126.0
380.0 627.0 382.0 617.0
296.0 546.0 301.0 537.0
394.0 302.0 398.0 290.0
167.0 297.0 182.0 253.0
394.0 301.0 398.0 290.0
260.0 477.0 264.0 467.0
379.0 455.0 382.0 445.0
259.0 477.0 264.0 467.0
401.0 418.0 403.0 408.0
454.0 252.0 459.0 239.0
468.0 139.0 472.0 126.0
260.0 478.0 263.0 469.0
259.0 478.0 264.0 468.0
332.0 406.0 334.0 398.0
331.0 404.0 333.0 396.0
395.0 301.0 398.0 290.0
378.0 520.0 382.0 507.0
43.0 615.0 46.0 616.0
43.0 617.0 46.0 616.0
457.0 273.0 462.0 260.0
331.0 405.0 333.0 396.0
468.0 140.0 471.0 128.0
211.0 636.0 217.0 624.0
332.0 404.0 334.0 398.0
458.0 274.0 463.0 261.0
455.0 252.0 459.0 239.0
333.0 405.0 334.0 398.0
297.0 545.0 301.0 537.0
316.0 511.0 321.0 499.0
246.0 77.0 243.0 76.0
463.0 460.0 469.0 446.0
43.0 616.0 46.0 616.0
44.0 616.0 46.0 616.0
246.0 76.0 243.0 76.0
280.0 166.0 280.0 158.0
377.0 520.0 382.0 507.0
378.0 521.0 382.0 507.0
141.0 612.0 146.0 609.0
345.0 322.0 348.0 314.0
346.0 322.0 349.0 313.0
141.0 614.0 146.0 610.0
279.0 166.0 280.0 158.0
142.0 612.0 146.0 609.0
296.0 545.0 301.0 537.0
345.0 323.0 348.0 314.0
363.0 576.0 366.0 564.0
91.0 437.0 96.0 435.0
333.0 406.0 334.0 398.0
377.0 521.0 382.0 507.0
272.0 495.0 276.0 486.0
142.0 614.0 146.0 610.0
358.0 480.0 364.0 468.0
359.0 480.0 364.0 468.0
141.0 613.0 146.0 610.0
377.0 519.0 382.0 507.0
278.0 165.0 280.0 158.0
44.0 617.0 46.0 616.0
142.0 613.0 146.0 610.0
91.0 436.0 96.0 435.0
92.0 437.0 96.0 435.0
421.0 517.0 430.0 503.0
279.0 165.0 280.0 158.0
203.0 196.0 202.0 189.0
203.0 195.0 202.0 189.0
359.0 479.0 364.0 468.0
360.0 480.0 365.0 469.0
235.0 535.0 238.0 528.0
362.0 575.0 366.0 564.0
316.0 510.0 321.0 499.0
299.0 241.0 302.0 232.0
315.0 512.0 321.0 499.0
143.0 613.0 146.0 610.0
294.0 464.0 299.0 458.0
346.0 321.0 348.0 314.0
209.0 576.0 213.0 571.0
153.0 557.0 158.0 553.0
299.0 408.0 301.0 401.0
359.0 481.0 364.0 468.0
143.0 614.0 146.0 610.0
300.0 408.0 301.0 401.0
121.0 412.0 122.0 410.0
300.0 240.0 302.0 232.0
278.0 166.0 280.0 158.0
454.0 251.0 459.0 239.0
363.0 574.0 366.0 564.0
210.0 575.0 213.0 571.0
362.0 576.0 366.0 564.0
421.0 518.0 431.0 504.0
202.0 196.0 202.0 189.0
279.0 167.0 280.0 158.0
420.0 517.0 430.0 503.0
235.0 534.0 238.0 528.0
420.0 518.0 430.0 503.0
454.0 250.0 459.0 239.0
202.0 195.0 202.0 189.0
313.0 342.0 315.0 335.0
463.0 461.0 469.0 446.0
290.0 419.0 295.0 411.0
209.0 575.0 213.0 571.0
463.0 29.0 467.0 13.0
236.0 535.0 238.0 528.0
415.0 240.0 419.0 227.0
247.0 76.0 243.0 76.0
364.0 576.0 366.0 564.0
299.0 240.0 302.0 232.0
356.0 558.0 360.0 548.0
152.0 557.0 158.0 553.0
273.0 495.0 276.0 486.0
363.0 575.0 366.0 564.0
315.0 511.0 321.0 499.0
291.0 419.0 295.0 411.0
455.0 251.0 459.0 239.0
315.0 510.0 321.0 499.0
364.0 575.0 366.0 563.0
246.0 75.0 243.0 76.0
419.0 518.0 429.0 504.0
356.0 559.0 360.0 548.0
357.0 559.0 360.0 548.0
336.0 195.0 337.0 185.0
326.0 528.0 331.0 518.0
272.0 494.0 276.0 486.0
419.0 517.0 429.0 504.0
310.0 400.0 314.0 393.0
236.0 534.0 238.0 528.0
464.0 29.0 467.0 13.0
334.0 194.0 337.0 185.0
364.0 574.0 366.0 563.0
275.0 461.0 279.0 452.0
314.0 343.0 316.0 335.0
420.0 516.0 429.0 504.0
210.0 576.0 213.0 571.0
326.0 551.0 331.0 542.0
358.0 558.0 360.0 548.0
273.0 494.0 276.0 486.0
245.0 441.0 249.0 432.0
311.0 399.0 314.0 392.0
203.0 197.0 202.0 189.0
357.0 558.0 360.0 548.0
335.0 195.0 337.0 185.0
183.0 252.0 182.0 253.0
314.0 342.0 316.0 335.0
462.0 461.0 469.0 446.0
274.0 461.0 279.0 452.0
324.0 328.0 326.0 321.0
376.0 210.0 378.0 202.0
275.0 460.0 279.0 452.0
271.0 494.0 276.0 486.0
358.0 559.0 360.0 548.0
390.0 386.0 393.0 370.0
190.0 234.0 191.0 228.0
274.0 460.0 279.0 452.0
376.0 209.0 379.0 200.0
326.0 550.0 331.0 542.0
121.0 411.0 122.0 410.0
464.0 30.0 467.0 13.0
327.0 528.0 331.0 518.0
455.0 250.0 459.0 239.0
247.0 75.0 243.0 76.0
311.0 90.0 311.0 82.0
357.0 557.0 360.0 548.0
175.0 275.0 160.0 315.0
210.0 574.0 213.0 571.0
190.0 233.0 191.0 228.0
147.0 636.0 158.0 630.0
284.0 397.0 286.0 391.0
294.0 463.0 298.0 458.0
310.0 399.0 314.0 392.0
335.0 194.0 337.0 185.0
311.0 400.0 314.0 393.0
312.0 91.0 312.0 81.0
153.0 558.0 157.0 554.0
175.0 276.0 160.0 315.0
360.0 305.0 364.0 292.0
209.0 268.0 210.0 266.0
285.0 397.0 286.0 391.0
273.0 462.0 278.0 451.0
314.0 510.0 321.0 499.0
295.0 463.0 299.0 458.0
250.0 154.0 249.0 149.0
291.0 420.0 295.0 411.0
463.0 30.0 467.0 13.0
245.0 440.0 249.0 432.0
295.0 362.0 300.0 349.0
103.0 453.0 105.0 450.0
104.0 452.0 105.0 450.0
103.0 452.0 105.0 450.0
325.0 551.0 331.0 542.0
273.0 493.0 276.0 486.0
375.0 210.0 378.0 202.0
314.0 511.0 321.0 499.0
274.0 462.0 279.0 452.0
359.0 305.0 364.0 292.0
244.0 441.0 249.0 432.0
191.0 232.0 191.0 228.0
211.0 575.0 213.0 571.0
34.0 239.0 43.0 238.0
152.0 559.0 156.0 554.0
273.0 461.0 278.0 451.0
389.0 289.0 390.0 280.0
239.0 181.0 239.0 177.0
152.0 558.0 158.0 553.0
153.0 559.0 156.0 554.0
375.0 209.0 379.0 200.0
290.0 420.0 295.0 411.0
313.0 90.0 312.0 81.0
312.0 90.0 312.0 81.0
243.0 440.0 249.0 432.0
295.0 361.0 300.0 349.0
284.0 398.0 286.0 391.0
184.0 252.0 182.0 253.0
191.0 231.0 191.0 228.0
294.0 362.0 300.0 349.0
186.0 527.0 194.0 525.0
295.0 363.0 300.0 349.0
312.0 89.0 312.0 81.0
272.0 493.0 276.0 486.0
465.0 30.0 467.0 13.0
186.0 565.0 189.0 561.0
323.0 328.0 326.0 321.0
435.0 627.0 439.0 616.0
184.0 251.0 182.0 253.0
146.0 636.0 158.0 630.0
31.0 232.0 43.0 238.0
34.0 240.0 43.0 238.0
190.0 232.0 191.0 228.0
291.0 421.0 295.0 411.0
360.0 304.0 364.0 292.0
244.0 440.0 249.0 432.0
16.0 456.0 40.0 461.0
294.0 363.0 300.0 349.0
17.0 456.0 40.0 461.0
185.0 565.0 189.0 561.0
183.0 251.0 182.0 253.0
294.0 462.0 298.0 458.0
360.0 303.0 364.0 292.0
16.0 457.0 40.0 461.0
321.0 67.0 322.0 54.0
284.0 396.0 286.0 391.0
283.0 401.0 286.0 392.0
208.0 594.0 212.0 590.0
321.0 68.0 322.0 54.0
31.0 231.0 43.0 238.0
359.0 304.0 364.0 292.0
187.0 527.0 194.0 525.0
240.0 182.0 239.0 177.0
322.0 68.0 322.0 54.0
278.0 377.0 281.0 369.0
451.0 497.0 456.0 484.0
240.0 181.0 239.0 177.0
284.0 274.0 286.0 267.0
209.0 593.0 212.0 590.0
184.0 250.0 182.0 253.0
322.0 67.0 322.0 54.0
285.0 396.0 286.0 391.0
251.0 155.0 249.0 149.0
208.0 593.0 212.0 590.0
299.0 207.0 300.0 199.0
15.0 456.0 40.0 461.0
184.0 249.0 182.0 253.0
135.0 596.0 141.0 592.0
436.0 627.0 439.0 616.0
277.0 377.0 281.0 369.0
209.0 267.0 210.0 266.0
435.0 628.0 439.0 616.0
452.0 497.0 456.0 484.0
187.0 526.0 194.0 525.0
277.0 376.0 281.0 369.0
134.0 596.0 141.0 592.0
42.0 243.0 43.0 238.0
251.0 154.0 249.0 149.0
210.0 268.0 210.0 266.0
437.0 627.0 439.0 616.0
241.0 181.0 240.0 177.0
209.0 594.0 212.0 590.0
133.0 597.0 141.0 592.0
134.0 597.0 141.0 592.0
370.0 246.0 374.0 235.0
186.0 526.0 194.0 525.0
436.0 628.0 439.0 616.0
443.0 194.0 447.0 179.0
135.0 597.0 140.0 593.0
134.0 598.0 141.0 592.0
370.0 247.0 374.0 235.0
210.0 267.0 210.0 266.0
371.0 246.0 374.0 235.0
452.0 496.0 456.0 484.0
187.0 525.0 194.0 525.0
244.0 172.0 244.0 166.0
135.0 598.0 140.0 593.0
186.0 525.0 194.0 525.0
226.0 533.0 238.0 528.0
226.0 532.0 238.0 528.0
371.0 247.0 374.0 235.0
225.0 532.0 221.0 526.0
15.0 234.0 6.0 225.0
21.0 228.0 6.0 225.0
372.0 247.0 374.0 235.0
22.0 228.0 6.0 225.0
371.0 248.0 374.0 235.0
131.0 392.0 143.0 362.0
86.0 509.0 83.0 526.0
131.0 393.0 143.0 362.0
221.0 233.0 210.0 266.0
334.0 340.0 326.0 321.0
245.0 416.0 257.0 409.0
222.0 233.0 210.0 266.0
334.0 341.0 326.0 321.0
287.0 439.0 295.0 426.0
222.0 232.0 210.0 266.0
288.0 438.0 295.0 426.0
