301.0 579.0 283.0 554.0
307.0 500.0 291.0 477.0
308.0 500.0 291.0 477.0
302.0 580.0 283.0 554.0
302.0 579.0 283.0 554.0
308.0 499.0 292.0 476.0
306.0 499.0 290.0 476.0
307.0 499.0 290.0 476.0
246.0 399.0 234.0 379.0
303.0 580.0 284.0 554.0
308.0 498.0 292.0 476.0
301.0 580.0 283.0 554.0
308.0 420.0 294.0 399.0
189.0 338.0 177.0 318.0
339.0 563.0 321.0 539.0
280.0 582.0 263.0 556.0
340.0 563.0 321.0 539.0
247.0 399.0 234.0 379.0
247.0 400.0 234.0 379.0
214.0 309.0 203.0 289.0
307.0 498.0 291.0 474.0
156.0 108.0 146.0 83.0
282.0 582.0 264.0 556.0
281.0 581.0 263.0 556.0
309.0 420.0 295.0 399.0
206.0 482.0 191.0 461.0
303.0 579.0 284.0 554.0
281.0 580.0 263.0 556.0
302.0 581.0 283.0 554.0
366.0 373.0 352.0 354.0
282.0 581.0 264.0 556.0
156.0 107.0 146.0 83.0
189.0 339.0 177.0 318.0
355.0 418.0 340.0 399.0
281.0 582.0 264.0 556.0
339.0 562.0 321.0 539.0
206.0 484.0 191.0 461.0
214.0 310.0 203.0 289.0
190.0 339.0 177.0 318.0
355.0 419.0 340.0 399.0
340.0 564.0 321.0 539.0
248.0 399.0 234.0 379.0
377.0 361.0 363.0 341.0
73.0 544.0 58.0 519.0
377.0 362.0 363.0 341.0
207.0 483.0 191.0 461.0
203.0 260.0 191.0 239.0
182.0 202.0 172.0 179.0
365.0 373.0 352.0 354.0
378.0 362.0 363.0 341.0
153.0 463.0 140.0 440.0
206.0 483.0 191.0 461.0
159.0 257.0 147.0 236.0
308.0 421.0 294.0 399.0
248.0 400.0 234.0 379.0
206.0 485.0 191.0 461.0
330.0 545.0 312.0 520.0
234.0 434.0 220.0 412.0
416.0 523.0 396.0 498.0
190.0 340.0 177.0 318.0
280.0 580.0 263.0 556.0
207.0 484.0 191.0 461.0
290.0 100.0 284.0 76.0
182.0 201.0 172.0 179.0
335.0 163.0 324.0 144.0
419.0 344.0 405.0 324.0
335.0 164.0 324.0 144.0
213.0 310.0 203.0 289.0
307.0 420.0 294.0 399.0
331.0 543.0 313.0 518.0
415.0 523.0 396.0 498.0
207.0 485.0 191.0 461.0
366.0 374.0 352.0 354.0
154.0 462.0 140.0 439.0
280.0 581.0 263.0 556.0
154.0 463.0 140.0 441.0
331.0 545.0 314.0 521.0
378.0 361.0 363.0 341.0
335.0 162.0 325.0 143.0
189.0 340.0 177.0 318.0
74.0 544.0 58.0 519.0
330.0 543.0 312.0 519.0
234.0 435.0 220.0 412.0
131.0 175.0 118.0 150.0
204.0 260.0 191.0 239.0
215.0 542.0 199.0 518.0
420.0 344.0 406.0 324.0
331.0 544.0 313.0 520.0
207.0 482.0 191.0 461.0
158.0 257.0 147.0 236.0
155.0 106.0 145.0 83.0
131.0 173.0 118.0 149.0
73.0 545.0 58.0 519.0
155.0 108.0 145.0 83.0
291.0 99.0 284.0 76.0
375.0 386.0 361.0 367.0
183.0 201.0 172.0 179.0
158.0 255.0 147.0 236.0
153.0 465.0 141.0 441.0
159.0 256.0 147.0 236.0
204.0 261.0 191.0 239.0
247.0 401.0 234.0 379.0
334.0 162.0 324.0 144.0
261.0 433.0 249.0 413.0
73.0 543.0 58.0 518.0
365.0 374.0 352.0 354.0
153.0 464.0 140.0 441.0
354.0 418.0 340.0 398.0
188.0 338.0 177.0 318.0
155.0 440.0 140.0 420.0
188.0 339.0 177.0 318.0
334.0 163.0 324.0 144.0
215.0 543.0 199.0 518.0
330.0 544.0 312.0 519.0
130.0 173.0 118.0 149.0
203.0 261.0 191.0 239.0
248.0 401.0 234.0 379.0
214.0 543.0 199.0 518.0
270.0 417.0 257.0 396.0
131.0 174.0 118.0 149.0
214.0 542.0 199.0 518.0
334.0 164.0 324.0 144.0
158.0 256.0 147.0 236.0
307.0 421.0 294.0 399.0
407.0 496.0 389.0 473.0
333.0 163.0 324.0 144.0
408.0 497.0 389.0 473.0
72.0 543.0 58.0 518.0
216.0 438.0 202.0 416.0
204.0 262.0 191.0 238.0
291.0 100.0 284.0 76.0
234.0 436.0 220.0 412.0
208.0 484.0 192.0 461.0
409.0 497.0 389.0 473.0
416.0 522.0 396.0 498.0
406.0 496.0 389.0 473.0
376.0 387.0 361.0 367.0
216.0 542.0 199.0 518.0
333.0 162.0 324.0 144.0
295.0 150.0 287.0 130.0
154.0 464.0 141.0 441.0
291.0 264.0 282.0 245.0
215.0 437.0 202.0 414.0
407.0 498.0 389.0 473.0
433.0 515.0 412.0 490.0
202.0 260.0 191.0 239.0
72.0 545.0 58.0 519.0
408.0 496.0 389.0 473.0
296.0 152.0 287.0 130.0
295.0 151.0 287.0 130.0
130.0 174.0 118.0 149.0
391.0 304.0 378.0 286.0
296.0 151.0 287.0 130.0
270.0 416.0 257.0 396.0
216.0 439.0 202.0 416.0
292.0 264.0 282.0 245.0
155.0 107.0 145.0 83.0
417.0 523.0 397.0 499.0
415.0 522.0 396.0 498.0
295.0 152.0 287.0 130.0
215.0 544.0 199.0 520.0
179.0 269.0 170.0 249.0
261.0 479.0 245.0 455.0
72.0 544.0 58.0 518.0
217.0 438.0 202.0 416.0
202.0 261.0 191.0 239.0
296.0 150.0 287.0 130.0
408.0 498.0 389.0 473.0
263.0 480.0 246.0 457.0
173.0 404.0 160.0 383.0
203.0 262.0 191.0 239.0
333.0 164.0 324.0 144.0
85.0 196.0 73.0 173.0
406.0 497.0 389.0 473.0
375.0 385.0 361.0 366.0
215.0 438.0 202.0 416.0
233.0 314.0 220.0 291.0
417.0 522.0 397.0 499.0
216.0 543.0 199.0 519.0
291.0 262.0 282.0 244.0
83.0 116.0 73.0 90.0
433.0 514.0 412.0 490.0
190.0 514.0 174.0 490.0
188.0 514.0 173.0 491.0
329.0 545.0 312.0 520.0
233.0 435.0 220.0 412.0
183.0 200.0 172.0 179.0
182.0 199.0 172.0 179.0
271.0 416.0 257.0 396.0
232.0 315.0 220.0 291.0
188.0 340.0 177.0 318.0
35.0 271.0 22.0 250.0
292.0 263.0 282.0 245.0
183.0 199.0 172.0 179.0
230.0 309.0 219.0 289.0
217.0 543.0 200.0 519.0
376.0 385.0 361.0 366.0
389.0 303.0 378.0 285.0
129.0 430.0 117.0 409.0
329.0 543.0 312.0 519.0
180.0 268.0 170.0 248.0
390.0 303.0 378.0 286.0
407.0 497.0 389.0 473.0
216.0 437.0 202.0 414.0
130.0 430.0 117.0 409.0
189.0 514.0 174.0 490.0
261.0 480.0 245.0 455.0
262.0 479.0 245.0 455.0
131.0 430.0 117.0 409.0
131.0 431.0 117.0 410.0
85.0 197.0 73.0 173.0
179.0 268.0 170.0 249.0
36.0 273.0 23.0 249.0
217.0 544.0 199.0 520.0
409.0 498.0 389.0 473.0
329.0 544.0 312.0 520.0
262.0 481.0 246.0 457.0
62.0 281.0 49.0 256.0
208.0 485.0 192.0 461.0
173.0 405.0 160.0 383.0
188.0 513.0 173.0 491.0
62.0 282.0 49.0 256.0
154.0 108.0 145.0 83.0
290.0 263.0 281.0 243.0
91.0 180.0 80.0 156.0
434.0 515.0 412.0 490.0
217.0 439.0 202.0 416.0
376.0 386.0 361.0 366.0
389.0 302.0 378.0 285.0
291.0 263.0 282.0 244.0
179.0 267.0 170.0 248.0
84.0 116.0 73.0 90.0
216.0 544.0 199.0 520.0
84.0 196.0 73.0 173.0
262.0 480.0 246.0 457.0
63.0 282.0 49.0 255.0
129.0 431.0 117.0 409.0
132.0 431.0 117.0 410.0
188.0 515.0 173.0 491.0
154.0 107.0 145.0 83.0
233.0 315.0 220.0 291.0
178.0 268.0 170.0 249.0
130.0 431.0 117.0 409.0
187.0 380.0 174.0 359.0
86.0 196.0 73.0 173.0
187.0 379.0 174.0 359.0
35.0 273.0 23.0 249.0
36.0 272.0 23.0 249.0
86.0 198.0 73.0 173.0
278.0 205.0 268.0 186.0
36.0 271.0 23.0 249.0
312.0 282.0 301.0 263.0
131.0 432.0 117.0 410.0
174.0 404.0 160.0 383.0
25.0 94.0 14.0 66.0
85.0 198.0 73.0 173.0
155.0 464.0 141.0 441.0
26.0 94.0 14.0 65.0
263.0 481.0 246.0 457.0
416.0 521.0 396.0 498.0
36.0 274.0 23.0 249.0
261.0 481.0 245.0 455.0
242.0 296.0 230.0 274.0
202.0 262.0 191.0 239.0
95.0 169.0 83.0 143.0
241.0 297.0 229.0 274.0
186.0 227.0 175.0 207.0
184.0 200.0 172.0 179.0
178.0 267.0 170.0 248.0
35.0 274.0 21.0 249.0
83.0 117.0 73.0 91.0
240.0 296.0 229.0 274.0
86.0 197.0 73.0 173.0
154.0 465.0 141.0 441.0
415.0 521.0 395.0 497.0
217.0 440.0 202.0 416.0
95.0 170.0 83.0 143.0
434.0 514.0 412.0 490.0
391.0 303.0 378.0 286.0
154.0 106.0 145.0 83.0
241.0 295.0 229.0 274.0
35.0 272.0 23.0 249.0
84.0 197.0 73.0 173.0
262.0 482.0 246.0 457.0
84.0 198.0 73.0 173.0
241.0 296.0 229.0 274.0
172.0 426.0 158.0 406.0
190.0 515.0 174.0 491.0
95.0 171.0 83.0 143.0
313.0 282.0 301.0 263.0
27.0 95.0 14.0 66.0
27.0 94.0 14.0 65.0
242.0 297.0 230.0 274.0
435.0 515.0 412.0 490.0
87.0 197.0 73.0 173.0
390.0 302.0 378.0 284.0
189.0 515.0 174.0 491.0
131.0 433.0 117.0 410.0
25.0 95.0 14.0 66.0
391.0 302.0 378.0 284.0
242.0 295.0 230.0 274.0
167.0 536.0 154.0 512.0
84.0 117.0 73.0 90.0
243.0 296.0 230.0 274.0
26.0 95.0 14.0 66.0
168.0 535.0 154.0 512.0
130.0 432.0 117.0 409.0
313.0 281.0 301.0 263.0
101.0 152.0 89.0 127.0
186.0 379.0 174.0 359.0
167.0 535.0 154.0 512.0
94.0 170.0 83.0 143.0
100.0 154.0 90.0 129.0
94.0 169.0 83.0 143.0
46.0 101.0 35.0 75.0
168.0 536.0 155.0 512.0
217.0 246.0 205.0 225.0
100.0 153.0 90.0 129.0
154.0 466.0 141.0 441.0
85.0 117.0 73.0 90.0
138.0 504.0 124.0 481.0
47.0 102.0 35.0 75.0
94.0 171.0 83.0 143.0
85.0 118.0 73.0 90.0
100.0 152.0 90.0 129.0
155.0 465.0 141.0 441.0
217.0 247.0 205.0 225.0
84.0 118.0 73.0 91.0
66.0 112.0 56.0 85.0
101.0 153.0 90.0 129.0
53.0 218.0 41.0 194.0
172.0 425.0 158.0 406.0
65.0 112.0 56.0 85.0
52.0 218.0 40.0 192.0
46.0 102.0 35.0 75.0
45.0 102.0 35.0 75.0
67.0 112.0 56.0 85.0
457.0 303.0 445.0 285.0
52.0 217.0 40.0 192.0
216.0 247.0 205.0 225.0
101.0 154.0 90.0 129.0
53.0 217.0 40.0 192.0
54.0 217.0 41.0 193.0
46.0 103.0 35.0 75.0
45.0 103.0 35.0 75.0
285.0 66.0 280.0 42.0
455.0 302.0 445.0 285.0
456.0 302.0 445.0 285.0
102.0 154.0 90.0 129.0
47.0 103.0 35.0 75.0
239.0 429.0 220.0 411.0
457.0 302.0 445.0 285.0
216.0 246.0 205.0 225.0
239.0 430.0 220.0 411.0
456.0 303.0 445.0 285.0
108.0 328.0 100.0 316.0
286.0 65.0 280.0 42.0
191.0 364.0 174.0 343.0
102.0 153.0 90.0 129.0
457.0 301.0 445.0 285.0
286.0 66.0 280.0 42.0
67.0 113.0 56.0 85.0
25.0 308.0 21.0 249.0
287.0 65.0 280.0 42.0
24.0 309.0 21.0 249.0
456.0 301.0 445.0 285.0
24.0 310.0 21.0 249.0
25.0 310.0 21.0 249.0
295.0 627.0 276.0 600.0
25.0 309.0 21.0 249.0
295.0 626.0 276.0 600.0
46.0 204.0 33.0 179.0
287.0 66.0 280.0 42.0
46.0 205.0 33.0 179.0
295.0 628.0 276.0 600.0
24.0 311.0 21.0 249.0
296.0 627.0 276.0 600.0
287.0 67.0 280.0 42.0
286.0 67.0 280.0 42.0
113.0 434.0 94.0 426.0
294.0 627.0 276.0 600.0
41.0 256.0 23.0 249.0
240.0 429.0 220.0 411.0
113.0 433.0 94.0 426.0
240.0 430.0 220.0 411.0
314.0 442.0 298.0 414.0
469.0 315.0 458.0 300.0
315.0 442.0 298.0 414.0
42.0 256.0 22.0 250.0
107.0 458.0 94.0 426.0
114.0 434.0 94.0 426.0
470.0 316.0 458.0 300.0
42.0 255.0 22.0 250.0
470.0 314.0 458.0 300.0
104.0 542.0 93.0 507.0
169.0 380.0 147.0 363.0
47.0 205.0 33.0 179.0
470.0 315.0 458.0 300.0
190.0 387.0 174.0 359.0
282.0 47.0 282.0 31.0
105.0 324.0 100.0 316.0
42.0 254.0 22.0 250.0
169.0 379.0 147.0 363.0
42.0 601.0 27.0 575.0
283.0 48.0 282.0 31.0
283.0 47.0 282.0 31.0
105.0 323.0 100.0 316.0
104.0 323.0 100.0 316.0
284.0 47.0 282.0 31.0
105.0 543.0 94.0 508.0
285.0 47.0 282.0 31.0
282.0 48.0 282.0 31.0
104.0 543.0 93.0 507.0
105.0 322.0 100.0 316.0
104.0 322.0 100.0 316.0
281.0 48.0 282.0 31.0
284.0 46.0 282.0 31.0
159.0 77.0 153.0 61.0
159.0 76.0 153.0 61.0
227.0 224.0 210.0 188.0
222.0 261.0 205.0 226.0
226.0 224.0 210.0 188.0
226.0 225.0 210.0 188.0
338.0 393.0 326.0 364.0
222.0 262.0 205.0 226.0
274.0 328.0 253.0 297.0
227.0 225.0 210.0 188.0
275.0 328.0 253.0 297.0
339.0 392.0 326.0 364.0
275.0 329.0 253.0 297.0
223.0 261.0 205.0 226.0
