293.0 130.0 296.0 126.0
292.0 130.0 296.0 126.0
292.0 129.0 296.0 126.0
293.0 129.0 296.0 126.0
399.0 121.0 400.0 118.0
400.0 123.0 401.0 118.0
401.0 121.0 401.0 117.0
401.0 122.0 401.0 117.0
400.0 122.0 401.0 118.0
399.0 123.0 400.0 119.0
400.0 121.0 401.0 117.0
189.0 164.0 191.0 158.0
301.0 116.0 302.0 111.0
399.0 122.0 400.0 118.0
301.0 117.0 302.0 111.0
263.0 308.0 263.0 303.0
17.0 500.0 17.0 489.0
62.0 305.0 63.0 295.0
85.0 530.0 84.0 519.0
215.0 570.0 212.0 561.0
242.0 304.0 243.0 299.0
17.0 499.0 17.0 489.0
314.0 137.0 316.0 132.0
180.0 211.0 182.0 204.0
264.0 307.0 263.0 303.0
85.0 531.0 84.0 519.0
188.0 164.0 191.0 158.0
61.0 305.0 62.0 295.0
300.0 117.0 302.0 111.0
16.0 500.0 17.0 489.0
85.0 529.0 84.0 519.0
300.0 116.0 302.0 111.0
239.0 135.0 242.0 128.0
474.0 110.0 475.0 107.0
189.0 165.0 191.0 158.0
475.0 110.0 475.0 107.0
375.0 77.0 377.0 70.0
16.0 499.0 17.0 489.0
26.0 296.0 27.0 287.0
473.0 110.0 475.0 107.0
187.0 164.0 191.0 158.0
215.0 571.0 212.0 561.0
314.0 136.0 316.0 132.0
15.0 593.0 15.0 581.0
206.0 157.0 208.0 151.0
179.0 211.0 181.0 205.0
14.0 593.0 15.0 581.0
26.0 612.0 26.0 601.0
318.0 446.0 316.0 440.0
322.0 549.0 316.0 541.0
313.0 137.0 316.0 132.0
241.0 305.0 242.0 299.0
242.0 305.0 243.0 299.0
264.0 308.0 263.0 303.0
318.0 445.0 316.0 440.0
179.0 212.0 181.0 205.0
269.0 469.0 266.0 463.0
180.0 210.0 182.0 204.0
188.0 165.0 191.0 158.0
187.0 580.0 184.0 573.0
214.0 570.0 212.0 561.0
62.0 306.0 63.0 295.0
179.0 210.0 181.0 205.0
243.0 304.0 243.0 299.0
15.0 500.0 17.0 489.0
114.0 147.0 119.0 140.0
318.0 444.0 316.0 439.0
114.0 146.0 119.0 140.0
474.0 111.0 475.0 107.0
206.0 156.0 208.0 151.0
320.0 446.0 316.0 440.0
252.0 406.0 251.0 401.0
278.0 449.0 275.0 445.0
319.0 446.0 316.0 440.0
187.0 165.0 191.0 159.0
214.0 571.0 212.0 561.0
251.0 406.0 250.0 400.0
114.0 375.0 115.0 366.0
139.0 586.0 138.0 572.0
25.0 296.0 27.0 287.0
313.0 136.0 315.0 132.0
227.0 37.0 231.0 33.0
322.0 550.0 316.0 541.0
275.0 29.0 277.0 25.0
319.0 445.0 316.0 440.0
275.0 28.0 277.0 24.0
269.0 470.0 266.0 463.0
274.0 30.0 277.0 25.0
22.0 319.0 27.0 309.0
220.0 145.0 222.0 139.0
63.0 306.0 63.0 295.0
268.0 469.0 266.0 463.0
114.0 376.0 115.0 366.0
113.0 375.0 115.0 366.0
314.0 135.0 316.0 132.0
205.0 157.0 208.0 151.0
26.0 613.0 26.0 601.0
172.0 207.0 174.0 202.0
93.0 302.0 95.0 293.0
253.0 406.0 251.0 401.0
185.0 580.0 183.0 572.0
236.0 496.0 232.0 489.0
268.0 470.0 266.0 463.0
321.0 550.0 316.0 541.0
235.0 496.0 232.0 489.0
227.0 38.0 231.0 33.0
63.0 305.0 63.0 295.0
243.0 305.0 243.0 299.0
321.0 549.0 316.0 541.0
186.0 579.0 183.0 572.0
139.0 585.0 138.0 572.0
226.0 38.0 231.0 33.0
205.0 156.0 208.0 151.0
22.0 318.0 27.0 309.0
253.0 407.0 251.0 401.0
115.0 146.0 119.0 140.0
220.0 146.0 222.0 139.0
323.0 549.0 316.0 541.0
186.0 580.0 183.0 572.0
251.0 407.0 250.0 401.0
219.0 145.0 222.0 139.0
104.0 117.0 110.0 110.0
475.0 109.0 475.0 105.0
94.0 302.0 95.0 293.0
474.0 109.0 475.0 105.0
319.0 444.0 316.0 439.0
274.0 29.0 277.0 25.0
323.0 550.0 316.0 541.0
74.0 369.0 76.0 362.0
139.0 584.0 138.0 572.0
113.0 376.0 115.0 366.0
160.0 393.0 158.0 387.0
130.0 187.0 132.0 179.0
104.0 118.0 110.0 110.0
183.0 331.0 182.0 324.0
140.0 584.0 138.0 572.0
229.0 329.0 229.0 323.0
140.0 585.0 138.0 572.0
156.0 244.0 157.0 238.0
277.0 450.0 275.0 445.0
186.0 581.0 183.0 572.0
252.0 407.0 251.0 401.0
194.0 565.0 192.0 556.0
119.0 171.0 123.0 163.0
229.0 328.0 229.0 323.0
74.0 370.0 76.0 362.0
120.0 171.0 124.0 163.0
130.0 186.0 133.0 179.0
93.0 303.0 95.0 293.0
120.0 170.0 124.0 163.0
270.0 98.0 272.0 93.0
320.0 445.0 316.0 439.0
127.0 398.0 127.0 389.0
130.0 185.0 133.0 179.0
266.0 134.0 268.0 129.0
115.0 147.0 119.0 140.0
269.0 471.0 266.0 463.0
131.0 15.0 134.0 8.0
278.0 450.0 275.0 445.0
164.0 11.0 169.0 5.0
235.0 497.0 233.0 490.0
275.0 27.0 277.0 24.0
226.0 37.0 231.0 33.0
230.0 328.0 229.0 323.0
165.0 11.0 169.0 5.0
156.0 245.0 157.0 238.0
129.0 186.0 132.0 179.0
214.0 500.0 211.0 495.0
230.0 329.0 229.0 323.0
164.0 12.0 169.0 5.0
157.0 245.0 157.0 238.0
103.0 118.0 110.0 110.0
128.0 397.0 128.0 389.0
231.0 22.0 235.0 17.0
131.0 186.0 133.0 179.0
268.0 471.0 266.0 463.0
111.0 79.0 114.0 69.0
130.0 15.0 134.0 8.0
110.0 80.0 114.0 69.0
162.0 150.0 165.0 145.0
219.0 146.0 222.0 139.0
218.0 154.0 221.0 148.0
59.0 334.0 60.0 326.0
21.0 319.0 27.0 309.0
129.0 187.0 132.0 179.0
269.0 98.0 272.0 93.0
163.0 150.0 165.0 145.0
232.0 22.0 235.0 17.0
215.0 500.0 211.0 495.0
214.0 501.0 211.0 495.0
92.0 303.0 95.0 293.0
157.0 244.0 157.0 238.0
252.0 408.0 251.0 401.0
270.0 97.0 272.0 92.0
317.0 515.0 304.0 508.0
104.0 434.0 107.0 430.0
94.0 303.0 95.0 293.0
273.0 29.0 277.0 25.0
110.0 79.0 114.0 69.0
351.0 478.0 347.0 473.0
274.0 28.0 277.0 24.0
219.0 589.0 214.0 578.0
231.0 23.0 235.0 17.0
166.0 11.0 169.0 5.0
65.0 396.0 67.0 386.0
267.0 470.0 266.0 463.0
103.0 435.0 107.0 430.0
103.0 434.0 107.0 430.0
165.0 12.0 169.0 5.0
130.0 16.0 134.0 8.0
266.0 133.0 268.0 129.0
269.0 97.0 272.0 92.0
34.0 51.0 39.0 43.0
278.0 451.0 275.0 445.0
65.0 395.0 66.0 386.0
127.0 397.0 127.0 389.0
104.0 435.0 107.0 430.0
58.0 335.0 60.0 326.0
277.0 451.0 275.0 445.0
271.0 97.0 272.0 92.0
317.0 516.0 304.0 508.0
267.0 471.0 266.0 464.0
270.0 99.0 272.0 93.0
274.0 27.0 277.0 24.0
64.0 395.0 66.0 386.0
317.0 514.0 304.0 508.0
111.0 80.0 114.0 69.0
85.0 111.0 89.0 101.0
23.0 341.0 26.0 331.0
130.0 478.0 131.0 469.0
110.0 81.0 114.0 69.0
64.0 394.0 66.0 386.0
53.0 97.0 59.0 89.0
352.0 478.0 347.0 473.0
60.0 335.0 60.0 326.0
215.0 501.0 211.0 495.0
131.0 311.0 133.0 304.0
22.0 340.0 26.0 331.0
91.0 350.0 92.0 341.0
131.0 157.0 134.0 151.0
22.0 341.0 26.0 331.0
351.0 477.0 347.0 473.0
85.0 110.0 89.0 101.0
64.0 396.0 66.0 386.0
219.0 590.0 214.0 578.0
352.0 477.0 347.0 473.0
326.0 532.0 321.0 525.0
170.0 69.0 172.0 63.0
271.0 98.0 272.0 93.0
84.0 111.0 89.0 101.0
162.0 151.0 165.0 145.0
23.0 340.0 26.0 331.0
131.0 477.0 130.0 468.0
59.0 335.0 60.0 326.0
208.0 93.0 211.0 87.0
131.0 158.0 134.0 151.0
148.0 18.0 154.0 11.0
208.0 94.0 210.0 89.0
132.0 157.0 134.0 151.0
34.0 52.0 39.0 43.0
55.0 97.0 59.0 88.0
326.0 533.0 321.0 525.0
130.0 311.0 133.0 304.0
111.0 81.0 114.0 69.0
54.0 97.0 59.0 89.0
17.0 65.0 21.0 55.0
131.0 478.0 131.0 469.0
68.0 388.0 68.0 380.0
70.0 510.0 72.0 497.0
169.0 71.0 172.0 63.0
170.0 70.0 172.0 63.0
327.0 531.0 321.0 524.0
69.0 509.0 72.0 497.0
54.0 98.0 59.0 89.0
327.0 533.0 321.0 525.0
68.0 389.0 68.0 380.0
84.0 110.0 89.0 101.0
336.0 510.0 332.0 504.0
51.0 573.0 52.0 561.0
362.0 478.0 362.0 473.0
209.0 94.0 212.0 88.0
163.0 151.0 166.0 146.0
208.0 92.0 211.0 87.0
133.0 157.0 134.0 151.0
171.0 70.0 173.0 64.0
65.0 394.0 66.0 386.0
169.0 70.0 172.0 63.0
69.0 510.0 72.0 497.0
51.0 574.0 52.0 561.0
33.0 52.0 39.0 43.0
207.0 311.0 208.0 306.0
327.0 532.0 321.0 524.0
156.0 261.0 157.0 239.0
318.0 515.0 304.0 508.0
207.0 312.0 208.0 306.0
253.0 35.0 254.0 36.0
85.0 109.0 89.0 101.0
170.0 71.0 173.0 64.0
199.0 55.0 203.0 49.0
209.0 93.0 211.0 87.0
189.0 313.0 190.0 308.0
252.0 35.0 254.0 36.0
155.0 262.0 157.0 239.0
155.0 261.0 157.0 239.0
171.0 71.0 173.0 64.0
69.0 388.0 68.0 380.0
69.0 389.0 68.0 380.0
132.0 158.0 134.0 151.0
253.0 619.0 249.0 610.0
197.0 62.0 203.0 49.0
337.0 511.0 332.0 504.0
209.0 92.0 212.0 88.0
285.0 504.0 281.0 497.0
149.0 19.0 154.0 11.0
196.0 62.0 202.0 49.0
148.0 19.0 154.0 11.0
197.0 63.0 203.0 49.0
236.0 625.0 233.0 617.0
336.0 509.0 332.0 504.0
284.0 503.0 281.0 497.0
70.0 509.0 73.0 497.0
337.0 510.0 332.0 504.0
148.0 20.0 154.0 11.0
252.0 34.0 254.0 36.0
285.0 503.0 281.0 497.0
283.0 503.0 281.0 497.0
207.0 310.0 208.0 306.0
206.0 311.0 208.0 306.0
283.0 504.0 281.0 497.0
252.0 619.0 249.0 610.0
284.0 504.0 281.0 497.0
304.0 433.0 315.0 439.0
303.0 434.0 315.0 439.0
94.0 583.0 95.0 572.0
206.0 310.0 207.0 306.0
23.0 454.0 24.0 435.0
337.0 509.0 332.0 504.0
94.0 584.0 95.0 572.0
338.0 510.0 332.0 504.0
25.0 436.0 11.0 423.0
93.0 583.0 95.0 572.0
129.0 306.0 133.0 304.0
303.0 433.0 315.0 439.0
65.0 355.0 75.0 341.0
295.0 595.0 288.0 586.0
93.0 584.0 95.0 572.0
294.0 594.0 288.0 586.0
236.0 626.0 233.0 617.0
56.0 41.0 60.0 31.0
295.0 594.0 288.0 586.0
56.0 43.0 61.0 31.0
294.0 595.0 288.0 586.0
65.0 354.0 75.0 340.0
56.0 42.0 61.0 31.0
188.0 445.0 175.0 433.0
187.0 444.0 175.0 433.0
55.0 43.0 61.0 31.0
188.0 444.0 175.0 433.0
129.0 305.0 133.0 304.0
248.0 12.0 264.0 13.0
303.0 432.0 315.0 439.0
302.0 433.0 315.0 439.0
213.0 592.0 214.0 578.0
294.0 596.0 288.0 586.0
302.0 432.0 315.0 439.0
14.0 627.0 10.0 637.0
179.0 315.0 190.0 308.0
69.0 17.0 61.0 30.0
112.0 303.0 95.0 293.0
14.0 626.0 10.0 637.0
111.0 304.0 95.0 293.0
70.0 17.0 61.0 30.0
72.0 458.0 77.0 459.0
154.0 287.0 170.0 278.0
253.0 118.0 270.0 110.0
213.0 593.0 214.0 578.0
212.0 592.0 214.0 578.0
153.0 287.0 170.0 278.0
153.0 288.0 170.0 278.0
127.0 64.0 114.0 69.0
112.0 304.0 95.0 293.0
212.0 593.0 214.0 578.0
213.0 594.0 214.0 578.0
112.0 305.0 61.0 294.0
113.0 304.0 61.0 294.0
262.0 84.0 267.0 61.0
64.0 419.0 55.0 413.0
