300.0 275.0 311.0 275.0
299.0 274.0 311.0 275.0
300.0 274.0 311.0 275.0
301.0 275.0 311.0 275.0
339.0 126.0 355.0 125.0
128.0 619.0 129.0 618.0
339.0 127.0 354.0 126.0
127.0 619.0 129.0 618.0
300.0 273.0 311.0 275.0
125.0 619.0 127.0 618.0
340.0 127.0 355.0 125.0
128.0 618.0 129.0 618.0
126.0 618.0 127.0 618.0
299.0 273.0 311.0 275.0
340.0 126.0 355.0 125.0
126.0 619.0 127.0 618.0
127.0 617.0 129.0 618.0
302.0 273.0 313.0 274.0
301.0 274.0 311.0 275.0
98.0 627.0 99.0 625.0
302.0 274.0 313.0 274.0
25.0 443.0 29.0 436.0
301.0 273.0 313.0 274.0
127.0 618.0 129.0 618.0
125.0 618.0 127.0 618.0
302.0 275.0 311.0 275.0
145.0 152.0 159.0 145.0
60.0 193.0 72.0 185.0
24.0 444.0 29.0 436.0
340.0 74.0 356.0 72.0
98.0 628.0 99.0 625.0
32.0 550.0 33.0 544.0
145.0 151.0 159.0 145.0
60.0 192.0 72.0 185.0
31.0 552.0 33.0 544.0
339.0 74.0 356.0 72.0
32.0 549.0 33.0 544.0
61.0 193.0 73.0 186.0
316.0 217.0 329.0 218.0
59.0 193.0 72.0 185.0
59.0 192.0 72.0 185.0
144.0 151.0 159.0 145.0
324.0 109.0 339.0 108.0
368.0 224.0 380.0 225.0
368.0 225.0 379.0 225.0
369.0 224.0 380.0 225.0
323.0 109.0 339.0 108.0
144.0 152.0 157.0 145.0
165.0 501.0 170.0 501.0
30.0 551.0 33.0 544.0
146.0 153.0 157.0 145.0
163.0 634.0 163.0 635.0
322.0 110.0 339.0 109.0
316.0 216.0 329.0 217.0
31.0 549.0 33.0 544.0
132.0 552.0 135.0 552.0
31.0 550.0 33.0 544.0
144.0 150.0 159.0 145.0
340.0 73.0 356.0 72.0
168.0 169.0 179.0 163.0
120.0 569.0 122.0 567.0
185.0 625.0 187.0 627.0
163.0 635.0 163.0 635.0
31.0 551.0 33.0 544.0
126.0 617.0 127.0 618.0
167.0 168.0 179.0 163.0
166.0 167.0 178.0 163.0
59.0 191.0 72.0 185.0
341.0 74.0 357.0 72.0
317.0 217.0 329.0 218.0
167.0 167.0 180.0 162.0
369.0 225.0 379.0 225.0
120.0 568.0 122.0 567.0
120.0 570.0 122.0 568.0
323.0 110.0 339.0 109.0
168.0 168.0 180.0 162.0
166.0 166.0 179.0 162.0
32.0 551.0 33.0 544.0
341.0 73.0 357.0 72.0
165.0 167.0 178.0 163.0
24.0 443.0 29.0 436.0
337.0 239.0 349.0 240.0
146.0 499.0 150.0 499.0
147.0 566.0 146.0 566.0
168.0 167.0 180.0 162.0
304.0 63.0 323.0 60.0
162.0 635.0 163.0 635.0
167.0 169.0 179.0 163.0
121.0 570.0 123.0 569.0
25.0 594.0 25.0 591.0
338.0 127.0 354.0 126.0
30.0 550.0 33.0 544.0
61.0 192.0 73.0 186.0
210.0 568.0 214.0 571.0
184.0 625.0 186.0 627.0
369.0 226.0 380.0 226.0
125.0 537.0 129.0 535.0
342.0 74.0 357.0 72.0
360.0 85.0 376.0 83.0
166.0 168.0 179.0 163.0
339.0 239.0 349.0 240.0
147.0 499.0 151.0 499.0
146.0 566.0 146.0 566.0
167.0 166.0 179.0 162.0
191.0 590.0 194.0 593.0
162.0 634.0 163.0 635.0
304.0 62.0 324.0 59.0
131.0 552.0 135.0 552.0
145.0 566.0 146.0 565.0
338.0 126.0 354.0 126.0
338.0 238.0 350.0 240.0
185.0 626.0 187.0 627.0
146.0 565.0 146.0 565.0
372.0 263.0 385.0 266.0
385.0 161.0 399.0 161.0
126.0 536.0 129.0 535.0
145.0 565.0 146.0 565.0
370.0 225.0 381.0 226.0
61.0 191.0 72.0 185.0
143.0 476.0 147.0 475.0
168.0 80.0 182.0 73.0
62.0 192.0 73.0 186.0
359.0 85.0 376.0 83.0
173.0 575.0 175.0 577.0
166.0 169.0 179.0 163.0
337.0 238.0 349.0 240.0
60.0 191.0 72.0 185.0
338.0 239.0 349.0 240.0
324.0 110.0 339.0 109.0
121.0 569.0 122.0 567.0
35.0 192.0 47.0 186.0
146.0 152.0 159.0 145.0
147.0 498.0 150.0 498.0
34.0 194.0 47.0 186.0
150.0 83.0 163.0 77.0
173.0 576.0 175.0 577.0
193.0 591.0 194.0 593.0
339.0 238.0 352.0 240.0
246.0 510.0 253.0 515.0
370.0 224.0 380.0 225.0
310.0 217.0 323.0 218.0
35.0 193.0 47.0 186.0
34.0 193.0 47.0 186.0
347.0 114.0 365.0 113.0
309.0 218.0 323.0 218.0
86.0 506.0 90.0 502.0
428.0 356.0 436.0 361.0
428.0 355.0 436.0 361.0
120.0 567.0 122.0 567.0
372.0 264.0 385.0 266.0
231.0 507.0 236.0 511.0
6.0 523.0 5.0 514.0
5.0 523.0 5.0 514.0
146.0 498.0 150.0 498.0
124.0 537.0 128.0 536.0
211.0 568.0 214.0 571.0
324.0 111.0 339.0 109.0
372.0 262.0 385.0 266.0
168.0 79.0 182.0 73.0
121.0 568.0 122.0 567.0
309.0 217.0 322.0 217.0
210.0 569.0 214.0 571.0
209.0 606.0 211.0 609.0
125.0 536.0 129.0 535.0
172.0 575.0 173.0 576.0
373.0 264.0 385.0 266.0
192.0 591.0 194.0 593.0
373.0 263.0 385.0 266.0
34.0 192.0 47.0 186.0
122.0 569.0 124.0 567.0
230.0 507.0 236.0 511.0
169.0 79.0 182.0 73.0
373.0 262.0 385.0 266.0
24.0 595.0 25.0 591.0
308.0 217.0 322.0 217.0
145.0 150.0 159.0 145.0
172.0 576.0 173.0 576.0
125.0 535.0 128.0 535.0
323.0 111.0 339.0 109.0
310.0 216.0 323.0 218.0
19.0 556.0 20.0 549.0
169.0 80.0 182.0 73.0
126.0 478.0 131.0 477.0
339.0 291.0 351.0 293.0
151.0 599.0 154.0 598.0
340.0 292.0 351.0 294.0
309.0 216.0 322.0 217.0
386.0 161.0 399.0 161.0
85.0 506.0 89.0 503.0
386.0 162.0 399.0 162.0
211.0 569.0 214.0 571.0
6.0 524.0 4.0 515.0
191.0 591.0 194.0 593.0
150.0 84.0 164.0 78.0
247.0 513.0 253.0 515.0
374.0 262.0 385.0 266.0
171.0 575.0 173.0 576.0
340.0 291.0 351.0 293.0
5.0 524.0 4.0 515.0
338.0 237.0 350.0 240.0
143.0 477.0 147.0 475.0
25.0 595.0 25.0 591.0
142.0 476.0 147.0 475.0
131.0 553.0 135.0 552.0
248.0 511.0 253.0 515.0
152.0 599.0 154.0 598.0
345.0 239.0 352.0 240.0
121.0 567.0 122.0 567.0
147.0 152.0 160.0 145.0
339.0 292.0 351.0 293.0
31.0 522.0 33.0 517.0
150.0 599.0 154.0 598.0
246.0 511.0 253.0 515.0
200.0 513.0 205.0 515.0
245.0 511.0 252.0 515.0
86.0 505.0 90.0 502.0
208.0 604.0 211.0 607.0
130.0 553.0 136.0 551.0
303.0 63.0 323.0 60.0
42.0 178.0 54.0 171.0
345.0 240.0 352.0 240.0
144.0 477.0 147.0 475.0
122.0 568.0 124.0 567.0
341.0 291.0 351.0 293.0
209.0 604.0 211.0 607.0
41.0 177.0 54.0 171.0
124.0 536.0 127.0 535.0
247.0 512.0 253.0 515.0
247.0 511.0 253.0 515.0
147.0 151.0 160.0 145.0
65.0 384.0 70.0 379.0
346.0 114.0 365.0 113.0
84.0 506.0 89.0 501.0
26.0 595.0 25.0 591.0
142.0 477.0 147.0 475.0
146.0 150.0 159.0 145.0
131.0 491.0 135.0 491.0
247.0 510.0 253.0 515.0
208.0 605.0 211.0 609.0
85.0 505.0 89.0 503.0
231.0 506.0 236.0 511.0
303.0 61.0 323.0 60.0
246.0 512.0 253.0 515.0
24.0 596.0 25.0 591.0
151.0 598.0 154.0 598.0
209.0 605.0 211.0 607.0
248.0 512.0 253.0 515.0
146.0 151.0 159.0 145.0
308.0 216.0 322.0 217.0
210.0 605.0 211.0 608.0
25.0 596.0 25.0 591.0
84.0 505.0 89.0 501.0
143.0 478.0 147.0 475.0
303.0 64.0 323.0 60.0
146.0 546.0 149.0 545.0
152.0 598.0 154.0 598.0
41.0 178.0 54.0 171.0
169.0 538.0 172.0 539.0
303.0 62.0 323.0 60.0
40.0 178.0 54.0 171.0
172.0 503.0 171.0 501.0
346.0 240.0 352.0 240.0
153.0 598.0 155.0 599.0
374.0 263.0 385.0 266.0
197.0 575.0 200.0 577.0
147.0 546.0 149.0 545.0
145.0 546.0 149.0 546.0
169.0 537.0 172.0 538.0
40.0 177.0 54.0 171.0
146.0 547.0 149.0 546.0
35.0 396.0 42.0 390.0
26.0 596.0 25.0 591.0
197.0 574.0 200.0 577.0
230.0 506.0 236.0 511.0
387.0 161.0 399.0 161.0
147.0 547.0 149.0 546.0
86.0 504.0 89.0 503.0
40.0 179.0 54.0 171.0
85.0 504.0 89.0 501.0
65.0 385.0 71.0 380.0
198.0 574.0 200.0 577.0
6.0 525.0 4.0 515.0
35.0 397.0 41.0 391.0
173.0 503.0 171.0 501.0
38.0 463.0 42.0 457.0
346.0 239.0 352.0 240.0
35.0 398.0 41.0 391.0
157.0 90.0 164.0 79.0
34.0 396.0 42.0 390.0
126.0 479.0 131.0 477.0
31.0 431.0 36.0 423.0
64.0 385.0 70.0 380.0
174.0 503.0 171.0 501.0
173.0 504.0 171.0 501.0
34.0 397.0 42.0 390.0
168.0 536.0 172.0 538.0
198.0 575.0 200.0 577.0
64.0 384.0 70.0 380.0
145.0 547.0 149.0 546.0
31.0 521.0 33.0 517.0
168.0 537.0 172.0 538.0
302.0 62.0 323.0 60.0
190.0 509.0 189.0 508.0
31.0 520.0 33.0 517.0
150.0 598.0 154.0 598.0
167.0 537.0 171.0 538.0
125.0 478.0 131.0 477.0
39.0 464.0 42.0 457.0
30.0 429.0 36.0 423.0
19.0 334.0 27.0 327.0
28.0 495.0 32.0 489.0
157.0 89.0 164.0 79.0
416.0 111.0 431.0 112.0
168.0 538.0 171.0 539.0
174.0 504.0 171.0 501.0
387.0 162.0 399.0 163.0
125.0 479.0 131.0 477.0
31.0 430.0 36.0 423.0
36.0 397.0 41.0 391.0
213.0 518.0 217.0 521.0
20.0 334.0 27.0 327.0
191.0 509.0 189.0 508.0
302.0 63.0 323.0 60.0
32.0 431.0 36.0 423.0
12.0 454.0 16.0 449.0
34.0 398.0 42.0 390.0
31.0 429.0 36.0 423.0
19.0 333.0 27.0 327.0
30.0 430.0 36.0 423.0
38.0 464.0 42.0 457.0
460.0 383.0 469.0 388.0
13.0 454.0 16.0 449.0
415.0 110.0 431.0 112.0
461.0 383.0 469.0 388.0
158.0 89.0 164.0 79.0
462.0 383.0 469.0 388.0
415.0 111.0 431.0 112.0
158.0 90.0 164.0 79.0
462.0 382.0 469.0 388.0
461.0 382.0 469.0 388.0
417.0 111.0 431.0 112.0
417.0 110.0 431.0 112.0
459.0 383.0 469.0 388.0
33.0 398.0 42.0 390.0
446.0 289.0 461.0 294.0
158.0 88.0 164.0 78.0
12.0 455.0 16.0 449.0
13.0 455.0 16.0 449.0
190.0 510.0 189.0 508.0
14.0 368.0 13.0 363.0
3.0 423.0 8.0 416.0
460.0 382.0 469.0 388.0
459.0 382.0 469.0 388.0
13.0 456.0 16.0 449.0
418.0 111.0 431.0 112.0
4.0 423.0 8.0 416.0
191.0 510.0 189.0 508.0
12.0 456.0 16.0 449.0
446.0 288.0 461.0 294.0
4.0 424.0 8.0 416.0
3.0 424.0 8.0 416.0
48.0 20.0 53.0 11.0
15.0 369.0 13.0 363.0
49.0 20.0 53.0 11.0
460.0 381.0 469.0 388.0
461.0 381.0 469.0 388.0
459.0 381.0 469.0 388.0
159.0 89.0 164.0 79.0
15.0 367.0 13.0 363.0
329.0 110.0 339.0 108.0
48.0 21.0 53.0 11.0
34.0 19.0 52.0 10.0
15.0 368.0 13.0 363.0
35.0 19.0 52.0 10.0
429.0 277.0 440.0 280.0
330.0 110.0 339.0 108.0
330.0 111.0 339.0 108.0
33.0 20.0 52.0 10.0
35.0 20.0 52.0 10.0
33.0 19.0 52.0 10.0
429.0 276.0 440.0 280.0
34.0 20.0 52.0 10.0
34.0 21.0 52.0 10.0
428.0 277.0 440.0 280.0
331.0 110.0 339.0 108.0
33.0 21.0 52.0 10.0
458.0 237.0 469.0 241.0
175.0 564.0 174.0 575.0
53.0 387.0 70.0 380.0
19.0 22.0 37.0 13.0
176.0 564.0 174.0 575.0
427.0 276.0 440.0 280.0
428.0 275.0 440.0 280.0
20.0 22.0 37.0 13.0
19.0 24.0 37.0 14.0
16.0 54.0 31.0 46.0
428.0 276.0 440.0 280.0
17.0 23.0 36.0 14.0
19.0 23.0 37.0 14.0
18.0 23.0 36.0 14.0
16.0 55.0 31.0 46.0
18.0 22.0 36.0 14.0
18.0 24.0 37.0 14.0
52.0 387.0 70.0 380.0
20.0 23.0 37.0 14.0
144.0 620.0 129.0 618.0
15.0 55.0 31.0 46.0
15.0 54.0 30.0 46.0
457.0 237.0 469.0 241.0
52.0 388.0 70.0 380.0
457.0 236.0 469.0 241.0
14.0 54.0 30.0 46.0
144.0 619.0 128.0 619.0
14.0 55.0 29.0 45.0
14.0 53.0 30.0 46.0
15.0 53.0 30.0 46.0
456.0 237.0 469.0 241.0
9.0 81.0 1.0 75.0
455.0 237.0 469.0 241.0
455.0 236.0 469.0 241.0
8.0 407.0 9.0 416.0
456.0 236.0 469.0 241.0
9.0 407.0 9.0 416.0
51.0 387.0 70.0 380.0
9.0 408.0 9.0 416.0
378.0 93.0 399.0 161.0
377.0 94.0 399.0 161.0
