418.0 262.0 410.0 250.0
419.0 262.0 411.0 250.0
373.0 252.0 367.0 241.0
257.0 132.0 253.0 118.0
372.0 252.0 366.0 241.0
420.0 262.0 412.0 251.0
418.0 263.0 410.0 251.0
371.0 252.0 366.0 241.0
373.0 251.0 366.0 241.0
307.0 472.0 298.0 457.0
212.0 290.0 208.0 278.0
372.0 251.0 366.0 241.0
153.0 393.0 145.0 379.0
307.0 471.0 298.0 457.0
153.0 392.0 145.0 379.0
256.0 132.0 253.0 118.0
212.0 289.0 208.0 278.0
232.0 224.0 228.0 211.0
419.0 263.0 411.0 250.0
153.0 394.0 145.0 379.0
233.0 223.0 228.0 211.0
324.0 334.0 317.0 323.0
232.0 223.0 228.0 211.0
257.0 131.0 253.0 118.0
211.0 288.0 206.0 277.0
347.0 393.0 338.0 382.0
420.0 263.0 412.0 251.0
154.0 392.0 146.0 379.0
371.0 251.0 367.0 240.0
256.0 131.0 253.0 118.0
307.0 470.0 298.0 457.0
119.0 318.0 113.0 305.0
382.0 433.0 373.0 420.0
419.0 264.0 411.0 250.0
372.0 250.0 367.0 240.0
232.0 221.0 228.0 211.0
153.0 391.0 145.0 379.0
321.0 415.0 312.0 401.0
232.0 222.0 228.0 211.0
306.0 472.0 298.0 457.0
153.0 390.0 145.0 378.0
152.0 394.0 145.0 379.0
332.0 399.0 322.0 384.0
256.0 130.0 252.0 117.0
152.0 391.0 145.0 378.0
403.0 74.0 400.0 60.0
132.0 225.0 128.0 214.0
321.0 416.0 313.0 403.0
347.0 394.0 338.0 382.0
402.0 74.0 399.0 60.0
324.0 333.0 316.0 322.0
382.0 434.0 373.0 420.0
306.0 471.0 298.0 457.0
351.0 516.0 341.0 502.0
257.0 130.0 253.0 118.0
381.0 433.0 373.0 420.0
324.0 568.0 314.0 551.0
211.0 290.0 208.0 278.0
420.0 264.0 412.0 251.0
403.0 73.0 400.0 60.0
231.0 223.0 228.0 211.0
324.0 567.0 314.0 551.0
152.0 393.0 145.0 379.0
152.0 390.0 145.0 378.0
350.0 518.0 339.0 503.0
321.0 414.0 312.0 401.0
305.0 320.0 298.0 307.0
306.0 470.0 298.0 457.0
231.0 222.0 228.0 211.0
175.0 307.0 170.0 296.0
211.0 289.0 208.0 278.0
152.0 392.0 145.0 378.0
352.0 516.0 341.0 502.0
354.0 119.0 347.0 105.0
175.0 308.0 170.0 296.0
322.0 416.0 312.0 401.0
238.0 205.0 234.0 193.0
320.0 414.0 312.0 401.0
325.0 333.0 317.0 323.0
91.0 497.0 84.0 487.0
353.0 160.0 348.0 147.0
324.0 566.0 314.0 551.0
320.0 415.0 312.0 401.0
322.0 415.0 312.0 401.0
375.0 124.0 368.0 109.0
384.0 367.0 374.0 353.0
351.0 517.0 339.0 503.0
346.0 393.0 338.0 382.0
65.0 185.0 52.0 169.0
351.0 518.0 339.0 503.0
402.0 73.0 399.0 60.0
92.0 313.0 77.0 298.0
354.0 160.0 348.0 147.0
382.0 367.0 373.0 354.0
354.0 120.0 347.0 105.0
321.0 277.0 315.0 266.0
56.0 181.0 52.0 169.0
183.0 283.0 178.0 271.0
384.0 368.0 376.0 355.0
354.0 161.0 348.0 147.0
305.0 319.0 298.0 307.0
346.0 394.0 338.0 382.0
325.0 568.0 314.0 551.0
376.0 123.0 368.0 109.0
268.0 514.0 258.0 501.0
176.0 306.0 170.0 296.0
353.0 119.0 347.0 105.0
14.0 162.0 8.0 147.0
376.0 124.0 369.0 109.0
13.0 161.0 8.0 147.0
375.0 123.0 368.0 109.0
238.0 204.0 234.0 193.0
382.0 366.0 373.0 354.0
320.0 276.0 315.0 266.0
383.0 368.0 373.0 354.0
13.0 162.0 8.0 147.0
268.0 515.0 258.0 501.0
321.0 276.0 315.0 266.0
402.0 72.0 399.0 60.0
353.0 120.0 347.0 105.0
65.0 184.0 52.0 169.0
14.0 161.0 8.0 147.0
355.0 161.0 348.0 147.0
383.0 367.0 374.0 354.0
352.0 321.0 346.0 311.0
175.0 306.0 170.0 296.0
356.0 176.0 349.0 164.0
383.0 366.0 374.0 353.0
321.0 497.0 312.0 485.0
352.0 323.0 346.0 311.0
176.0 307.0 170.0 296.0
69.0 566.0 63.0 553.0
46.0 179.0 41.0 167.0
355.0 176.0 349.0 164.0
70.0 564.0 63.0 552.0
352.0 322.0 346.0 311.0
182.0 282.0 178.0 271.0
352.0 518.0 341.0 502.0
401.0 73.0 399.0 60.0
352.0 517.0 341.0 502.0
183.0 282.0 178.0 271.0
351.0 519.0 339.0 503.0
382.0 618.0 368.0 601.0
69.0 564.0 63.0 552.0
352.0 119.0 347.0 105.0
165.0 235.0 161.0 223.0
356.0 177.0 349.0 164.0
325.0 567.0 314.0 551.0
70.0 565.0 63.0 552.0
83.0 311.0 77.0 298.0
355.0 177.0 349.0 164.0
353.0 321.0 346.0 311.0
321.0 274.0 315.0 266.0
165.0 234.0 161.0 223.0
305.0 318.0 298.0 307.0
382.0 619.0 368.0 601.0
381.0 618.0 368.0 601.0
321.0 275.0 315.0 266.0
395.0 102.0 389.0 89.0
17.0 169.0 21.0 160.0
322.0 274.0 315.0 266.0
68.0 564.0 63.0 551.0
352.0 120.0 347.0 105.0
15.0 162.0 8.0 147.0
184.0 282.0 178.0 271.0
408.0 384.0 399.0 371.0
355.0 160.0 348.0 147.0
322.0 275.0 315.0 266.0
407.0 384.0 399.0 371.0
165.0 233.0 161.0 223.0
342.0 341.0 335.0 329.0
264.0 452.0 256.0 443.0
68.0 565.0 63.0 551.0
341.0 341.0 335.0 329.0
265.0 454.0 256.0 443.0
332.0 400.0 322.0 384.0
342.0 340.0 335.0 329.0
265.0 453.0 256.0 443.0
69.0 565.0 63.0 552.0
93.0 313.0 77.0 298.0
353.0 517.0 341.0 503.0
341.0 340.0 335.0 329.0
322.0 276.0 315.0 266.0
467.0 452.0 454.0 436.0
467.0 453.0 454.0 436.0
187.0 273.0 181.0 260.0
466.0 451.0 454.0 437.0
394.0 102.0 389.0 89.0
353.0 323.0 346.0 311.0
381.0 619.0 368.0 601.0
304.0 319.0 298.0 307.0
166.0 235.0 161.0 223.0
186.0 273.0 181.0 260.0
183.0 281.0 178.0 271.0
166.0 234.0 161.0 223.0
166.0 233.0 161.0 223.0
353.0 322.0 346.0 311.0
407.0 383.0 399.0 371.0
381.0 620.0 368.0 601.0
187.0 272.0 181.0 260.0
408.0 383.0 399.0 371.0
264.0 454.0 256.0 443.0
382.0 620.0 368.0 601.0
466.0 84.0 460.0 70.0
353.0 518.0 341.0 503.0
331.0 400.0 322.0 384.0
395.0 104.0 389.0 89.0
263.0 454.0 256.0 443.0
267.0 514.0 258.0 501.0
320.0 495.0 312.0 485.0
466.0 452.0 454.0 437.0
264.0 453.0 256.0 443.0
186.0 272.0 181.0 260.0
126.0 381.0 121.0 367.0
186.0 271.0 181.0 260.0
76.0 541.0 71.0 528.0
437.0 523.0 426.0 511.0
26.0 173.0 22.0 160.0
467.0 451.0 454.0 436.0
321.0 495.0 312.0 485.0
267.0 515.0 258.0 501.0
304.0 318.0 298.0 307.0
262.0 492.0 255.0 478.0
467.0 84.0 460.0 70.0
438.0 523.0 426.0 511.0
395.0 103.0 389.0 89.0
167.0 234.0 161.0 223.0
304.0 317.0 298.0 307.0
263.0 492.0 255.0 478.0
43.0 45.0 37.0 28.0
318.0 339.0 311.0 327.0
263.0 491.0 255.0 477.0
318.0 338.0 311.0 327.0
317.0 338.0 311.0 327.0
263.0 453.0 256.0 443.0
321.0 494.0 312.0 485.0
125.0 382.0 119.0 369.0
124.0 382.0 119.0 369.0
262.0 491.0 255.0 478.0
380.0 546.0 371.0 528.0
467.0 85.0 460.0 70.0
379.0 546.0 371.0 528.0
333.0 401.0 322.0 384.0
252.0 431.0 248.0 413.0
263.0 493.0 255.0 478.0
381.0 546.0 371.0 528.0
125.0 380.0 121.0 367.0
317.0 339.0 311.0 327.0
394.0 103.0 389.0 89.0
267.0 516.0 258.0 501.0
332.0 401.0 322.0 384.0
468.0 84.0 460.0 70.0
75.0 542.0 71.0 528.0
125.0 381.0 119.0 369.0
42.0 45.0 37.0 28.0
264.0 492.0 255.0 477.0
24.0 166.0 37.0 157.0
25.0 165.0 37.0 157.0
54.0 58.0 51.0 44.0
75.0 541.0 71.0 528.0
125.0 379.0 121.0 367.0
55.0 58.0 51.0 44.0
208.0 458.0 198.0 437.0
14.0 43.0 10.0 30.0
124.0 381.0 119.0 369.0
317.0 602.0 305.0 588.0
318.0 602.0 305.0 588.0
13.0 43.0 10.0 30.0
317.0 603.0 305.0 588.0
380.0 547.0 371.0 528.0
455.0 508.0 442.0 494.0
42.0 46.0 37.0 28.0
22.0 38.0 16.0 22.0
265.0 309.0 259.0 297.0
14.0 44.0 10.0 30.0
266.0 309.0 259.0 297.0
78.0 349.0 66.0 331.0
74.0 542.0 71.0 528.0
394.0 104.0 389.0 89.0
364.0 206.0 351.0 202.0
331.0 401.0 322.0 384.0
53.0 50.0 51.0 44.0
43.0 46.0 37.0 28.0
147.0 231.0 137.0 217.0
75.0 309.0 77.0 297.0
317.0 604.0 305.0 588.0
318.0 603.0 305.0 588.0
73.0 181.0 52.0 169.0
124.0 380.0 119.0 369.0
252.0 432.0 248.0 413.0
65.0 61.0 50.0 45.0
24.0 165.0 37.0 157.0
237.0 199.0 234.0 192.0
54.0 59.0 50.0 45.0
316.0 338.0 311.0 327.0
251.0 432.0 248.0 413.0
55.0 59.0 50.0 45.0
83.0 524.0 72.0 528.0
266.0 515.0 258.0 501.0
436.0 18.0 434.0 5.0
332.0 402.0 322.0 384.0
318.0 604.0 305.0 588.0
437.0 18.0 435.0 5.0
437.0 17.0 435.0 5.0
201.0 442.0 198.0 437.0
75.0 310.0 77.0 297.0
264.0 309.0 258.0 297.0
318.0 605.0 305.0 588.0
402.0 543.0 399.0 529.0
301.0 409.0 297.0 402.0
364.0 205.0 351.0 202.0
74.0 309.0 77.0 297.0
265.0 308.0 257.0 294.0
54.0 174.0 38.0 157.0
217.0 511.0 210.0 498.0
73.0 180.0 52.0 169.0
365.0 205.0 351.0 202.0
201.0 441.0 198.0 437.0
264.0 308.0 258.0 297.0
401.0 543.0 399.0 529.0
217.0 513.0 211.0 499.0
148.0 231.0 137.0 217.0
300.0 409.0 297.0 402.0
342.0 557.0 330.0 534.0
74.0 310.0 77.0 297.0
217.0 512.0 211.0 499.0
200.0 441.0 198.0 437.0
301.0 408.0 297.0 402.0
338.0 485.0 323.0 461.0
74.0 180.0 52.0 169.0
249.0 542.0 243.0 529.0
149.0 231.0 137.0 217.0
428.0 33.0 428.0 23.0
179.0 298.0 176.0 271.0
178.0 297.0 176.0 271.0
248.0 542.0 243.0 529.0
200.0 440.0 198.0 437.0
178.0 298.0 176.0 271.0
300.0 408.0 297.0 402.0
339.0 485.0 323.0 461.0
203.0 574.0 193.0 546.0
301.0 407.0 297.0 402.0
179.0 297.0 177.0 271.0
26.0 398.0 11.0 382.0
82.0 62.0 70.0 51.0
83.0 62.0 70.0 51.0
200.0 439.0 198.0 437.0
24.0 46.0 10.0 30.0
427.0 33.0 426.0 23.0
340.0 486.0 323.0 461.0
401.0 542.0 399.0 529.0
249.0 541.0 243.0 529.0
39.0 597.0 32.0 583.0
55.0 601.0 48.0 603.0
73.0 58.0 51.0 44.0
40.0 599.0 32.0 583.0
40.0 598.0 32.0 583.0
339.0 486.0 323.0 461.0
248.0 541.0 243.0 529.0
299.0 408.0 297.0 402.0
313.0 386.0 314.0 377.0
340.0 487.0 323.0 461.0
300.0 407.0 297.0 402.0
38.0 597.0 32.0 583.0
39.0 599.0 32.0 583.0
53.0 617.0 46.0 603.0
54.0 617.0 46.0 603.0
54.0 601.0 48.0 604.0
39.0 598.0 32.0 583.0
38.0 598.0 32.0 583.0
82.0 61.0 70.0 51.0
3.0 637.0 14.0 626.0
340.0 155.0 346.0 147.0
204.0 574.0 193.0 546.0
101.0 315.0 78.0 298.0
340.0 154.0 346.0 147.0
102.0 314.0 78.0 298.0
53.0 616.0 46.0 603.0
203.0 575.0 193.0 546.0
300.0 406.0 297.0 402.0
83.0 61.0 70.0 51.0
339.0 154.0 346.0 147.0
102.0 315.0 78.0 298.0
299.0 407.0 297.0 402.0
56.0 600.0 48.0 603.0
204.0 575.0 193.0 546.0
55.0 600.0 48.0 603.0
37.0 613.0 21.0 626.0
276.0 462.0 257.0 443.0
205.0 574.0 193.0 546.0
103.0 315.0 78.0 298.0
338.0 154.0 346.0 147.0
204.0 576.0 193.0 546.0
428.0 558.0 410.0 529.0
428.0 557.0 410.0 529.0
37.0 614.0 21.0 626.0
205.0 575.0 193.0 546.0
276.0 461.0 257.0 443.0
