355.0 477.0 356.0 483.0
438.0 426.0 440.0 432.0
439.0 426.0 440.0 433.0
368.0 277.0 368.0 283.0
449.0 244.0 450.0 250.0
357.0 316.0 357.0 321.0
399.0 228.0 399.0 234.0
354.0 477.0 355.0 483.0
438.0 425.0 440.0 432.0
333.0 511.0 333.0 517.0
450.0 245.0 450.0 250.0
247.0 106.0 247.0 112.0
248.0 106.0 247.0 112.0
333.0 510.0 333.0 517.0
450.0 244.0 450.0 250.0
334.0 510.0 333.0 517.0
333.0 509.0 333.0 517.0
370.0 277.0 370.0 284.0
451.0 245.0 451.0 250.0
368.0 278.0 369.0 284.0
354.0 476.0 355.0 483.0
369.0 277.0 369.0 283.0
334.0 509.0 333.0 517.0
376.0 475.0 377.0 481.0
355.0 476.0 355.0 483.0
369.0 276.0 370.0 284.0
349.0 267.0 349.0 273.0
470.0 268.0 471.0 272.0
382.0 381.0 382.0 386.0
316.0 364.0 316.0 369.0
449.0 245.0 450.0 250.0
358.0 316.0 357.0 321.0
351.0 575.0 352.0 582.0
368.0 276.0 368.0 283.0
372.0 173.0 372.0 178.0
355.0 354.0 355.0 363.0
332.0 509.0 333.0 517.0
431.0 232.0 431.0 237.0
357.0 315.0 357.0 321.0
390.0 170.0 391.0 176.0
401.0 263.0 402.0 269.0
244.0 428.0 243.0 434.0
296.0 463.0 295.0 468.0
371.0 173.0 371.0 179.0
372.0 171.0 372.0 178.0
430.0 233.0 431.0 238.0
245.0 427.0 243.0 434.0
369.0 278.0 369.0 284.0
376.0 474.0 377.0 480.0
372.0 172.0 372.0 178.0
448.0 245.0 450.0 250.0
431.0 233.0 431.0 238.0
377.0 474.0 378.0 481.0
394.0 476.0 395.0 482.0
230.0 391.0 229.0 399.0
244.0 427.0 243.0 434.0
332.0 510.0 333.0 517.0
468.0 565.0 470.0 573.0
459.0 59.0 459.0 66.0
470.0 267.0 471.0 272.0
247.0 105.0 247.0 112.0
243.0 427.0 243.0 434.0
396.0 426.0 397.0 431.0
381.0 381.0 382.0 386.0
375.0 475.0 377.0 480.0
358.0 315.0 357.0 321.0
369.0 426.0 369.0 431.0
394.0 475.0 395.0 482.0
400.0 264.0 400.0 269.0
370.0 278.0 370.0 284.0
34.0 181.0 31.0 191.0
87.0 417.0 84.0 426.0
396.0 425.0 397.0 431.0
369.0 425.0 369.0 431.0
371.0 172.0 371.0 179.0
358.0 317.0 358.0 322.0
380.0 381.0 382.0 386.0
355.0 355.0 355.0 363.0
350.0 267.0 350.0 273.0
447.0 223.0 448.0 227.0
454.0 447.0 457.0 453.0
317.0 364.0 317.0 369.0
350.0 266.0 350.0 272.0
471.0 267.0 471.0 272.0
351.0 574.0 352.0 582.0
459.0 60.0 459.0 66.0
317.0 365.0 317.0 369.0
395.0 476.0 396.0 482.0
390.0 169.0 391.0 176.0
352.0 574.0 352.0 582.0
339.0 527.0 340.0 534.0
373.0 192.0 373.0 198.0
467.0 565.0 470.0 573.0
230.0 392.0 229.0 399.0
28.0 403.0 23.0 410.0
331.0 153.0 331.0 158.0
349.0 266.0 349.0 273.0
354.0 354.0 355.0 363.0
307.0 479.0 307.0 484.0
430.0 232.0 431.0 238.0
235.0 43.0 236.0 50.0
468.0 566.0 470.0 573.0
338.0 527.0 339.0 533.0
471.0 266.0 472.0 271.0
244.0 426.0 243.0 434.0
330.0 152.0 331.0 158.0
255.0 444.0 255.0 449.0
397.0 425.0 397.0 431.0
243.0 426.0 243.0 434.0
355.0 356.0 355.0 363.0
87.0 419.0 84.0 426.0
339.0 526.0 340.0 534.0
347.0 302.0 346.0 307.0
245.0 426.0 243.0 434.0
395.0 475.0 396.0 482.0
394.0 474.0 395.0 482.0
34.0 180.0 31.0 191.0
88.0 418.0 84.0 426.0
330.0 328.0 331.0 334.0
86.0 417.0 83.0 426.0
446.0 222.0 448.0 227.0
316.0 365.0 316.0 369.0
278.0 222.0 279.0 227.0
454.0 448.0 457.0 453.0
87.0 418.0 84.0 426.0
370.0 425.0 369.0 431.0
346.0 301.0 346.0 307.0
447.0 222.0 448.0 227.0
350.0 575.0 352.0 582.0
278.0 223.0 279.0 227.0
278.0 417.0 278.0 424.0
330.0 153.0 331.0 158.0
306.0 479.0 307.0 484.0
231.0 391.0 229.0 399.0
149.0 553.0 147.0 561.0
339.0 435.0 339.0 442.0
307.0 478.0 307.0 484.0
140.0 501.0 138.0 508.0
232.0 391.0 229.0 399.0
350.0 265.0 350.0 272.0
354.0 355.0 355.0 363.0
470.0 266.0 471.0 272.0
331.0 329.0 331.0 334.0
285.0 365.0 285.0 370.0
330.0 329.0 330.0 334.0
296.0 462.0 295.0 468.0
302.0 302.0 301.0 308.0
305.0 479.0 305.0 484.0
276.0 121.0 275.0 127.0
351.0 266.0 350.0 272.0
372.0 192.0 373.0 198.0
332.0 153.0 332.0 159.0
86.0 419.0 84.0 426.0
286.0 365.0 285.0 370.0
231.0 392.0 229.0 399.0
295.0 462.0 295.0 468.0
128.0 549.0 125.0 557.0
350.0 574.0 352.0 582.0
339.0 436.0 339.0 442.0
346.0 302.0 346.0 307.0
284.0 365.0 284.0 371.0
232.0 392.0 229.0 399.0
279.0 223.0 279.0 227.0
152.0 575.0 150.0 584.0
404.0 578.0 405.0 587.0
236.0 43.0 236.0 50.0
403.0 578.0 405.0 587.0
298.0 358.0 298.0 364.0
364.0 208.0 364.0 215.0
141.0 500.0 138.0 508.0
451.0 427.0 452.0 433.0
324.0 18.0 323.0 25.0
127.0 551.0 125.0 559.0
28.0 402.0 23.0 410.0
86.0 418.0 84.0 426.0
446.0 223.0 448.0 227.0
467.0 566.0 470.0 573.0
255.0 445.0 255.0 450.0
140.0 500.0 138.0 508.0
297.0 462.0 295.0 468.0
382.0 380.0 382.0 386.0
306.0 478.0 307.0 484.0
417.0 76.0 418.0 82.0
121.0 534.0 118.0 542.0
345.0 222.0 345.0 229.0
235.0 44.0 236.0 50.0
325.0 18.0 323.0 25.0
149.0 552.0 147.0 561.0
140.0 499.0 138.0 508.0
231.0 393.0 229.0 399.0
324.0 19.0 323.0 25.0
347.0 301.0 346.0 307.0
418.0 76.0 418.0 82.0
302.0 303.0 303.0 308.0
151.0 575.0 149.0 584.0
128.0 550.0 125.0 557.0
255.0 446.0 254.0 450.0
256.0 446.0 255.0 450.0
348.0 302.0 348.0 307.0
338.0 526.0 339.0 533.0
340.0 435.0 339.0 442.0
234.0 133.0 234.0 139.0
164.0 597.0 162.0 606.0
430.0 311.0 431.0 318.0
331.0 328.0 331.0 334.0
277.0 121.0 277.0 127.0
431.0 312.0 432.0 317.0
164.0 596.0 162.0 606.0
236.0 45.0 236.0 51.0
338.0 525.0 339.0 533.0
339.0 525.0 339.0 533.0
351.0 423.0 351.0 429.0
381.0 380.0 382.0 386.0
431.0 311.0 432.0 317.0
163.0 597.0 162.0 606.0
235.0 132.0 234.0 139.0
201.0 221.0 201.0 227.0
256.0 443.0 256.0 450.0
279.0 222.0 279.0 227.0
262.0 306.0 261.0 313.0
363.0 209.0 364.0 215.0
365.0 210.0 365.0 216.0
139.0 500.0 138.0 508.0
305.0 478.0 305.0 485.0
306.0 477.0 305.0 484.0
196.0 144.0 195.0 150.0
153.0 576.0 150.0 584.0
354.0 356.0 355.0 363.0
256.0 445.0 255.0 450.0
236.0 44.0 236.0 50.0
444.0 502.0 446.0 510.0
122.0 534.0 118.0 542.0
303.0 302.0 303.0 308.0
127.0 550.0 125.0 559.0
371.0 171.0 371.0 178.0
365.0 209.0 365.0 216.0
444.0 504.0 446.0 510.0
175.0 204.0 176.0 207.0
452.0 427.0 453.0 433.0
455.0 581.0 457.0 589.0
365.0 248.0 364.0 254.0
467.0 108.0 468.0 113.0
409.0 207.0 408.0 212.0
151.0 576.0 149.0 584.0
325.0 19.0 323.0 25.0
318.0 365.0 317.0 369.0
121.0 533.0 118.0 542.0
276.0 376.0 275.0 382.0
201.0 222.0 200.0 226.0
296.0 461.0 295.0 468.0
408.0 207.0 408.0 212.0
443.0 502.0 446.0 510.0
363.0 210.0 364.0 215.0
431.0 592.0 432.0 600.0
152.0 576.0 149.0 584.0
364.0 211.0 365.0 216.0
364.0 249.0 364.0 254.0
295.0 162.0 294.0 170.0
276.0 120.0 275.0 126.0
468.0 109.0 468.0 114.0
277.0 120.0 277.0 126.0
467.0 109.0 468.0 114.0
324.0 20.0 323.0 25.0
444.0 503.0 446.0 510.0
202.0 222.0 201.0 227.0
194.0 589.0 192.0 596.0
443.0 503.0 446.0 510.0
256.0 444.0 255.0 450.0
153.0 577.0 150.0 585.0
340.0 436.0 339.0 442.0
364.0 210.0 365.0 216.0
202.0 221.0 201.0 227.0
235.0 133.0 234.0 139.0
325.0 20.0 325.0 26.0
258.0 414.0 257.0 420.0
262.0 305.0 261.0 313.0
364.0 209.0 364.0 215.0
252.0 95.0 251.0 102.0
196.0 143.0 195.0 150.0
468.0 108.0 469.0 113.0
176.0 202.0 176.0 207.0
294.0 162.0 294.0 170.0
276.0 377.0 275.0 382.0
295.0 461.0 295.0 468.0
303.0 303.0 303.0 308.0
11.0 398.0 6.0 406.0
197.0 144.0 195.0 150.0
454.0 581.0 457.0 589.0
277.0 376.0 275.0 382.0
110.0 359.0 108.0 366.0
365.0 247.0 364.0 254.0
298.0 338.0 298.0 344.0
297.0 358.0 298.0 364.0
126.0 551.0 125.0 559.0
270.0 354.0 270.0 361.0
258.0 413.0 257.0 420.0
121.0 535.0 118.0 542.0
314.0 289.0 313.0 294.0
257.0 445.0 256.0 450.0
240.0 124.0 240.0 131.0
194.0 587.0 192.0 595.0
379.0 255.0 380.0 261.0
409.0 206.0 408.0 212.0
32.0 549.0 29.0 558.0
453.0 581.0 457.0 589.0
455.0 582.0 457.0 589.0
363.0 248.0 364.0 254.0
468.0 107.0 468.0 114.0
152.0 577.0 150.0 585.0
364.0 247.0 364.0 254.0
408.0 205.0 408.0 212.0
430.0 591.0 433.0 599.0
277.0 495.0 276.0 502.0
364.0 248.0 364.0 254.0
257.0 444.0 256.0 450.0
314.0 288.0 313.0 294.0
108.0 495.0 105.0 502.0
197.0 143.0 195.0 150.0
277.0 377.0 276.0 382.0
151.0 577.0 150.0 585.0
278.0 121.0 277.0 126.0
408.0 206.0 408.0 212.0
12.0 399.0 6.0 406.0
31.0 551.0 29.0 559.0
63.0 625.0 60.0 632.0
122.0 535.0 118.0 542.0
295.0 163.0 294.0 170.0
32.0 550.0 29.0 559.0
380.0 254.0 380.0 261.0
313.0 288.0 313.0 294.0
31.0 550.0 29.0 558.0
63.0 624.0 60.0 632.0
31.0 549.0 29.0 558.0
298.0 359.0 298.0 364.0
454.0 582.0 457.0 589.0
193.0 588.0 192.0 596.0
271.0 355.0 270.0 361.0
240.0 123.0 240.0 131.0
11.0 611.0 6.0 621.0
271.0 354.0 270.0 360.0
32.0 551.0 29.0 559.0
453.0 582.0 457.0 589.0
469.0 108.0 469.0 113.0
201.0 480.0 200.0 486.0
194.0 588.0 192.0 595.0
402.0 578.0 405.0 586.0
379.0 254.0 380.0 261.0
312.0 43.0 313.0 49.0
294.0 163.0 294.0 170.0
299.0 338.0 298.0 344.0
93.0 398.0 91.0 404.0
353.0 234.0 353.0 238.0
252.0 96.0 251.0 102.0
265.0 333.0 265.0 339.0
12.0 398.0 6.0 406.0
159.0 126.0 165.0 136.0
297.0 359.0 298.0 364.0
11.0 610.0 6.0 621.0
439.0 162.0 440.0 167.0
353.0 233.0 353.0 238.0
49.0 574.0 46.0 583.0
64.0 625.0 60.0 632.0
352.0 232.0 353.0 238.0
439.0 161.0 440.0 167.0
64.0 624.0 60.0 632.0
93.0 397.0 90.0 404.0
431.0 591.0 433.0 599.0
378.0 254.0 380.0 261.0
111.0 358.0 108.0 366.0
66.0 601.0 62.0 609.0
65.0 601.0 61.0 609.0
270.0 355.0 270.0 361.0
111.0 359.0 108.0 366.0
65.0 600.0 61.0 609.0
313.0 43.0 314.0 49.0
264.0 333.0 265.0 339.0
259.0 413.0 257.0 420.0
379.0 253.0 380.0 261.0
301.0 338.0 299.0 344.0
83.0 381.0 80.0 388.0
158.0 126.0 165.0 136.0
300.0 338.0 299.0 344.0
294.0 164.0 294.0 170.0
313.0 44.0 314.0 49.0
83.0 382.0 80.0 388.0
430.0 590.0 433.0 599.0
353.0 231.0 353.0 238.0
429.0 590.0 432.0 598.0
236.0 133.0 235.0 139.0
66.0 600.0 62.0 609.0
50.0 574.0 46.0 583.0
49.0 575.0 46.0 583.0
49.0 576.0 46.0 584.0
314.0 44.0 314.0 49.0
353.0 232.0 353.0 238.0
271.0 356.0 271.0 360.0
431.0 590.0 433.0 598.0
314.0 43.0 314.0 49.0
354.0 233.0 353.0 238.0
270.0 356.0 270.0 361.0
357.0 416.0 351.0 429.0
259.0 412.0 257.0 420.0
78.0 395.0 76.0 400.0
260.0 413.0 258.0 420.0
424.0 616.0 426.0 625.0
354.0 232.0 353.0 238.0
425.0 616.0 426.0 625.0
50.0 575.0 46.0 583.0
78.0 394.0 76.0 400.0
358.0 416.0 351.0 429.0
65.0 412.0 66.0 421.0
79.0 394.0 76.0 400.0
265.0 332.0 265.0 339.0
358.0 415.0 351.0 429.0
139.0 570.0 131.0 581.0
65.0 411.0 66.0 421.0
64.0 412.0 66.0 421.0
124.0 332.0 119.0 345.0
447.0 137.0 459.0 128.0
125.0 331.0 119.0 345.0
125.0 330.0 131.0 318.0
446.0 138.0 459.0 128.0
446.0 137.0 459.0 128.0
124.0 331.0 119.0 345.0
64.0 411.0 66.0 421.0
276.0 232.0 279.0 228.0
124.0 330.0 131.0 318.0
195.0 545.0 192.0 542.0
445.0 138.0 459.0 128.0
416.0 630.0 425.0 627.0
417.0 630.0 425.0 627.0
303.0 60.0 313.0 49.0
15.0 172.0 30.0 191.0
416.0 631.0 425.0 627.0
195.0 546.0 192.0 542.0
176.0 134.0 165.0 136.0
276.0 233.0 279.0 228.0
177.0 134.0 165.0 136.0
194.0 546.0 192.0 542.0
115.0 410.0 124.0 395.0
68.0 471.0 47.0 519.0
116.0 410.0 124.0 395.0
383.0 267.0 380.0 261.0
385.0 267.0 400.0 269.0
