355.0 501.0 369.0 502.0
356.0 502.0 369.0 502.0
354.0 501.0 368.0 501.0
410.0 521.0 424.0 520.0
355.0 502.0 369.0 502.0
354.0 502.0 369.0 502.0
378.0 492.0 391.0 491.0
355.0 503.0 369.0 502.0
379.0 492.0 392.0 491.0
333.0 489.0 347.0 489.0
356.0 503.0 369.0 502.0
409.0 521.0 424.0 520.0
396.0 166.0 406.0 162.0
377.0 493.0 391.0 491.0
394.0 166.0 405.0 162.0
332.0 489.0 346.0 489.0
322.0 319.0 333.0 317.0
376.0 476.0 388.0 475.0
394.0 167.0 405.0 162.0
334.0 489.0 347.0 489.0
396.0 167.0 406.0 162.0
395.0 166.0 405.0 162.0
395.0 167.0 405.0 162.0
281.0 487.0 294.0 487.0
411.0 521.0 425.0 521.0
137.0 505.0 148.0 505.0
323.0 318.0 333.0 317.0
412.0 521.0 426.0 520.0
378.0 493.0 391.0 491.0
250.0 98.0 257.0 96.0
138.0 506.0 149.0 506.0
322.0 318.0 333.0 316.0
267.0 214.0 274.0 211.0
282.0 486.0 294.0 486.0
371.0 359.0 384.0 357.0
379.0 493.0 392.0 491.0
334.0 490.0 347.0 489.0
264.0 230.0 274.0 228.0
371.0 424.0 385.0 422.0
323.0 111.0 333.0 108.0
270.0 433.0 283.0 433.0
371.0 425.0 385.0 422.0
251.0 96.0 258.0 94.0
324.0 318.0 333.0 317.0
250.0 96.0 258.0 94.0
77.0 495.0 90.0 495.0
122.0 614.0 136.0 617.0
266.0 213.0 275.0 211.0
301.0 243.0 308.0 241.0
250.0 97.0 258.0 94.0
270.0 434.0 283.0 433.0
350.0 170.0 360.0 166.0
251.0 98.0 258.0 95.0
267.0 213.0 275.0 211.0
323.0 317.0 333.0 316.0
252.0 97.0 258.0 94.0
301.0 348.0 311.0 347.0
281.0 486.0 294.0 486.0
271.0 434.0 283.0 433.0
264.0 229.0 274.0 228.0
323.0 319.0 333.0 317.0
280.0 486.0 294.0 486.0
137.0 506.0 148.0 506.0
222.0 421.0 233.0 421.0
251.0 97.0 258.0 94.0
300.0 243.0 308.0 241.0
372.0 424.0 385.0 422.0
145.0 628.0 159.0 628.0
122.0 615.0 136.0 617.0
303.0 207.0 312.0 204.0
123.0 615.0 136.0 617.0
300.0 244.0 308.0 241.0
372.0 358.0 384.0 357.0
372.0 425.0 385.0 422.0
322.0 111.0 333.0 108.0
77.0 494.0 90.0 495.0
394.0 186.0 405.0 182.0
378.0 494.0 392.0 491.0
203.0 377.0 212.0 378.0
323.0 110.0 333.0 108.0
78.0 495.0 90.0 495.0
333.0 490.0 347.0 489.0
395.0 186.0 405.0 182.0
78.0 494.0 90.0 495.0
265.0 230.0 274.0 228.0
280.0 487.0 294.0 487.0
265.0 229.0 274.0 227.0
249.0 97.0 257.0 96.0
212.0 248.0 222.0 246.0
302.0 206.0 310.0 205.0
324.0 111.0 333.0 108.0
30.0 355.0 42.0 356.0
301.0 207.0 310.0 205.0
302.0 207.0 310.0 205.0
145.0 629.0 159.0 628.0
301.0 244.0 308.0 241.0
122.0 616.0 136.0 617.0
349.0 169.0 360.0 166.0
213.0 248.0 222.0 246.0
332.0 490.0 346.0 489.0
349.0 171.0 360.0 166.0
30.0 356.0 42.0 356.0
288.0 357.0 299.0 356.0
251.0 406.0 260.0 406.0
271.0 433.0 283.0 433.0
121.0 615.0 136.0 617.0
167.0 409.0 178.0 410.0
138.0 507.0 149.0 506.0
324.0 110.0 334.0 107.0
203.0 378.0 214.0 377.0
192.0 362.0 202.0 364.0
192.0 363.0 202.0 364.0
30.0 357.0 42.0 357.0
301.0 208.0 310.0 205.0
287.0 357.0 299.0 356.0
31.0 355.0 42.0 356.0
373.0 424.0 385.0 422.0
214.0 271.0 223.0 270.0
213.0 247.0 222.0 246.0
167.0 410.0 178.0 410.0
229.0 52.0 239.0 50.0
292.0 499.0 304.0 499.0
133.0 486.0 145.0 487.0
219.0 296.0 228.0 294.0
202.0 377.0 213.0 377.0
299.0 244.0 308.0 241.0
318.0 218.0 327.0 214.0
286.0 89.0 294.0 85.0
187.0 62.0 195.0 61.0
292.0 402.0 304.0 402.0
394.0 187.0 405.0 182.0
79.0 494.0 90.0 495.0
394.0 185.0 405.0 182.0
287.0 89.0 295.0 86.0
223.0 421.0 233.0 421.0
287.0 356.0 299.0 356.0
232.0 158.0 241.0 156.0
146.0 75.0 156.0 73.0
285.0 88.0 293.0 85.0
31.0 356.0 42.0 356.0
379.0 176.0 389.0 172.0
379.0 494.0 392.0 491.0
395.0 187.0 405.0 182.0
202.0 378.0 212.0 378.0
121.0 614.0 136.0 617.0
331.0 195.0 338.0 192.0
212.0 247.0 222.0 246.0
302.0 208.0 310.0 205.0
319.0 218.0 327.0 214.0
349.0 170.0 360.0 166.0
395.0 87.0 405.0 81.0
250.0 406.0 260.0 406.0
288.0 90.0 295.0 86.0
288.0 356.0 299.0 356.0
218.0 296.0 228.0 294.0
222.0 422.0 233.0 421.0
394.0 86.0 405.0 81.0
379.0 175.0 389.0 172.0
232.0 159.0 241.0 157.0
284.0 225.0 293.0 223.0
286.0 88.0 295.0 86.0
146.0 408.0 157.0 409.0
220.0 295.0 228.0 294.0
187.0 61.0 195.0 61.0
245.0 299.0 255.0 297.0
288.0 89.0 295.0 86.0
79.0 495.0 90.0 495.0
393.0 185.0 405.0 182.0
136.0 506.0 148.0 506.0
348.0 170.0 360.0 166.0
231.0 159.0 241.0 156.0
299.0 243.0 308.0 241.0
287.0 90.0 294.0 85.0
134.0 486.0 145.0 487.0
233.0 158.0 241.0 156.0
32.0 356.0 43.0 356.0
201.0 377.0 212.0 378.0
208.0 348.0 218.0 347.0
133.0 485.0 145.0 487.0
146.0 74.0 155.0 73.0
250.0 278.0 259.0 276.0
193.0 363.0 203.0 363.0
379.0 174.0 389.0 172.0
230.0 51.0 239.0 50.0
230.0 53.0 239.0 50.0
193.0 362.0 202.0 364.0
251.0 405.0 260.0 406.0
245.0 298.0 255.0 297.0
286.0 225.0 294.0 222.0
219.0 294.0 228.0 294.0
356.0 391.0 367.0 389.0
207.0 350.0 218.0 347.0
160.0 408.0 175.0 410.0
192.0 52.0 200.0 51.0
272.0 434.0 283.0 433.0
378.0 175.0 389.0 172.0
207.0 349.0 218.0 347.0
279.0 375.0 292.0 372.0
285.0 225.0 294.0 222.0
378.0 176.0 389.0 172.0
200.0 34.0 208.0 32.0
301.0 292.0 310.0 291.0
137.0 507.0 148.0 506.0
147.0 75.0 156.0 73.0
201.0 378.0 212.0 378.0
230.0 52.0 239.0 50.0
219.0 295.0 228.0 294.0
280.0 376.0 292.0 372.0
202.0 379.0 212.0 378.0
220.0 330.0 229.0 329.0
147.0 73.0 155.0 73.0
223.0 422.0 233.0 421.0
394.0 87.0 405.0 81.0
272.0 433.0 283.0 433.0
245.0 297.0 255.0 297.0
378.0 174.0 389.0 172.0
134.0 485.0 145.0 487.0
146.0 73.0 155.0 73.0
220.0 329.0 229.0 329.0
213.0 246.0 222.0 246.0
348.0 171.0 360.0 166.0
233.0 159.0 241.0 157.0
250.0 405.0 260.0 406.0
209.0 349.0 218.0 347.0
220.0 331.0 229.0 329.0
166.0 393.0 177.0 392.0
300.0 291.0 310.0 290.0
393.0 186.0 405.0 182.0
200.0 33.0 208.0 32.0
246.0 299.0 255.0 297.0
393.0 187.0 405.0 182.0
135.0 486.0 145.0 487.0
323.0 162.0 334.0 159.0
31.0 357.0 42.0 357.0
231.0 158.0 241.0 156.0
422.0 50.0 433.0 44.0
280.0 375.0 292.0 372.0
364.0 29.0 374.0 24.0
219.0 331.0 229.0 329.0
378.0 173.0 389.0 172.0
249.0 406.0 260.0 406.0
218.0 294.0 228.0 294.0
208.0 350.0 218.0 347.0
201.0 34.0 209.0 32.0
59.0 344.0 72.0 345.0
246.0 297.0 256.0 297.0
208.0 349.0 218.0 347.0
330.0 195.0 338.0 192.0
300.0 292.0 310.0 290.0
84.0 429.0 96.0 430.0
246.0 298.0 255.0 297.0
231.0 52.0 239.0 50.0
201.0 33.0 208.0 32.0
301.0 291.0 310.0 290.0
281.0 375.0 292.0 372.0
34.0 554.0 46.0 554.0
329.0 195.0 338.0 192.0
36.0 330.0 47.0 332.0
35.0 331.0 47.0 332.0
219.0 329.0 229.0 329.0
218.0 295.0 228.0 294.0
299.0 292.0 310.0 290.0
55.0 293.0 65.0 294.0
219.0 330.0 229.0 329.0
315.0 189.0 324.0 186.0
147.0 74.0 156.0 73.0
139.0 444.0 150.0 444.0
422.0 51.0 433.0 45.0
301.0 293.0 310.0 291.0
148.0 154.0 159.0 154.0
346.0 138.0 357.0 133.0
250.0 214.0 254.0 217.0
314.0 189.0 324.0 186.0
18.0 508.0 31.0 509.0
365.0 29.0 374.0 24.0
33.0 554.0 46.0 554.0
274.0 245.0 283.0 242.0
324.0 162.0 334.0 159.0
19.0 507.0 31.0 509.0
347.0 138.0 357.0 133.0
33.0 555.0 46.0 554.0
324.0 161.0 335.0 158.0
316.0 189.0 325.0 187.0
120.0 501.0 131.0 502.0
423.0 50.0 433.0 44.0
36.0 331.0 47.0 332.0
37.0 330.0 47.0 332.0
149.0 154.0 158.0 154.0
278.0 268.0 288.0 265.0
316.0 188.0 324.0 186.0
138.0 444.0 150.0 444.0
34.0 553.0 46.0 554.0
37.0 331.0 47.0 332.0
247.0 298.0 256.0 297.0
300.0 293.0 310.0 291.0
85.0 429.0 97.0 430.0
119.0 501.0 131.0 502.0
35.0 330.0 47.0 332.0
250.0 215.0 254.0 217.0
18.0 507.0 31.0 509.0
422.0 52.0 433.0 45.0
149.0 155.0 159.0 154.0
247.0 299.0 256.0 297.0
58.0 344.0 72.0 345.0
315.0 188.0 324.0 186.0
318.0 151.0 325.0 147.0
33.0 553.0 46.0 554.0
278.0 269.0 288.0 265.0
325.0 133.0 334.0 129.0
298.0 499.0 305.0 499.0
299.0 293.0 310.0 290.0
19.0 326.0 30.0 330.0
59.0 343.0 72.0 345.0
120.0 502.0 131.0 502.0
19.0 508.0 31.0 509.0
84.0 428.0 97.0 429.0
86.0 429.0 98.0 430.0
19.0 325.0 30.0 330.0
150.0 154.0 158.0 154.0
423.0 51.0 434.0 45.0
201.0 379.0 212.0 378.0
279.0 267.0 288.0 265.0
247.0 297.0 256.0 297.0
58.0 343.0 72.0 345.0
149.0 153.0 158.0 154.0
277.0 268.0 288.0 265.0
317.0 150.0 325.0 147.0
297.0 499.0 305.0 499.0
279.0 268.0 289.0 266.0
345.0 138.0 357.0 133.0
278.0 267.0 288.0 265.0
316.0 151.0 325.0 147.0
314.0 188.0 324.0 186.0
125.0 132.0 111.0 191.0
317.0 151.0 325.0 147.0
150.0 153.0 158.0 154.0
235.0 236.0 245.0 235.0
235.0 237.0 245.0 235.0
299.0 499.0 305.0 499.0
85.0 428.0 97.0 429.0
316.0 150.0 325.0 147.0
117.0 152.0 125.0 155.0
326.0 133.0 334.0 129.0
51.0 54.0 58.0 56.0
149.0 152.0 158.0 154.0
236.0 236.0 245.0 234.0
467.0 330.0 472.0 330.0
50.0 55.0 58.0 56.0
466.0 330.0 472.0 330.0
51.0 55.0 58.0 56.0
125.0 133.0 111.0 191.0
235.0 235.0 245.0 234.0
124.0 132.0 111.0 191.0
331.0 358.0 350.0 356.0
124.0 133.0 111.0 191.0
39.0 571.0 53.0 574.0
125.0 134.0 111.0 191.0
434.0 364.0 442.0 362.0
124.0 134.0 111.0 191.0
330.0 358.0 350.0 356.0
5.0 634.0 18.0 636.0
4.0 634.0 18.0 636.0
5.0 633.0 18.0 636.0
6.0 634.0 18.0 636.0
39.0 570.0 53.0 574.0
5.0 635.0 18.0 636.0
229.0 307.0 236.0 311.0
4.0 635.0 18.0 636.0
58.0 423.0 63.0 427.0
435.0 365.0 448.0 362.0
434.0 365.0 448.0 362.0
435.0 364.0 448.0 362.0
59.0 423.0 63.0 428.0
436.0 365.0 448.0 362.0
59.0 424.0 63.0 428.0
436.0 364.0 448.0 362.0
389.0 102.0 405.0 82.0
388.0 103.0 405.0 82.0
459.0 332.0 472.0 330.0
389.0 103.0 405.0 82.0
391.0 103.0 406.0 82.0
458.0 332.0 472.0 330.0
69.0 269.0 91.0 239.0
68.0 270.0 91.0 239.0
68.0 269.0 91.0 239.0
390.0 103.0 405.0 82.0
