412.0 189.0 414.0 173.0
413.0 189.0 414.0 173.0
302.0 229.0 301.0 208.0
412.0 190.0 414.0 173.0
409.0 318.0 404.0 299.0
292.0 180.0 293.0 159.0
420.0 177.0 422.0 159.0
409.0 317.0 405.0 299.0
303.0 229.0 301.0 208.0
412.0 192.0 413.0 174.0
413.0 192.0 415.0 175.0
414.0 190.0 415.0 172.0
249.0 93.0 251.0 69.0
302.0 228.0 301.0 208.0
413.0 190.0 415.0 172.0
412.0 191.0 414.0 173.0
410.0 318.0 405.0 299.0
276.0 260.0 275.0 239.0
303.0 230.0 301.0 208.0
197.0 548.0 189.0 520.0
421.0 176.0 422.0 159.0
414.0 191.0 414.0 174.0
421.0 177.0 422.0 159.0
303.0 228.0 301.0 208.0
249.0 94.0 251.0 69.0
406.0 174.0 408.0 156.0
235.0 364.0 230.0 340.0
413.0 191.0 414.0 174.0
236.0 256.0 234.0 235.0
181.0 304.0 179.0 277.0
175.0 139.0 175.0 113.0
277.0 260.0 275.0 239.0
407.0 174.0 410.0 157.0
292.0 181.0 293.0 159.0
250.0 96.0 251.0 71.0
407.0 173.0 408.0 156.0
249.0 95.0 252.0 70.0
293.0 180.0 293.0 159.0
164.0 93.0 165.0 64.0
248.0 94.0 251.0 69.0
179.0 235.0 178.0 208.0
329.0 350.0 325.0 328.0
174.0 138.0 175.0 112.0
406.0 175.0 408.0 156.0
249.0 96.0 251.0 71.0
293.0 181.0 293.0 159.0
248.0 93.0 251.0 69.0
170.0 463.0 164.0 439.0
293.0 182.0 294.0 160.0
169.0 462.0 164.0 439.0
302.0 230.0 301.0 208.0
421.0 175.0 424.0 159.0
236.0 258.0 235.0 235.0
407.0 175.0 409.0 158.0
294.0 182.0 294.0 160.0
205.0 390.0 198.0 365.0
153.0 395.0 147.0 369.0
169.0 463.0 164.0 439.0
182.0 304.0 179.0 277.0
175.0 138.0 175.0 112.0
235.0 257.0 234.0 235.0
422.0 177.0 422.0 159.0
292.0 182.0 293.0 159.0
420.0 176.0 422.0 159.0
234.0 364.0 230.0 340.0
329.0 349.0 325.0 328.0
236.0 363.0 230.0 341.0
182.0 303.0 179.0 277.0
329.0 348.0 324.0 328.0
236.0 257.0 234.0 235.0
197.0 549.0 189.0 520.0
237.0 258.0 235.0 235.0
127.0 161.0 127.0 134.0
264.0 118.0 267.0 95.0
270.0 225.0 270.0 205.0
276.0 259.0 275.0 238.0
235.0 258.0 234.0 235.0
302.0 558.0 290.0 530.0
236.0 364.0 230.0 341.0
196.0 549.0 189.0 520.0
160.0 258.0 158.0 233.0
174.0 137.0 175.0 112.0
408.0 175.0 409.0 158.0
164.0 92.0 165.0 63.0
294.0 181.0 293.0 159.0
250.0 94.0 251.0 69.0
224.0 258.0 223.0 234.0
250.0 95.0 252.0 70.0
170.0 462.0 164.0 439.0
408.0 174.0 409.0 158.0
128.0 163.0 127.0 134.0
328.0 348.0 324.0 326.0
248.0 95.0 251.0 71.0
163.0 92.0 165.0 64.0
170.0 461.0 164.0 439.0
197.0 550.0 189.0 520.0
179.0 234.0 178.0 208.0
120.0 137.0 119.0 109.0
224.0 259.0 223.0 234.0
264.0 138.0 267.0 114.0
140.0 258.0 138.0 234.0
422.0 175.0 424.0 158.0
309.0 351.0 305.0 329.0
198.0 549.0 189.0 520.0
309.0 350.0 305.0 329.0
127.0 162.0 127.0 134.0
175.0 137.0 176.0 111.0
234.0 363.0 230.0 340.0
235.0 363.0 231.0 340.0
277.0 259.0 276.0 238.0
124.0 355.0 118.0 330.0
222.0 381.0 217.0 356.0
235.0 362.0 231.0 340.0
222.0 380.0 217.0 356.0
234.0 362.0 231.0 340.0
187.0 260.0 185.0 235.0
310.0 351.0 305.0 329.0
124.0 356.0 120.0 331.0
277.0 258.0 275.0 237.0
127.0 163.0 127.0 135.0
328.0 347.0 324.0 326.0
136.0 178.0 134.0 152.0
175.0 136.0 176.0 111.0
128.0 162.0 127.0 134.0
77.0 565.0 68.0 535.0
152.0 395.0 147.0 368.0
329.0 347.0 324.0 326.0
76.0 565.0 68.0 535.0
152.0 394.0 147.0 368.0
120.0 136.0 119.0 109.0
243.0 577.0 233.0 549.0
182.0 302.0 178.0 277.0
235.0 361.0 231.0 340.0
142.0 259.0 139.0 234.0
100.0 227.0 96.0 202.0
422.0 176.0 424.0 158.0
181.0 303.0 178.0 277.0
303.0 557.0 292.0 530.0
141.0 260.0 139.0 233.0
263.0 118.0 267.0 95.0
302.0 557.0 290.0 530.0
125.0 357.0 120.0 331.0
82.0 205.0 80.0 179.0
120.0 135.0 119.0 109.0
204.0 391.0 198.0 366.0
276.0 258.0 275.0 238.0
141.0 259.0 138.0 234.0
169.0 461.0 164.0 439.0
78.0 564.0 68.0 535.0
310.0 352.0 305.0 329.0
407.0 176.0 409.0 158.0
78.0 565.0 68.0 535.0
188.0 261.0 185.0 235.0
125.0 355.0 120.0 331.0
301.0 557.0 290.0 530.0
264.0 137.0 267.0 114.0
205.0 391.0 198.0 366.0
128.0 161.0 127.0 134.0
204.0 392.0 198.0 366.0
124.0 357.0 120.0 331.0
121.0 136.0 119.0 109.0
141.0 258.0 138.0 234.0
126.0 356.0 120.0 331.0
204.0 390.0 198.0 365.0
181.0 302.0 178.0 277.0
159.0 258.0 157.0 232.0
278.0 528.0 268.0 501.0
406.0 176.0 409.0 158.0
302.0 556.0 292.0 530.0
243.0 292.0 241.0 272.0
222.0 382.0 217.0 356.0
21.0 341.0 15.0 311.0
142.0 258.0 139.0 234.0
188.0 260.0 185.0 235.0
46.0 567.0 38.0 536.0
125.0 356.0 120.0 331.0
310.0 350.0 305.0 329.0
159.0 256.0 157.0 232.0
220.0 326.0 217.0 302.0
125.0 358.0 120.0 331.0
189.0 260.0 186.0 235.0
243.0 291.0 241.0 272.0
152.0 396.0 147.0 369.0
77.0 564.0 68.0 535.0
311.0 351.0 305.0 329.0
126.0 357.0 120.0 331.0
141.0 257.0 140.0 232.0
242.0 576.0 233.0 549.0
151.0 395.0 147.0 368.0
44.0 567.0 37.0 535.0
151.0 394.0 147.0 368.0
159.0 257.0 157.0 232.0
221.0 325.0 218.0 303.0
189.0 261.0 186.0 235.0
181.0 388.0 177.0 363.0
301.0 556.0 290.0 530.0
46.0 568.0 38.0 536.0
220.0 325.0 217.0 301.0
311.0 352.0 305.0 329.0
44.0 568.0 37.0 535.0
203.0 389.0 198.0 365.0
182.0 388.0 177.0 363.0
43.0 568.0 37.0 535.0
243.0 576.0 233.0 549.0
221.0 324.0 218.0 300.0
310.0 349.0 305.0 329.0
203.0 319.0 200.0 294.0
278.0 527.0 268.0 501.0
222.0 326.0 218.0 303.0
76.0 264.0 73.0 237.0
222.0 325.0 218.0 303.0
203.0 390.0 198.0 366.0
45.0 568.0 38.0 536.0
124.0 315.0 121.0 289.0
45.0 567.0 37.0 535.0
101.0 227.0 98.0 202.0
221.0 326.0 217.0 301.0
187.0 261.0 185.0 235.0
83.0 205.0 80.0 179.0
220.0 324.0 217.0 300.0
183.0 389.0 177.0 363.0
311.0 332.0 306.0 309.0
124.0 314.0 121.0 289.0
242.0 292.0 241.0 272.0
203.0 391.0 198.0 366.0
228.0 500.0 221.0 475.0
76.0 263.0 73.0 237.0
312.0 332.0 306.0 309.0
99.0 323.0 94.0 302.0
43.0 567.0 37.0 535.0
203.0 320.0 200.0 294.0
183.0 388.0 177.0 363.0
204.0 319.0 200.0 294.0
228.0 501.0 221.0 475.0
311.0 331.0 306.0 309.0
125.0 314.0 121.0 289.0
76.0 262.0 73.0 237.0
312.0 331.0 306.0 309.0
182.0 389.0 177.0 363.0
101.0 228.0 98.0 202.0
311.0 330.0 306.0 309.0
311.0 350.0 305.0 329.0
124.0 313.0 121.0 289.0
100.0 228.0 96.0 202.0
181.0 389.0 176.0 364.0
256.0 529.0 247.0 502.0
312.0 330.0 306.0 309.0
125.0 315.0 122.0 289.0
125.0 313.0 121.0 289.0
256.0 528.0 247.0 502.0
279.0 528.0 268.0 501.0
205.0 320.0 200.0 294.0
183.0 390.0 177.0 363.0
255.0 528.0 247.0 502.0
182.0 390.0 177.0 363.0
279.0 527.0 268.0 501.0
205.0 321.0 200.0 296.0
255.0 529.0 247.0 502.0
110.0 177.0 108.0 148.0
204.0 320.0 200.0 294.0
255.0 527.0 247.0 502.0
204.0 321.0 200.0 296.0
278.0 526.0 268.0 501.0
79.0 586.0 70.0 554.0
235.0 274.0 232.0 254.0
235.0 273.0 232.0 254.0
255.0 526.0 247.0 502.0
314.0 169.0 315.0 147.0
75.0 264.0 73.0 237.0
233.0 545.0 223.0 518.0
254.0 527.0 247.0 502.0
229.0 500.0 221.0 476.0
285.0 503.0 275.0 478.0
256.0 527.0 247.0 502.0
125.0 312.0 121.0 289.0
232.0 545.0 223.0 518.0
279.0 526.0 268.0 501.0
231.0 545.0 223.0 518.0
75.0 262.0 73.0 237.0
229.0 501.0 221.0 475.0
116.0 253.0 113.0 230.0
232.0 546.0 223.0 519.0
254.0 528.0 247.0 502.0
284.0 503.0 275.0 478.0
232.0 544.0 223.0 518.0
124.0 312.0 121.0 289.0
314.0 168.0 315.0 147.0
245.0 70.0 248.0 44.0
75.0 261.0 73.0 237.0
231.0 546.0 223.0 519.0
244.0 70.0 248.0 44.0
231.0 544.0 223.0 518.0
107.0 333.0 95.0 305.0
75.0 263.0 73.0 237.0
115.0 253.0 113.0 230.0
256.0 526.0 245.0 492.0
245.0 69.0 248.0 44.0
106.0 335.0 95.0 305.0
244.0 69.0 248.0 44.0
107.0 334.0 95.0 305.0
106.0 334.0 95.0 305.0
116.0 252.0 113.0 230.0
107.0 335.0 95.0 305.0
276.0 251.0 275.0 237.0
115.0 252.0 113.0 230.0
106.0 333.0 95.0 305.0
74.0 262.0 73.0 237.0
119.0 221.0 121.0 189.0
171.0 254.0 171.0 222.0
170.0 254.0 171.0 222.0
276.0 250.0 275.0 237.0
171.0 255.0 171.0 222.0
119.0 222.0 121.0 189.0
10.0 339.0 14.0 310.0
377.0 279.0 372.0 254.0
118.0 222.0 121.0 189.0
171.0 256.0 171.0 222.0
431.0 120.0 431.0 109.0
192.0 625.0 181.0 595.0
431.0 118.0 431.0 109.0
51.0 638.0 38.0 613.0
193.0 627.0 181.0 595.0
189.0 124.0 183.0 90.0
86.0 571.0 68.0 535.0
193.0 626.0 181.0 595.0
192.0 626.0 181.0 595.0
189.0 125.0 183.0 90.0
155.0 219.0 155.0 184.0
191.0 626.0 181.0 595.0
290.0 294.0 287.0 253.0
20.0 604.0 10.0 564.0
156.0 219.0 155.0 184.0
189.0 126.0 182.0 91.0
430.0 299.0 426.0 266.0
431.0 119.0 431.0 109.0
155.0 220.0 155.0 184.0
156.0 220.0 155.0 184.0
50.0 620.0 37.0 612.0
192.0 627.0 181.0 595.0
432.0 119.0 431.0 109.0
432.0 118.0 431.0 109.0
51.0 619.0 37.0 612.0
100.0 613.0 90.0 581.0
50.0 619.0 37.0 612.0
100.0 614.0 91.0 581.0
193.0 628.0 181.0 595.0
192.0 628.0 181.0 595.0
157.0 220.0 155.0 184.0
193.0 629.0 181.0 595.0
51.0 618.0 37.0 612.0
49.0 619.0 37.0 612.0
156.0 221.0 155.0 184.0
431.0 298.0 426.0 266.0
50.0 618.0 37.0 612.0
49.0 618.0 37.0 612.0
119.0 204.0 121.0 189.0
431.0 299.0 426.0 266.0
432.0 298.0 426.0 266.0
432.0 299.0 426.0 266.0
157.0 221.0 155.0 184.0
134.0 603.0 125.0 572.0
119.0 618.0 110.0 589.0
119.0 203.0 121.0 189.0
120.0 620.0 110.0 589.0
23.0 326.0 15.0 309.0
120.0 619.0 110.0 589.0
