379.0 254.0 374.0 249.0
378.0 254.0 373.0 249.0
378.0 253.0 374.0 249.0
377.0 253.0 374.0 250.0
379.0 253.0 374.0 249.0
377.0 254.0 374.0 250.0
282.0 95.0 282.0 90.0
404.0 229.0 402.0 226.0
349.0 141.0 349.0 138.0
154.0 148.0 154.0 142.0
405.0 229.0 402.0 226.0
404.0 228.0 402.0 226.0
398.0 160.0 397.0 158.0
457.0 189.0 455.0 186.0
295.0 270.0 291.0 264.0
335.0 176.0 333.0 171.0
295.0 269.0 291.0 264.0
282.0 96.0 282.0 91.0
456.0 188.0 455.0 186.0
154.0 149.0 154.0 142.0
222.0 266.0 218.0 260.0
456.0 189.0 455.0 186.0
175.0 152.0 176.0 145.0
334.0 176.0 333.0 171.0
457.0 187.0 456.0 185.0
368.0 191.0 367.0 189.0
176.0 151.0 176.0 145.0
155.0 149.0 154.0 142.0
222.0 267.0 218.0 260.0
456.0 187.0 456.0 185.0
174.0 151.0 173.0 145.0
457.0 188.0 455.0 186.0
294.0 270.0 290.0 264.0
305.0 80.0 305.0 75.0
398.0 161.0 397.0 158.0
177.0 151.0 176.0 145.0
155.0 148.0 154.0 142.0
293.0 269.0 290.0 264.0
94.0 550.0 85.0 543.0
95.0 550.0 85.0 543.0
175.0 151.0 176.0 145.0
306.0 79.0 305.0 73.0
242.0 449.0 236.0 443.0
293.0 115.0 293.0 110.0
281.0 96.0 281.0 91.0
304.0 80.0 304.0 75.0
439.0 216.0 437.0 213.0
89.0 244.0 85.0 236.0
94.0 219.0 89.0 212.0
294.0 115.0 293.0 110.0
95.0 218.0 89.0 212.0
396.0 161.0 396.0 158.0
294.0 268.0 291.0 263.0
95.0 219.0 89.0 212.0
305.0 79.0 305.0 75.0
294.0 269.0 290.0 264.0
236.0 160.0 234.0 154.0
94.0 218.0 89.0 212.0
255.0 167.0 253.0 161.0
237.0 160.0 234.0 154.0
250.0 37.0 249.0 33.0
438.0 216.0 437.0 213.0
420.0 45.0 419.0 41.0
190.0 287.0 185.0 279.0
290.0 212.0 287.0 207.0
293.0 116.0 293.0 110.0
90.0 243.0 85.0 236.0
396.0 160.0 396.0 158.0
94.0 551.0 85.0 543.0
397.0 160.0 397.0 158.0
37.0 225.0 33.0 218.0
216.0 63.0 216.0 58.0
189.0 286.0 185.0 279.0
292.0 115.0 292.0 110.0
236.0 161.0 234.0 154.0
36.0 225.0 33.0 218.0
255.0 166.0 253.0 159.0
211.0 182.0 209.0 175.0
304.0 79.0 304.0 74.0
95.0 551.0 85.0 543.0
422.0 45.0 420.0 40.0
65.0 444.0 59.0 434.0
255.0 168.0 253.0 161.0
68.0 540.0 60.0 531.0
38.0 225.0 33.0 218.0
161.0 110.0 160.0 102.0
145.0 282.0 141.0 274.0
283.0 96.0 282.0 90.0
282.0 97.0 282.0 91.0
74.0 58.0 74.0 50.0
216.0 62.0 216.0 58.0
281.0 251.0 276.0 244.0
243.0 449.0 236.0 443.0
283.0 97.0 282.0 91.0
155.0 204.0 151.0 196.0
469.0 213.0 467.0 211.0
95.0 552.0 85.0 543.0
242.0 450.0 236.0 443.0
237.0 161.0 234.0 154.0
189.0 287.0 185.0 279.0
90.0 245.0 85.0 237.0
421.0 45.0 420.0 40.0
190.0 286.0 185.0 279.0
469.0 212.0 467.0 211.0
294.0 116.0 293.0 110.0
235.0 161.0 234.0 154.0
236.0 162.0 234.0 155.0
397.0 161.0 397.0 158.0
254.0 166.0 253.0 159.0
91.0 244.0 86.0 237.0
216.0 64.0 216.0 58.0
155.0 205.0 151.0 196.0
249.0 37.0 249.0 33.0
399.0 117.0 399.0 115.0
74.0 59.0 74.0 51.0
274.0 581.0 263.0 571.0
273.0 581.0 263.0 571.0
199.0 15.0 200.0 9.0
290.0 213.0 287.0 207.0
68.0 539.0 60.0 531.0
94.0 552.0 85.0 544.0
93.0 551.0 85.0 543.0
256.0 167.0 253.0 161.0
90.0 244.0 85.0 237.0
237.0 162.0 234.0 155.0
91.0 245.0 86.0 237.0
65.0 116.0 63.0 110.0
254.0 167.0 253.0 161.0
215.0 62.0 216.0 58.0
161.0 109.0 160.0 102.0
36.0 224.0 32.0 217.0
273.0 582.0 263.0 572.0
215.0 64.0 216.0 58.0
211.0 183.0 209.0 175.0
67.0 539.0 60.0 531.0
36.0 177.0 32.0 172.0
292.0 116.0 292.0 110.0
244.0 450.0 236.0 443.0
470.0 212.0 467.0 211.0
139.0 108.0 138.0 100.0
200.0 14.0 200.0 9.0
201.0 15.0 200.0 9.0
243.0 450.0 236.0 443.0
470.0 213.0 467.0 211.0
249.0 38.0 249.0 33.0
142.0 59.0 142.0 53.0
288.0 130.0 287.0 125.0
146.0 282.0 141.0 274.0
291.0 212.0 287.0 207.0
36.0 223.0 32.0 215.0
250.0 38.0 249.0 33.0
398.0 117.0 398.0 115.0
154.0 205.0 151.0 196.0
78.0 110.0 76.0 102.0
75.0 58.0 74.0 50.0
251.0 38.0 250.0 32.0
95.0 52.0 95.0 47.0
135.0 156.0 133.0 146.0
75.0 59.0 74.0 51.0
212.0 475.0 205.0 466.0
212.0 182.0 209.0 175.0
136.0 156.0 133.0 148.0
37.0 224.0 32.0 217.0
471.0 213.0 467.0 211.0
35.0 177.0 32.0 172.0
251.0 37.0 250.0 32.0
421.0 46.0 419.0 41.0
250.0 39.0 249.0 33.0
256.0 166.0 253.0 159.0
471.0 212.0 467.0 211.0
114.0 197.0 110.0 189.0
218.0 160.0 214.0 153.0
64.0 443.0 59.0 434.0
154.0 204.0 151.0 196.0
200.0 15.0 200.0 9.0
135.0 155.0 133.0 146.0
67.0 538.0 59.0 530.0
169.0 33.0 169.0 27.0
455.0 240.0 453.0 238.0
199.0 16.0 200.0 9.0
114.0 198.0 110.0 189.0
64.0 444.0 59.0 434.0
217.0 159.0 214.0 153.0
153.0 204.0 151.0 196.0
109.0 144.0 106.0 137.0
140.0 108.0 138.0 101.0
139.0 109.0 138.0 101.0
145.0 281.0 141.0 274.0
200.0 16.0 200.0 9.0
94.0 52.0 94.0 47.0
37.0 223.0 32.0 215.0
17.0 191.0 13.0 183.0
36.0 179.0 32.0 172.0
288.0 131.0 287.0 125.0
146.0 281.0 141.0 274.0
173.0 294.0 169.0 288.0
289.0 131.0 287.0 125.0
216.0 159.0 214.0 153.0
331.0 69.0 332.0 65.0
456.0 240.0 453.0 238.0
153.0 205.0 151.0 196.0
216.0 311.0 213.0 306.0
218.0 159.0 214.0 153.0
109.0 143.0 106.0 135.0
95.0 53.0 95.0 47.0
201.0 16.0 200.0 9.0
274.0 582.0 263.0 571.0
168.0 33.0 169.0 27.0
36.0 178.0 32.0 172.0
136.0 154.0 133.0 148.0
35.0 179.0 32.0 172.0
212.0 183.0 209.0 175.0
136.0 155.0 133.0 148.0
65.0 443.0 59.0 434.0
16.0 191.0 13.0 183.0
76.0 58.0 75.0 50.0
96.0 615.0 86.0 605.0
35.0 178.0 32.0 172.0
216.0 312.0 213.0 306.0
217.0 160.0 214.0 153.0
280.0 251.0 276.0 244.0
202.0 275.0 198.0 269.0
262.0 112.0 261.0 106.0
170.0 33.0 169.0 27.0
332.0 69.0 332.0 65.0
456.0 241.0 453.0 238.0
158.0 540.0 148.0 531.0
262.0 113.0 261.0 106.0
96.0 616.0 86.0 605.0
66.0 443.0 59.0 434.0
262.0 111.0 261.0 106.0
202.0 276.0 198.0 269.0
18.0 192.0 13.0 183.0
65.0 442.0 59.0 433.0
94.0 53.0 95.0 47.0
201.0 276.0 198.0 269.0
17.0 192.0 13.0 183.0
135.0 154.0 133.0 148.0
168.0 32.0 169.0 27.0
288.0 132.0 287.0 125.0
18.0 191.0 13.0 183.0
140.0 107.0 138.0 100.0
68.0 538.0 59.0 530.0
172.0 294.0 167.0 287.0
332.0 70.0 332.0 65.0
287.0 131.0 287.0 125.0
64.0 442.0 59.0 433.0
331.0 70.0 332.0 65.0
95.0 54.0 95.0 47.0
64.0 117.0 63.0 110.0
166.0 409.0 159.0 401.0
65.0 117.0 63.0 110.0
158.0 539.0 148.0 529.0
263.0 111.0 261.0 106.0
78.0 109.0 76.0 102.0
201.0 275.0 198.0 269.0
30.0 208.0 26.0 198.0
18.0 190.0 13.0 183.0
192.0 226.0 188.0 220.0
170.0 32.0 169.0 27.0
158.0 522.0 149.0 513.0
19.0 191.0 13.0 183.0
333.0 70.0 332.0 65.0
151.0 20.0 150.0 15.0
263.0 112.0 261.0 106.0
169.0 32.0 169.0 27.0
193.0 226.0 190.0 220.0
172.0 295.0 169.0 288.0
116.0 562.0 108.0 554.0
171.0 294.0 167.0 287.0
28.0 207.0 26.0 198.0
79.0 109.0 76.0 102.0
157.0 540.0 148.0 529.0
116.0 561.0 108.0 554.0
54.0 231.0 50.0 223.0
29.0 207.0 26.0 198.0
196.0 484.0 188.0 476.0
139.0 107.0 138.0 100.0
52.0 231.0 49.0 223.0
17.0 190.0 13.0 183.0
79.0 110.0 76.0 102.0
156.0 539.0 148.0 529.0
69.0 142.0 65.0 134.0
184.0 21.0 185.0 16.0
167.0 408.0 159.0 401.0
169.0 31.0 169.0 27.0
192.0 227.0 188.0 220.0
181.0 395.0 175.0 392.0
150.0 21.0 150.0 15.0
167.0 410.0 159.0 401.0
173.0 218.0 169.0 213.0
53.0 231.0 49.0 223.0
181.0 396.0 174.0 392.0
30.0 465.0 23.0 460.0
151.0 21.0 150.0 15.0
66.0 117.0 63.0 110.0
158.0 521.0 148.0 513.0
167.0 409.0 159.0 401.0
31.0 465.0 23.0 458.0
80.0 110.0 77.0 102.0
173.0 295.0 169.0 288.0
117.0 562.0 108.0 554.0
172.0 217.0 169.0 212.0
29.0 208.0 26.0 198.0
110.0 144.0 106.0 137.0
6.0 158.0 2.0 150.0
157.0 521.0 148.0 513.0
157.0 539.0 148.0 529.0
198.0 502.0 190.0 494.0
106.0 449.0 98.0 440.0
193.0 227.0 190.0 220.0
66.0 93.0 65.0 85.0
287.0 132.0 287.0 125.0
7.0 158.0 2.0 150.0
107.0 448.0 98.0 440.0
5.0 158.0 2.0 150.0
151.0 22.0 150.0 15.0
117.0 561.0 108.0 554.0
182.0 395.0 175.0 392.0
65.0 118.0 63.0 110.0
172.0 216.0 169.0 212.0
30.0 209.0 25.0 200.0
28.0 208.0 26.0 198.0
29.0 465.0 23.0 460.0
69.0 141.0 65.0 134.0
66.0 118.0 63.0 110.0
171.0 217.0 169.0 212.0
29.0 464.0 23.0 460.0
53.0 171.0 50.0 163.0
30.0 464.0 23.0 460.0
183.0 22.0 185.0 16.0
106.0 448.0 98.0 440.0
129.0 548.0 120.0 539.0
198.0 503.0 190.0 494.0
168.0 31.0 169.0 27.0
54.0 171.0 50.0 163.0
224.0 232.0 222.0 218.0
5.0 157.0 2.0 150.0
150.0 22.0 150.0 15.0
89.0 596.0 80.0 588.0
184.0 22.0 185.0 16.0
184.0 23.0 185.0 16.0
6.0 157.0 2.0 150.0
30.0 440.0 24.0 430.0
171.0 216.0 169.0 212.0
7.0 157.0 2.0 150.0
28.0 209.0 26.0 199.0
344.0 193.0 333.0 171.0
343.0 193.0 333.0 171.0
372.0 149.0 375.0 153.0
29.0 209.0 25.0 200.0
343.0 194.0 333.0 171.0
80.0 109.0 77.0 102.0
245.0 219.0 242.0 213.0
30.0 439.0 24.0 430.0
53.0 170.0 50.0 163.0
199.0 503.0 190.0 494.0
245.0 218.0 242.0 213.0
54.0 170.0 50.0 163.0
244.0 219.0 242.0 213.0
28.0 464.0 23.0 460.0
106.0 447.0 98.0 440.0
61.0 234.0 49.0 223.0
16.0 570.0 6.0 563.0
3.0 628.0 12.0 615.0
52.0 170.0 50.0 163.0
61.0 233.0 49.0 223.0
29.0 439.0 24.0 430.0
244.0 218.0 242.0 213.0
128.0 548.0 119.0 539.0
45.0 512.0 36.0 503.0
344.0 194.0 333.0 171.0
129.0 549.0 120.0 539.0
29.0 440.0 24.0 430.0
62.0 234.0 50.0 223.0
17.0 570.0 6.0 563.0
88.0 596.0 80.0 588.0
127.0 548.0 119.0 539.0
128.0 549.0 120.0 539.0
62.0 233.0 49.0 222.0
15.0 569.0 6.0 563.0
44.0 511.0 36.0 503.0
221.0 223.0 222.0 218.0
44.0 512.0 36.0 503.0
45.0 511.0 36.0 503.0
244.0 209.0 243.0 196.0
53.0 169.0 50.0 163.0
217.0 207.0 215.0 202.0
216.0 207.0 215.0 202.0
16.0 569.0 6.0 563.0
371.0 148.0 375.0 153.0
388.0 155.0 395.0 157.0
189.0 207.0 181.0 191.0
218.0 207.0 215.0 202.0
89.0 597.0 80.0 588.0
371.0 149.0 375.0 153.0
217.0 206.0 215.0 202.0
220.0 223.0 222.0 218.0
284.0 139.0 287.0 125.0
218.0 206.0 215.0 202.0
135.0 393.0 129.0 368.0
81.0 38.0 88.0 20.0
190.0 207.0 181.0 191.0
189.0 208.0 181.0 191.0
134.0 392.0 129.0 368.0
220.0 222.0 222.0 218.0
134.0 393.0 129.0 368.0
183.0 190.0 181.0 191.0
113.0 186.0 110.0 189.0
219.0 223.0 215.0 202.0
370.0 149.0 375.0 153.0
41.0 490.0 39.0 478.0
88.0 597.0 80.0 588.0
113.0 185.0 110.0 189.0
112.0 186.0 110.0 189.0
112.0 185.0 110.0 189.0
370.0 148.0 375.0 153.0
40.0 490.0 39.0 478.0
17.0 139.0 2.0 150.0
166.0 452.0 154.0 456.0
77.0 230.0 66.0 216.0
78.0 230.0 66.0 216.0
16.0 139.0 2.0 150.0
17.0 140.0 2.0 150.0
121.0 201.0 110.0 189.0
162.0 339.0 149.0 328.0
121.0 202.0 110.0 189.0
