225.0 445.0 209.0 428.0
359.0 199.0 344.0 183.0
318.0 299.0 302.0 283.0
206.0 442.0 189.0 424.0
206.0 441.0 189.0 424.0
207.0 441.0 191.0 424.0
226.0 446.0 209.0 428.0
360.0 200.0 345.0 183.0
358.0 198.0 345.0 182.0
359.0 198.0 345.0 182.0
226.0 370.0 211.0 354.0
207.0 440.0 191.0 424.0
226.0 445.0 209.0 428.0
121.0 143.0 105.0 123.0
243.0 401.0 227.0 384.0
256.0 426.0 240.0 409.0
205.0 441.0 189.0 424.0
320.0 299.0 304.0 283.0
318.0 298.0 302.0 283.0
161.0 219.0 145.0 199.0
279.0 437.0 263.0 419.0
360.0 199.0 345.0 183.0
244.0 401.0 228.0 385.0
398.0 412.0 380.0 394.0
159.0 219.0 144.0 197.0
243.0 400.0 227.0 383.0
160.0 218.0 144.0 197.0
358.0 197.0 345.0 182.0
121.0 142.0 105.0 123.0
242.0 400.0 227.0 383.0
121.0 144.0 105.0 124.0
159.0 218.0 144.0 197.0
160.0 219.0 144.0 197.0
338.0 334.0 323.0 318.0
227.0 369.0 211.0 354.0
205.0 440.0 189.0 424.0
361.0 200.0 345.0 183.0
229.0 298.0 214.0 281.0
399.0 412.0 381.0 395.0
187.0 503.0 169.0 484.0
339.0 334.0 323.0 318.0
227.0 446.0 210.0 429.0
259.0 347.0 243.0 330.0
298.0 259.0 283.0 243.0
243.0 399.0 227.0 383.0
292.0 255.0 278.0 239.0
279.0 436.0 263.0 419.0
228.0 446.0 211.0 428.0
278.0 437.0 262.0 420.0
361.0 199.0 345.0 183.0
399.0 413.0 381.0 395.0
256.0 425.0 240.0 409.0
226.0 369.0 211.0 354.0
160.0 217.0 144.0 197.0
279.0 438.0 263.0 421.0
159.0 217.0 144.0 197.0
206.0 440.0 189.0 424.0
161.0 218.0 144.0 198.0
339.0 333.0 323.0 318.0
186.0 503.0 169.0 484.0
319.0 300.0 303.0 284.0
307.0 109.0 295.0 91.0
187.0 504.0 169.0 484.0
337.0 333.0 321.0 317.0
244.0 400.0 227.0 384.0
187.0 502.0 169.0 484.0
292.0 256.0 278.0 240.0
270.0 327.0 255.0 312.0
272.0 306.0 257.0 291.0
308.0 109.0 295.0 91.0
257.0 426.0 240.0 409.0
319.0 299.0 303.0 283.0
305.0 461.0 288.0 443.0
305.0 460.0 288.0 443.0
227.0 445.0 211.0 429.0
330.0 462.0 311.0 445.0
186.0 502.0 169.0 484.0
227.0 447.0 210.0 429.0
273.0 306.0 258.0 291.0
400.0 412.0 381.0 395.0
85.0 257.0 68.0 239.0
228.0 445.0 211.0 428.0
230.0 298.0 215.0 281.0
399.0 411.0 380.0 393.0
270.0 328.0 255.0 312.0
308.0 108.0 295.0 91.0
120.0 143.0 105.0 123.0
412.0 399.0 394.0 382.0
229.0 297.0 214.0 281.0
340.0 334.0 323.0 318.0
183.0 149.0 167.0 130.0
319.0 298.0 303.0 283.0
196.0 330.0 179.0 312.0
304.0 216.0 290.0 200.0
280.0 438.0 263.0 421.0
271.0 307.0 256.0 291.0
110.0 585.0 91.0 567.0
291.0 255.0 278.0 239.0
223.0 555.0 205.0 535.0
360.0 198.0 345.0 182.0
260.0 347.0 243.0 330.0
244.0 399.0 227.0 383.0
91.0 320.0 74.0 302.0
226.0 444.0 209.0 428.0
117.0 235.0 100.0 218.0
257.0 425.0 240.0 409.0
278.0 438.0 263.0 421.0
160.0 220.0 144.0 198.0
329.0 462.0 311.0 445.0
338.0 333.0 322.0 317.0
272.0 308.0 257.0 291.0
109.0 584.0 90.0 566.0
292.0 257.0 278.0 240.0
398.0 413.0 381.0 395.0
307.0 108.0 295.0 91.0
240.0 521.0 222.0 504.0
320.0 188.0 306.0 172.0
182.0 149.0 167.0 130.0
230.0 297.0 215.0 281.0
183.0 150.0 167.0 130.0
331.0 462.0 311.0 445.0
118.0 236.0 102.0 219.0
307.0 107.0 295.0 91.0
320.0 187.0 306.0 172.0
120.0 142.0 105.0 123.0
205.0 439.0 189.0 423.0
280.0 437.0 263.0 421.0
321.0 188.0 307.0 172.0
117.0 236.0 100.0 218.0
306.0 459.0 288.0 443.0
305.0 215.0 290.0 200.0
159.0 220.0 144.0 197.0
231.0 298.0 215.0 281.0
304.0 460.0 288.0 443.0
362.0 200.0 345.0 183.0
308.0 107.0 295.0 91.0
309.0 108.0 295.0 91.0
248.0 479.0 231.0 460.0
321.0 189.0 307.0 173.0
227.0 444.0 210.0 428.0
206.0 439.0 189.0 424.0
274.0 308.0 258.0 292.0
401.0 412.0 381.0 395.0
225.0 369.0 210.0 354.0
120.0 141.0 105.0 123.0
108.0 584.0 90.0 566.0
84.0 255.0 68.0 239.0
109.0 585.0 90.0 566.0
84.0 257.0 68.0 239.0
273.0 307.0 258.0 292.0
400.0 411.0 381.0 395.0
85.0 256.0 68.0 239.0
272.0 307.0 257.0 291.0
222.0 556.0 205.0 536.0
240.0 522.0 222.0 505.0
400.0 413.0 381.0 395.0
92.0 320.0 75.0 301.0
305.0 216.0 290.0 200.0
91.0 321.0 74.0 302.0
223.0 556.0 205.0 536.0
323.0 108.0 311.0 91.0
197.0 330.0 179.0 312.0
195.0 331.0 179.0 312.0
324.0 108.0 311.0 91.0
91.0 319.0 74.0 302.0
413.0 400.0 394.0 382.0
121.0 141.0 105.0 123.0
85.0 255.0 68.0 239.0
240.0 523.0 222.0 505.0
196.0 331.0 179.0 312.0
291.0 256.0 278.0 239.0
93.0 320.0 76.0 301.0
259.0 346.0 243.0 330.0
321.0 187.0 306.0 172.0
91.0 318.0 75.0 301.0
332.0 462.0 313.0 445.0
338.0 332.0 322.0 317.0
319.0 188.0 306.0 172.0
260.0 348.0 243.0 330.0
108.0 586.0 89.0 567.0
305.0 459.0 288.0 443.0
306.0 460.0 288.0 443.0
84.0 256.0 68.0 239.0
271.0 306.0 256.0 291.0
92.0 321.0 75.0 304.0
92.0 319.0 75.0 301.0
323.0 109.0 311.0 91.0
182.0 150.0 167.0 130.0
2.0 229.0 2.0 213.0
222.0 555.0 205.0 535.0
273.0 308.0 258.0 292.0
303.0 90.0 290.0 72.0
285.0 278.0 272.0 263.0
224.0 554.0 205.0 535.0
249.0 479.0 231.0 460.0
271.0 327.0 255.0 312.0
241.0 522.0 222.0 505.0
241.0 521.0 222.0 505.0
323.0 110.0 311.0 91.0
330.0 463.0 311.0 445.0
223.0 554.0 205.0 535.0
118.0 235.0 100.0 218.0
248.0 480.0 231.0 460.0
323.0 107.0 311.0 90.0
92.0 317.0 75.0 301.0
322.0 108.0 310.0 91.0
222.0 554.0 205.0 535.0
270.0 326.0 255.0 312.0
224.0 555.0 205.0 535.0
322.0 109.0 311.0 92.0
306.0 215.0 290.0 200.0
114.0 159.0 98.0 139.0
306.0 461.0 289.0 444.0
306.0 216.0 290.0 200.0
332.0 463.0 313.0 445.0
379.0 363.0 361.0 347.0
183.0 151.0 167.0 130.0
115.0 159.0 99.0 139.0
293.0 470.0 275.0 452.0
197.0 331.0 179.0 312.0
414.0 400.0 394.0 382.0
109.0 586.0 91.0 566.0
121.0 140.0 105.0 123.0
422.0 335.0 403.0 319.0
108.0 585.0 90.0 566.0
320.0 189.0 306.0 173.0
113.0 159.0 98.0 139.0
331.0 463.0 311.0 445.0
189.0 130.0 174.0 107.0
116.0 236.0 100.0 218.0
181.0 149.0 167.0 130.0
304.0 459.0 288.0 443.0
324.0 109.0 311.0 91.0
92.0 318.0 75.0 301.0
303.0 89.0 290.0 72.0
380.0 362.0 362.0 346.0
86.0 256.0 69.0 239.0
114.0 160.0 98.0 140.0
241.0 523.0 222.0 505.0
305.0 458.0 288.0 443.0
379.0 362.0 362.0 346.0
286.0 277.0 272.0 263.0
224.0 556.0 205.0 536.0
249.0 480.0 231.0 460.0
412.0 423.0 391.0 405.0
115.0 160.0 99.0 139.0
248.0 481.0 231.0 461.0
253.0 587.0 233.0 566.0
302.0 90.0 289.0 72.0
249.0 481.0 231.0 460.0
253.0 586.0 233.0 566.0
412.0 422.0 391.0 405.0
196.0 332.0 179.0 312.0
270.0 325.0 255.0 312.0
271.0 326.0 255.0 312.0
181.0 150.0 167.0 130.0
252.0 586.0 233.0 566.0
129.0 197.0 114.0 180.0
130.0 197.0 115.0 179.0
294.0 471.0 277.0 453.0
197.0 332.0 179.0 312.0
69.0 312.0 53.0 293.0
96.0 155.0 80.0 136.0
252.0 585.0 233.0 564.0
251.0 585.0 231.0 564.0
250.0 481.0 231.0 460.0
380.0 363.0 362.0 347.0
113.0 160.0 98.0 140.0
411.0 423.0 391.0 405.0
250.0 479.0 231.0 460.0
181.0 287.0 169.0 275.0
174.0 547.0 157.0 530.0
171.0 511.0 151.0 492.0
253.0 585.0 233.0 564.0
268.0 465.0 252.0 445.0
189.0 131.0 174.0 107.0
348.0 540.0 325.0 521.0
285.0 277.0 272.0 263.0
69.0 311.0 53.0 293.0
182.0 151.0 167.0 130.0
251.0 584.0 231.0 564.0
252.0 584.0 233.0 564.0
412.0 424.0 391.0 405.0
413.0 423.0 391.0 405.0
250.0 480.0 231.0 460.0
346.0 541.0 324.0 521.0
347.0 541.0 325.0 521.0
147.0 477.0 131.0 458.0
348.0 541.0 325.0 521.0
138.0 583.0 122.0 564.0
268.0 466.0 252.0 445.0
147.0 476.0 131.0 458.0
68.0 310.0 52.0 292.0
285.0 276.0 271.0 263.0
271.0 325.0 255.0 312.0
148.0 476.0 131.0 458.0
346.0 540.0 324.0 521.0
69.0 310.0 52.0 292.0
370.0 590.0 348.0 569.0
68.0 311.0 53.0 293.0
147.0 475.0 131.0 458.0
347.0 540.0 324.0 521.0
182.0 286.0 169.0 275.0
348.0 539.0 325.0 521.0
148.0 474.0 131.0 458.0
139.0 583.0 122.0 564.0
189.0 132.0 174.0 107.0
371.0 591.0 348.0 569.0
148.0 475.0 131.0 458.0
369.0 590.0 347.0 568.0
370.0 592.0 348.0 569.0
347.0 539.0 324.0 521.0
370.0 591.0 348.0 569.0
346.0 539.0 324.0 521.0
147.0 474.0 131.0 458.0
181.0 286.0 169.0 275.0
180.0 286.0 169.0 275.0
190.0 132.0 174.0 107.0
21.0 233.0 2.0 213.0
21.0 234.0 2.0 213.0
388.0 24.0 376.0 5.0
172.0 511.0 151.0 492.0
389.0 24.0 376.0 5.0
369.0 591.0 348.0 569.0
368.0 591.0 347.0 568.0
387.0 24.0 376.0 5.0
387.0 23.0 376.0 5.0
368.0 590.0 347.0 568.0
172.0 512.0 151.0 492.0
181.0 285.0 169.0 275.0
388.0 23.0 376.0 5.0
386.0 24.0 376.0 5.0
369.0 592.0 348.0 569.0
18.0 469.0 18.0 407.0
19.0 469.0 18.0 407.0
19.0 468.0 18.0 407.0
328.0 49.0 315.0 32.0
327.0 49.0 315.0 32.0
29.0 438.0 18.0 407.0
12.0 491.0 2.0 452.0
11.0 492.0 2.0 452.0
12.0 492.0 2.0 453.0
29.0 439.0 18.0 407.0
326.0 50.0 315.0 32.0
462.0 566.0 453.0 537.0
20.0 468.0 18.0 407.0
11.0 491.0 2.0 452.0
459.0 566.0 453.0 537.0
460.0 566.0 453.0 537.0
460.0 565.0 437.0 543.0
461.0 565.0 453.0 537.0
12.0 490.0 2.0 452.0
11.0 490.0 2.0 452.0
461.0 567.0 453.0 537.0
10.0 491.0 11.0 424.0
461.0 566.0 453.0 537.0
29.0 440.0 18.0 407.0
328.0 50.0 315.0 32.0
329.0 50.0 315.0 32.0
327.0 50.0 315.0 32.0
460.0 567.0 453.0 537.0
327.0 51.0 315.0 32.0
449.0 541.0 428.0 520.0
450.0 542.0 428.0 520.0
272.0 472.0 248.0 456.0
263.0 631.0 242.0 607.0
126.0 210.0 106.0 206.0
272.0 473.0 248.0 456.0
10.0 490.0 11.0 424.0
328.0 51.0 315.0 32.0
450.0 541.0 428.0 520.0
329.0 51.0 315.0 32.0
263.0 632.0 242.0 607.0
262.0 632.0 242.0 607.0
343.0 628.0 322.0 607.0
60.0 241.0 51.0 224.0
451.0 541.0 428.0 521.0
59.0 241.0 42.0 223.0
262.0 631.0 242.0 607.0
58.0 242.0 42.0 223.0
342.0 628.0 322.0 607.0
58.0 241.0 42.0 223.0
127.0 210.0 106.0 206.0
59.0 242.0 42.0 223.0
60.0 242.0 51.0 225.0
209.0 52.0 196.0 31.0
451.0 542.0 428.0 521.0
210.0 52.0 196.0 31.0
210.0 53.0 196.0 31.0
137.0 545.0 118.0 536.0
209.0 53.0 196.0 31.0
136.0 545.0 118.0 536.0
323.0 629.0 299.0 605.0
57.0 349.0 41.0 333.0
57.0 350.0 41.0 333.0
322.0 629.0 299.0 605.0
322.0 628.0 299.0 605.0
321.0 629.0 301.0 607.0
57.0 351.0 41.0 333.0
56.0 349.0 41.0 333.0
211.0 54.0 196.0 31.0
321.0 628.0 299.0 605.0
211.0 53.0 196.0 31.0
56.0 350.0 41.0 333.0
56.0 351.0 41.0 333.0
135.0 544.0 118.0 536.0
347.0 31.0 316.0 30.0
137.0 544.0 118.0 536.0
346.0 31.0 316.0 31.0
136.0 544.0 118.0 536.0
344.0 318.0 323.0 316.0
347.0 30.0 316.0 30.0
346.0 30.0 316.0 31.0
136.0 543.0 118.0 536.0
135.0 543.0 118.0 536.0
343.0 318.0 323.0 316.0
342.0 318.0 322.0 316.0
