295.0 278.0 279.0 287.0
319.0 228.0 301.0 237.0
320.0 227.0 302.0 237.0
295.0 277.0 279.0 287.0
319.0 227.0 301.0 237.0
294.0 277.0 279.0 287.0
290.0 92.0 273.0 100.0
336.0 310.0 321.0 322.0
290.0 91.0 273.0 99.0
397.0 461.0 381.0 469.0
401.0 253.0 383.0 266.0
303.0 119.0 287.0 128.0
289.0 91.0 272.0 99.0
337.0 310.0 321.0 322.0
289.0 92.0 272.0 99.0
72.0 12.0 54.0 16.0
303.0 118.0 287.0 128.0
371.0 215.0 353.0 226.0
320.0 228.0 302.0 238.0
70.0 44.0 53.0 47.0
397.0 460.0 381.0 469.0
228.0 278.0 212.0 287.0
294.0 278.0 279.0 287.0
341.0 207.0 324.0 220.0
371.0 214.0 353.0 226.0
228.0 277.0 212.0 287.0
392.0 441.0 375.0 451.0
337.0 311.0 321.0 322.0
304.0 117.0 287.0 128.0
421.0 286.0 404.0 298.0
396.0 460.0 380.0 469.0
392.0 442.0 375.0 451.0
338.0 310.0 321.0 322.0
293.0 277.0 278.0 287.0
304.0 119.0 287.0 129.0
304.0 118.0 287.0 128.0
304.0 120.0 287.0 129.0
343.0 208.0 325.0 220.0
338.0 464.0 322.0 473.0
72.0 11.0 54.0 15.0
397.0 462.0 381.0 469.0
71.0 44.0 53.0 47.0
422.0 286.0 404.0 298.0
88.0 34.0 72.0 41.0
88.0 35.0 72.0 41.0
293.0 278.0 279.0 287.0
395.0 461.0 380.0 469.0
268.0 99.0 251.0 109.0
125.0 187.0 112.0 191.0
70.0 43.0 53.0 47.0
400.0 254.0 383.0 266.0
87.0 36.0 72.0 41.0
305.0 119.0 288.0 129.0
73.0 11.0 54.0 15.0
338.0 465.0 322.0 473.0
342.0 207.0 324.0 220.0
396.0 461.0 380.0 469.0
422.0 285.0 404.0 298.0
395.0 460.0 380.0 469.0
339.0 464.0 322.0 473.0
339.0 465.0 322.0 473.0
342.0 209.0 325.0 220.0
396.0 462.0 380.0 469.0
305.0 118.0 288.0 128.0
87.0 35.0 72.0 41.0
393.0 441.0 375.0 451.0
342.0 208.0 324.0 220.0
421.0 285.0 404.0 298.0
89.0 34.0 72.0 41.0
356.0 108.0 340.0 120.0
341.0 208.0 324.0 220.0
347.0 273.0 325.0 287.0
370.0 214.0 353.0 226.0
341.0 209.0 324.0 220.0
71.0 43.0 53.0 47.0
88.0 51.0 72.0 57.0
292.0 108.0 274.0 117.0
87.0 34.0 72.0 41.0
227.0 279.0 211.0 288.0
395.0 462.0 380.0 469.0
145.0 274.0 130.0 284.0
72.0 10.0 54.0 15.0
147.0 274.0 131.0 284.0
274.0 148.0 258.0 157.0
338.0 311.0 321.0 322.0
227.0 278.0 211.0 288.0
267.0 229.0 252.0 238.0
73.0 10.0 54.0 15.0
369.0 246.0 352.0 258.0
146.0 274.0 130.0 285.0
400.0 255.0 383.0 266.0
80.0 579.0 66.0 588.0
401.0 254.0 383.0 266.0
226.0 278.0 211.0 288.0
75.0 550.0 60.0 561.0
80.0 578.0 66.0 588.0
370.0 215.0 353.0 226.0
227.0 277.0 211.0 288.0
420.0 286.0 403.0 298.0
69.0 103.0 52.0 108.0
126.0 186.0 112.0 191.0
275.0 148.0 258.0 158.0
79.0 578.0 66.0 588.0
86.0 36.0 72.0 41.0
74.0 552.0 59.0 562.0
276.0 148.0 259.0 158.0
172.0 274.0 157.0 283.0
328.0 476.0 312.0 487.0
401.0 255.0 383.0 266.0
53.0 7.0 38.0 12.0
353.0 409.0 337.0 413.0
291.0 108.0 274.0 117.0
147.0 273.0 131.0 284.0
53.0 6.0 38.0 12.0
229.0 211.0 213.0 220.0
173.0 274.0 157.0 283.0
353.0 407.0 338.0 412.0
74.0 551.0 59.0 562.0
125.0 186.0 112.0 191.0
146.0 273.0 130.0 284.0
268.0 100.0 251.0 109.0
275.0 149.0 259.0 158.0
355.0 108.0 338.0 120.0
353.0 408.0 337.0 413.0
86.0 35.0 72.0 41.0
54.0 6.0 38.0 12.0
55.0 7.0 38.0 12.0
270.0 305.0 253.0 319.0
401.0 69.0 383.0 82.0
54.0 7.0 38.0 12.0
356.0 257.0 338.0 269.0
174.0 274.0 157.0 283.0
167.0 299.0 151.0 310.0
402.0 254.0 383.0 266.0
80.0 580.0 66.0 588.0
348.0 273.0 325.0 287.0
401.0 70.0 383.0 83.0
369.0 214.0 352.0 226.0
151.0 491.0 136.0 501.0
76.0 552.0 61.0 562.0
125.0 185.0 111.0 190.0
305.0 205.0 289.0 215.0
133.0 320.0 116.0 326.0
145.0 273.0 130.0 284.0
291.0 107.0 274.0 117.0
356.0 109.0 338.0 120.0
276.0 149.0 259.0 158.0
71.0 71.0 54.0 77.0
87.0 51.0 72.0 57.0
354.0 257.0 337.0 269.0
75.0 551.0 60.0 562.0
230.0 211.0 214.0 218.0
327.0 476.0 311.0 487.0
340.0 464.0 323.0 473.0
70.0 104.0 52.0 108.0
133.0 321.0 116.0 326.0
75.0 552.0 60.0 562.0
88.0 50.0 72.0 57.0
150.0 490.0 134.0 501.0
167.0 298.0 151.0 310.0
76.0 551.0 61.0 562.0
89.0 50.0 73.0 57.0
111.0 313.0 98.0 319.0
394.0 441.0 375.0 451.0
72.0 71.0 54.0 77.0
70.0 103.0 52.0 108.0
150.0 492.0 136.0 501.0
132.0 321.0 115.0 327.0
112.0 313.0 98.0 319.0
125.0 184.0 111.0 190.0
232.0 195.0 215.0 203.0
79.0 579.0 66.0 588.0
173.0 275.0 157.0 283.0
355.0 109.0 338.0 120.0
292.0 107.0 274.0 117.0
122.0 212.0 107.0 219.0
124.0 185.0 111.0 190.0
134.0 320.0 116.0 326.0
269.0 305.0 252.0 320.0
142.0 524.0 128.0 532.0
355.0 258.0 338.0 269.0
161.0 216.0 146.0 221.0
161.0 217.0 146.0 221.0
168.0 300.0 151.0 310.0
71.0 72.0 54.0 77.0
149.0 492.0 134.0 501.0
124.0 186.0 111.0 190.0
354.0 258.0 337.0 269.0
150.0 491.0 136.0 501.0
33.0 480.0 21.0 488.0
226.0 279.0 211.0 288.0
423.0 228.0 404.0 242.0
231.0 211.0 214.0 218.0
132.0 320.0 115.0 327.0
149.0 490.0 134.0 501.0
149.0 491.0 134.0 501.0
354.0 407.0 338.0 412.0
355.0 257.0 337.0 269.0
275.0 150.0 259.0 158.0
33.0 479.0 21.0 488.0
34.0 480.0 21.0 488.0
230.0 210.0 214.0 218.0
165.0 379.0 148.0 384.0
142.0 523.0 129.0 531.0
231.0 194.0 215.0 203.0
99.0 207.0 81.0 212.0
231.0 196.0 215.0 203.0
231.0 195.0 215.0 203.0
131.0 321.0 115.0 327.0
82.0 154.0 64.0 159.0
121.0 213.0 107.0 220.0
71.0 103.0 52.0 108.0
394.0 440.0 375.0 451.0
126.0 185.0 112.0 191.0
232.0 194.0 215.0 203.0
134.0 321.0 116.0 326.0
111.0 314.0 98.0 319.0
100.0 207.0 81.0 212.0
151.0 490.0 134.0 501.0
169.0 299.0 152.0 309.0
123.0 212.0 108.0 220.0
132.0 322.0 115.0 327.0
354.0 408.0 337.0 413.0
427.0 150.0 408.0 163.0
72.0 72.0 54.0 77.0
122.0 213.0 108.0 220.0
229.0 210.0 214.0 218.0
133.0 322.0 116.0 326.0
71.0 104.0 52.0 108.0
90.0 205.0 78.0 212.0
422.0 229.0 402.0 243.0
34.0 479.0 21.0 488.0
123.0 213.0 108.0 220.0
426.0 150.0 408.0 163.0
164.0 395.0 147.0 403.0
178.0 220.0 163.0 224.0
79.0 580.0 66.0 588.0
422.0 228.0 402.0 243.0
410.0 22.0 389.0 35.0
231.0 210.0 214.0 218.0
87.0 50.0 72.0 57.0
168.0 299.0 152.0 309.0
169.0 298.0 152.0 309.0
81.0 154.0 64.0 159.0
81.0 153.0 64.0 159.0
447.0 267.0 430.0 279.0
162.0 217.0 146.0 221.0
427.0 151.0 408.0 163.0
274.0 149.0 258.0 158.0
168.0 298.0 153.0 310.0
162.0 216.0 146.0 221.0
80.0 153.0 64.0 159.0
179.0 219.0 165.0 223.0
291.0 106.0 274.0 117.0
35.0 479.0 21.0 488.0
163.0 216.0 146.0 221.0
162.0 436.0 151.0 436.0
426.0 151.0 408.0 163.0
179.0 220.0 164.0 225.0
140.0 505.0 124.0 515.0
139.0 505.0 125.0 513.0
34.0 539.0 21.0 548.0
294.0 605.0 278.0 616.0
265.0 613.0 253.0 625.0
320.0 137.0 304.0 148.0
140.0 506.0 124.0 515.0
53.0 202.0 49.0 208.0
140.0 507.0 124.0 516.0
163.0 217.0 146.0 221.0
122.0 214.0 107.0 220.0
319.0 136.0 304.0 148.0
75.0 204.0 61.0 211.0
37.0 96.0 21.0 101.0
34.0 538.0 21.0 547.0
264.0 613.0 253.0 625.0
295.0 605.0 278.0 616.0
139.0 506.0 124.0 515.0
110.0 314.0 98.0 319.0
340.0 249.0 322.0 263.0
139.0 507.0 124.0 515.0
54.0 202.0 49.0 208.0
138.0 507.0 124.0 515.0
107.0 478.0 92.0 488.0
107.0 479.0 92.0 489.0
35.0 539.0 21.0 548.0
37.0 97.0 21.0 101.0
38.0 97.0 21.0 101.0
36.0 96.0 21.0 101.0
36.0 97.0 21.0 101.0
138.0 505.0 124.0 513.0
35.0 96.0 21.0 101.0
82.0 152.0 67.0 159.0
36.0 538.0 21.0 548.0
350.0 389.0 334.0 392.0
35.0 538.0 21.0 548.0
82.0 153.0 64.0 159.0
165.0 395.0 147.0 403.0
83.0 153.0 64.0 159.0
161.0 435.0 151.0 436.0
297.0 36.0 279.0 46.0
35.0 537.0 21.0 547.0
447.0 497.0 446.0 462.0
106.0 478.0 92.0 488.0
297.0 37.0 279.0 46.0
138.0 506.0 124.0 515.0
81.0 152.0 64.0 159.0
161.0 436.0 151.0 436.0
295.0 606.0 278.0 616.0
324.0 294.0 315.0 305.0
263.0 614.0 253.0 625.0
37.0 95.0 21.0 101.0
179.0 218.0 165.0 223.0
214.0 605.0 202.0 617.0
349.0 390.0 334.0 392.0
294.0 606.0 278.0 616.0
316.0 618.0 299.0 631.0
154.0 559.0 134.0 570.0
108.0 480.0 92.0 489.0
264.0 614.0 253.0 625.0
296.0 36.0 279.0 46.0
315.0 619.0 299.0 631.0
316.0 619.0 299.0 631.0
36.0 95.0 21.0 101.0
294.0 607.0 278.0 616.0
315.0 31.0 297.0 42.0
296.0 37.0 279.0 46.0
38.0 96.0 21.0 101.0
274.0 150.0 258.0 158.0
314.0 31.0 297.0 42.0
365.0 274.0 347.0 283.0
139.0 528.0 128.0 532.0
107.0 480.0 92.0 489.0
346.0 410.0 337.0 413.0
106.0 479.0 90.0 489.0
349.0 389.0 333.0 393.0
366.0 274.0 347.0 283.0
315.0 618.0 299.0 631.0
138.0 528.0 128.0 532.0
106.0 480.0 92.0 489.0
160.0 436.0 151.0 436.0
315.0 30.0 297.0 42.0
397.0 213.0 381.0 239.0
318.0 135.0 304.0 148.0
314.0 30.0 297.0 41.0
398.0 213.0 381.0 239.0
220.0 603.0 202.0 617.0
138.0 275.0 130.0 285.0
308.0 596.0 303.0 604.0
242.0 618.0 227.0 630.0
309.0 595.0 303.0 604.0
397.0 212.0 381.0 239.0
243.0 619.0 227.0 629.0
355.0 388.0 334.0 392.0
242.0 619.0 227.0 629.0
356.0 388.0 334.0 392.0
33.0 423.0 18.0 431.0
345.0 410.0 337.0 413.0
33.0 422.0 18.0 431.0
220.0 604.0 202.0 617.0
34.0 423.0 18.0 431.0
308.0 595.0 303.0 604.0
34.0 422.0 18.0 431.0
221.0 604.0 202.0 617.0
398.0 212.0 381.0 239.0
228.0 619.0 227.0 630.0
221.0 603.0 202.0 617.0
401.0 52.0 389.0 64.0
460.0 591.0 457.0 530.0
229.0 619.0 227.0 630.0
169.0 324.0 153.0 327.0
400.0 52.0 389.0 64.0
401.0 51.0 389.0 64.0
187.0 615.0 226.0 620.0
400.0 51.0 389.0 64.0
188.0 615.0 226.0 620.0
189.0 613.0 226.0 620.0
187.0 614.0 226.0 620.0
188.0 613.0 226.0 620.0
320.0 583.0 303.0 604.0
188.0 614.0 226.0 620.0
189.0 614.0 226.0 620.0
400.0 50.0 389.0 64.0
376.0 261.0 351.0 259.0
375.0 261.0 351.0 259.0
321.0 582.0 303.0 604.0
320.0 582.0 303.0 604.0
321.0 581.0 303.0 604.0
