228.0 167.0 225.0 173.0
227.0 169.0 225.0 174.0
140.0 234.0 140.0 241.0
228.0 169.0 225.0 173.0
228.0 168.0 225.0 173.0
106.0 171.0 105.0 182.0
36.0 93.0 34.0 108.0
227.0 168.0 225.0 173.0
105.0 171.0 104.0 182.0
140.0 233.0 140.0 241.0
230.0 315.0 231.0 317.0
357.0 384.0 358.0 379.0
200.0 262.0 198.0 266.0
36.0 94.0 34.0 108.0
315.0 143.0 309.0 146.0
37.0 94.0 34.0 108.0
106.0 172.0 105.0 183.0
213.0 159.0 210.0 165.0
276.0 416.0 279.0 415.0
141.0 234.0 140.0 241.0
213.0 158.0 210.0 165.0
229.0 168.0 225.0 173.0
236.0 499.0 240.0 499.0
315.0 142.0 309.0 144.0
332.0 581.0 337.0 576.0
227.0 167.0 225.0 173.0
231.0 315.0 231.0 317.0
313.0 143.0 309.0 146.0
236.0 500.0 240.0 500.0
278.0 478.0 283.0 477.0
332.0 580.0 337.0 576.0
105.0 172.0 105.0 183.0
212.0 158.0 210.0 165.0
57.0 141.0 55.0 154.0
306.0 386.0 308.0 383.0
212.0 159.0 210.0 165.0
106.0 173.0 105.0 183.0
277.0 416.0 279.0 414.0
276.0 417.0 280.0 416.0
181.0 235.0 181.0 241.0
314.0 142.0 309.0 144.0
105.0 173.0 105.0 183.0
281.0 628.0 288.0 627.0
35.0 234.0 35.0 245.0
210.0 170.0 207.0 175.0
37.0 93.0 34.0 108.0
141.0 233.0 140.0 242.0
282.0 628.0 288.0 627.0
314.0 144.0 309.0 146.0
281.0 629.0 288.0 627.0
35.0 94.0 34.0 108.0
314.0 143.0 309.0 146.0
13.0 229.0 12.0 240.0
230.0 314.0 231.0 317.0
277.0 417.0 279.0 415.0
278.0 417.0 279.0 415.0
307.0 386.0 308.0 383.0
140.0 232.0 140.0 240.0
331.0 580.0 337.0 576.0
56.0 141.0 55.0 154.0
312.0 142.0 309.0 146.0
313.0 144.0 309.0 146.0
282.0 629.0 288.0 627.0
160.0 211.0 160.0 219.0
35.0 233.0 35.0 245.0
458.0 189.0 451.0 186.0
236.0 501.0 240.0 500.0
235.0 500.0 240.0 500.0
12.0 229.0 12.0 240.0
235.0 501.0 240.0 500.0
161.0 219.0 160.0 225.0
210.0 171.0 207.0 175.0
341.0 430.0 343.0 425.0
35.0 93.0 34.0 108.0
258.0 589.0 266.0 589.0
313.0 142.0 309.0 144.0
432.0 212.0 428.0 208.0
70.0 74.0 67.0 88.0
123.0 603.0 130.0 610.0
371.0 392.0 371.0 387.0
83.0 233.0 83.0 242.0
312.0 143.0 309.0 146.0
341.0 429.0 343.0 425.0
235.0 499.0 240.0 499.0
277.0 418.0 280.0 416.0
237.0 500.0 240.0 499.0
231.0 314.0 231.0 317.0
412.0 25.0 402.0 30.0
191.0 66.0 186.0 77.0
141.0 232.0 140.0 241.0
176.0 117.0 173.0 126.0
12.0 230.0 12.0 240.0
145.0 282.0 145.0 289.0
142.0 233.0 140.0 242.0
331.0 581.0 337.0 576.0
412.0 26.0 402.0 30.0
113.0 229.0 113.0 237.0
69.0 74.0 67.0 88.0
123.0 604.0 130.0 610.0
56.0 142.0 55.0 154.0
13.0 515.0 18.0 526.0
127.0 619.0 136.0 625.0
353.0 548.0 357.0 542.0
430.0 213.0 428.0 209.0
274.0 441.0 277.0 440.0
117.0 367.0 120.0 373.0
127.0 159.0 126.0 166.0
372.0 391.0 371.0 387.0
459.0 188.0 451.0 185.0
14.0 514.0 18.0 526.0
431.0 212.0 428.0 208.0
430.0 211.0 428.0 208.0
353.0 549.0 357.0 543.0
340.0 430.0 342.0 425.0
370.0 392.0 371.0 387.0
430.0 212.0 428.0 209.0
431.0 211.0 428.0 208.0
458.0 188.0 451.0 185.0
9.0 426.0 12.0 437.0
371.0 391.0 371.0 387.0
352.0 120.0 346.0 124.0
246.0 401.0 248.0 402.0
304.0 92.0 298.0 99.0
191.0 67.0 186.0 77.0
8.0 426.0 12.0 437.0
429.0 212.0 427.0 209.0
247.0 401.0 248.0 402.0
118.0 366.0 120.0 373.0
370.0 391.0 371.0 387.0
371.0 390.0 371.0 387.0
57.0 142.0 55.0 154.0
413.0 25.0 402.0 30.0
431.0 213.0 428.0 209.0
9.0 425.0 12.0 437.0
70.0 73.0 67.0 88.0
267.0 514.0 271.0 513.0
117.0 366.0 120.0 373.0
342.0 477.0 347.0 470.0
12.0 514.0 18.0 526.0
370.0 390.0 370.0 386.0
247.0 402.0 249.0 402.0
330.0 580.0 336.0 575.0
160.0 212.0 160.0 220.0
13.0 513.0 18.0 525.0
274.0 440.0 277.0 439.0
330.0 581.0 337.0 576.0
190.0 67.0 186.0 77.0
255.0 563.0 260.0 561.0
13.0 514.0 18.0 526.0
278.0 477.0 283.0 477.0
340.0 458.0 343.0 451.0
101.0 551.0 108.0 559.0
341.0 458.0 343.0 451.0
467.0 235.0 465.0 228.0
208.0 441.0 211.0 442.0
275.0 440.0 277.0 440.0
75.0 243.0 74.0 254.0
207.0 441.0 211.0 442.0
255.0 562.0 260.0 561.0
190.0 66.0 186.0 77.0
304.0 93.0 298.0 99.0
118.0 367.0 120.0 373.0
126.0 618.0 136.0 625.0
352.0 121.0 346.0 124.0
127.0 618.0 136.0 625.0
372.0 390.0 371.0 387.0
298.0 460.0 301.0 458.0
459.0 189.0 451.0 186.0
160.0 543.0 167.0 548.0
114.0 228.0 114.0 237.0
280.0 384.0 281.0 382.0
188.0 479.0 193.0 483.0
275.0 441.0 278.0 440.0
114.0 229.0 114.0 237.0
8.0 425.0 12.0 437.0
57.0 143.0 55.0 154.0
279.0 383.0 281.0 382.0
343.0 477.0 347.0 470.0
353.0 121.0 346.0 124.0
280.0 383.0 281.0 382.0
189.0 67.0 186.0 77.0
189.0 479.0 193.0 483.0
104.0 239.0 105.0 248.0
341.0 457.0 343.0 452.0
340.0 457.0 343.0 452.0
299.0 460.0 301.0 459.0
275.0 442.0 278.0 440.0
468.0 235.0 465.0 228.0
342.0 478.0 347.0 470.0
190.0 68.0 186.0 77.0
70.0 72.0 67.0 88.0
161.0 542.0 167.0 548.0
69.0 73.0 67.0 88.0
75.0 244.0 74.0 254.0
468.0 234.0 465.0 228.0
101.0 534.0 108.0 543.0
353.0 120.0 346.0 124.0
161.0 543.0 167.0 548.0
467.0 234.0 465.0 228.0
104.0 238.0 105.0 248.0
56.0 143.0 55.0 154.0
132.0 300.0 133.0 306.0
466.0 233.0 465.0 228.0
75.0 245.0 74.0 254.0
208.0 440.0 211.0 442.0
26.0 410.0 30.0 421.0
129.0 557.0 135.0 561.0
103.0 239.0 105.0 248.0
188.0 622.0 194.0 623.0
137.0 15.0 131.0 27.0
472.0 90.0 462.0 91.0
127.0 617.0 136.0 625.0
337.0 541.0 341.0 536.0
114.0 230.0 114.0 237.0
343.0 478.0 347.0 470.0
126.0 508.0 131.0 513.0
207.0 440.0 211.0 442.0
460.0 189.0 451.0 186.0
470.0 90.0 462.0 91.0
138.0 15.0 131.0 27.0
191.0 86.0 186.0 94.0
336.0 541.0 340.0 536.0
210.0 326.0 210.0 329.0
466.0 234.0 465.0 228.0
103.0 238.0 105.0 248.0
209.0 327.0 210.0 329.0
471.0 90.0 462.0 91.0
26.0 409.0 30.0 421.0
165.0 328.0 165.0 333.0
292.0 607.0 298.0 603.0
128.0 619.0 136.0 625.0
188.0 623.0 194.0 623.0
292.0 606.0 298.0 603.0
294.0 422.0 296.0 419.0
128.0 618.0 136.0 625.0
136.0 14.0 131.0 27.0
166.0 441.0 171.0 444.0
189.0 622.0 194.0 623.0
165.0 327.0 165.0 333.0
293.0 422.0 296.0 419.0
291.0 458.0 300.0 458.0
336.0 542.0 340.0 536.0
137.0 14.0 131.0 27.0
25.0 409.0 30.0 421.0
337.0 542.0 341.0 536.0
165.0 326.0 166.0 332.0
123.0 381.0 127.0 389.0
164.0 327.0 165.0 333.0
138.0 14.0 131.0 27.0
132.0 299.0 133.0 306.0
189.0 623.0 194.0 623.0
123.0 382.0 127.0 389.0
165.0 441.0 171.0 444.0
124.0 381.0 127.0 389.0
216.0 38.0 211.0 49.0
216.0 39.0 211.0 49.0
471.0 89.0 462.0 91.0
293.0 606.0 298.0 603.0
76.0 518.0 82.0 528.0
293.0 607.0 298.0 603.0
109.0 504.0 115.0 511.0
129.0 556.0 135.0 561.0
166.0 440.0 171.0 444.0
109.0 502.0 115.0 510.0
126.0 617.0 136.0 625.0
124.0 383.0 127.0 389.0
153.0 486.0 158.0 491.0
110.0 502.0 115.0 510.0
110.0 503.0 115.0 511.0
77.0 518.0 84.0 528.0
129.0 558.0 136.0 562.0
124.0 382.0 127.0 389.0
137.0 13.0 131.0 27.0
115.0 229.0 114.0 237.0
165.0 440.0 171.0 444.0
429.0 74.0 421.0 78.0
262.0 614.0 271.0 612.0
138.0 13.0 131.0 27.0
163.0 410.0 165.0 414.0
69.0 72.0 67.0 88.0
164.0 440.0 171.0 444.0
430.0 76.0 421.0 78.0
130.0 558.0 136.0 563.0
123.0 383.0 127.0 389.0
130.0 557.0 135.0 561.0
105.0 520.0 111.0 528.0
429.0 75.0 421.0 78.0
193.0 317.0 194.0 322.0
428.0 75.0 421.0 78.0
430.0 75.0 421.0 78.0
109.0 503.0 115.0 511.0
306.0 588.0 312.0 583.0
305.0 587.0 312.0 583.0
306.0 587.0 312.0 583.0
190.0 87.0 186.0 94.0
75.0 625.0 83.0 633.0
429.0 76.0 421.0 78.0
428.0 76.0 421.0 78.0
141.0 181.0 140.0 189.0
30.0 514.0 36.0 527.0
190.0 86.0 186.0 94.0
133.0 586.0 142.0 590.0
163.0 440.0 171.0 444.0
307.0 587.0 312.0 583.0
188.0 44.0 187.0 54.0
189.0 87.0 186.0 94.0
154.0 487.0 158.0 491.0
305.0 588.0 312.0 583.0
153.0 487.0 158.0 491.0
191.0 87.0 186.0 94.0
189.0 86.0 186.0 94.0
304.0 587.0 312.0 583.0
189.0 562.0 196.0 564.0
189.0 44.0 187.0 54.0
137.0 475.0 141.0 481.0
133.0 585.0 142.0 590.0
193.0 318.0 194.0 322.0
189.0 563.0 196.0 564.0
49.0 579.0 56.0 587.0
29.0 514.0 36.0 527.0
142.0 182.0 140.0 188.0
45.0 600.0 58.0 606.0
451.0 88.0 441.0 90.0
156.0 40.0 151.0 51.0
140.0 182.0 140.0 189.0
155.0 40.0 151.0 51.0
45.0 601.0 58.0 606.0
124.0 180.0 122.0 189.0
188.0 562.0 196.0 564.0
124.0 181.0 122.0 189.0
156.0 39.0 151.0 51.0
154.0 488.0 158.0 491.0
125.0 181.0 122.0 189.0
431.0 48.0 420.0 51.0
188.0 563.0 196.0 564.0
54.0 26.0 53.0 41.0
44.0 600.0 58.0 606.0
141.0 182.0 140.0 188.0
28.0 598.0 36.0 611.0
3.0 611.0 12.0 623.0
103.0 372.0 105.0 380.0
5.0 611.0 12.0 623.0
4.0 611.0 12.0 623.0
432.0 48.0 420.0 51.0
452.0 88.0 441.0 90.0
44.0 601.0 58.0 606.0
140.0 183.0 140.0 188.0
102.0 372.0 105.0 380.0
27.0 597.0 36.0 611.0
4.0 612.0 12.0 623.0
141.0 183.0 140.0 188.0
124.0 182.0 122.0 189.0
103.0 373.0 105.0 380.0
29.0 597.0 36.0 611.0
53.0 26.0 53.0 41.0
28.0 597.0 36.0 611.0
123.0 181.0 122.0 189.0
452.0 87.0 441.0 90.0
62.0 366.0 67.0 378.0
67.0 412.0 71.0 431.0
66.0 412.0 71.0 431.0
433.0 48.0 420.0 51.0
238.0 561.0 251.0 549.0
66.0 411.0 71.0 431.0
182.0 411.0 188.0 424.0
253.0 539.0 265.0 544.0
252.0 539.0 251.0 548.0
253.0 538.0 265.0 544.0
61.0 366.0 67.0 378.0
238.0 562.0 251.0 549.0
237.0 562.0 251.0 549.0
62.0 365.0 67.0 378.0
202.0 41.0 211.0 48.0
202.0 40.0 210.0 49.0
61.0 365.0 67.0 378.0
182.0 410.0 188.0 424.0
63.0 365.0 67.0 378.0
181.0 410.0 188.0 424.0
201.0 41.0 188.0 54.0
192.0 584.0 195.0 603.0
176.0 555.0 167.0 548.0
84.0 367.0 103.0 380.0
201.0 40.0 210.0 49.0
176.0 556.0 167.0 548.0
83.0 367.0 103.0 380.0
180.0 494.0 193.0 483.0
332.0 437.0 342.0 426.0
