245.0 511.0 239.0 544.0
194.0 190.0 191.0 212.0
393.0 160.0 392.0 186.0
195.0 190.0 192.0 212.0
286.0 508.0 282.0 542.0
285.0 507.0 282.0 542.0
392.0 160.0 392.0 186.0
390.0 258.0 388.0 287.0
390.0 257.0 388.0 287.0
393.0 161.0 392.0 186.0
392.0 161.0 392.0 186.0
272.0 509.0 268.0 541.0
245.0 510.0 239.0 543.0
394.0 161.0 392.0 186.0
346.0 548.0 343.0 585.0
346.0 549.0 343.0 585.0
286.0 507.0 282.0 542.0
393.0 162.0 391.0 188.0
391.0 257.0 388.0 287.0
288.0 523.0 287.0 559.0
251.0 434.0 245.0 462.0
374.0 179.0 371.0 205.0
194.0 191.0 191.0 213.0
289.0 523.0 287.0 559.0
391.0 258.0 388.0 287.0
392.0 258.0 389.0 288.0
21.0 120.0 18.0 142.0
244.0 510.0 239.0 544.0
391.0 259.0 389.0 288.0
195.0 191.0 192.0 213.0
272.0 510.0 268.0 541.0
139.0 187.0 133.0 213.0
447.0 338.0 446.0 371.0
447.0 340.0 446.0 371.0
138.0 186.0 133.0 213.0
346.0 550.0 343.0 585.0
152.0 186.0 150.0 208.0
373.0 180.0 371.0 205.0
380.0 365.0 377.0 394.0
373.0 179.0 371.0 205.0
380.0 364.0 377.0 394.0
245.0 509.0 239.0 543.0
446.0 339.0 446.0 371.0
391.0 256.0 389.0 288.0
17.0 255.0 14.0 276.0
139.0 186.0 133.0 213.0
392.0 523.0 392.0 558.0
290.0 522.0 287.0 559.0
152.0 185.0 150.0 208.0
286.0 506.0 282.0 542.0
17.0 254.0 12.0 275.0
346.0 390.0 346.0 422.0
17.0 256.0 14.0 276.0
381.0 396.0 381.0 424.0
381.0 365.0 378.0 396.0
138.0 187.0 133.0 213.0
288.0 522.0 287.0 559.0
251.0 435.0 245.0 462.0
447.0 339.0 446.0 371.0
18.0 256.0 14.0 276.0
76.0 163.0 73.0 185.0
250.0 434.0 245.0 462.0
18.0 254.0 13.0 275.0
19.0 255.0 14.0 276.0
76.0 162.0 73.0 185.0
18.0 255.0 14.0 276.0
19.0 256.0 14.0 276.0
436.0 233.0 435.0 263.0
289.0 522.0 287.0 559.0
448.0 340.0 447.0 372.0
436.0 232.0 435.0 263.0
77.0 161.0 74.0 184.0
110.0 367.0 98.0 397.0
466.0 428.0 468.0 466.0
76.0 161.0 73.0 185.0
296.0 53.0 295.0 80.0
474.0 537.0 470.0 575.0
109.0 366.0 98.0 397.0
109.0 367.0 98.0 397.0
50.0 207.0 47.0 226.0
204.0 374.0 198.0 400.0
346.0 389.0 346.0 422.0
49.0 208.0 47.0 226.0
108.0 368.0 98.0 398.0
271.0 397.0 267.0 428.0
437.0 233.0 435.0 263.0
146.0 308.0 140.0 333.0
345.0 390.0 346.0 422.0
77.0 163.0 74.0 184.0
136.0 330.0 131.0 355.0
383.0 390.0 381.0 423.0
437.0 232.0 435.0 263.0
108.0 366.0 98.0 397.0
121.0 62.0 116.0 89.0
121.0 61.0 116.0 89.0
467.0 428.0 468.0 466.0
77.0 162.0 74.0 184.0
120.0 61.0 116.0 89.0
70.0 371.0 61.0 400.0
70.0 370.0 61.0 400.0
259.0 472.0 254.0 504.0
120.0 62.0 116.0 89.0
295.0 53.0 295.0 80.0
295.0 52.0 295.0 79.0
136.0 328.0 130.0 355.0
49.0 207.0 47.0 226.0
50.0 209.0 47.0 226.0
437.0 234.0 435.0 263.0
250.0 435.0 245.0 462.0
297.0 51.0 295.0 79.0
108.0 367.0 98.0 397.0
259.0 473.0 254.0 504.0
109.0 368.0 98.0 398.0
296.0 52.0 295.0 79.0
49.0 206.0 47.0 226.0
258.0 474.0 254.0 504.0
50.0 208.0 47.0 226.0
204.0 375.0 198.0 400.0
258.0 235.0 255.0 257.0
99.0 405.0 89.0 435.0
258.0 473.0 254.0 504.0
243.0 286.0 239.0 311.0
120.0 63.0 116.0 89.0
110.0 368.0 98.0 398.0
250.0 436.0 245.0 462.0
257.0 235.0 255.0 257.0
71.0 371.0 61.0 400.0
243.0 284.0 239.0 311.0
136.0 329.0 131.0 355.0
136.0 362.0 125.0 393.0
185.0 455.0 179.0 482.0
475.0 536.0 470.0 575.0
382.0 390.0 381.0 423.0
137.0 328.0 130.0 355.0
474.0 536.0 470.0 575.0
295.0 51.0 295.0 79.0
185.0 456.0 179.0 482.0
345.0 389.0 346.0 422.0
258.0 472.0 254.0 504.0
296.0 51.0 295.0 79.0
168.0 265.0 164.0 288.0
257.0 473.0 254.0 504.0
260.0 395.0 254.0 425.0
139.0 384.0 128.0 418.0
249.0 435.0 245.0 462.0
75.0 277.0 68.0 302.0
184.0 456.0 179.0 482.0
78.0 277.0 68.0 302.0
243.0 285.0 239.0 311.0
77.0 277.0 68.0 303.0
100.0 406.0 89.0 435.0
249.0 434.0 245.0 462.0
100.0 405.0 89.0 435.0
402.0 546.0 402.0 582.0
130.0 485.0 119.0 519.0
76.0 277.0 68.0 302.0
168.0 264.0 164.0 288.0
402.0 547.0 402.0 582.0
101.0 216.0 99.0 237.0
249.0 436.0 245.0 462.0
51.0 179.0 47.0 201.0
242.0 285.0 239.0 311.0
270.0 397.0 267.0 426.0
169.0 265.0 164.0 288.0
142.0 529.0 141.0 566.0
258.0 471.0 254.0 504.0
75.0 278.0 67.0 302.0
101.0 215.0 97.0 237.0
137.0 361.0 125.0 393.0
125.0 524.0 117.0 558.0
205.0 374.0 198.0 400.0
257.0 236.0 255.0 257.0
383.0 389.0 381.0 423.0
296.0 50.0 295.0 79.0
167.0 265.0 164.0 288.0
350.0 272.0 346.0 299.0
257.0 472.0 254.0 504.0
258.0 236.0 255.0 257.0
101.0 405.0 89.0 435.0
138.0 384.0 128.0 418.0
125.0 523.0 117.0 558.0
30.0 386.0 18.0 415.0
168.0 266.0 164.0 288.0
256.0 236.0 255.0 256.0
382.0 389.0 381.0 423.0
54.0 239.0 48.0 262.0
130.0 484.0 118.0 518.0
102.0 215.0 99.0 237.0
350.0 271.0 346.0 299.0
76.0 278.0 68.0 302.0
55.0 240.0 48.0 262.0
96.0 326.0 92.0 354.0
257.0 237.0 255.0 257.0
120.0 295.0 113.0 322.0
64.0 399.0 58.0 426.0
401.0 546.0 402.0 582.0
401.0 547.0 402.0 582.0
205.0 375.0 198.0 400.0
351.0 273.0 347.0 299.0
77.0 278.0 68.0 302.0
167.0 264.0 164.0 288.0
76.0 279.0 68.0 303.0
75.0 279.0 68.0 303.0
258.0 237.0 255.0 257.0
149.0 410.0 144.0 443.0
55.0 239.0 48.0 262.0
125.0 525.0 117.0 558.0
350.0 270.0 346.0 299.0
49.0 409.0 41.0 434.0
65.0 400.0 58.0 426.0
120.0 294.0 113.0 322.0
238.0 315.0 239.0 341.0
351.0 272.0 346.0 299.0
131.0 484.0 119.0 519.0
48.0 409.0 41.0 434.0
131.0 485.0 119.0 519.0
167.0 266.0 164.0 288.0
77.0 279.0 68.0 303.0
383.0 388.0 381.0 423.0
121.0 294.0 113.0 322.0
205.0 376.0 198.0 400.0
78.0 278.0 68.0 303.0
207.0 560.0 201.0 588.0
351.0 271.0 346.0 299.0
96.0 325.0 92.0 354.0
31.0 435.0 22.0 458.0
132.0 484.0 119.0 519.0
64.0 401.0 58.0 426.0
64.0 400.0 58.0 426.0
351.0 270.0 347.0 298.0
95.0 326.0 92.0 354.0
400.0 297.0 399.0 334.0
54.0 238.0 48.0 262.0
207.0 561.0 201.0 588.0
100.0 491.0 88.0 524.0
417.0 349.0 426.0 376.0
131.0 483.0 119.0 519.0
79.0 226.0 75.0 247.0
351.0 269.0 347.0 298.0
99.0 490.0 88.0 524.0
100.0 490.0 88.0 524.0
238.0 314.0 239.0 341.0
382.0 388.0 381.0 423.0
95.0 325.0 92.0 354.0
237.0 315.0 239.0 341.0
55.0 238.0 48.0 262.0
200.0 458.0 194.0 492.0
7.0 135.0 10.0 164.0
6.0 135.0 10.0 164.0
7.0 134.0 10.0 164.0
59.0 40.0 55.0 64.0
99.0 491.0 88.0 524.0
30.0 475.0 26.0 493.0
100.0 489.0 88.0 524.0
84.0 39.0 80.0 65.0
58.0 39.0 55.0 63.0
352.0 271.0 347.0 298.0
101.0 490.0 88.0 524.0
31.0 475.0 26.0 494.0
30.0 476.0 26.0 493.0
237.0 314.0 239.0 340.0
200.0 457.0 194.0 492.0
58.0 40.0 54.0 64.0
54.0 237.0 48.0 262.0
31.0 476.0 26.0 493.0
59.0 39.0 55.0 64.0
58.0 38.0 55.0 63.0
85.0 39.0 80.0 65.0
207.0 562.0 201.0 588.0
200.0 456.0 194.0 492.0
401.0 297.0 399.0 334.0
85.0 38.0 80.0 65.0
201.0 457.0 194.0 492.0
52.0 315.0 43.0 344.0
201.0 456.0 194.0 492.0
198.0 552.0 201.0 589.0
59.0 38.0 55.0 64.0
51.0 316.0 43.0 344.0
51.0 315.0 43.0 344.0
31.0 477.0 26.0 494.0
52.0 316.0 43.0 344.0
84.0 38.0 80.0 65.0
85.0 37.0 80.0 65.0
53.0 316.0 43.0 344.0
296.0 2.0 307.0 42.0
278.0 550.0 274.0 584.0
127.0 198.0 132.0 213.0
198.0 551.0 201.0 589.0
36.0 42.0 31.0 66.0
52.0 370.0 59.0 399.0
53.0 315.0 43.0 344.0
84.0 37.0 80.0 65.0
198.0 550.0 200.0 589.0
36.0 41.0 32.0 65.0
52.0 369.0 59.0 399.0
436.0 451.0 435.0 495.0
278.0 551.0 274.0 584.0
277.0 551.0 274.0 584.0
278.0 552.0 274.0 584.0
127.0 199.0 132.0 213.0
34.0 339.0 29.0 354.0
127.0 200.0 132.0 213.0
427.0 266.0 429.0 309.0
379.0 577.0 376.0 612.0
126.0 200.0 132.0 213.0
27.0 162.0 30.0 168.0
33.0 340.0 29.0 354.0
126.0 199.0 132.0 213.0
378.0 577.0 376.0 612.0
427.0 265.0 429.0 309.0
377.0 577.0 376.0 612.0
34.0 340.0 29.0 354.0
27.0 163.0 30.0 168.0
126.0 201.0 132.0 213.0
33.0 341.0 29.0 354.0
27.0 164.0 30.0 168.0
428.0 266.0 429.0 309.0
436.0 450.0 435.0 495.0
26.0 163.0 30.0 168.0
127.0 201.0 132.0 213.0
428.0 265.0 429.0 309.0
437.0 451.0 435.0 495.0
405.0 625.0 403.0 605.0
26.0 162.0 30.0 168.0
