186.0 292.0 195.0 292.0
187.0 292.0 195.0 292.0
186.0 293.0 195.0 292.0
189.0 356.0 197.0 354.0
193.0 113.0 203.0 114.0
67.0 122.0 77.0 121.0
193.0 112.0 203.0 114.0
65.0 80.0 76.0 79.0
67.0 123.0 77.0 121.0
148.0 433.0 159.0 430.0
69.0 123.0 79.0 122.0
111.0 213.0 122.0 213.0
142.0 129.0 153.0 128.0
162.0 445.0 172.0 443.0
138.0 272.0 148.0 271.0
148.0 434.0 159.0 430.0
149.0 433.0 159.0 430.0
65.0 81.0 76.0 80.0
66.0 80.0 76.0 79.0
64.0 80.0 76.0 79.0
188.0 356.0 197.0 354.0
193.0 111.0 203.0 114.0
68.0 122.0 77.0 121.0
188.0 355.0 197.0 354.0
64.0 81.0 76.0 80.0
463.0 467.0 471.0 466.0
68.0 123.0 78.0 121.0
464.0 468.0 471.0 466.0
463.0 468.0 471.0 466.0
141.0 129.0 153.0 128.0
194.0 112.0 203.0 114.0
149.0 432.0 160.0 429.0
464.0 469.0 471.0 466.0
163.0 446.0 172.0 443.0
111.0 212.0 122.0 211.0
172.0 411.0 182.0 409.0
137.0 273.0 148.0 271.0
149.0 434.0 159.0 430.0
182.0 275.0 192.0 274.0
228.0 268.0 239.0 270.0
150.0 433.0 160.0 430.0
463.0 469.0 471.0 466.0
169.0 246.0 178.0 245.0
162.0 446.0 172.0 443.0
172.0 410.0 181.0 409.0
231.0 376.0 239.0 374.0
194.0 111.0 203.0 114.0
32.0 436.0 42.0 433.0
366.0 294.0 373.0 297.0
462.0 299.0 469.0 301.0
163.0 297.0 172.0 295.0
232.0 376.0 239.0 374.0
105.0 234.0 113.0 234.0
234.0 91.0 244.0 94.0
227.0 269.0 238.0 271.0
227.0 268.0 238.0 271.0
365.0 295.0 373.0 297.0
182.0 274.0 192.0 274.0
33.0 93.0 41.0 90.0
234.0 92.0 244.0 94.0
104.0 234.0 113.0 234.0
111.0 211.0 122.0 211.0
231.0 377.0 239.0 374.0
163.0 296.0 173.0 296.0
33.0 437.0 41.0 435.0
171.0 411.0 181.0 409.0
33.0 436.0 42.0 433.0
59.0 400.0 68.0 397.0
143.0 361.0 153.0 358.0
349.0 288.0 359.0 290.0
234.0 93.0 243.0 94.0
271.0 74.0 281.0 76.0
187.0 356.0 197.0 355.0
128.0 247.0 139.0 247.0
164.0 296.0 173.0 295.0
144.0 359.0 154.0 358.0
59.0 399.0 68.0 397.0
138.0 466.0 146.0 463.0
462.0 468.0 471.0 466.0
235.0 92.0 244.0 94.0
136.0 466.0 146.0 463.0
235.0 93.0 243.0 94.0
207.0 51.0 218.0 52.0
194.0 508.0 203.0 504.0
228.0 269.0 239.0 270.0
233.0 376.0 239.0 375.0
34.0 93.0 41.0 90.0
367.0 295.0 373.0 297.0
34.0 436.0 42.0 433.0
398.0 85.0 408.0 88.0
58.0 400.0 68.0 397.0
335.0 516.0 342.0 513.0
137.0 467.0 146.0 463.0
335.0 515.0 342.0 513.0
136.0 467.0 146.0 463.0
397.0 86.0 408.0 88.0
164.0 297.0 173.0 295.0
144.0 361.0 153.0 358.0
366.0 295.0 373.0 297.0
257.0 45.0 268.0 48.0
144.0 360.0 154.0 358.0
258.0 45.0 268.0 48.0
323.0 578.0 330.0 571.0
243.0 67.0 253.0 70.0
350.0 288.0 359.0 290.0
204.0 241.0 213.0 242.0
65.0 304.0 75.0 302.0
236.0 92.0 244.0 94.0
462.0 298.0 469.0 301.0
171.0 410.0 181.0 409.0
32.0 437.0 41.0 435.0
203.0 242.0 213.0 242.0
230.0 214.0 239.0 215.0
193.0 508.0 205.0 504.0
138.0 465.0 146.0 463.0
137.0 465.0 146.0 463.0
232.0 377.0 239.0 375.0
347.0 403.0 355.0 403.0
162.0 296.0 172.0 295.0
462.0 469.0 471.0 466.0
233.0 377.0 239.0 375.0
137.0 466.0 146.0 463.0
185.0 372.0 193.0 371.0
220.0 449.0 229.0 446.0
348.0 288.0 359.0 290.0
298.0 394.0 305.0 394.0
203.0 241.0 213.0 242.0
397.0 87.0 408.0 88.0
229.0 214.0 239.0 215.0
249.0 341.0 258.0 341.0
461.0 299.0 469.0 301.0
192.0 421.0 203.0 418.0
157.0 504.0 167.0 500.0
143.0 360.0 153.0 358.0
72.0 187.0 82.0 186.0
461.0 298.0 469.0 301.0
191.0 422.0 203.0 418.0
53.0 325.0 63.0 323.0
350.0 289.0 359.0 290.0
249.0 340.0 258.0 340.0
399.0 85.0 409.0 88.0
184.0 372.0 193.0 371.0
143.0 359.0 154.0 357.0
204.0 242.0 213.0 242.0
208.0 51.0 218.0 52.0
29.0 57.0 37.0 55.0
336.0 516.0 343.0 513.0
192.0 422.0 203.0 418.0
76.0 433.0 86.0 430.0
54.0 326.0 63.0 323.0
349.0 289.0 359.0 290.0
399.0 86.0 409.0 88.0
248.0 340.0 258.0 341.0
202.0 162.0 212.0 163.0
398.0 86.0 408.0 88.0
421.0 246.0 432.0 249.0
94.0 485.0 106.0 481.0
184.0 373.0 193.0 371.0
219.0 449.0 229.0 446.0
29.0 142.0 37.0 141.0
28.0 57.0 36.0 54.0
351.0 496.0 358.0 493.0
134.0 213.0 145.0 212.0
248.0 341.0 258.0 341.0
220.0 448.0 229.0 446.0
138.0 145.0 147.0 145.0
356.0 534.0 364.0 530.0
375.0 163.0 386.0 166.0
54.0 203.0 60.0 202.0
299.0 452.0 307.0 449.0
220.0 450.0 229.0 448.0
398.0 87.0 409.0 88.0
160.0 264.0 172.0 270.0
53.0 326.0 63.0 323.0
371.0 337.0 382.0 339.0
310.0 251.0 320.0 253.0
28.0 143.0 37.0 141.0
94.0 486.0 105.0 481.0
165.0 367.0 175.0 365.0
300.0 453.0 307.0 449.0
143.0 447.0 151.0 444.0
221.0 450.0 229.0 448.0
38.0 369.0 48.0 366.0
347.0 404.0 355.0 403.0
352.0 496.0 360.0 492.0
28.0 142.0 37.0 141.0
202.0 161.0 212.0 163.0
297.0 393.0 305.0 394.0
399.0 87.0 409.0 88.0
376.0 163.0 386.0 167.0
247.0 340.0 258.0 341.0
191.0 421.0 203.0 418.0
297.0 394.0 305.0 394.0
372.0 337.0 382.0 338.0
299.0 453.0 307.0 449.0
322.0 578.0 330.0 571.0
6.0 524.0 15.0 519.0
7.0 291.0 16.0 291.0
137.0 145.0 147.0 145.0
221.0 449.0 229.0 448.0
247.0 341.0 258.0 341.0
36.0 325.0 46.0 322.0
356.0 535.0 364.0 530.0
202.0 242.0 213.0 242.0
7.0 524.0 15.0 519.0
285.0 148.0 296.0 151.0
191.0 212.0 200.0 212.0
201.0 162.0 212.0 163.0
76.0 434.0 86.0 430.0
421.0 247.0 432.0 249.0
310.0 250.0 320.0 253.0
156.0 504.0 167.0 500.0
6.0 291.0 16.0 291.0
341.0 424.0 352.0 428.0
201.0 161.0 212.0 163.0
336.0 515.0 342.0 513.0
285.0 149.0 296.0 151.0
460.0 298.0 469.0 301.0
323.0 579.0 330.0 571.0
161.0 263.0 172.0 270.0
75.0 433.0 86.0 430.0
335.0 514.0 342.0 513.0
93.0 487.0 105.0 481.0
352.0 497.0 358.0 493.0
163.0 245.0 178.0 245.0
140.0 178.0 150.0 179.0
371.0 338.0 381.0 339.0
219.0 448.0 229.0 446.0
221.0 448.0 229.0 446.0
353.0 496.0 360.0 492.0
206.0 402.0 214.0 401.0
372.0 338.0 381.0 339.0
377.0 164.0 386.0 167.0
221.0 483.0 233.0 480.0
35.0 324.0 45.0 322.0
208.0 402.0 214.0 402.0
264.0 141.0 273.0 142.0
161.0 264.0 172.0 270.0
190.0 488.0 200.0 485.0
294.0 485.0 303.0 483.0
272.0 53.0 284.0 57.0
160.0 263.0 172.0 270.0
75.0 434.0 86.0 430.0
93.0 485.0 105.0 481.0
220.0 483.0 233.0 480.0
422.0 246.0 432.0 249.0
422.0 247.0 432.0 249.0
190.0 421.0 201.0 418.0
23.0 279.0 36.0 279.0
24.0 279.0 36.0 279.0
428.0 291.0 437.0 292.0
336.0 514.0 342.0 513.0
191.0 489.0 201.0 484.0
207.0 401.0 215.0 400.0
10.0 173.0 20.0 170.0
25.0 279.0 36.0 279.0
353.0 495.0 360.0 492.0
190.0 422.0 203.0 418.0
357.0 535.0 364.0 530.0
7.0 523.0 15.0 519.0
375.0 164.0 386.0 167.0
295.0 484.0 303.0 483.0
295.0 485.0 303.0 483.0
6.0 292.0 16.0 291.0
257.0 550.0 265.0 547.0
206.0 401.0 214.0 400.0
275.0 510.0 284.0 507.0
93.0 486.0 105.0 481.0
138.0 146.0 147.0 145.0
285.0 150.0 296.0 151.0
10.0 174.0 10.0 186.0
37.0 325.0 46.0 322.0
137.0 146.0 147.0 145.0
272.0 54.0 284.0 57.0
25.0 278.0 36.0 279.0
11.0 173.0 20.0 170.0
92.0 486.0 105.0 481.0
296.0 485.0 303.0 483.0
311.0 251.0 320.0 253.0
36.0 324.0 46.0 322.0
296.0 394.0 305.0 394.0
351.0 495.0 358.0 493.0
310.0 8.0 322.0 12.0
322.0 579.0 330.0 571.0
370.0 450.0 377.0 448.0
428.0 290.0 437.0 292.0
141.0 179.0 150.0 179.0
370.0 409.0 374.0 408.0
208.0 401.0 215.0 400.0
292.0 503.0 293.0 505.0
37.0 324.0 46.0 322.0
427.0 290.0 437.0 292.0
369.0 409.0 373.0 409.0
197.0 575.0 206.0 568.0
54.0 597.0 63.0 590.0
376.0 164.0 386.0 167.0
311.0 250.0 320.0 253.0
352.0 495.0 360.0 492.0
341.0 423.0 352.0 428.0
369.0 550.0 374.0 545.0
284.0 149.0 296.0 151.0
274.0 511.0 284.0 507.0
274.0 510.0 284.0 507.0
340.0 424.0 352.0 428.0
24.0 278.0 36.0 279.0
53.0 597.0 63.0 590.0
53.0 596.0 63.0 590.0
207.0 402.0 214.0 401.0
248.0 229.0 261.0 232.0
220.0 482.0 233.0 480.0
293.0 503.0 293.0 505.0
340.0 423.0 349.0 423.0
54.0 595.0 63.0 589.0
8.0 217.0 16.0 217.0
221.0 631.0 227.0 625.0
197.0 574.0 206.0 568.0
201.0 594.0 208.0 589.0
368.0 550.0 374.0 545.0
54.0 596.0 63.0 590.0
371.0 450.0 377.0 448.0
248.0 230.0 261.0 232.0
191.0 488.0 200.0 485.0
141.0 178.0 150.0 179.0
275.0 511.0 284.0 507.0
142.0 178.0 150.0 179.0
221.0 632.0 227.0 625.0
310.0 7.0 322.0 12.0
198.0 574.0 206.0 568.0
293.0 502.0 293.0 505.0
367.0 550.0 374.0 545.0
192.0 488.0 201.0 484.0
220.0 631.0 227.0 625.0
191.0 487.0 200.0 485.0
162.0 245.0 178.0 245.0
258.0 550.0 265.0 547.0
294.0 503.0 293.0 505.0
201.0 595.0 208.0 588.0
294.0 502.0 293.0 505.0
220.0 632.0 227.0 625.0
368.0 551.0 374.0 546.0
6.0 217.0 16.0 217.0
7.0 217.0 16.0 217.0
20.0 320.0 27.0 319.0
367.0 551.0 374.0 546.0
369.0 551.0 374.0 545.0
19.0 321.0 27.0 319.0
368.0 475.0 376.0 473.0
21.0 321.0 27.0 319.0
219.0 632.0 227.0 625.0
466.0 633.0 468.0 627.0
20.0 321.0 27.0 319.0
162.0 246.0 178.0 245.0
415.0 270.0 427.0 275.0
77.0 574.0 86.0 568.0
414.0 270.0 427.0 275.0
414.0 269.0 427.0 275.0
76.0 574.0 86.0 568.0
163.0 423.0 160.0 429.0
350.0 50.0 363.0 68.0
172.0 325.0 174.0 326.0
172.0 324.0 174.0 326.0
161.0 230.0 178.0 245.0
160.0 228.0 178.0 245.0
349.0 50.0 363.0 69.0
348.0 50.0 363.0 69.0
160.0 229.0 178.0 245.0
173.0 324.0 174.0 326.0
134.0 255.0 139.0 247.0
350.0 49.0 360.0 53.0
161.0 229.0 178.0 245.0
348.0 49.0 363.0 69.0
289.0 356.0 309.0 364.0
92.0 558.0 103.0 552.0
92.0 559.0 101.0 553.0
161.0 228.0 178.0 245.0
431.0 262.0 433.0 249.0
93.0 559.0 101.0 553.0
406.0 219.0 421.0 239.0
93.0 558.0 103.0 552.0
349.0 49.0 363.0 68.0
