241.0 161.0 241.0 156.0
241.0 162.0 241.0 156.0
242.0 161.0 242.0 157.0
242.0 162.0 242.0 157.0
70.0 130.0 70.0 130.0
226.0 146.0 226.0 142.0
226.0 147.0 226.0 142.0
227.0 147.0 226.0 142.0
227.0 146.0 226.0 142.0
332.0 149.0 331.0 142.0
136.0 116.0 135.0 114.0
70.0 129.0 70.0 129.0
223.0 158.0 221.0 154.0
63.0 355.0 66.0 353.0
330.0 150.0 329.0 144.0
330.0 149.0 329.0 144.0
79.0 237.0 80.0 236.0
79.0 238.0 80.0 237.0
331.0 149.0 331.0 142.0
63.0 354.0 66.0 353.0
331.0 148.0 331.0 142.0
330.0 148.0 329.0 142.0
223.0 159.0 222.0 154.0
69.0 130.0 70.0 130.0
24.0 177.0 25.0 178.0
69.0 129.0 70.0 130.0
138.0 209.0 138.0 206.0
88.0 209.0 88.0 207.0
55.0 78.0 54.0 80.0
55.0 79.0 54.0 80.0
391.0 122.0 388.0 116.0
412.0 81.0 411.0 78.0
88.0 210.0 89.0 208.0
393.0 123.0 390.0 116.0
411.0 81.0 410.0 78.0
56.0 79.0 55.0 80.0
139.0 209.0 139.0 207.0
90.0 62.0 88.0 63.0
331.0 150.0 329.0 144.0
56.0 78.0 55.0 80.0
114.0 403.0 117.0 400.0
32.0 181.0 33.0 181.0
90.0 61.0 89.0 62.0
24.0 178.0 25.0 178.0
411.0 80.0 410.0 78.0
77.0 132.0 77.0 131.0
296.0 533.0 301.0 519.0
161.0 190.0 161.0 187.0
133.0 258.0 134.0 255.0
113.0 403.0 117.0 399.0
79.0 236.0 80.0 236.0
392.0 122.0 390.0 116.0
87.0 210.0 88.0 207.0
36.0 143.0 35.0 145.0
329.0 149.0 329.0 144.0
435.0 270.0 437.0 258.0
163.0 85.0 161.0 84.0
3.0 170.0 4.0 172.0
138.0 210.0 139.0 207.0
296.0 532.0 301.0 519.0
88.0 211.0 88.0 209.0
109.0 132.0 109.0 131.0
434.0 270.0 437.0 258.0
35.0 143.0 35.0 145.0
342.0 469.0 347.0 456.0
54.0 78.0 54.0 80.0
295.0 533.0 301.0 519.0
70.0 210.0 71.0 209.0
215.0 328.0 218.0 321.0
108.0 200.0 108.0 198.0
107.0 199.0 108.0 198.0
32.0 180.0 33.0 181.0
16.0 133.0 16.0 136.0
89.0 210.0 89.0 208.0
435.0 271.0 437.0 258.0
109.0 131.0 108.0 130.0
128.0 83.0 128.0 82.0
215.0 327.0 218.0 321.0
108.0 199.0 108.0 197.0
18.0 134.0 17.0 137.0
133.0 259.0 134.0 255.0
25.0 177.0 25.0 178.0
107.0 200.0 108.0 198.0
392.0 123.0 390.0 116.0
139.0 210.0 139.0 208.0
26.0 491.0 31.0 489.0
71.0 210.0 71.0 209.0
23.0 113.0 24.0 117.0
391.0 123.0 388.0 116.0
181.0 80.0 179.0 79.0
393.0 122.0 390.0 116.0
91.0 62.0 89.0 62.0
35.0 142.0 35.0 144.0
90.0 60.0 89.0 62.0
68.0 554.0 75.0 550.0
196.0 80.0 195.0 79.0
91.0 61.0 89.0 62.0
80.0 237.0 81.0 237.0
162.0 189.0 162.0 187.0
36.0 142.0 36.0 144.0
128.0 82.0 128.0 82.0
216.0 328.0 218.0 321.0
179.0 81.0 177.0 80.0
342.0 47.0 338.0 46.0
197.0 80.0 195.0 79.0
76.0 132.0 76.0 132.0
214.0 429.0 218.0 420.0
329.0 150.0 329.0 144.0
179.0 220.0 180.0 217.0
297.0 533.0 301.0 519.0
181.0 82.0 178.0 81.0
342.0 470.0 347.0 456.0
392.0 124.0 390.0 116.0
91.0 60.0 89.0 62.0
25.0 178.0 25.0 178.0
161.0 189.0 162.0 187.0
433.0 272.0 435.0 260.0
212.0 9.0 209.0 8.0
113.0 62.0 111.0 63.0
87.0 91.0 86.0 91.0
109.0 133.0 109.0 131.0
410.0 81.0 404.0 78.0
110.0 132.0 109.0 131.0
214.0 430.0 218.0 420.0
180.0 80.0 177.0 80.0
27.0 491.0 31.0 489.0
164.0 86.0 162.0 84.0
134.0 259.0 135.0 255.0
63.0 353.0 66.0 353.0
213.0 429.0 218.0 420.0
86.0 90.0 86.0 89.0
72.0 177.0 72.0 176.0
78.0 236.0 79.0 236.0
162.0 85.0 161.0 84.0
434.0 271.0 435.0 260.0
346.0 86.0 341.0 85.0
163.0 86.0 161.0 84.0
78.0 237.0 79.0 237.0
94.0 22.0 92.0 25.0
343.0 47.0 338.0 46.0
293.0 557.0 299.0 544.0
73.0 177.0 72.0 176.0
22.0 113.0 23.0 116.0
434.0 272.0 435.0 260.0
181.0 81.0 178.0 80.0
198.0 80.0 195.0 79.0
180.0 220.0 180.0 217.0
25.0 491.0 31.0 489.0
36.0 141.0 35.0 144.0
216.0 327.0 218.0 321.0
162.0 190.0 162.0 187.0
17.0 133.0 16.0 136.0
162.0 86.0 161.0 84.0
108.0 201.0 108.0 198.0
26.0 177.0 25.0 178.0
180.0 81.0 177.0 80.0
433.0 271.0 435.0 260.0
200.0 34.0 196.0 34.0
197.0 81.0 195.0 79.0
115.0 403.0 117.0 400.0
293.0 556.0 300.0 541.0
295.0 534.0 302.0 520.0
345.0 88.0 341.0 85.0
196.0 81.0 195.0 79.0
57.0 386.0 60.0 387.0
148.0 147.0 147.0 145.0
69.0 554.0 75.0 550.0
162.0 188.0 162.0 186.0
219.0 49.0 216.0 47.0
26.0 178.0 25.0 178.0
72.0 178.0 72.0 176.0
101.0 424.0 104.0 420.0
435.0 272.0 435.0 260.0
177.0 177.0 178.0 173.0
109.0 200.0 108.0 197.0
87.0 90.0 86.0 89.0
296.0 534.0 302.0 520.0
110.0 133.0 109.0 131.0
178.0 178.0 178.0 173.0
200.0 35.0 196.0 34.0
22.0 383.0 25.0 382.0
163.0 189.0 162.0 187.0
127.0 82.0 126.0 82.0
83.0 41.0 81.0 44.0
23.0 369.0 25.0 369.0
65.0 413.0 68.0 412.0
343.0 469.0 347.0 456.0
65.0 414.0 68.0 412.0
127.0 83.0 128.0 82.0
180.0 82.0 177.0 80.0
68.0 553.0 74.0 549.0
17.0 135.0 17.0 137.0
73.0 178.0 72.0 176.0
69.0 553.0 75.0 550.0
345.0 87.0 341.0 85.0
16.0 134.0 16.0 136.0
161.0 188.0 161.0 187.0
219.0 50.0 217.0 47.0
178.0 177.0 178.0 173.0
21.0 383.0 25.0 382.0
94.0 364.0 97.0 361.0
22.0 381.0 25.0 382.0
113.0 61.0 111.0 63.0
26.0 492.0 31.0 489.0
55.0 494.0 60.0 493.0
220.0 49.0 217.0 47.0
241.0 464.0 244.0 453.0
53.0 443.0 58.0 442.0
55.0 77.0 54.0 80.0
147.0 149.0 146.0 146.0
465.0 207.0 464.0 198.0
345.0 86.0 342.0 84.0
225.0 27.0 222.0 24.0
22.0 382.0 25.0 382.0
22.0 369.0 25.0 369.0
343.0 470.0 347.0 456.0
49.0 511.0 53.0 510.0
93.0 22.0 92.0 25.0
179.0 177.0 178.0 173.0
198.0 81.0 195.0 79.0
296.0 535.0 302.0 520.0
101.0 423.0 104.0 420.0
114.0 567.0 120.0 561.0
83.0 40.0 81.0 44.0
21.0 382.0 25.0 382.0
346.0 87.0 341.0 85.0
45.0 24.0 42.0 27.0
55.0 443.0 58.0 442.0
90.0 388.0 92.0 386.0
114.0 568.0 121.0 561.0
69.0 552.0 74.0 549.0
58.0 385.0 60.0 386.0
46.0 22.0 44.0 27.0
146.0 147.0 146.0 146.0
178.0 176.0 178.0 173.0
53.0 442.0 58.0 441.0
46.0 24.0 44.0 27.0
226.0 27.0 222.0 24.0
147.0 147.0 147.0 145.0
225.0 26.0 222.0 24.0
220.0 50.0 217.0 47.0
114.0 566.0 120.0 561.0
197.0 82.0 195.0 79.0
112.0 61.0 111.0 63.0
49.0 512.0 53.0 510.0
148.0 148.0 147.0 145.0
45.0 22.0 42.0 27.0
100.0 423.0 104.0 420.0
37.0 401.0 41.0 402.0
54.0 443.0 58.0 442.0
461.0 35.0 459.0 31.0
38.0 400.0 41.0 402.0
240.0 463.0 244.0 453.0
44.0 23.0 42.0 27.0
199.0 35.0 196.0 34.0
38.0 401.0 41.0 402.0
27.0 492.0 31.0 489.0
16.0 135.0 16.0 136.0
48.0 511.0 53.0 510.0
126.0 258.0 128.0 255.0
77.0 422.0 81.0 419.0
45.0 527.0 51.0 525.0
135.0 122.0 135.0 115.0
17.0 134.0 17.0 137.0
294.0 555.0 300.0 541.0
90.0 387.0 92.0 386.0
46.0 528.0 51.0 526.0
117.0 273.0 118.0 271.0
11.0 541.0 17.0 539.0
127.0 258.0 128.0 255.0
45.0 23.0 42.0 27.0
199.0 34.0 196.0 34.0
37.0 424.0 42.0 425.0
135.0 123.0 135.0 115.0
241.0 463.0 244.0 453.0
60.0 82.0 55.0 80.0
127.0 257.0 128.0 255.0
100.0 508.0 107.0 503.0
11.0 542.0 17.0 539.0
192.0 121.0 191.0 118.0
136.0 123.0 135.0 115.0
39.0 400.0 41.0 402.0
101.0 508.0 107.0 503.0
54.0 444.0 58.0 442.0
37.0 425.0 42.0 425.0
38.0 459.0 42.0 458.0
147.0 148.0 147.0 146.0
113.0 296.0 115.0 293.0
117.0 274.0 119.0 272.0
36.0 425.0 42.0 425.0
64.0 413.0 67.0 411.0
10.0 541.0 17.0 539.0
92.0 468.0 96.0 464.0
114.0 295.0 116.0 293.0
100.0 509.0 107.0 503.0
102.0 508.0 107.0 503.0
54.0 442.0 58.0 442.0
113.0 295.0 115.0 293.0
179.0 176.0 178.0 173.0
115.0 568.0 121.0 561.0
126.0 257.0 128.0 255.0
89.0 388.0 92.0 386.0
101.0 507.0 107.0 503.0
46.0 23.0 44.0 27.0
47.0 512.0 53.0 510.0
45.0 528.0 51.0 526.0
241.0 462.0 244.0 453.0
113.0 607.0 120.0 602.0
192.0 332.0 195.0 326.0
60.0 83.0 55.0 80.0
115.0 567.0 121.0 561.0
48.0 512.0 53.0 510.0
48.0 513.0 53.0 510.0
44.0 528.0 51.0 525.0
95.0 450.0 100.0 447.0
36.0 459.0 42.0 458.0
45.0 529.0 51.0 526.0
100.0 507.0 107.0 503.0
64.0 414.0 68.0 412.0
168.0 453.0 172.0 448.0
37.0 459.0 42.0 458.0
101.0 509.0 107.0 503.0
130.0 597.0 136.0 592.0
38.0 425.0 42.0 425.0
174.0 407.0 176.0 406.0
10.0 542.0 17.0 539.0
61.0 82.0 55.0 80.0
38.0 458.0 42.0 458.0
112.0 607.0 120.0 602.0
463.0 56.0 460.0 51.0
37.0 458.0 42.0 458.0
129.0 405.0 132.0 401.0
128.0 405.0 132.0 401.0
102.0 507.0 107.0 503.0
11.0 543.0 17.0 540.0
191.0 333.0 195.0 326.0
4.0 153.0 4.0 156.0
465.0 206.0 464.0 198.0
193.0 331.0 195.0 326.0
113.0 368.0 116.0 364.0
64.0 415.0 68.0 412.0
234.0 486.0 239.0 476.0
463.0 57.0 460.0 51.0
61.0 83.0 55.0 80.0
37.0 460.0 42.0 458.0
15.0 456.0 19.0 455.0
49.0 565.0 54.0 563.0
127.0 407.0 132.0 401.0
167.0 453.0 172.0 448.0
128.0 406.0 132.0 401.0
127.0 406.0 132.0 401.0
15.0 457.0 19.0 455.0
208.0 327.0 218.0 321.0
192.0 129.0 192.0 126.0
14.0 456.0 19.0 455.0
95.0 451.0 100.0 447.0
48.0 566.0 54.0 563.0
50.0 566.0 54.0 563.0
465.0 56.0 460.0 51.0
193.0 128.0 192.0 125.0
10.0 543.0 17.0 540.0
464.0 56.0 460.0 51.0
234.0 487.0 239.0 476.0
5.0 152.0 4.0 156.0
4.0 152.0 4.0 156.0
14.0 457.0 19.0 455.0
464.0 57.0 460.0 51.0
49.0 566.0 54.0 563.0
233.0 487.0 239.0 476.0
48.0 567.0 54.0 563.0
88.0 411.0 95.0 403.0
113.0 369.0 116.0 364.0
49.0 567.0 54.0 563.0
146.0 315.0 148.0 312.0
465.0 57.0 460.0 51.0
193.0 130.0 192.0 126.0
193.0 129.0 192.0 126.0
207.0 327.0 218.0 322.0
13.0 456.0 19.0 455.0
50.0 567.0 54.0 563.0
116.0 83.0 111.0 90.0
146.0 316.0 148.0 312.0
337.0 84.0 341.0 85.0
114.0 453.0 117.0 448.0
87.0 412.0 95.0 403.0
44.0 482.0 51.0 477.0
88.0 412.0 95.0 403.0
161.0 197.0 161.0 187.0
69.0 107.0 67.0 115.0
318.0 135.0 319.0 120.0
114.0 629.0 131.0 618.0
321.0 82.0 311.0 80.0
30.0 592.0 15.0 593.0
317.0 134.0 319.0 120.0
317.0 135.0 319.0 120.0
321.0 83.0 311.0 80.0
31.0 592.0 15.0 593.0
113.0 629.0 131.0 618.0
114.0 630.0 131.0 618.0
356.0 47.0 339.0 46.0
129.0 274.0 135.0 256.0
169.0 358.0 168.0 342.0
322.0 82.0 311.0 80.0
113.0 630.0 131.0 618.0
358.0 83.0 343.0 85.0
322.0 83.0 311.0 80.0
128.0 274.0 135.0 256.0
352.0 103.0 341.0 85.0
19.0 629.0 6.0 607.0
