332.0 92.0 354.0 79.0
332.0 93.0 354.0 79.0
66.0 121.0 91.0 113.0
362.0 554.0 383.0 540.0
240.0 133.0 260.0 122.0
282.0 444.0 305.0 431.0
356.0 315.0 381.0 303.0
68.0 203.0 94.0 196.0
65.0 121.0 91.0 113.0
239.0 133.0 260.0 122.0
68.0 204.0 94.0 196.0
355.0 363.0 379.0 351.0
353.0 301.0 374.0 290.0
283.0 444.0 305.0 431.0
67.0 120.0 91.0 113.0
281.0 443.0 305.0 431.0
331.0 92.0 354.0 79.0
292.0 145.0 315.0 132.0
257.0 91.0 276.0 81.0
361.0 554.0 383.0 540.0
66.0 205.0 92.0 196.0
355.0 315.0 381.0 303.0
362.0 416.0 383.0 406.0
283.0 443.0 305.0 431.0
304.0 129.0 324.0 117.0
67.0 203.0 93.0 195.0
331.0 93.0 354.0 79.0
72.0 332.0 99.0 322.0
256.0 91.0 275.0 80.0
66.0 120.0 91.0 113.0
370.0 180.0 393.0 169.0
66.0 204.0 92.0 197.0
291.0 145.0 315.0 132.0
368.0 181.0 391.0 167.0
278.0 331.0 300.0 319.0
287.0 236.0 306.0 227.0
67.0 205.0 92.0 197.0
228.0 60.0 248.0 50.0
368.0 180.0 391.0 167.0
277.0 331.0 300.0 319.0
356.0 364.0 379.0 351.0
66.0 118.0 91.0 113.0
330.0 92.0 351.0 80.0
362.0 415.0 383.0 406.0
284.0 442.0 305.0 431.0
230.0 58.0 248.0 50.0
282.0 443.0 305.0 431.0
305.0 130.0 325.0 117.0
100.0 245.0 127.0 236.0
283.0 442.0 305.0 431.0
369.0 181.0 393.0 169.0
362.0 553.0 383.0 540.0
102.0 221.0 130.0 214.0
257.0 90.0 276.0 81.0
102.0 223.0 130.0 214.0
286.0 238.0 306.0 227.0
255.0 91.0 275.0 79.0
294.0 378.0 314.0 364.0
361.0 416.0 383.0 406.0
277.0 332.0 300.0 319.0
102.0 222.0 130.0 214.0
229.0 61.0 248.0 50.0
66.0 203.0 92.0 197.0
256.0 92.0 276.0 80.0
67.0 204.0 92.0 197.0
229.0 59.0 248.0 50.0
303.0 131.0 324.0 117.0
65.0 120.0 91.0 113.0
101.0 246.0 127.0 236.0
287.0 237.0 306.0 227.0
286.0 237.0 306.0 227.0
330.0 93.0 351.0 80.0
284.0 443.0 305.0 431.0
100.0 246.0 127.0 236.0
101.0 245.0 127.0 236.0
330.0 94.0 351.0 80.0
325.0 332.0 347.0 321.0
304.0 131.0 325.0 117.0
356.0 554.0 380.0 540.0
314.0 373.0 336.0 363.0
304.0 130.0 324.0 117.0
369.0 179.0 391.0 167.0
101.0 244.0 127.0 236.0
103.0 221.0 130.0 214.0
281.0 442.0 305.0 431.0
66.0 119.0 91.0 113.0
394.0 70.0 414.0 59.0
303.0 129.0 324.0 117.0
393.0 70.0 414.0 59.0
363.0 417.0 383.0 406.0
285.0 238.0 306.0 227.0
228.0 59.0 248.0 50.0
102.0 244.0 127.0 236.0
100.0 247.0 127.0 236.0
321.0 312.0 342.0 303.0
367.0 180.0 391.0 167.0
363.0 416.0 383.0 406.0
320.0 313.0 342.0 303.0
230.0 59.0 248.0 50.0
370.0 567.0 389.0 554.0
230.0 57.0 247.0 50.0
65.0 119.0 91.0 113.0
239.0 256.0 259.0 245.0
307.0 205.0 331.0 192.0
240.0 257.0 260.0 246.0
102.0 246.0 127.0 236.0
305.0 129.0 325.0 116.0
378.0 566.0 398.0 552.0
103.0 223.0 130.0 214.0
363.0 418.0 383.0 406.0
103.0 224.0 130.0 214.0
394.0 72.0 414.0 59.0
229.0 58.0 248.0 50.0
256.0 90.0 275.0 79.0
71.0 529.0 101.0 513.0
374.0 458.0 397.0 445.0
367.0 181.0 391.0 167.0
103.0 220.0 130.0 214.0
393.0 71.0 414.0 59.0
255.0 90.0 275.0 79.0
395.0 71.0 414.0 59.0
362.0 417.0 383.0 406.0
73.0 528.0 102.0 512.0
361.0 417.0 383.0 406.0
355.0 555.0 380.0 540.0
282.0 384.0 301.0 374.0
331.0 94.0 353.0 80.0
282.0 442.0 305.0 431.0
302.0 130.0 324.0 116.0
174.0 585.0 200.0 570.0
356.0 363.0 378.0 353.0
369.0 180.0 391.0 167.0
368.0 179.0 391.0 167.0
240.0 256.0 259.0 245.0
394.0 71.0 414.0 59.0
65.0 118.0 91.0 113.0
229.0 60.0 248.0 50.0
102.0 245.0 127.0 236.0
298.0 329.0 320.0 317.0
329.0 94.0 351.0 80.0
393.0 72.0 414.0 59.0
306.0 203.0 330.0 191.0
355.0 362.0 378.0 351.0
71.0 332.0 99.0 322.0
101.0 247.0 127.0 236.0
329.0 93.0 351.0 80.0
70.0 332.0 99.0 322.0
73.0 527.0 102.0 512.0
308.0 204.0 331.0 192.0
64.0 119.0 91.0 113.0
371.0 144.0 394.0 131.0
71.0 528.0 101.0 513.0
326.0 332.0 348.0 321.0
307.0 203.0 330.0 191.0
362.0 418.0 383.0 406.0
373.0 459.0 397.0 445.0
361.0 415.0 383.0 406.0
103.0 222.0 130.0 214.0
312.0 373.0 336.0 363.0
302.0 131.0 324.0 117.0
72.0 527.0 102.0 512.0
303.0 130.0 324.0 117.0
374.0 459.0 397.0 445.0
104.0 221.0 130.0 214.0
102.0 247.0 127.0 236.0
308.0 205.0 332.0 192.0
307.0 202.0 330.0 190.0
328.0 93.0 351.0 80.0
65.0 17.0 87.0 12.0
357.0 554.0 382.0 540.0
64.0 17.0 87.0 12.0
308.0 202.0 330.0 190.0
286.0 236.0 306.0 227.0
306.0 202.0 330.0 190.0
174.0 586.0 200.0 570.0
302.0 129.0 324.0 116.0
312.0 372.0 336.0 363.0
287.0 238.0 307.0 227.0
371.0 567.0 397.0 552.0
314.0 374.0 336.0 363.0
65.0 18.0 87.0 12.0
326.0 434.0 350.0 421.0
356.0 555.0 380.0 540.0
327.0 434.0 351.0 420.0
104.0 223.0 130.0 214.0
104.0 222.0 130.0 214.0
307.0 204.0 331.0 192.0
313.0 373.0 336.0 363.0
175.0 586.0 200.0 570.0
298.0 328.0 320.0 316.0
72.0 526.0 102.0 512.0
65.0 19.0 87.0 12.0
320.0 312.0 342.0 303.0
326.0 433.0 350.0 420.0
70.0 527.0 101.0 513.0
229.0 57.0 247.0 50.0
106.0 293.0 133.0 283.0
325.0 434.0 350.0 421.0
72.0 529.0 102.0 512.0
64.0 18.0 87.0 12.0
163.0 417.0 191.0 405.0
64.0 19.0 87.0 12.0
395.0 174.0 419.0 161.0
308.0 203.0 330.0 192.0
64.0 275.0 89.0 267.0
65.0 20.0 87.0 12.0
71.0 525.0 102.0 512.0
284.0 238.0 306.0 227.0
311.0 372.0 336.0 363.0
72.0 525.0 102.0 512.0
285.0 237.0 306.0 227.0
72.0 528.0 102.0 512.0
326.0 435.0 350.0 421.0
72.0 331.0 98.0 321.0
64.0 20.0 87.0 12.0
63.0 254.0 89.0 244.0
325.0 433.0 350.0 421.0
175.0 585.0 200.0 570.0
297.0 329.0 320.0 316.0
71.0 527.0 102.0 512.0
313.0 374.0 337.0 365.0
357.0 363.0 379.0 352.0
309.0 204.0 331.0 192.0
71.0 331.0 98.0 321.0
101.0 273.0 127.0 263.0
311.0 373.0 336.0 363.0
70.0 526.0 101.0 513.0
312.0 374.0 336.0 363.0
360.0 416.0 382.0 406.0
357.0 362.0 379.0 352.0
63.0 252.0 89.0 244.0
70.0 331.0 98.0 321.0
63.0 253.0 89.0 244.0
62.0 253.0 89.0 244.0
105.0 293.0 133.0 283.0
106.0 294.0 133.0 283.0
314.0 375.0 337.0 365.0
355.0 556.0 380.0 540.0
63.0 276.0 89.0 268.0
297.0 328.0 320.0 316.0
102.0 274.0 129.0 263.0
327.0 433.0 351.0 420.0
164.0 417.0 191.0 405.0
101.0 274.0 128.0 264.0
62.0 254.0 89.0 244.0
372.0 144.0 394.0 131.0
311.0 371.0 336.0 363.0
71.0 526.0 102.0 512.0
175.0 584.0 200.0 570.0
164.0 416.0 191.0 405.0
101.0 272.0 127.0 262.0
64.0 276.0 89.0 267.0
313.0 375.0 337.0 365.0
376.0 550.0 400.0 535.0
168.0 437.0 192.0 424.0
356.0 361.0 379.0 352.0
65.0 275.0 89.0 267.0
102.0 272.0 127.0 262.0
163.0 416.0 191.0 405.0
165.0 417.0 191.0 405.0
375.0 550.0 400.0 535.0
356.0 362.0 379.0 352.0
391.0 178.0 419.0 161.0
166.0 416.0 191.0 405.0
102.0 271.0 127.0 262.0
105.0 294.0 133.0 283.0
65.0 276.0 89.0 267.0
103.0 271.0 127.0 262.0
105.0 295.0 132.0 284.0
64.0 253.0 89.0 244.0
102.0 273.0 129.0 263.0
165.0 416.0 191.0 405.0
104.0 293.0 133.0 283.0
170.0 435.0 192.0 424.0
166.0 417.0 191.0 405.0
64.0 252.0 89.0 244.0
391.0 179.0 419.0 161.0
103.0 273.0 129.0 263.0
259.0 345.0 280.0 334.0
170.0 437.0 192.0 424.0
103.0 272.0 127.0 262.0
66.0 276.0 89.0 267.0
169.0 436.0 192.0 424.0
64.0 277.0 89.0 268.0
170.0 436.0 192.0 424.0
103.0 274.0 129.0 263.0
104.0 294.0 133.0 283.0
302.0 496.0 332.0 480.0
259.0 344.0 280.0 334.0
104.0 295.0 132.0 284.0
65.0 277.0 89.0 267.0
303.0 496.0 332.0 480.0
104.0 272.0 129.0 263.0
65.0 252.0 89.0 244.0
390.0 179.0 419.0 161.0
354.0 116.0 375.0 103.0
104.0 273.0 129.0 263.0
333.0 367.0 355.0 357.0
390.0 178.0 419.0 161.0
261.0 343.0 280.0 334.0
354.0 117.0 375.0 103.0
246.0 351.0 266.0 343.0
389.0 179.0 419.0 161.0
169.0 437.0 192.0 424.0
355.0 117.0 375.0 103.0
310.0 322.0 342.0 303.0
355.0 116.0 375.0 103.0
363.0 17.0 388.0 10.0
364.0 18.0 388.0 10.0
308.0 321.0 322.0 316.0
310.0 321.0 342.0 303.0
302.0 497.0 332.0 480.0
66.0 277.0 89.0 267.0
354.0 118.0 375.0 103.0
364.0 17.0 388.0 10.0
260.0 344.0 280.0 334.0
339.0 180.0 359.0 167.0
365.0 17.0 388.0 10.0
363.0 19.0 388.0 10.0
261.0 344.0 280.0 334.0
363.0 18.0 388.0 10.0
340.0 180.0 369.0 162.0
308.0 322.0 322.0 316.0
340.0 181.0 369.0 162.0
247.0 351.0 266.0 343.0
308.0 320.0 322.0 316.0
309.0 321.0 322.0 316.0
355.0 434.0 375.0 433.0
339.0 181.0 359.0 167.0
69.0 378.0 97.0 367.0
332.0 367.0 355.0 357.0
364.0 16.0 388.0 10.0
262.0 343.0 281.0 333.0
57.0 255.0 87.0 245.0
338.0 181.0 359.0 167.0
309.0 322.0 342.0 303.0
248.0 351.0 266.0 343.0
340.0 182.0 369.0 162.0
70.0 377.0 97.0 367.0
56.0 255.0 87.0 245.0
70.0 376.0 97.0 367.0
69.0 377.0 97.0 367.0
262.0 344.0 281.0 333.0
331.0 366.0 355.0 358.0
280.0 57.0 303.0 42.0
309.0 320.0 322.0 316.0
331.0 367.0 355.0 358.0
71.0 379.0 98.0 368.0
339.0 182.0 359.0 167.0
70.0 379.0 98.0 368.0
339.0 306.0 372.0 291.0
355.0 433.0 375.0 433.0
354.0 433.0 375.0 433.0
71.0 378.0 98.0 368.0
163.0 618.0 193.0 598.0
425.0 625.0 442.0 613.0
71.0 376.0 98.0 368.0
281.0 57.0 303.0 42.0
424.0 625.0 442.0 613.0
71.0 377.0 98.0 368.0
280.0 58.0 303.0 42.0
356.0 433.0 375.0 433.0
70.0 378.0 98.0 368.0
437.0 139.0 458.0 125.0
414.0 158.0 431.0 148.0
281.0 58.0 303.0 42.0
263.0 507.0 297.0 484.0
414.0 159.0 431.0 148.0
414.0 157.0 431.0 148.0
162.0 618.0 193.0 598.0
424.0 626.0 442.0 613.0
280.0 59.0 303.0 42.0
438.0 138.0 458.0 125.0
338.0 306.0 372.0 291.0
263.0 506.0 297.0 484.0
161.0 618.0 193.0 598.0
262.0 506.0 297.0 484.0
425.0 626.0 442.0 613.0
72.0 397.0 98.0 368.0
262.0 507.0 297.0 484.0
437.0 138.0 458.0 125.0
436.0 139.0 458.0 125.0
355.0 432.0 375.0 433.0
354.0 432.0 375.0 433.0
454.0 559.0 470.0 551.0
356.0 432.0 375.0 433.0
238.0 123.0 261.0 122.0
363.0 23.0 388.0 10.0
437.0 137.0 458.0 125.0
26.0 278.0 52.0 271.0
23.0 279.0 52.0 272.0
415.0 157.0 431.0 148.0
435.0 139.0 458.0 126.0
27.0 278.0 52.0 272.0
415.0 158.0 431.0 148.0
436.0 138.0 458.0 125.0
23.0 278.0 52.0 271.0
435.0 138.0 458.0 125.0
447.0 565.0 470.0 551.0
363.0 24.0 388.0 10.0
455.0 559.0 470.0 550.0
450.0 53.0 469.0 41.0
338.0 150.0 371.0 139.0
26.0 277.0 52.0 271.0
436.0 137.0 458.0 125.0
24.0 278.0 52.0 271.0
449.0 54.0 469.0 41.0
449.0 53.0 469.0 41.0
25.0 278.0 52.0 271.0
338.0 151.0 371.0 139.0
382.0 428.0 394.0 429.0
27.0 277.0 52.0 271.0
446.0 566.0 470.0 551.0
446.0 565.0 470.0 551.0
447.0 566.0 470.0 551.0
383.0 429.0 394.0 429.0
26.0 254.0 51.0 247.0
26.0 253.0 51.0 247.0
