241.0 318.0 240.0 317.0
219.0 356.0 218.0 355.0
218.0 357.0 217.0 356.0
219.0 357.0 217.0 356.0
308.0 253.0 309.0 253.0
307.0 252.0 309.0 252.0
220.0 356.0 218.0 355.0
397.0 415.0 396.0 417.0
329.0 226.0 331.0 227.0
308.0 252.0 309.0 253.0
220.0 357.0 218.0 355.0
241.0 317.0 240.0 317.0
328.0 226.0 331.0 227.0
240.0 318.0 240.0 317.0
328.0 227.0 330.0 227.0
212.0 387.0 210.0 385.0
239.0 83.0 241.0 78.0
308.0 254.0 309.0 253.0
252.0 406.0 248.0 406.0
239.0 262.0 238.0 260.0
252.0 407.0 248.0 406.0
356.0 414.0 355.0 416.0
187.0 257.0 185.0 255.0
309.0 253.0 309.0 253.0
396.0 415.0 396.0 417.0
238.0 261.0 238.0 260.0
397.0 414.0 396.0 417.0
320.0 338.0 319.0 338.0
240.0 317.0 239.0 316.0
360.0 367.0 361.0 370.0
350.0 457.0 348.0 459.0
307.0 253.0 309.0 253.0
239.0 84.0 241.0 78.0
238.0 263.0 238.0 260.0
364.0 465.0 362.0 467.0
356.0 413.0 355.0 416.0
396.0 414.0 396.0 417.0
212.0 388.0 209.0 386.0
251.0 406.0 248.0 405.0
349.0 457.0 348.0 459.0
120.0 228.0 118.0 224.0
361.0 368.0 361.0 370.0
238.0 262.0 238.0 260.0
307.0 254.0 309.0 253.0
361.0 367.0 361.0 370.0
364.0 466.0 362.0 468.0
362.0 368.0 361.0 370.0
364.0 467.0 362.0 469.0
116.0 442.0 112.0 440.0
398.0 414.0 398.0 417.0
377.0 432.0 375.0 434.0
357.0 414.0 355.0 416.0
147.0 441.0 143.0 440.0
136.0 333.0 132.0 330.0
138.0 287.0 135.0 283.0
363.0 466.0 362.0 468.0
334.0 537.0 331.0 537.0
116.0 443.0 112.0 440.0
377.0 433.0 375.0 434.0
356.0 412.0 355.0 416.0
335.0 537.0 331.0 537.0
115.0 443.0 112.0 440.0
135.0 630.0 129.0 626.0
110.0 178.0 109.0 173.0
107.0 368.0 102.0 367.0
349.0 456.0 348.0 459.0
357.0 413.0 355.0 416.0
271.0 385.0 270.0 384.0
350.0 456.0 348.0 458.0
378.0 432.0 376.0 434.0
311.0 331.0 310.0 332.0
139.0 288.0 136.0 283.0
237.0 262.0 238.0 260.0
396.0 413.0 396.0 417.0
334.0 538.0 331.0 537.0
139.0 287.0 135.0 283.0
130.0 304.0 128.0 301.0
187.0 258.0 185.0 255.0
308.0 629.0 302.0 628.0
82.0 226.0 80.0 222.0
370.0 352.0 372.0 356.0
130.0 305.0 128.0 301.0
106.0 369.0 102.0 367.0
350.0 455.0 348.0 458.0
335.0 538.0 331.0 537.0
171.0 541.0 165.0 538.0
140.0 287.0 136.0 283.0
376.0 433.0 375.0 435.0
136.0 631.0 129.0 626.0
138.0 288.0 135.0 283.0
181.0 436.0 177.0 433.0
169.0 620.0 162.0 615.0
397.0 413.0 396.0 417.0
131.0 304.0 128.0 301.0
52.0 459.0 48.0 458.0
90.0 419.0 84.0 418.0
91.0 309.0 88.0 306.0
183.0 169.0 183.0 164.0
216.0 90.0 218.0 84.0
168.0 619.0 162.0 615.0
215.0 90.0 218.0 84.0
135.0 631.0 129.0 626.0
237.0 263.0 238.0 260.0
106.0 368.0 102.0 367.0
107.0 369.0 102.0 367.0
168.0 620.0 162.0 615.0
186.0 258.0 185.0 255.0
370.0 353.0 372.0 356.0
48.0 192.0 45.0 185.0
309.0 630.0 302.0 628.0
378.0 431.0 376.0 434.0
181.0 437.0 177.0 433.0
148.0 442.0 143.0 440.0
136.0 630.0 129.0 626.0
218.0 287.0 217.0 285.0
121.0 322.0 117.0 319.0
82.0 227.0 80.0 222.0
270.0 385.0 270.0 385.0
308.0 630.0 302.0 628.0
219.0 288.0 218.0 286.0
171.0 540.0 165.0 538.0
111.0 179.0 109.0 173.0
140.0 288.0 137.0 284.0
121.0 323.0 117.0 319.0
172.0 540.0 165.0 538.0
215.0 91.0 218.0 84.0
48.0 191.0 45.0 185.0
182.0 436.0 177.0 433.0
342.0 406.0 340.0 408.0
165.0 194.0 164.0 190.0
89.0 419.0 84.0 418.0
148.0 441.0 143.0 440.0
271.0 384.0 270.0 384.0
377.0 431.0 376.0 434.0
128.0 33.0 127.0 25.0
83.0 226.0 80.0 222.0
182.0 168.0 183.0 163.0
186.0 259.0 185.0 255.0
161.0 349.0 158.0 347.0
201.0 80.0 202.0 74.0
83.0 227.0 80.0 222.0
216.0 91.0 218.0 84.0
182.0 609.0 176.0 605.0
53.0 460.0 48.0 458.0
127.0 34.0 127.0 25.0
168.0 621.0 162.0 615.0
90.0 420.0 84.0 418.0
197.0 300.0 195.0 299.0
196.0 300.0 195.0 299.0
169.0 621.0 162.0 615.0
219.0 287.0 217.0 286.0
92.0 309.0 88.0 306.0
200.0 80.0 202.0 74.0
142.0 522.0 137.0 519.0
341.0 406.0 340.0 408.0
183.0 609.0 176.0 605.0
78.0 543.0 73.0 539.0
82.0 228.0 80.0 222.0
91.0 375.0 85.0 374.0
127.0 35.0 127.0 25.0
77.0 459.0 69.0 458.0
195.0 300.0 195.0 299.0
197.0 301.0 195.0 299.0
140.0 289.0 137.0 284.0
142.0 523.0 137.0 519.0
131.0 305.0 128.0 301.0
183.0 168.0 183.0 163.0
89.0 420.0 84.0 418.0
141.0 247.0 139.0 242.0
48.0 190.0 45.0 185.0
181.0 44.0 182.0 37.0
54.0 460.0 50.0 458.0
28.0 142.0 25.0 133.0
394.0 318.0 396.0 322.0
65.0 339.0 61.0 335.0
225.0 576.0 219.0 572.0
300.0 587.0 294.0 586.0
172.0 384.0 168.0 381.0
340.0 343.0 341.0 344.0
165.0 193.0 165.0 189.0
47.0 191.0 45.0 185.0
77.0 458.0 68.0 457.0
79.0 543.0 73.0 539.0
53.0 459.0 48.0 458.0
192.0 203.0 192.0 199.0
161.0 350.0 158.0 347.0
193.0 203.0 192.0 198.0
152.0 140.0 152.0 133.0
166.0 194.0 165.0 190.0
181.0 45.0 182.0 37.0
152.0 139.0 152.0 133.0
90.0 375.0 85.0 374.0
166.0 193.0 165.0 189.0
21.0 255.0 18.0 248.0
73.0 518.0 68.0 513.0
394.0 319.0 395.0 323.0
54.0 459.0 50.0 458.0
48.0 366.0 43.0 363.0
193.0 202.0 192.0 198.0
151.0 139.0 152.0 133.0
22.0 254.0 18.0 248.0
22.0 255.0 18.0 248.0
46.0 366.0 42.0 364.0
74.0 518.0 68.0 513.0
202.0 81.0 202.0 74.0
78.0 544.0 73.0 539.0
143.0 523.0 137.0 519.0
301.0 587.0 294.0 586.0
193.0 204.0 192.0 199.0
47.0 367.0 43.0 364.0
155.0 162.0 154.0 157.0
162.0 350.0 158.0 347.0
182.0 45.0 182.0 37.0
196.0 301.0 195.0 299.0
120.0 323.0 117.0 319.0
44.0 250.0 41.0 243.0
154.0 162.0 154.0 157.0
143.0 522.0 137.0 519.0
393.0 318.0 395.0 323.0
201.0 81.0 202.0 74.0
80.0 543.0 73.0 539.0
122.0 249.0 120.0 248.0
192.0 202.0 191.0 198.0
151.0 140.0 152.0 133.0
162.0 349.0 158.0 347.0
191.0 203.0 191.0 198.0
224.0 575.0 219.0 572.0
192.0 204.0 192.0 199.0
300.0 586.0 294.0 586.0
89.0 375.0 85.0 374.0
14.0 304.0 8.0 298.0
80.0 544.0 73.0 539.0
22.0 256.0 18.0 248.0
13.0 304.0 8.0 298.0
45.0 250.0 41.0 243.0
13.0 19.0 11.0 6.0
78.0 459.0 69.0 458.0
44.0 249.0 40.0 241.0
150.0 379.0 148.0 377.0
200.0 81.0 202.0 74.0
79.0 544.0 73.0 539.0
393.0 320.0 395.0 323.0
173.0 384.0 169.0 382.0
65.0 356.0 59.0 352.0
12.0 304.0 8.0 298.0
78.0 458.0 69.0 458.0
21.0 379.0 17.0 376.0
225.0 575.0 219.0 572.0
393.0 319.0 395.0 323.0
27.0 142.0 25.0 133.0
47.0 365.0 42.0 363.0
80.0 545.0 73.0 539.0
93.0 522.0 87.0 519.0
90.0 374.0 85.0 374.0
141.0 17.0 142.0 10.0
23.0 256.0 18.0 248.0
201.0 82.0 201.0 74.0
47.0 366.0 43.0 363.0
23.0 255.0 18.0 248.0
21.0 380.0 17.0 376.0
392.0 318.0 395.0 323.0
224.0 574.0 219.0 572.0
13.0 20.0 11.0 6.0
45.0 249.0 40.0 242.0
385.0 276.0 388.0 279.0
392.0 319.0 395.0 323.0
21.0 378.0 17.0 376.0
64.0 356.0 59.0 352.0
123.0 249.0 120.0 248.0
151.0 378.0 148.0 377.0
155.0 163.0 154.0 157.0
301.0 586.0 294.0 586.0
225.0 574.0 219.0 572.0
74.0 519.0 68.0 514.0
28.0 143.0 25.0 133.0
226.0 575.0 219.0 572.0
75.0 518.0 68.0 513.0
141.0 288.0 137.0 284.0
33.0 326.0 29.0 320.0
142.0 18.0 142.0 10.0
302.0 587.0 294.0 586.0
385.0 277.0 388.0 279.0
22.0 378.0 17.0 376.0
89.0 374.0 85.0 374.0
22.0 379.0 17.0 376.0
58.0 263.0 54.0 257.0
61.0 281.0 59.0 277.0
59.0 264.0 54.0 257.0
137.0 162.0 135.0 157.0
151.0 379.0 148.0 377.0
62.0 281.0 59.0 277.0
34.0 326.0 29.0 320.0
13.0 479.0 7.0 474.0
93.0 521.0 87.0 519.0
218.0 73.0 220.0 67.0
141.0 18.0 142.0 10.0
197.0 59.0 198.0 52.0
218.0 72.0 219.0 66.0
75.0 519.0 68.0 514.0
217.0 73.0 219.0 66.0
120.0 324.0 117.0 319.0
79.0 545.0 73.0 539.0
28.0 144.0 24.0 134.0
150.0 378.0 147.0 377.0
217.0 72.0 219.0 66.0
383.0 277.0 387.0 279.0
142.0 19.0 142.0 10.0
61.0 280.0 59.0 277.0
33.0 184.0 30.0 176.0
384.0 278.0 387.0 280.0
59.0 263.0 54.0 257.0
384.0 276.0 387.0 279.0
219.0 72.0 219.0 66.0
90.0 568.0 84.0 562.0
35.0 326.0 29.0 320.0
66.0 555.0 59.0 549.0
14.0 479.0 7.0 474.0
211.0 586.0 205.0 582.0
140.0 18.0 141.0 9.0
90.0 567.0 84.0 562.0
35.0 327.0 29.0 320.0
34.0 327.0 29.0 320.0
384.0 277.0 387.0 280.0
137.0 163.0 135.0 157.0
26.0 239.0 21.0 230.0
154.0 163.0 154.0 157.0
211.0 587.0 205.0 582.0
92.0 521.0 87.0 519.0
62.0 280.0 59.0 277.0
26.0 237.0 21.0 230.0
167.0 118.0 168.0 113.0
140.0 19.0 141.0 9.0
14.0 478.0 7.0 474.0
211.0 585.0 205.0 583.0
27.0 238.0 21.0 230.0
26.0 238.0 21.0 230.0
167.0 119.0 168.0 113.0
91.0 568.0 84.0 562.0
141.0 19.0 142.0 10.0
91.0 567.0 84.0 562.0
27.0 239.0 21.0 230.0
61.0 58.0 59.0 49.0
61.0 57.0 59.0 49.0
197.0 58.0 198.0 52.0
384.0 275.0 387.0 279.0
15.0 478.0 7.0 474.0
34.0 184.0 30.0 176.0
60.0 57.0 59.0 49.0
90.0 566.0 84.0 562.0
139.0 67.0 140.0 57.0
198.0 59.0 198.0 52.0
67.0 555.0 59.0 549.0
91.0 566.0 84.0 562.0
407.0 596.0 400.0 590.0
27.0 237.0 21.0 230.0
383.0 276.0 387.0 279.0
75.0 252.0 71.0 246.0
34.0 183.0 30.0 176.0
60.0 58.0 59.0 49.0
15.0 479.0 7.0 474.0
166.0 119.0 167.0 113.0
198.0 58.0 198.0 52.0
75.0 253.0 71.0 246.0
199.0 58.0 198.0 52.0
169.0 187.0 165.0 188.0
407.0 597.0 400.0 590.0
330.0 560.0 329.0 553.0
76.0 253.0 71.0 246.0
447.0 516.0 444.0 512.0
76.0 252.0 71.0 246.0
331.0 560.0 329.0 553.0
330.0 561.0 329.0 553.0
446.0 516.0 444.0 512.0
448.0 516.0 444.0 512.0
256.0 399.0 250.0 405.0
40.0 403.0 31.0 406.0
447.0 517.0 444.0 512.0
331.0 561.0 329.0 553.0
220.0 475.0 228.0 468.0
448.0 517.0 444.0 512.0
6.0 501.0 7.0 475.0
219.0 475.0 228.0 468.0
330.0 562.0 329.0 553.0
220.0 476.0 228.0 468.0
331.0 562.0 329.0 553.0
219.0 476.0 228.0 468.0
6.0 239.0 16.0 246.0
5.0 239.0 16.0 246.0
