314.0 97.0 317.0 89.0
314.0 96.0 317.0 89.0
280.0 498.0 280.0 493.0
280.0 499.0 280.0 493.0
448.0 206.0 450.0 198.0
250.0 116.0 253.0 106.0
448.0 205.0 450.0 198.0
125.0 109.0 128.0 99.0
281.0 498.0 280.0 493.0
251.0 116.0 254.0 107.0
313.0 96.0 317.0 89.0
370.0 256.0 372.0 253.0
280.0 500.0 280.0 493.0
315.0 95.0 318.0 87.0
126.0 109.0 128.0 99.0
251.0 115.0 254.0 106.0
146.0 524.0 149.0 515.0
448.0 207.0 450.0 198.0
316.0 94.0 318.0 87.0
315.0 94.0 318.0 87.0
314.0 94.0 318.0 87.0
126.0 108.0 128.0 99.0
249.0 114.0 253.0 106.0
447.0 206.0 450.0 198.0
249.0 115.0 253.0 106.0
446.0 205.0 449.0 198.0
314.0 95.0 317.0 89.0
234.0 548.0 235.0 539.0
250.0 115.0 253.0 106.0
281.0 499.0 280.0 493.0
369.0 257.0 372.0 253.0
251.0 114.0 254.0 105.0
176.0 509.0 178.0 500.0
125.0 108.0 128.0 99.0
447.0 205.0 450.0 198.0
315.0 93.0 318.0 87.0
370.0 257.0 372.0 253.0
280.0 501.0 280.0 493.0
281.0 500.0 281.0 493.0
177.0 509.0 179.0 500.0
127.0 108.0 128.0 99.0
250.0 114.0 253.0 106.0
126.0 107.0 128.0 99.0
368.0 257.0 372.0 253.0
369.0 258.0 371.0 253.0
235.0 548.0 236.0 539.0
409.0 282.0 409.0 275.0
176.0 508.0 178.0 499.0
127.0 107.0 128.0 99.0
250.0 113.0 254.0 105.0
127.0 109.0 129.0 100.0
175.0 508.0 178.0 501.0
369.0 256.0 371.0 252.0
370.0 258.0 371.0 253.0
399.0 194.0 402.0 188.0
174.0 509.0 178.0 501.0
227.0 581.0 227.0 572.0
453.0 296.0 454.0 289.0
420.0 226.0 422.0 220.0
145.0 523.0 148.0 513.0
228.0 580.0 228.0 571.0
421.0 226.0 422.0 220.0
145.0 128.0 148.0 118.0
226.0 581.0 227.0 572.0
145.0 524.0 148.0 513.0
399.0 195.0 402.0 188.0
453.0 295.0 454.0 289.0
144.0 129.0 148.0 118.0
394.0 199.0 397.0 193.0
226.0 580.0 227.0 572.0
146.0 523.0 149.0 512.0
147.0 522.0 149.0 512.0
144.0 128.0 148.0 118.0
453.0 297.0 454.0 289.0
428.0 69.0 433.0 61.0
12.0 184.0 17.0 173.0
421.0 225.0 422.0 220.0
368.0 258.0 371.0 253.0
395.0 199.0 397.0 192.0
227.0 580.0 228.0 571.0
420.0 225.0 422.0 220.0
398.0 195.0 402.0 188.0
175.0 509.0 178.0 500.0
144.0 130.0 148.0 118.0
369.0 259.0 371.0 253.0
398.0 194.0 402.0 188.0
421.0 224.0 422.0 220.0
176.0 510.0 179.0 501.0
146.0 522.0 149.0 512.0
144.0 131.0 149.0 119.0
437.0 157.0 442.0 151.0
429.0 70.0 433.0 61.0
145.0 129.0 148.0 118.0
408.0 282.0 409.0 275.0
145.0 130.0 148.0 118.0
452.0 295.0 454.0 289.0
177.0 510.0 179.0 501.0
227.0 582.0 227.0 572.0
370.0 259.0 371.0 253.0
371.0 257.0 372.0 253.0
10.0 184.0 16.0 174.0
175.0 510.0 178.0 500.0
419.0 226.0 421.0 221.0
226.0 88.0 229.0 78.0
9.0 184.0 16.0 174.0
10.0 183.0 16.0 173.0
11.0 183.0 17.0 173.0
227.0 89.0 230.0 79.0
420.0 227.0 422.0 220.0
167.0 451.0 169.0 444.0
409.0 281.0 409.0 275.0
407.0 282.0 409.0 275.0
170.0 560.0 173.0 549.0
395.0 198.0 397.0 192.0
155.0 493.0 157.0 484.0
11.0 184.0 17.0 173.0
394.0 198.0 397.0 193.0
438.0 156.0 442.0 150.0
466.0 83.0 471.0 76.0
155.0 494.0 157.0 484.0
228.0 581.0 228.0 572.0
452.0 296.0 454.0 289.0
156.0 494.0 158.0 485.0
146.0 521.0 149.0 512.0
371.0 258.0 371.0 253.0
43.0 157.0 46.0 148.0
43.0 159.0 45.0 148.0
222.0 550.0 222.0 539.0
169.0 560.0 173.0 549.0
145.0 522.0 148.0 513.0
436.0 157.0 442.0 152.0
43.0 158.0 45.0 148.0
437.0 156.0 441.0 150.0
228.0 89.0 230.0 79.0
226.0 87.0 229.0 78.0
452.0 297.0 454.0 289.0
154.0 494.0 156.0 484.0
212.0 564.0 213.0 555.0
428.0 70.0 433.0 61.0
154.0 493.0 156.0 484.0
221.0 550.0 222.0 539.0
451.0 296.0 454.0 289.0
211.0 562.0 214.0 555.0
466.0 84.0 471.0 76.0
2.0 69.0 10.0 64.0
7.0 240.0 10.0 233.0
3.0 69.0 10.0 64.0
427.0 70.0 431.0 61.0
220.0 550.0 222.0 540.0
2.0 70.0 10.0 64.0
222.0 549.0 222.0 539.0
428.0 71.0 433.0 61.0
221.0 549.0 222.0 539.0
212.0 562.0 214.0 555.0
227.0 88.0 229.0 78.0
228.0 88.0 230.0 79.0
154.0 495.0 157.0 486.0
427.0 72.0 431.0 61.0
7.0 242.0 10.0 233.0
154.0 496.0 157.0 486.0
8.0 241.0 10.0 233.0
9.0 242.0 10.0 233.0
155.0 495.0 157.0 486.0
84.0 587.0 88.0 574.0
408.0 281.0 409.0 275.0
182.0 437.0 184.0 429.0
211.0 563.0 214.0 555.0
118.0 452.0 122.0 441.0
448.0 252.0 448.0 246.0
448.0 253.0 448.0 246.0
7.0 241.0 10.0 233.0
8.0 242.0 10.0 233.0
227.0 86.0 229.0 78.0
427.0 71.0 431.0 61.0
42.0 157.0 45.0 148.0
6.0 241.0 10.0 233.0
170.0 561.0 173.0 549.0
447.0 253.0 448.0 246.0
206.0 539.0 222.0 539.0
219.0 482.0 226.0 478.0
228.0 87.0 230.0 79.0
212.0 563.0 214.0 555.0
227.0 87.0 229.0 78.0
170.0 559.0 173.0 549.0
42.0 159.0 45.0 148.0
119.0 452.0 122.0 441.0
206.0 540.0 222.0 539.0
117.0 125.0 124.0 115.0
84.0 586.0 88.0 574.0
435.0 157.0 442.0 152.0
218.0 483.0 226.0 478.0
228.0 86.0 230.0 79.0
218.0 482.0 226.0 478.0
9.0 241.0 11.0 234.0
470.0 120.0 474.0 113.0
469.0 120.0 474.0 113.0
78.0 400.0 83.0 390.0
205.0 540.0 222.0 539.0
201.0 472.0 203.0 464.0
118.0 451.0 122.0 441.0
470.0 119.0 474.0 113.0
188.0 605.0 188.0 595.0
42.0 158.0 45.0 148.0
120.0 451.0 122.0 441.0
114.0 569.0 117.0 560.0
118.0 450.0 122.0 441.0
115.0 569.0 117.0 560.0
474.0 245.0 474.0 241.0
471.0 119.0 474.0 113.0
10.0 242.0 11.0 234.0
114.0 568.0 117.0 560.0
84.0 585.0 88.0 574.0
475.0 245.0 474.0 241.0
83.0 585.0 88.0 574.0
119.0 451.0 122.0 441.0
138.0 575.0 144.0 562.0
473.0 246.0 474.0 241.0
118.0 124.0 124.0 115.0
474.0 246.0 474.0 241.0
446.0 254.0 447.0 248.0
188.0 604.0 188.0 595.0
475.0 246.0 474.0 241.0
86.0 27.0 89.0 22.0
119.0 450.0 122.0 441.0
64.0 476.0 69.0 466.0
219.0 481.0 226.0 478.0
86.0 28.0 88.0 22.0
338.0 51.0 341.0 39.0
117.0 124.0 124.0 115.0
115.0 568.0 117.0 560.0
65.0 478.0 69.0 466.0
83.0 587.0 87.0 575.0
83.0 586.0 88.0 574.0
41.0 159.0 45.0 148.0
138.0 574.0 144.0 562.0
117.0 328.0 121.0 320.0
65.0 476.0 69.0 466.0
78.0 399.0 83.0 390.0
474.0 247.0 474.0 241.0
475.0 247.0 474.0 241.0
86.0 29.0 88.0 22.0
87.0 29.0 88.0 22.0
80.0 274.0 80.0 270.0
118.0 123.0 124.0 115.0
89.0 332.0 93.0 325.0
118.0 327.0 121.0 320.0
65.0 477.0 69.0 466.0
87.0 27.0 89.0 22.0
87.0 28.0 88.0 22.0
447.0 254.0 448.0 248.0
46.0 520.0 51.0 510.0
64.0 477.0 69.0 466.0
46.0 519.0 51.0 510.0
116.0 124.0 124.0 115.0
88.0 332.0 93.0 325.0
65.0 196.0 64.0 183.0
79.0 399.0 83.0 389.0
253.0 18.0 257.0 8.0
64.0 478.0 69.0 466.0
254.0 17.0 257.0 8.0
88.0 333.0 92.0 326.0
41.0 158.0 45.0 148.0
436.0 90.0 435.0 87.0
89.0 331.0 93.0 325.0
82.0 586.0 87.0 574.0
170.0 594.0 175.0 587.0
437.0 90.0 435.0 87.0
82.0 585.0 87.0 574.0
117.0 123.0 124.0 115.0
171.0 594.0 175.0 587.0
78.0 398.0 83.0 390.0
48.0 520.0 51.0 510.0
254.0 18.0 258.0 8.0
437.0 91.0 435.0 87.0
81.0 365.0 82.0 356.0
170.0 593.0 175.0 587.0
65.0 197.0 64.0 183.0
81.0 364.0 82.0 356.0
171.0 593.0 175.0 587.0
79.0 398.0 83.0 390.0
90.0 97.0 94.0 90.0
82.0 587.0 87.0 575.0
48.0 519.0 51.0 510.0
66.0 197.0 64.0 183.0
80.0 364.0 82.0 356.0
253.0 19.0 258.0 8.0
47.0 519.0 51.0 510.0
91.0 134.0 101.0 123.0
447.0 255.0 448.0 248.0
107.0 327.0 111.0 320.0
47.0 520.0 51.0 510.0
91.0 135.0 101.0 123.0
254.0 19.0 258.0 8.0
29.0 357.0 42.0 343.0
205.0 541.0 222.0 540.0
81.0 274.0 80.0 270.0
446.0 255.0 447.0 248.0
58.0 364.0 63.0 355.0
66.0 196.0 64.0 183.0
90.0 98.0 94.0 90.0
49.0 182.0 51.0 165.0
91.0 97.0 94.0 90.0
90.0 135.0 101.0 123.0
219.0 43.0 233.0 39.0
29.0 358.0 42.0 343.0
59.0 365.0 63.0 357.0
50.0 182.0 51.0 165.0
58.0 365.0 63.0 355.0
218.0 44.0 233.0 39.0
59.0 364.0 63.0 355.0
30.0 357.0 42.0 343.0
218.0 43.0 233.0 39.0
21.0 615.0 33.0 632.0
177.0 594.0 175.0 587.0
50.0 183.0 51.0 165.0
22.0 615.0 33.0 632.0
48.0 182.0 51.0 165.0
27.0 382.0 30.0 372.0
26.0 381.0 30.0 372.0
27.0 381.0 30.0 372.0
178.0 594.0 175.0 587.0
69.0 377.0 73.0 369.0
49.0 183.0 51.0 165.0
218.0 42.0 233.0 39.0
27.0 31.0 43.0 23.0
28.0 358.0 42.0 343.0
41.0 336.0 46.0 325.0
30.0 358.0 42.0 343.0
27.0 30.0 44.0 23.0
58.0 363.0 63.0 355.0
49.0 184.0 51.0 165.0
217.0 43.0 233.0 39.0
42.0 289.0 43.0 291.0
57.0 365.0 61.0 357.0
50.0 398.0 54.0 389.0
50.0 399.0 54.0 389.0
51.0 400.0 54.0 389.0
26.0 31.0 43.0 23.0
67.0 196.0 64.0 183.0
48.0 183.0 51.0 165.0
51.0 399.0 54.0 389.0
42.0 288.0 43.0 291.0
49.0 351.0 56.0 342.0
70.0 376.0 73.0 369.0
42.0 290.0 43.0 291.0
32.0 448.0 40.0 436.0
3.0 464.0 9.0 455.0
2.0 464.0 9.0 455.0
69.0 376.0 73.0 369.0
43.0 289.0 43.0 291.0
32.0 447.0 40.0 436.0
50.0 400.0 54.0 389.0
48.0 481.0 69.0 465.0
43.0 288.0 43.0 291.0
34.0 465.0 44.0 455.0
26.0 380.0 30.0 372.0
64.0 12.0 65.0 2.0
71.0 375.0 73.0 369.0
63.0 12.0 65.0 2.0
70.0 375.0 73.0 369.0
43.0 290.0 43.0 291.0
22.0 312.0 29.0 303.0
82.0 266.0 80.0 270.0
27.0 380.0 30.0 372.0
71.0 376.0 73.0 369.0
47.0 480.0 68.0 465.0
22.0 314.0 29.0 303.0
416.0 14.0 428.0 23.0
31.0 448.0 41.0 437.0
416.0 13.0 428.0 23.0
417.0 13.0 428.0 23.0
81.0 266.0 80.0 270.0
51.0 398.0 54.0 389.0
49.0 349.0 56.0 342.0
417.0 14.0 428.0 23.0
49.0 350.0 56.0 342.0
23.0 314.0 29.0 303.0
127.0 598.0 121.0 596.0
34.0 466.0 44.0 455.0
23.0 313.0 30.0 304.0
160.0 529.0 149.0 513.0
33.0 465.0 44.0 455.0
31.0 447.0 40.0 436.0
22.0 313.0 29.0 303.0
69.0 375.0 73.0 369.0
77.0 637.0 94.0 599.0
63.0 301.0 69.0 305.0
82.0 85.0 83.0 78.0
50.0 117.0 52.0 75.0
78.0 637.0 94.0 599.0
50.0 118.0 52.0 75.0
51.0 118.0 52.0 75.0
47.0 481.0 68.0 465.0
23.0 312.0 30.0 304.0
33.0 50.0 42.0 48.0
51.0 117.0 52.0 75.0
418.0 13.0 428.0 23.0
81.0 86.0 83.0 78.0
44.0 374.0 44.0 364.0
81.0 84.0 83.0 78.0
96.0 50.0 102.0 36.0
160.0 530.0 149.0 513.0
161.0 528.0 149.0 513.0
417.0 12.0 428.0 23.0
30.0 447.0 41.0 437.0
48.0 350.0 56.0 342.0
34.0 467.0 44.0 455.0
30.0 448.0 41.0 437.0
15.0 597.0 5.0 607.0
33.0 466.0 44.0 455.0
32.0 465.0 44.0 455.0
80.0 85.0 83.0 78.0
51.0 134.0 60.0 123.0
161.0 529.0 149.0 513.0
43.0 374.0 44.0 364.0
80.0 86.0 83.0 78.0
33.0 49.0 42.0 48.0
28.0 516.0 32.0 498.0
52.0 134.0 60.0 123.0
48.0 351.0 56.0 342.0
29.0 516.0 32.0 498.0
263.0 8.0 258.0 7.0
264.0 7.0 258.0 7.0
81.0 85.0 83.0 78.0
263.0 7.0 258.0 7.0
159.0 510.0 177.0 500.0
43.0 375.0 44.0 364.0
162.0 528.0 149.0 513.0
29.0 517.0 32.0 498.0
50.0 100.0 52.0 75.0
28.0 517.0 32.0 498.0
161.0 530.0 149.0 513.0
158.0 510.0 157.0 486.0
473.0 52.0 474.0 113.0
30.0 517.0 32.0 498.0
472.0 52.0 474.0 113.0
