10.0 264.0 9.0 293.0
9.0 265.0 9.0 293.0
10.0 265.0 9.0 293.0
10.0 263.0 9.0 293.0
11.0 265.0 9.0 293.0
9.0 264.0 9.0 293.0
9.0 263.0 9.0 293.0
11.0 264.0 9.0 293.0
212.0 492.0 211.0 525.0
321.0 114.0 319.0 147.0
274.0 156.0 273.0 191.0
213.0 491.0 211.0 525.0
77.0 396.0 74.0 429.0
119.0 420.0 115.0 451.0
150.0 204.0 151.0 235.0
211.0 492.0 211.0 527.0
212.0 490.0 211.0 525.0
274.0 155.0 273.0 191.0
382.0 359.0 384.0 393.0
384.0 360.0 385.0 391.0
118.0 420.0 115.0 451.0
8.0 265.0 9.0 293.0
117.0 421.0 114.0 453.0
383.0 358.0 385.0 391.0
8.0 264.0 9.0 293.0
383.0 360.0 385.0 391.0
383.0 359.0 385.0 391.0
149.0 204.0 151.0 235.0
384.0 359.0 385.0 391.0
8.0 288.0 7.0 317.0
406.0 246.0 405.0 280.0
384.0 358.0 385.0 391.0
7.0 288.0 7.0 317.0
77.0 394.0 74.0 428.0
8.0 287.0 7.0 317.0
403.0 159.0 402.0 193.0
205.0 331.0 205.0 361.0
387.0 318.0 388.0 349.0
164.0 472.0 162.0 507.0
7.0 287.0 7.0 317.0
77.0 395.0 74.0 428.0
149.0 205.0 150.0 235.0
212.0 491.0 211.0 525.0
78.0 396.0 74.0 428.0
184.0 451.0 182.0 489.0
44.0 376.0 43.0 407.0
406.0 185.0 405.0 218.0
403.0 158.0 402.0 192.0
9.0 287.0 7.0 317.0
184.0 452.0 182.0 489.0
363.0 62.0 361.0 99.0
205.0 332.0 205.0 361.0
404.0 158.0 402.0 192.0
118.0 421.0 114.0 453.0
148.0 377.0 147.0 407.0
184.0 359.0 183.0 389.0
184.0 358.0 183.0 389.0
150.0 205.0 150.0 235.0
185.0 359.0 183.0 389.0
406.0 186.0 405.0 218.0
76.0 395.0 74.0 428.0
174.0 382.0 173.0 412.0
100.0 382.0 96.0 415.0
407.0 186.0 405.0 218.0
165.0 472.0 163.0 506.0
211.0 491.0 211.0 525.0
9.0 288.0 7.0 317.0
275.0 154.0 273.0 191.0
44.0 377.0 42.0 409.0
205.0 333.0 205.0 361.0
211.0 490.0 211.0 525.0
387.0 317.0 388.0 349.0
404.0 157.0 402.0 192.0
404.0 159.0 402.0 193.0
183.0 358.0 182.0 388.0
402.0 79.0 399.0 115.0
183.0 359.0 183.0 389.0
78.0 395.0 74.0 428.0
45.0 376.0 43.0 407.0
8.0 286.0 7.0 317.0
395.0 300.0 396.0 329.0
7.0 286.0 7.0 317.0
212.0 489.0 211.0 525.0
99.0 381.0 96.0 415.0
164.0 471.0 163.0 506.0
119.0 421.0 114.0 453.0
44.0 378.0 42.0 409.0
362.0 62.0 361.0 99.0
405.0 246.0 405.0 280.0
386.0 317.0 388.0 348.0
78.0 394.0 74.0 428.0
150.0 376.0 148.0 407.0
364.0 63.0 361.0 99.0
274.0 154.0 273.0 191.0
316.0 157.0 316.0 189.0
387.0 319.0 389.0 348.0
118.0 422.0 114.0 453.0
206.0 333.0 205.0 361.0
45.0 378.0 42.0 409.0
363.0 63.0 361.0 99.0
77.0 529.0 74.0 565.0
174.0 383.0 173.0 412.0
149.0 197.0 149.0 233.0
406.0 187.0 405.0 218.0
184.0 360.0 183.0 389.0
448.0 511.0 454.0 548.0
183.0 360.0 183.0 389.0
382.0 358.0 384.0 393.0
367.0 81.0 366.0 116.0
45.0 377.0 42.0 409.0
405.0 186.0 405.0 218.0
205.0 334.0 205.0 361.0
43.0 377.0 42.0 409.0
316.0 156.0 316.0 189.0
43.0 376.0 42.0 409.0
340.0 106.0 339.0 141.0
76.0 345.0 74.0 377.0
150.0 197.0 149.0 233.0
401.0 78.0 399.0 114.0
386.0 319.0 388.0 349.0
408.0 142.0 406.0 177.0
362.0 63.0 360.0 99.0
149.0 377.0 147.0 407.0
386.0 318.0 388.0 349.0
204.0 332.0 205.0 361.0
204.0 333.0 205.0 361.0
100.0 381.0 96.0 415.0
406.0 245.0 405.0 280.0
78.0 530.0 74.0 565.0
75.0 345.0 74.0 377.0
274.0 153.0 273.0 191.0
185.0 360.0 183.0 389.0
314.0 136.0 311.0 171.0
211.0 279.0 210.0 314.0
402.0 78.0 399.0 115.0
314.0 135.0 311.0 171.0
149.0 376.0 147.0 407.0
100.0 380.0 96.0 415.0
77.0 530.0 73.0 565.0
447.0 511.0 453.0 549.0
57.0 225.0 57.0 257.0
175.0 382.0 173.0 412.0
425.0 148.0 423.0 183.0
59.0 226.0 57.0 257.0
76.0 344.0 74.0 377.0
340.0 107.0 338.0 141.0
405.0 187.0 405.0 218.0
448.0 510.0 454.0 548.0
119.0 422.0 115.0 453.0
76.0 529.0 73.0 566.0
408.0 141.0 406.0 177.0
58.0 225.0 57.0 257.0
200.0 545.0 199.0 580.0
315.0 156.0 315.0 189.0
173.0 383.0 173.0 412.0
78.0 529.0 74.0 565.0
336.0 447.0 339.0 485.0
337.0 447.0 339.0 485.0
42.0 529.0 37.0 565.0
77.0 528.0 74.0 565.0
405.0 245.0 405.0 280.0
44.0 529.0 37.0 565.0
76.0 343.0 74.0 377.0
102.0 515.0 97.0 555.0
43.0 529.0 37.0 565.0
474.0 109.0 469.0 144.0
275.0 153.0 273.0 191.0
475.0 109.0 469.0 144.0
402.0 77.0 399.0 114.0
315.0 135.0 311.0 171.0
367.0 82.0 366.0 116.0
315.0 136.0 311.0 171.0
363.0 64.0 361.0 99.0
447.0 510.0 454.0 548.0
287.0 459.0 288.0 495.0
101.0 515.0 97.0 555.0
349.0 486.0 352.0 520.0
425.0 145.0 422.0 181.0
204.0 334.0 205.0 361.0
348.0 485.0 352.0 518.0
407.0 187.0 405.0 218.0
289.0 459.0 289.0 495.0
42.0 528.0 37.0 565.0
106.0 532.0 101.0 571.0
425.0 146.0 422.0 181.0
106.0 531.0 102.0 572.0
78.0 528.0 74.0 565.0
175.0 383.0 173.0 412.0
341.0 106.0 339.0 141.0
101.0 516.0 97.0 555.0
342.0 106.0 340.0 140.0
105.0 532.0 101.0 571.0
475.0 108.0 469.0 144.0
394.0 301.0 396.0 329.0
288.0 458.0 289.0 495.0
59.0 225.0 58.0 256.0
105.0 531.0 101.0 571.0
425.0 147.0 422.0 182.0
102.0 516.0 97.0 555.0
103.0 516.0 97.0 555.0
60.0 225.0 58.0 256.0
406.0 244.0 405.0 280.0
424.0 145.0 421.0 181.0
75.0 344.0 74.0 377.0
394.0 300.0 396.0 329.0
418.0 123.0 416.0 161.0
149.0 196.0 149.0 233.0
106.0 533.0 101.0 572.0
395.0 301.0 397.0 329.0
287.0 458.0 289.0 494.0
408.0 140.0 406.0 176.0
335.0 447.0 339.0 485.0
288.0 459.0 289.0 495.0
349.0 485.0 352.0 520.0
474.0 108.0 469.0 144.0
99.0 380.0 96.0 415.0
200.0 546.0 199.0 580.0
426.0 146.0 422.0 181.0
425.0 144.0 423.0 181.0
200.0 547.0 199.0 580.0
418.0 124.0 416.0 161.0
426.0 147.0 422.0 181.0
58.0 226.0 57.0 257.0
362.0 64.0 360.0 99.0
341.0 107.0 339.0 141.0
58.0 224.0 58.0 256.0
395.0 302.0 397.0 329.0
57.0 226.0 57.0 257.0
287.0 460.0 288.0 495.0
368.0 82.0 366.0 116.0
288.0 460.0 289.0 495.0
406.0 188.0 405.0 218.0
403.0 78.0 399.0 115.0
57.0 224.0 58.0 256.0
174.0 384.0 173.0 412.0
60.0 224.0 58.0 256.0
127.0 479.0 124.0 517.0
199.0 546.0 199.0 580.0
126.0 487.0 124.0 519.0
103.0 515.0 97.0 554.0
173.0 384.0 173.0 412.0
59.0 224.0 58.0 256.0
201.0 470.0 199.0 504.0
103.0 514.0 97.0 554.0
49.0 530.0 45.0 566.0
419.0 124.0 416.0 161.0
126.0 478.0 124.0 517.0
58.0 223.0 58.0 256.0
104.0 515.0 97.0 554.0
424.0 147.0 421.0 182.0
128.0 478.0 124.0 517.0
424.0 146.0 421.0 181.0
201.0 471.0 199.0 504.0
418.0 122.0 416.0 161.0
342.0 107.0 340.0 140.0
50.0 530.0 45.0 566.0
105.0 533.0 101.0 572.0
126.0 477.0 124.0 517.0
37.0 548.0 33.0 583.0
419.0 123.0 416.0 161.0
38.0 548.0 33.0 583.0
394.0 302.0 397.0 329.0
403.0 77.0 399.0 114.0
127.0 478.0 124.0 517.0
49.0 529.0 45.0 566.0
313.0 445.0 317.0 482.0
175.0 384.0 173.0 412.0
201.0 472.0 199.0 504.0
314.0 445.0 317.0 482.0
50.0 529.0 45.0 566.0
19.0 547.0 15.0 585.0
20.0 546.0 15.0 584.0
20.0 548.0 15.0 585.0
288.0 461.0 289.0 495.0
162.0 54.0 162.0 86.0
37.0 547.0 32.0 583.0
202.0 472.0 199.0 504.0
419.0 122.0 416.0 161.0
38.0 547.0 33.0 583.0
419.0 121.0 416.0 161.0
127.0 477.0 124.0 517.0
59.0 223.0 58.0 256.0
287.0 461.0 289.0 495.0
36.0 547.0 32.0 583.0
128.0 477.0 124.0 517.0
202.0 471.0 199.0 504.0
315.0 445.0 317.0 482.0
20.0 547.0 15.0 584.0
418.0 121.0 415.0 160.0
315.0 446.0 318.0 483.0
21.0 547.0 15.0 584.0
314.0 446.0 317.0 482.0
257.0 444.0 258.0 480.0
369.0 83.0 366.0 116.0
314.0 444.0 317.0 482.0
29.0 546.0 32.0 585.0
368.0 83.0 366.0 116.0
258.0 444.0 258.0 480.0
37.0 546.0 32.0 583.0
315.0 444.0 317.0 482.0
127.0 476.0 124.0 517.0
425.0 181.0 421.0 221.0
312.0 460.0 316.0 500.0
354.0 434.0 353.0 482.0
273.0 472.0 276.0 513.0
258.0 445.0 258.0 480.0
124.0 86.0 125.0 120.0
109.0 555.0 105.0 594.0
257.0 445.0 257.0 480.0
273.0 470.0 276.0 513.0
313.0 459.0 316.0 500.0
124.0 87.0 124.0 120.0
353.0 435.0 353.0 482.0
311.0 459.0 316.0 500.0
123.0 86.0 125.0 120.0
312.0 459.0 316.0 500.0
109.0 556.0 105.0 594.0
108.0 555.0 105.0 594.0
439.0 78.0 435.0 119.0
273.0 471.0 276.0 513.0
274.0 471.0 276.0 513.0
107.0 556.0 104.0 594.0
108.0 557.0 104.0 594.0
353.0 434.0 353.0 482.0
107.0 557.0 104.0 594.0
312.0 458.0 316.0 500.0
440.0 78.0 435.0 119.0
376.0 182.0 384.0 217.0
108.0 556.0 104.0 594.0
439.0 77.0 435.0 119.0
375.0 183.0 384.0 217.0
107.0 558.0 104.0 594.0
243.0 474.0 254.0 512.0
243.0 475.0 254.0 512.0
375.0 182.0 384.0 217.0
374.0 183.0 384.0 217.0
439.0 76.0 435.0 119.0
372.0 182.0 384.0 217.0
125.0 494.0 124.0 517.0
440.0 77.0 435.0 119.0
440.0 76.0 435.0 119.0
374.0 182.0 384.0 217.0
373.0 182.0 384.0 217.0
371.0 182.0 384.0 217.0
243.0 443.0 257.0 480.0
125.0 495.0 124.0 517.0
126.0 495.0 124.0 517.0
370.0 182.0 384.0 217.0
357.0 108.0 357.0 153.0
370.0 181.0 384.0 217.0
369.0 181.0 384.0 217.0
368.0 181.0 384.0 217.0
356.0 108.0 357.0 153.0
369.0 182.0 384.0 217.0
