83.0 30.0 74.0 27.0
315.0 252.0 305.0 238.0
269.0 369.0 258.0 356.0
269.0 370.0 259.0 357.0
268.0 369.0 258.0 356.0
268.0 370.0 258.0 356.0
138.0 205.0 128.0 198.0
404.0 141.0 394.0 132.0
84.0 30.0 74.0 27.0
341.0 544.0 332.0 526.0
404.0 140.0 394.0 132.0
366.0 326.0 355.0 311.0
330.0 211.0 319.0 198.0
365.0 326.0 355.0 311.0
187.0 502.0 178.0 490.0
187.0 501.0 178.0 490.0
365.0 325.0 355.0 311.0
309.0 222.0 298.0 208.0
405.0 141.0 394.0 132.0
366.0 325.0 355.0 311.0
221.0 73.0 208.0 65.0
236.0 565.0 228.0 552.0
220.0 73.0 208.0 65.0
340.0 544.0 332.0 526.0
308.0 221.0 298.0 207.0
330.0 212.0 319.0 198.0
281.0 292.0 272.0 278.0
137.0 205.0 128.0 198.0
215.0 31.0 205.0 28.0
329.0 211.0 319.0 198.0
308.0 220.0 298.0 207.0
367.0 553.0 356.0 534.0
294.0 559.0 286.0 543.0
309.0 221.0 298.0 208.0
219.0 73.0 208.0 65.0
187.0 503.0 178.0 490.0
367.0 554.0 356.0 534.0
367.0 552.0 356.0 534.0
221.0 72.0 208.0 65.0
138.0 206.0 128.0 198.0
154.0 146.0 145.0 140.0
236.0 566.0 228.0 552.0
308.0 222.0 298.0 208.0
107.0 202.0 98.0 196.0
341.0 543.0 331.0 526.0
154.0 147.0 145.0 140.0
162.0 533.0 156.0 523.0
153.0 146.0 145.0 140.0
162.0 532.0 156.0 523.0
246.0 262.0 237.0 252.0
220.0 72.0 208.0 65.0
246.0 264.0 238.0 252.0
186.0 502.0 178.0 490.0
366.0 552.0 356.0 534.0
190.0 34.0 178.0 31.0
366.0 553.0 356.0 534.0
247.0 262.0 237.0 252.0
155.0 147.0 145.0 140.0
137.0 206.0 128.0 198.0
154.0 145.0 145.0 140.0
153.0 147.0 145.0 140.0
368.0 553.0 356.0 534.0
368.0 552.0 356.0 534.0
246.0 263.0 238.0 252.0
247.0 263.0 237.0 252.0
329.0 212.0 319.0 198.0
153.0 144.0 144.0 138.0
365.0 324.0 355.0 311.0
29.0 130.0 18.0 126.0
163.0 532.0 157.0 523.0
115.0 463.0 107.0 455.0
155.0 146.0 145.0 140.0
101.0 510.0 92.0 504.0
29.0 129.0 18.0 126.0
320.0 339.0 309.0 324.0
364.0 325.0 355.0 311.0
162.0 531.0 155.0 523.0
131.0 268.0 122.0 262.0
130.0 269.0 122.0 262.0
326.0 490.0 318.0 474.0
130.0 268.0 122.0 262.0
325.0 489.0 317.0 474.0
325.0 490.0 317.0 475.0
247.0 264.0 238.0 252.0
189.0 515.0 181.0 503.0
155.0 145.0 145.0 140.0
57.0 501.0 47.0 494.0
279.0 518.0 271.0 503.0
189.0 34.0 178.0 31.0
28.0 130.0 18.0 126.0
219.0 72.0 208.0 65.0
172.0 576.0 164.0 562.0
45.0 91.0 35.0 87.0
163.0 531.0 157.0 523.0
30.0 130.0 19.0 127.0
278.0 518.0 271.0 503.0
101.0 509.0 92.0 504.0
222.0 253.0 212.0 243.0
30.0 131.0 19.0 127.0
153.0 145.0 145.0 140.0
280.0 291.0 271.0 278.0
221.0 254.0 212.0 244.0
99.0 510.0 92.0 504.0
163.0 533.0 157.0 523.0
221.0 252.0 212.0 242.0
364.0 324.0 355.0 311.0
278.0 519.0 271.0 503.0
190.0 515.0 181.0 503.0
96.0 108.0 86.0 103.0
183.0 543.0 175.0 529.0
170.0 37.0 159.0 32.0
279.0 519.0 271.0 503.0
164.0 532.0 157.0 523.0
221.0 253.0 211.0 243.0
29.0 131.0 18.0 126.0
283.0 536.0 274.0 520.0
44.0 91.0 35.0 87.0
147.0 517.0 142.0 508.0
241.0 499.0 233.0 485.0
73.0 401.0 63.0 393.0
76.0 467.0 67.0 460.0
148.0 516.0 142.0 508.0
36.0 114.0 28.0 110.0
100.0 510.0 92.0 504.0
96.0 107.0 86.0 103.0
326.0 489.0 318.0 474.0
58.0 501.0 47.0 494.0
100.0 509.0 92.0 504.0
75.0 467.0 67.0 460.0
114.0 463.0 107.0 455.0
45.0 189.0 37.0 186.0
169.0 37.0 159.0 32.0
188.0 33.0 178.0 30.0
181.0 542.0 175.0 529.0
37.0 113.0 28.0 110.0
131.0 269.0 122.0 262.0
164.0 533.0 157.0 523.0
220.0 253.0 211.0 243.0
349.0 535.0 339.0 515.0
431.0 327.0 419.0 309.0
200.0 535.0 192.0 523.0
189.0 516.0 181.0 503.0
131.0 386.0 123.0 379.0
27.0 478.0 17.0 470.0
56.0 502.0 47.0 494.0
148.0 517.0 142.0 508.0
45.0 89.0 35.0 87.0
131.0 533.0 123.0 523.0
190.0 516.0 182.0 504.0
200.0 536.0 192.0 523.0
199.0 536.0 192.0 523.0
242.0 499.0 234.0 485.0
189.0 33.0 178.0 31.0
141.0 571.0 132.0 560.0
114.0 462.0 107.0 455.0
74.0 401.0 63.0 393.0
106.0 202.0 98.0 196.0
96.0 106.0 86.0 103.0
346.0 499.0 336.0 482.0
95.0 107.0 86.0 103.0
432.0 328.0 419.0 309.0
57.0 502.0 47.0 494.0
44.0 190.0 36.0 186.0
25.0 479.0 17.0 470.0
44.0 90.0 35.0 87.0
265.0 346.0 255.0 331.0
148.0 518.0 142.0 508.0
106.0 201.0 98.0 196.0
26.0 479.0 17.0 470.0
266.0 345.0 256.0 331.0
27.0 479.0 17.0 470.0
152.0 323.0 142.0 315.0
45.0 190.0 37.0 186.0
141.0 572.0 132.0 560.0
182.0 542.0 175.0 529.0
75.0 532.0 68.0 524.0
188.0 34.0 178.0 31.0
99.0 509.0 92.0 504.0
73.0 400.0 63.0 393.0
172.0 473.0 163.0 463.0
45.0 90.0 35.0 87.0
74.0 400.0 64.0 393.0
142.0 571.0 132.0 560.0
170.0 38.0 159.0 32.0
182.0 541.0 175.0 529.0
282.0 536.0 274.0 520.0
345.0 499.0 335.0 481.0
245.0 212.0 236.0 202.0
115.0 553.0 109.0 544.0
149.0 517.0 142.0 508.0
149.0 519.0 142.0 509.0
37.0 114.0 28.0 111.0
252.0 553.0 243.0 538.0
432.0 327.0 419.0 309.0
151.0 324.0 142.0 315.0
172.0 472.0 163.0 461.0
155.0 279.0 146.0 270.0
199.0 21.0 190.0 18.0
200.0 537.0 193.0 525.0
95.0 493.0 88.0 484.0
132.0 533.0 123.0 523.0
227.0 609.0 221.0 598.0
111.0 276.0 102.0 270.0
74.0 467.0 67.0 460.0
94.0 465.0 86.0 456.0
201.0 21.0 190.0 18.0
131.0 270.0 122.0 262.0
183.0 542.0 175.0 529.0
44.0 89.0 35.0 87.0
266.0 346.0 255.0 331.0
67.0 604.0 60.0 599.0
241.0 498.0 233.0 485.0
26.0 478.0 17.0 470.0
346.0 500.0 336.0 482.0
75.0 533.0 68.0 524.0
42.0 428.0 33.0 420.0
149.0 518.0 142.0 508.0
279.0 520.0 271.0 503.0
265.0 345.0 256.0 331.0
228.0 610.0 221.0 598.0
132.0 269.0 122.0 262.0
72.0 400.0 63.0 393.0
37.0 115.0 28.0 111.0
75.0 534.0 68.0 524.0
74.0 533.0 66.0 524.0
96.0 493.0 88.0 484.0
38.0 113.0 28.0 111.0
63.0 86.0 53.0 84.0
38.0 114.0 28.0 111.0
76.0 533.0 68.0 524.0
132.0 428.0 124.0 419.0
279.0 521.0 271.0 503.0
131.0 387.0 123.0 379.0
242.0 498.0 234.0 485.0
105.0 202.0 98.0 196.0
67.0 605.0 60.0 599.0
39.0 114.0 28.0 111.0
64.0 87.0 53.0 84.0
171.0 471.0 163.0 461.0
44.0 189.0 36.0 186.0
41.0 428.0 33.0 420.0
191.0 516.0 182.0 504.0
252.0 552.0 243.0 538.0
39.0 115.0 28.0 111.0
200.0 20.0 190.0 18.0
95.0 106.0 86.0 103.0
62.0 87.0 53.0 84.0
50.0 473.0 43.0 466.0
95.0 108.0 86.0 103.0
200.0 21.0 190.0 18.0
13.0 572.0 15.0 562.0
68.0 604.0 60.0 599.0
68.0 331.0 60.0 322.0
168.0 37.0 159.0 32.0
105.0 201.0 98.0 196.0
63.0 87.0 53.0 84.0
206.0 499.0 197.0 486.0
207.0 500.0 198.0 486.0
112.0 276.0 103.0 270.0
42.0 427.0 33.0 420.0
79.0 268.0 69.0 262.0
69.0 332.0 61.0 323.0
14.0 425.0 7.0 418.0
13.0 573.0 15.0 562.0
169.0 38.0 159.0 32.0
199.0 20.0 190.0 18.0
15.0 426.0 8.0 419.0
38.0 115.0 28.0 111.0
62.0 86.0 52.0 83.0
171.0 472.0 163.0 461.0
49.0 525.0 40.0 515.0
41.0 427.0 33.0 420.0
68.0 605.0 60.0 598.0
132.0 386.0 123.0 379.0
252.0 309.0 242.0 297.0
94.0 106.0 86.0 103.0
80.0 268.0 69.0 262.0
68.0 332.0 59.0 323.0
15.0 425.0 7.0 418.0
460.0 92.0 449.0 86.0
87.0 521.0 78.0 512.0
241.0 497.0 233.0 485.0
43.0 189.0 35.0 185.0
113.0 560.0 109.0 544.0
46.0 317.0 37.0 310.0
12.0 573.0 15.0 562.0
69.0 331.0 59.0 323.0
132.0 387.0 124.0 379.0
148.0 432.0 140.0 424.0
79.0 267.0 69.0 262.0
252.0 308.0 242.0 297.0
12.0 572.0 15.0 562.0
94.0 107.0 86.0 103.0
460.0 91.0 449.0 86.0
206.0 500.0 197.0 486.0
133.0 534.0 123.0 523.0
112.0 277.0 103.0 270.0
86.0 521.0 78.0 512.0
269.0 22.0 254.0 17.0
40.0 427.0 33.0 420.0
180.0 302.0 172.0 293.0
33.0 474.0 17.0 470.0
251.0 308.0 242.0 297.0
40.0 428.0 33.0 420.0
133.0 533.0 123.0 523.0
181.0 303.0 172.0 293.0
184.0 377.0 174.0 366.0
181.0 626.0 175.0 614.0
113.0 276.0 103.0 270.0
183.0 377.0 174.0 366.0
133.0 428.0 124.0 420.0
185.0 376.0 174.0 366.0
345.0 500.0 335.0 481.0
181.0 302.0 172.0 293.0
205.0 500.0 197.0 486.0
184.0 376.0 174.0 366.0
148.0 433.0 140.0 424.0
184.0 375.0 174.0 366.0
251.0 553.0 243.0 538.0
86.0 520.0 78.0 512.0
70.0 331.0 61.0 323.0
138.0 629.0 130.0 621.0
50.0 524.0 40.0 515.0
183.0 376.0 174.0 366.0
251.0 309.0 242.0 297.0
43.0 391.0 37.0 385.0
49.0 524.0 40.0 515.0
183.0 375.0 174.0 366.0
266.0 24.0 253.0 17.0
70.0 332.0 61.0 323.0
208.0 601.0 201.0 588.0
80.0 267.0 69.0 262.0
81.0 267.0 69.0 262.0
203.0 622.0 199.0 618.0
81.0 268.0 69.0 262.0
251.0 552.0 243.0 538.0
267.0 24.0 254.0 19.0
123.0 592.0 113.0 581.0
122.0 592.0 113.0 581.0
113.0 277.0 103.0 270.0
138.0 630.0 130.0 621.0
209.0 600.0 201.0 588.0
137.0 630.0 130.0 621.0
44.0 457.0 36.0 452.0
32.0 506.0 32.0 497.0
43.0 457.0 35.0 452.0
114.0 277.0 103.0 270.0
123.0 591.0 113.0 581.0
217.0 305.0 209.0 294.0
67.0 381.0 59.0 374.0
209.0 601.0 201.0 588.0
48.0 524.0 40.0 515.0
49.0 523.0 40.0 515.0
122.0 591.0 113.0 581.0
217.0 306.0 209.0 294.0
43.0 456.0 35.0 452.0
44.0 456.0 35.0 452.0
23.0 273.0 13.0 270.0
67.0 380.0 59.0 374.0
48.0 523.0 40.0 515.0
66.0 381.0 59.0 374.0
123.0 590.0 113.0 581.0
159.0 328.0 142.0 315.0
24.0 273.0 13.0 270.0
122.0 590.0 113.0 581.0
15.0 205.0 6.0 202.0
16.0 205.0 6.0 202.0
23.0 274.0 13.0 270.0
66.0 380.0 59.0 374.0
6.0 513.0 15.0 513.0
67.0 379.0 59.0 374.0
66.0 379.0 59.0 374.0
5.0 513.0 15.0 513.0
15.0 204.0 6.0 202.0
6.0 512.0 15.0 513.0
5.0 512.0 15.0 513.0
16.0 204.0 6.0 202.0
4.0 512.0 15.0 513.0
229.0 45.0 221.0 49.0
5.0 511.0 15.0 513.0
24.0 274.0 14.0 271.0
274.0 597.0 270.0 592.0
275.0 597.0 270.0 592.0
24.0 522.0 15.0 513.0
25.0 274.0 14.0 271.0
274.0 596.0 270.0 592.0
22.0 520.0 15.0 513.0
23.0 521.0 15.0 513.0
25.0 521.0 15.0 513.0
275.0 596.0 270.0 592.0
24.0 521.0 15.0 513.0
23.0 520.0 15.0 513.0
93.0 209.0 96.0 197.0
24.0 520.0 15.0 513.0
7.0 262.0 14.0 236.0
332.0 512.0 328.0 503.0
7.0 263.0 14.0 236.0
6.0 263.0 14.0 236.0
7.0 264.0 14.0 236.0
77.0 306.0 59.0 298.0
93.0 208.0 96.0 197.0
6.0 264.0 14.0 236.0
