388.0 340.0 357.0 354.0
148.0 356.0 120.0 351.0
164.0 532.0 131.0 529.0
164.0 533.0 131.0 529.0
163.0 532.0 131.0 529.0
388.0 341.0 357.0 354.0
148.0 357.0 120.0 351.0
147.0 356.0 120.0 351.0
177.0 446.0 145.0 443.0
163.0 533.0 131.0 529.0
147.0 357.0 120.0 351.0
169.0 272.0 140.0 265.0
177.0 447.0 145.0 443.0
387.0 340.0 357.0 354.0
177.0 445.0 145.0 442.0
387.0 341.0 356.0 356.0
338.0 417.0 307.0 422.0
170.0 272.0 140.0 265.0
338.0 416.0 307.0 422.0
339.0 416.0 307.0 422.0
353.0 607.0 317.0 615.0
85.0 310.0 57.0 301.0
98.0 341.0 69.0 335.0
169.0 271.0 140.0 265.0
168.0 272.0 140.0 265.0
362.0 415.0 328.0 428.0
178.0 447.0 145.0 443.0
169.0 273.0 140.0 265.0
167.0 272.0 140.0 265.0
362.0 414.0 329.0 426.0
398.0 537.0 361.0 551.0
403.0 363.0 370.0 377.0
363.0 414.0 329.0 426.0
168.0 273.0 140.0 265.0
317.0 88.0 299.0 79.0
131.0 354.0 102.0 348.0
197.0 405.0 171.0 403.0
354.0 607.0 317.0 615.0
405.0 363.0 370.0 377.0
405.0 364.0 370.0 377.0
198.0 404.0 172.0 403.0
362.0 416.0 328.0 428.0
323.0 155.0 305.0 154.0
130.0 354.0 102.0 348.0
130.0 355.0 103.0 350.0
339.0 417.0 307.0 422.0
80.0 447.0 50.0 441.0
353.0 606.0 317.0 615.0
380.0 560.0 338.0 572.0
379.0 560.0 338.0 572.0
404.0 364.0 370.0 377.0
404.0 363.0 370.0 377.0
271.0 517.0 238.0 519.0
198.0 406.0 171.0 403.0
397.0 537.0 361.0 551.0
324.0 155.0 305.0 154.0
124.0 352.0 94.0 346.0
181.0 518.0 147.0 517.0
178.0 446.0 145.0 443.0
182.0 518.0 147.0 517.0
316.0 89.0 298.0 80.0
204.0 535.0 170.0 535.0
354.0 606.0 317.0 615.0
380.0 559.0 338.0 572.0
306.0 614.0 268.0 622.0
361.0 415.0 328.0 426.0
373.0 497.0 339.0 507.0
317.0 89.0 299.0 79.0
203.0 536.0 170.0 535.0
238.0 542.0 201.0 545.0
270.0 516.0 238.0 519.0
403.0 364.0 370.0 377.0
327.0 395.0 297.0 402.0
326.0 395.0 296.0 401.0
292.0 423.0 260.0 427.0
181.0 516.0 147.0 517.0
364.0 415.0 329.0 426.0
85.0 311.0 57.0 301.0
363.0 415.0 328.0 428.0
398.0 538.0 361.0 551.0
131.0 355.0 103.0 350.0
271.0 516.0 238.0 519.0
316.0 88.0 298.0 80.0
204.0 536.0 170.0 535.0
125.0 353.0 94.0 346.0
198.0 405.0 171.0 403.0
182.0 516.0 147.0 517.0
235.0 370.0 206.0 372.0
272.0 517.0 238.0 519.0
363.0 416.0 328.0 428.0
181.0 517.0 147.0 517.0
305.0 614.0 268.0 622.0
361.0 381.0 333.0 389.0
292.0 424.0 260.0 427.0
124.0 353.0 94.0 346.0
322.0 355.0 293.0 362.0
397.0 538.0 361.0 551.0
291.0 424.0 260.0 427.0
182.0 517.0 147.0 517.0
323.0 355.0 294.0 362.0
237.0 542.0 201.0 545.0
271.0 515.0 238.0 519.0
95.0 464.0 67.0 460.0
306.0 615.0 268.0 622.0
315.0 88.0 298.0 80.0
197.0 404.0 172.0 403.0
305.0 615.0 268.0 622.0
203.0 535.0 170.0 535.0
234.0 370.0 206.0 372.0
238.0 541.0 201.0 545.0
123.0 353.0 94.0 346.0
315.0 89.0 298.0 80.0
125.0 354.0 94.0 346.0
96.0 465.0 67.0 460.0
96.0 464.0 67.0 460.0
293.0 423.0 260.0 427.0
327.0 394.0 296.0 401.0
237.0 541.0 201.0 545.0
236.0 500.0 201.0 499.0
267.0 605.0 234.0 607.0
203.0 534.0 170.0 535.0
95.0 463.0 67.0 460.0
361.0 380.0 333.0 389.0
235.0 369.0 206.0 372.0
124.0 354.0 94.0 346.0
401.0 84.0 385.0 80.0
298.0 602.0 259.0 608.0
234.0 369.0 206.0 372.0
237.0 500.0 201.0 499.0
94.0 463.0 67.0 460.0
132.0 556.0 101.0 553.0
272.0 516.0 238.0 519.0
272.0 515.0 238.0 519.0
94.0 464.0 67.0 460.0
401.0 86.0 385.0 80.0
273.0 516.0 238.0 519.0
360.0 381.0 333.0 389.0
298.0 601.0 258.0 608.0
297.0 602.0 258.0 608.0
344.0 405.0 308.0 419.0
400.0 84.0 385.0 80.0
266.0 604.0 234.0 607.0
131.0 556.0 101.0 553.0
267.0 604.0 234.0 607.0
360.0 380.0 332.0 389.0
266.0 605.0 234.0 607.0
306.0 114.0 289.0 104.0
400.0 85.0 385.0 80.0
463.0 48.0 449.0 48.0
401.0 85.0 385.0 80.0
400.0 86.0 385.0 80.0
419.0 561.0 374.0 575.0
418.0 562.0 373.0 576.0
399.0 85.0 385.0 80.0
297.0 601.0 258.0 608.0
238.0 500.0 201.0 499.0
418.0 561.0 373.0 575.0
296.0 601.0 258.0 608.0
397.0 567.0 355.0 580.0
333.0 13.0 333.0 7.0
465.0 48.0 449.0 48.0
236.0 501.0 201.0 499.0
463.0 49.0 449.0 48.0
464.0 48.0 449.0 48.0
399.0 86.0 385.0 80.0
465.0 49.0 449.0 48.0
464.0 49.0 449.0 48.0
464.0 50.0 449.0 48.0
356.0 625.0 317.0 615.0
333.0 12.0 333.0 7.0
93.0 463.0 67.0 460.0
79.0 558.0 44.0 555.0
79.0 559.0 44.0 555.0
420.0 561.0 374.0 575.0
237.0 501.0 201.0 499.0
80.0 558.0 44.0 555.0
332.0 13.0 333.0 7.0
350.0 505.0 307.0 516.0
350.0 506.0 307.0 516.0
332.0 12.0 333.0 7.0
361.0 128.0 344.0 123.0
222.0 394.0 192.0 398.0
80.0 559.0 44.0 555.0
363.0 128.0 344.0 123.0
362.0 128.0 344.0 123.0
210.0 374.0 178.0 367.0
238.0 501.0 201.0 499.0
334.0 340.0 293.0 362.0
154.0 52.0 136.0 33.0
278.0 496.0 242.0 501.0
211.0 374.0 178.0 367.0
364.0 128.0 344.0 123.0
223.0 394.0 192.0 398.0
351.0 505.0 307.0 516.0
313.0 96.0 298.0 80.0
210.0 376.0 178.0 367.0
454.0 442.0 427.0 454.0
146.0 565.0 121.0 562.0
210.0 375.0 178.0 367.0
455.0 442.0 427.0 454.0
455.0 441.0 427.0 454.0
278.0 495.0 242.0 501.0
154.0 53.0 136.0 33.0
36.0 168.0 8.0 150.0
36.0 169.0 8.0 150.0
222.0 393.0 192.0 398.0
223.0 393.0 192.0 398.0
362.0 129.0 344.0 123.0
351.0 506.0 307.0 516.0
145.0 564.0 121.0 562.0
37.0 168.0 8.0 150.0
37.0 169.0 8.0 150.0
314.0 97.0 298.0 80.0
233.0 562.0 193.0 565.0
97.0 51.0 78.0 32.0
454.0 441.0 427.0 454.0
211.0 375.0 178.0 367.0
98.0 51.0 78.0 32.0
98.0 52.0 78.0 32.0
97.0 52.0 78.0 32.0
363.0 129.0 344.0 123.0
42.0 453.0 6.0 446.0
453.0 442.0 427.0 454.0
234.0 562.0 193.0 565.0
145.0 565.0 121.0 562.0
211.0 376.0 178.0 367.0
42.0 454.0 6.0 446.0
398.0 602.0 363.0 615.0
233.0 561.0 193.0 565.0
234.0 561.0 193.0 565.0
114.0 238.0 77.0 237.0
235.0 562.0 193.0 565.0
235.0 561.0 192.0 564.0
38.0 169.0 8.0 150.0
130.0 586.0 84.0 575.0
130.0 587.0 83.0 574.0
320.0 136.0 315.0 133.0
41.0 455.0 6.0 446.0
41.0 454.0 6.0 446.0
41.0 453.0 6.0 446.0
255.0 517.0 213.0 511.0
40.0 454.0 6.0 446.0
159.0 57.0 136.0 33.0
352.0 506.0 307.0 516.0
215.0 570.0 191.0 565.0
395.0 114.0 394.0 107.0
215.0 569.0 191.0 565.0
320.0 135.0 315.0 133.0
394.0 114.0 394.0 107.0
214.0 569.0 191.0 565.0
49.0 334.0 20.0 326.0
367.0 398.0 341.0 416.0
114.0 237.0 77.0 237.0
13.0 615.0 27.0 599.0
130.0 588.0 83.0 574.0
394.0 115.0 394.0 107.0
14.0 615.0 27.0 599.0
131.0 588.0 83.0 574.0
395.0 115.0 394.0 107.0
131.0 587.0 83.0 574.0
48.0 334.0 18.0 326.0
319.0 137.0 315.0 133.0
