362.0 340.0 346.0 327.0
249.0 486.0 235.0 473.0
327.0 486.0 311.0 471.0
362.0 341.0 346.0 327.0
248.0 487.0 234.0 474.0
288.0 444.0 272.0 430.0
245.0 105.0 233.0 89.0
327.0 487.0 311.0 471.0
361.0 340.0 346.0 327.0
383.0 514.0 365.0 497.0
260.0 437.0 245.0 423.0
398.0 238.0 382.0 225.0
325.0 317.0 311.0 304.0
248.0 485.0 234.0 473.0
325.0 316.0 311.0 304.0
260.0 436.0 245.0 423.0
363.0 341.0 346.0 327.0
361.0 341.0 346.0 327.0
245.0 103.0 234.0 89.0
361.0 339.0 346.0 327.0
399.0 238.0 384.0 225.0
244.0 103.0 233.0 88.0
287.0 443.0 271.0 429.0
245.0 104.0 234.0 89.0
247.0 486.0 233.0 473.0
362.0 342.0 346.0 327.0
287.0 445.0 272.0 430.0
220.0 198.0 207.0 181.0
249.0 487.0 235.0 473.0
198.0 264.0 184.0 250.0
328.0 487.0 311.0 471.0
362.0 339.0 346.0 327.0
298.0 532.0 282.0 515.0
327.0 485.0 310.0 469.0
287.0 444.0 271.0 429.0
248.0 486.0 234.0 473.0
259.0 437.0 245.0 424.0
332.0 296.0 317.0 284.0
384.0 514.0 365.0 497.0
298.0 531.0 282.0 515.0
244.0 104.0 233.0 88.0
360.0 340.0 346.0 327.0
286.0 444.0 271.0 429.0
331.0 296.0 317.0 284.0
264.0 471.0 248.0 458.0
263.0 473.0 248.0 459.0
263.0 472.0 248.0 458.0
244.0 105.0 233.0 89.0
397.0 238.0 382.0 225.0
128.0 302.0 114.0 288.0
198.0 263.0 184.0 250.0
328.0 486.0 311.0 470.0
298.0 533.0 282.0 515.0
263.0 471.0 248.0 458.0
286.0 443.0 271.0 429.0
402.0 524.0 384.0 507.0
259.0 438.0 245.0 424.0
247.0 485.0 234.0 473.0
220.0 197.0 207.0 181.0
402.0 523.0 384.0 507.0
264.0 472.0 248.0 458.0
259.0 436.0 245.0 424.0
402.0 525.0 384.0 507.0
218.0 198.0 205.0 182.0
199.0 264.0 185.0 250.0
359.0 95.0 348.0 80.0
384.0 513.0 365.0 497.0
401.0 524.0 384.0 507.0
134.0 364.0 121.0 350.0
383.0 513.0 365.0 497.0
251.0 526.0 236.0 511.0
363.0 340.0 346.0 327.0
134.0 363.0 121.0 350.0
356.0 229.0 343.0 214.0
126.0 301.0 113.0 287.0
382.0 514.0 365.0 497.0
199.0 263.0 185.0 249.0
128.0 301.0 114.0 288.0
382.0 513.0 365.0 497.0
198.0 265.0 185.0 250.0
159.0 282.0 144.0 268.0
401.0 525.0 384.0 507.0
384.0 375.0 367.0 361.0
127.0 301.0 114.0 289.0
307.0 253.0 294.0 241.0
135.0 363.0 122.0 350.0
159.0 281.0 144.0 268.0
111.0 355.0 97.0 340.0
264.0 473.0 248.0 459.0
358.0 95.0 348.0 80.0
256.0 453.0 241.0 438.0
383.0 374.0 367.0 361.0
401.0 522.0 384.0 507.0
135.0 364.0 122.0 350.0
159.0 190.0 146.0 176.0
199.0 265.0 184.0 250.0
363.0 342.0 346.0 327.0
243.0 103.0 233.0 88.0
357.0 228.0 343.0 214.0
127.0 300.0 113.0 287.0
243.0 104.0 233.0 88.0
160.0 191.0 146.0 176.0
401.0 523.0 384.0 507.0
244.0 102.0 233.0 88.0
331.0 295.0 317.0 283.0
136.0 364.0 122.0 350.0
126.0 300.0 113.0 287.0
306.0 254.0 294.0 241.0
342.0 257.0 330.0 243.0
197.0 264.0 185.0 250.0
316.0 349.0 302.0 335.0
384.0 374.0 367.0 361.0
329.0 486.0 311.0 470.0
299.0 531.0 282.0 515.0
256.0 454.0 241.0 440.0
135.0 365.0 122.0 350.0
197.0 263.0 185.0 250.0
356.0 228.0 342.0 214.0
360.0 95.0 348.0 80.0
220.0 196.0 207.0 181.0
127.0 302.0 114.0 289.0
398.0 237.0 382.0 225.0
357.0 229.0 343.0 214.0
383.0 375.0 367.0 361.0
358.0 229.0 344.0 215.0
219.0 198.0 206.0 183.0
307.0 254.0 294.0 242.0
358.0 228.0 343.0 214.0
111.0 354.0 97.0 340.0
341.0 151.0 329.0 138.0
218.0 196.0 205.0 182.0
299.0 532.0 282.0 515.0
400.0 524.0 384.0 507.0
308.0 251.0 294.0 240.0
218.0 197.0 205.0 182.0
243.0 102.0 233.0 88.0
112.0 354.0 97.0 340.0
219.0 197.0 205.0 182.0
385.0 375.0 367.0 361.0
112.0 355.0 97.0 340.0
99.0 396.0 86.0 379.0
341.0 255.0 329.0 243.0
160.0 190.0 146.0 176.0
286.0 442.0 271.0 429.0
301.0 471.0 286.0 457.0
316.0 348.0 302.0 335.0
136.0 365.0 122.0 350.0
160.0 282.0 144.0 268.0
159.0 191.0 146.0 176.0
329.0 487.0 311.0 470.0
225.0 179.0 211.0 162.0
244.0 282.0 232.0 269.0
307.0 252.0 294.0 241.0
126.0 302.0 113.0 288.0
219.0 196.0 205.0 182.0
343.0 256.0 330.0 243.0
250.0 526.0 235.0 511.0
344.0 522.0 327.0 507.0
342.0 255.0 330.0 242.0
342.0 256.0 330.0 243.0
292.0 572.0 275.0 556.0
245.0 283.0 232.0 269.0
315.0 350.0 300.0 336.0
111.0 356.0 97.0 340.0
225.0 178.0 211.0 162.0
335.0 135.0 322.0 120.0
315.0 349.0 300.0 336.0
160.0 189.0 147.0 174.0
341.0 256.0 330.0 243.0
170.0 245.0 155.0 229.0
308.0 252.0 294.0 241.0
258.0 436.0 245.0 424.0
382.0 374.0 367.0 361.0
400.0 523.0 384.0 507.0
359.0 96.0 348.0 80.0
397.0 236.0 382.0 224.0
245.0 282.0 232.0 269.0
302.0 557.0 284.0 539.0
343.0 255.0 330.0 243.0
286.0 445.0 271.0 430.0
236.0 371.0 223.0 357.0
397.0 237.0 382.0 224.0
341.0 153.0 329.0 139.0
302.0 556.0 284.0 539.0
396.0 237.0 382.0 224.0
419.0 66.0 409.0 53.0
345.0 522.0 327.0 507.0
306.0 253.0 294.0 241.0
255.0 453.0 241.0 439.0
342.0 151.0 329.0 138.0
67.0 283.0 59.0 270.0
361.0 97.0 348.0 82.0
419.0 67.0 410.0 54.0
244.0 281.0 232.0 269.0
341.0 152.0 329.0 138.0
292.0 570.0 275.0 556.0
382.0 375.0 367.0 361.0
341.0 257.0 330.0 243.0
352.0 580.0 333.0 564.0
314.0 350.0 300.0 336.0
389.0 45.0 379.0 32.0
292.0 571.0 275.0 556.0
245.0 281.0 232.0 269.0
110.0 355.0 97.0 340.0
300.0 470.0 286.0 457.0
335.0 134.0 322.0 120.0
67.0 282.0 51.0 268.0
285.0 442.0 271.0 429.0
235.0 370.0 223.0 357.0
336.0 135.0 322.0 120.0
299.0 533.0 282.0 515.0
420.0 68.0 410.0 54.0
160.0 281.0 144.0 268.0
307.0 251.0 294.0 240.0
352.0 581.0 333.0 564.0
420.0 67.0 410.0 54.0
342.0 153.0 329.0 139.0
360.0 96.0 348.0 80.0
420.0 66.0 410.0 54.0
236.0 370.0 223.0 357.0
360.0 97.0 348.0 81.0
293.0 571.0 275.0 556.0
343.0 153.0 329.0 139.0
154.0 207.0 140.0 193.0
389.0 46.0 379.0 32.0
154.0 209.0 140.0 194.0
270.0 339.0 256.0 325.0
154.0 208.0 140.0 193.0
361.0 96.0 348.0 81.0
153.0 208.0 139.0 193.0
291.0 571.0 275.0 556.0
315.0 348.0 302.0 335.0
342.0 152.0 329.0 139.0
232.0 525.0 218.0 510.0
258.0 437.0 245.0 424.0
246.0 282.0 232.0 269.0
291.0 570.0 275.0 556.0
206.0 513.0 191.0 499.0
285.0 443.0 271.0 429.0
73.0 482.0 58.0 473.0
153.0 209.0 139.0 194.0
314.0 349.0 300.0 336.0
336.0 134.0 322.0 120.0
386.0 357.0 370.0 344.0
421.0 67.0 410.0 54.0
306.0 252.0 294.0 241.0
307.0 250.0 294.0 240.0
390.0 45.0 379.0 32.0
303.0 557.0 284.0 539.0
390.0 46.0 379.0 32.0
246.0 281.0 232.0 269.0
73.0 481.0 58.0 473.0
153.0 207.0 140.0 193.0
293.0 570.0 275.0 556.0
303.0 556.0 284.0 539.0
270.0 340.0 256.0 328.0
461.0 440.0 443.0 426.0
388.0 359.0 371.0 345.0
231.0 525.0 218.0 510.0
306.0 251.0 294.0 241.0
232.0 524.0 218.0 510.0
58.0 281.0 51.0 268.0
285.0 444.0 271.0 429.0
152.0 208.0 139.0 194.0
386.0 358.0 370.0 344.0
343.0 152.0 329.0 139.0
389.0 47.0 377.0 32.0
269.0 338.0 255.0 326.0
235.0 369.0 223.0 357.0
269.0 339.0 255.0 326.0
421.0 66.0 410.0 54.0
226.0 179.0 212.0 164.0
13.0 14.0 18.0 2.0
231.0 524.0 218.0 510.0
206.0 512.0 191.0 499.0
299.0 534.0 282.0 515.0
390.0 47.0 378.0 32.0
245.0 280.0 232.0 269.0
387.0 358.0 371.0 345.0
391.0 47.0 378.0 32.0
269.0 340.0 256.0 328.0
314.0 348.0 300.0 335.0
85.0 287.0 78.0 274.0
13.0 15.0 18.0 2.0
314.0 347.0 300.0 334.0
205.0 513.0 191.0 499.0
12.0 15.0 18.0 2.0
391.0 46.0 379.0 32.0
349.0 182.0 338.0 170.0
387.0 359.0 371.0 345.0
12.0 14.0 18.0 2.0
205.0 512.0 191.0 499.0
349.0 181.0 338.0 170.0
427.0 478.0 410.0 463.0
226.0 180.0 212.0 164.0
315.0 347.0 300.0 334.0
268.0 339.0 255.0 326.0
431.0 407.0 413.0 394.0
462.0 441.0 443.0 426.0
206.0 511.0 191.0 499.0
300.0 533.0 282.0 515.0
463.0 441.0 443.0 426.0
427.0 477.0 410.0 463.0
463.0 440.0 443.0 426.0
428.0 477.0 410.0 463.0
462.0 440.0 443.0 426.0
455.0 457.0 436.0 443.0
456.0 459.0 436.0 443.0
348.0 181.0 338.0 170.0
455.0 459.0 436.0 443.0
455.0 458.0 436.0 443.0
457.0 458.0 436.0 443.0
456.0 458.0 436.0 443.0
43.0 153.0 30.0 137.0
348.0 182.0 338.0 170.0
387.0 360.0 371.0 345.0
205.0 511.0 191.0 499.0
84.0 287.0 78.0 274.0
83.0 287.0 78.0 274.0
431.0 408.0 413.0 394.0
63.0 514.0 50.0 500.0
103.0 290.0 96.0 278.0
104.0 291.0 96.0 278.0
454.0 458.0 436.0 443.0
430.0 408.0 413.0 394.0
63.0 513.0 50.0 500.0
37.0 587.0 25.0 572.0
103.0 291.0 96.0 278.0
102.0 290.0 96.0 278.0
431.0 410.0 413.0 395.0
204.0 513.0 191.0 499.0
347.0 181.0 338.0 170.0
430.0 409.0 413.0 394.0
442.0 616.0 420.0 599.0
37.0 586.0 25.0 572.0
204.0 512.0 191.0 499.0
442.0 617.0 420.0 599.0
46.0 146.0 29.0 129.0
431.0 409.0 413.0 394.0
204.0 511.0 191.0 499.0
7.0 133.0 9.0 123.0
38.0 587.0 25.0 572.0
6.0 133.0 9.0 123.0
8.0 134.0 9.0 123.0
182.0 594.0 166.0 577.0
6.0 134.0 9.0 123.0
38.0 586.0 25.0 572.0
7.0 134.0 9.0 123.0
22.0 19.0 18.0 2.0
181.0 594.0 166.0 577.0
181.0 593.0 166.0 577.0
61.0 321.0 47.0 307.0
441.0 617.0 421.0 598.0
428.0 470.0 408.0 454.0
441.0 616.0 421.0 598.0
181.0 595.0 166.0 577.0
32.0 22.0 18.0 2.0
449.0 58.0 436.0 46.0
60.0 321.0 46.0 307.0
32.0 618.0 20.0 604.0
60.0 320.0 46.0 307.0
471.0 375.0 454.0 362.0
450.0 58.0 436.0 46.0
33.0 22.0 18.0 2.0
181.0 596.0 166.0 577.0
182.0 595.0 166.0 577.0
473.0 377.0 454.0 362.0
183.0 596.0 166.0 577.0
29.0 274.0 41.0 266.0
448.0 58.0 436.0 46.0
26.0 612.0 19.0 604.0
182.0 596.0 166.0 577.0
27.0 612.0 19.0 604.0
473.0 375.0 454.0 362.0
472.0 375.0 454.0 362.0
447.0 58.0 436.0 46.0
449.0 57.0 436.0 46.0
32.0 619.0 20.0 604.0
473.0 376.0 454.0 362.0
472.0 376.0 454.0 362.0
33.0 21.0 18.0 2.0
474.0 376.0 454.0 362.0
447.0 57.0 436.0 46.0
34.0 22.0 18.0 2.0
448.0 57.0 436.0 46.0
260.0 597.0 244.0 581.0
167.0 256.0 155.0 230.0
27.0 611.0 19.0 604.0
259.0 597.0 243.0 581.0
450.0 57.0 436.0 46.0
29.0 275.0 41.0 266.0
26.0 611.0 19.0 604.0
273.0 612.0 257.0 593.0
259.0 598.0 244.0 581.0
273.0 611.0 257.0 593.0
260.0 598.0 244.0 581.0
22.0 567.0 10.0 556.0
22.0 568.0 10.0 556.0
273.0 610.0 257.0 593.0
325.0 129.0 322.0 120.0
24.0 146.0 30.0 137.0
324.0 129.0 322.0 120.0
259.0 599.0 244.0 583.0
272.0 611.0 257.0 593.0
271.0 612.0 257.0 593.0
272.0 610.0 257.0 593.0
271.0 611.0 257.0 593.0
272.0 612.0 257.0 593.0
260.0 599.0 244.0 583.0
23.0 568.0 10.0 556.0
167.0 257.0 155.0 230.0
166.0 257.0 155.0 230.0
168.0 257.0 155.0 230.0
24.0 569.0 10.0 556.0
54.0 538.0 42.0 524.0
24.0 568.0 10.0 556.0
23.0 569.0 10.0 556.0
23.0 567.0 10.0 556.0
246.0 635.0 232.0 618.0
26.0 9.0 18.0 2.0
54.0 536.0 42.0 524.0
404.0 595.0 385.0 579.0
42.0 27.0 18.0 2.0
247.0 634.0 232.0 618.0
247.0 635.0 232.0 618.0
248.0 634.0 232.0 618.0
248.0 635.0 232.0 618.0
307.0 310.0 293.0 314.0
403.0 595.0 385.0 579.0
55.0 538.0 42.0 524.0
55.0 539.0 42.0 524.0
54.0 537.0 42.0 524.0
55.0 536.0 42.0 524.0
55.0 537.0 42.0 524.0
307.0 309.0 293.0 314.0
404.0 596.0 385.0 579.0
403.0 596.0 385.0 579.0
248.0 378.0 223.0 358.0
56.0 537.0 42.0 524.0
56.0 538.0 42.0 524.0
404.0 597.0 385.0 579.0
308.0 310.0 293.0 314.0
403.0 597.0 385.0 579.0
467.0 471.0 448.0 455.0
22.0 586.0 10.0 556.0
12.0 610.0 19.0 604.0
