363.0 406.0 353.0 401.0
252.0 367.0 244.0 362.0
252.0 366.0 244.0 361.0
251.0 366.0 243.0 361.0
317.0 329.0 307.0 324.0
358.0 500.0 347.0 494.0
317.0 328.0 307.0 324.0
316.0 329.0 307.0 324.0
267.0 144.0 260.0 140.0
362.0 406.0 352.0 401.0
267.0 143.0 260.0 140.0
268.0 144.0 260.0 140.0
358.0 501.0 346.0 495.0
418.0 10.0 413.0 8.0
318.0 329.0 308.0 324.0
318.0 328.0 307.0 324.0
356.0 501.0 346.0 495.0
316.0 328.0 307.0 324.0
349.0 166.0 341.0 162.0
357.0 499.0 347.0 494.0
384.0 262.0 377.0 258.0
434.0 272.0 425.0 270.0
349.0 165.0 341.0 162.0
386.0 134.0 379.0 132.0
385.0 193.0 377.0 191.0
357.0 501.0 346.0 495.0
190.0 320.0 180.0 314.0
385.0 261.0 377.0 258.0
357.0 500.0 347.0 494.0
386.0 135.0 379.0 132.0
362.0 405.0 352.0 401.0
418.0 11.0 413.0 8.0
190.0 318.0 180.0 313.0
385.0 134.0 379.0 132.0
370.0 532.0 360.0 527.0
308.0 533.0 297.0 528.0
350.0 166.0 342.0 162.0
266.0 144.0 260.0 140.0
372.0 531.0 360.0 527.0
30.0 312.0 27.0 307.0
190.0 319.0 180.0 313.0
178.0 246.0 172.0 242.0
31.0 313.0 27.0 307.0
88.0 577.0 78.0 572.0
371.0 531.0 360.0 527.0
361.0 405.0 351.0 401.0
462.0 14.0 457.0 12.0
372.0 532.0 360.0 527.0
461.0 13.0 457.0 10.0
400.0 378.0 389.0 375.0
366.0 187.0 358.0 184.0
461.0 14.0 457.0 12.0
356.0 500.0 346.0 495.0
433.0 272.0 425.0 269.0
322.0 484.0 315.0 480.0
301.0 448.0 291.0 444.0
267.0 145.0 260.0 140.0
32.0 313.0 27.0 307.0
323.0 28.0 319.0 24.0
409.0 83.0 404.0 81.0
432.0 273.0 425.0 269.0
350.0 165.0 342.0 162.0
360.0 572.0 348.0 565.0
266.0 145.0 260.0 140.0
323.0 26.0 319.0 24.0
400.0 379.0 389.0 375.0
189.0 320.0 180.0 313.0
462.0 13.0 457.0 12.0
385.0 262.0 377.0 258.0
433.0 273.0 425.0 269.0
371.0 532.0 360.0 527.0
399.0 378.0 389.0 375.0
308.0 534.0 297.0 528.0
421.0 414.0 411.0 410.0
363.0 129.0 357.0 127.0
421.0 415.0 411.0 410.0
363.0 130.0 356.0 127.0
371.0 533.0 360.0 527.0
31.0 312.0 27.0 307.0
179.0 245.0 172.0 242.0
373.0 532.0 361.0 528.0
323.0 483.0 315.0 480.0
420.0 413.0 411.0 410.0
428.0 65.0 421.0 61.0
391.0 361.0 382.0 357.0
340.0 513.0 329.0 508.0
322.0 483.0 315.0 480.0
178.0 245.0 172.0 242.0
302.0 379.0 293.0 374.0
77.0 194.0 65.0 188.0
136.0 331.0 126.0 326.0
288.0 449.0 277.0 445.0
366.0 186.0 358.0 184.0
323.0 485.0 315.0 480.0
134.0 331.0 126.0 326.0
323.0 27.0 319.0 24.0
463.0 13.0 457.0 12.0
324.0 26.0 319.0 24.0
420.0 414.0 411.0 410.0
309.0 534.0 297.0 528.0
422.0 415.0 411.0 410.0
324.0 28.0 319.0 24.0
372.0 533.0 360.0 527.0
20.0 531.0 23.0 526.0
135.0 331.0 126.0 326.0
429.0 65.0 421.0 61.0
434.0 273.0 425.0 270.0
324.0 27.0 319.0 24.0
87.0 577.0 78.0 572.0
294.0 497.0 284.0 492.0
422.0 414.0 411.0 410.0
303.0 378.0 293.0 374.0
386.0 262.0 377.0 258.0
323.0 484.0 315.0 480.0
410.0 84.0 405.0 82.0
156.0 337.0 146.0 333.0
399.0 379.0 389.0 375.0
435.0 273.0 425.0 270.0
189.0 319.0 180.0 313.0
317.0 364.0 307.0 360.0
410.0 85.0 405.0 82.0
155.0 337.0 146.0 333.0
302.0 378.0 293.0 374.0
135.0 332.0 126.0 326.0
322.0 347.0 314.0 343.0
450.0 574.0 436.0 566.0
462.0 12.0 457.0 10.0
423.0 414.0 411.0 410.0
409.0 84.0 405.0 82.0
351.0 166.0 342.0 161.0
351.0 165.0 342.0 161.0
345.0 585.0 332.0 579.0
14.0 49.0 16.0 46.0
96.0 552.0 88.0 544.0
155.0 338.0 146.0 333.0
379.0 218.0 371.0 214.0
321.0 347.0 314.0 343.0
86.0 578.0 78.0 572.0
433.0 274.0 425.0 270.0
317.0 363.0 307.0 359.0
136.0 332.0 126.0 326.0
357.0 353.0 348.0 349.0
401.0 380.0 389.0 375.0
434.0 274.0 425.0 270.0
19.0 531.0 23.0 526.0
244.0 625.0 230.0 621.0
50.0 189.0 47.0 181.0
179.0 246.0 172.0 242.0
401.0 378.0 390.0 374.0
189.0 318.0 180.0 313.0
13.0 49.0 16.0 46.0
134.0 332.0 126.0 326.0
409.0 85.0 405.0 82.0
87.0 578.0 78.0 572.0
88.0 578.0 78.0 572.0
387.0 117.0 381.0 114.0
421.0 413.0 411.0 410.0
31.0 311.0 27.0 307.0
365.0 173.0 357.0 168.0
14.0 50.0 16.0 46.0
277.0 320.0 268.0 315.0
32.0 312.0 27.0 307.0
402.0 379.0 390.0 374.0
344.0 585.0 332.0 579.0
318.0 364.0 307.0 360.0
334.0 287.0 325.0 283.0
87.0 579.0 78.0 572.0
180.0 246.0 172.0 242.0
384.0 193.0 377.0 191.0
318.0 363.0 307.0 359.0
155.0 336.0 146.0 333.0
362.0 130.0 356.0 127.0
366.0 173.0 359.0 169.0
368.0 332.0 357.0 329.0
334.0 286.0 325.0 283.0
154.0 338.0 146.0 333.0
356.0 352.0 348.0 349.0
346.0 585.0 332.0 579.0
388.0 116.0 381.0 114.0
344.0 586.0 332.0 579.0
265.0 480.0 254.0 475.0
65.0 74.0 51.0 62.0
422.0 413.0 411.0 410.0
245.0 233.0 237.0 230.0
32.0 311.0 27.0 307.0
452.0 574.0 436.0 566.0
401.0 379.0 390.0 374.0
243.0 625.0 230.0 621.0
356.0 353.0 348.0 349.0
451.0 574.0 436.0 566.0
379.0 217.0 371.0 214.0
388.0 117.0 381.0 114.0
345.0 586.0 332.0 579.0
365.0 172.0 357.0 168.0
244.0 626.0 230.0 621.0
243.0 626.0 230.0 621.0
436.0 44.0 431.0 42.0
246.0 333.0 239.0 330.0
338.0 428.0 328.0 423.0
13.0 50.0 16.0 46.0
215.0 567.0 204.0 563.0
378.0 217.0 369.0 213.0
357.0 352.0 348.0 349.0
225.0 301.0 217.0 297.0
453.0 574.0 436.0 566.0
450.0 573.0 436.0 566.0
225.0 302.0 217.0 297.0
316.0 419.0 306.0 415.0
188.0 319.0 180.0 313.0
387.0 116.0 381.0 114.0
264.0 480.0 254.0 475.0
378.0 218.0 370.0 214.0
154.0 337.0 146.0 333.0
436.0 45.0 431.0 42.0
371.0 120.0 364.0 116.0
154.0 336.0 146.0 333.0
74.0 629.0 62.0 623.0
425.0 395.0 414.0 390.0
339.0 428.0 328.0 423.0
451.0 573.0 436.0 566.0
316.0 364.0 307.0 359.0
223.0 301.0 215.0 297.0
224.0 301.0 215.0 297.0
337.0 427.0 328.0 423.0
333.0 286.0 325.0 283.0
377.0 217.0 369.0 213.0
437.0 44.0 431.0 42.0
368.0 331.0 357.0 329.0
168.0 405.0 158.0 398.0
371.0 119.0 364.0 116.0
437.0 45.0 431.0 42.0
300.0 448.0 291.0 444.0
338.0 427.0 328.0 423.0
14.0 51.0 16.0 46.0
197.0 294.0 189.0 288.0
245.0 234.0 237.0 230.0
378.0 216.0 369.0 213.0
368.0 330.0 357.0 329.0
460.0 89.0 452.0 86.0
242.0 626.0 230.0 621.0
64.0 68.0 51.0 62.0
285.0 528.0 274.0 524.0
66.0 74.0 51.0 62.0
56.0 69.0 51.0 62.0
316.0 420.0 306.0 415.0
367.0 173.0 359.0 169.0
224.0 302.0 215.0 297.0
372.0 120.0 364.0 116.0
73.0 628.0 62.0 623.0
401.0 563.0 389.0 557.0
262.0 462.0 253.0 457.0
318.0 420.0 306.0 415.0
366.0 172.0 359.0 169.0
425.0 394.0 414.0 390.0
228.0 561.0 217.0 558.0
167.0 406.0 158.0 401.0
167.0 404.0 158.0 398.0
140.0 393.0 132.0 388.0
334.0 285.0 325.0 283.0
339.0 510.0 329.0 508.0
167.0 405.0 158.0 398.0
438.0 45.0 431.0 42.0
326.0 457.0 316.0 451.0
285.0 529.0 274.0 524.0
436.0 46.0 431.0 42.0
424.0 395.0 414.0 390.0
317.0 420.0 306.0 415.0
168.0 406.0 158.0 401.0
243.0 627.0 230.0 621.0
199.0 286.0 189.0 288.0
339.0 427.0 328.0 423.0
452.0 573.0 436.0 566.0
200.0 285.0 191.0 280.0
346.0 586.0 332.0 579.0
34.0 531.0 23.0 526.0
73.0 629.0 62.0 623.0
244.0 234.0 237.0 230.0
224.0 300.0 217.0 296.0
388.0 118.0 381.0 114.0
236.0 526.0 225.0 521.0
301.0 344.0 293.0 341.0
35.0 531.0 23.0 526.0
167.0 403.0 158.0 398.0
339.0 509.0 328.0 503.0
141.0 393.0 132.0 388.0
168.0 404.0 158.0 398.0
140.0 392.0 132.0 388.0
236.0 527.0 225.0 521.0
244.0 627.0 230.0 621.0
140.0 391.0 132.0 388.0
65.0 75.0 51.0 62.0
142.0 391.0 133.0 387.0
372.0 119.0 364.0 116.0
244.0 233.0 237.0 230.0
142.0 392.0 133.0 386.0
34.0 532.0 23.0 526.0
199.0 285.0 191.0 280.0
338.0 426.0 328.0 423.0
284.0 528.0 272.0 524.0
325.0 455.0 316.0 451.0
223.0 589.0 211.0 584.0
250.0 216.0 243.0 212.0
243.0 234.0 236.0 230.0
403.0 563.0 389.0 557.0
244.0 235.0 237.0 230.0
302.0 344.0 293.0 341.0
394.0 576.0 379.0 570.0
258.0 604.0 246.0 597.0
236.0 528.0 225.0 522.0
325.0 456.0 316.0 451.0
35.0 532.0 23.0 526.0
324.0 456.0 316.0 451.0
337.0 426.0 327.0 422.0
402.0 563.0 389.0 557.0
326.0 456.0 316.0 451.0
24.0 54.0 27.0 49.0
223.0 588.0 211.0 584.0
235.0 526.0 225.0 521.0
284.0 529.0 272.0 524.0
235.0 527.0 225.0 522.0
310.0 487.0 300.0 482.0
200.0 286.0 189.0 288.0
247.0 509.0 237.0 505.0
198.0 294.0 189.0 288.0
284.0 530.0 272.0 523.0
247.0 510.0 237.0 505.0
141.0 391.0 133.0 387.0
56.0 70.0 51.0 62.0
198.0 426.0 186.0 417.0
424.0 394.0 414.0 390.0
249.0 214.0 242.0 209.0
249.0 509.0 238.0 506.0
108.0 607.0 95.0 601.0
257.0 604.0 246.0 597.0
284.0 527.0 272.0 523.0
326.0 455.0 316.0 451.0
141.0 392.0 132.0 388.0
192.0 311.0 184.0 305.0
250.0 214.0 243.0 212.0
110.0 373.0 96.0 365.0
257.0 605.0 246.0 597.0
35.0 63.0 32.0 56.0
276.0 600.0 265.0 594.0
327.0 456.0 316.0 451.0
263.0 461.0 253.0 457.0
224.0 589.0 211.0 584.0
353.0 629.0 340.0 622.0
311.0 487.0 300.0 482.0
250.0 215.0 243.0 212.0
257.0 603.0 246.0 597.0
198.0 425.0 186.0 417.0
192.0 310.0 184.0 305.0
234.0 527.0 225.0 522.0
235.0 528.0 225.0 522.0
369.0 295.0 363.0 286.0
248.0 509.0 237.0 505.0
249.0 215.0 242.0 210.0
110.0 372.0 96.0 365.0
248.0 510.0 237.0 505.0
256.0 605.0 245.0 598.0
234.0 526.0 225.0 522.0
34.0 57.0 34.0 55.0
224.0 587.0 211.0 584.0
224.0 588.0 212.0 584.0
283.0 528.0 272.0 523.0
225.0 588.0 213.0 583.0
111.0 372.0 96.0 365.0
107.0 607.0 95.0 601.0
54.0 64.0 51.0 62.0
256.0 603.0 245.0 598.0
111.0 373.0 96.0 365.0
256.0 604.0 245.0 598.0
257.0 602.0 246.0 597.0
283.0 529.0 272.0 523.0
25.0 62.0 32.0 56.0
259.0 534.0 248.0 530.0
256.0 602.0 245.0 598.0
474.0 528.0 463.0 518.0
475.0 525.0 463.0 518.0
156.0 103.0 133.0 92.0
475.0 526.0 463.0 518.0
107.0 326.0 107.0 321.0
476.0 526.0 463.0 518.0
15.0 56.0 16.0 46.0
474.0 525.0 463.0 518.0
76.0 613.0 62.0 622.0
474.0 526.0 463.0 518.0
475.0 528.0 463.0 518.0
259.0 533.0 248.0 530.0
75.0 613.0 62.0 622.0
259.0 535.0 248.0 530.0
258.0 533.0 248.0 530.0
475.0 527.0 463.0 518.0
60.0 612.0 48.0 606.0
53.0 63.0 51.0 62.0
54.0 63.0 51.0 62.0
474.0 527.0 463.0 518.0
156.0 104.0 133.0 92.0
157.0 104.0 133.0 92.0
149.0 625.0 127.0 616.0
258.0 534.0 248.0 530.0
59.0 612.0 47.0 605.0
157.0 105.0 133.0 92.0
30.0 184.0 47.0 181.0
60.0 611.0 48.0 606.0
258.0 535.0 248.0 530.0
6.0 406.0 13.0 403.0
29.0 183.0 19.0 171.0
157.0 103.0 133.0 92.0
59.0 611.0 47.0 605.0
150.0 624.0 127.0 616.0
7.0 407.0 13.0 403.0
6.0 408.0 13.0 403.0
6.0 407.0 13.0 403.0
218.0 585.0 211.0 583.0
57.0 627.0 45.0 621.0
56.0 626.0 45.0 621.0
150.0 625.0 127.0 616.0
57.0 626.0 45.0 621.0
218.0 584.0 211.0 583.0
56.0 627.0 45.0 621.0
25.0 410.0 14.0 402.0
299.0 355.0 293.0 341.0
218.0 583.0 211.0 583.0
217.0 585.0 211.0 583.0
477.0 4.0 457.0 10.0
478.0 4.0 457.0 10.0
25.0 408.0 14.0 402.0
4.0 529.0 23.0 526.0
25.0 409.0 14.0 402.0
306.0 442.0 292.0 444.0
217.0 584.0 211.0 583.0
392.0 179.0 377.0 190.0
313.0 384.0 293.0 374.0
217.0 583.0 211.0 583.0
393.0 178.0 377.0 190.0
314.0 383.0 293.0 374.0
122.0 207.0 65.0 188.0
122.0 208.0 65.0 188.0
122.0 206.0 65.0 188.0
372.0 308.0 357.0 329.0
315.0 383.0 293.0 374.0
