313.0 315.0 351.0 267.0
312.0 314.0 351.0 267.0
313.0 314.0 351.0 267.0
312.0 315.0 351.0 267.0
313.0 316.0 351.0 267.0
349.0 381.0 381.0 335.0
311.0 316.0 351.0 267.0
312.0 316.0 351.0 267.0
126.0 224.0 174.0 173.0
126.0 225.0 174.0 173.0
125.0 225.0 174.0 173.0
332.0 297.0 369.0 251.0
313.0 317.0 351.0 267.0
350.0 381.0 381.0 334.0
355.0 451.0 386.0 399.0
127.0 224.0 174.0 173.0
273.0 155.0 318.0 100.0
354.0 451.0 386.0 399.0
113.0 277.0 158.0 224.0
272.0 156.0 318.0 100.0
103.0 291.0 151.0 239.0
334.0 297.0 369.0 251.0
387.0 462.0 420.0 411.0
245.0 364.0 285.0 313.0
102.0 291.0 150.0 238.0
104.0 290.0 151.0 239.0
286.0 179.0 332.0 127.0
287.0 180.0 333.0 128.0
333.0 297.0 369.0 251.0
285.0 324.0 319.0 275.0
114.0 277.0 158.0 224.0
230.0 157.0 275.0 101.0
103.0 290.0 151.0 239.0
246.0 363.0 285.0 313.0
284.0 324.0 319.0 275.0
246.0 365.0 285.0 313.0
272.0 155.0 318.0 100.0
245.0 365.0 285.0 313.0
350.0 380.0 381.0 334.0
388.0 463.0 420.0 411.0
129.0 222.0 174.0 173.0
355.0 450.0 386.0 399.0
351.0 381.0 381.0 335.0
312.0 317.0 351.0 267.0
246.0 364.0 285.0 313.0
388.0 462.0 420.0 411.0
198.0 279.0 243.0 229.0
50.0 306.0 100.0 244.0
391.0 367.0 426.0 322.0
285.0 323.0 319.0 275.0
287.0 179.0 332.0 127.0
114.0 278.0 158.0 224.0
395.0 325.0 431.0 280.0
102.0 290.0 151.0 239.0
197.0 280.0 243.0 229.0
392.0 367.0 426.0 322.0
114.0 276.0 158.0 223.0
395.0 324.0 431.0 280.0
289.0 283.0 332.0 231.0
247.0 364.0 285.0 313.0
289.0 282.0 332.0 231.0
284.0 323.0 319.0 275.0
247.0 365.0 285.0 313.0
351.0 380.0 381.0 334.0
393.0 367.0 426.0 322.0
103.0 289.0 151.0 239.0
288.0 283.0 332.0 231.0
157.0 280.0 197.0 227.0
270.0 155.0 316.0 100.0
334.0 390.0 362.0 346.0
392.0 366.0 426.0 320.0
283.0 325.0 319.0 275.0
352.0 381.0 381.0 334.0
270.0 156.0 316.0 100.0
50.0 307.0 100.0 244.0
51.0 306.0 100.0 244.0
46.0 273.0 93.0 216.0
102.0 289.0 151.0 239.0
305.0 373.0 335.0 328.0
352.0 380.0 381.0 334.0
271.0 155.0 317.0 100.0
157.0 281.0 197.0 227.0
393.0 325.0 431.0 280.0
304.0 376.0 335.0 328.0
290.0 281.0 332.0 231.0
393.0 324.0 431.0 280.0
283.0 324.0 319.0 275.0
212.0 382.0 250.0 326.0
291.0 282.0 332.0 231.0
394.0 325.0 431.0 280.0
335.0 390.0 362.0 346.0
259.0 341.0 295.0 290.0
290.0 282.0 332.0 231.0
158.0 281.0 197.0 227.0
288.0 197.0 335.0 151.0
271.0 156.0 317.0 100.0
393.0 366.0 427.0 321.0
305.0 374.0 335.0 328.0
258.0 341.0 295.0 290.0
287.0 283.0 332.0 231.0
247.0 363.0 285.0 313.0
391.0 368.0 426.0 322.0
258.0 342.0 295.0 290.0
115.0 278.0 158.0 224.0
304.0 375.0 335.0 328.0
213.0 381.0 251.0 328.0
214.0 381.0 251.0 328.0
115.0 277.0 158.0 223.0
144.0 425.0 186.0 358.0
394.0 324.0 431.0 280.0
258.0 340.0 295.0 290.0
51.0 307.0 100.0 244.0
158.0 280.0 197.0 227.0
213.0 382.0 251.0 328.0
212.0 307.0 253.0 256.0
327.0 336.0 362.0 288.0
259.0 340.0 295.0 290.0
287.0 284.0 332.0 231.0
306.0 373.0 335.0 328.0
143.0 425.0 186.0 358.0
328.0 337.0 362.0 288.0
212.0 306.0 253.0 256.0
86.0 159.0 131.0 109.0
149.0 205.0 194.0 150.0
149.0 204.0 194.0 150.0
115.0 276.0 158.0 223.0
77.0 275.0 127.0 220.0
237.0 205.0 284.0 147.0
176.0 114.0 223.0 57.0
212.0 383.0 250.0 326.0
189.0 337.0 230.0 283.0
238.0 205.0 284.0 147.0
97.0 490.0 140.0 423.0
97.0 491.0 140.0 423.0
190.0 336.0 230.0 284.0
175.0 115.0 223.0 57.0
191.0 337.0 230.0 284.0
176.0 115.0 223.0 57.0
98.0 491.0 140.0 423.0
97.0 492.0 140.0 423.0
214.0 382.0 251.0 328.0
190.0 337.0 230.0 284.0
76.0 274.0 127.0 220.0
213.0 305.0 253.0 256.0
239.0 206.0 284.0 147.0
175.0 114.0 222.0 56.0
238.0 206.0 284.0 147.0
150.0 205.0 194.0 150.0
213.0 306.0 253.0 256.0
77.0 274.0 127.0 220.0
286.0 284.0 332.0 231.0
177.0 115.0 223.0 57.0
150.0 203.0 194.0 150.0
116.0 277.0 158.0 223.0
98.0 490.0 140.0 423.0
142.0 427.0 186.0 358.0
177.0 113.0 223.0 56.0
189.0 338.0 230.0 283.0
144.0 426.0 186.0 358.0
98.0 492.0 140.0 423.0
176.0 113.0 223.0 57.0
190.0 338.0 230.0 283.0
213.0 383.0 251.0 328.0
213.0 307.0 253.0 256.0
177.0 114.0 223.0 57.0
150.0 204.0 194.0 150.0
214.0 383.0 251.0 328.0
306.0 372.0 335.0 328.0
99.0 490.0 140.0 423.0
215.0 382.0 251.0 328.0
142.0 426.0 186.0 358.0
99.0 491.0 140.0 423.0
143.0 426.0 186.0 358.0
232.0 181.0 279.0 129.0
151.0 204.0 194.0 150.0
153.0 238.0 193.0 182.0
154.0 238.0 193.0 183.0
233.0 181.0 279.0 129.0
170.0 342.0 209.0 289.0
191.0 336.0 230.0 284.0
191.0 338.0 230.0 284.0
143.0 427.0 186.0 358.0
234.0 180.0 280.0 127.0
86.0 158.0 131.0 109.0
233.0 180.0 279.0 129.0
152.0 238.0 193.0 183.0
227.0 333.0 262.0 279.0
233.0 179.0 280.0 127.0
232.0 180.0 279.0 129.0
234.0 181.0 279.0 129.0
234.0 179.0 280.0 127.0
227.0 334.0 262.0 279.0
228.0 333.0 262.0 279.0
361.0 168.0 415.0 116.0
34.0 286.0 85.0 230.0
34.0 285.0 85.0 230.0
117.0 139.0 163.0 74.0
67.0 309.0 113.0 243.0
39.0 320.0 90.0 261.0
66.0 310.0 113.0 243.0
228.0 334.0 262.0 279.0
85.0 132.0 129.0 71.0
38.0 320.0 90.0 261.0
360.0 168.0 415.0 116.0
33.0 286.0 85.0 230.0
68.0 310.0 113.0 243.0
67.0 310.0 113.0 243.0
38.0 321.0 90.0 261.0
441.0 592.0 460.0 533.0
66.0 311.0 113.0 243.0
68.0 311.0 113.0 243.0
125.0 481.0 156.0 416.0
84.0 132.0 129.0 71.0
125.0 480.0 156.0 415.0
76.0 336.0 112.0 276.0
442.0 593.0 460.0 533.0
85.0 133.0 129.0 71.0
67.0 311.0 113.0 243.0
441.0 594.0 460.0 533.0
441.0 593.0 460.0 533.0
126.0 480.0 156.0 416.0
67.0 312.0 113.0 243.0
76.0 335.0 112.0 276.0
126.0 481.0 156.0 416.0
440.0 594.0 459.0 534.0
84.0 134.0 129.0 71.0
84.0 133.0 129.0 71.0
440.0 592.0 460.0 533.0
126.0 478.0 156.0 416.0
126.0 479.0 156.0 416.0
440.0 593.0 460.0 533.0
169.0 242.0 203.0 200.0
305.0 409.0 330.0 364.0
168.0 242.0 203.0 200.0
144.0 357.0 181.0 293.0
153.0 409.0 186.0 357.0
