272.0 139.0 284.0 154.0
240.0 457.0 252.0 467.0
240.0 458.0 252.0 467.0
342.0 170.0 355.0 185.0
240.0 459.0 252.0 467.0
241.0 457.0 252.0 467.0
342.0 171.0 356.0 186.0
241.0 458.0 252.0 468.0
160.0 530.0 174.0 541.0
343.0 171.0 356.0 186.0
343.0 170.0 355.0 185.0
319.0 243.0 333.0 258.0
319.0 244.0 333.0 258.0
159.0 532.0 172.0 541.0
19.0 434.0 30.0 442.0
320.0 244.0 333.0 258.0
159.0 531.0 172.0 541.0
112.0 199.0 125.0 211.0
241.0 459.0 252.0 467.0
160.0 532.0 172.0 541.0
113.0 199.0 125.0 211.0
19.0 435.0 30.0 442.0
160.0 531.0 172.0 541.0
124.0 364.0 134.0 374.0
20.0 436.0 30.0 442.0
321.0 177.0 334.0 194.0
114.0 351.0 129.0 363.0
214.0 357.0 226.0 371.0
197.0 88.0 211.0 100.0
213.0 357.0 226.0 369.0
115.0 352.0 129.0 363.0
213.0 358.0 226.0 371.0
20.0 434.0 30.0 442.0
20.0 435.0 30.0 442.0
212.0 357.0 226.0 371.0
197.0 87.0 211.0 100.0
74.0 269.0 86.0 277.0
47.0 342.0 58.0 349.0
212.0 356.0 226.0 369.0
76.0 393.0 85.0 401.0
48.0 342.0 58.0 349.0
115.0 351.0 129.0 363.0
21.0 435.0 30.0 442.0
48.0 341.0 58.0 349.0
116.0 352.0 129.0 363.0
47.0 341.0 58.0 349.0
75.0 268.0 86.0 278.0
351.0 217.0 365.0 232.0
217.0 423.0 226.0 434.0
187.0 529.0 195.0 536.0
206.0 339.0 218.0 352.0
218.0 423.0 226.0 434.0
213.0 356.0 226.0 369.0
74.0 268.0 86.0 277.0
351.0 218.0 365.0 232.0
76.0 394.0 85.0 401.0
293.0 274.0 308.0 289.0
376.0 492.0 384.0 505.0
75.0 394.0 85.0 401.0
285.0 231.0 298.0 248.0
351.0 219.0 365.0 233.0
210.0 455.0 219.0 465.0
96.0 334.0 108.0 342.0
217.0 424.0 226.0 434.0
218.0 424.0 226.0 433.0
275.0 466.0 286.0 477.0
189.0 397.0 200.0 408.0
206.0 338.0 218.0 352.0
275.0 467.0 286.0 478.0
75.0 393.0 84.0 400.0
334.0 192.0 346.0 207.0
116.0 351.0 129.0 363.0
187.0 528.0 195.0 536.0
450.0 567.0 463.0 580.0
375.0 491.0 384.0 505.0
36.0 438.0 44.0 446.0
207.0 339.0 218.0 352.0
285.0 232.0 298.0 248.0
375.0 492.0 384.0 505.0
186.0 528.0 195.0 536.0
48.0 340.0 58.0 349.0
185.0 528.0 195.0 536.0
36.0 439.0 44.0 446.0
46.0 341.0 58.0 349.0
75.0 269.0 86.0 278.0
98.0 109.0 111.0 118.0
286.0 231.0 298.0 248.0
207.0 338.0 218.0 352.0
196.0 87.0 211.0 100.0
334.0 191.0 346.0 207.0
196.0 88.0 211.0 100.0
189.0 398.0 200.0 408.0
125.0 364.0 134.0 374.0
210.0 456.0 219.0 465.0
376.0 491.0 384.0 505.0
286.0 232.0 298.0 248.0
91.0 357.0 102.0 367.0
77.0 394.0 85.0 401.0
438.0 616.0 448.0 627.0
97.0 334.0 108.0 342.0
276.0 466.0 287.0 477.0
293.0 273.0 308.0 289.0
186.0 527.0 194.0 536.0
206.0 337.0 218.0 352.0
156.0 433.0 166.0 443.0
46.0 340.0 58.0 349.0
96.0 472.0 108.0 480.0
125.0 365.0 134.0 374.0
276.0 467.0 286.0 478.0
37.0 439.0 44.0 446.0
156.0 431.0 166.0 443.0
97.0 472.0 108.0 480.0
293.0 275.0 308.0 289.0
186.0 529.0 195.0 536.0
133.0 328.0 145.0 338.0
47.0 340.0 58.0 349.0
70.0 221.0 83.0 230.0
275.0 465.0 286.0 477.0
43.0 253.0 53.0 258.0
44.0 253.0 53.0 258.0
437.0 616.0 448.0 627.0
207.0 337.0 218.0 352.0
293.0 276.0 308.0 289.0
133.0 327.0 145.0 338.0
98.0 472.0 109.0 480.0
292.0 274.0 308.0 289.0
156.0 432.0 166.0 443.0
422.0 549.0 433.0 564.0
437.0 615.0 448.0 627.0
96.0 333.0 108.0 342.0
335.0 191.0 346.0 207.0
200.0 406.0 212.0 417.0
92.0 357.0 102.0 367.0
423.0 550.0 433.0 564.0
422.0 550.0 433.0 564.0
97.0 333.0 108.0 342.0
209.0 454.0 219.0 465.0
31.0 407.0 41.0 416.0
292.0 275.0 308.0 289.0
30.0 407.0 41.0 416.0
423.0 549.0 433.0 564.0
60.0 407.0 70.0 415.0
335.0 192.0 346.0 207.0
134.0 328.0 145.0 338.0
188.0 397.0 200.0 408.0
126.0 364.0 134.0 374.0
134.0 327.0 145.0 338.0
164.0 381.0 174.0 393.0
438.0 523.0 453.0 538.0
164.0 382.0 174.0 393.0
388.0 226.0 398.0 237.0
209.0 455.0 219.0 465.0
43.0 226.0 52.0 234.0
92.0 356.0 102.0 367.0
335.0 193.0 346.0 207.0
19.0 148.0 31.0 153.0
31.0 406.0 41.0 416.0
59.0 407.0 70.0 415.0
438.0 522.0 453.0 538.0
163.0 382.0 174.0 393.0
44.0 226.0 52.0 234.0
95.0 333.0 108.0 342.0
270.0 289.0 284.0 303.0
292.0 273.0 308.0 289.0
135.0 328.0 145.0 338.0
30.0 406.0 41.0 416.0
60.0 408.0 70.0 415.0
335.0 190.0 346.0 207.0
200.0 407.0 212.0 417.0
209.0 456.0 219.0 465.0
265.0 387.0 274.0 396.0
160.0 298.0 169.0 309.0
157.0 431.0 166.0 443.0
157.0 432.0 166.0 443.0
20.0 148.0 31.0 153.0
74.0 474.0 86.0 481.0
29.0 407.0 41.0 416.0
93.0 357.0 105.0 368.0
98.0 333.0 108.0 342.0
200.0 408.0 212.0 417.0
437.0 522.0 453.0 538.0
208.0 454.0 219.0 465.0
75.0 474.0 86.0 481.0
112.0 443.0 122.0 454.0
148.0 41.0 161.0 52.0
269.0 289.0 284.0 303.0
43.0 227.0 52.0 234.0
44.0 227.0 52.0 234.0
140.0 506.0 154.0 517.0
93.0 356.0 105.0 368.0
188.0 398.0 200.0 408.0
59.0 408.0 70.0 415.0
270.0 290.0 284.0 304.0
208.0 456.0 219.0 465.0
165.0 382.0 174.0 393.0
110.0 442.0 122.0 454.0
45.0 227.0 52.0 234.0
160.0 299.0 169.0 309.0
228.0 36.0 244.0 51.0
307.0 412.0 322.0 427.0
110.0 397.0 120.0 405.0
19.0 149.0 31.0 153.0
269.0 290.0 284.0 304.0
208.0 455.0 219.0 465.0
111.0 443.0 122.0 454.0
112.0 444.0 122.0 454.0
26.0 331.0 36.0 336.0
268.0 289.0 284.0 303.0
388.0 227.0 398.0 237.0
43.0 425.0 51.0 433.0
159.0 297.0 169.0 309.0
148.0 40.0 161.0 52.0
159.0 298.0 169.0 309.0
389.0 227.0 398.0 237.0
111.0 397.0 120.0 405.0
82.0 235.0 91.0 244.0
165.0 381.0 174.0 393.0
445.0 559.0 463.0 580.0
445.0 558.0 463.0 580.0
308.0 412.0 322.0 427.0
111.0 396.0 120.0 405.0
147.0 40.0 160.0 52.0
148.0 39.0 161.0 52.0
101.0 156.0 112.0 167.0
111.0 442.0 122.0 454.0
96.0 260.0 107.0 270.0
25.0 331.0 36.0 336.0
166.0 459.0 191.0 464.0
25.0 332.0 36.0 336.0
179.0 478.0 189.0 489.0
177.0 477.0 189.0 489.0
24.0 332.0 36.0 336.0
178.0 478.0 189.0 489.0
140.0 505.0 154.0 517.0
268.0 290.0 284.0 304.0
14.0 631.0 11.0 634.0
111.0 441.0 122.0 454.0
115.0 143.0 126.0 153.0
92.0 168.0 98.0 180.0
265.0 388.0 274.0 396.0
115.0 142.0 126.0 153.0
178.0 477.0 189.0 489.0
308.0 411.0 322.0 427.0
126.0 280.0 138.0 290.0
194.0 189.0 204.0 198.0
83.0 235.0 91.0 244.0
139.0 506.0 154.0 517.0
444.0 559.0 463.0 580.0
125.0 280.0 138.0 290.0
200.0 375.0 208.0 385.0
82.0 236.0 91.0 244.0
199.0 375.0 208.0 385.0
200.0 376.0 208.0 385.0
50.0 309.0 62.0 305.0
125.0 279.0 138.0 290.0
193.0 188.0 203.0 198.0
126.0 279.0 138.0 290.0
91.0 497.0 100.0 503.0
139.0 505.0 154.0 517.0
200.0 374.0 208.0 385.0
194.0 188.0 204.0 198.0
127.0 280.0 138.0 290.0
166.0 458.0 191.0 464.0
97.0 261.0 107.0 270.0
83.0 236.0 91.0 244.0
116.0 143.0 126.0 153.0
127.0 279.0 138.0 290.0
116.0 142.0 126.0 152.0
45.0 492.0 54.0 498.0
167.0 459.0 191.0 464.0
129.0 448.0 139.0 457.0
117.0 142.0 126.0 152.0
83.0 237.0 91.0 244.0
116.0 144.0 126.0 153.0
96.0 261.0 107.0 270.0
51.0 310.0 62.0 306.0
116.0 141.0 126.0 152.0
128.0 448.0 139.0 457.0
128.0 280.0 138.0 290.0
91.0 498.0 100.0 503.0
44.0 492.0 54.0 498.0
92.0 497.0 100.0 503.0
128.0 279.0 138.0 290.0
128.0 449.0 139.0 457.0
65.0 344.0 73.0 357.0
94.0 564.0 105.0 570.0
95.0 563.0 105.0 570.0
94.0 563.0 105.0 570.0
130.0 448.0 139.0 457.0
23.0 576.0 31.0 580.0
95.0 564.0 105.0 570.0
318.0 522.0 321.0 527.0
79.0 299.0 81.0 310.0
347.0 210.0 370.0 218.0
99.0 588.0 109.0 593.0
92.0 498.0 100.0 503.0
79.0 300.0 81.0 310.0
99.0 587.0 109.0 593.0
318.0 521.0 321.0 527.0
146.0 354.0 154.0 356.0
129.0 449.0 139.0 457.0
130.0 449.0 139.0 457.0
100.0 589.0 109.0 593.0
99.0 589.0 109.0 593.0
262.0 336.0 270.0 341.0
92.0 530.0 94.0 530.0
100.0 588.0 109.0 593.0
146.0 356.0 154.0 356.0
383.0 508.0 384.0 505.0
80.0 299.0 81.0 310.0
93.0 530.0 94.0 530.0
146.0 355.0 154.0 356.0
80.0 301.0 81.0 310.0
80.0 300.0 81.0 310.0
