303.0 91.0 318.0 91.0
302.0 91.0 318.0 91.0
302.0 90.0 318.0 91.0
302.0 92.0 318.0 92.0
302.0 89.0 317.0 90.0
303.0 90.0 318.0 91.0
301.0 92.0 316.0 93.0
169.0 302.0 185.0 300.0
170.0 302.0 185.0 300.0
301.0 89.0 317.0 90.0
301.0 90.0 317.0 90.0
341.0 58.0 356.0 58.0
300.0 91.0 315.0 92.0
168.0 302.0 185.0 300.0
341.0 59.0 357.0 58.0
301.0 91.0 317.0 92.0
169.0 301.0 185.0 300.0
300.0 90.0 316.0 90.0
170.0 301.0 185.0 300.0
169.0 303.0 185.0 300.0
168.0 301.0 185.0 300.0
342.0 59.0 358.0 58.0
343.0 58.0 358.0 58.0
168.0 414.0 184.0 409.0
343.0 59.0 358.0 58.0
342.0 57.0 357.0 58.0
342.0 58.0 357.0 58.0
169.0 413.0 185.0 408.0
187.0 88.0 204.0 89.0
168.0 413.0 185.0 408.0
122.0 168.0 140.0 166.0
168.0 303.0 185.0 300.0
188.0 87.0 205.0 89.0
66.0 210.0 85.0 208.0
187.0 87.0 204.0 89.0
267.0 562.0 281.0 556.0
171.0 414.0 187.0 409.0
167.0 413.0 185.0 408.0
66.0 211.0 85.0 208.0
186.0 88.0 204.0 89.0
174.0 100.0 191.0 101.0
169.0 414.0 185.0 408.0
177.0 546.0 192.0 539.0
170.0 414.0 186.0 409.0
123.0 168.0 141.0 167.0
66.0 155.0 85.0 154.0
167.0 414.0 185.0 408.0
187.0 86.0 204.0 89.0
65.0 211.0 85.0 208.0
186.0 87.0 204.0 89.0
65.0 210.0 85.0 208.0
96.0 268.0 114.0 265.0
200.0 108.0 219.0 108.0
169.0 415.0 187.0 409.0
64.0 155.0 84.0 153.0
122.0 167.0 140.0 166.0
186.0 86.0 204.0 89.0
81.0 76.0 100.0 75.0
65.0 155.0 85.0 154.0
88.0 321.0 108.0 317.0
123.0 169.0 141.0 167.0
65.0 209.0 85.0 208.0
80.0 76.0 100.0 75.0
172.0 100.0 191.0 101.0
81.0 77.0 100.0 75.0
65.0 212.0 86.0 209.0
177.0 547.0 192.0 539.0
266.0 561.0 280.0 555.0
266.0 562.0 280.0 556.0
64.0 209.0 85.0 208.0
81.0 75.0 100.0 75.0
67.0 155.0 85.0 153.0
64.0 210.0 85.0 208.0
174.0 101.0 192.0 101.0
267.0 561.0 280.0 555.0
63.0 155.0 84.0 153.0
200.0 107.0 219.0 108.0
173.0 100.0 191.0 101.0
89.0 321.0 108.0 317.0
95.0 267.0 114.0 264.0
416.0 242.0 430.0 245.0
87.0 322.0 108.0 317.0
95.0 266.0 114.0 264.0
168.0 340.0 184.0 338.0
172.0 101.0 191.0 101.0
267.0 560.0 280.0 555.0
123.0 167.0 141.0 167.0
55.0 41.0 76.0 40.0
415.0 242.0 430.0 245.0
64.0 211.0 85.0 208.0
124.0 168.0 141.0 167.0
88.0 322.0 108.0 317.0
68.0 155.0 88.0 153.0
173.0 101.0 191.0 101.0
265.0 561.0 279.0 556.0
80.0 77.0 100.0 75.0
82.0 76.0 100.0 75.0
265.0 562.0 280.0 556.0
124.0 167.0 141.0 167.0
67.0 156.0 86.0 154.0
66.0 156.0 85.0 154.0
199.0 108.0 218.0 108.0
168.0 415.0 184.0 409.0
56.0 41.0 76.0 40.0
205.0 461.0 220.0 453.0
178.0 547.0 192.0 539.0
168.0 341.0 184.0 338.0
82.0 77.0 100.0 75.0
124.0 169.0 141.0 167.0
205.0 459.0 220.0 453.0
55.0 42.0 76.0 40.0
167.0 339.0 184.0 338.0
266.0 560.0 280.0 555.0
68.0 156.0 88.0 153.0
80.0 75.0 100.0 75.0
167.0 341.0 184.0 338.0
416.0 243.0 430.0 245.0
94.0 132.0 114.0 131.0
178.0 546.0 192.0 539.0
204.0 461.0 218.0 453.0
204.0 460.0 220.0 453.0
204.0 459.0 220.0 453.0
79.0 75.0 98.0 75.0
417.0 242.0 430.0 245.0
89.0 322.0 108.0 317.0
167.0 340.0 184.0 338.0
205.0 460.0 220.0 453.0
56.0 42.0 76.0 40.0
79.0 76.0 100.0 75.0
57.0 344.0 76.0 338.0
168.0 339.0 184.0 338.0
97.0 132.0 115.0 131.0
56.0 344.0 76.0 338.0
199.0 107.0 219.0 108.0
415.0 243.0 430.0 245.0
92.0 131.0 114.0 131.0
78.0 76.0 97.0 75.0
60.0 272.0 82.0 268.0
77.0 555.0 94.0 545.0
417.0 243.0 430.0 245.0
93.0 133.0 114.0 131.0
198.0 107.0 219.0 108.0
106.0 364.0 124.0 357.0
191.0 524.0 207.0 517.0
199.0 106.0 219.0 108.0
190.0 525.0 207.0 517.0
93.0 132.0 114.0 131.0
98.0 132.0 120.0 131.0
60.0 273.0 82.0 268.0
373.0 74.0 384.0 75.0
92.0 133.0 114.0 131.0
78.0 75.0 98.0 75.0
92.0 132.0 114.0 131.0
414.0 243.0 430.0 245.0
106.0 363.0 124.0 357.0
78.0 555.0 95.0 546.0
103.0 316.0 123.0 312.0
416.0 244.0 430.0 245.0
251.0 25.0 268.0 23.0
251.0 24.0 268.0 23.0
250.0 23.0 268.0 23.0
250.0 25.0 268.0 23.0
251.0 23.0 268.0 23.0
59.0 273.0 82.0 268.0
417.0 244.0 430.0 245.0
219.0 545.0 232.0 540.0
101.0 317.0 123.0 312.0
79.0 306.0 98.0 303.0
86.0 360.0 106.0 353.0
207.0 532.0 222.0 525.0
48.0 362.0 69.0 356.0
102.0 317.0 123.0 312.0
47.0 363.0 68.0 356.0
418.0 243.0 430.0 245.0
250.0 24.0 268.0 23.0
78.0 554.0 95.0 546.0
76.0 555.0 95.0 544.0
190.0 524.0 207.0 517.0
415.0 244.0 430.0 245.0
150.0 301.0 163.0 299.0
59.0 272.0 81.0 268.0
77.0 554.0 94.0 545.0
48.0 363.0 69.0 356.0
208.0 487.0 223.0 482.0
268.0 536.0 284.0 533.0
85.0 359.0 106.0 353.0
269.0 537.0 284.0 533.0
209.0 487.0 224.0 483.0
418.0 244.0 430.0 245.0
52.0 560.0 70.0 549.0
87.0 358.0 106.0 353.0
373.0 73.0 384.0 75.0
132.0 374.0 152.0 369.0
210.0 488.0 224.0 483.0
218.0 516.0 233.0 509.0
268.0 535.0 284.0 532.0
234.0 486.0 248.0 481.0
210.0 487.0 224.0 482.0
270.0 537.0 284.0 533.0
269.0 536.0 284.0 533.0
211.0 488.0 224.0 482.0
48.0 361.0 69.0 356.0
133.0 373.0 152.0 369.0
133.0 374.0 152.0 369.0
210.0 489.0 224.0 483.0
47.0 362.0 68.0 356.0
46.0 362.0 68.0 356.0
53.0 558.0 71.0 548.0
86.0 359.0 106.0 353.0
46.0 363.0 68.0 356.0
132.0 375.0 152.0 369.0
416.0 245.0 430.0 245.0
87.0 360.0 107.0 354.0
374.0 73.0 384.0 75.0
90.0 388.0 108.0 383.0
53.0 560.0 70.0 549.0
269.0 535.0 284.0 532.0
127.0 284.0 143.0 282.0
44.0 410.0 64.0 401.0
103.0 317.0 123.0 312.0
374.0 74.0 384.0 75.0
233.0 486.0 248.0 481.0
269.0 534.0 284.0 532.0
53.0 559.0 71.0 548.0
52.0 559.0 71.0 548.0
78.0 307.0 98.0 303.0
54.0 558.0 71.0 548.0
86.0 358.0 106.0 353.0
234.0 485.0 248.0 481.0
90.0 387.0 108.0 383.0
209.0 488.0 224.0 483.0
89.0 387.0 108.0 383.0
45.0 410.0 64.0 401.0
76.0 554.0 94.0 545.0
254.0 500.0 268.0 496.0
217.0 516.0 233.0 509.0
47.0 364.0 69.0 356.0
417.0 245.0 430.0 245.0
114.0 628.0 128.0 619.0
253.0 501.0 268.0 496.0
133.0 375.0 152.0 369.0
87.0 359.0 106.0 353.0
218.0 517.0 233.0 509.0
47.0 361.0 68.0 356.0
270.0 536.0 284.0 533.0
45.0 409.0 64.0 401.0
233.0 487.0 248.0 481.0
253.0 500.0 268.0 496.0
44.0 409.0 64.0 401.0
43.0 410.0 64.0 401.0
375.0 73.0 384.0 75.0
46.0 361.0 68.0 356.0
132.0 376.0 152.0 369.0
78.0 305.0 98.0 301.0
43.0 409.0 64.0 401.0
89.0 388.0 108.0 383.0
54.0 559.0 71.0 548.0
270.0 535.0 284.0 532.0
78.0 306.0 98.0 301.0
58.0 273.0 81.0 268.0
127.0 285.0 143.0 282.0
58.0 272.0 81.0 268.0
42.0 409.0 64.0 401.0
104.0 317.0 123.0 312.0
78.0 470.0 97.0 462.0
77.0 470.0 97.0 462.0
128.0 284.0 143.0 282.0
76.0 470.0 97.0 462.0
217.0 517.0 233.0 509.0
57.0 272.0 81.0 268.0
77.0 306.0 98.0 301.0
34.0 140.0 54.0 139.0
134.0 375.0 152.0 369.0
78.0 471.0 97.0 462.0
57.0 273.0 81.0 268.0
110.0 437.0 121.0 430.0
216.0 517.0 231.0 509.0
39.0 75.0 59.0 76.0
109.0 438.0 121.0 430.0
128.0 285.0 143.0 282.0
35.0 139.0 54.0 139.0
15.0 358.0 34.0 350.0
110.0 438.0 121.0 430.0
116.0 285.0 143.0 282.0
35.0 140.0 54.0 139.0
38.0 75.0 59.0 76.0
129.0 284.0 143.0 282.0
21.0 330.0 39.0 325.0
33.0 140.0 54.0 139.0
241.0 472.0 262.0 468.0
34.0 139.0 54.0 139.0
209.0 510.0 231.0 509.0
36.0 140.0 54.0 139.0
14.0 357.0 32.0 351.0
20.0 330.0 39.0 325.0
77.0 471.0 97.0 462.0
20.0 331.0 39.0 325.0
129.0 285.0 143.0 282.0
38.0 76.0 59.0 76.0
138.0 241.0 155.0 247.0
4.0 152.0 24.0 151.0
116.0 284.0 143.0 282.0
3.0 152.0 24.0 151.0
33.0 139.0 54.0 139.0
15.0 357.0 32.0 351.0
37.0 76.0 59.0 76.0
115.0 284.0 143.0 282.0
137.0 240.0 155.0 247.0
37.0 75.0 60.0 74.0
76.0 471.0 97.0 462.0
208.0 510.0 231.0 509.0
19.0 331.0 39.0 325.0
14.0 358.0 32.0 351.0
111.0 54.0 139.0 71.0
138.0 240.0 155.0 247.0
209.0 509.0 231.0 509.0
27.0 400.0 46.0 394.0
111.0 55.0 139.0 71.0
28.0 400.0 46.0 394.0
268.0 511.0 291.0 508.0
453.0 266.0 469.0 267.0
137.0 239.0 155.0 247.0
27.0 399.0 46.0 394.0
444.0 184.0 461.0 184.0
445.0 183.0 461.0 184.0
26.0 400.0 46.0 394.0
455.0 265.0 469.0 267.0
453.0 265.0 469.0 267.0
444.0 182.0 461.0 184.0
27.0 401.0 46.0 394.0
139.0 240.0 155.0 247.0
50.0 596.0 68.0 585.0
26.0 399.0 45.0 394.0
455.0 266.0 469.0 267.0
130.0 285.0 143.0 282.0
443.0 183.0 461.0 184.0
25.0 400.0 46.0 394.0
110.0 54.0 139.0 71.0
444.0 183.0 461.0 184.0
454.0 266.0 469.0 267.0
136.0 239.0 155.0 247.0
454.0 265.0 469.0 267.0
51.0 597.0 69.0 585.0
110.0 55.0 139.0 71.0
454.0 264.0 469.0 266.0
25.0 401.0 46.0 394.0
26.0 401.0 46.0 394.0
138.0 239.0 155.0 247.0
50.0 597.0 68.0 585.0
253.0 625.0 257.0 610.0
26.0 402.0 46.0 394.0
254.0 625.0 257.0 610.0
266.0 512.0 268.0 496.0
226.0 474.0 249.0 481.0
254.0 523.0 261.0 523.0
225.0 474.0 249.0 481.0
225.0 473.0 249.0 481.0
87.0 379.0 107.0 381.0
255.0 524.0 261.0 523.0
267.0 511.0 268.0 496.0
87.0 378.0 107.0 381.0
256.0 525.0 261.0 523.0
267.0 512.0 268.0 496.0
154.0 616.0 161.0 600.0
452.0 182.0 468.0 187.0
323.0 471.0 325.0 464.0
154.0 617.0 161.0 600.0
26.0 471.0 43.0 467.0
153.0 616.0 161.0 600.0
452.0 183.0 468.0 187.0
94.0 474.0 105.0 461.0
96.0 474.0 122.0 458.0
48.0 211.0 81.0 268.0
324.0 471.0 325.0 464.0
49.0 210.0 83.0 268.0
453.0 183.0 468.0 187.0
255.0 523.0 261.0 523.0
256.0 524.0 261.0 523.0
453.0 182.0 468.0 187.0
153.0 617.0 161.0 600.0
49.0 209.0 83.0 268.0
48.0 210.0 81.0 268.0
48.0 209.0 81.0 268.0
272.0 52.0 317.0 93.0
31.0 496.0 49.0 486.0
95.0 474.0 122.0 458.0
