241.0 312.0 233.0 328.0
240.0 312.0 233.0 328.0
250.0 328.0 240.0 345.0
240.0 313.0 233.0 328.0
256.0 467.0 247.0 485.0
358.0 191.0 347.0 209.0
241.0 313.0 233.0 328.0
244.0 354.0 236.0 370.0
250.0 327.0 240.0 345.0
245.0 355.0 236.0 370.0
256.0 468.0 247.0 485.0
249.0 328.0 240.0 345.0
369.0 68.0 356.0 87.0
240.0 314.0 233.0 328.0
239.0 314.0 233.0 328.0
358.0 190.0 347.0 209.0
249.0 329.0 240.0 345.0
357.0 191.0 347.0 209.0
255.0 467.0 247.0 485.0
370.0 218.0 358.0 236.0
246.0 354.0 238.0 370.0
357.0 189.0 346.0 207.0
245.0 354.0 237.0 370.0
194.0 336.0 186.0 353.0
337.0 198.0 327.0 215.0
357.0 188.0 346.0 207.0
369.0 67.0 356.0 87.0
230.0 106.0 221.0 124.0
255.0 468.0 247.0 485.0
357.0 190.0 347.0 209.0
206.0 446.0 198.0 462.0
370.0 217.0 358.0 236.0
245.0 353.0 237.0 369.0
323.0 164.0 314.0 182.0
254.0 468.0 247.0 485.0
232.0 107.0 222.0 125.0
246.0 355.0 238.0 370.0
149.0 120.0 142.0 136.0
356.0 189.0 346.0 207.0
247.0 354.0 238.0 370.0
255.0 469.0 247.0 485.0
195.0 336.0 186.0 353.0
149.0 121.0 143.0 138.0
195.0 335.0 186.0 353.0
338.0 198.0 327.0 215.0
230.0 422.0 222.0 441.0
231.0 107.0 221.0 124.0
207.0 444.0 198.0 462.0
13.0 2.0 9.0 3.0
358.0 189.0 346.0 208.0
13.0 3.0 9.0 3.0
358.0 188.0 346.0 208.0
233.0 106.0 222.0 125.0
232.0 106.0 222.0 125.0
258.0 115.0 249.0 133.0
294.0 98.0 285.0 117.0
246.0 353.0 237.0 369.0
207.0 445.0 198.0 462.0
14.0 2.0 9.0 3.0
14.0 3.0 9.0 3.0
339.0 198.0 327.0 215.0
324.0 164.0 314.0 182.0
194.0 335.0 186.0 353.0
407.0 196.0 395.0 214.0
337.0 199.0 326.0 216.0
205.0 446.0 195.0 465.0
231.0 106.0 221.0 124.0
406.0 196.0 395.0 214.0
206.0 445.0 198.0 462.0
339.0 199.0 327.0 216.0
219.0 317.0 209.0 335.0
336.0 563.0 328.0 584.0
205.0 445.0 198.0 462.0
190.0 378.0 182.0 393.0
226.0 340.0 214.0 359.0
323.0 165.0 314.0 182.0
15.0 2.0 9.0 3.0
195.0 334.0 185.0 353.0
294.0 97.0 284.0 116.0
232.0 105.0 222.0 125.0
225.0 341.0 214.0 359.0
15.0 3.0 9.0 3.0
208.0 413.0 198.0 429.0
219.0 318.0 211.0 335.0
231.0 105.0 222.0 125.0
150.0 119.0 142.0 136.0
225.0 340.0 214.0 359.0
194.0 334.0 185.0 353.0
218.0 317.0 209.0 334.0
233.0 105.0 222.0 125.0
338.0 200.0 327.0 216.0
263.0 197.0 254.0 213.0
223.0 202.0 214.0 220.0
371.0 217.0 358.0 236.0
206.0 444.0 198.0 462.0
368.0 68.0 356.0 87.0
247.0 353.0 238.0 370.0
264.0 197.0 255.0 213.0
232.0 104.0 221.0 124.0
338.0 199.0 327.0 216.0
150.0 120.0 142.0 136.0
324.0 163.0 314.0 182.0
371.0 218.0 359.0 235.0
368.0 69.0 356.0 87.0
405.0 197.0 395.0 214.0
261.0 416.0 253.0 432.0
324.0 166.0 314.0 184.0
279.0 100.0 269.0 117.0
190.0 377.0 182.0 393.0
192.0 378.0 183.0 394.0
191.0 378.0 183.0 394.0
371.0 216.0 358.0 236.0
226.0 339.0 214.0 359.0
48.0 421.0 39.0 439.0
231.0 104.0 221.0 124.0
262.0 198.0 254.0 213.0
325.0 166.0 314.0 184.0
262.0 416.0 253.0 432.0
406.0 197.0 395.0 214.0
176.0 108.0 167.0 127.0
225.0 339.0 214.0 359.0
48.0 420.0 39.0 439.0
205.0 444.0 198.0 461.0
261.0 417.0 253.0 432.0
208.0 134.0 198.0 152.0
49.0 421.0 39.0 439.0
324.0 165.0 314.0 182.0
279.0 99.0 269.0 117.0
195.0 333.0 189.0 346.0
177.0 108.0 167.0 127.0
263.0 199.0 255.0 214.0
341.0 53.0 331.0 71.0
164.0 467.0 155.0 486.0
195.0 332.0 189.0 346.0
205.0 392.0 195.0 409.0
194.0 333.0 189.0 346.0
264.0 198.0 255.0 214.0
48.0 422.0 39.0 439.0
264.0 199.0 255.0 214.0
261.0 418.0 253.0 432.0
192.0 377.0 182.0 394.0
393.0 206.0 381.0 224.0
325.0 165.0 314.0 182.0
263.0 198.0 255.0 213.0
165.0 467.0 156.0 486.0
191.0 377.0 182.0 393.0
325.0 163.0 314.0 182.0
151.0 121.0 144.0 137.0
192.0 433.0 182.0 452.0
183.0 390.0 175.0 405.0
280.0 99.0 269.0 117.0
262.0 418.0 253.0 432.0
281.0 97.0 270.0 117.0
189.0 242.0 180.0 258.0
58.0 434.0 50.0 451.0
341.0 52.0 331.0 71.0
181.0 391.0 175.0 405.0
226.0 379.0 219.0 396.0
176.0 329.0 171.0 343.0
192.0 432.0 182.0 452.0
263.0 416.0 253.0 432.0
182.0 390.0 175.0 405.0
325.0 164.0 314.0 182.0
196.0 332.0 189.0 346.0
176.0 107.0 167.0 127.0
10.0 282.0 3.0 224.0
262.0 417.0 253.0 432.0
241.0 177.0 232.0 193.0
263.0 417.0 253.0 432.0
280.0 98.0 269.0 117.0
176.0 277.0 168.0 293.0
200.0 26.0 191.0 46.0
181.0 390.0 175.0 405.0
408.0 197.0 396.0 214.0
207.0 132.0 198.0 151.0
201.0 27.0 191.0 46.0
150.0 121.0 143.0 138.0
204.0 393.0 195.0 409.0
200.0 28.0 191.0 46.0
48.0 419.0 38.0 438.0
200.0 27.0 191.0 46.0
182.0 391.0 175.0 405.0
406.0 198.0 395.0 214.0
341.0 51.0 331.0 71.0
196.0 331.0 189.0 346.0
208.0 133.0 198.0 151.0
393.0 205.0 381.0 224.0
151.0 120.0 144.0 137.0
175.0 331.0 170.0 342.0
165.0 466.0 156.0 486.0
218.0 318.0 211.0 335.0
183.0 391.0 175.0 405.0
228.0 379.0 219.0 396.0
204.0 392.0 195.0 409.0
164.0 466.0 155.0 486.0
209.0 132.0 203.0 154.0
207.0 133.0 198.0 151.0
164.0 464.0 159.0 479.0
407.0 197.0 395.0 214.0
164.0 209.0 156.0 226.0
237.0 563.0 228.0 586.0
177.0 107.0 167.0 127.0
175.0 330.0 170.0 342.0
201.0 26.0 191.0 46.0
176.0 330.0 171.0 343.0
190.0 45.0 181.0 64.0
227.0 379.0 219.0 396.0
246.0 130.0 239.0 147.0
190.0 46.0 180.0 65.0
10.0 281.0 3.0 224.0
241.0 178.0 232.0 193.0
58.0 435.0 49.0 451.0
193.0 432.0 182.0 452.0
10.0 280.0 3.0 224.0
246.0 131.0 239.0 147.0
209.0 133.0 198.0 152.0
342.0 51.0 331.0 71.0
342.0 52.0 331.0 71.0
175.0 329.0 170.0 342.0
176.0 106.0 167.0 127.0
227.0 378.0 219.0 396.0
49.0 420.0 39.0 439.0
281.0 96.0 270.0 117.0
176.0 331.0 171.0 343.0
165.0 465.0 156.0 486.0
238.0 370.0 230.0 383.0
164.0 210.0 156.0 226.0
392.0 205.0 381.0 224.0
164.0 465.0 156.0 486.0
208.0 132.0 198.0 151.0
248.0 130.0 239.0 147.0
10.0 226.0 3.0 224.0
236.0 563.0 228.0 586.0
326.0 164.0 314.0 182.0
254.0 456.0 252.0 478.0
177.0 106.0 167.0 127.0
17.0 187.0 3.0 224.0
342.0 53.0 331.0 71.0
233.0 578.0 225.0 599.0
196.0 330.0 189.0 346.0
10.0 259.0 3.0 224.0
204.0 391.0 195.0 409.0
203.0 393.0 195.0 409.0
280.0 97.0 269.0 117.0
163.0 209.0 156.0 226.0
49.0 419.0 39.0 439.0
392.0 204.0 378.0 221.0
208.0 131.0 198.0 151.0
310.0 573.0 304.0 590.0
342.0 50.0 331.0 71.0
203.0 392.0 195.0 409.0
97.0 604.0 87.0 628.0
202.0 392.0 195.0 409.0
249.0 131.0 239.0 147.0
247.0 130.0 239.0 147.0
248.0 131.0 239.0 147.0
238.0 371.0 230.0 383.0
249.0 132.0 239.0 147.0
248.0 132.0 239.0 147.0
97.0 605.0 87.0 628.0
237.0 370.0 230.0 383.0
96.0 605.0 87.0 628.0
192.0 233.0 184.0 249.0
202.0 391.0 195.0 409.0
178.0 106.0 167.0 127.0
407.0 198.0 396.0 214.0
175.0 332.0 170.0 342.0
237.0 564.0 228.0 586.0
310.0 572.0 304.0 590.0
96.0 606.0 87.0 628.0
234.0 577.0 225.0 599.0
310.0 571.0 304.0 590.0
247.0 131.0 239.0 147.0
309.0 572.0 304.0 590.0
178.0 107.0 167.0 127.0
209.0 207.0 202.0 225.0
208.0 207.0 202.0 225.0
209.0 208.0 202.0 225.0
97.0 606.0 87.0 628.0
203.0 391.0 195.0 409.0
281.0 95.0 270.0 117.0
96.0 604.0 87.0 628.0
58.0 416.0 49.0 433.0
309.0 573.0 304.0 590.0
309.0 574.0 304.0 590.0
191.0 234.0 184.0 249.0
247.0 132.0 239.0 147.0
208.0 209.0 202.0 225.0
209.0 209.0 202.0 225.0
208.0 210.0 202.0 225.0
310.0 574.0 301.0 596.0
208.0 208.0 202.0 225.0
149.0 253.0 140.0 269.0
233.0 577.0 225.0 599.0
264.0 44.0 251.0 63.0
192.0 234.0 184.0 249.0
148.0 253.0 140.0 269.0
198.0 493.0 192.0 511.0
161.0 218.0 156.0 226.0
148.0 252.0 140.0 268.0
264.0 43.0 251.0 63.0
95.0 605.0 87.0 628.0
197.0 496.0 192.0 511.0
178.0 201.0 174.0 208.0
199.0 493.0 192.0 511.0
74.0 492.0 63.0 515.0
205.0 189.0 198.0 209.0
264.0 42.0 251.0 63.0
165.0 391.0 150.0 409.0
161.0 217.0 156.0 226.0
192.0 235.0 184.0 249.0
149.0 252.0 140.0 269.0
74.0 493.0 63.0 515.0
198.0 494.0 192.0 511.0
198.0 495.0 192.0 511.0
73.0 493.0 63.0 515.0
199.0 494.0 192.0 511.0
198.0 496.0 192.0 511.0
165.0 390.0 150.0 409.0
73.0 492.0 63.0 515.0
199.0 495.0 192.0 511.0
329.0 90.0 310.0 95.0
205.0 188.0 198.0 209.0
160.0 217.0 156.0 226.0
166.0 391.0 150.0 409.0
265.0 40.0 252.0 62.0
160.0 219.0 156.0 226.0
160.0 218.0 156.0 226.0
81.0 623.0 66.0 631.0
166.0 390.0 150.0 409.0
71.0 607.0 64.0 631.0
69.0 432.0 50.0 450.0
267.0 446.0 253.0 478.0
70.0 608.0 64.0 631.0
73.0 608.0 64.0 631.0
199.0 496.0 192.0 511.0
71.0 608.0 64.0 631.0
198.0 497.0 192.0 511.0
159.0 218.0 156.0 226.0
82.0 623.0 66.0 631.0
69.0 431.0 50.0 450.0
72.0 607.0 64.0 631.0
70.0 432.0 50.0 450.0
70.0 431.0 50.0 450.0
72.0 608.0 64.0 631.0
60.0 585.0 50.0 606.0
267.0 445.0 253.0 478.0
243.0 410.0 226.0 415.0
306.0 538.0 284.0 560.0
83.0 623.0 66.0 631.0
82.0 624.0 66.0 631.0
83.0 622.0 66.0 631.0
82.0 622.0 66.0 631.0
84.0 623.0 66.0 631.0
83.0 624.0 66.0 631.0
61.0 585.0 50.0 606.0
268.0 446.0 253.0 478.0
244.0 411.0 226.0 415.0
71.0 431.0 50.0 450.0
268.0 445.0 253.0 478.0
357.0 26.0 339.0 53.0
269.0 446.0 253.0 478.0
356.0 27.0 339.0 53.0
357.0 25.0 339.0 53.0
75.0 583.0 63.0 598.0
356.0 26.0 339.0 53.0
76.0 582.0 64.0 597.0
244.0 409.0 226.0 415.0
76.0 583.0 64.0 597.0
244.0 410.0 226.0 415.0
307.0 538.0 284.0 560.0
182.0 177.0 175.0 208.0
62.0 585.0 50.0 606.0
62.0 584.0 50.0 606.0
169.0 291.0 169.0 293.0
168.0 291.0 169.0 293.0
60.0 584.0 50.0 606.0
61.0 584.0 50.0 606.0
