75.0 242.0 82.0 275.0
175.0 333.0 181.0 370.0
51.0 254.0 61.0 288.0
175.0 332.0 181.0 369.0
390.0 100.0 396.0 140.0
109.0 334.0 115.0 369.0
108.0 332.0 114.0 366.0
74.0 242.0 82.0 275.0
75.0 243.0 82.0 275.0
83.0 367.0 93.0 402.0
51.0 253.0 61.0 288.0
107.0 332.0 114.0 366.0
174.0 334.0 182.0 370.0
82.0 366.0 93.0 401.0
174.0 332.0 181.0 369.0
325.0 293.0 333.0 329.0
390.0 101.0 396.0 140.0
108.0 334.0 115.0 369.0
109.0 333.0 116.0 369.0
350.0 223.0 357.0 256.0
175.0 334.0 182.0 370.0
96.0 277.0 105.0 314.0
190.0 332.0 198.0 370.0
83.0 365.0 93.0 401.0
326.0 293.0 334.0 330.0
350.0 224.0 357.0 256.0
108.0 331.0 114.0 366.0
389.0 100.0 396.0 140.0
174.0 333.0 181.0 370.0
326.0 294.0 334.0 330.0
368.0 212.0 374.0 249.0
50.0 252.0 61.0 288.0
351.0 223.0 357.0 256.0
389.0 101.0 396.0 140.0
108.0 333.0 116.0 369.0
84.0 367.0 93.0 402.0
174.0 331.0 181.0 369.0
190.0 333.0 198.0 370.0
345.0 380.0 353.0 417.0
345.0 381.0 353.0 417.0
325.0 294.0 333.0 329.0
337.0 492.0 348.0 533.0
178.0 122.0 188.0 159.0
327.0 294.0 334.0 330.0
368.0 211.0 373.0 249.0
267.0 500.0 276.0 541.0
50.0 253.0 61.0 288.0
350.0 225.0 357.0 256.0
109.0 332.0 114.0 366.0
351.0 222.0 357.0 256.0
178.0 121.0 189.0 159.0
97.0 277.0 105.0 315.0
93.0 405.0 100.0 440.0
64.0 420.0 73.0 457.0
83.0 366.0 93.0 401.0
49.0 253.0 61.0 288.0
368.0 213.0 374.0 249.0
268.0 501.0 276.0 541.0
51.0 252.0 61.0 288.0
84.0 366.0 93.0 402.0
103.0 310.0 112.0 349.0
352.0 223.0 358.0 257.0
50.0 254.0 61.0 288.0
391.0 101.0 396.0 140.0
191.0 332.0 198.0 370.0
82.0 365.0 93.0 401.0
326.0 295.0 334.0 330.0
94.0 403.0 100.0 438.0
93.0 406.0 100.0 440.0
83.0 364.0 92.0 400.0
336.0 493.0 348.0 534.0
367.0 214.0 372.0 250.0
179.0 122.0 189.0 159.0
191.0 333.0 198.0 370.0
352.0 224.0 358.0 257.0
92.0 405.0 100.0 440.0
349.0 225.0 357.0 256.0
179.0 121.0 189.0 159.0
191.0 334.0 198.0 370.0
85.0 366.0 93.0 401.0
345.0 379.0 353.0 417.0
337.0 493.0 348.0 533.0
65.0 419.0 74.0 456.0
344.0 379.0 353.0 417.0
94.0 404.0 100.0 440.0
65.0 420.0 73.0 457.0
367.0 213.0 373.0 249.0
351.0 224.0 357.0 256.0
286.0 293.0 293.0 329.0
267.0 501.0 276.0 541.0
349.0 224.0 357.0 256.0
367.0 210.0 372.0 248.0
344.0 381.0 353.0 417.0
286.0 292.0 293.0 329.0
66.0 419.0 74.0 456.0
346.0 380.0 353.0 417.0
192.0 333.0 198.0 370.0
103.0 309.0 112.0 349.0
409.0 114.0 411.0 151.0
94.0 402.0 100.0 438.0
95.0 404.0 101.0 439.0
366.0 214.0 372.0 250.0
173.0 331.0 181.0 369.0
97.0 278.0 105.0 315.0
409.0 115.0 411.0 151.0
370.0 196.0 376.0 233.0
353.0 244.0 362.0 279.0
64.0 419.0 73.0 455.0
366.0 212.0 372.0 250.0
354.0 244.0 362.0 279.0
366.0 213.0 372.0 250.0
354.0 245.0 362.0 279.0
96.0 278.0 105.0 316.0
344.0 380.0 353.0 417.0
367.0 211.0 373.0 249.0
93.0 403.0 100.0 438.0
355.0 244.0 362.0 279.0
309.0 295.0 318.0 331.0
84.0 365.0 93.0 401.0
93.0 404.0 100.0 440.0
266.0 500.0 276.0 541.0
353.0 243.0 362.0 279.0
268.0 502.0 276.0 541.0
96.0 276.0 105.0 315.0
287.0 293.0 293.0 329.0
49.0 252.0 61.0 288.0
178.0 120.0 188.0 158.0
95.0 405.0 100.0 440.0
390.0 102.0 396.0 140.0
92.0 404.0 100.0 440.0
410.0 114.0 411.0 151.0
366.0 211.0 372.0 248.0
179.0 119.0 189.0 158.0
355.0 245.0 362.0 279.0
369.0 196.0 376.0 233.0
408.0 114.0 411.0 151.0
179.0 120.0 189.0 159.0
337.0 494.0 348.0 533.0
354.0 243.0 362.0 279.0
351.0 225.0 357.0 256.0
310.0 294.0 318.0 331.0
367.0 212.0 373.0 249.0
391.0 102.0 396.0 140.0
287.0 292.0 293.0 329.0
94.0 405.0 100.0 440.0
389.0 102.0 396.0 140.0
347.0 423.0 357.0 459.0
352.0 225.0 358.0 257.0
409.0 116.0 411.0 151.0
287.0 294.0 293.0 329.0
180.0 122.0 189.0 159.0
370.0 195.0 376.0 233.0
65.0 418.0 74.0 456.0
63.0 419.0 73.0 458.0
348.0 424.0 358.0 462.0
94.0 406.0 100.0 440.0
96.0 279.0 105.0 316.0
338.0 493.0 348.0 533.0
180.0 121.0 189.0 158.0
370.0 194.0 376.0 230.0
288.0 293.0 293.0 329.0
367.0 177.0 372.0 212.0
323.0 328.0 330.0 360.0
267.0 502.0 276.0 541.0
180.0 120.0 189.0 158.0
366.0 176.0 372.0 212.0
366.0 178.0 372.0 213.0
288.0 294.0 293.0 329.0
369.0 195.0 377.0 231.0
64.0 418.0 74.0 456.0
143.0 327.0 153.0 364.0
409.0 113.0 411.0 151.0
350.0 423.0 357.0 458.0
144.0 328.0 153.0 364.0
126.0 210.0 135.0 252.0
286.0 294.0 293.0 329.0
408.0 113.0 411.0 151.0
322.0 328.0 330.0 360.0
158.0 270.0 169.0 302.0
408.0 115.0 411.0 151.0
310.0 295.0 318.0 331.0
266.0 501.0 276.0 541.0
338.0 494.0 348.0 533.0
348.0 423.0 358.0 462.0
323.0 329.0 330.0 360.0
310.0 296.0 318.0 331.0
355.0 243.0 362.0 279.0
322.0 329.0 330.0 360.0
349.0 422.0 357.0 458.0
348.0 422.0 358.0 462.0
390.0 103.0 396.0 140.0
97.0 279.0 105.0 316.0
311.0 296.0 318.0 331.0
18.0 199.0 25.0 236.0
131.0 255.0 138.0 289.0
125.0 209.0 133.0 246.0
126.0 211.0 135.0 252.0
126.0 209.0 135.0 252.0
85.0 365.0 93.0 401.0
311.0 295.0 318.0 331.0
132.0 255.0 138.0 289.0
179.0 201.0 189.0 235.0
159.0 270.0 169.0 302.0
144.0 327.0 153.0 364.0
157.0 270.0 167.0 304.0
366.0 177.0 372.0 212.0
164.0 294.0 173.0 334.0
131.0 256.0 138.0 289.0
126.0 212.0 135.0 252.0
164.0 295.0 173.0 334.0
125.0 210.0 133.0 246.0
369.0 194.0 377.0 231.0
164.0 296.0 173.0 334.0
92.0 388.0 98.0 422.0
202.0 496.0 209.0 545.0
266.0 502.0 276.0 541.0
143.0 326.0 153.0 364.0
163.0 296.0 172.0 335.0
132.0 256.0 138.0 289.0
125.0 212.0 135.0 252.0
144.0 326.0 153.0 364.0
143.0 325.0 153.0 364.0
365.0 177.0 372.0 212.0
165.0 295.0 173.0 334.0
144.0 325.0 153.0 363.0
179.0 202.0 189.0 235.0
267.0 503.0 276.0 541.0
133.0 255.0 138.0 289.0
349.0 424.0 357.0 458.0
179.0 200.0 189.0 233.0
288.0 295.0 293.0 329.0
159.0 271.0 169.0 302.0
163.0 295.0 172.0 335.0
125.0 211.0 135.0 252.0
430.0 71.0 433.0 118.0
349.0 423.0 357.0 458.0
393.0 123.0 398.0 161.0
124.0 211.0 135.0 252.0
365.0 176.0 372.0 212.0
202.0 495.0 209.0 545.0
180.0 201.0 189.0 235.0
158.0 271.0 169.0 302.0
356.0 244.0 363.0 279.0
429.0 71.0 433.0 118.0
66.0 378.0 72.0 413.0
266.0 503.0 276.0 541.0
391.0 123.0 398.0 161.0
66.0 379.0 72.0 413.0
180.0 101.0 189.0 141.0
65.0 377.0 72.0 413.0
180.0 202.0 189.0 235.0
124.0 210.0 135.0 252.0
201.0 496.0 209.0 545.0
180.0 203.0 189.0 235.0
393.0 124.0 398.0 161.0
392.0 123.0 398.0 161.0
180.0 200.0 189.0 233.0
65.0 378.0 72.0 413.0
428.0 71.0 433.0 118.0
392.0 124.0 398.0 161.0
26.0 393.0 33.0 430.0
429.0 70.0 433.0 118.0
64.0 378.0 71.0 413.0
392.0 122.0 398.0 161.0
234.0 291.0 241.0 326.0
234.0 290.0 241.0 326.0
145.0 326.0 153.0 363.0
79.0 254.0 85.0 283.0
181.0 101.0 189.0 141.0
25.0 394.0 33.0 430.0
26.0 394.0 33.0 430.0
391.0 124.0 398.0 161.0
145.0 325.0 153.0 363.0
26.0 395.0 33.0 430.0
161.0 217.0 170.0 256.0
428.0 70.0 433.0 118.0
91.0 383.0 99.0 422.0
201.0 495.0 209.0 545.0
181.0 103.0 189.0 141.0
145.0 327.0 153.0 363.0
235.0 294.0 241.0 328.0
27.0 394.0 33.0 430.0
180.0 103.0 189.0 141.0
78.0 254.0 86.0 284.0
25.0 395.0 33.0 430.0
180.0 102.0 189.0 141.0
90.0 382.0 99.0 422.0
181.0 102.0 189.0 141.0
235.0 293.0 241.0 328.0
90.0 383.0 99.0 422.0
65.0 379.0 72.0 413.0
161.0 218.0 170.0 256.0
234.0 293.0 241.0 328.0
149.0 194.0 158.0 237.0
416.0 625.0 416.0 631.0
200.0 495.0 209.0 545.0
149.0 193.0 158.0 236.0
201.0 494.0 209.0 545.0
202.0 494.0 209.0 545.0
91.0 382.0 99.0 422.0
64.0 379.0 71.0 413.0
334.0 485.0 348.0 533.0
146.0 374.0 151.0 402.0
415.0 626.0 416.0 631.0
415.0 624.0 416.0 631.0
416.0 624.0 416.0 628.0
334.0 484.0 348.0 533.0
415.0 625.0 416.0 631.0
149.0 192.0 158.0 236.0
79.0 255.0 86.0 284.0
194.0 286.0 201.0 324.0
374.0 176.0 373.0 212.0
416.0 626.0 416.0 631.0
416.0 627.0 416.0 631.0
194.0 284.0 201.0 324.0
182.0 102.0 189.0 141.0
90.0 381.0 99.0 422.0
200.0 494.0 209.0 545.0
374.0 177.0 373.0 212.0
146.0 375.0 151.0 402.0
162.0 207.0 170.0 256.0
162.0 208.0 170.0 256.0
162.0 206.0 168.0 253.0
150.0 195.0 158.0 238.0
194.0 285.0 201.0 324.0
78.0 255.0 86.0 284.0
150.0 194.0 158.0 237.0
163.0 207.0 170.0 256.0
111.0 346.0 116.0 369.0
46.0 423.0 54.0 459.0
374.0 178.0 373.0 212.0
150.0 193.0 159.0 238.0
201.0 493.0 209.0 545.0
195.0 285.0 201.0 324.0
200.0 493.0 209.0 545.0
142.0 359.0 151.0 402.0
217.0 321.0 234.0 354.0
378.0 135.0 389.0 157.0
191.0 87.0 196.0 111.0
26.0 376.0 24.0 414.0
141.0 359.0 151.0 402.0
378.0 136.0 389.0 157.0
217.0 322.0 234.0 354.0
150.0 192.0 158.0 237.0
191.0 88.0 196.0 111.0
388.0 592.0 397.0 622.0
377.0 136.0 389.0 157.0
27.0 375.0 24.0 414.0
27.0 376.0 24.0 414.0
371.0 158.0 387.0 195.0
182.0 52.0 196.0 110.0
192.0 88.0 196.0 111.0
371.0 159.0 387.0 195.0
35.0 376.0 39.0 413.0
36.0 376.0 40.0 413.0
36.0 375.0 40.0 413.0
408.0 602.0 416.0 628.0
407.0 601.0 416.0 628.0
192.0 89.0 196.0 111.0
28.0 376.0 24.0 414.0
407.0 600.0 416.0 628.0
330.0 556.0 343.0 603.0
297.0 567.0 306.0 611.0
331.0 557.0 343.0 603.0
330.0 555.0 343.0 603.0
296.0 567.0 306.0 611.0
387.0 140.0 390.0 158.0
135.0 338.0 152.0 365.0
467.0 15.0 461.0 35.0
467.0 14.0 461.0 35.0
297.0 566.0 306.0 611.0
370.0 158.0 387.0 195.0
330.0 557.0 343.0 603.0
372.0 637.0 362.0 622.0
296.0 568.0 306.0 611.0
297.0 568.0 306.0 611.0
331.0 556.0 343.0 603.0
370.0 159.0 387.0 195.0
468.0 15.0 461.0 35.0
295.0 566.0 306.0 611.0
174.0 165.0 188.0 139.0
295.0 567.0 306.0 611.0
296.0 566.0 306.0 611.0
174.0 164.0 189.0 139.0
296.0 569.0 306.0 611.0
297.0 569.0 306.0 611.0
278.0 567.0 287.0 610.0
124.0 242.0 138.0 289.0
467.0 16.0 461.0 35.0
330.0 554.0 343.0 603.0
