57.0 623.0 57.0 624.0
56.0 623.0 57.0 624.0
205.0 247.0 208.0 247.0
204.0 247.0 208.0 247.0
77.0 625.0 78.0 625.0
57.0 624.0 57.0 624.0
98.0 608.0 98.0 608.0
204.0 248.0 208.0 247.0
78.0 625.0 78.0 625.0
76.0 625.0 78.0 625.0
79.0 625.0 80.0 624.0
247.0 598.0 248.0 602.0
79.0 567.0 79.0 567.0
204.0 246.0 208.0 247.0
98.0 607.0 98.0 608.0
99.0 607.0 99.0 608.0
78.0 624.0 79.0 624.0
77.0 624.0 78.0 625.0
129.0 513.0 130.0 514.0
39.0 611.0 39.0 612.0
38.0 611.0 39.0 612.0
247.0 597.0 248.0 602.0
278.0 66.0 283.0 65.0
170.0 546.0 171.0 547.0
135.0 479.0 138.0 480.0
77.0 626.0 78.0 625.0
246.0 598.0 248.0 602.0
191.0 257.0 195.0 256.0
99.0 608.0 99.0 608.0
113.0 373.0 115.0 373.0
144.0 633.0 145.0 633.0
38.0 610.0 39.0 611.0
219.0 384.0 222.0 385.0
78.0 626.0 78.0 625.0
144.0 634.0 145.0 633.0
143.0 301.0 145.0 301.0
78.0 567.0 79.0 567.0
170.0 547.0 171.0 548.0
106.0 331.0 108.0 330.0
189.0 250.0 192.0 250.0
67.0 514.0 68.0 515.0
160.0 624.0 162.0 623.0
79.0 566.0 79.0 567.0
135.0 480.0 137.0 480.0
39.0 610.0 39.0 611.0
59.0 573.0 60.0 573.0
198.0 622.0 199.0 624.0
246.0 597.0 248.0 602.0
136.0 479.0 138.0 480.0
144.0 300.0 146.0 300.0
112.0 374.0 114.0 373.0
324.0 354.0 330.0 362.0
169.0 546.0 171.0 548.0
279.0 66.0 283.0 65.0
144.0 302.0 147.0 302.0
11.0 542.0 13.0 538.0
113.0 374.0 115.0 373.0
111.0 373.0 114.0 373.0
58.0 573.0 60.0 573.0
27.0 129.0 29.0 122.0
325.0 354.0 330.0 362.0
88.0 377.0 90.0 377.0
89.0 377.0 90.0 376.0
155.0 228.0 159.0 226.0
185.0 460.0 188.0 463.0
128.0 513.0 130.0 514.0
112.0 373.0 114.0 373.0
10.0 541.0 12.0 538.0
278.0 67.0 283.0 65.0
187.0 324.0 190.0 325.0
187.0 325.0 190.0 325.0
442.0 277.0 448.0 287.0
136.0 480.0 137.0 480.0
298.0 47.0 303.0 44.0
190.0 256.0 195.0 256.0
112.0 372.0 114.0 373.0
11.0 541.0 13.0 538.0
279.0 67.0 283.0 65.0
169.0 545.0 171.0 547.0
106.0 330.0 108.0 330.0
279.0 65.0 284.0 65.0
68.0 85.0 72.0 80.0
133.0 594.0 134.0 595.0
27.0 128.0 29.0 122.0
10.0 542.0 13.0 538.0
105.0 330.0 108.0 330.0
342.0 115.0 349.0 116.0
11.0 543.0 13.0 538.0
59.0 572.0 60.0 573.0
283.0 31.0 289.0 25.0
186.0 461.0 188.0 463.0
144.0 301.0 146.0 300.0
133.0 595.0 134.0 595.0
17.0 155.0 19.0 149.0
116.0 479.0 118.0 480.0
441.0 276.0 448.0 287.0
155.0 227.0 157.0 226.0
297.0 48.0 303.0 44.0
282.0 30.0 289.0 25.0
68.0 86.0 72.0 80.0
171.0 305.0 174.0 306.0
192.0 476.0 194.0 478.0
10.0 543.0 13.0 538.0
105.0 331.0 108.0 330.0
188.0 250.0 192.0 250.0
342.0 114.0 349.0 116.0
183.0 520.0 184.0 522.0
140.0 236.0 143.0 234.0
115.0 479.0 118.0 479.0
126.0 428.0 129.0 429.0
297.0 47.0 303.0 43.0
186.0 462.0 188.0 463.0
27.0 130.0 29.0 122.0
185.0 461.0 188.0 463.0
441.0 277.0 448.0 287.0
212.0 568.0 213.0 571.0
282.0 31.0 289.0 25.0
83.0 253.0 84.0 251.0
24.0 383.0 26.0 380.0
40.0 402.0 42.0 398.0
212.0 567.0 213.0 571.0
24.0 385.0 26.0 381.0
132.0 595.0 134.0 595.0
140.0 237.0 142.0 236.0
369.0 331.0 374.0 340.0
183.0 568.0 185.0 571.0
83.0 514.0 84.0 515.0
85.0 409.0 87.0 408.0
201.0 525.0 201.0 527.0
121.0 549.0 121.0 550.0
113.0 372.0 114.0 373.0
24.0 384.0 26.0 380.0
368.0 331.0 373.0 339.0
23.0 384.0 26.0 380.0
26.0 129.0 29.0 122.0
51.0 493.0 52.0 494.0
67.0 86.0 72.0 80.0
84.0 514.0 84.0 515.0
168.0 325.0 170.0 325.0
267.0 536.0 270.0 541.0
139.0 237.0 142.0 236.0
132.0 594.0 134.0 595.0
181.0 520.0 183.0 522.0
49.0 493.0 51.0 493.0
50.0 493.0 51.0 493.0
198.0 621.0 199.0 624.0
50.0 494.0 51.0 494.0
67.0 85.0 72.0 80.0
115.0 478.0 117.0 479.0
50.0 273.0 51.0 268.0
369.0 332.0 374.0 340.0
182.0 520.0 183.0 522.0
26.0 128.0 29.0 122.0
428.0 268.0 435.0 276.0
23.0 385.0 26.0 381.0
41.0 402.0 42.0 398.0
368.0 332.0 373.0 339.0
200.0 525.0 201.0 527.0
357.0 316.0 363.0 323.0
139.0 236.0 143.0 234.0
167.0 325.0 170.0 325.0
82.0 253.0 84.0 251.0
126.0 429.0 129.0 429.0
296.0 47.0 303.0 43.0
116.0 478.0 118.0 479.0
358.0 316.0 363.0 323.0
18.0 155.0 19.0 149.0
440.0 277.0 448.0 287.0
114.0 479.0 117.0 479.0
357.0 317.0 363.0 323.0
198.0 525.0 200.0 526.0
77.0 365.0 77.0 363.0
183.0 567.0 185.0 571.0
85.0 410.0 87.0 409.0
167.0 324.0 169.0 324.0
356.0 315.0 363.0 323.0
368.0 333.0 374.0 340.0
440.0 276.0 448.0 287.0
296.0 18.0 303.0 13.0
181.0 521.0 183.0 522.0
367.0 332.0 373.0 339.0
83.0 429.0 85.0 429.0
14.0 278.0 15.0 273.0
49.0 272.0 51.0 268.0
412.0 252.0 420.0 260.0
199.0 525.0 200.0 527.0
49.0 273.0 51.0 268.0
433.0 479.0 437.0 493.0
182.0 521.0 183.0 522.0
199.0 621.0 199.0 624.0
37.0 352.0 37.0 348.0
152.0 453.0 152.0 461.0
413.0 251.0 420.0 260.0
50.0 272.0 51.0 268.0
84.0 513.0 84.0 515.0
14.0 277.0 15.0 273.0
413.0 252.0 420.0 260.0
211.0 567.0 213.0 571.0
211.0 589.0 213.0 592.0
168.0 324.0 170.0 325.0
83.0 430.0 85.0 429.0
199.0 524.0 200.0 526.0
432.0 480.0 437.0 493.0
15.0 278.0 15.0 273.0
432.0 478.0 437.0 493.0
85.0 411.0 87.0 409.0
200.0 524.0 201.0 527.0
357.0 315.0 363.0 323.0
432.0 479.0 437.0 493.0
356.0 316.0 363.0 323.0
15.0 279.0 15.0 273.0
86.0 410.0 87.0 408.0
371.0 406.0 376.0 416.0
198.0 524.0 200.0 526.0
82.0 430.0 85.0 429.0
266.0 536.0 270.0 541.0
15.0 277.0 15.0 273.0
315.0 422.0 319.0 428.0
77.0 366.0 77.0 363.0
132.0 349.0 134.0 349.0
250.0 508.0 252.0 512.0
428.0 267.0 435.0 276.0
138.0 237.0 142.0 236.0
211.0 588.0 213.0 591.0
119.0 461.0 122.0 462.0
48.0 474.0 49.0 476.0
84.0 430.0 85.0 429.0
125.0 297.0 127.0 294.0
37.0 351.0 37.0 347.0
48.0 475.0 49.0 476.0
57.0 514.0 58.0 515.0
212.0 588.0 213.0 591.0
134.0 80.0 139.0 75.0
370.0 64.0 377.0 63.0
234.0 391.0 236.0 393.0
63.0 295.0 64.0 292.0
134.0 81.0 139.0 75.0
48.0 473.0 49.0 476.0
431.0 479.0 437.0 493.0
63.0 296.0 64.0 292.0
96.0 58.0 99.0 51.0
14.0 279.0 15.0 273.0
412.0 251.0 420.0 260.0
370.0 406.0 376.0 416.0
36.0 351.0 37.0 348.0
117.0 75.0 122.0 69.0
125.0 429.0 129.0 429.0
118.0 462.0 121.0 463.0
404.0 380.0 410.0 390.0
296.0 19.0 303.0 13.0
139.0 367.0 142.0 366.0
403.0 380.0 410.0 390.0
257.0 339.0 261.0 344.0
135.0 80.0 139.0 74.0
36.0 352.0 37.0 348.0
131.0 350.0 133.0 350.0
96.0 57.0 99.0 51.0
95.0 58.0 99.0 51.0
186.0 34.0 191.0 30.0
132.0 350.0 134.0 349.0
29.0 539.0 30.0 536.0
118.0 461.0 122.0 462.0
40.0 187.0 42.0 181.0
24.0 460.0 24.0 462.0
186.0 33.0 191.0 30.0
427.0 267.0 435.0 276.0
370.0 405.0 376.0 416.0
403.0 579.0 407.0 592.0
315.0 421.0 319.0 428.0
315.0 423.0 319.0 428.0
268.0 318.0 272.0 322.0
371.0 407.0 376.0 416.0
369.0 65.0 377.0 63.0
268.0 319.0 272.0 322.0
49.0 474.0 49.0 476.0
314.0 421.0 319.0 428.0
41.0 187.0 43.0 181.0
135.0 81.0 139.0 75.0
403.0 379.0 410.0 390.0
119.0 462.0 122.0 462.0
131.0 349.0 134.0 349.0
427.0 268.0 435.0 276.0
258.0 340.0 261.0 344.0
258.0 339.0 261.0 344.0
185.0 35.0 191.0 30.0
404.0 579.0 407.0 592.0
49.0 473.0 49.0 476.0
49.0 475.0 49.0 476.0
117.0 74.0 122.0 69.0
411.0 421.0 417.0 433.0
359.0 551.0 363.0 562.0
19.0 500.0 24.0 498.0
81.0 184.0 83.0 179.0
95.0 57.0 99.0 51.0
359.0 552.0 363.0 562.0
431.0 478.0 437.0 493.0
130.0 350.0 133.0 350.0
133.0 81.0 139.0 75.0
229.0 535.0 230.0 540.0
257.0 340.0 261.0 344.0
29.0 540.0 30.0 536.0
186.0 35.0 191.0 30.0
314.0 422.0 319.0 428.0
40.0 188.0 42.0 181.0
58.0 514.0 58.0 515.0
80.0 184.0 83.0 179.0
117.0 461.0 121.0 463.0
52.0 340.0 56.0 333.0
331.0 104.0 344.0 99.0
360.0 552.0 363.0 562.0
64.0 296.0 65.0 293.0
20.0 298.0 23.0 294.0
124.0 297.0 127.0 294.0
258.0 341.0 261.0 344.0
18.0 500.0 24.0 498.0
404.0 379.0 410.0 390.0
370.0 65.0 377.0 63.0
78.0 366.0 77.0 363.0
96.0 56.0 99.0 51.0
138.0 367.0 141.0 366.0
50.0 432.0 52.0 432.0
360.0 551.0 363.0 562.0
229.0 536.0 230.0 540.0
20.0 299.0 23.0 294.0
79.0 469.0 80.0 471.0
74.0 44.0 79.0 36.0
267.0 319.0 272.0 322.0
134.0 82.0 139.0 75.0
188.0 18.0 193.0 13.0
25.0 459.0 24.0 462.0
400.0 218.0 408.0 224.0
95.0 56.0 99.0 51.0
31.0 252.0 34.0 247.0
125.0 428.0 129.0 429.0
31.0 253.0 34.0 247.0
51.0 432.0 52.0 432.0
217.0 544.0 218.0 548.0
267.0 318.0 272.0 322.0
410.0 421.0 417.0 433.0
74.0 43.0 79.0 36.0
230.0 536.0 230.0 540.0
52.0 234.0 53.0 230.0
28.0 540.0 29.0 536.0
308.0 443.0 311.0 450.0
19.0 298.0 23.0 294.0
246.0 376.0 251.0 381.0
261.0 398.0 265.0 402.0
29.0 541.0 30.0 536.0
302.0 566.0 305.0 576.0
52.0 235.0 53.0 230.0
246.0 377.0 251.0 381.0
51.0 234.0 53.0 230.0
138.0 368.0 141.0 366.0
24.0 459.0 24.0 462.0
50.0 234.0 51.0 230.0
331.0 574.0 334.0 584.0
301.0 566.0 305.0 576.0
138.0 187.0 139.0 186.0
138.0 188.0 139.0 186.0
50.0 235.0 51.0 230.0
247.0 377.0 251.0 381.0
217.0 543.0 218.0 548.0
139.0 187.0 139.0 186.0
262.0 397.0 265.0 401.0
260.0 398.0 265.0 402.0
49.0 433.0 51.0 432.0
137.0 187.0 139.0 186.0
51.0 235.0 53.0 230.0
261.0 397.0 265.0 402.0
260.0 397.0 265.0 402.0
254.0 454.0 257.0 459.0
247.0 376.0 251.0 381.0
50.0 433.0 52.0 432.0
301.0 567.0 305.0 576.0
24.0 458.0 24.0 462.0
44.0 55.0 44.0 48.0
302.0 567.0 305.0 576.0
139.0 186.0 139.0 186.0
138.0 186.0 139.0 186.0
137.0 186.0 139.0 186.0
44.0 54.0 44.0 48.0
95.0 381.0 91.0 377.0
50.0 201.0 52.0 196.0
75.0 181.0 83.0 178.0
174.0 299.0 174.0 306.0
51.0 109.0 59.0 94.0
51.0 108.0 59.0 94.0
306.0 487.0 308.0 496.0
350.0 32.0 339.0 35.0
15.0 472.0 24.0 463.0
194.0 635.0 200.0 624.0
194.0 636.0 200.0 624.0
205.0 7.0 193.0 13.0
15.0 471.0 24.0 463.0
205.0 6.0 193.0 13.0
451.0 435.0 453.0 437.0
450.0 435.0 453.0 437.0
14.0 471.0 24.0 463.0
241.0 412.0 237.0 395.0
