341.0 230.0 336.0 227.0
341.0 231.0 335.0 228.0
33.0 611.0 31.0 612.0
32.0 612.0 30.0 613.0
342.0 231.0 336.0 229.0
75.0 218.0 68.0 218.0
158.0 464.0 155.0 462.0
146.0 7.0 138.0 8.0
146.0 6.0 138.0 8.0
236.0 564.0 232.0 560.0
342.0 230.0 336.0 227.0
33.0 612.0 31.0 612.0
418.0 217.0 411.0 213.0
341.0 229.0 336.0 227.0
76.0 217.0 68.0 218.0
144.0 7.0 138.0 8.0
237.0 565.0 232.0 560.0
186.0 130.0 179.0 129.0
145.0 6.0 138.0 8.0
236.0 565.0 232.0 560.0
342.0 229.0 336.0 227.0
75.0 217.0 68.0 218.0
145.0 7.0 138.0 8.0
237.0 566.0 232.0 560.0
236.0 566.0 232.0 560.0
258.0 238.0 251.0 235.0
258.0 239.0 251.0 235.0
181.0 280.0 176.0 279.0
76.0 216.0 68.0 218.0
130.0 118.0 124.0 118.0
419.0 217.0 411.0 213.0
418.0 216.0 411.0 213.0
86.0 255.0 81.0 254.0
155.0 254.0 148.0 253.0
418.0 215.0 411.0 213.0
208.0 586.0 205.0 580.0
130.0 119.0 124.0 118.0
24.0 559.0 22.0 560.0
252.0 579.0 248.0 575.0
252.0 580.0 248.0 575.0
157.0 464.0 155.0 462.0
129.0 119.0 124.0 118.0
188.0 235.0 181.0 234.0
182.0 281.0 176.0 279.0
86.0 254.0 80.0 253.0
168.0 244.0 161.0 243.0
74.0 89.0 68.0 91.0
226.0 535.0 222.0 530.0
186.0 131.0 179.0 129.0
129.0 118.0 124.0 118.0
225.0 535.0 221.0 530.0
25.0 559.0 22.0 560.0
80.0 164.0 74.0 164.0
209.0 586.0 205.0 580.0
376.0 12.0 367.0 9.0
66.0 413.0 64.0 415.0
208.0 585.0 205.0 580.0
368.0 145.0 363.0 144.0
419.0 216.0 411.0 213.0
257.0 238.0 251.0 235.0
127.0 308.0 122.0 307.0
377.0 12.0 367.0 9.0
182.0 347.0 178.0 344.0
167.0 244.0 161.0 243.0
368.0 146.0 363.0 144.0
253.0 580.0 248.0 575.0
66.0 412.0 64.0 415.0
167.0 245.0 161.0 243.0
259.0 238.0 251.0 235.0
139.0 262.0 133.0 261.0
343.0 230.0 336.0 227.0
97.0 472.0 94.0 471.0
225.0 536.0 221.0 531.0
261.0 87.0 255.0 85.0
52.0 581.0 50.0 581.0
302.0 45.0 294.0 45.0
431.0 395.0 426.0 387.0
122.0 35.0 115.0 36.0
160.0 470.0 155.0 463.0
148.0 434.0 144.0 433.0
147.0 122.0 140.0 121.0
122.0 34.0 115.0 36.0
253.0 579.0 248.0 574.0
54.0 514.0 50.0 514.0
169.0 245.0 162.0 244.0
50.0 583.0 50.0 581.0
87.0 167.0 81.0 167.0
24.0 558.0 22.0 560.0
187.0 236.0 181.0 234.0
67.0 413.0 64.0 415.0
155.0 255.0 148.0 253.0
52.0 582.0 50.0 581.0
51.0 582.0 50.0 581.0
85.0 255.0 80.0 254.0
140.0 262.0 133.0 261.0
132.0 538.0 127.0 537.0
186.0 530.0 181.0 527.0
303.0 46.0 294.0 46.0
67.0 414.0 64.0 415.0
61.0 241.0 54.0 242.0
302.0 47.0 294.0 46.0
51.0 583.0 50.0 581.0
10.0 626.0 8.0 626.0
206.0 132.0 197.0 131.0
72.0 266.0 66.0 266.0
262.0 87.0 255.0 85.0
133.0 538.0 127.0 535.0
252.0 70.0 244.0 68.0
128.0 307.0 122.0 307.0
61.0 242.0 55.0 241.0
209.0 584.0 205.0 580.0
105.0 124.0 98.0 124.0
430.0 394.0 426.0 389.0
25.0 558.0 22.0 560.0
132.0 539.0 127.0 537.0
26.0 199.0 21.0 201.0
258.0 237.0 251.0 235.0
123.0 35.0 115.0 36.0
209.0 585.0 205.0 580.0
183.0 347.0 178.0 344.0
74.0 90.0 68.0 91.0
180.0 145.0 174.0 144.0
419.0 215.0 411.0 213.0
226.0 536.0 222.0 530.0
204.0 132.0 197.0 131.0
185.0 530.0 181.0 527.0
18.0 403.0 15.0 406.0
181.0 145.0 174.0 144.0
149.0 434.0 144.0 433.0
127.0 306.0 122.0 307.0
72.0 88.0 65.0 90.0
81.0 164.0 74.0 164.0
255.0 103.0 248.0 101.0
139.0 263.0 133.0 261.0
185.0 531.0 181.0 527.0
205.0 132.0 197.0 131.0
96.0 472.0 94.0 471.0
378.0 12.0 367.0 9.0
71.0 266.0 66.0 266.0
52.0 81.0 46.0 83.0
132.0 537.0 127.0 536.0
160.0 471.0 155.0 463.0
127.0 307.0 122.0 307.0
67.0 412.0 64.0 415.0
105.0 432.0 99.0 431.0
161.0 470.0 155.0 463.0
208.0 584.0 205.0 580.0
203.0 413.0 198.0 410.0
367.0 146.0 362.0 144.0
77.0 110.0 71.0 111.0
45.0 487.0 41.0 487.0
25.0 198.0 21.0 201.0
73.0 90.0 68.0 91.0
60.0 434.0 56.0 435.0
168.0 245.0 161.0 243.0
252.0 71.0 244.0 68.0
18.0 404.0 15.0 406.0
253.0 70.0 244.0 68.0
99.0 342.0 95.0 343.0
186.0 531.0 181.0 527.0
131.0 373.0 127.0 372.0
123.0 34.0 116.0 36.0
71.0 265.0 66.0 266.0
130.0 374.0 126.0 373.0
367.0 145.0 362.0 144.0
366.0 145.0 362.0 144.0
10.0 627.0 8.0 628.0
131.0 538.0 127.0 537.0
59.0 434.0 56.0 435.0
181.0 144.0 174.0 144.0
183.0 346.0 178.0 344.0
25.0 199.0 21.0 201.0
431.0 394.0 426.0 387.0
77.0 111.0 70.0 111.0
62.0 241.0 55.0 241.0
262.0 88.0 255.0 85.0
219.0 201.0 212.0 199.0
140.0 263.0 133.0 261.0
60.0 435.0 56.0 435.0
430.0 392.0 425.0 387.0
83.0 40.0 76.0 42.0
105.0 123.0 98.0 123.0
430.0 393.0 426.0 389.0
301.0 46.0 293.0 45.0
196.0 611.0 192.0 606.0
160.0 197.0 153.0 195.0
302.0 46.0 294.0 45.0
196.0 610.0 192.0 606.0
256.0 103.0 248.0 101.0
72.0 265.0 66.0 266.0
85.0 254.0 80.0 253.0
88.0 167.0 81.0 167.0
43.0 151.0 36.0 151.0
256.0 104.0 248.0 101.0
160.0 196.0 153.0 195.0
227.0 536.0 222.0 531.0
25.0 200.0 21.0 201.0
105.0 122.0 98.0 123.0
218.0 202.0 211.0 200.0
100.0 342.0 95.0 343.0
263.0 88.0 255.0 85.0
113.0 79.0 107.0 81.0
205.0 133.0 197.0 131.0
186.0 177.0 178.0 176.0
70.0 265.0 66.0 266.0
159.0 196.0 153.0 194.0
19.0 404.0 15.0 406.0
59.0 435.0 56.0 435.0
60.0 433.0 56.0 435.0
72.0 26.0 64.0 28.0
159.0 195.0 153.0 194.0
44.0 487.0 41.0 487.0
123.0 173.0 115.0 172.0
131.0 539.0 127.0 537.0
78.0 111.0 71.0 111.0
126.0 306.0 122.0 307.0
160.0 195.0 153.0 195.0
72.0 89.0 65.0 90.0
70.0 26.0 64.0 28.0
154.0 254.0 148.0 253.0
59.0 433.0 56.0 435.0
218.0 201.0 212.0 199.0
148.0 122.0 140.0 121.0
43.0 150.0 36.0 151.0
148.0 121.0 140.0 121.0
23.0 139.0 18.0 142.0
149.0 435.0 144.0 433.0
74.0 283.0 68.0 282.0
54.0 513.0 50.0 514.0
366.0 146.0 362.0 144.0
263.0 87.0 255.0 85.0
113.0 80.0 107.0 82.0
241.0 537.0 237.0 534.0
161.0 196.0 153.0 195.0
135.0 83.0 128.0 84.0
287.0 624.0 283.0 617.0
161.0 471.0 155.0 463.0
23.0 140.0 18.0 142.0
11.0 625.0 8.0 626.0
19.0 403.0 15.0 406.0
10.0 540.0 6.0 541.0
197.0 610.0 193.0 607.0
73.0 89.0 68.0 91.0
106.0 123.0 98.0 123.0
203.0 412.0 198.0 410.0
139.0 519.0 133.0 516.0
123.0 172.0 115.0 172.0
74.0 88.0 66.0 90.0
223.0 607.0 219.0 601.0
53.0 81.0 46.0 83.0
74.0 282.0 68.0 282.0
11.0 483.0 8.0 484.0
196.0 612.0 192.0 606.0
43.0 486.0 41.0 487.0
204.0 412.0 198.0 410.0
45.0 486.0 41.0 487.0
218.0 200.0 212.0 199.0
24.0 557.0 20.0 555.0
94.0 53.0 88.0 55.0
25.0 139.0 19.0 142.0
42.0 150.0 36.0 151.0
211.0 188.0 205.0 187.0
114.0 79.0 107.0 81.0
126.0 307.0 122.0 307.0
432.0 394.0 426.0 387.0
250.0 60.0 242.0 59.0
122.0 173.0 115.0 172.0
41.0 471.0 37.0 472.0
122.0 174.0 115.0 172.0
25.0 140.0 18.0 142.0
12.0 482.0 8.0 483.0
223.0 606.0 219.0 601.0
53.0 80.0 46.0 83.0
131.0 374.0 127.0 372.0
180.0 153.0 174.0 151.0
44.0 486.0 41.0 487.0
71.0 26.0 64.0 28.0
78.0 110.0 71.0 111.0
431.0 393.0 426.0 387.0
154.0 253.0 148.0 253.0
136.0 83.0 128.0 84.0
24.0 141.0 18.0 143.0
59.0 461.0 56.0 460.0
42.0 151.0 36.0 151.0
122.0 172.0 115.0 172.0
128.0 306.0 122.0 307.0
94.0 52.0 88.0 55.0
24.0 139.0 18.0 142.0
40.0 120.0 33.0 123.0
51.0 605.0 48.0 610.0
18.0 402.0 15.0 405.0
109.0 247.0 104.0 246.0
190.0 38.0 183.0 38.0
66.0 410.0 64.0 415.0
204.0 413.0 198.0 410.0
154.0 255.0 148.0 253.0
73.0 88.0 66.0 90.0
250.0 61.0 242.0 59.0
127.0 51.0 122.0 51.0
104.0 123.0 97.0 124.0
70.0 25.0 64.0 28.0
149.0 122.0 140.0 121.0
40.0 118.0 33.0 123.0
62.0 54.0 55.0 57.0
224.0 607.0 219.0 601.0
24.0 140.0 18.0 142.0
223.0 608.0 219.0 602.0
224.0 608.0 219.0 602.0
27.0 98.0 21.0 100.0
11.0 627.0 8.0 628.0
114.0 80.0 107.0 81.0
11.0 626.0 8.0 626.0
181.0 153.0 174.0 151.0
79.0 110.0 71.0 111.0
149.0 121.0 140.0 121.0
190.0 39.0 183.0 38.0
224.0 139.0 217.0 138.0
40.0 119.0 33.0 123.0
57.0 198.0 51.0 201.0
72.0 25.0 64.0 28.0
60.0 461.0 56.0 460.0
71.0 25.0 64.0 28.0
161.0 195.0 154.0 195.0
70.0 24.0 63.0 26.0
97.0 473.0 94.0 471.0
23.0 43.0 18.0 43.0
110.0 246.0 105.0 246.0
41.0 470.0 37.0 472.0
180.0 154.0 174.0 151.0
191.0 39.0 183.0 38.0
94.0 54.0 88.0 55.0
109.0 59.0 101.0 58.0
11.0 482.0 8.0 484.0
11.0 539.0 6.0 541.0
96.0 473.0 94.0 471.0
217.0 201.0 211.0 200.0
153.0 254.0 148.0 253.0
40.0 471.0 37.0 472.0
181.0 409.0 176.0 406.0
113.0 81.0 107.0 82.0
181.0 154.0 174.0 151.0
189.0 38.0 183.0 38.0
113.0 82.0 107.0 82.0
224.0 138.0 217.0 138.0
28.0 98.0 21.0 100.0
22.0 43.0 18.0 43.0
104.0 122.0 98.0 123.0
60.0 460.0 56.0 460.0
95.0 54.0 88.0 55.0
19.0 402.0 15.0 405.0
21.0 427.0 19.0 427.0
191.0 38.0 183.0 38.0
10.0 482.0 8.0 484.0
40.0 470.0 37.0 472.0
42.0 469.0 37.0 470.0
111.0 248.0 105.0 247.0
54.0 81.0 46.0 83.0
223.0 139.0 217.0 138.0
40.0 469.0 37.0 472.0
95.0 52.0 88.0 55.0
189.0 39.0 183.0 39.0
242.0 537.0 237.0 534.0
42.0 470.0 37.0 472.0
21.0 426.0 19.0 426.0
110.0 248.0 105.0 247.0
244.0 612.0 240.0 606.0
167.0 437.0 161.0 435.0
224.0 137.0 217.0 138.0
431.0 392.0 426.0 387.0
95.0 53.0 88.0 55.0
10.0 539.0 6.0 541.0
51.0 604.0 48.0 610.0
111.0 247.0 105.0 247.0
432.0 393.0 426.0 387.0
110.0 247.0 105.0 246.0
61.0 461.0 56.0 460.0
66.0 409.0 64.0 415.0
150.0 122.0 140.0 121.0
222.0 138.0 215.0 136.0
114.0 81.0 107.0 81.0
217.0 200.0 212.0 199.0
223.0 138.0 217.0 138.0
158.0 177.0 151.0 176.0
167.0 438.0 162.0 436.0
41.0 469.0 37.0 470.0
60.0 462.0 56.0 460.0
223.0 137.0 216.0 137.0
57.0 197.0 51.0 201.0
146.0 416.0 141.0 415.0
59.0 462.0 56.0 460.0
150.0 121.0 140.0 121.0
110.0 58.0 103.0 58.0
139.0 514.0 133.0 516.0
157.0 176.0 151.0 176.0
22.0 426.0 19.0 427.0
52.0 604.0 48.0 610.0
39.0 87.0 33.0 90.0
151.0 167.0 144.0 166.0
147.0 416.0 141.0 415.0
98.0 359.0 94.0 342.0
151.0 122.0 140.0 121.0
37.0 627.0 31.0 612.0
204.0 194.0 205.0 187.0
52.0 28.0 42.0 32.0
251.0 111.0 248.0 101.0
97.0 359.0 94.0 342.0
204.0 195.0 205.0 187.0
93.0 379.0 77.0 365.0
41.0 195.0 30.0 204.0
94.0 379.0 87.0 387.0
41.0 196.0 30.0 204.0
211.0 619.0 216.0 619.0
115.0 382.0 126.0 373.0
48.0 44.0 42.0 32.0
48.0 43.0 42.0 32.0
210.0 602.0 218.0 600.0
89.0 302.0 84.0 289.0
107.0 319.0 95.0 305.0
80.0 151.0 74.0 163.0
365.0 131.0 362.0 143.0
88.0 302.0 84.0 289.0
89.0 303.0 84.0 289.0
80.0 150.0 74.0 163.0
175.0 376.0 178.0 344.0
88.0 303.0 84.0 289.0
108.0 319.0 95.0 305.0
107.0 320.0 95.0 305.0
175.0 377.0 178.0 344.0
108.0 320.0 95.0 305.0
88.0 304.0 84.0 289.0
155.0 449.0 154.0 462.0
107.0 321.0 95.0 342.0
