214.0 94.0 225.0 103.0
330.0 98.0 339.0 109.0
213.0 94.0 225.0 103.0
146.0 429.0 156.0 434.0
328.0 98.0 339.0 109.0
329.0 99.0 339.0 109.0
329.0 98.0 339.0 109.0
214.0 93.0 225.0 103.0
145.0 430.0 156.0 434.0
215.0 112.0 227.0 121.0
144.0 430.0 156.0 433.0
117.0 82.0 132.0 92.0
330.0 99.0 341.0 109.0
124.0 399.0 132.0 403.0
330.0 100.0 341.0 109.0
214.0 95.0 225.0 104.0
156.0 171.0 169.0 181.0
118.0 82.0 132.0 92.0
328.0 99.0 339.0 109.0
215.0 93.0 226.0 103.0
216.0 111.0 228.0 121.0
156.0 172.0 169.0 181.0
215.0 111.0 227.0 121.0
290.0 558.0 298.0 562.0
328.0 100.0 339.0 109.0
215.0 94.0 226.0 103.0
143.0 430.0 155.0 434.0
216.0 112.0 227.0 121.0
130.0 133.0 145.0 143.0
103.0 157.0 115.0 164.0
215.0 95.0 226.0 105.0
117.0 83.0 132.0 92.0
156.0 173.0 169.0 181.0
116.0 82.0 131.0 92.0
291.0 558.0 298.0 562.0
124.0 398.0 132.0 403.0
201.0 304.0 210.0 310.0
102.0 156.0 115.0 164.0
193.0 543.0 201.0 546.0
145.0 429.0 156.0 433.0
131.0 133.0 145.0 143.0
215.0 110.0 228.0 121.0
132.0 134.0 145.0 143.0
201.0 303.0 210.0 309.0
329.0 100.0 340.0 110.0
144.0 429.0 156.0 433.0
104.0 158.0 117.0 165.0
192.0 543.0 201.0 546.0
118.0 83.0 132.0 92.0
216.0 110.0 228.0 121.0
217.0 111.0 228.0 121.0
220.0 517.0 227.0 521.0
131.0 134.0 145.0 143.0
123.0 399.0 132.0 403.0
141.0 158.0 154.0 167.0
290.0 557.0 298.0 562.0
291.0 557.0 298.0 562.0
116.0 83.0 131.0 92.0
181.0 617.0 189.0 620.0
122.0 399.0 132.0 403.0
202.0 303.0 210.0 309.0
175.0 623.0 182.0 625.0
155.0 171.0 169.0 181.0
201.0 411.0 208.0 415.0
367.0 67.0 379.0 77.0
177.0 598.0 184.0 600.0
219.0 517.0 227.0 521.0
202.0 302.0 210.0 309.0
119.0 407.0 128.0 412.0
104.0 157.0 117.0 165.0
219.0 518.0 227.0 521.0
220.0 518.0 227.0 521.0
200.0 411.0 208.0 415.0
232.0 454.0 240.0 460.0
123.0 398.0 132.0 403.0
201.0 302.0 210.0 309.0
369.0 67.0 381.0 77.0
200.0 303.0 210.0 309.0
175.0 622.0 182.0 625.0
199.0 410.0 208.0 415.0
105.0 156.0 117.0 164.0
103.0 156.0 115.0 164.0
130.0 134.0 145.0 143.0
87.0 207.0 102.0 214.0
81.0 77.0 95.0 86.0
122.0 398.0 132.0 403.0
438.0 254.0 448.0 266.0
259.0 486.0 267.0 493.0
182.0 617.0 189.0 620.0
439.0 253.0 448.0 266.0
369.0 66.0 381.0 77.0
74.0 144.0 89.0 152.0
367.0 66.0 379.0 77.0
438.0 253.0 448.0 266.0
105.0 157.0 116.0 165.0
104.0 156.0 117.0 164.0
155.0 172.0 169.0 181.0
439.0 255.0 448.0 266.0
232.0 455.0 240.0 460.0
217.0 112.0 228.0 121.0
145.0 61.0 160.0 71.0
145.0 60.0 160.0 71.0
179.0 302.0 190.0 308.0
233.0 454.0 240.0 460.0
92.0 626.0 100.0 627.0
441.0 255.0 448.0 266.0
294.0 535.0 301.0 541.0
178.0 302.0 190.0 308.0
81.0 78.0 96.0 87.0
157.0 340.0 168.0 347.0
93.0 626.0 102.0 626.0
176.0 598.0 184.0 600.0
439.0 254.0 448.0 266.0
63.0 390.0 77.0 393.0
82.0 78.0 96.0 87.0
294.0 534.0 302.0 541.0
175.0 597.0 184.0 600.0
200.0 410.0 208.0 415.0
233.0 455.0 240.0 460.0
69.0 61.0 85.0 70.0
70.0 62.0 85.0 70.0
174.0 623.0 181.0 626.0
144.0 59.0 159.0 70.0
145.0 59.0 160.0 71.0
368.0 67.0 381.0 77.0
144.0 60.0 159.0 70.0
368.0 66.0 379.0 77.0
71.0 62.0 85.0 70.0
234.0 454.0 241.0 460.0
200.0 302.0 210.0 309.0
218.0 517.0 227.0 521.0
232.0 453.0 240.0 459.0
103.0 155.0 115.0 164.0
75.0 145.0 89.0 152.0
174.0 622.0 182.0 625.0
62.0 391.0 77.0 393.0
223.0 476.0 231.0 481.0
144.0 431.0 155.0 434.0
199.0 411.0 208.0 415.0
164.0 523.0 175.0 526.0
293.0 535.0 301.0 541.0
233.0 453.0 240.0 460.0
75.0 499.0 85.0 507.0
268.0 612.0 273.0 615.0
294.0 536.0 301.0 541.0
74.0 145.0 89.0 152.0
259.0 487.0 267.0 493.0
267.0 612.0 273.0 615.0
146.0 107.0 160.0 116.0
75.0 144.0 89.0 152.0
93.0 625.0 102.0 626.0
146.0 106.0 159.0 116.0
178.0 303.0 190.0 308.0
295.0 535.0 302.0 541.0
157.0 341.0 168.0 347.0
144.0 61.0 159.0 71.0
224.0 478.0 231.0 482.0
57.0 324.0 68.0 328.0
440.0 255.0 448.0 266.0
82.0 77.0 96.0 87.0
92.0 625.0 100.0 627.0
224.0 477.0 231.0 482.0
74.0 143.0 88.0 152.0
223.0 477.0 231.0 482.0
294.0 537.0 302.0 541.0
62.0 390.0 77.0 393.0
70.0 61.0 85.0 70.0
225.0 477.0 232.0 482.0
73.0 144.0 88.0 152.0
156.0 341.0 167.0 346.0
258.0 486.0 267.0 493.0
147.0 106.0 159.0 116.0
440.0 254.0 448.0 266.0
93.0 624.0 100.0 627.0
223.0 478.0 231.0 482.0
274.0 440.0 284.0 447.0
154.0 171.0 169.0 181.0
72.0 62.0 86.0 71.0
267.0 611.0 274.0 615.0
61.0 391.0 77.0 393.0
58.0 325.0 68.0 328.0
438.0 255.0 448.0 266.0
440.0 256.0 448.0 266.0
59.0 421.0 69.0 424.0
58.0 324.0 68.0 328.0
293.0 536.0 301.0 541.0
77.0 499.0 85.0 507.0
175.0 598.0 182.0 600.0
56.0 325.0 67.0 329.0
275.0 441.0 284.0 447.0
295.0 537.0 302.0 541.0
266.0 612.0 273.0 615.0
158.0 341.0 168.0 347.0
71.0 61.0 86.0 70.0
57.0 326.0 68.0 328.0
164.0 522.0 175.0 526.0
129.0 268.0 141.0 278.0
143.0 60.0 159.0 70.0
57.0 325.0 68.0 328.0
93.0 623.0 101.0 625.0
295.0 536.0 301.0 541.0
268.0 611.0 274.0 615.0
59.0 325.0 68.0 328.0
157.0 342.0 168.0 347.0
60.0 422.0 69.0 424.0
76.0 498.0 85.0 507.0
177.0 302.0 189.0 309.0
147.0 107.0 161.0 117.0
242.0 406.0 251.0 412.0
165.0 523.0 175.0 526.0
276.0 441.0 284.0 447.0
186.0 584.0 193.0 587.0
36.0 465.0 46.0 464.0
123.0 383.0 133.0 387.0
73.0 143.0 88.0 152.0
260.0 487.0 267.0 493.0
143.0 61.0 159.0 70.0
275.0 439.0 284.0 447.0
166.0 523.0 175.0 526.0
165.0 522.0 175.0 526.0
439.0 256.0 448.0 266.0
128.0 267.0 141.0 278.0
266.0 611.0 274.0 615.0
274.0 439.0 284.0 447.0
76.0 499.0 85.0 507.0
258.0 487.0 267.0 493.0
244.0 406.0 252.0 413.0
145.0 614.0 152.0 616.0
61.0 390.0 77.0 393.0
61.0 421.0 71.0 424.0
36.0 466.0 46.0 464.0
77.0 498.0 85.0 507.0
222.0 477.0 231.0 482.0
114.0 278.0 127.0 284.0
275.0 440.0 284.0 447.0
185.0 583.0 192.0 587.0
114.0 276.0 127.0 284.0
185.0 584.0 193.0 587.0
122.0 383.0 133.0 387.0
60.0 421.0 71.0 424.0
276.0 439.0 284.0 447.0
84.0 422.0 94.0 427.0
165.0 267.0 174.0 273.0
101.0 48.0 114.0 58.0
123.0 382.0 132.0 387.0
115.0 276.0 127.0 284.0
243.0 406.0 252.0 413.0
124.0 383.0 133.0 387.0
114.0 277.0 127.0 284.0
100.0 48.0 114.0 58.0
276.0 440.0 284.0 447.0
243.0 407.0 252.0 413.0
51.0 349.0 64.0 353.0
72.0 143.0 86.0 151.0
166.0 522.0 175.0 526.0
86.0 578.0 96.0 579.0
52.0 349.0 64.0 353.0
89.0 541.0 99.0 544.0
33.0 141.0 48.0 147.0
102.0 49.0 114.0 58.0
83.0 422.0 94.0 427.0
86.0 579.0 96.0 579.0
128.0 266.0 141.0 278.0
129.0 267.0 141.0 278.0
32.0 140.0 48.0 147.0
37.0 465.0 46.0 464.0
122.0 382.0 132.0 387.0
21.0 152.0 35.0 159.0
123.0 319.0 132.0 324.0
84.0 423.0 94.0 427.0
271.0 469.0 278.0 475.0
67.0 617.0 74.0 617.0
234.0 526.0 242.0 530.0
244.0 407.0 252.0 413.0
101.0 49.0 114.0 58.0
184.0 583.0 192.0 587.0
100.0 49.0 114.0 58.0
32.0 141.0 48.0 147.0
87.0 578.0 96.0 579.0
16.0 456.0 25.0 458.0
33.0 139.0 48.0 147.0
235.0 526.0 242.0 530.0
20.0 152.0 35.0 159.0
270.0 469.0 278.0 475.0
33.0 140.0 48.0 147.0
115.0 277.0 127.0 284.0
35.0 317.0 47.0 321.0
152.0 406.0 157.0 413.0
271.0 470.0 278.0 475.0
303.0 510.0 309.0 516.0
22.0 153.0 36.0 160.0
17.0 455.0 25.0 458.0
19.0 152.0 35.0 159.0
14.0 421.0 24.0 423.0
129.0 266.0 141.0 278.0
305.0 12.0 318.0 22.0
84.0 424.0 94.0 427.0
83.0 424.0 94.0 427.0
304.0 509.0 310.0 515.0
130.0 267.0 141.0 278.0
122.0 320.0 132.0 324.0
89.0 542.0 98.0 544.0
83.0 423.0 94.0 427.0
21.0 153.0 35.0 159.0
152.0 405.0 157.0 413.0
151.0 279.0 163.0 286.0
115.0 278.0 127.0 284.0
133.0 25.0 148.0 35.0
122.0 319.0 132.0 324.0
87.0 579.0 96.0 579.0
67.0 616.0 74.0 617.0
17.0 456.0 25.0 458.0
134.0 24.0 148.0 35.0
4.0 118.0 21.0 127.0
88.0 541.0 98.0 544.0
31.0 140.0 48.0 147.0
16.0 455.0 25.0 458.0
5.0 118.0 21.0 127.0
123.0 320.0 132.0 324.0
52.0 348.0 64.0 352.0
88.0 543.0 98.0 544.0
51.0 348.0 64.0 352.0
121.0 414.0 129.0 412.0
130.0 266.0 141.0 278.0
42.0 155.0 58.0 163.0
133.0 24.0 148.0 35.0
5.0 119.0 21.0 127.0
32.0 139.0 48.0 147.0
13.0 421.0 24.0 423.0
106.0 479.0 116.0 484.0
13.0 420.0 24.0 423.0
303.0 509.0 310.0 515.0
134.0 25.0 148.0 35.0
4.0 119.0 21.0 127.0
6.0 119.0 21.0 127.0
45.0 155.0 58.0 162.0
88.0 542.0 98.0 544.0
87.0 542.0 98.0 544.0
182.0 14.0 197.0 23.0
52.0 347.0 64.0 352.0
5.0 120.0 21.0 127.0
43.0 154.0 58.0 162.0
16.0 375.0 31.0 377.0
182.0 13.0 197.0 23.0
44.0 154.0 58.0 162.0
183.0 14.0 197.0 23.0
87.0 541.0 98.0 543.0
44.0 156.0 58.0 163.0
43.0 155.0 58.0 163.0
45.0 154.0 58.0 162.0
12.0 421.0 24.0 423.0
44.0 155.0 58.0 163.0
183.0 13.0 197.0 23.0
46.0 155.0 58.0 162.0
43.0 7.0 57.0 16.0
182.0 12.0 197.0 23.0
107.0 479.0 116.0 484.0
16.0 374.0 31.0 377.0
12.0 420.0 24.0 423.0
36.0 528.0 46.0 529.0
119.0 459.0 125.0 462.0
36.0 529.0 46.0 529.0
34.0 528.0 46.0 529.0
158.0 286.0 163.0 286.0
259.0 430.0 283.0 447.0
42.0 7.0 57.0 16.0
106.0 478.0 116.0 484.0
123.0 415.0 129.0 412.0
12.0 402.0 21.0 404.0
10.0 402.0 20.0 404.0
121.0 415.0 129.0 412.0
122.0 415.0 129.0 412.0
120.0 459.0 125.0 462.0
10.0 401.0 20.0 404.0
35.0 528.0 46.0 529.0
12.0 401.0 21.0 404.0
6.0 103.0 21.0 126.0
11.0 401.0 20.0 404.0
7.0 103.0 21.0 126.0
101.0 375.0 108.0 378.0
258.0 430.0 283.0 447.0
11.0 402.0 21.0 404.0
15.0 374.0 29.0 377.0
107.0 478.0 116.0 484.0
7.0 101.0 22.0 107.0
137.0 9.0 153.0 21.0
159.0 286.0 163.0 286.0
137.0 10.0 153.0 21.0
6.0 102.0 22.0 107.0
8.0 102.0 22.0 107.0
35.0 529.0 46.0 529.0
258.0 429.0 284.0 447.0
7.0 102.0 22.0 107.0
102.0 375.0 108.0 378.0
5.0 102.0 22.0 107.0
15.0 316.0 28.0 321.0
9.0 479.0 17.0 494.0
15.0 315.0 28.0 321.0
38.0 332.0 54.0 337.0
3.0 592.0 12.0 592.0
15.0 317.0 26.0 320.0
100.0 403.0 106.0 415.0
16.0 316.0 28.0 321.0
137.0 144.0 145.0 143.0
14.0 316.0 26.0 320.0
38.0 333.0 54.0 337.0
14.0 317.0 26.0 320.0
38.0 334.0 54.0 337.0
16.0 317.0 28.0 321.0
37.0 332.0 54.0 337.0
100.0 402.0 105.0 415.0
17.0 317.0 28.0 321.0
37.0 333.0 54.0 337.0
138.0 144.0 145.0 143.0
8.0 478.0 17.0 494.0
9.0 478.0 17.0 494.0
13.0 544.0 21.0 533.0
137.0 145.0 145.0 143.0
10.0 478.0 17.0 494.0
138.0 145.0 145.0 143.0
8.0 477.0 17.0 494.0
10.0 477.0 17.0 494.0
83.0 518.0 85.0 508.0
9.0 477.0 17.0 494.0
155.0 243.0 172.0 273.0
84.0 518.0 85.0 508.0
248.0 466.0 268.0 493.0
