331.0 148.0 330.0 189.0
331.0 149.0 330.0 189.0
330.0 149.0 330.0 189.0
131.0 107.0 134.0 147.0
320.0 127.0 318.0 166.0
319.0 130.0 317.0 169.0
131.0 106.0 134.0 147.0
332.0 150.0 330.0 189.0
331.0 150.0 330.0 189.0
332.0 149.0 330.0 189.0
319.0 129.0 317.0 169.0
92.0 75.0 95.0 116.0
131.0 108.0 133.0 148.0
131.0 105.0 134.0 147.0
130.0 106.0 133.0 148.0
155.0 150.0 156.0 193.0
130.0 107.0 133.0 148.0
319.0 127.0 318.0 166.0
45.0 265.0 44.0 301.0
130.0 105.0 134.0 147.0
183.0 156.0 186.0 197.0
319.0 128.0 318.0 166.0
156.0 150.0 157.0 193.0
206.0 162.0 205.0 204.0
130.0 108.0 133.0 148.0
46.0 264.0 44.0 301.0
156.0 151.0 157.0 193.0
46.0 265.0 44.0 301.0
319.0 125.0 318.0 166.0
109.0 283.0 107.0 316.0
155.0 151.0 156.0 193.0
45.0 266.0 44.0 301.0
205.0 162.0 204.0 204.0
154.0 151.0 155.0 193.0
330.0 150.0 330.0 190.0
155.0 152.0 155.0 193.0
206.0 161.0 205.0 204.0
109.0 282.0 107.0 316.0
231.0 102.0 229.0 147.0
253.0 196.0 253.0 237.0
240.0 138.0 239.0 181.0
108.0 283.0 107.0 317.0
331.0 151.0 330.0 190.0
229.0 101.0 229.0 146.0
14.0 353.0 11.0 389.0
73.0 273.0 70.0 307.0
320.0 125.0 318.0 166.0
183.0 155.0 186.0 198.0
319.0 126.0 318.0 166.0
230.0 101.0 229.0 146.0
240.0 140.0 239.0 181.0
320.0 126.0 318.0 166.0
230.0 102.0 229.0 146.0
14.0 354.0 11.0 389.0
277.0 469.0 278.0 512.0
156.0 152.0 157.0 193.0
73.0 274.0 70.0 307.0
45.0 264.0 44.0 301.0
240.0 139.0 239.0 181.0
319.0 124.0 318.0 166.0
320.0 124.0 318.0 166.0
240.0 141.0 239.0 181.0
206.0 163.0 205.0 204.0
276.0 469.0 278.0 512.0
108.0 282.0 106.0 316.0
231.0 101.0 229.0 147.0
15.0 355.0 11.0 389.0
46.0 266.0 44.0 301.0
183.0 154.0 186.0 198.0
253.0 197.0 253.0 237.0
184.0 156.0 186.0 198.0
276.0 470.0 277.0 512.0
108.0 281.0 106.0 316.0
240.0 137.0 239.0 181.0
91.0 410.0 87.0 448.0
109.0 281.0 107.0 316.0
108.0 280.0 106.0 316.0
139.0 385.0 136.0 421.0
194.0 59.0 194.0 100.0
15.0 354.0 11.0 389.0
184.0 155.0 186.0 198.0
231.0 100.0 229.0 146.0
230.0 100.0 229.0 146.0
277.0 470.0 278.0 512.0
14.0 355.0 11.0 389.0
138.0 385.0 136.0 421.0
137.0 386.0 136.0 421.0
138.0 386.0 136.0 421.0
91.0 409.0 86.0 446.0
109.0 280.0 106.0 316.0
195.0 58.0 195.0 100.0
184.0 154.0 186.0 198.0
195.0 59.0 195.0 100.0
47.0 339.0 43.0 374.0
47.0 340.0 43.0 374.0
110.0 72.0 112.0 112.0
42.0 356.0 38.0 390.0
183.0 153.0 186.0 198.0
137.0 385.0 136.0 421.0
241.0 139.0 239.0 181.0
184.0 153.0 186.0 198.0
271.0 325.0 271.0 364.0
271.0 324.0 271.0 364.0
253.0 48.0 253.0 96.0
241.0 140.0 239.0 181.0
252.0 48.0 253.0 96.0
271.0 323.0 271.0 364.0
45.0 312.0 43.0 351.0
253.0 46.0 254.0 96.0
270.0 325.0 271.0 364.0
318.0 536.0 319.0 584.0
137.0 384.0 136.0 421.0
138.0 384.0 136.0 421.0
253.0 47.0 254.0 96.0
42.0 357.0 38.0 390.0
318.0 537.0 319.0 584.0
252.0 47.0 254.0 96.0
41.0 357.0 38.0 390.0
270.0 324.0 271.0 364.0
41.0 356.0 38.0 390.0
46.0 311.0 43.0 351.0
241.0 137.0 239.0 181.0
241.0 138.0 239.0 181.0
41.0 358.0 38.0 391.0
111.0 368.0 108.0 399.0
252.0 190.0 253.0 237.0
317.0 541.0 318.0 585.0
111.0 367.0 108.0 399.0
318.0 538.0 318.0 584.0
110.0 368.0 108.0 399.0
12.0 419.0 7.0 454.0
45.0 311.0 43.0 351.0
42.0 358.0 38.0 390.0
273.0 511.0 274.0 553.0
110.0 369.0 108.0 399.0
44.0 310.0 43.0 351.0
316.0 542.0 318.0 585.0
12.0 420.0 7.0 454.0
254.0 420.0 256.0 462.0
252.0 189.0 253.0 237.0
45.0 310.0 43.0 351.0
44.0 311.0 43.0 351.0
137.0 46.0 138.0 89.0
75.0 511.0 70.0 550.0
108.0 95.0 107.0 132.0
253.0 190.0 253.0 237.0
137.0 47.0 138.0 89.0
11.0 420.0 7.0 454.0
253.0 189.0 253.0 237.0
75.0 510.0 70.0 550.0
136.0 47.0 138.0 89.0
11.0 419.0 7.0 454.0
317.0 542.0 318.0 585.0
74.0 511.0 70.0 550.0
174.0 293.0 173.0 336.0
87.0 425.0 86.0 452.0
137.0 425.0 134.0 462.0
111.0 369.0 108.0 399.0
137.0 45.0 138.0 89.0
12.0 421.0 7.0 454.0
138.0 47.0 138.0 89.0
74.0 512.0 70.0 551.0
135.0 425.0 134.0 462.0
136.0 424.0 134.0 462.0
138.0 46.0 138.0 89.0
245.0 263.0 243.0 285.0
202.0 538.0 196.0 586.0
137.0 48.0 138.0 89.0
30.0 386.0 25.0 418.0
253.0 411.0 256.0 461.0
136.0 48.0 138.0 89.0
29.0 386.0 25.0 418.0
236.0 383.0 238.0 422.0
244.0 264.0 243.0 285.0
203.0 538.0 196.0 586.0
86.0 425.0 86.0 452.0
81.0 475.0 78.0 509.0
74.0 510.0 70.0 550.0
236.0 382.0 238.0 422.0
202.0 537.0 196.0 586.0
135.0 426.0 134.0 462.0
122.0 495.0 119.0 530.0
107.0 334.0 99.0 378.0
237.0 382.0 238.0 422.0
122.0 493.0 119.0 531.0
123.0 494.0 119.0 532.0
245.0 264.0 243.0 285.0
136.0 425.0 134.0 462.0
203.0 537.0 196.0 586.0
138.0 48.0 138.0 89.0
237.0 381.0 238.0 422.0
236.0 381.0 238.0 422.0
122.0 494.0 119.0 531.0
123.0 495.0 119.0 532.0
148.0 403.0 144.0 440.0
235.0 382.0 238.0 422.0
123.0 496.0 119.0 532.0
73.0 511.0 70.0 551.0
137.0 49.0 138.0 89.0
136.0 49.0 138.0 89.0
136.0 426.0 134.0 462.0
106.0 333.0 99.0 378.0
122.0 496.0 119.0 532.0
123.0 497.0 119.0 532.0
245.0 265.0 243.0 285.0
424.0 37.0 420.0 81.0
122.0 497.0 119.0 532.0
210.0 413.0 207.0 460.0
277.0 457.0 278.0 510.0
424.0 35.0 420.0 81.0
107.0 333.0 99.0 378.0
131.0 340.0 128.0 383.0
424.0 36.0 420.0 81.0
247.0 173.0 243.0 203.0
172.0 390.0 170.0 424.0
21.0 297.0 18.0 315.0
276.0 457.0 278.0 510.0
107.0 332.0 99.0 378.0
27.0 404.0 36.0 438.0
425.0 36.0 420.0 81.0
214.0 495.0 213.0 537.0
21.0 298.0 18.0 315.0
26.0 402.0 36.0 438.0
106.0 332.0 99.0 378.0
27.0 403.0 36.0 438.0
132.0 340.0 128.0 383.0
172.0 389.0 170.0 424.0
243.0 319.0 250.0 357.0
243.0 318.0 250.0 357.0
26.0 403.0 36.0 438.0
78.0 300.0 68.0 327.0
173.0 390.0 170.0 424.0
172.0 391.0 170.0 424.0
26.0 404.0 36.0 438.0
425.0 37.0 421.0 81.0
22.0 297.0 18.0 315.0
22.0 296.0 18.0 315.0
213.0 496.0 213.0 537.0
214.0 496.0 213.0 537.0
242.0 319.0 250.0 357.0
243.0 317.0 250.0 357.0
23.0 297.0 18.0 315.0
121.0 392.0 117.0 433.0
78.0 301.0 68.0 327.0
22.0 298.0 18.0 315.0
23.0 298.0 18.0 315.0
79.0 300.0 68.0 327.0
242.0 318.0 250.0 357.0
276.0 456.0 278.0 510.0
79.0 301.0 68.0 327.0
277.0 456.0 278.0 510.0
214.0 498.0 213.0 552.0
75.0 526.0 69.0 573.0
214.0 497.0 213.0 537.0
241.0 319.0 250.0 357.0
180.0 348.0 173.0 383.0
213.0 497.0 213.0 537.0
22.0 299.0 18.0 315.0
122.0 392.0 117.0 433.0
120.0 391.0 117.0 433.0
213.0 498.0 213.0 552.0
168.0 447.0 134.0 461.0
121.0 391.0 117.0 433.0
76.0 525.0 69.0 573.0
241.0 318.0 250.0 357.0
173.0 382.0 171.0 423.0
113.0 97.0 107.0 132.0
276.0 455.0 278.0 510.0
277.0 455.0 278.0 510.0
169.0 446.0 134.0 461.0
258.0 31.0 257.0 79.0
257.0 31.0 256.0 79.0
121.0 390.0 117.0 433.0
170.0 447.0 134.0 461.0
171.0 446.0 134.0 461.0
89.0 350.0 78.0 394.0
169.0 447.0 134.0 461.0
257.0 32.0 256.0 79.0
99.0 553.0 91.0 603.0
258.0 32.0 257.0 79.0
181.0 347.0 173.0 383.0
122.0 391.0 117.0 433.0
170.0 446.0 134.0 461.0
90.0 350.0 78.0 394.0
66.0 377.0 62.0 426.0
172.0 445.0 134.0 462.0
257.0 30.0 258.0 78.0
256.0 31.0 256.0 79.0
181.0 348.0 173.0 383.0
37.0 417.0 36.0 438.0
99.0 555.0 91.0 603.0
168.0 446.0 134.0 461.0
114.0 97.0 107.0 132.0
63.0 398.0 62.0 426.0
285.0 504.0 274.0 553.0
279.0 520.0 274.0 553.0
99.0 554.0 91.0 603.0
98.0 554.0 91.0 603.0
89.0 349.0 78.0 394.0
169.0 445.0 134.0 461.0
100.0 553.0 91.0 603.0
170.0 445.0 134.0 461.0
171.0 445.0 134.0 461.0
18.0 559.0 12.0 606.0
98.0 553.0 91.0 603.0
100.0 555.0 91.0 603.0
286.0 504.0 274.0 553.0
278.0 520.0 274.0 553.0
