279.0 85.0 269.0 88.0
279.0 84.0 270.0 88.0
373.0 397.0 364.0 406.0
281.0 84.0 270.0 88.0
280.0 85.0 270.0 88.0
202.0 272.0 191.0 274.0
202.0 271.0 191.0 274.0
300.0 34.0 291.0 33.0
133.0 341.0 122.0 344.0
280.0 84.0 270.0 88.0
133.0 340.0 122.0 344.0
132.0 341.0 122.0 344.0
279.0 83.0 270.0 88.0
374.0 397.0 364.0 406.0
134.0 340.0 122.0 344.0
134.0 341.0 122.0 344.0
300.0 33.0 291.0 33.0
473.0 7.0 468.0 7.0
119.0 445.0 107.0 448.0
281.0 83.0 270.0 88.0
374.0 398.0 365.0 406.0
65.0 74.0 52.0 71.0
181.0 559.0 171.0 563.0
373.0 398.0 364.0 406.0
65.0 73.0 51.0 70.0
373.0 399.0 364.0 406.0
280.0 83.0 270.0 88.0
201.0 272.0 191.0 274.0
63.0 73.0 51.0 69.0
299.0 33.0 291.0 33.0
63.0 74.0 51.0 69.0
66.0 73.0 52.0 71.0
187.0 5.0 176.0 3.0
64.0 73.0 51.0 70.0
201.0 271.0 191.0 274.0
65.0 72.0 51.0 70.0
134.0 342.0 122.0 344.0
374.0 399.0 365.0 406.0
64.0 74.0 51.0 70.0
325.0 412.0 316.0 417.0
64.0 72.0 51.0 70.0
132.0 71.0 123.0 69.0
53.0 87.0 41.0 84.0
375.0 397.0 364.0 406.0
133.0 342.0 122.0 344.0
299.0 34.0 291.0 33.0
180.0 558.0 171.0 563.0
133.0 72.0 123.0 69.0
217.0 354.0 205.0 359.0
125.0 312.0 112.0 315.0
384.0 88.0 378.0 89.0
186.0 5.0 176.0 3.0
52.0 88.0 41.0 84.0
182.0 559.0 171.0 563.0
63.0 72.0 51.0 69.0
217.0 353.0 205.0 359.0
78.0 259.0 66.0 259.0
133.0 71.0 123.0 69.0
151.0 242.0 140.0 245.0
124.0 312.0 112.0 315.0
421.0 321.0 411.0 331.0
53.0 89.0 41.0 84.0
54.0 89.0 41.0 84.0
135.0 341.0 122.0 344.0
151.0 243.0 140.0 245.0
54.0 87.0 41.0 84.0
308.0 502.0 297.0 510.0
152.0 243.0 140.0 245.0
395.0 49.0 384.0 50.0
419.0 321.0 411.0 331.0
420.0 321.0 411.0 331.0
325.0 411.0 316.0 417.0
54.0 88.0 41.0 84.0
267.0 363.0 257.0 367.0
53.0 88.0 41.0 84.0
134.0 72.0 123.0 69.0
78.0 258.0 66.0 259.0
135.0 340.0 122.0 344.0
383.0 88.0 376.0 88.0
134.0 71.0 123.0 69.0
181.0 558.0 171.0 563.0
133.0 70.0 123.0 69.0
217.0 355.0 205.0 359.0
124.0 311.0 112.0 315.0
181.0 557.0 171.0 563.0
419.0 322.0 411.0 331.0
375.0 398.0 364.0 406.0
134.0 70.0 123.0 69.0
266.0 563.0 255.0 571.0
123.0 312.0 112.0 315.0
182.0 558.0 171.0 563.0
200.0 272.0 191.0 274.0
268.0 362.0 257.0 367.0
202.0 523.0 191.0 530.0
94.0 412.0 78.0 419.0
397.0 397.0 386.0 405.0
326.0 412.0 317.0 417.0
307.0 503.0 297.0 510.0
268.0 363.0 257.0 367.0
267.0 362.0 257.0 367.0
93.0 413.0 78.0 419.0
150.0 243.0 140.0 245.0
203.0 523.0 191.0 530.0
216.0 354.0 205.0 359.0
266.0 564.0 255.0 571.0
396.0 397.0 386.0 405.0
307.0 502.0 297.0 510.0
265.0 563.0 254.0 571.0
125.0 311.0 112.0 315.0
387.0 108.0 380.0 109.0
97.0 264.0 83.0 266.0
265.0 596.0 253.0 604.0
74.0 26.0 60.0 21.0
266.0 562.0 255.0 570.0
73.0 26.0 60.0 21.0
306.0 503.0 297.0 510.0
131.0 457.0 120.0 463.0
326.0 411.0 317.0 417.0
265.0 564.0 255.0 571.0
97.0 265.0 83.0 266.0
307.0 504.0 297.0 511.0
346.0 134.0 336.0 137.0
269.0 363.0 257.0 367.0
327.0 411.0 317.0 417.0
187.0 350.0 173.0 357.0
420.0 320.0 411.0 331.0
216.0 353.0 205.0 359.0
131.0 458.0 120.0 463.0
397.0 396.0 386.0 404.0
93.0 412.0 78.0 419.0
420.0 322.0 411.0 331.0
362.0 378.0 352.0 385.0
308.0 503.0 297.0 510.0
361.0 378.0 352.0 385.0
383.0 89.0 378.0 89.0
306.0 502.0 297.0 510.0
132.0 251.0 126.0 251.0
268.0 364.0 257.0 367.0
384.0 89.0 378.0 89.0
263.0 597.0 252.0 604.0
420.0 323.0 411.0 331.0
361.0 379.0 352.0 385.0
183.0 72.0 176.0 70.0
73.0 25.0 60.0 21.0
347.0 134.0 336.0 137.0
168.0 351.0 156.0 355.0
77.0 259.0 66.0 259.0
123.0 311.0 112.0 315.0
130.0 457.0 120.0 463.0
421.0 322.0 411.0 331.0
265.0 595.0 253.0 604.0
380.0 601.0 370.0 609.0
313.0 483.0 304.0 490.0
379.0 601.0 369.0 609.0
436.0 341.0 428.0 350.0
77.0 258.0 66.0 259.0
396.0 396.0 386.0 404.0
361.0 377.0 352.0 385.0
385.0 89.0 378.0 89.0
188.0 350.0 173.0 357.0
167.0 351.0 156.0 355.0
72.0 26.0 60.0 21.0
362.0 377.0 352.0 385.0
161.0 352.0 149.0 355.0
133.0 251.0 126.0 251.0
98.0 264.0 83.0 266.0
138.0 390.0 125.0 394.0
360.0 378.0 352.0 385.0
30.0 77.0 16.0 74.0
384.0 90.0 378.0 89.0
92.0 412.0 78.0 419.0
456.0 518.0 444.0 530.0
455.0 519.0 444.0 530.0
436.0 342.0 428.0 350.0
31.0 77.0 16.0 74.0
182.0 557.0 171.0 563.0
93.0 411.0 78.0 419.0
184.0 72.0 176.0 70.0
188.0 351.0 173.0 357.0
360.0 379.0 352.0 385.0
181.0 502.0 170.0 507.0
326.0 410.0 316.0 417.0
307.0 590.0 294.0 598.0
71.0 25.0 60.0 21.0
313.0 482.0 303.0 489.0
379.0 600.0 370.0 609.0
180.0 502.0 170.0 507.0
294.0 10.0 285.0 7.0
455.0 520.0 444.0 530.0
293.0 10.0 285.0 7.0
264.0 596.0 252.0 604.0
263.0 596.0 252.0 604.0
226.0 458.0 216.0 464.0
227.0 458.0 216.0 464.0
183.0 73.0 176.0 70.0
264.0 597.0 252.0 604.0
327.0 410.0 317.0 417.0
380.0 600.0 370.0 609.0
313.0 484.0 303.0 490.0
263.0 595.0 252.0 604.0
314.0 483.0 304.0 490.0
264.0 595.0 253.0 604.0
228.0 458.0 216.0 464.0
74.0 25.0 60.0 21.0
300.0 607.0 287.0 617.0
168.0 350.0 156.0 355.0
456.0 519.0 444.0 530.0
92.0 411.0 78.0 419.0
132.0 458.0 120.0 464.0
375.0 485.0 365.0 494.0
72.0 25.0 60.0 21.0
328.0 410.0 317.0 417.0
356.0 24.0 348.0 23.0
184.0 73.0 176.0 70.0
449.0 355.0 440.0 363.0
306.0 590.0 294.0 598.0
314.0 484.0 304.0 490.0
167.0 350.0 156.0 355.0
437.0 341.0 428.0 350.0
202.0 564.0 188.0 572.0
227.0 457.0 216.0 464.0
383.0 90.0 378.0 89.0
132.0 457.0 120.0 463.0
376.0 485.0 365.0 494.0
300.0 606.0 287.0 617.0
80.0 453.0 67.0 457.0
356.0 23.0 348.0 23.0
305.0 590.0 294.0 598.0
161.0 353.0 149.0 355.0
450.0 355.0 440.0 363.0
376.0 486.0 365.0 494.0
449.0 354.0 440.0 363.0
415.0 495.0 405.0 504.0
376.0 484.0 365.0 494.0
51.0 358.0 36.0 362.0
375.0 486.0 365.0 494.0
201.0 564.0 187.0 572.0
438.0 341.0 428.0 350.0
376.0 61.0 369.0 60.0
225.0 484.0 222.0 486.0
200.0 564.0 187.0 572.0
450.0 354.0 440.0 363.0
274.0 489.0 263.0 497.0
50.0 358.0 36.0 362.0
199.0 565.0 187.0 572.0
274.0 490.0 263.0 497.0
449.0 353.0 440.0 363.0
275.0 489.0 263.0 497.0
187.0 281.0 178.0 284.0
201.0 565.0 187.0 572.0
79.0 453.0 67.0 457.0
200.0 565.0 187.0 572.0
51.0 357.0 36.0 362.0
50.0 357.0 36.0 361.0
49.0 357.0 35.0 361.0
418.0 537.0 406.0 547.0
213.0 441.0 202.0 446.0
429.0 489.0 418.0 500.0
213.0 440.0 202.0 446.0
437.0 342.0 428.0 350.0
169.0 583.0 158.0 589.0
244.0 593.0 232.0 601.0
51.0 356.0 36.0 361.0
243.0 593.0 232.0 601.0
204.0 618.0 193.0 622.0
168.0 582.0 158.0 588.0
419.0 537.0 406.0 547.0
79.0 454.0 67.0 457.0
273.0 489.0 263.0 497.0
274.0 488.0 263.0 497.0
419.0 536.0 406.0 547.0
429.0 488.0 418.0 500.0
275.0 488.0 263.0 496.0
214.0 442.0 202.0 446.0
394.0 586.0 383.0 594.0
186.0 281.0 178.0 284.0
167.0 582.0 158.0 588.0
186.0 282.0 178.0 284.0
52.0 357.0 36.0 362.0
418.0 536.0 406.0 547.0
168.0 583.0 158.0 589.0
167.0 583.0 158.0 588.0
371.0 122.0 364.0 124.0
251.0 473.0 241.0 480.0
111.0 339.0 102.0 341.0
52.0 318.0 42.0 322.0
52.0 356.0 36.0 361.0
204.0 617.0 193.0 622.0
394.0 585.0 383.0 594.0
186.0 280.0 178.0 284.0
273.0 488.0 263.0 496.0
214.0 441.0 202.0 446.0
371.0 123.0 364.0 124.0
49.0 273.0 35.0 273.0
204.0 616.0 193.0 622.0
47.0 457.0 35.0 461.0
396.0 595.0 383.0 596.0
428.0 489.0 418.0 500.0
428.0 488.0 418.0 500.0
251.0 472.0 241.0 480.0
47.0 458.0 35.0 461.0
46.0 458.0 33.0 462.0
424.0 90.0 417.0 91.0
28.0 392.0 12.0 393.0
53.0 317.0 42.0 322.0
47.0 459.0 33.0 462.0
46.0 459.0 33.0 462.0
34.0 437.0 19.0 441.0
43.0 413.0 30.0 415.0
203.0 617.0 193.0 622.0
44.0 413.0 30.0 415.0
29.0 392.0 13.0 393.0
44.0 412.0 30.0 415.0
372.0 122.0 364.0 123.0
59.0 522.0 44.0 530.0
58.0 522.0 44.0 530.0
423.0 91.0 417.0 91.0
44.0 411.0 30.0 414.0
424.0 91.0 417.0 91.0
58.0 521.0 44.0 530.0
46.0 457.0 33.0 462.0
372.0 123.0 364.0 124.0
43.0 411.0 30.0 414.0
203.0 616.0 193.0 622.0
416.0 504.0 405.0 513.0
29.0 390.0 13.0 393.0
30.0 390.0 13.0 393.0
50.0 273.0 35.0 273.0
43.0 412.0 30.0 414.0
30.0 391.0 13.0 393.0
29.0 391.0 12.0 393.0
37.0 180.0 25.0 179.0
50.0 272.0 35.0 272.0
58.0 523.0 44.0 530.0
33.0 437.0 19.0 441.0
28.0 391.0 12.0 393.0
28.0 390.0 13.0 393.0
33.0 436.0 18.0 441.0
396.0 596.0 383.0 596.0
28.0 247.0 15.0 247.0
37.0 181.0 25.0 179.0
57.0 522.0 44.0 530.0
34.0 436.0 18.0 441.0
28.0 248.0 15.0 247.0
251.0 15.0 219.0 9.0
250.0 14.0 219.0 9.0
27.0 248.0 15.0 247.0
29.0 247.0 15.0 247.0
16.0 276.0 2.0 276.0
120.0 511.0 117.0 517.0
29.0 248.0 15.0 247.0
46.0 530.0 33.0 534.0
121.0 510.0 117.0 517.0
251.0 14.0 219.0 9.0
17.0 276.0 2.0 276.0
252.0 15.0 219.0 9.0
119.0 511.0 117.0 517.0
120.0 510.0 117.0 517.0
17.0 275.0 2.0 276.0
16.0 275.0 2.0 276.0
139.0 186.0 137.0 186.0
18.0 276.0 2.0 276.0
119.0 510.0 117.0 517.0
49.0 198.0 35.0 197.0
344.0 351.0 346.0 347.0
139.0 188.0 137.0 186.0
49.0 199.0 35.0 197.0
50.0 199.0 35.0 197.0
139.0 187.0 137.0 186.0
138.0 185.0 137.0 186.0
81.0 423.0 78.0 419.0
50.0 198.0 35.0 197.0
48.0 233.0 33.0 232.0
81.0 424.0 78.0 419.0
138.0 186.0 137.0 186.0
