234.0 371.0 213.0 376.0
156.0 436.0 131.0 437.0
235.0 412.0 214.0 417.0
312.0 29.0 307.0 28.0
233.0 371.0 212.0 377.0
312.0 30.0 308.0 29.0
236.0 412.0 214.0 417.0
236.0 413.0 214.0 419.0
311.0 30.0 308.0 29.0
137.0 603.0 109.0 606.0
235.0 413.0 214.0 418.0
157.0 437.0 133.0 437.0
157.0 436.0 132.0 437.0
138.0 603.0 109.0 606.0
156.0 437.0 132.0 437.0
311.0 29.0 307.0 28.0
317.0 62.0 312.0 62.0
310.0 30.0 308.0 29.0
234.0 412.0 214.0 417.0
364.0 17.0 359.0 16.0
158.0 437.0 133.0 437.0
137.0 602.0 109.0 605.0
316.0 63.0 312.0 62.0
315.0 63.0 309.0 63.0
158.0 436.0 133.0 437.0
318.0 62.0 312.0 62.0
363.0 17.0 359.0 16.0
138.0 602.0 110.0 604.0
256.0 89.0 249.0 84.0
311.0 31.0 308.0 29.0
317.0 63.0 312.0 62.0
364.0 16.0 359.0 16.0
316.0 62.0 312.0 62.0
317.0 64.0 312.0 62.0
256.0 88.0 249.0 84.0
114.0 482.0 93.0 483.0
363.0 16.0 359.0 16.0
233.0 413.0 213.0 418.0
257.0 88.0 249.0 84.0
364.0 15.0 359.0 16.0
310.0 31.0 308.0 29.0
332.0 23.0 326.0 22.0
158.0 565.0 130.0 568.0
260.0 444.0 238.0 450.0
318.0 63.0 312.0 62.0
331.0 22.0 326.0 22.0
331.0 24.0 326.0 22.0
196.0 433.0 177.0 436.0
142.0 369.0 124.0 368.0
330.0 22.0 326.0 22.0
331.0 23.0 326.0 22.0
362.0 16.0 359.0 16.0
365.0 15.0 359.0 16.0
257.0 87.0 250.0 83.0
143.0 369.0 124.0 368.0
234.0 413.0 214.0 417.0
117.0 515.0 92.0 515.0
230.0 532.0 206.0 539.0
91.0 345.0 68.0 339.0
242.0 436.0 221.0 441.0
85.0 247.0 67.0 240.0
241.0 436.0 221.0 441.0
316.0 64.0 312.0 62.0
197.0 433.0 177.0 436.0
92.0 344.0 68.0 339.0
448.0 32.0 442.0 37.0
91.0 344.0 68.0 339.0
115.0 483.0 93.0 483.0
114.0 483.0 93.0 483.0
363.0 15.0 359.0 16.0
94.0 533.0 67.0 532.0
365.0 541.0 339.0 552.0
301.0 52.0 295.0 50.0
197.0 432.0 178.0 436.0
84.0 247.0 67.0 240.0
235.0 143.0 227.0 142.0
330.0 23.0 326.0 22.0
237.0 142.0 227.0 141.0
90.0 344.0 68.0 339.0
242.0 435.0 221.0 441.0
318.0 64.0 312.0 62.0
302.0 51.0 295.0 50.0
78.0 485.0 51.0 483.0
95.0 533.0 68.0 533.0
365.0 540.0 339.0 552.0
256.0 87.0 249.0 84.0
300.0 143.0 291.0 143.0
448.0 31.0 442.0 36.0
83.0 246.0 65.0 239.0
235.0 142.0 225.0 141.0
79.0 485.0 52.0 484.0
197.0 434.0 177.0 436.0
142.0 368.0 124.0 368.0
330.0 24.0 326.0 22.0
143.0 370.0 124.0 369.0
243.0 436.0 221.0 441.0
95.0 534.0 68.0 533.0
141.0 369.0 123.0 369.0
231.0 533.0 206.0 539.0
107.0 519.0 79.0 517.0
236.0 142.0 227.0 141.0
174.0 618.0 145.0 622.0
142.0 370.0 123.0 370.0
450.0 13.0 447.0 18.0
238.0 142.0 227.0 141.0
449.0 32.0 442.0 37.0
257.0 89.0 249.0 84.0
230.0 533.0 206.0 539.0
450.0 14.0 447.0 18.0
141.0 368.0 123.0 369.0
258.0 88.0 249.0 84.0
308.0 396.0 285.0 406.0
259.0 443.0 238.0 450.0
449.0 13.0 447.0 18.0
78.0 486.0 51.0 483.0
261.0 443.0 238.0 450.0
271.0 62.0 261.0 65.0
238.0 143.0 227.0 142.0
317.0 86.0 309.0 85.0
106.0 519.0 79.0 517.0
354.0 78.0 348.0 78.0
106.0 520.0 79.0 517.0
364.0 541.0 339.0 552.0
287.0 120.0 275.0 119.0
259.0 442.0 236.0 449.0
447.0 31.0 442.0 36.0
447.0 30.0 442.0 36.0
242.0 437.0 222.0 441.0
270.0 62.0 261.0 65.0
84.0 571.0 60.0 571.0
449.0 12.0 447.0 18.0
237.0 144.0 227.0 142.0
449.0 30.0 442.0 36.0
316.0 86.0 309.0 85.0
237.0 143.0 227.0 142.0
82.0 247.0 65.0 239.0
198.0 433.0 177.0 436.0
286.0 121.0 274.0 119.0
236.0 144.0 227.0 142.0
198.0 432.0 178.0 436.0
449.0 31.0 442.0 37.0
308.0 397.0 285.0 406.0
83.0 247.0 65.0 240.0
309.0 396.0 285.0 406.0
236.0 143.0 227.0 142.0
309.0 397.0 286.0 407.0
243.0 435.0 221.0 441.0
84.0 246.0 67.0 240.0
243.0 437.0 221.0 442.0
448.0 30.0 442.0 36.0
296.0 373.0 274.0 381.0
356.0 77.0 348.0 78.0
84.0 570.0 61.0 569.0
451.0 12.0 447.0 18.0
355.0 77.0 348.0 78.0
262.0 443.0 238.0 450.0
300.0 144.0 291.0 143.0
173.0 617.0 145.0 622.0
82.0 246.0 65.0 239.0
117.0 514.0 92.0 515.0
356.0 78.0 348.0 78.0
302.0 52.0 295.0 50.0
268.0 507.0 244.0 511.0
261.0 442.0 238.0 450.0
297.0 372.0 274.0 381.0
288.0 120.0 275.0 119.0
198.0 40.0 193.0 32.0
269.0 506.0 245.0 511.0
310.0 396.0 285.0 406.0
299.0 143.0 291.0 143.0
355.0 78.0 348.0 78.0
301.0 144.0 291.0 143.0
316.0 85.0 309.0 85.0
315.0 86.0 309.0 85.0
260.0 443.0 238.0 450.0
198.0 39.0 193.0 32.0
450.0 12.0 447.0 18.0
118.0 515.0 92.0 515.0
317.0 87.0 309.0 85.0
287.0 121.0 274.0 119.0
172.0 617.0 145.0 622.0
451.0 13.0 447.0 18.0
449.0 29.0 442.0 36.0
307.0 397.0 284.0 406.0
80.0 486.0 53.0 484.0
296.0 98.0 289.0 96.0
157.0 565.0 130.0 568.0
425.0 55.0 419.0 60.0
315.0 413.0 293.0 423.0
199.0 40.0 193.0 32.0
355.0 76.0 348.0 78.0
315.0 87.0 309.0 85.0
317.0 85.0 309.0 85.0
97.0 533.0 74.0 533.0
173.0 616.0 145.0 622.0
271.0 61.0 266.0 58.0
96.0 533.0 68.0 533.0
268.0 506.0 244.0 511.0
316.0 88.0 309.0 85.0
425.0 54.0 418.0 60.0
118.0 514.0 92.0 515.0
297.0 98.0 289.0 96.0
298.0 373.0 274.0 381.0
317.0 414.0 294.0 423.0
303.0 51.0 295.0 50.0
79.0 486.0 52.0 484.0
316.0 87.0 309.0 85.0
232.0 533.0 206.0 539.0
260.0 442.0 238.0 450.0
174.0 617.0 145.0 622.0
310.0 397.0 286.0 407.0
272.0 61.0 266.0 58.0
424.0 54.0 418.0 60.0
272.0 60.0 266.0 58.0
262.0 526.0 237.0 533.0
448.0 29.0 442.0 36.0
271.0 60.0 266.0 58.0
425.0 52.0 418.0 60.0
329.0 23.0 326.0 22.0
461.0 77.0 455.0 84.0
298.0 372.0 275.0 381.0
231.0 532.0 206.0 539.0
354.0 77.0 348.0 78.0
277.0 85.0 271.0 84.0
298.0 97.0 289.0 96.0
232.0 532.0 207.0 539.0
317.0 413.0 294.0 423.0
315.0 414.0 293.0 423.0
267.0 69.0 260.0 66.0
96.0 534.0 68.0 533.0
424.0 55.0 417.0 59.0
298.0 98.0 289.0 96.0
174.0 616.0 145.0 622.0
298.0 96.0 289.0 96.0
316.0 414.0 293.0 423.0
297.0 373.0 274.0 381.0
316.0 413.0 294.0 423.0
297.0 96.0 289.0 96.0
297.0 97.0 289.0 96.0
257.0 593.0 229.0 602.0
299.0 144.0 291.0 143.0
288.0 121.0 274.0 119.0
326.0 140.0 317.0 142.0
425.0 53.0 418.0 60.0
270.0 61.0 266.0 58.0
296.0 97.0 289.0 96.0
199.0 39.0 193.0 32.0
462.0 77.0 455.0 84.0
276.0 85.0 271.0 84.0
175.0 617.0 145.0 622.0
300.0 145.0 291.0 143.0
272.0 62.0 266.0 58.0
327.0 140.0 317.0 142.0
424.0 53.0 418.0 59.0
277.0 84.0 271.0 84.0
356.0 108.0 347.0 110.0
295.0 97.0 289.0 96.0
460.0 77.0 455.0 84.0
298.0 144.0 291.0 143.0
256.0 594.0 229.0 602.0
127.0 499.0 101.0 498.0
303.0 52.0 295.0 50.0
256.0 593.0 229.0 602.0
52.0 335.0 32.0 330.0
126.0 498.0 101.0 498.0
299.0 145.0 291.0 143.0
355.0 108.0 347.0 110.0
278.0 84.0 271.0 84.0
51.0 334.0 31.0 329.0
257.0 594.0 229.0 602.0
127.0 498.0 101.0 498.0
354.0 108.0 347.0 110.0
346.0 45.0 345.0 36.0
51.0 335.0 31.0 329.0
298.0 145.0 291.0 143.0
278.0 85.0 271.0 84.0
175.0 616.0 145.0 622.0
347.0 45.0 345.0 36.0
296.0 96.0 289.0 96.0
277.0 86.0 271.0 84.0
272.0 155.0 264.0 157.0
63.0 246.0 44.0 239.0
417.0 76.0 409.0 82.0
258.0 593.0 229.0 602.0
354.0 109.0 347.0 110.0
356.0 109.0 347.0 110.0
290.0 413.0 266.0 421.0
272.0 154.0 264.0 157.0
258.0 592.0 229.0 602.0
267.0 524.0 238.0 533.0
126.0 499.0 101.0 498.0
274.0 154.0 264.0 157.0
355.0 109.0 347.0 110.0
35.0 332.0 18.0 324.0
275.0 154.0 265.0 157.0
295.0 96.0 289.0 96.0
257.0 592.0 229.0 602.0
63.0 247.0 44.0 239.0
52.0 334.0 31.0 329.0
290.0 412.0 266.0 421.0
327.0 141.0 317.0 142.0
35.0 331.0 18.0 324.0
326.0 141.0 317.0 142.0
278.0 86.0 271.0 84.0
418.0 76.0 409.0 82.0
62.0 246.0 44.0 239.0
345.0 133.0 336.0 135.0
279.0 85.0 271.0 84.0
255.0 593.0 229.0 602.0
417.0 75.0 409.0 82.0
63.0 245.0 44.0 239.0
346.0 133.0 336.0 135.0
345.0 134.0 336.0 135.0
36.0 331.0 18.0 324.0
103.0 397.0 83.0 395.0
325.0 141.0 317.0 142.0
273.0 154.0 264.0 157.0
273.0 155.0 264.0 157.0
64.0 246.0 44.0 239.0
294.0 38.0 284.0 33.0
64.0 247.0 44.0 239.0
346.0 134.0 336.0 135.0
279.0 86.0 271.0 84.0
347.0 46.0 345.0 36.0
36.0 332.0 18.0 325.0
418.0 77.0 409.0 82.0
35.0 330.0 18.0 324.0
256.0 592.0 229.0 602.0
274.0 155.0 265.0 157.0
36.0 330.0 18.0 324.0
419.0 76.0 409.0 83.0
313.0 114.0 304.0 115.0
347.0 134.0 336.0 135.0
383.0 86.0 383.0 87.0
312.0 114.0 304.0 115.0
383.0 87.0 383.0 87.0
313.0 115.0 304.0 115.0
103.0 396.0 83.0 395.0
418.0 75.0 409.0 82.0
312.0 115.0 304.0 115.0
345.0 135.0 336.0 135.0
339.0 589.0 312.0 600.0
112.0 477.0 92.0 481.0
311.0 115.0 304.0 115.0
419.0 75.0 409.0 82.0
346.0 135.0 336.0 135.0
312.0 116.0 304.0 115.0
339.0 588.0 312.0 600.0
340.0 588.0 312.0 600.0
165.0 170.0 141.0 169.0
340.0 587.0 312.0 600.0
258.0 610.0 229.0 603.0
166.0 170.0 141.0 169.0
118.0 360.0 90.0 356.0
258.0 611.0 229.0 603.0
260.0 133.0 252.0 124.0
189.0 628.0 145.0 622.0
188.0 628.0 145.0 622.0
29.0 195.0 14.0 185.0
29.0 196.0 15.0 186.0
28.0 195.0 14.0 185.0
188.0 627.0 145.0 622.0
85.0 470.0 52.0 483.0
339.0 587.0 312.0 600.0
188.0 629.0 145.0 622.0
187.0 628.0 145.0 622.0
261.0 134.0 252.0 124.0
211.0 26.0 193.0 31.0
260.0 134.0 252.0 124.0
85.0 471.0 52.0 483.0
167.0 170.0 141.0 169.0
84.0 470.0 52.0 483.0
211.0 25.0 193.0 31.0
119.0 360.0 90.0 356.0
420.0 34.0 447.0 19.0
11.0 199.0 8.0 198.0
260.0 135.0 252.0 124.0
212.0 24.0 193.0 31.0
11.0 198.0 13.0 186.0
41.0 553.0 14.0 549.0
42.0 552.0 14.0 549.0
212.0 25.0 193.0 31.0
10.0 198.0 8.0 198.0
41.0 552.0 14.0 549.0
257.0 74.0 260.0 66.0
42.0 553.0 15.0 548.0
256.0 75.0 248.0 82.0
