244.0 276.0 251.0 291.0
245.0 277.0 251.0 291.0
245.0 275.0 251.0 291.0
299.0 561.0 318.0 580.0
245.0 276.0 251.0 291.0
299.0 560.0 318.0 579.0
352.0 399.0 364.0 412.0
246.0 276.0 251.0 291.0
278.0 60.0 278.0 78.0
331.0 205.0 335.0 218.0
298.0 560.0 318.0 579.0
30.0 98.0 32.0 123.0
298.0 561.0 318.0 579.0
351.0 399.0 364.0 412.0
278.0 59.0 278.0 78.0
332.0 205.0 335.0 218.0
279.0 60.0 278.0 78.0
352.0 398.0 364.0 412.0
31.0 100.0 33.0 125.0
247.0 281.0 251.0 293.0
331.0 206.0 335.0 218.0
278.0 58.0 278.0 78.0
279.0 59.0 278.0 78.0
279.0 58.0 278.0 78.0
30.0 99.0 32.0 124.0
31.0 99.0 32.0 124.0
367.0 385.0 379.0 398.0
229.0 333.0 238.0 348.0
259.0 552.0 275.0 570.0
332.0 204.0 335.0 218.0
332.0 206.0 335.0 218.0
229.0 332.0 238.0 348.0
333.0 206.0 337.0 219.0
267.0 234.0 272.0 250.0
393.0 414.0 407.0 426.0
368.0 386.0 380.0 398.0
330.0 223.0 333.0 238.0
351.0 398.0 364.0 412.0
280.0 59.0 278.0 78.0
30.0 100.0 32.0 124.0
117.0 75.0 118.0 98.0
117.0 76.0 118.0 98.0
329.0 224.0 333.0 238.0
25.0 67.0 28.0 92.0
352.0 397.0 364.0 411.0
329.0 223.0 333.0 238.0
29.0 99.0 32.0 124.0
368.0 385.0 380.0 398.0
260.0 553.0 275.0 570.0
280.0 58.0 278.0 78.0
367.0 386.0 379.0 398.0
333.0 205.0 335.0 218.0
31.0 101.0 33.0 125.0
329.0 225.0 333.0 238.0
9.0 170.0 12.0 193.0
247.0 282.0 251.0 293.0
393.0 416.0 407.0 427.0
116.0 75.0 118.0 98.0
330.0 224.0 333.0 238.0
331.0 223.0 333.0 238.0
9.0 171.0 12.0 193.0
235.0 506.0 249.0 521.0
164.0 338.0 173.0 355.0
30.0 101.0 32.0 124.0
393.0 415.0 407.0 426.0
229.0 334.0 238.0 348.0
116.0 74.0 118.0 98.0
8.0 172.0 12.0 191.0
235.0 505.0 248.0 519.0
234.0 505.0 248.0 519.0
283.0 319.0 290.0 333.0
330.0 225.0 333.0 238.0
235.0 504.0 248.0 519.0
331.0 224.0 335.0 237.0
367.0 384.0 379.0 398.0
283.0 318.0 290.0 332.0
394.0 415.0 407.0 426.0
369.0 386.0 380.0 398.0
368.0 387.0 380.0 398.0
230.0 333.0 238.0 348.0
367.0 387.0 379.0 399.0
70.0 100.0 71.0 126.0
24.0 68.0 27.0 93.0
338.0 156.0 341.0 171.0
70.0 101.0 71.0 126.0
69.0 100.0 71.0 126.0
283.0 320.0 290.0 333.0
268.0 234.0 272.0 250.0
236.0 505.0 249.0 521.0
164.0 339.0 173.0 355.0
331.0 225.0 335.0 237.0
230.0 332.0 238.0 348.0
267.0 232.0 272.0 250.0
248.0 282.0 251.0 293.0
328.0 224.0 333.0 238.0
267.0 233.0 272.0 250.0
234.0 504.0 248.0 519.0
229.0 331.0 238.0 348.0
25.0 68.0 27.0 93.0
163.0 339.0 173.0 355.0
330.0 226.0 335.0 237.0
282.0 319.0 290.0 333.0
267.0 231.0 272.0 247.0
256.0 69.0 256.0 89.0
26.0 69.0 28.0 92.0
328.0 225.0 333.0 238.0
265.0 103.0 267.0 119.0
329.0 226.0 333.0 238.0
117.0 74.0 118.0 98.0
266.0 103.0 267.0 119.0
29.0 100.0 32.0 124.0
68.0 100.0 71.0 126.0
394.0 416.0 407.0 427.0
268.0 232.0 273.0 249.0
266.0 104.0 267.0 119.0
181.0 280.0 189.0 299.0
163.0 340.0 173.0 355.0
268.0 233.0 272.0 250.0
165.0 339.0 173.0 355.0
24.0 50.0 23.0 73.0
117.0 73.0 118.0 98.0
351.0 397.0 364.0 411.0
198.0 343.0 208.0 359.0
69.0 101.0 71.0 126.0
265.0 104.0 267.0 119.0
25.0 69.0 27.0 93.0
257.0 69.0 256.0 88.0
25.0 50.0 23.0 73.0
164.0 340.0 173.0 355.0
181.0 281.0 189.0 299.0
196.0 341.0 207.0 358.0
122.0 52.0 124.0 79.0
197.0 344.0 208.0 359.0
266.0 232.0 272.0 250.0
338.0 157.0 341.0 171.0
8.0 171.0 12.0 193.0
230.0 334.0 238.0 348.0
198.0 342.0 208.0 359.0
70.0 102.0 71.0 126.0
8.0 170.0 12.0 193.0
198.0 341.0 208.0 358.0
256.0 68.0 256.0 89.0
24.0 69.0 27.0 93.0
283.0 321.0 290.0 333.0
68.0 101.0 71.0 126.0
369.0 387.0 380.0 398.0
25.0 70.0 27.0 93.0
122.0 53.0 124.0 79.0
182.0 280.0 189.0 299.0
24.0 49.0 23.0 73.0
197.0 343.0 208.0 359.0
123.0 52.0 124.0 79.0
196.0 343.0 207.0 359.0
405.0 399.0 418.0 410.0
323.0 247.0 329.0 254.0
111.0 261.0 119.0 285.0
69.0 102.0 71.0 126.0
68.0 102.0 71.0 126.0
197.0 342.0 208.0 359.0
197.0 341.0 208.0 358.0
354.0 148.0 356.0 161.0
25.0 49.0 23.0 73.0
315.0 274.0 322.0 288.0
123.0 54.0 124.0 79.0
315.0 273.0 322.0 288.0
75.0 186.0 77.0 200.0
123.0 53.0 124.0 79.0
24.0 70.0 27.0 93.0
257.0 68.0 256.0 88.0
117.0 72.0 118.0 98.0
330.0 370.0 340.0 384.0
23.0 49.0 23.0 72.0
405.0 398.0 418.0 410.0
74.0 186.0 77.0 200.0
331.0 370.0 340.0 384.0
329.0 370.0 340.0 384.0
300.0 34.0 299.0 50.0
94.0 217.0 99.0 235.0
6.0 134.0 9.0 159.0
5.0 134.0 9.0 159.0
25.0 48.0 23.0 72.0
182.0 281.0 189.0 299.0
24.0 48.0 23.0 72.0
354.0 149.0 356.0 161.0
94.0 216.0 99.0 235.0
300.0 35.0 299.0 50.0
298.0 35.0 299.0 49.0
227.0 59.0 227.0 79.0
196.0 342.0 207.0 358.0
275.0 71.0 278.0 87.0
208.0 71.0 207.0 93.0
69.0 103.0 71.0 126.0
101.0 109.0 103.0 130.0
75.0 187.0 77.0 200.0
299.0 34.0 299.0 49.0
422.0 83.0 423.0 95.0
22.0 28.0 21.0 51.0
276.0 71.0 279.0 87.0
94.0 215.0 99.0 235.0
330.0 371.0 340.0 384.0
338.0 158.0 341.0 171.0
5.0 133.0 9.0 159.0
208.0 73.0 207.0 93.0
21.0 28.0 21.0 51.0
406.0 397.0 418.0 409.0
111.0 262.0 119.0 285.0
271.0 323.0 279.0 337.0
270.0 323.0 278.0 337.0
6.0 133.0 9.0 159.0
23.0 48.0 23.0 72.0
406.0 399.0 418.0 410.0
299.0 33.0 299.0 49.0
110.0 261.0 118.0 285.0
204.0 51.0 203.0 73.0
228.0 59.0 227.0 79.0
21.0 29.0 21.0 51.0
423.0 83.0 423.0 95.0
329.0 369.0 340.0 384.0
101.0 110.0 103.0 131.0
24.0 47.0 23.0 72.0
298.0 36.0 299.0 49.0
270.0 321.0 278.0 336.0
111.0 264.0 118.0 286.0
183.0 281.0 189.0 299.0
22.0 29.0 21.0 51.0
299.0 35.0 299.0 49.0
74.0 187.0 77.0 200.0
182.0 282.0 189.0 299.0
183.0 280.0 189.0 299.0
337.0 157.0 341.0 171.0
21.0 27.0 21.0 51.0
299.0 36.0 299.0 49.0
111.0 263.0 118.0 286.0
354.0 150.0 357.0 161.0
192.0 63.0 191.0 82.0
205.0 52.0 203.0 73.0
204.0 52.0 203.0 73.0
110.0 262.0 118.0 286.0
270.0 322.0 278.0 337.0
6.0 135.0 9.0 160.0
5.0 135.0 9.0 160.0
208.0 72.0 207.0 93.0
214.0 358.0 224.0 373.0
20.0 28.0 21.0 51.0
271.0 322.0 278.0 337.0
205.0 51.0 203.0 73.0
406.0 398.0 418.0 410.0
353.0 148.0 356.0 161.0
329.0 371.0 340.0 384.0
117.0 71.0 118.0 98.0
228.0 58.0 227.0 79.0
455.0 80.0 457.0 90.0
203.0 51.0 203.0 73.0
353.0 149.0 356.0 161.0
328.0 371.0 340.0 384.0
39.0 554.0 53.0 579.0
101.0 111.0 103.0 131.0
192.0 64.0 191.0 82.0
227.0 58.0 227.0 79.0
328.0 370.0 340.0 384.0
243.0 414.0 254.0 430.0
423.0 84.0 423.0 95.0
327.0 371.0 340.0 384.0
407.0 398.0 418.0 410.0
328.0 369.0 340.0 384.0
75.0 188.0 77.0 200.0
183.0 282.0 189.0 299.0
216.0 359.0 225.0 374.0
203.0 52.0 203.0 73.0
216.0 358.0 225.0 374.0
464.0 303.0 474.0 310.0
204.0 50.0 203.0 73.0
413.0 126.0 414.0 138.0
39.0 555.0 53.0 579.0
455.0 79.0 458.0 90.0
464.0 304.0 474.0 310.0
216.0 360.0 225.0 374.0
192.0 62.0 191.0 82.0
411.0 128.0 414.0 138.0
440.0 95.0 441.0 107.0
74.0 188.0 77.0 200.0
276.0 72.0 279.0 87.0
215.0 358.0 225.0 374.0
456.0 78.0 451.0 78.0
391.0 49.0 389.0 64.0
191.0 63.0 191.0 82.0
110.0 263.0 118.0 286.0
456.0 79.0 458.0 90.0
412.0 128.0 414.0 138.0
327.0 369.0 340.0 384.0
227.0 57.0 227.0 79.0
456.0 80.0 458.0 90.0
215.0 359.0 225.0 374.0
412.0 125.0 413.0 138.0
412.0 126.0 414.0 138.0
413.0 127.0 414.0 138.0
412.0 127.0 414.0 138.0
305.0 580.0 324.0 596.0
214.0 359.0 224.0 373.0
191.0 62.0 190.0 81.0
411.0 127.0 413.0 138.0
215.0 360.0 225.0 374.0
263.0 559.0 275.0 570.0
457.0 79.0 458.0 90.0
327.0 370.0 340.0 384.0
411.0 126.0 413.0 138.0
353.0 150.0 356.0 161.0
38.0 554.0 53.0 579.0
390.0 50.0 389.0 64.0
263.0 557.0 275.0 570.0
412.0 401.0 418.0 410.0
264.0 559.0 275.0 570.0
390.0 49.0 389.0 64.0
411.0 125.0 413.0 138.0
263.0 558.0 275.0 570.0
228.0 78.0 232.0 99.0
92.0 204.0 99.0 234.0
232.0 85.0 232.0 101.0
133.0 280.0 138.0 300.0
215.0 464.0 215.0 492.0
264.0 557.0 275.0 570.0
264.0 558.0 275.0 570.0
107.0 51.0 112.0 68.0
91.0 204.0 99.0 234.0
38.0 555.0 53.0 579.0
410.0 126.0 413.0 138.0
273.0 578.0 291.0 595.0
446.0 277.0 460.0 295.0
92.0 203.0 99.0 234.0
106.0 51.0 112.0 68.0
447.0 278.0 460.0 295.0
389.0 49.0 389.0 64.0
232.0 86.0 232.0 101.0
215.0 463.0 215.0 492.0
447.0 277.0 460.0 295.0
412.0 402.0 418.0 410.0
233.0 86.0 232.0 101.0
91.0 203.0 99.0 234.0
134.0 280.0 138.0 300.0
133.0 281.0 138.0 300.0
215.0 465.0 215.0 492.0
273.0 579.0 291.0 595.0
106.0 50.0 112.0 68.0
135.0 280.0 138.0 300.0
446.0 276.0 460.0 295.0
134.0 281.0 138.0 300.0
90.0 8.0 90.0 32.0
230.0 427.0 242.0 441.0
447.0 276.0 460.0 295.0
230.0 426.0 242.0 441.0
214.0 462.0 215.0 492.0
272.0 578.0 291.0 595.0
215.0 462.0 215.0 492.0
275.0 579.0 292.0 595.0
274.0 579.0 292.0 595.0
216.0 462.0 215.0 492.0
274.0 577.0 292.0 595.0
242.0 589.0 261.0 598.0
229.0 426.0 241.0 441.0
135.0 281.0 138.0 300.0
134.0 282.0 138.0 300.0
185.0 48.0 186.0 68.0
272.0 577.0 291.0 595.0
273.0 577.0 291.0 595.0
211.0 581.0 229.0 594.0
273.0 576.0 291.0 595.0
133.0 282.0 138.0 300.0
229.0 427.0 242.0 441.0
274.0 578.0 292.0 595.0
413.0 402.0 418.0 410.0
135.0 282.0 138.0 300.0
228.0 426.0 241.0 441.0
216.0 461.0 215.0 492.0
468.0 287.0 474.0 310.0
185.0 47.0 186.0 68.0
215.0 461.0 215.0 492.0
184.0 47.0 186.0 68.0
467.0 287.0 474.0 310.0
117.0 21.0 115.0 49.0
209.0 581.0 229.0 594.0
467.0 286.0 474.0 310.0
186.0 47.0 186.0 68.0
314.0 596.0 324.0 596.0
210.0 581.0 229.0 594.0
117.0 20.0 115.0 49.0
208.0 581.0 229.0 594.0
210.0 582.0 229.0 594.0
184.0 46.0 183.0 68.0
209.0 582.0 229.0 594.0
186.0 46.0 186.0 68.0
221.0 569.0 229.0 594.0
314.0 597.0 324.0 596.0
221.0 570.0 229.0 594.0
118.0 20.0 115.0 49.0
185.0 46.0 186.0 68.0
222.0 570.0 229.0 594.0
245.0 582.0 262.0 598.0
163.0 38.0 163.0 63.0
222.0 571.0 229.0 594.0
164.0 38.0 163.0 63.0
222.0 569.0 229.0 594.0
163.0 37.0 163.0 63.0
164.0 37.0 163.0 63.0
164.0 39.0 163.0 63.0
163.0 36.0 163.0 63.0
