317.0 109.0 324.0 110.0
243.0 94.0 251.0 96.0
320.0 484.0 333.0 489.0
242.0 95.0 251.0 98.0
242.0 94.0 251.0 96.0
320.0 486.0 333.0 490.0
308.0 286.0 319.0 288.0
320.0 485.0 333.0 489.0
292.0 206.0 303.0 207.0
319.0 484.0 333.0 489.0
292.0 205.0 303.0 207.0
291.0 205.0 302.0 207.0
319.0 485.0 332.0 490.0
204.0 243.0 212.0 247.0
203.0 243.0 212.0 247.0
243.0 95.0 251.0 98.0
286.0 494.0 299.0 499.0
222.0 112.0 229.0 114.0
361.0 252.0 371.0 254.0
276.0 223.0 286.0 225.0
122.0 481.0 134.0 485.0
222.0 111.0 229.0 114.0
261.0 429.0 272.0 433.0
351.0 147.0 359.0 148.0
290.0 291.0 301.0 293.0
316.0 109.0 323.0 111.0
122.0 480.0 134.0 485.0
364.0 489.0 378.0 492.0
262.0 429.0 272.0 433.0
204.0 244.0 212.0 247.0
316.0 108.0 324.0 110.0
342.0 498.0 355.0 502.0
262.0 430.0 272.0 433.0
315.0 109.0 323.0 111.0
285.0 494.0 299.0 499.0
318.0 485.0 332.0 490.0
308.0 285.0 320.0 287.0
286.0 495.0 299.0 499.0
309.0 285.0 320.0 287.0
60.0 316.0 68.0 320.0
341.0 498.0 354.0 501.0
368.0 173.0 379.0 175.0
319.0 486.0 332.0 490.0
290.0 292.0 301.0 293.0
293.0 205.0 303.0 207.0
203.0 244.0 212.0 247.0
395.0 517.0 409.0 521.0
286.0 496.0 299.0 499.0
367.0 173.0 378.0 175.0
239.0 402.0 250.0 405.0
413.0 51.0 422.0 51.0
314.0 315.0 323.0 318.0
309.0 216.0 319.0 218.0
223.0 156.0 232.0 159.0
179.0 58.0 187.0 62.0
191.0 374.0 203.0 377.0
121.0 481.0 134.0 485.0
360.0 252.0 371.0 254.0
224.0 156.0 232.0 158.0
309.0 217.0 318.0 218.0
289.0 291.0 301.0 293.0
309.0 284.0 320.0 287.0
211.0 417.0 222.0 421.0
179.0 57.0 187.0 62.0
319.0 194.0 331.0 195.0
85.0 2.0 80.0 2.0
359.0 252.0 371.0 254.0
384.0 186.0 395.0 187.0
285.0 495.0 299.0 499.0
276.0 222.0 286.0 225.0
139.0 70.0 146.0 75.0
413.0 50.0 422.0 51.0
255.0 226.0 264.0 229.0
372.0 364.0 385.0 367.0
367.0 172.0 378.0 175.0
256.0 227.0 264.0 229.0
413.0 49.0 422.0 50.0
291.0 290.0 301.0 293.0
338.0 137.0 347.0 138.0
325.0 532.0 337.0 537.0
384.0 167.0 395.0 167.0
289.0 290.0 301.0 293.0
314.0 316.0 322.0 319.0
308.0 150.0 317.0 151.0
291.0 291.0 301.0 293.0
256.0 226.0 264.0 229.0
124.0 500.0 137.0 505.0
368.0 172.0 378.0 173.0
414.0 51.0 422.0 51.0
285.0 496.0 299.0 499.0
275.0 223.0 286.0 225.0
290.0 290.0 301.0 293.0
224.0 155.0 232.0 158.0
367.0 174.0 378.0 175.0
223.0 155.0 232.0 158.0
131.0 622.0 145.0 628.0
277.0 353.0 287.0 357.0
212.0 418.0 222.0 421.0
308.0 149.0 317.0 151.0
206.0 269.0 214.0 271.0
310.0 217.0 319.0 218.0
359.0 421.0 371.0 425.0
384.0 166.0 396.0 166.0
343.0 498.0 355.0 502.0
412.0 50.0 422.0 51.0
293.0 206.0 303.0 207.0
270.0 482.0 282.0 486.0
414.0 50.0 422.0 51.0
394.0 517.0 409.0 521.0
138.0 70.0 146.0 75.0
290.0 289.0 300.0 292.0
396.0 517.0 411.0 521.0
351.0 148.0 359.0 149.0
276.0 353.0 287.0 356.0
212.0 417.0 222.0 421.0
325.0 533.0 337.0 537.0
240.0 132.0 246.0 134.0
142.0 148.0 148.0 154.0
141.0 150.0 148.0 154.0
309.0 286.0 319.0 288.0
211.0 291.0 219.0 294.0
395.0 518.0 409.0 521.0
139.0 69.0 146.0 75.0
367.0 171.0 378.0 173.0
276.0 352.0 287.0 356.0
227.0 248.0 236.0 251.0
396.0 518.0 411.0 521.0
313.0 315.0 322.0 318.0
357.0 28.0 364.0 29.0
284.0 495.0 298.0 499.0
191.0 375.0 203.0 377.0
240.0 402.0 251.0 405.0
139.0 68.0 146.0 75.0
60.0 317.0 69.0 321.0
284.0 494.0 292.0 499.0
239.0 131.0 246.0 134.0
342.0 497.0 354.0 501.0
65.0 489.0 77.0 494.0
123.0 500.0 137.0 505.0
22.0 550.0 34.0 553.0
290.0 241.0 301.0 243.0
225.0 155.0 232.0 158.0
223.0 154.0 232.0 158.0
255.0 225.0 264.0 229.0
141.0 148.0 148.0 154.0
21.0 550.0 34.0 553.0
123.0 481.0 134.0 485.0
238.0 403.0 250.0 405.0
268.0 482.0 281.0 486.0
313.0 316.0 322.0 318.0
306.0 187.0 316.0 189.0
277.0 354.0 287.0 357.0
239.0 404.0 251.0 406.0
358.0 422.0 371.0 425.0
227.0 247.0 236.0 251.0
141.0 147.0 148.0 154.0
141.0 151.0 148.0 154.0
224.0 154.0 232.0 158.0
384.0 187.0 395.0 187.0
223.0 49.0 229.0 52.0
193.0 374.0 203.0 378.0
358.0 421.0 371.0 425.0
152.0 345.0 161.0 349.0
307.0 149.0 317.0 150.0
291.0 289.0 301.0 292.0
343.0 497.0 355.0 502.0
83.0 467.0 96.0 473.0
256.0 225.0 264.0 229.0
210.0 292.0 219.0 294.0
341.0 497.0 354.0 501.0
359.0 422.0 371.0 425.0
66.0 489.0 77.0 494.0
257.0 226.0 264.0 229.0
223.0 48.0 229.0 52.0
108.0 497.0 120.0 501.0
373.0 364.0 385.0 367.0
138.0 68.0 146.0 75.0
116.0 128.0 124.0 133.0
117.0 127.0 125.0 133.0
384.0 165.0 395.0 166.0
142.0 150.0 148.0 154.0
197.0 347.0 209.0 349.0
192.0 374.0 203.0 378.0
141.0 149.0 148.0 154.0
222.0 49.0 229.0 52.0
181.0 359.0 192.0 363.0
269.0 482.0 282.0 486.0
291.0 345.0 301.0 348.0
277.0 352.0 287.0 357.0
84.0 467.0 96.0 473.0
213.0 417.0 222.0 421.0
306.0 149.0 317.0 150.0
22.0 549.0 34.0 553.0
326.0 532.0 337.0 537.0
307.0 187.0 316.0 189.0
109.0 610.0 122.0 614.0
83.0 468.0 96.0 473.0
157.0 389.0 166.0 393.0
84.0 468.0 96.0 473.0
373.0 363.0 385.0 367.0
280.0 399.0 292.0 402.0
291.0 241.0 301.0 243.0
198.0 346.0 209.0 349.0
207.0 269.0 214.0 271.0
194.0 30.0 201.0 34.0
307.0 186.0 316.0 189.0
196.0 347.0 209.0 349.0
142.0 151.0 148.0 154.0
306.0 186.0 316.0 189.0
197.0 346.0 209.0 349.0
152.0 346.0 161.0 349.0
239.0 403.0 250.0 405.0
108.0 496.0 120.0 501.0
312.0 315.0 322.0 318.0
308.0 186.0 316.0 189.0
138.0 69.0 146.0 75.0
281.0 398.0 292.0 402.0
65.0 490.0 77.0 494.0
180.0 58.0 187.0 62.0
213.0 418.0 223.0 421.0
142.0 149.0 148.0 154.0
385.0 186.0 395.0 186.0
206.0 268.0 214.0 271.0
116.0 127.0 124.0 132.0
222.0 48.0 229.0 52.0
263.0 430.0 272.0 433.0
194.0 374.0 203.0 378.0
326.0 533.0 337.0 537.0
357.0 29.0 365.0 29.0
124.0 501.0 138.0 507.0
23.0 550.0 34.0 553.0
308.0 187.0 316.0 189.0
253.0 151.0 262.0 155.0
194.0 29.0 201.0 33.0
386.0 186.0 395.0 186.0
193.0 29.0 201.0 33.0
196.0 346.0 208.0 348.0
23.0 549.0 34.0 553.0
110.0 610.0 123.0 615.0
320.0 355.0 330.0 358.0
181.0 360.0 192.0 363.0
156.0 390.0 166.0 393.0
320.0 356.0 330.0 358.0
358.0 423.0 371.0 425.0
385.0 187.0 395.0 187.0
193.0 30.0 201.0 34.0
228.0 248.0 236.0 251.0
180.0 57.0 187.0 62.0
158.0 405.0 167.0 409.0
22.0 551.0 34.0 554.0
107.0 497.0 120.0 502.0
207.0 268.0 214.0 271.0
20.0 350.0 31.0 355.0
278.0 353.0 287.0 357.0
192.0 375.0 203.0 377.0
157.0 390.0 166.0 393.0
225.0 154.0 232.0 158.0
198.0 345.0 209.0 349.0
211.0 292.0 219.0 294.0
182.0 358.0 193.0 363.0
460.0 80.0 470.0 80.0
182.0 359.0 193.0 363.0
109.0 497.0 120.0 501.0
210.0 293.0 219.0 296.0
223.0 47.0 229.0 52.0
27.0 326.0 35.0 331.0
253.0 152.0 262.0 155.0
197.0 345.0 208.0 348.0
193.0 376.0 203.0 378.0
192.0 376.0 203.0 377.0
66.0 490.0 77.0 494.0
321.0 355.0 330.0 358.0
445.0 330.0 458.0 332.0
461.0 80.0 470.0 80.0
240.0 403.0 250.0 405.0
317.0 131.0 325.0 133.0
228.0 247.0 236.0 251.0
185.0 48.0 192.0 52.0
126.0 457.0 139.0 462.0
181.0 58.0 187.0 62.0
358.0 28.0 364.0 29.0
317.0 132.0 325.0 133.0
209.0 326.0 220.0 329.0
193.0 375.0 203.0 378.0
222.0 47.0 229.0 52.0
182.0 360.0 193.0 363.0
194.0 375.0 203.0 378.0
158.0 362.0 168.0 367.0
280.0 398.0 292.0 402.0
109.0 496.0 120.0 501.0
133.0 403.0 146.0 408.0
21.0 351.0 31.0 355.0
461.0 81.0 470.0 80.0
27.0 327.0 35.0 331.0
157.0 405.0 167.0 409.0
210.0 326.0 220.0 331.0
386.0 187.0 395.0 187.0
125.0 457.0 139.0 462.0
365.0 13.0 364.0 29.0
209.0 327.0 220.0 331.0
316.0 131.0 325.0 133.0
460.0 81.0 470.0 80.0
127.0 440.0 139.0 444.0
358.0 29.0 365.0 29.0
457.0 313.0 470.0 313.0
385.0 188.0 395.0 187.0
20.0 351.0 31.0 355.0
21.0 350.0 31.0 355.0
317.0 130.0 325.0 133.0
321.0 356.0 330.0 358.0
134.0 403.0 146.0 408.0
458.0 313.0 470.0 313.0
236.0 293.0 245.0 298.0
285.0 135.0 293.0 138.0
183.0 359.0 193.0 363.0
210.0 327.0 220.0 331.0
74.0 424.0 84.0 428.0
183.0 360.0 193.0 363.0
123.0 501.0 137.0 507.0
459.0 80.0 470.0 80.0
211.0 327.0 220.0 331.0
236.0 215.0 250.0 214.0
458.0 312.0 470.0 313.0
459.0 81.0 470.0 80.0
235.0 293.0 245.0 298.0
26.0 327.0 35.0 331.0
7.0 505.0 18.0 508.0
366.0 13.0 365.0 29.0
264.0 241.0 274.0 245.0
126.0 440.0 139.0 444.0
57.0 267.0 68.0 270.0
26.0 326.0 35.0 331.0
8.0 505.0 18.0 508.0
124.0 502.0 138.0 507.0
126.0 441.0 139.0 444.0
237.0 295.0 245.0 298.0
75.0 425.0 84.0 428.0
74.0 425.0 84.0 428.0
268.0 265.0 277.0 268.0
75.0 424.0 84.0 428.0
73.0 424.0 84.0 428.0
236.0 294.0 245.0 298.0
366.0 12.0 364.0 29.0
211.0 293.0 219.0 296.0
367.0 13.0 365.0 29.0
386.0 188.0 395.0 187.0
460.0 82.0 470.0 80.0
73.0 425.0 84.0 428.0
269.0 266.0 277.0 268.0
284.0 135.0 293.0 138.0
235.0 294.0 245.0 298.0
28.0 566.0 39.0 571.0
457.0 312.0 470.0 313.0
445.0 329.0 458.0 332.0
235.0 295.0 245.0 298.0
269.0 265.0 277.0 268.0
55.0 522.0 68.0 527.0
56.0 523.0 68.0 528.0
7.0 504.0 18.0 508.0
107.0 149.0 117.0 152.0
198.0 20.0 200.0 33.0
28.0 565.0 39.0 570.0
372.0 476.0 391.0 481.0
236.0 295.0 245.0 298.0
232.0 328.0 242.0 330.0
56.0 522.0 68.0 527.0
8.0 504.0 18.0 507.0
232.0 327.0 242.0 330.0
198.0 19.0 200.0 33.0
9.0 504.0 18.0 507.0
451.0 329.0 467.0 330.0
107.0 150.0 117.0 152.0
28.0 567.0 39.0 571.0
55.0 521.0 68.0 527.0
28.0 568.0 39.0 571.0
451.0 330.0 467.0 330.0
56.0 521.0 68.0 527.0
50.0 339.0 59.0 344.0
49.0 340.0 59.0 344.0
49.0 339.0 59.0 344.0
11.0 322.0 19.0 326.0
50.0 340.0 59.0 344.0
339.0 204.0 346.0 210.0
338.0 203.0 346.0 210.0
462.0 475.0 470.0 478.0
339.0 203.0 346.0 210.0
340.0 203.0 346.0 210.0
419.0 362.0 434.0 365.0
10.0 322.0 19.0 326.0
338.0 202.0 346.0 210.0
10.0 321.0 19.0 326.0
68.0 242.0 69.0 269.0
69.0 241.0 69.0 269.0
68.0 241.0 69.0 269.0
420.0 363.0 434.0 365.0
9.0 322.0 19.0 326.0
420.0 362.0 434.0 365.0
340.0 202.0 346.0 210.0
9.0 321.0 19.0 326.0
69.0 240.0 69.0 269.0
421.0 363.0 434.0 365.0
339.0 202.0 346.0 210.0
8.0 636.0 5.0 634.0
10.0 635.0 5.0 634.0
8.0 635.0 5.0 634.0
234.0 229.0 236.0 236.0
9.0 634.0 5.0 634.0
9.0 636.0 5.0 634.0
9.0 635.0 5.0 634.0
296.0 254.0 301.0 244.0
421.0 362.0 434.0 365.0
38.0 421.0 59.0 423.0
77.0 223.0 68.0 270.0
234.0 230.0 236.0 236.0
77.0 222.0 68.0 270.0
297.0 254.0 301.0 244.0
296.0 255.0 301.0 244.0
296.0 256.0 301.0 244.0
108.0 400.0 102.0 406.0
297.0 256.0 301.0 244.0
