341.0 109.0 352.0 117.0
299.0 561.0 305.0 566.0
341.0 110.0 352.0 118.0
168.0 180.0 183.0 187.0
132.0 92.0 149.0 99.0
382.0 76.0 395.0 84.0
298.0 562.0 305.0 566.0
298.0 561.0 305.0 566.0
284.0 447.0 292.0 451.0
340.0 111.0 352.0 118.0
338.0 109.0 352.0 118.0
132.0 403.0 144.0 405.0
169.0 180.0 183.0 187.0
339.0 110.0 352.0 118.0
132.0 91.0 149.0 99.0
169.0 181.0 183.0 187.0
340.0 109.0 352.0 118.0
340.0 110.0 352.0 118.0
339.0 109.0 352.0 118.0
170.0 180.0 184.0 186.0
99.0 607.0 109.0 606.0
283.0 447.0 292.0 451.0
210.0 309.0 223.0 314.0
118.0 164.0 132.0 171.0
382.0 77.0 395.0 86.0
99.0 609.0 109.0 607.0
99.0 608.0 109.0 607.0
117.0 164.0 132.0 171.0
137.0 625.0 146.0 625.0
381.0 77.0 395.0 84.0
153.0 21.0 169.0 27.0
227.0 121.0 242.0 130.0
98.0 608.0 109.0 607.0
209.0 309.0 223.0 314.0
228.0 121.0 242.0 130.0
131.0 91.0 149.0 99.0
338.0 110.0 352.0 118.0
411.0 97.0 422.0 105.0
57.0 162.0 73.0 169.0
133.0 403.0 144.0 405.0
115.0 164.0 132.0 171.0
339.0 111.0 352.0 118.0
56.0 163.0 73.0 169.0
228.0 120.0 242.0 130.0
210.0 310.0 223.0 314.0
57.0 163.0 73.0 169.0
131.0 92.0 148.0 99.0
152.0 616.0 160.0 617.0
380.0 77.0 395.0 84.0
141.0 278.0 155.0 279.0
190.0 309.0 202.0 314.0
201.0 547.0 209.0 549.0
412.0 96.0 422.0 104.0
154.0 21.0 169.0 27.0
136.0 625.0 146.0 625.0
211.0 310.0 223.0 314.0
381.0 76.0 395.0 84.0
146.0 143.0 160.0 150.0
381.0 75.0 395.0 84.0
229.0 121.0 242.0 130.0
201.0 546.0 209.0 549.0
116.0 165.0 132.0 171.0
100.0 627.0 110.0 626.0
189.0 620.0 198.0 621.0
183.0 601.0 192.0 601.0
145.0 143.0 160.0 150.0
190.0 308.0 202.0 314.0
116.0 164.0 132.0 171.0
211.0 309.0 223.0 314.0
170.0 181.0 184.0 186.0
184.0 601.0 192.0 601.0
229.0 120.0 242.0 130.0
411.0 96.0 422.0 105.0
58.0 162.0 74.0 169.0
149.0 36.0 166.0 43.0
117.0 165.0 132.0 171.0
58.0 163.0 74.0 169.0
115.0 165.0 132.0 171.0
184.0 600.0 192.0 601.0
158.0 520.0 168.0 521.0
71.0 424.0 85.0 424.0
200.0 547.0 209.0 549.0
102.0 626.0 111.0 625.0
95.0 86.0 113.0 94.0
151.0 616.0 160.0 617.0
380.0 75.0 395.0 84.0
181.0 626.0 190.0 626.0
134.0 403.0 145.0 405.0
101.0 626.0 111.0 625.0
101.0 627.0 111.0 625.0
150.0 36.0 166.0 43.0
200.0 546.0 209.0 549.0
381.0 78.0 395.0 86.0
118.0 165.0 132.0 171.0
70.0 423.0 85.0 424.0
183.0 600.0 192.0 601.0
70.0 424.0 85.0 424.0
89.0 152.0 106.0 158.0
69.0 424.0 85.0 424.0
71.0 423.0 85.0 424.0
380.0 76.0 395.0 84.0
182.0 600.0 192.0 601.0
100.0 626.0 111.0 624.0
115.0 58.0 131.0 65.0
69.0 329.0 84.0 331.0
152.0 615.0 160.0 617.0
148.0 35.0 165.0 43.0
174.0 527.0 184.0 527.0
67.0 329.0 83.0 331.0
114.0 58.0 131.0 65.0
86.0 151.0 105.0 159.0
101.0 625.0 111.0 624.0
189.0 309.0 202.0 314.0
69.0 423.0 85.0 424.0
149.0 35.0 166.0 43.0
130.0 92.0 148.0 99.0
379.0 76.0 395.0 84.0
175.0 527.0 185.0 528.0
158.0 521.0 168.0 521.0
182.0 627.0 190.0 626.0
208.0 416.0 220.0 420.0
151.0 615.0 160.0 617.0
150.0 35.0 166.0 43.0
448.0 265.0 457.0 272.0
209.0 416.0 220.0 420.0
116.0 166.0 132.0 171.0
47.0 147.0 65.0 154.0
88.0 152.0 106.0 158.0
130.0 91.0 148.0 99.0
89.0 153.0 106.0 158.0
107.0 378.0 121.0 380.0
193.0 587.0 202.0 588.0
68.0 328.0 84.0 331.0
69.0 328.0 84.0 331.0
132.0 324.0 147.0 328.0
70.0 329.0 84.0 331.0
96.0 87.0 113.0 95.0
115.0 59.0 131.0 65.0
175.0 526.0 185.0 527.0
163.0 286.0 176.0 291.0
108.0 378.0 121.0 380.0
379.0 77.0 395.0 84.0
95.0 87.0 113.0 94.0
84.0 70.0 104.0 79.0
132.0 387.0 145.0 389.0
85.0 70.0 104.0 79.0
64.0 353.0 76.0 354.0
48.0 147.0 65.0 154.0
208.0 415.0 220.0 419.0
68.0 329.0 84.0 331.0
172.0 274.0 185.0 278.0
447.0 265.0 457.0 272.0
182.0 626.0 190.0 626.0
447.0 264.0 457.0 272.0
448.0 266.0 457.0 272.0
241.0 461.0 251.0 464.0
193.0 586.0 202.0 588.0
173.0 274.0 186.0 278.0
159.0 70.0 175.0 78.0
449.0 266.0 457.0 272.0
448.0 264.0 457.0 272.0
47.0 322.0 62.0 324.0
85.0 71.0 104.0 79.0
210.0 416.0 220.0 420.0
125.0 462.0 136.0 463.0
83.0 8.0 100.0 16.0
172.0 273.0 186.0 278.0
117.0 166.0 132.0 171.0
183.0 626.0 190.0 626.0
182.0 625.0 190.0 626.0
133.0 387.0 145.0 389.0
133.0 388.0 146.0 389.0
251.0 413.0 261.0 418.0
175.0 525.0 185.0 527.0
116.0 58.0 131.0 65.0
45.0 321.0 62.0 324.0
160.0 70.0 175.0 78.0
46.0 321.0 62.0 324.0
124.0 461.0 136.0 463.0
50.0 608.0 61.0 605.0
174.0 526.0 184.0 527.0
82.0 7.0 100.0 16.0
116.0 59.0 131.0 65.0
125.0 461.0 136.0 463.0
192.0 587.0 202.0 587.0
46.0 322.0 62.0 324.0
168.0 346.0 180.0 351.0
168.0 347.0 180.0 351.0
124.0 463.0 138.0 464.0
174.0 525.0 184.0 527.0
241.0 460.0 251.0 464.0
82.0 8.0 100.0 16.0
167.0 346.0 180.0 351.0
25.0 422.0 37.0 422.0
173.0 273.0 186.0 278.0
159.0 71.0 175.0 78.0
81.0 7.0 100.0 16.0
252.0 413.0 262.0 417.0
449.0 264.0 457.0 272.0
134.0 387.0 146.0 389.0
183.0 256.0 196.0 263.0
449.0 265.0 457.0 272.0
193.0 588.0 202.0 588.0
47.0 321.0 62.0 324.0
48.0 321.0 62.0 324.0
63.0 353.0 76.0 354.0
242.0 460.0 251.0 464.0
124.0 462.0 136.0 463.0
134.0 388.0 146.0 389.0
86.0 71.0 104.0 79.0
160.0 72.0 175.0 78.0
207.0 415.0 220.0 419.0
160.0 71.0 175.0 78.0
45.0 322.0 62.0 324.0
94.0 427.0 107.0 429.0
81.0 8.0 100.0 16.0
240.0 460.0 251.0 464.0
302.0 542.0 310.0 546.0
183.0 257.0 196.0 263.0
167.0 347.0 180.0 351.0
49.0 608.0 61.0 605.0
21.0 512.0 31.0 512.0
194.0 587.0 202.0 588.0
192.0 586.0 201.0 587.0
226.0 522.0 235.0 525.0
242.0 530.0 251.0 533.0
184.0 256.0 196.0 263.0
117.0 59.0 132.0 65.0
86.0 70.0 104.0 79.0
176.0 582.0 186.0 583.0
301.0 542.0 310.0 546.0
123.0 461.0 136.0 463.0
302.0 541.0 310.0 546.0
176.0 583.0 186.0 583.0
36.0 159.0 51.0 166.0
241.0 459.0 250.0 462.0
175.0 582.0 184.0 583.0
64.0 352.0 77.0 353.0
133.0 324.0 147.0 328.0
24.0 423.0 37.0 422.0
123.0 462.0 136.0 463.0
174.0 273.0 187.0 278.0
35.0 159.0 51.0 166.0
36.0 160.0 52.0 166.0
28.0 5.0 49.0 15.0
140.0 465.0 153.0 468.0
49.0 609.0 61.0 605.0
251.0 412.0 261.0 418.0
240.0 458.0 250.0 462.0
63.0 352.0 76.0 354.0
226.0 521.0 235.0 525.0
184.0 257.0 196.0 263.0
50.0 609.0 61.0 605.0
62.0 352.0 76.0 354.0
20.0 513.0 31.0 512.0
24.0 422.0 37.0 422.0
240.0 459.0 249.0 463.0
174.0 274.0 187.0 278.0
28.0 6.0 49.0 15.0
28.0 7.0 49.0 15.0
301.0 541.0 309.0 545.0
142.0 465.0 154.0 468.0
406.0 93.0 421.0 103.0
302.0 540.0 310.0 545.0
25.0 458.0 36.0 457.0
227.0 522.0 236.0 525.0
20.0 512.0 31.0 512.0
301.0 540.0 310.0 545.0
105.0 590.0 115.0 589.0
231.0 481.0 241.0 485.0
104.0 591.0 115.0 589.0
274.0 615.0 281.0 619.0
29.0 6.0 49.0 15.0
29.0 7.0 49.0 15.0
173.0 526.0 184.0 527.0
46.0 464.0 62.0 466.0
141.0 465.0 154.0 468.0
27.0 6.0 49.0 15.0
140.0 464.0 153.0 468.0
196.0 24.0 212.0 31.0
22.0 126.0 39.0 131.0
27.0 320.0 42.0 322.0
142.0 464.0 154.0 468.0
275.0 616.0 281.0 619.0
27.0 321.0 42.0 322.0
197.0 23.0 212.0 31.0
104.0 590.0 115.0 589.0
59.0 17.0 80.0 26.0
21.0 125.0 39.0 131.0
227.0 521.0 236.0 525.0
274.0 617.0 281.0 619.0
21.0 126.0 39.0 131.0
232.0 482.0 240.0 486.0
129.0 411.0 144.0 406.0
129.0 410.0 144.0 406.0
274.0 616.0 281.0 619.0
221.0 117.0 242.0 128.0
28.0 320.0 42.0 322.0
22.0 127.0 39.0 131.0
221.0 116.0 242.0 128.0
141.0 464.0 154.0 468.0
19.0 512.0 31.0 512.0
26.0 320.0 42.0 322.0
406.0 92.0 421.0 103.0
56.0 16.0 80.0 26.0
24.0 458.0 36.0 457.0
228.0 522.0 236.0 525.0
128.0 410.0 144.0 406.0
309.0 516.0 319.0 520.0
155.0 434.0 156.0 435.0
310.0 517.0 319.0 521.0
273.0 615.0 281.0 619.0
196.0 23.0 212.0 31.0
128.0 411.0 144.0 406.0
28.0 321.0 42.0 322.0
228.0 521.0 236.0 525.0
231.0 482.0 240.0 486.0
20.0 126.0 39.0 131.0
48.0 530.0 58.0 531.0
155.0 432.0 156.0 435.0
311.0 516.0 320.0 520.0
310.0 516.0 320.0 520.0
96.0 403.0 105.0 405.0
58.0 16.0 80.0 26.0
12.0 592.0 22.0 589.0
23.0 105.0 43.0 108.0
96.0 402.0 105.0 404.0
157.0 413.0 173.0 412.0
47.0 531.0 58.0 531.0
273.0 616.0 281.0 619.0
310.0 515.0 320.0 520.0
23.0 106.0 43.0 108.0
21.0 127.0 39.0 131.0
220.0 117.0 242.0 128.0
156.0 413.0 173.0 412.0
57.0 16.0 80.0 26.0
268.0 493.0 289.0 505.0
128.0 358.0 141.0 360.0
155.0 433.0 156.0 435.0
311.0 515.0 320.0 520.0
47.0 529.0 58.0 531.0
47.0 530.0 58.0 531.0
128.0 357.0 141.0 360.0
7.0 423.0 20.0 422.0
156.0 433.0 156.0 435.0
46.0 530.0 57.0 531.0
129.0 412.0 144.0 406.0
156.0 434.0 156.0 435.0
8.0 422.0 22.0 422.0
48.0 529.0 58.0 531.0
268.0 494.0 289.0 505.0
128.0 412.0 144.0 406.0
8.0 423.0 21.0 422.0
157.0 414.0 173.0 412.0
273.0 617.0 281.0 619.0
22.0 106.0 43.0 108.0
231.0 483.0 240.0 486.0
232.0 483.0 240.0 486.0
156.0 414.0 173.0 412.0
156.0 432.0 156.0 435.0
23.0 107.0 43.0 108.0
7.0 422.0 22.0 422.0
28.0 377.0 43.0 378.0
28.0 376.0 43.0 378.0
267.0 493.0 289.0 505.0
46.0 529.0 57.0 531.0
231.0 484.0 240.0 486.0
54.0 321.0 62.0 324.0
21.0 577.0 22.0 589.0
272.0 616.0 281.0 619.0
21.0 106.0 43.0 108.0
22.0 107.0 43.0 108.0
129.0 357.0 141.0 360.0
29.0 376.0 43.0 378.0
20.0 577.0 22.0 589.0
9.0 340.0 13.0 341.0
20.0 404.0 26.0 401.0
29.0 377.0 43.0 378.0
21.0 576.0 22.0 589.0
30.0 377.0 43.0 378.0
190.0 19.0 212.0 31.0
129.0 358.0 141.0 360.0
124.0 630.0 145.0 625.0
30.0 376.0 43.0 378.0
17.0 495.0 19.0 504.0
55.0 321.0 62.0 324.0
18.0 495.0 19.0 504.0
279.0 474.0 289.0 481.0
9.0 341.0 13.0 341.0
21.0 404.0 26.0 401.0
20.0 576.0 22.0 589.0
278.0 474.0 289.0 481.0
278.0 475.0 289.0 481.0
279.0 475.0 289.0 481.0
31.0 377.0 43.0 378.0
10.0 340.0 24.0 339.0
159.0 116.0 175.0 79.0
17.0 494.0 19.0 504.0
123.0 630.0 145.0 625.0
7.0 599.0 22.0 590.0
6.0 599.0 22.0 590.0
21.0 405.0 26.0 401.0
161.0 116.0 175.0 78.0
161.0 117.0 175.0 78.0
160.0 117.0 175.0 78.0
160.0 116.0 175.0 78.0
159.0 117.0 175.0 78.0
279.0 525.0 297.0 529.0
227.0 104.0 242.0 128.0
226.0 105.0 242.0 128.0
10.0 347.0 13.0 341.0
154.0 167.0 166.0 160.0
