406.0 427.0 416.0 432.0
407.0 427.0 416.0 432.0
407.0 426.0 416.0 432.0
406.0 426.0 416.0 432.0
311.0 155.0 315.0 162.0
312.0 155.0 315.0 162.0
311.0 154.0 315.0 162.0
312.0 154.0 315.0 162.0
407.0 428.0 416.0 432.0
312.0 153.0 315.0 162.0
415.0 185.0 420.0 191.0
414.0 185.0 418.0 190.0
313.0 155.0 317.0 163.0
313.0 154.0 317.0 162.0
413.0 185.0 418.0 190.0
408.0 612.0 421.0 621.0
414.0 186.0 418.0 190.0
386.0 613.0 397.0 622.0
82.0 605.0 93.0 619.0
363.0 504.0 373.0 513.0
407.0 612.0 421.0 621.0
261.0 120.0 261.0 141.0
437.0 147.0 440.0 153.0
409.0 613.0 421.0 621.0
413.0 184.0 418.0 190.0
407.0 613.0 421.0 621.0
363.0 505.0 373.0 513.0
379.0 446.0 387.0 452.0
358.0 343.0 365.0 349.0
83.0 604.0 93.0 619.0
408.0 613.0 421.0 621.0
414.0 184.0 418.0 190.0
83.0 606.0 93.0 619.0
264.0 311.0 270.0 318.0
387.0 614.0 397.0 622.0
414.0 201.0 419.0 207.0
465.0 97.0 466.0 102.0
363.0 506.0 373.0 513.0
83.0 605.0 93.0 619.0
437.0 148.0 440.0 153.0
398.0 179.0 401.0 184.0
379.0 447.0 387.0 453.0
362.0 505.0 373.0 513.0
471.0 22.0 474.0 26.0
472.0 22.0 474.0 26.0
434.0 279.0 440.0 284.0
434.0 278.0 440.0 284.0
433.0 279.0 440.0 284.0
131.0 76.0 143.0 94.0
413.0 351.0 422.0 354.0
105.0 73.0 108.0 85.0
413.0 558.0 424.0 566.0
84.0 605.0 93.0 619.0
264.0 309.0 270.0 318.0
434.0 277.0 440.0 284.0
359.0 344.0 365.0 349.0
263.0 309.0 270.0 318.0
263.0 310.0 270.0 318.0
378.0 446.0 387.0 452.0
470.0 23.0 474.0 26.0
398.0 178.0 401.0 184.0
264.0 310.0 270.0 318.0
413.0 560.0 424.0 566.0
355.0 435.0 363.0 442.0
413.0 559.0 424.0 566.0
436.0 147.0 440.0 153.0
433.0 278.0 439.0 283.0
378.0 447.0 387.0 453.0
17.0 395.0 24.0 409.0
464.0 97.0 466.0 102.0
397.0 178.0 401.0 184.0
84.0 65.0 89.0 80.0
363.0 474.0 375.0 482.0
5.0 161.0 11.0 175.0
436.0 146.0 441.0 153.0
84.0 606.0 93.0 619.0
64.0 181.0 70.0 195.0
397.0 177.0 401.0 183.0
386.0 614.0 397.0 622.0
354.0 435.0 363.0 442.0
362.0 503.0 373.0 513.0
362.0 504.0 373.0 513.0
359.0 343.0 365.0 349.0
433.0 277.0 439.0 282.0
362.0 474.0 374.0 482.0
364.0 474.0 375.0 482.0
84.0 604.0 93.0 619.0
64.0 182.0 70.0 196.0
362.0 506.0 373.0 513.0
386.0 615.0 397.0 622.0
471.0 24.0 474.0 26.0
472.0 23.0 474.0 26.0
471.0 23.0 474.0 26.0
65.0 182.0 70.0 195.0
463.0 97.0 466.0 102.0
263.0 311.0 270.0 318.0
449.0 401.0 459.0 405.0
364.0 473.0 375.0 482.0
262.0 310.0 269.0 319.0
397.0 179.0 401.0 184.0
413.0 201.0 419.0 207.0
104.0 73.0 108.0 86.0
363.0 475.0 374.0 482.0
25.0 168.0 31.0 181.0
415.0 558.0 426.0 566.0
274.0 494.0 283.0 502.0
164.0 432.0 171.0 443.0
412.0 351.0 422.0 354.0
25.0 167.0 31.0 181.0
130.0 76.0 143.0 94.0
16.0 395.0 24.0 409.0
436.0 148.0 440.0 153.0
164.0 431.0 171.0 443.0
448.0 401.0 459.0 405.0
362.0 473.0 374.0 481.0
63.0 182.0 70.0 196.0
91.0 181.0 105.0 199.0
377.0 446.0 387.0 452.0
464.0 98.0 466.0 102.0
362.0 475.0 374.0 482.0
202.0 408.0 208.0 417.0
363.0 473.0 375.0 482.0
448.0 402.0 459.0 405.0
78.0 312.0 74.0 319.0
396.0 178.0 401.0 184.0
414.0 558.0 424.0 566.0
104.0 74.0 108.0 86.0
396.0 177.0 401.0 183.0
286.0 245.0 292.0 252.0
316.0 331.0 321.0 337.0
234.0 301.0 239.0 309.0
273.0 493.0 283.0 502.0
414.0 559.0 424.0 566.0
131.0 77.0 143.0 95.0
387.0 615.0 397.0 622.0
84.0 66.0 89.0 80.0
320.0 546.0 331.0 556.0
415.0 559.0 426.0 566.0
349.0 508.0 358.0 515.0
426.0 231.0 433.0 236.0
324.0 465.0 334.0 473.0
434.0 207.0 439.0 210.0
317.0 331.0 321.0 337.0
414.0 560.0 424.0 566.0
292.0 226.0 297.0 234.0
22.0 157.0 28.0 172.0
331.0 513.0 340.0 523.0
126.0 548.0 136.0 558.0
378.0 445.0 387.0 452.0
361.0 505.0 373.0 513.0
9.0 306.0 16.0 319.0
164.0 430.0 171.0 443.0
130.0 77.0 143.0 95.0
449.0 402.0 460.0 406.0
10.0 307.0 16.0 319.0
80.0 179.0 85.0 193.0
420.0 131.0 425.0 138.0
437.0 79.0 441.0 85.0
449.0 400.0 459.0 405.0
315.0 332.0 321.0 338.0
382.0 420.0 390.0 426.0
291.0 227.0 297.0 234.0
202.0 407.0 208.0 417.0
93.0 190.0 100.0 203.0
103.0 63.0 105.0 78.0
64.0 183.0 70.0 196.0
62.0 173.0 57.0 183.0
163.0 431.0 171.0 443.0
450.0 401.0 459.0 405.0
326.0 465.0 335.0 473.0
126.0 549.0 136.0 560.0
252.0 601.0 262.0 610.0
324.0 464.0 334.0 473.0
325.0 465.0 334.0 473.0
316.0 330.0 321.0 337.0
447.0 401.0 459.0 405.0
102.0 63.0 105.0 78.0
201.0 409.0 208.0 417.0
61.0 173.0 47.0 180.0
16.0 396.0 24.0 409.0
9.0 307.0 16.0 319.0
234.0 302.0 240.0 309.0
332.0 514.0 340.0 523.0
415.0 560.0 426.0 566.0
382.0 421.0 390.0 426.0
22.0 156.0 28.0 172.0
315.0 331.0 321.0 337.0
325.0 466.0 335.0 473.0
317.0 332.0 321.0 337.0
447.0 400.0 459.0 405.0
381.0 420.0 390.0 426.0
44.0 174.0 31.0 181.0
274.0 493.0 283.0 502.0
323.0 465.0 334.0 473.0
170.0 414.0 178.0 423.0
127.0 547.0 136.0 560.0
200.0 408.0 208.0 417.0
292.0 227.0 297.0 234.0
414.0 561.0 424.0 566.0
448.0 400.0 459.0 405.0
323.0 464.0 334.0 473.0
200.0 406.0 208.0 417.0
61.0 172.0 57.0 183.0
437.0 80.0 441.0 85.0
291.0 226.0 297.0 234.0
81.0 180.0 85.0 193.0
361.0 474.0 374.0 481.0
400.0 371.0 408.0 377.0
201.0 406.0 208.0 417.0
316.0 332.0 321.0 337.0
200.0 409.0 208.0 417.0
201.0 407.0 208.0 417.0
235.0 302.0 240.0 309.0
233.0 301.0 239.0 309.0
43.0 165.0 57.0 183.0
45.0 174.0 31.0 181.0
233.0 302.0 240.0 309.0
170.0 415.0 171.0 443.0
381.0 421.0 390.0 426.0
200.0 407.0 208.0 417.0
201.0 408.0 208.0 417.0
201.0 410.0 208.0 417.0
355.0 436.0 363.0 442.0
449.0 596.0 461.0 603.0
202.0 409.0 208.0 417.0
331.0 514.0 340.0 523.0
34.0 400.0 42.0 412.0
113.0 77.0 108.0 85.0
319.0 547.0 331.0 556.0
219.0 254.0 223.0 261.0
401.0 371.0 408.0 377.0
7.0 298.0 16.0 318.0
325.0 464.0 334.0 473.0
332.0 515.0 340.0 523.0
102.0 62.0 105.0 78.0
21.0 156.0 28.0 172.0
6.0 298.0 16.0 318.0
292.0 228.0 297.0 234.0
286.0 244.0 292.0 252.0
81.0 179.0 85.0 193.0
35.0 400.0 42.0 412.0
225.0 325.0 231.0 333.0
122.0 200.0 118.0 209.0
218.0 252.0 223.0 261.0
319.0 546.0 331.0 556.0
81.0 178.0 105.0 199.0
400.0 370.0 408.0 376.0
425.0 231.0 433.0 236.0
121.0 201.0 118.0 209.0
347.0 164.0 340.0 168.0
330.0 514.0 340.0 523.0
11.0 26.0 5.0 40.0
320.0 547.0 331.0 556.0
292.0 225.0 297.0 234.0
356.0 436.0 363.0 442.0
450.0 596.0 461.0 603.0
226.0 325.0 232.0 334.0
219.0 252.0 223.0 261.0
226.0 326.0 232.0 334.0
433.0 207.0 439.0 210.0
121.0 200.0 118.0 209.0
226.0 327.0 232.0 334.0
42.0 164.0 57.0 183.0
93.0 191.0 100.0 203.0
127.0 548.0 136.0 560.0
218.0 253.0 223.0 261.0
218.0 254.0 223.0 261.0
43.0 164.0 57.0 183.0
358.0 380.0 366.0 385.0
380.0 534.0 390.0 539.0
51.0 60.0 56.0 75.0
225.0 326.0 231.0 333.0
401.0 369.0 408.0 376.0
225.0 327.0 231.0 333.0
103.0 62.0 105.0 78.0
315.0 330.0 321.0 337.0
359.0 380.0 366.0 385.0
427.0 130.0 427.0 137.0
449.0 597.0 461.0 603.0
379.0 533.0 390.0 539.0
291.0 223.0 297.0 232.0
219.0 253.0 223.0 261.0
127.0 549.0 136.0 560.0
285.0 245.0 292.0 252.0
357.0 378.0 366.0 385.0
11.0 27.0 5.0 40.0
284.0 245.0 291.0 251.0
113.0 78.0 108.0 85.0
450.0 597.0 461.0 603.0
251.0 600.0 261.0 609.0
348.0 164.0 340.0 168.0
252.0 600.0 262.0 610.0
379.0 534.0 390.0 539.0
401.0 370.0 409.0 376.0
112.0 78.0 108.0 85.0
6.0 297.0 16.0 318.0
341.0 393.0 349.0 400.0
52.0 61.0 56.0 75.0
358.0 379.0 366.0 385.0
358.0 378.0 366.0 385.0
360.0 474.0 374.0 481.0
7.0 297.0 16.0 318.0
357.0 379.0 366.0 385.0
52.0 60.0 56.0 75.0
42.0 165.0 57.0 183.0
319.0 548.0 331.0 556.0
314.0 424.0 322.0 437.0
176.0 397.0 182.0 405.0
308.0 622.0 321.0 629.0
426.0 131.0 427.0 137.0
285.0 244.0 292.0 252.0
380.0 536.0 390.0 539.0
331.0 515.0 340.0 523.0
355.0 437.0 363.0 442.0
380.0 535.0 390.0 539.0
343.0 365.0 349.0 365.0
341.0 392.0 349.0 400.0
330.0 515.0 340.0 523.0
426.0 132.0 426.0 138.0
25.0 398.0 24.0 409.0
176.0 395.0 182.0 404.0
346.0 163.0 340.0 168.0
153.0 329.0 158.0 339.0
314.0 423.0 322.0 437.0
427.0 131.0 427.0 137.0
217.0 253.0 223.0 261.0
174.0 397.0 182.0 405.0
379.0 535.0 390.0 539.0
291.0 222.0 297.0 232.0
251.0 601.0 262.0 610.0
346.0 164.0 340.0 168.0
347.0 163.0 340.0 168.0
176.0 396.0 182.0 405.0
25.0 397.0 25.0 408.0
284.0 244.0 291.0 251.0
342.0 391.0 349.0 400.0
26.0 398.0 25.0 409.0
63.0 48.0 66.0 64.0
341.0 391.0 349.0 400.0
342.0 366.0 349.0 365.0
380.0 537.0 390.0 539.0
446.0 474.0 458.0 479.0
92.0 60.0 86.0 71.0
175.0 395.0 182.0 405.0
175.0 396.0 182.0 405.0
342.0 393.0 349.0 400.0
309.0 622.0 321.0 629.0
43.0 403.0 42.0 412.0
309.0 621.0 321.0 629.0
342.0 392.0 349.0 400.0
42.0 403.0 42.0 412.0
344.0 458.0 352.0 466.0
63.0 47.0 66.0 64.0
378.0 637.0 398.0 624.0
62.0 47.0 66.0 64.0
344.0 459.0 352.0 466.0
175.0 398.0 182.0 405.0
356.0 437.0 363.0 442.0
177.0 335.0 184.0 346.0
175.0 397.0 182.0 405.0
308.0 621.0 321.0 629.0
291.0 221.0 297.0 232.0
290.0 221.0 296.0 231.0
446.0 473.0 458.0 479.0
162.0 331.0 166.0 341.0
250.0 600.0 261.0 609.0
345.0 459.0 352.0 466.0
345.0 458.0 352.0 466.0
178.0 336.0 184.0 346.0
344.0 457.0 352.0 466.0
310.0 621.0 321.0 629.0
178.0 335.0 184.0 346.0
177.0 336.0 184.0 346.0
191.0 344.0 198.0 353.0
343.0 366.0 349.0 365.0
353.0 401.0 360.0 406.0
448.0 474.0 459.0 479.0
179.0 336.0 184.0 346.0
447.0 473.0 459.0 479.0
192.0 344.0 198.0 353.0
179.0 335.0 184.0 346.0
65.0 58.0 66.0 64.0
377.0 637.0 398.0 624.0
161.0 331.0 166.0 341.0
62.0 46.0 66.0 64.0
377.0 636.0 398.0 624.0
63.0 46.0 66.0 64.0
342.0 367.0 349.0 365.0
448.0 473.0 459.0 479.0
354.0 401.0 360.0 406.0
447.0 474.0 459.0 479.0
162.0 332.0 166.0 341.0
22.0 30.0 31.0 42.0
42.0 404.0 42.0 412.0
22.0 31.0 31.0 42.0
161.0 330.0 166.0 341.0
43.0 404.0 42.0 412.0
342.0 368.0 349.0 365.0
59.0 400.0 85.0 424.0
126.0 322.0 73.0 320.0
353.0 402.0 360.0 406.0
415.0 311.0 431.0 303.0
415.0 312.0 431.0 303.0
58.0 400.0 85.0 424.0
125.0 322.0 73.0 320.0
416.0 312.0 431.0 303.0
124.0 322.0 73.0 320.0
417.0 334.0 423.0 353.0
59.0 399.0 85.0 424.0
58.0 399.0 85.0 424.0
126.0 323.0 73.0 320.0
418.0 334.0 423.0 353.0
125.0 323.0 73.0 320.0
335.0 476.0 347.0 473.0
21.0 31.0 25.0 49.0
418.0 333.0 423.0 353.0
417.0 333.0 423.0 353.0
299.0 586.0 309.0 602.0
306.0 554.0 303.0 559.0
416.0 238.0 432.0 236.0
117.0 576.0 136.0 559.0
134.0 324.0 158.0 338.0
465.0 114.0 467.0 103.0
98.0 626.0 89.0 633.0
99.0 627.0 89.0 633.0
306.0 555.0 303.0 559.0
98.0 625.0 89.0 633.0
323.0 347.0 322.0 338.0
307.0 554.0 303.0 559.0
99.0 626.0 89.0 633.0
300.0 585.0 309.0 602.0
53.0 42.0 66.0 64.0
