307.0 68.0 289.0 76.0
307.0 67.0 289.0 76.0
308.0 68.0 289.0 76.0
276.0 313.0 259.0 315.0
277.0 312.0 259.0 315.0
195.0 211.0 178.0 218.0
306.0 68.0 289.0 76.0
277.0 313.0 259.0 315.0
196.0 211.0 179.0 218.0
87.0 186.0 70.0 191.0
276.0 312.0 259.0 315.0
275.0 313.0 259.0 315.0
302.0 436.0 282.0 437.0
385.0 53.0 366.0 65.0
197.0 210.0 179.0 217.0
89.0 186.0 70.0 192.0
363.0 345.0 342.0 345.0
287.0 608.0 268.0 608.0
260.0 513.0 240.0 515.0
371.0 523.0 349.0 519.0
196.0 210.0 178.0 217.0
334.0 37.0 317.0 46.0
88.0 187.0 70.0 192.0
275.0 312.0 259.0 315.0
286.0 608.0 266.0 609.0
88.0 186.0 70.0 192.0
363.0 344.0 342.0 345.0
197.0 211.0 179.0 218.0
158.0 273.0 139.0 282.0
298.0 418.0 278.0 419.0
335.0 37.0 317.0 46.0
261.0 513.0 240.0 515.0
302.0 437.0 282.0 437.0
370.0 523.0 349.0 519.0
158.0 274.0 139.0 282.0
307.0 69.0 289.0 76.0
343.0 303.0 325.0 305.0
204.0 581.0 182.0 584.0
299.0 418.0 279.0 418.0
305.0 68.0 289.0 76.0
261.0 512.0 240.0 514.0
78.0 288.0 59.0 294.0
343.0 613.0 321.0 612.0
335.0 38.0 317.0 46.0
157.0 273.0 139.0 282.0
158.0 272.0 139.0 281.0
299.0 311.0 283.0 313.0
344.0 303.0 325.0 305.0
303.0 436.0 283.0 437.0
105.0 362.0 86.0 368.0
238.0 316.0 221.0 319.0
299.0 419.0 279.0 418.0
334.0 38.0 317.0 46.0
335.0 36.0 317.0 46.0
386.0 53.0 366.0 65.0
306.0 69.0 289.0 76.0
342.0 303.0 325.0 305.0
362.0 344.0 342.0 345.0
175.0 309.0 156.0 316.0
364.0 344.0 342.0 345.0
344.0 612.0 321.0 612.0
157.0 274.0 139.0 282.0
345.0 613.0 321.0 612.0
238.0 315.0 221.0 318.0
258.0 612.0 237.0 616.0
279.0 448.0 259.0 448.0
203.0 581.0 181.0 585.0
362.0 345.0 342.0 345.0
298.0 419.0 277.0 419.0
342.0 304.0 325.0 305.0
237.0 316.0 221.0 319.0
223.0 354.0 204.0 358.0
200.0 394.0 180.0 395.0
173.0 309.0 156.0 317.0
236.0 317.0 220.0 319.0
279.0 447.0 259.0 448.0
343.0 304.0 325.0 305.0
385.0 52.0 366.0 65.0
385.0 51.0 365.0 64.0
253.0 240.0 234.0 244.0
148.0 192.0 131.0 200.0
142.0 322.0 126.0 329.0
344.0 613.0 321.0 612.0
156.0 171.0 141.0 175.0
222.0 355.0 203.0 359.0
142.0 323.0 126.0 329.0
223.0 355.0 204.0 358.0
243.0 422.0 224.0 426.0
300.0 419.0 279.0 418.0
370.0 524.0 349.0 519.0
336.0 37.0 317.0 46.0
204.0 580.0 182.0 584.0
119.0 426.0 97.0 429.0
372.0 523.0 349.0 519.0
330.0 434.0 310.0 435.0
386.0 52.0 366.0 65.0
287.0 250.0 267.0 252.0
200.0 395.0 180.0 395.0
143.0 323.0 126.0 329.0
143.0 324.0 126.0 329.0
299.0 420.0 279.0 418.0
156.0 169.0 141.0 175.0
200.0 367.0 179.0 373.0
174.0 309.0 156.0 317.0
173.0 310.0 156.0 317.0
371.0 524.0 349.0 519.0
118.0 426.0 97.0 429.0
175.0 310.0 156.0 317.0
203.0 580.0 182.0 584.0
120.0 426.0 97.0 429.0
156.0 170.0 141.0 175.0
382.0 326.0 358.0 326.0
174.0 310.0 156.0 317.0
215.0 101.0 197.0 111.0
81.0 287.0 60.0 294.0
141.0 323.0 126.0 329.0
142.0 324.0 126.0 329.0
216.0 101.0 199.0 111.0
79.0 288.0 60.0 294.0
173.0 311.0 156.0 317.0
144.0 294.0 124.0 299.0
148.0 193.0 131.0 200.0
174.0 311.0 156.0 317.0
372.0 524.0 349.0 519.0
278.0 447.0 258.0 448.0
216.0 102.0 199.0 111.0
199.0 367.0 179.0 373.0
199.0 394.0 180.0 395.0
145.0 294.0 124.0 299.0
154.0 189.0 137.0 196.0
178.0 253.0 161.0 261.0
298.0 420.0 279.0 418.0
288.0 250.0 267.0 252.0
335.0 486.0 313.0 485.0
277.0 447.0 258.0 447.0
244.0 422.0 224.0 426.0
178.0 254.0 161.0 261.0
198.0 395.0 180.0 395.0
245.0 421.0 225.0 426.0
179.0 254.0 161.0 261.0
335.0 485.0 313.0 485.0
199.0 395.0 180.0 395.0
383.0 326.0 358.0 326.0
198.0 367.0 179.0 373.0
382.0 325.0 357.0 326.0
204.0 579.0 182.0 584.0
202.0 581.0 181.0 585.0
79.0 287.0 60.0 294.0
199.0 94.0 182.0 104.0
80.0 287.0 60.0 294.0
174.0 502.0 155.0 508.0
279.0 446.0 259.0 448.0
214.0 102.0 199.0 111.0
236.0 316.0 220.0 319.0
215.0 103.0 199.0 111.0
84.0 225.0 66.0 232.0
334.0 485.0 313.0 485.0
229.0 394.0 212.0 396.0
85.0 226.0 66.0 232.0
298.0 311.0 283.0 313.0
334.0 486.0 313.0 485.0
278.0 446.0 258.0 447.0
178.0 287.0 160.0 293.0
215.0 102.0 199.0 111.0
383.0 325.0 358.0 326.0
84.0 227.0 66.0 232.0
155.0 188.0 137.0 196.0
126.0 385.0 108.0 390.0
84.0 226.0 66.0 232.0
163.0 166.0 143.0 175.0
198.0 94.0 182.0 104.0
80.0 79.0 65.0 87.0
154.0 188.0 137.0 196.0
127.0 385.0 109.0 390.0
345.0 471.0 323.0 470.0
155.0 171.0 141.0 175.0
155.0 170.0 141.0 175.0
345.0 470.0 323.0 470.0
429.0 539.0 406.0 532.0
155.0 189.0 137.0 197.0
85.0 225.0 66.0 232.0
322.0 432.0 301.0 433.0
293.0 525.0 274.0 526.0
228.0 394.0 212.0 396.0
179.0 253.0 161.0 261.0
224.0 355.0 204.0 358.0
229.0 446.0 210.0 449.0
346.0 470.0 323.0 470.0
223.0 356.0 204.0 358.0
72.0 609.0 45.0 620.0
165.0 109.0 149.0 118.0
199.0 93.0 182.0 104.0
429.0 538.0 406.0 532.0
126.0 386.0 108.0 390.0
259.0 612.0 237.0 616.0
71.0 610.0 45.0 620.0
250.0 588.0 227.0 592.0
127.0 384.0 109.0 390.0
230.0 447.0 210.0 449.0
245.0 422.0 225.0 425.0
179.0 287.0 160.0 294.0
175.0 502.0 155.0 508.0
430.0 538.0 406.0 532.0
246.0 421.0 225.0 426.0
230.0 446.0 210.0 449.0
430.0 539.0 406.0 532.0
51.0 293.0 32.0 301.0
200.0 93.0 182.0 104.0
152.0 291.0 130.0 300.0
125.0 385.0 108.0 390.0
224.0 356.0 204.0 359.0
297.0 311.0 283.0 313.0
153.0 291.0 130.0 300.0
160.0 136.0 144.0 143.0
384.0 325.0 358.0 326.0
126.0 384.0 109.0 390.0
50.0 293.0 32.0 301.0
51.0 292.0 32.0 301.0
180.0 393.0 162.0 394.0
249.0 588.0 226.0 592.0
125.0 384.0 108.0 390.0
51.0 294.0 32.0 302.0
249.0 587.0 226.0 592.0
50.0 292.0 32.0 301.0
240.0 547.0 218.0 552.0
241.0 548.0 218.0 553.0
240.0 548.0 218.0 552.0
241.0 547.0 218.0 552.0
242.0 547.0 218.0 553.0
249.0 589.0 226.0 592.0
246.0 422.0 226.0 425.0
160.0 135.0 144.0 143.0
50.0 294.0 32.0 301.0
260.0 612.0 237.0 616.0
408.0 28.0 392.0 36.0
248.0 588.0 226.0 592.0
40.0 271.0 19.0 278.0
358.0 407.0 337.0 406.0
408.0 29.0 392.0 36.0
40.0 270.0 19.0 278.0
407.0 28.0 392.0 36.0
407.0 29.0 392.0 36.0
39.0 271.0 19.0 278.0
180.0 286.0 160.0 294.0
179.0 286.0 160.0 294.0
79.0 589.0 58.0 597.0
359.0 407.0 337.0 406.0
49.0 323.0 29.0 329.0
179.0 285.0 160.0 294.0
41.0 271.0 19.0 278.0
78.0 589.0 58.0 597.0
359.0 406.0 337.0 406.0
50.0 323.0 29.0 329.0
41.0 270.0 19.0 278.0
324.0 551.0 309.0 550.0
78.0 588.0 58.0 597.0
79.0 588.0 58.0 597.0
261.0 612.0 237.0 616.0
49.0 322.0 29.0 329.0
50.0 322.0 29.0 329.0
77.0 589.0 58.0 597.0
154.0 395.0 140.0 394.0
324.0 552.0 309.0 550.0
329.0 369.0 303.0 382.0
211.0 481.0 187.0 486.0
235.0 479.0 212.0 486.0
210.0 481.0 187.0 486.0
51.0 323.0 29.0 329.0
323.0 551.0 309.0 550.0
262.0 612.0 237.0 616.0
77.0 588.0 58.0 597.0
461.0 384.0 436.0 379.0
131.0 383.0 109.0 390.0
323.0 552.0 309.0 550.0
32.0 342.0 7.0 351.0
31.0 344.0 7.0 351.0
31.0 343.0 7.0 351.0
236.0 479.0 212.0 486.0
234.0 479.0 212.0 486.0
32.0 344.0 7.0 352.0
52.0 323.0 29.0 329.0
32.0 343.0 7.0 352.0
78.0 587.0 58.0 597.0
153.0 395.0 140.0 394.0
157.0 449.0 136.0 457.0
243.0 250.0 234.0 244.0
463.0 384.0 436.0 379.0
211.0 480.0 187.0 486.0
156.0 449.0 136.0 457.0
157.0 448.0 136.0 457.0
212.0 480.0 187.0 486.0
462.0 384.0 436.0 379.0
77.0 587.0 58.0 597.0
243.0 251.0 234.0 244.0
241.0 250.0 234.0 244.0
212.0 481.0 187.0 486.0
462.0 385.0 436.0 379.0
154.0 396.0 140.0 394.0
442.0 377.0 416.0 372.0
322.0 552.0 309.0 550.0
322.0 551.0 309.0 550.0
242.0 251.0 234.0 244.0
242.0 250.0 234.0 244.0
153.0 396.0 140.0 394.0
341.0 465.0 323.0 470.0
443.0 377.0 416.0 372.0
154.0 397.0 140.0 394.0
463.0 385.0 436.0 379.0
442.0 378.0 416.0 372.0
28.0 373.0 5.0 381.0
51.0 29.0 30.0 34.0
46.0 389.0 22.0 396.0
134.0 307.0 125.0 328.0
135.0 307.0 125.0 328.0
152.0 396.0 140.0 394.0
47.0 389.0 22.0 397.0
308.0 407.0 277.0 418.0
184.0 478.0 160.0 475.0
29.0 373.0 5.0 381.0
153.0 397.0 140.0 394.0
47.0 388.0 22.0 397.0
185.0 478.0 160.0 475.0
183.0 478.0 160.0 475.0
176.0 523.0 164.0 525.0
342.0 401.0 335.0 406.0
453.0 434.0 426.0 426.0
175.0 523.0 164.0 525.0
28.0 374.0 5.0 381.0
183.0 479.0 160.0 475.0
374.0 381.0 349.0 368.0
175.0 522.0 164.0 525.0
29.0 374.0 5.0 381.0
454.0 434.0 443.0 429.0
341.0 401.0 335.0 406.0
454.0 433.0 443.0 429.0
28.0 375.0 5.0 381.0
453.0 433.0 443.0 429.0
184.0 479.0 160.0 475.0
174.0 522.0 164.0 525.0
29.0 375.0 5.0 381.0
174.0 523.0 164.0 525.0
