21.0 219.0 29.0 205.0
21.0 218.0 28.0 203.0
22.0 219.0 29.0 205.0
79.0 538.0 83.0 524.0
22.0 218.0 28.0 203.0
22.0 220.0 29.0 205.0
334.0 310.0 341.0 303.0
145.0 201.0 154.0 188.0
23.0 218.0 30.0 204.0
335.0 309.0 341.0 302.0
23.0 220.0 29.0 205.0
79.0 537.0 83.0 523.0
335.0 310.0 341.0 303.0
79.0 536.0 83.0 523.0
146.0 202.0 154.0 188.0
333.0 311.0 341.0 303.0
413.0 361.0 418.0 355.0
80.0 538.0 83.0 524.0
80.0 537.0 83.0 524.0
80.0 536.0 83.0 523.0
23.0 219.0 30.0 204.0
79.0 535.0 83.0 522.0
80.0 535.0 83.0 522.0
334.0 311.0 341.0 303.0
412.0 361.0 418.0 355.0
81.0 537.0 83.0 524.0
370.0 265.0 380.0 256.0
370.0 264.0 379.0 255.0
146.0 201.0 154.0 188.0
142.0 120.0 150.0 104.0
305.0 154.0 316.0 139.0
413.0 362.0 418.0 355.0
121.0 564.0 125.0 552.0
81.0 536.0 83.0 523.0
217.0 523.0 221.0 515.0
412.0 360.0 417.0 354.0
142.0 121.0 150.0 104.0
447.0 383.0 451.0 379.0
101.0 173.0 109.0 157.0
371.0 264.0 380.0 256.0
102.0 173.0 109.0 157.0
143.0 120.0 150.0 104.0
371.0 263.0 380.0 255.0
412.0 363.0 418.0 355.0
147.0 202.0 154.0 188.0
412.0 362.0 418.0 355.0
41.0 233.0 47.0 218.0
305.0 152.0 316.0 138.0
447.0 384.0 451.0 379.0
121.0 563.0 125.0 551.0
371.0 265.0 380.0 256.0
143.0 121.0 150.0 104.0
239.0 522.0 244.0 513.0
42.0 232.0 48.0 217.0
122.0 564.0 125.0 552.0
411.0 234.0 419.0 224.0
294.0 171.0 304.0 156.0
40.0 233.0 47.0 218.0
101.0 172.0 109.0 157.0
411.0 362.0 418.0 355.0
41.0 234.0 47.0 218.0
146.0 200.0 155.0 187.0
305.0 153.0 316.0 139.0
91.0 165.0 109.0 157.0
147.0 201.0 155.0 187.0
135.0 500.0 140.0 488.0
282.0 288.0 288.0 281.0
282.0 289.0 290.0 281.0
446.0 383.0 451.0 379.0
41.0 232.0 48.0 217.0
411.0 361.0 418.0 355.0
128.0 189.0 134.0 175.0
446.0 384.0 451.0 379.0
122.0 563.0 125.0 552.0
283.0 289.0 290.0 281.0
127.0 189.0 133.0 174.0
127.0 188.0 134.0 173.0
128.0 188.0 134.0 173.0
128.0 191.0 134.0 175.0
370.0 263.0 379.0 255.0
412.0 233.0 421.0 224.0
445.0 384.0 451.0 379.0
285.0 239.0 294.0 226.0
369.0 265.0 380.0 256.0
153.0 622.0 155.0 609.0
284.0 238.0 294.0 226.0
43.0 422.0 48.0 408.0
42.0 233.0 48.0 217.0
122.0 561.0 125.0 550.0
136.0 500.0 140.0 488.0
3.0 510.0 7.0 497.0
43.0 232.0 48.0 217.0
304.0 155.0 316.0 140.0
288.0 234.0 298.0 222.0
128.0 190.0 134.0 175.0
129.0 190.0 134.0 175.0
447.0 385.0 451.0 379.0
152.0 622.0 155.0 609.0
304.0 153.0 316.0 139.0
129.0 191.0 134.0 175.0
164.0 556.0 170.0 545.0
42.0 234.0 48.0 218.0
148.0 201.0 155.0 187.0
134.0 135.0 142.0 119.0
306.0 153.0 316.0 139.0
152.0 621.0 155.0 609.0
409.0 234.0 419.0 224.0
304.0 154.0 316.0 139.0
343.0 115.0 354.0 103.0
434.0 340.0 441.0 336.0
410.0 234.0 419.0 224.0
342.0 115.0 354.0 103.0
240.0 522.0 244.0 513.0
403.0 314.0 412.0 307.0
130.0 189.0 136.0 174.0
239.0 523.0 244.0 514.0
369.0 264.0 379.0 255.0
135.0 501.0 140.0 488.0
295.0 171.0 304.0 156.0
281.0 289.0 290.0 281.0
306.0 152.0 316.0 139.0
129.0 189.0 134.0 175.0
127.0 190.0 133.0 174.0
465.0 378.0 472.0 373.0
280.0 289.0 287.0 281.0
121.0 562.0 125.0 550.0
54.0 418.0 59.0 405.0
280.0 288.0 287.0 281.0
288.0 233.0 298.0 222.0
410.0 233.0 419.0 224.0
147.0 200.0 155.0 187.0
137.0 500.0 140.0 488.0
447.0 386.0 451.0 379.0
285.0 238.0 294.0 226.0
165.0 555.0 170.0 545.0
136.0 501.0 140.0 488.0
164.0 555.0 170.0 545.0
446.0 385.0 451.0 379.0
446.0 386.0 451.0 379.0
137.0 501.0 140.0 488.0
281.0 288.0 288.0 281.0
151.0 622.0 155.0 609.0
284.0 239.0 294.0 226.0
90.0 166.0 109.0 157.0
315.0 256.0 323.0 247.0
294.0 170.0 304.0 156.0
43.0 423.0 48.0 408.0
18.0 236.0 23.0 223.0
434.0 341.0 441.0 336.0
121.0 561.0 125.0 550.0
135.0 135.0 142.0 119.0
411.0 233.0 419.0 224.0
319.0 251.0 327.0 242.0
18.0 237.0 23.0 223.0
166.0 556.0 170.0 545.0
404.0 217.0 414.0 207.0
240.0 523.0 244.0 514.0
240.0 524.0 244.0 514.0
280.0 290.0 287.0 281.0
445.0 385.0 451.0 379.0
240.0 521.0 244.0 513.0
150.0 622.0 155.0 609.0
130.0 191.0 134.0 175.0
314.0 257.0 323.0 247.0
152.0 623.0 155.0 609.0
3.0 509.0 7.0 497.0
42.0 423.0 48.0 408.0
314.0 255.0 322.0 246.0
281.0 290.0 287.0 281.0
122.0 562.0 126.0 550.0
18.0 235.0 23.0 223.0
102.0 172.0 109.0 157.0
151.0 623.0 155.0 609.0
369.0 100.0 383.0 87.0
302.0 192.0 314.0 181.0
130.0 190.0 136.0 174.0
283.0 290.0 290.0 281.0
17.0 236.0 23.0 223.0
54.0 419.0 59.0 405.0
19.0 237.0 24.0 223.0
207.0 582.0 210.0 573.0
7.0 118.0 15.0 101.0
370.0 100.0 383.0 87.0
143.0 566.0 147.0 558.0
295.0 170.0 304.0 156.0
207.0 583.0 210.0 573.0
8.0 118.0 15.0 101.0
294.0 169.0 304.0 156.0
241.0 523.0 244.0 514.0
19.0 235.0 24.0 223.0
145.0 569.0 148.0 559.0
31.0 586.0 32.0 571.0
241.0 522.0 245.0 513.0
435.0 341.0 441.0 336.0
282.0 290.0 287.0 281.0
165.0 556.0 170.0 545.0
430.0 247.0 440.0 236.0
314.0 256.0 321.0 247.0
411.0 232.0 419.0 224.0
136.0 502.0 140.0 488.0
404.0 216.0 414.0 207.0
311.0 221.0 321.0 208.0
289.0 233.0 298.0 222.0
134.0 134.0 142.0 119.0
41.0 423.0 48.0 408.0
303.0 191.0 314.0 180.0
19.0 236.0 24.0 223.0
377.0 131.0 393.0 117.0
18.0 234.0 23.0 223.0
166.0 555.0 170.0 545.0
241.0 524.0 244.0 514.0
313.0 256.0 321.0 247.0
151.0 621.0 155.0 609.0
303.0 189.0 314.0 180.0
144.0 569.0 147.0 558.0
377.0 132.0 393.0 117.0
30.0 586.0 32.0 571.0
296.0 170.0 304.0 156.0
42.0 424.0 48.0 408.0
303.0 190.0 314.0 180.0
241.0 521.0 245.0 513.0
434.0 342.0 441.0 336.0
403.0 216.0 414.0 207.0
435.0 342.0 441.0 336.0
30.0 587.0 32.0 571.0
302.0 191.0 314.0 180.0
313.0 257.0 321.0 247.0
433.0 341.0 441.0 336.0
30.0 588.0 32.0 573.0
289.0 234.0 298.0 222.0
310.0 222.0 321.0 209.0
41.0 424.0 48.0 408.0
242.0 522.0 246.0 513.0
422.0 279.0 431.0 272.0
206.0 582.0 210.0 573.0
296.0 169.0 305.0 154.0
430.0 248.0 440.0 236.0
464.0 378.0 472.0 372.0
143.0 567.0 147.0 558.0
17.0 480.0 21.0 465.0
17.0 479.0 21.0 465.0
435.0 343.0 441.0 336.0
434.0 343.0 441.0 336.0
135.0 134.0 142.0 119.0
295.0 168.0 305.0 154.0
144.0 567.0 147.0 558.0
142.0 568.0 147.0 558.0
423.0 279.0 431.0 272.0
403.0 215.0 414.0 207.0
142.0 567.0 147.0 558.0
145.0 568.0 147.0 558.0
312.0 256.0 321.0 247.0
369.0 99.0 383.0 87.0
348.0 155.0 358.0 144.0
144.0 568.0 147.0 558.0
433.0 342.0 441.0 336.0
295.0 137.0 304.0 125.0
16.0 479.0 21.0 465.0
295.0 169.0 304.0 156.0
296.0 168.0 305.0 154.0
195.0 590.0 198.0 580.0
143.0 568.0 147.0 558.0
405.0 215.0 414.0 207.0
429.0 294.0 435.0 288.0
401.0 97.0 413.0 85.0
404.0 215.0 414.0 207.0
423.0 280.0 431.0 272.0
195.0 589.0 198.0 580.0
400.0 97.0 413.0 85.0
303.0 188.0 313.0 179.0
370.0 99.0 383.0 87.0
7.0 580.0 9.0 564.0
422.0 280.0 432.0 270.0
8.0 580.0 9.0 564.0
345.0 272.0 354.0 264.0
430.0 294.0 437.0 288.0
206.0 583.0 210.0 573.0
429.0 247.0 440.0 236.0
207.0 620.0 209.0 610.0
312.0 257.0 321.0 247.0
346.0 271.0 354.0 264.0
433.0 343.0 441.0 336.0
294.0 136.0 304.0 125.0
320.0 306.0 327.0 297.0
320.0 307.0 327.0 297.0
194.0 590.0 198.0 580.0
402.0 97.0 413.0 85.0
420.0 141.0 433.0 130.0
371.0 99.0 383.0 87.0
196.0 590.0 198.0 580.0
419.0 141.0 433.0 130.0
319.0 307.0 327.0 297.0
208.0 619.0 209.0 610.0
347.0 271.0 355.0 263.0
421.0 141.0 433.0 130.0
191.0 608.0 193.0 598.0
429.0 248.0 440.0 236.0
6.0 579.0 9.0 564.0
217.0 637.0 217.0 637.0
429.0 249.0 440.0 236.0
7.0 579.0 9.0 564.0
26.0 435.0 29.0 423.0
400.0 96.0 413.0 85.0
190.0 608.0 193.0 598.0
401.0 96.0 413.0 85.0
346.0 272.0 354.0 264.0
207.0 619.0 209.0 610.0
190.0 609.0 192.0 598.0
191.0 609.0 192.0 598.0
208.0 620.0 209.0 610.0
319.0 308.0 327.0 297.0
429.0 295.0 437.0 288.0
420.0 140.0 433.0 130.0
195.0 591.0 198.0 580.0
25.0 434.0 29.0 423.0
26.0 434.0 29.0 423.0
428.0 248.0 440.0 236.0
194.0 591.0 198.0 580.0
318.0 308.0 327.0 297.0
207.0 618.0 209.0 610.0
155.0 606.0 158.0 597.0
340.0 167.0 350.0 157.0
8.0 73.0 15.0 54.0
25.0 435.0 29.0 423.0
462.0 290.0 471.0 284.0
296.0 136.0 304.0 125.0
295.0 135.0 304.0 125.0
185.0 560.0 189.0 551.0
295.0 136.0 304.0 125.0
402.0 96.0 413.0 85.0
120.0 594.0 124.0 581.0
195.0 592.0 198.0 583.0
421.0 140.0 433.0 130.0
454.0 68.0 471.0 56.0
428.0 249.0 440.0 236.0
370.0 98.0 383.0 87.0
455.0 68.0 471.0 56.0
120.0 593.0 124.0 581.0
456.0 67.0 471.0 56.0
25.0 436.0 29.0 423.0
119.0 594.0 124.0 581.0
450.0 111.0 461.0 102.0
470.0 367.0 472.0 371.0
24.0 435.0 29.0 423.0
304.0 187.0 314.0 179.0
296.0 135.0 304.0 125.0
451.0 111.0 461.0 102.0
341.0 167.0 350.0 157.0
121.0 594.0 124.0 581.0
120.0 595.0 124.0 581.0
24.0 436.0 29.0 423.0
455.0 67.0 471.0 56.0
155.0 607.0 158.0 597.0
341.0 166.0 350.0 157.0
454.0 67.0 471.0 56.0
184.0 560.0 189.0 551.0
24.0 434.0 29.0 422.0
119.0 595.0 124.0 581.0
337.0 55.0 350.0 40.0
156.0 583.0 176.0 572.0
451.0 110.0 461.0 102.0
338.0 55.0 350.0 40.0
401.0 95.0 413.0 85.0
471.0 366.0 472.0 371.0
337.0 56.0 350.0 40.0
470.0 366.0 472.0 371.0
450.0 110.0 461.0 102.0
333.0 61.0 349.0 42.0
338.0 56.0 350.0 40.0
449.0 110.0 461.0 102.0
400.0 95.0 413.0 85.0
342.0 166.0 350.0 157.0
119.0 596.0 124.0 581.0
120.0 596.0 124.0 581.0
339.0 56.0 351.0 41.0
402.0 95.0 413.0 85.0
332.0 61.0 349.0 42.0
332.0 60.0 349.0 42.0
331.0 61.0 349.0 42.0
333.0 62.0 349.0 42.0
26.0 561.0 26.0 530.0
332.0 62.0 349.0 42.0
27.0 561.0 26.0 530.0
331.0 62.0 349.0 42.0
26.0 562.0 26.0 530.0
23.0 466.0 21.0 465.0
184.0 525.0 200.0 520.0
18.0 596.0 32.0 573.0
332.0 134.0 394.0 115.0
23.0 465.0 21.0 465.0
17.0 596.0 32.0 573.0
331.0 135.0 394.0 115.0
331.0 134.0 392.0 115.0
27.0 562.0 26.0 530.0
333.0 135.0 394.0 116.0
24.0 466.0 21.0 465.0
330.0 135.0 392.0 115.0
405.0 141.0 433.0 130.0
26.0 563.0 26.0 530.0
24.0 465.0 21.0 465.0
17.0 597.0 32.0 574.0
405.0 140.0 433.0 130.0
332.0 136.0 394.0 115.0
27.0 563.0 26.0 530.0
5.0 405.0 6.0 432.0
332.0 135.0 394.0 115.0
331.0 136.0 394.0 115.0
138.0 602.0 158.0 595.0
