244.0 268.0 246.0 275.0
244.0 267.0 246.0 275.0
245.0 267.0 246.0 275.0
245.0 266.0 246.0 274.0
389.0 342.0 392.0 346.0
244.0 266.0 246.0 274.0
389.0 344.0 391.0 346.0
388.0 342.0 391.0 347.0
246.0 576.0 247.0 585.0
389.0 343.0 391.0 346.0
388.0 343.0 391.0 347.0
245.0 576.0 246.0 586.0
243.0 267.0 246.0 275.0
110.0 501.0 112.0 510.0
96.0 322.0 97.0 330.0
388.0 344.0 391.0 347.0
246.0 577.0 247.0 585.0
114.0 323.0 116.0 331.0
111.0 501.0 112.0 510.0
253.0 349.0 255.0 355.0
456.0 310.0 459.0 312.0
172.0 247.0 176.0 255.0
455.0 309.0 458.0 311.0
189.0 279.0 192.0 286.0
115.0 323.0 117.0 331.0
187.0 234.0 189.0 241.0
96.0 240.0 98.0 250.0
240.0 521.0 242.0 529.0
178.0 60.0 184.0 75.0
455.0 310.0 458.0 311.0
241.0 522.0 242.0 529.0
96.0 241.0 98.0 250.0
65.0 495.0 66.0 502.0
178.0 61.0 184.0 75.0
56.0 319.0 62.0 325.0
456.0 309.0 459.0 312.0
241.0 521.0 242.0 529.0
327.0 416.0 330.0 421.0
200.0 426.0 202.0 433.0
77.0 480.0 77.0 487.0
76.0 480.0 77.0 487.0
172.0 248.0 176.0 255.0
171.0 247.0 175.0 255.0
171.0 248.0 175.0 255.0
327.0 415.0 330.0 419.0
111.0 502.0 112.0 510.0
171.0 246.0 175.0 255.0
77.0 481.0 77.0 487.0
328.0 415.0 330.0 419.0
200.0 425.0 202.0 433.0
177.0 61.0 184.0 75.0
273.0 414.0 274.0 421.0
76.0 481.0 77.0 487.0
201.0 426.0 202.0 433.0
273.0 415.0 274.0 421.0
66.0 495.0 67.0 502.0
272.0 374.0 275.0 381.0
328.0 416.0 330.0 421.0
410.0 502.0 414.0 505.0
409.0 502.0 414.0 505.0
112.0 501.0 112.0 510.0
397.0 485.0 401.0 489.0
190.0 280.0 192.0 286.0
162.0 507.0 162.0 516.0
352.0 359.0 354.0 364.0
148.0 299.0 153.0 306.0
194.0 448.0 194.0 457.0
174.0 523.0 172.0 531.0
409.0 423.0 413.0 425.0
398.0 485.0 401.0 489.0
95.0 240.0 98.0 250.0
197.0 526.0 198.0 535.0
98.0 444.0 98.0 452.0
356.0 575.0 360.0 581.0
55.0 319.0 62.0 325.0
194.0 559.0 194.0 570.0
8.0 439.0 9.0 446.0
177.0 60.0 184.0 75.0
356.0 576.0 360.0 581.0
397.0 486.0 401.0 489.0
95.0 242.0 98.0 250.0
463.0 333.0 467.0 334.0
299.0 316.0 301.0 322.0
353.0 360.0 354.0 364.0
97.0 322.0 97.0 330.0
54.0 319.0 62.0 325.0
112.0 502.0 112.0 510.0
65.0 496.0 66.0 502.0
353.0 359.0 354.0 364.0
465.0 333.0 467.0 334.0
96.0 323.0 97.0 330.0
409.0 422.0 413.0 425.0
123.0 510.0 123.0 519.0
163.0 507.0 162.0 516.0
67.0 496.0 67.0 502.0
8.0 438.0 9.0 446.0
95.0 241.0 98.0 250.0
66.0 496.0 66.0 502.0
261.0 427.0 264.0 434.0
197.0 527.0 197.0 536.0
189.0 280.0 192.0 286.0
175.0 523.0 173.0 531.0
240.0 520.0 242.0 529.0
276.0 195.0 278.0 204.0
287.0 523.0 289.0 530.0
464.0 333.0 467.0 334.0
201.0 427.0 202.0 433.0
162.0 506.0 162.0 516.0
201.0 425.0 202.0 433.0
194.0 560.0 193.0 570.0
116.0 219.0 122.0 229.0
394.0 363.0 397.0 366.0
69.0 133.0 77.0 144.0
31.0 319.0 35.0 324.0
241.0 520.0 242.0 529.0
30.0 319.0 35.0 324.0
117.0 219.0 122.0 229.0
242.0 521.0 242.0 529.0
261.0 428.0 264.0 435.0
397.0 484.0 401.0 489.0
116.0 220.0 122.0 229.0
97.0 323.0 97.0 330.0
163.0 506.0 162.0 516.0
241.0 519.0 242.0 529.0
68.0 132.0 77.0 144.0
457.0 267.0 460.0 269.0
277.0 195.0 279.0 204.0
276.0 473.0 278.0 479.0
7.0 439.0 9.0 446.0
307.0 545.0 310.0 552.0
275.0 195.0 278.0 204.0
355.0 576.0 360.0 581.0
356.0 574.0 360.0 581.0
271.0 373.0 273.0 381.0
73.0 366.0 77.0 369.0
464.0 332.0 467.0 334.0
7.0 438.0 9.0 446.0
74.0 366.0 77.0 369.0
355.0 575.0 360.0 581.0
219.0 406.0 221.0 414.0
175.0 327.0 176.0 334.0
393.0 363.0 397.0 366.0
131.0 444.0 132.0 452.0
275.0 454.0 277.0 461.0
68.0 133.0 77.0 144.0
276.0 453.0 277.0 461.0
75.0 366.0 77.0 369.0
357.0 575.0 360.0 581.0
139.0 146.0 143.0 156.0
221.0 448.0 222.0 454.0
124.0 510.0 123.0 519.0
97.0 443.0 97.0 451.0
367.0 515.0 370.0 520.0
272.0 375.0 275.0 381.0
374.0 434.0 377.0 438.0
202.0 243.0 205.0 249.0
74.0 365.0 77.0 369.0
240.0 519.0 242.0 529.0
203.0 242.0 205.0 249.0
275.0 453.0 277.0 461.0
282.0 347.0 284.0 353.0
367.0 516.0 370.0 520.0
262.0 427.0 264.0 434.0
82.0 590.0 79.0 598.0
175.0 326.0 176.0 334.0
198.0 526.0 197.0 536.0
140.0 145.0 143.0 156.0
287.0 522.0 289.0 530.0
374.0 433.0 377.0 437.0
139.0 195.0 142.0 205.0
163.0 505.0 162.0 516.0
69.0 132.0 77.0 144.0
81.0 590.0 79.0 598.0
132.0 528.0 131.0 537.0
286.0 522.0 288.0 529.0
123.0 511.0 123.0 519.0
99.0 444.0 98.0 452.0
456.0 267.0 460.0 269.0
243.0 612.0 244.0 624.0
55.0 379.0 58.0 385.0
229.0 264.0 231.0 271.0
195.0 560.0 194.0 570.0
238.0 467.0 238.0 476.0
97.0 444.0 98.0 452.0
131.0 528.0 131.0 537.0
355.0 574.0 360.0 581.0
162.0 505.0 162.0 516.0
18.0 116.0 26.0 127.0
115.0 219.0 121.0 228.0
98.0 443.0 97.0 451.0
381.0 530.0 384.0 532.0
139.0 145.0 143.0 156.0
428.0 600.0 433.0 604.0
243.0 613.0 244.0 624.0
159.0 479.0 159.0 487.0
325.0 510.0 330.0 518.0
74.0 367.0 77.0 369.0
282.0 346.0 284.0 353.0
94.0 241.0 98.0 250.0
465.0 332.0 467.0 334.0
72.0 440.0 72.0 448.0
204.0 242.0 205.0 249.0
72.0 441.0 72.0 448.0
461.0 114.0 461.0 122.0
229.0 263.0 231.0 271.0
113.0 276.0 115.0 284.0
228.0 264.0 231.0 271.0
368.0 516.0 370.0 520.0
429.0 600.0 433.0 604.0
394.0 364.0 397.0 366.0
299.0 317.0 301.0 322.0
75.0 367.0 77.0 369.0
114.0 276.0 115.0 284.0
193.0 560.0 193.0 570.0
129.0 484.0 129.0 493.0
111.0 485.0 111.0 494.0
228.0 263.0 231.0 271.0
354.0 359.0 355.0 364.0
462.0 114.0 461.0 122.0
158.0 479.0 159.0 487.0
175.0 328.0 177.0 335.0
107.0 141.0 113.0 154.0
111.0 486.0 111.0 494.0
184.0 347.0 185.0 352.0
306.0 545.0 309.0 552.0
219.0 407.0 221.0 414.0
124.0 511.0 123.0 519.0
71.0 440.0 72.0 448.0
393.0 364.0 396.0 367.0
107.0 142.0 113.0 154.0
462.0 113.0 461.0 122.0
82.0 589.0 79.0 598.0
204.0 243.0 206.0 249.0
368.0 515.0 370.0 520.0
275.0 473.0 278.0 479.0
220.0 406.0 221.0 414.0
140.0 146.0 143.0 156.0
132.0 444.0 132.0 452.0
429.0 601.0 433.0 605.0
307.0 544.0 310.0 552.0
276.0 454.0 277.0 461.0
108.0 141.0 113.0 154.0
71.0 441.0 72.0 448.0
415.0 473.0 419.0 476.0
193.0 561.0 193.0 570.0
244.0 613.0 244.0 624.0
184.0 346.0 185.0 352.0
131.0 527.0 131.0 537.0
112.0 486.0 111.0 494.0
247.0 595.0 247.0 606.0
220.0 446.0 222.0 454.0
276.0 196.0 279.0 204.0
281.0 347.0 284.0 353.0
174.0 327.0 176.0 334.0
121.0 588.0 118.0 596.0
288.0 486.0 290.0 493.0
257.0 515.0 258.0 522.0
128.0 484.0 129.0 493.0
326.0 510.0 329.0 517.0
73.0 367.0 77.0 369.0
18.0 117.0 26.0 127.0
454.0 90.0 455.0 99.0
194.0 561.0 194.0 570.0
183.0 345.0 185.0 352.0
276.0 472.0 278.0 479.0
369.0 516.0 370.0 520.0
380.0 530.0 384.0 532.0
55.0 378.0 58.0 385.0
220.0 447.0 222.0 454.0
307.0 543.0 310.0 552.0
204.0 244.0 206.0 249.0
326.0 511.0 330.0 518.0
368.0 517.0 370.0 520.0
221.0 447.0 222.0 454.0
184.0 345.0 185.0 352.0
174.0 326.0 176.0 334.0
108.0 142.0 113.0 154.0
111.0 487.0 111.0 494.0
367.0 517.0 370.0 520.0
220.0 448.0 222.0 454.0
98.0 442.0 97.0 451.0
275.0 472.0 277.0 479.0
109.0 142.0 113.0 154.0
203.0 244.0 206.0 249.0
183.0 346.0 185.0 352.0
216.0 503.0 217.0 511.0
185.0 346.0 185.0 352.0
203.0 243.0 205.0 249.0
159.0 480.0 159.0 488.0
321.0 610.0 324.0 619.0
56.0 378.0 58.0 385.0
424.0 365.0 427.0 368.0
281.0 346.0 284.0 353.0
400.0 521.0 405.0 525.0
215.0 503.0 217.0 511.0
81.0 589.0 79.0 598.0
128.0 485.0 129.0 493.0
463.0 114.0 460.0 123.0
306.0 544.0 310.0 552.0
402.0 522.0 405.0 525.0
122.0 324.0 117.0 331.0
128.0 483.0 129.0 492.0
428.0 498.0 433.0 499.0
380.0 531.0 384.0 532.0
55.0 377.0 57.0 385.0
276.0 455.0 277.0 461.0
163.0 504.0 162.0 516.0
217.0 503.0 217.0 511.0
254.0 465.0 256.0 473.0
327.0 511.0 329.0 517.0
401.0 522.0 405.0 525.0
428.0 497.0 433.0 499.0
401.0 521.0 405.0 525.0
265.0 487.0 265.0 494.0
254.0 466.0 256.0 473.0
174.0 328.0 176.0 334.0
456.0 541.0 463.0 542.0
255.0 465.0 256.0 473.0
219.0 447.0 222.0 454.0
366.0 467.0 370.0 474.0
327.0 510.0 329.0 517.0
265.0 488.0 265.0 494.0
219.0 446.0 222.0 454.0
428.0 496.0 433.0 499.0
120.0 588.0 118.0 596.0
255.0 464.0 256.0 473.0
254.0 464.0 256.0 473.0
221.0 446.0 222.0 454.0
112.0 487.0 111.0 494.0
176.0 607.0 175.0 619.0
366.0 466.0 370.0 474.0
121.0 587.0 119.0 596.0
28.0 57.0 36.0 68.0
469.0 490.0 475.0 492.0
429.0 497.0 433.0 499.0
28.0 56.0 36.0 68.0
173.0 327.0 176.0 334.0
56.0 377.0 58.0 385.0
158.0 480.0 159.0 488.0
287.0 486.0 290.0 493.0
429.0 498.0 433.0 500.0
176.0 608.0 175.0 619.0
120.0 587.0 119.0 596.0
266.0 488.0 267.0 495.0
100.0 588.0 95.0 597.0
177.0 607.0 175.0 619.0
468.0 491.0 475.0 492.0
99.0 588.0 95.0 597.0
81.0 403.0 85.0 409.0
175.0 607.0 175.0 619.0
255.0 466.0 256.0 473.0
442.0 326.0 453.0 324.0
29.0 57.0 36.0 68.0
469.0 491.0 475.0 492.0
367.0 467.0 371.0 474.0
82.0 403.0 85.0 409.0
83.0 404.0 85.0 408.0
101.0 588.0 95.0 597.0
367.0 468.0 371.0 474.0
215.0 610.0 217.0 620.0
466.0 522.0 472.0 524.0
177.0 606.0 175.0 619.0
367.0 466.0 371.0 474.0
83.0 403.0 85.0 408.0
81.0 404.0 85.0 409.0
217.0 610.0 217.0 620.0
176.0 606.0 175.0 619.0
216.0 610.0 217.0 620.0
101.0 587.0 95.0 597.0
100.0 587.0 95.0 597.0
82.0 404.0 85.0 409.0
123.0 7.0 131.0 21.0
122.0 7.0 131.0 21.0
102.0 410.0 109.0 415.0
108.0 409.0 109.0 415.0
148.0 440.0 154.0 448.0
108.0 410.0 109.0 415.0
117.0 616.0 113.0 628.0
109.0 409.0 109.0 415.0
109.0 410.0 109.0 415.0
262.0 201.0 264.0 202.0
102.0 409.0 109.0 415.0
262.0 202.0 264.0 202.0
263.0 202.0 264.0 202.0
149.0 70.0 156.0 84.0
150.0 70.0 156.0 84.0
116.0 616.0 113.0 628.0
116.0 615.0 113.0 628.0
131.0 21.0 130.0 22.0
150.0 71.0 156.0 84.0
117.0 615.0 113.0 628.0
130.0 21.0 130.0 22.0
239.0 593.0 247.0 605.0
117.0 614.0 113.0 628.0
151.0 71.0 156.0 84.0
131.0 22.0 131.0 22.0
274.0 292.0 276.0 311.0
130.0 22.0 130.0 22.0
10.0 615.0 11.0 608.0
335.0 630.0 324.0 619.0
473.0 345.0 468.0 334.0
150.0 72.0 156.0 84.0
472.0 345.0 468.0 334.0
335.0 631.0 324.0 619.0
334.0 630.0 324.0 619.0
473.0 346.0 468.0 334.0
334.0 631.0 324.0 619.0
472.0 346.0 468.0 334.0
259.0 334.0 255.0 355.0
34.0 592.0 31.0 609.0
