212.0 59.0 219.0 60.0
211.0 58.0 219.0 60.0
316.0 139.0 326.0 143.0
212.0 58.0 219.0 60.0
68.0 242.0 78.0 245.0
210.0 58.0 219.0 60.0
210.0 59.0 219.0 60.0
211.0 59.0 219.0 60.0
156.0 36.0 165.0 38.0
157.0 36.0 165.0 38.0
69.0 242.0 78.0 245.0
157.0 37.0 165.0 38.0
216.0 317.0 224.0 322.0
153.0 611.0 161.0 612.0
74.0 214.0 82.0 220.0
156.0 37.0 165.0 38.0
68.0 241.0 78.0 244.0
283.0 138.0 291.0 141.0
157.0 38.0 165.0 38.0
315.0 138.0 325.0 143.0
216.0 318.0 224.0 322.0
69.0 241.0 78.0 245.0
215.0 317.0 224.0 322.0
70.0 241.0 78.0 245.0
68.0 240.0 78.0 244.0
158.0 36.0 165.0 38.0
216.0 316.0 224.0 321.0
186.0 400.0 195.0 405.0
70.0 242.0 78.0 245.0
158.0 37.0 165.0 38.0
217.0 316.0 224.0 321.0
69.0 240.0 78.0 244.0
158.0 38.0 165.0 38.0
215.0 316.0 224.0 321.0
153.0 612.0 161.0 613.0
332.0 571.0 338.0 575.0
252.0 356.0 259.0 362.0
194.0 53.0 202.0 55.0
365.0 199.0 373.0 205.0
192.0 70.0 199.0 72.0
149.0 222.0 158.0 224.0
191.0 70.0 199.0 72.0
217.0 317.0 224.0 321.0
74.0 215.0 82.0 220.0
191.0 69.0 199.0 72.0
149.0 221.0 158.0 224.0
159.0 323.0 167.0 327.0
192.0 69.0 199.0 72.0
195.0 52.0 203.0 54.0
191.0 68.0 199.0 72.0
82.0 503.0 93.0 504.0
159.0 322.0 167.0 326.0
223.0 432.0 233.0 436.0
159.0 324.0 167.0 327.0
149.0 223.0 158.0 224.0
217.0 318.0 224.0 322.0
332.0 572.0 338.0 575.0
81.0 501.0 93.0 504.0
195.0 53.0 202.0 55.0
184.0 89.0 191.0 91.0
148.0 222.0 158.0 224.0
68.0 239.0 77.0 244.0
211.0 348.0 221.0 352.0
81.0 502.0 93.0 504.0
150.0 221.0 158.0 224.0
185.0 400.0 195.0 405.0
83.0 501.0 93.0 504.0
377.0 236.0 386.0 245.0
190.0 68.0 199.0 72.0
83.0 502.0 93.0 504.0
194.0 52.0 203.0 54.0
152.0 612.0 161.0 613.0
128.0 415.0 137.0 419.0
190.0 69.0 199.0 72.0
375.0 355.0 384.0 364.0
148.0 223.0 158.0 224.0
365.0 200.0 373.0 205.0
128.0 414.0 138.0 419.0
394.0 336.0 401.0 343.0
120.0 20.0 126.0 22.0
378.0 237.0 385.0 244.0
224.0 431.0 233.0 436.0
223.0 431.0 233.0 436.0
74.0 218.0 82.0 220.0
366.0 199.0 373.0 205.0
377.0 237.0 386.0 245.0
82.0 502.0 93.0 504.0
150.0 222.0 158.0 224.0
376.0 237.0 386.0 245.0
103.0 125.0 109.0 128.0
119.0 20.0 126.0 21.0
120.0 21.0 126.0 22.0
152.0 611.0 161.0 612.0
364.0 200.0 373.0 205.0
222.0 432.0 233.0 436.0
251.0 356.0 259.0 362.0
377.0 238.0 386.0 245.0
151.0 611.0 161.0 613.0
148.0 221.0 158.0 224.0
184.0 400.0 193.0 404.0
366.0 200.0 373.0 205.0
151.0 612.0 161.0 613.0
183.0 400.0 193.0 404.0
129.0 414.0 139.0 419.0
376.0 356.0 384.0 364.0
393.0 335.0 402.0 342.0
82.0 501.0 93.0 504.0
150.0 223.0 158.0 224.0
118.0 21.0 126.0 22.0
185.0 88.0 191.0 90.0
133.0 268.0 142.0 270.0
158.0 322.0 166.0 326.0
331.0 570.0 338.0 574.0
129.0 415.0 138.0 419.0
185.0 87.0 191.0 90.0
195.0 219.0 203.0 222.0
365.0 201.0 373.0 205.0
375.0 356.0 384.0 364.0
378.0 238.0 386.0 245.0
225.0 431.0 234.0 436.0
74.0 216.0 82.0 219.0
211.0 347.0 221.0 352.0
364.0 199.0 373.0 205.0
331.0 572.0 338.0 575.0
107.0 278.0 116.0 284.0
184.0 87.0 191.0 90.0
73.0 218.0 82.0 220.0
394.0 335.0 402.0 342.0
56.0 254.0 64.0 258.0
331.0 571.0 338.0 574.0
108.0 278.0 116.0 284.0
119.0 21.0 126.0 22.0
221.0 267.0 230.0 271.0
225.0 432.0 234.0 437.0
139.0 389.0 146.0 395.0
74.0 217.0 82.0 220.0
87.0 528.0 98.0 530.0
222.0 267.0 230.0 271.0
182.0 508.0 192.0 512.0
73.0 217.0 82.0 220.0
366.0 201.0 374.0 206.0
182.0 507.0 192.0 512.0
224.0 430.0 232.0 436.0
56.0 253.0 63.0 257.0
86.0 528.0 98.0 530.0
251.0 355.0 260.0 361.0
392.0 335.0 402.0 342.0
212.0 347.0 221.0 352.0
107.0 279.0 116.0 284.0
129.0 413.0 139.0 419.0
138.0 389.0 146.0 395.0
158.0 323.0 167.0 327.0
89.0 528.0 98.0 530.0
117.0 297.0 126.0 300.0
378.0 236.0 386.0 245.0
224.0 433.0 234.0 437.0
184.0 592.0 195.0 594.0
55.0 254.0 64.0 258.0
365.0 459.0 373.0 467.0
184.0 88.0 191.0 91.0
137.0 158.0 143.0 160.0
330.0 571.0 338.0 574.0
194.0 218.0 203.0 222.0
104.0 126.0 109.0 128.0
224.0 432.0 234.0 436.0
116.0 297.0 126.0 301.0
133.0 267.0 142.0 270.0
132.0 267.0 142.0 270.0
132.0 306.0 142.0 310.0
4.0 48.0 10.0 48.0
122.0 141.0 129.0 142.0
195.0 218.0 203.0 222.0
103.0 126.0 109.0 128.0
150.0 401.0 160.0 407.0
11.0 308.0 20.0 311.0
3.0 48.0 10.0 48.0
250.0 356.0 259.0 362.0
302.0 613.0 309.0 616.0
104.0 125.0 109.0 128.0
133.0 266.0 142.0 270.0
88.0 528.0 98.0 530.0
55.0 253.0 63.0 257.0
73.0 216.0 82.0 220.0
136.0 157.0 143.0 160.0
122.0 140.0 129.0 142.0
25.0 339.0 37.0 345.0
138.0 388.0 147.0 394.0
302.0 612.0 309.0 616.0
125.0 397.0 128.0 402.0
117.0 299.0 126.0 302.0
235.0 353.0 243.0 358.0
211.0 346.0 221.0 352.0
106.0 278.0 116.0 284.0
63.0 82.0 70.0 83.0
223.0 433.0 234.0 437.0
42.0 327.0 53.0 334.0
10.0 308.0 20.0 311.0
114.0 233.0 123.0 235.0
55.0 252.0 63.0 257.0
360.0 272.0 369.0 281.0
209.0 249.0 218.0 253.0
199.0 485.0 208.0 488.0
199.0 484.0 208.0 488.0
97.0 420.0 110.0 425.0
41.0 328.0 53.0 334.0
42.0 328.0 53.0 334.0
54.0 252.0 63.0 257.0
63.0 81.0 70.0 83.0
134.0 268.0 142.0 270.0
152.0 118.0 158.0 121.0
202.0 286.0 210.0 291.0
132.0 305.0 142.0 309.0
56.0 252.0 63.0 257.0
97.0 419.0 110.0 425.0
98.0 420.0 110.0 425.0
9.0 309.0 20.0 311.0
116.0 298.0 126.0 301.0
101.0 509.0 113.0 510.0
54.0 253.0 63.0 257.0
301.0 613.0 309.0 616.0
200.0 486.0 208.0 488.0
117.0 298.0 126.0 302.0
150.0 118.0 158.0 121.0
155.0 165.0 162.0 169.0
200.0 485.0 208.0 488.0
123.0 140.0 129.0 142.0
99.0 420.0 111.0 425.0
134.0 267.0 142.0 270.0
86.0 527.0 98.0 530.0
9.0 308.0 20.0 311.0
88.0 527.0 98.0 530.0
150.0 400.0 159.0 406.0
63.0 80.0 70.0 83.0
156.0 166.0 162.0 169.0
348.0 577.0 355.0 582.0
316.0 373.0 325.0 379.0
133.0 306.0 142.0 310.0
46.0 300.0 58.0 306.0
87.0 527.0 98.0 530.0
101.0 510.0 113.0 510.0
40.0 328.0 53.0 334.0
367.0 257.0 375.0 266.0
345.0 468.0 354.0 475.0
239.0 237.0 248.0 243.0
41.0 327.0 53.0 334.0
21.0 355.0 32.0 362.0
151.0 118.0 158.0 121.0
106.0 279.0 116.0 284.0
177.0 230.0 185.0 234.0
151.0 401.0 160.0 407.0
22.0 355.0 32.0 362.0
208.0 249.0 218.0 253.0
99.0 421.0 111.0 425.0
177.0 229.0 185.0 234.0
268.0 334.0 276.0 339.0
123.0 141.0 129.0 142.0
45.0 299.0 56.0 306.0
40.0 327.0 53.0 334.0
38.0 21.0 44.0 22.0
360.0 273.0 369.0 281.0
269.0 334.0 276.0 339.0
86.0 281.0 95.0 286.0
133.0 305.0 142.0 309.0
316.0 372.0 325.0 379.0
100.0 550.0 111.0 552.0
123.0 139.0 129.0 142.0
366.0 258.0 375.0 266.0
99.0 551.0 111.0 552.0
132.0 228.0 141.0 230.0
46.0 299.0 58.0 306.0
98.0 421.0 111.0 425.0
135.0 126.0 143.0 128.0
209.0 248.0 218.0 253.0
136.0 126.0 143.0 128.0
354.0 384.0 364.0 392.0
301.0 612.0 309.0 616.0
131.0 226.0 141.0 230.0
151.0 119.0 158.0 121.0
99.0 550.0 111.0 552.0
87.0 281.0 95.0 286.0
269.0 333.0 276.0 339.0
152.0 119.0 158.0 121.0
366.0 259.0 375.0 266.0
212.0 346.0 221.0 352.0
133.0 307.0 142.0 310.0
66.0 302.0 75.0 305.0
88.0 281.0 96.0 286.0
87.0 526.0 98.0 530.0
86.0 280.0 95.0 286.0
131.0 227.0 141.0 230.0
86.0 526.0 98.0 530.0
367.0 258.0 375.0 266.0
38.0 243.0 47.0 246.0
202.0 287.0 210.0 291.0
132.0 227.0 141.0 230.0
100.0 551.0 111.0 552.0
340.0 217.0 350.0 226.0
219.0 283.0 228.0 288.0
208.0 248.0 218.0 253.0
176.0 229.0 185.0 234.0
366.0 257.0 375.0 266.0
174.0 44.0 193.0 50.0
348.0 576.0 355.0 582.0
174.0 45.0 193.0 50.0
349.0 577.0 356.0 582.0
39.0 243.0 47.0 246.0
47.0 132.0 53.0 134.0
365.0 258.0 375.0 266.0
176.0 230.0 185.0 234.0
355.0 384.0 364.0 392.0
20.0 232.0 29.0 237.0
21.0 234.0 29.0 237.0
77.0 542.0 87.0 544.0
218.0 283.0 228.0 288.0
155.0 166.0 162.0 169.0
39.0 242.0 48.0 247.0
442.0 588.0 448.0 584.0
101.0 550.0 111.0 552.0
21.0 233.0 29.0 237.0
38.0 242.0 47.0 246.0
218.0 282.0 228.0 288.0
87.0 280.0 95.0 286.0
67.0 302.0 75.0 305.0
20.0 233.0 29.0 237.0
67.0 303.0 75.0 305.0
37.0 243.0 47.0 246.0
21.0 253.0 31.0 256.0
364.0 458.0 373.0 467.0
112.0 210.0 120.0 214.0
38.0 241.0 48.0 246.0
207.0 248.0 218.0 253.0
46.0 133.0 53.0 134.0
46.0 132.0 54.0 134.0
101.0 551.0 111.0 552.0
173.0 45.0 193.0 50.0
37.0 242.0 47.0 246.0
112.0 211.0 120.0 214.0
143.0 97.0 151.0 99.0
46.0 131.0 54.0 134.0
442.0 589.0 448.0 584.0
45.0 132.0 54.0 134.0
133.0 227.0 141.0 230.0
441.0 589.0 448.0 584.0
39.0 185.0 49.0 191.0
40.0 186.0 49.0 191.0
155.0 167.0 162.0 169.0
47.0 133.0 53.0 134.0
173.0 44.0 193.0 50.0
40.0 187.0 48.0 190.0
111.0 210.0 120.0 214.0
76.0 542.0 87.0 544.0
21.0 254.0 30.0 257.0
111.0 209.0 120.0 214.0
20.0 254.0 28.0 256.0
76.0 543.0 86.0 544.0
39.0 187.0 48.0 190.0
91.0 377.0 100.0 384.0
20.0 141.0 28.0 147.0
20.0 234.0 29.0 237.0
91.0 376.0 99.0 384.0
75.0 543.0 86.0 544.0
75.0 542.0 86.0 544.0
19.0 232.0 29.0 237.0
462.0 455.0 470.0 454.0
118.0 338.0 128.0 345.0
20.0 253.0 31.0 256.0
20.0 235.0 29.0 237.0
21.0 252.0 31.0 256.0
90.0 377.0 99.0 384.0
39.0 186.0 48.0 190.0
20.0 252.0 28.0 256.0
19.0 233.0 29.0 237.0
2.0 239.0 10.0 242.0
23.0 600.0 39.0 610.0
3.0 239.0 10.0 242.0
118.0 337.0 128.0 345.0
119.0 338.0 128.0 347.0
15.0 467.0 27.0 470.0
361.0 252.0 375.0 266.0
89.0 377.0 99.0 384.0
74.0 542.0 86.0 544.0
16.0 467.0 28.0 470.0
119.0 337.0 128.0 345.0
19.0 234.0 29.0 237.0
16.0 468.0 27.0 470.0
360.0 253.0 375.0 266.0
2.0 238.0 10.0 242.0
3.0 238.0 10.0 242.0
463.0 455.0 470.0 454.0
90.0 376.0 99.0 384.0
360.0 252.0 375.0 266.0
15.0 468.0 27.0 470.0
11.0 387.0 21.0 391.0
10.0 388.0 21.0 391.0
463.0 456.0 470.0 454.0
89.0 376.0 99.0 384.0
11.0 388.0 21.0 391.0
81.0 318.0 85.0 323.0
340.0 186.0 345.0 201.0
464.0 455.0 470.0 454.0
65.0 446.0 85.0 442.0
176.0 107.0 178.0 121.0
342.0 233.0 349.0 226.0
343.0 233.0 350.0 226.0
340.0 185.0 345.0 201.0
65.0 447.0 85.0 442.0
177.0 107.0 178.0 121.0
122.0 147.0 129.0 143.0
64.0 446.0 85.0 442.0
82.0 319.0 84.0 324.0
177.0 106.0 178.0 121.0
176.0 106.0 178.0 121.0
10.0 282.0 9.0 280.0
11.0 281.0 9.0 280.0
10.0 281.0 9.0 280.0
64.0 447.0 85.0 442.0
22.0 327.0 37.0 345.0
10.0 280.0 9.0 280.0
341.0 185.0 345.0 201.0
245.0 227.0 248.0 243.0
165.0 143.0 191.0 91.0
