437.0 57.0 446.0 65.0
436.0 55.0 444.0 65.0
438.0 57.0 446.0 65.0
438.0 56.0 446.0 65.0
437.0 56.0 446.0 65.0
287.0 448.0 299.0 460.0
155.0 19.0 170.0 34.0
437.0 55.0 446.0 65.0
436.0 56.0 444.0 65.0
435.0 56.0 444.0 65.0
156.0 19.0 170.0 34.0
436.0 57.0 446.0 65.0
286.0 190.0 299.0 199.0
155.0 20.0 170.0 34.0
331.0 454.0 341.0 464.0
288.0 448.0 299.0 460.0
98.0 407.0 115.0 417.0
156.0 20.0 170.0 34.0
99.0 406.0 115.0 417.0
332.0 454.0 341.0 464.0
303.0 498.0 316.0 511.0
156.0 21.0 170.0 34.0
99.0 407.0 115.0 417.0
205.0 16.0 214.0 26.0
99.0 408.0 115.0 417.0
333.0 454.0 342.0 464.0
248.0 320.0 263.0 329.0
302.0 499.0 316.0 511.0
331.0 453.0 341.0 464.0
95.0 464.0 110.0 474.0
205.0 15.0 214.0 26.0
288.0 449.0 299.0 460.0
332.0 453.0 341.0 464.0
365.0 162.0 371.0 169.0
204.0 15.0 213.0 25.0
206.0 15.0 214.0 26.0
348.0 149.0 356.0 156.0
204.0 14.0 213.0 25.0
289.0 448.0 299.0 459.0
140.0 606.0 159.0 622.0
205.0 14.0 213.0 25.0
302.0 500.0 316.0 511.0
100.0 408.0 115.0 417.0
230.0 272.0 243.0 280.0
303.0 499.0 316.0 511.0
231.0 272.0 243.0 280.0
249.0 320.0 263.0 329.0
348.0 148.0 356.0 156.0
82.0 369.0 98.0 379.0
229.0 272.0 243.0 280.0
290.0 366.0 300.0 375.0
89.0 442.0 108.0 453.0
56.0 430.0 72.0 442.0
83.0 370.0 98.0 379.0
289.0 450.0 299.0 460.0
347.0 148.0 356.0 156.0
88.0 442.0 108.0 453.0
139.0 607.0 159.0 622.0
425.0 440.0 432.0 449.0
267.0 258.0 277.0 269.0
462.0 324.0 468.0 330.0
252.0 363.0 264.0 373.0
82.0 370.0 98.0 379.0
206.0 610.0 222.0 626.0
230.0 273.0 243.0 280.0
139.0 606.0 159.0 622.0
462.0 325.0 468.0 330.0
213.0 266.0 225.0 273.0
89.0 441.0 108.0 453.0
55.0 432.0 72.0 444.0
206.0 609.0 222.0 626.0
364.0 161.0 371.0 169.0
332.0 123.0 339.0 128.0
81.0 369.0 98.0 379.0
212.0 266.0 225.0 273.0
395.0 28.0 401.0 34.0
247.0 320.0 263.0 329.0
100.0 407.0 115.0 417.0
235.0 398.0 247.0 407.0
96.0 465.0 110.0 475.0
294.0 79.0 307.0 91.0
289.0 366.0 300.0 374.0
409.0 259.0 417.0 268.0
365.0 161.0 371.0 169.0
56.0 431.0 72.0 443.0
87.0 441.0 108.0 453.0
289.0 367.0 300.0 374.0
286.0 286.0 299.0 297.0
249.0 319.0 263.0 329.0
307.0 457.0 322.0 469.0
96.0 464.0 110.0 474.0
80.0 370.0 98.0 379.0
252.0 362.0 264.0 373.0
140.0 608.0 159.0 622.0
83.0 369.0 98.0 379.0
89.0 443.0 108.0 453.0
229.0 273.0 243.0 280.0
424.0 440.0 432.0 449.0
289.0 449.0 299.0 460.0
285.0 286.0 299.0 297.0
461.0 324.0 468.0 330.0
88.0 441.0 108.0 453.0
332.0 122.0 339.0 128.0
286.0 285.0 299.0 297.0
395.0 27.0 401.0 34.0
285.0 285.0 299.0 297.0
396.0 28.0 401.0 34.0
396.0 27.0 402.0 33.0
80.0 369.0 98.0 379.0
424.0 439.0 432.0 449.0
294.0 78.0 307.0 90.0
396.0 26.0 402.0 33.0
56.0 432.0 72.0 444.0
331.0 122.0 339.0 128.0
140.0 607.0 159.0 622.0
425.0 439.0 432.0 449.0
305.0 457.0 322.0 469.0
95.0 465.0 110.0 475.0
460.0 324.0 468.0 330.0
363.0 161.0 371.0 169.0
213.0 267.0 226.0 273.0
212.0 267.0 225.0 273.0
267.0 257.0 277.0 269.0
47.0 391.0 64.0 400.0
88.0 443.0 108.0 453.0
345.0 450.0 354.0 460.0
293.0 77.0 307.0 90.0
56.0 433.0 72.0 444.0
87.0 442.0 108.0 453.0
18.0 255.0 34.0 267.0
348.0 147.0 356.0 156.0
332.0 121.0 339.0 128.0
215.0 267.0 226.0 273.0
138.0 607.0 159.0 622.0
408.0 259.0 417.0 268.0
284.0 286.0 299.0 297.0
81.0 371.0 98.0 379.0
303.0 500.0 316.0 511.0
306.0 457.0 322.0 469.0
214.0 267.0 226.0 273.0
19.0 255.0 34.0 267.0
460.0 325.0 468.0 330.0
461.0 326.0 468.0 330.0
138.0 606.0 159.0 622.0
57.0 430.0 72.0 442.0
299.0 104.0 307.0 113.0
362.0 160.0 371.0 169.0
363.0 77.0 370.0 84.0
408.0 258.0 417.0 268.0
300.0 104.0 307.0 113.0
346.0 450.0 354.0 460.0
363.0 78.0 370.0 84.0
236.0 398.0 247.0 407.0
407.0 259.0 417.0 268.0
306.0 456.0 322.0 469.0
47.0 390.0 64.0 400.0
461.0 325.0 468.0 330.0
305.0 456.0 322.0 469.0
237.0 398.0 247.0 407.0
19.0 256.0 34.0 267.0
117.0 33.0 130.0 44.0
248.0 319.0 263.0 329.0
241.0 347.0 252.0 355.0
291.0 366.0 300.0 375.0
253.0 363.0 264.0 373.0
395.0 26.0 402.0 33.0
316.0 81.0 325.0 90.0
57.0 432.0 72.0 443.0
291.0 367.0 300.0 375.0
345.0 451.0 354.0 461.0
407.0 258.0 417.0 268.0
81.0 370.0 98.0 379.0
96.0 466.0 110.0 475.0
424.0 438.0 432.0 449.0
397.0 28.0 401.0 34.0
315.0 81.0 325.0 89.0
346.0 451.0 354.0 460.0
381.0 185.0 387.0 193.0
214.0 266.0 226.0 273.0
298.0 104.0 307.0 113.0
117.0 34.0 130.0 44.0
18.0 256.0 34.0 267.0
136.0 335.0 148.0 342.0
347.0 147.0 356.0 156.0
48.0 391.0 64.0 400.0
253.0 362.0 264.0 373.0
118.0 33.0 130.0 44.0
223.0 214.0 234.0 220.0
290.0 367.0 300.0 375.0
215.0 268.0 226.0 273.0
134.0 335.0 148.0 342.0
254.0 362.0 264.0 373.0
371.0 55.0 379.0 61.0
428.0 286.0 436.0 293.0
17.0 255.0 34.0 267.0
48.0 390.0 64.0 400.0
235.0 399.0 247.0 407.0
136.0 334.0 148.0 342.0
397.0 27.0 401.0 34.0
17.0 256.0 34.0 267.0
284.0 285.0 299.0 297.0
57.0 431.0 72.0 443.0
290.0 449.0 299.0 460.0
296.0 494.0 316.0 511.0
135.0 335.0 148.0 342.0
348.0 146.0 356.0 156.0
248.0 318.0 263.0 329.0
137.0 335.0 148.0 342.0
293.0 78.0 307.0 90.0
293.0 79.0 307.0 90.0
117.0 35.0 130.0 44.0
458.0 226.0 463.0 233.0
118.0 34.0 130.0 44.0
291.0 368.0 300.0 375.0
214.0 268.0 226.0 273.0
303.0 501.0 316.0 511.0
247.0 319.0 263.0 329.0
95.0 466.0 110.0 475.0
118.0 35.0 130.0 44.0
458.0 225.0 463.0 232.0
241.0 348.0 252.0 355.0
459.0 225.0 463.0 232.0
346.0 147.0 356.0 156.0
427.0 286.0 436.0 293.0
427.0 285.0 436.0 293.0
290.0 368.0 300.0 375.0
236.0 400.0 247.0 407.0
459.0 224.0 463.0 232.0
372.0 55.0 379.0 61.0
373.0 55.0 379.0 61.0
347.0 146.0 356.0 156.0
236.0 399.0 247.0 407.0
426.0 287.0 436.0 293.0
458.0 224.0 463.0 232.0
242.0 347.0 252.0 355.0
457.0 224.0 463.0 232.0
93.0 93.0 106.0 104.0
247.0 318.0 263.0 329.0
16.0 255.0 34.0 267.0
295.0 494.0 316.0 511.0
372.0 56.0 379.0 61.0
426.0 285.0 436.0 293.0
265.0 130.0 277.0 139.0
235.0 228.0 250.0 242.0
224.0 213.0 234.0 220.0
427.0 287.0 436.0 293.0
236.0 440.0 254.0 455.0
296.0 493.0 316.0 511.0
292.0 78.0 307.0 90.0
429.0 429.0 436.0 434.0
235.0 441.0 254.0 455.0
124.0 612.0 141.0 626.0
89.0 602.0 106.0 615.0
237.0 399.0 247.0 407.0
235.0 227.0 250.0 242.0
242.0 348.0 252.0 355.0
224.0 214.0 234.0 220.0
265.0 129.0 277.0 139.0
459.0 226.0 463.0 233.0
89.0 603.0 106.0 615.0
198.0 274.0 212.0 279.0
235.0 440.0 254.0 455.0
199.0 274.0 212.0 279.0
93.0 91.0 106.0 104.0
205.0 358.0 217.0 369.0
426.0 286.0 436.0 293.0
89.0 601.0 106.0 615.0
295.0 493.0 316.0 511.0
347.0 145.0 356.0 156.0
225.0 214.0 234.0 220.0
93.0 92.0 106.0 104.0
310.0 574.0 328.0 588.0
332.0 38.0 339.0 44.0
264.0 130.0 277.0 139.0
333.0 38.0 339.0 44.0
246.0 319.0 263.0 329.0
137.0 336.0 148.0 342.0
198.0 275.0 212.0 279.0
235.0 226.0 250.0 242.0
264.0 129.0 277.0 139.0
285.0 284.0 299.0 297.0
94.0 92.0 106.0 104.0
265.0 131.0 277.0 139.0
29.0 235.0 35.0 266.0
206.0 358.0 217.0 369.0
204.0 357.0 217.0 369.0
29.0 236.0 35.0 266.0
346.0 146.0 356.0 156.0
94.0 91.0 106.0 104.0
224.0 215.0 234.0 220.0
206.0 357.0 217.0 369.0
205.0 357.0 217.0 369.0
311.0 573.0 328.0 588.0
264.0 131.0 277.0 139.0
420.0 422.0 435.0 434.0
420.0 423.0 435.0 435.0
204.0 358.0 217.0 369.0
333.0 39.0 339.0 44.0
28.0 236.0 35.0 266.0
378.0 306.0 386.0 314.0
311.0 574.0 328.0 588.0
234.0 440.0 254.0 455.0
138.0 335.0 148.0 342.0
386.0 281.0 398.0 285.0
90.0 603.0 106.0 615.0
92.0 92.0 106.0 104.0
199.0 275.0 212.0 279.0
327.0 388.0 338.0 400.0
327.0 387.0 338.0 400.0
233.0 440.0 254.0 455.0
246.0 318.0 263.0 329.0
225.0 213.0 234.0 220.0
90.0 601.0 106.0 615.0
310.0 573.0 328.0 588.0
284.0 284.0 299.0 297.0
309.0 574.0 328.0 588.0
97.0 571.0 115.0 587.0
328.0 387.0 338.0 400.0
157.0 609.0 159.0 622.0
234.0 441.0 254.0 455.0
379.0 306.0 386.0 314.0
346.0 336.0 353.0 351.0
247.0 317.0 263.0 329.0
328.0 388.0 338.0 400.0
27.0 236.0 35.0 266.0
329.0 388.0 338.0 400.0
225.0 215.0 234.0 220.0
385.0 281.0 398.0 285.0
310.0 575.0 328.0 589.0
419.0 422.0 435.0 434.0
158.0 609.0 159.0 622.0
309.0 573.0 328.0 588.0
385.0 282.0 398.0 285.0
223.0 150.0 235.0 154.0
28.0 235.0 35.0 266.0
91.0 602.0 106.0 615.0
345.0 336.0 353.0 351.0
90.0 602.0 106.0 615.0
386.0 282.0 398.0 285.0
266.0 311.0 280.0 323.0
266.0 310.0 280.0 323.0
38.0 451.0 53.0 463.0
330.0 388.0 338.0 399.0
234.0 227.0 250.0 242.0
199.0 276.0 212.0 279.0
378.0 307.0 386.0 314.0
156.0 607.0 159.0 622.0
308.0 574.0 328.0 588.0
37.0 451.0 53.0 463.0
158.0 608.0 159.0 622.0
97.0 572.0 115.0 587.0
329.0 387.0 338.0 399.0
224.0 151.0 235.0 154.0
258.0 461.0 268.0 470.0
309.0 575.0 328.0 588.0
157.0 608.0 159.0 622.0
355.0 369.0 362.0 377.0
330.0 620.0 344.0 625.0
129.0 2.0 121.0 2.0
91.0 601.0 106.0 615.0
223.0 151.0 235.0 154.0
419.0 423.0 435.0 435.0
37.0 452.0 53.0 463.0
442.0 216.0 462.0 232.0
150.0 276.0 169.0 286.0
96.0 572.0 113.0 587.0
390.0 333.0 397.0 341.0
271.0 225.0 275.0 222.0
151.0 277.0 169.0 286.0
347.0 335.0 353.0 351.0
150.0 277.0 169.0 286.0
265.0 311.0 280.0 323.0
98.0 572.0 115.0 587.0
149.0 276.0 169.0 286.0
346.0 335.0 353.0 351.0
28.0 487.0 45.0 497.0
279.0 157.0 296.0 169.0
211.0 285.0 221.0 294.0
273.0 186.0 281.0 187.0
273.0 185.0 281.0 187.0
27.0 488.0 45.0 497.0
28.0 488.0 45.0 497.0
27.0 487.0 45.0 497.0
345.0 335.0 353.0 351.0
26.0 487.0 45.0 497.0
211.0 284.0 221.0 294.0
272.0 614.0 260.0 629.0
360.0 480.0 366.0 475.0
364.0 462.0 366.0 473.0
364.0 463.0 366.0 474.0
81.0 458.0 109.0 475.0
365.0 462.0 366.0 474.0
265.0 310.0 264.0 329.0
302.0 169.0 312.0 188.0
80.0 459.0 109.0 475.0
346.0 334.0 353.0 351.0
361.0 480.0 366.0 475.0
362.0 480.0 366.0 475.0
303.0 169.0 312.0 188.0
347.0 334.0 353.0 351.0
345.0 334.0 353.0 351.0
365.0 463.0 366.0 474.0
362.0 608.0 372.0 620.0
303.0 168.0 312.0 188.0
362.0 481.0 366.0 475.0
361.0 479.0 366.0 475.0
362.0 479.0 366.0 475.0
361.0 481.0 366.0 475.0
304.0 168.0 312.0 188.0
363.0 480.0 366.0 475.0
80.0 458.0 109.0 475.0
452.0 310.0 468.0 330.0
327.0 605.0 344.0 624.0
363.0 609.0 372.0 621.0
363.0 481.0 366.0 475.0
37.0 218.0 35.0 266.0
212.0 285.0 221.0 294.0
452.0 309.0 468.0 330.0
212.0 284.0 221.0 294.0
