253.0 344.0 262.0 372.0
220.0 240.0 228.0 269.0
221.0 240.0 228.0 269.0
220.0 241.0 228.0 269.0
221.0 241.0 228.0 269.0
253.0 343.0 262.0 372.0
123.0 543.0 131.0 576.0
106.0 533.0 115.0 567.0
252.0 342.0 262.0 372.0
220.0 239.0 227.0 268.0
252.0 344.0 262.0 372.0
106.0 534.0 115.0 567.0
253.0 342.0 262.0 372.0
298.0 79.0 302.0 110.0
299.0 79.0 303.0 110.0
240.0 534.0 252.0 573.0
252.0 343.0 262.0 372.0
105.0 533.0 114.0 566.0
252.0 341.0 262.0 372.0
124.0 543.0 132.0 577.0
299.0 80.0 303.0 110.0
253.0 341.0 262.0 372.0
298.0 81.0 302.0 110.0
298.0 80.0 302.0 110.0
346.0 353.0 354.0 381.0
251.0 343.0 262.0 372.0
308.0 129.0 316.0 157.0
105.0 535.0 115.0 567.0
297.0 534.0 309.0 571.0
310.0 129.0 316.0 157.0
267.0 245.0 274.0 272.0
300.0 81.0 303.0 110.0
204.0 358.0 212.0 387.0
220.0 364.0 230.0 393.0
299.0 81.0 303.0 110.0
156.0 313.0 163.0 338.0
158.0 159.0 166.0 186.0
105.0 534.0 114.0 567.0
309.0 129.0 315.0 157.0
300.0 80.0 303.0 110.0
125.0 543.0 132.0 577.0
251.0 342.0 262.0 372.0
240.0 533.0 252.0 573.0
239.0 534.0 252.0 573.0
268.0 244.0 274.0 272.0
156.0 312.0 163.0 338.0
204.0 359.0 212.0 387.0
269.0 245.0 274.0 272.0
125.0 544.0 132.0 577.0
268.0 246.0 274.0 272.0
346.0 354.0 354.0 381.0
158.0 158.0 166.0 186.0
297.0 535.0 309.0 571.0
156.0 314.0 163.0 339.0
310.0 130.0 315.0 157.0
211.0 55.0 220.0 88.0
124.0 544.0 133.0 576.0
155.0 314.0 163.0 339.0
268.0 245.0 274.0 272.0
221.0 363.0 231.0 393.0
295.0 535.0 309.0 571.0
345.0 354.0 354.0 381.0
296.0 535.0 309.0 571.0
158.0 157.0 166.0 186.0
229.0 297.0 239.0 326.0
155.0 313.0 163.0 339.0
257.0 496.0 269.0 530.0
138.0 530.0 147.0 565.0
205.0 359.0 212.0 387.0
211.0 54.0 220.0 88.0
212.0 56.0 220.0 88.0
371.0 245.0 380.0 273.0
372.0 246.0 380.0 274.0
370.0 245.0 380.0 273.0
238.0 533.0 252.0 573.0
296.0 534.0 309.0 571.0
175.0 223.0 184.0 253.0
239.0 533.0 252.0 573.0
156.0 258.0 167.0 286.0
125.0 545.0 132.0 577.0
446.0 178.0 453.0 204.0
21.0 266.0 30.0 296.0
175.0 225.0 184.0 254.0
309.0 130.0 315.0 157.0
157.0 159.0 166.0 186.0
139.0 530.0 147.0 565.0
138.0 529.0 147.0 565.0
346.0 355.0 354.0 381.0
157.0 258.0 167.0 286.0
20.0 266.0 30.0 296.0
240.0 532.0 252.0 573.0
205.0 360.0 213.0 388.0
221.0 365.0 230.0 393.0
159.0 158.0 166.0 186.0
175.0 224.0 184.0 254.0
126.0 545.0 134.0 577.0
208.0 274.0 217.0 304.0
123.0 544.0 133.0 576.0
334.0 191.0 339.0 217.0
209.0 274.0 218.0 304.0
175.0 222.0 184.0 253.0
209.0 273.0 218.0 303.0
230.0 298.0 239.0 326.0
297.0 536.0 309.0 571.0
138.0 531.0 147.0 565.0
333.0 191.0 339.0 217.0
204.0 360.0 212.0 388.0
58.0 522.0 67.0 553.0
233.0 504.0 242.0 538.0
155.0 312.0 163.0 338.0
125.0 546.0 133.0 576.0
156.0 260.0 167.0 287.0
132.0 277.0 143.0 307.0
331.0 221.0 337.0 247.0
124.0 545.0 133.0 576.0
208.0 273.0 217.0 304.0
174.0 224.0 184.0 253.0
212.0 55.0 220.0 88.0
159.0 159.0 166.0 186.0
195.0 185.0 203.0 213.0
157.0 259.0 167.0 287.0
174.0 223.0 184.0 253.0
221.0 364.0 231.0 393.0
140.0 536.0 148.0 567.0
297.0 537.0 309.0 571.0
157.0 189.0 169.0 217.0
271.0 285.0 280.0 317.0
196.0 185.0 203.0 213.0
233.0 505.0 242.0 538.0
326.0 353.0 336.0 381.0
239.0 532.0 252.0 573.0
203.0 358.0 212.0 387.0
295.0 536.0 309.0 571.0
331.0 222.0 338.0 247.0
379.0 159.0 386.0 186.0
446.0 179.0 453.0 204.0
134.0 278.0 143.0 308.0
270.0 286.0 280.0 317.0
346.0 214.0 353.0 243.0
203.0 360.0 212.0 387.0
445.0 178.0 453.0 204.0
174.0 225.0 184.0 254.0
59.0 522.0 67.0 553.0
296.0 536.0 309.0 571.0
327.0 353.0 336.0 381.0
230.0 297.0 239.0 326.0
346.0 216.0 353.0 243.0
132.0 278.0 143.0 308.0
133.0 277.0 143.0 307.0
380.0 161.0 386.0 187.0
327.0 354.0 336.0 382.0
203.0 359.0 212.0 387.0
346.0 215.0 353.0 243.0
156.0 257.0 167.0 286.0
270.0 285.0 280.0 317.0
326.0 354.0 336.0 381.0
329.0 331.0 339.0 359.0
331.0 223.0 338.0 247.0
157.0 260.0 167.0 287.0
239.0 96.0 244.0 124.0
174.0 222.0 184.0 253.0
329.0 332.0 339.0 359.0
239.0 95.0 244.0 124.0
347.0 216.0 353.0 243.0
296.0 537.0 309.0 571.0
271.0 286.0 280.0 317.0
175.0 221.0 184.0 253.0
165.0 143.0 176.0 172.0
328.0 354.0 336.0 382.0
238.0 532.0 252.0 573.0
238.0 96.0 243.0 124.0
114.0 492.0 124.0 527.0
347.0 214.0 353.0 243.0
113.0 293.0 121.0 321.0
134.0 277.0 143.0 308.0
245.0 305.0 253.0 334.0
196.0 186.0 203.0 213.0
133.0 278.0 143.0 308.0
123.0 545.0 131.0 576.0
156.0 259.0 167.0 286.0
334.0 190.0 339.0 217.0
60.0 522.0 67.0 553.0
158.0 160.0 166.0 186.0
380.0 162.0 387.0 188.0
112.0 293.0 121.0 321.0
347.0 215.0 353.0 243.0
58.0 523.0 67.0 553.0
254.0 239.0 262.0 270.0
328.0 331.0 339.0 359.0
244.0 306.0 253.0 334.0
212.0 54.0 220.0 88.0
239.0 531.0 252.0 573.0
445.0 179.0 453.0 204.0
330.0 222.0 337.0 247.0
328.0 353.0 336.0 381.0
114.0 293.0 121.0 321.0
422.0 217.0 430.0 241.0
213.0 55.0 220.0 88.0
329.0 330.0 339.0 359.0
140.0 537.0 148.0 567.0
59.0 523.0 67.0 553.0
214.0 200.0 222.0 228.0
330.0 221.0 337.0 247.0
336.0 236.0 345.0 262.0
159.0 160.0 166.0 186.0
134.0 276.0 143.0 307.0
214.0 199.0 222.0 228.0
345.0 215.0 353.0 243.0
133.0 276.0 143.0 307.0
337.0 235.0 345.0 262.0
113.0 294.0 121.0 321.0
246.0 305.0 253.0 334.0
34.0 508.0 44.0 541.0
132.0 276.0 143.0 307.0
80.0 487.0 94.0 528.0
141.0 537.0 148.0 567.0
337.0 236.0 345.0 262.0
421.0 215.0 430.0 241.0
6.0 372.0 13.0 399.0
112.0 294.0 121.0 321.0
5.0 372.0 13.0 399.0
59.0 524.0 67.0 553.0
84.0 67.0 92.0 94.0
245.0 306.0 253.0 334.0
46.0 230.0 57.0 261.0
214.0 198.0 222.0 228.0
336.0 235.0 345.0 262.0
60.0 523.0 67.0 553.0
218.0 234.0 227.0 267.0
338.0 234.0 345.0 261.0
10.0 315.0 19.0 344.0
328.0 330.0 339.0 359.0
330.0 223.0 337.0 247.0
34.0 509.0 43.0 539.0
6.0 370.0 13.0 399.0
239.0 97.0 243.0 124.0
244.0 307.0 253.0 334.0
337.0 234.0 345.0 261.0
156.0 189.0 169.0 217.0
5.0 370.0 13.0 399.0
328.0 329.0 339.0 359.0
329.0 329.0 339.0 359.0
5.0 371.0 13.0 399.0
246.0 306.0 253.0 334.0
10.0 316.0 19.0 344.0
422.0 216.0 430.0 241.0
12.0 317.0 19.0 344.0
84.0 66.0 92.0 94.0
220.0 102.0 228.0 136.0
6.0 371.0 13.0 399.0
4.0 371.0 13.0 399.0
219.0 101.0 228.0 136.0
35.0 508.0 44.0 541.0
12.0 316.0 19.0 344.0
12.0 318.0 19.0 344.0
238.0 97.0 243.0 124.0
60.0 524.0 67.0 553.0
35.0 509.0 44.0 541.0
11.0 316.0 19.0 344.0
10.0 317.0 19.0 344.0
36.0 509.0 44.0 541.0
35.0 510.0 44.0 541.0
11.0 315.0 19.0 344.0
245.0 307.0 253.0 334.0
56.0 491.0 65.0 526.0
246.0 307.0 253.0 334.0
45.0 230.0 57.0 261.0
55.0 491.0 65.0 526.0
422.0 215.0 430.0 241.0
55.0 490.0 65.0 526.0
220.0 101.0 228.0 136.0
221.0 102.0 228.0 136.0
11.0 317.0 19.0 344.0
220.0 100.0 228.0 136.0
11.0 318.0 19.0 344.0
54.0 492.0 65.0 526.0
221.0 101.0 228.0 136.0
54.0 490.0 65.0 526.0
125.0 178.0 135.0 213.0
55.0 492.0 65.0 526.0
247.0 306.0 253.0 334.0
54.0 491.0 65.0 526.0
155.0 189.0 169.0 217.0
49.0 236.0 58.0 262.0
124.0 178.0 135.0 213.0
50.0 237.0 58.0 262.0
380.0 241.0 380.0 273.0
466.0 166.0 474.0 197.0
380.0 240.0 380.0 273.0
465.0 166.0 474.0 197.0
464.0 166.0 474.0 197.0
92.0 192.0 102.0 215.0
73.0 487.0 94.0 528.0
381.0 242.0 380.0 273.0
50.0 238.0 58.0 262.0
465.0 165.0 474.0 197.0
49.0 237.0 58.0 262.0
381.0 241.0 380.0 273.0
48.0 237.0 57.0 261.0
93.0 192.0 102.0 215.0
49.0 238.0 58.0 262.0
72.0 487.0 94.0 528.0
260.0 538.0 281.0 585.0
124.0 177.0 135.0 213.0
259.0 538.0 281.0 585.0
260.0 537.0 281.0 585.0
125.0 177.0 135.0 213.0
72.0 486.0 94.0 528.0
381.0 240.0 380.0 273.0
92.0 193.0 102.0 215.0
117.0 300.0 122.0 321.0
460.0 312.0 470.0 337.0
460.0 311.0 470.0 337.0
259.0 537.0 281.0 585.0
382.0 241.0 380.0 273.0
77.0 47.0 92.0 94.0
459.0 311.0 470.0 337.0
124.0 176.0 135.0 213.0
76.0 47.0 92.0 94.0
380.0 259.0 380.0 274.0
459.0 312.0 470.0 337.0
172.0 356.0 182.0 401.0
154.0 611.0 96.0 608.0
93.0 193.0 102.0 215.0
380.0 260.0 380.0 274.0
155.0 611.0 96.0 608.0
230.0 226.0 229.0 268.0
17.0 572.0 27.0 607.0
252.0 511.0 251.0 554.0
17.0 571.0 27.0 607.0
458.0 312.0 470.0 337.0
155.0 610.0 96.0 608.0
172.0 357.0 182.0 401.0
107.0 562.0 118.0 599.0
76.0 46.0 92.0 94.0
172.0 355.0 182.0 401.0
458.0 311.0 470.0 337.0
229.0 225.0 228.0 267.0
181.0 511.0 184.0 533.0
63.0 197.0 77.0 240.0
18.0 573.0 28.0 608.0
156.0 612.0 98.0 608.0
34.0 269.0 30.0 296.0
156.0 611.0 98.0 608.0
381.0 260.0 380.0 274.0
17.0 570.0 28.0 608.0
171.0 355.0 182.0 401.0
286.0 480.0 288.0 530.0
229.0 224.0 227.0 267.0
155.0 612.0 97.0 608.0
203.0 33.0 211.0 66.0
192.0 568.0 201.0 601.0
230.0 225.0 229.0 268.0
154.0 612.0 98.0 608.0
457.0 311.0 470.0 337.0
