340.0 176.0 337.0 156.0
338.0 370.0 329.0 348.0
244.0 388.0 236.0 363.0
338.0 369.0 329.0 348.0
337.0 370.0 329.0 348.0
449.0 276.0 445.0 260.0
340.0 177.0 337.0 156.0
132.0 337.0 125.0 314.0
243.0 388.0 235.0 364.0
341.0 177.0 337.0 156.0
448.0 274.0 444.0 260.0
243.0 390.0 235.0 364.0
244.0 389.0 236.0 363.0
243.0 387.0 235.0 362.0
134.0 383.0 126.0 356.0
134.0 384.0 126.0 357.0
148.0 287.0 142.0 258.0
449.0 275.0 445.0 260.0
194.0 286.0 187.0 260.0
194.0 285.0 187.0 260.0
448.0 273.0 445.0 260.0
162.0 421.0 153.0 395.0
148.0 286.0 142.0 258.0
125.0 164.0 121.0 136.0
245.0 574.0 231.0 544.0
339.0 175.0 337.0 154.0
134.0 382.0 124.0 355.0
132.0 189.0 127.0 161.0
243.0 389.0 235.0 364.0
244.0 390.0 235.0 364.0
245.0 575.0 232.0 545.0
244.0 387.0 235.0 362.0
449.0 274.0 445.0 260.0
436.0 316.0 431.0 298.0
213.0 416.0 204.0 390.0
338.0 371.0 329.0 348.0
214.0 416.0 205.0 390.0
131.0 189.0 127.0 161.0
213.0 417.0 204.0 391.0
436.0 315.0 431.0 298.0
162.0 422.0 153.0 395.0
193.0 285.0 187.0 260.0
135.0 383.0 126.0 356.0
134.0 385.0 126.0 357.0
339.0 176.0 337.0 156.0
133.0 337.0 125.0 314.0
246.0 574.0 232.0 544.0
320.0 371.0 311.0 351.0
251.0 122.0 249.0 96.0
135.0 382.0 124.0 355.0
417.0 209.0 414.0 191.0
338.0 372.0 329.0 349.0
187.0 260.0 179.0 235.0
125.0 163.0 121.0 136.0
135.0 384.0 126.0 357.0
306.0 574.0 291.0 546.0
437.0 317.0 432.0 299.0
148.0 285.0 142.0 258.0
341.0 178.0 337.0 156.0
148.0 284.0 142.0 258.0
133.0 338.0 125.0 314.0
337.0 371.0 329.0 349.0
195.0 285.0 189.0 260.0
124.0 163.0 121.0 136.0
305.0 573.0 291.0 546.0
125.0 162.0 121.0 136.0
449.0 273.0 445.0 260.0
339.0 371.0 329.0 348.0
251.0 119.0 249.0 93.0
186.0 259.0 179.0 235.0
132.0 188.0 127.0 161.0
135.0 385.0 126.0 357.0
167.0 121.0 164.0 93.0
214.0 417.0 205.0 390.0
242.0 282.0 236.0 257.0
417.0 210.0 414.0 191.0
149.0 284.0 141.0 257.0
339.0 177.0 337.0 156.0
250.0 122.0 249.0 96.0
251.0 120.0 249.0 93.0
437.0 316.0 431.0 298.0
243.0 281.0 236.0 256.0
124.0 162.0 121.0 136.0
306.0 573.0 291.0 545.0
340.0 178.0 337.0 156.0
250.0 119.0 249.0 93.0
133.0 336.0 125.0 313.0
244.0 281.0 236.0 256.0
133.0 189.0 127.0 161.0
124.0 164.0 121.0 136.0
149.0 286.0 142.0 258.0
192.0 416.0 181.0 389.0
134.0 336.0 124.0 314.0
251.0 121.0 249.0 93.0
307.0 573.0 291.0 545.0
321.0 372.0 311.0 351.0
134.0 338.0 125.0 314.0
167.0 122.0 164.0 93.0
149.0 285.0 142.0 258.0
416.0 209.0 414.0 191.0
246.0 573.0 231.0 544.0
243.0 282.0 236.0 257.0
318.0 586.0 302.0 557.0
167.0 120.0 164.0 93.0
192.0 415.0 181.0 388.0
437.0 315.0 431.0 298.0
307.0 572.0 291.0 545.0
149.0 287.0 142.0 258.0
233.0 406.0 222.0 381.0
195.0 286.0 188.0 261.0
186.0 260.0 179.0 235.0
438.0 317.0 432.0 299.0
215.0 416.0 205.0 390.0
306.0 572.0 291.0 545.0
283.0 278.0 277.0 258.0
108.0 254.0 100.0 227.0
134.0 337.0 125.0 314.0
308.0 251.0 303.0 228.0
309.0 250.0 303.0 228.0
148.0 283.0 141.0 257.0
416.0 208.0 414.0 191.0
213.0 415.0 203.0 390.0
185.0 260.0 179.0 235.0
189.0 326.0 181.0 303.0
166.0 283.0 160.0 258.0
193.0 415.0 181.0 388.0
308.0 250.0 302.0 228.0
168.0 121.0 164.0 93.0
250.0 121.0 249.0 93.0
417.0 211.0 413.0 191.0
242.0 299.0 235.0 273.0
108.0 255.0 100.0 227.0
438.0 315.0 431.0 298.0
249.0 120.0 249.0 93.0
416.0 210.0 414.0 191.0
97.0 371.0 89.0 344.0
250.0 120.0 249.0 93.0
320.0 372.0 310.0 351.0
214.0 415.0 205.0 390.0
309.0 251.0 303.0 228.0
249.0 121.0 249.0 93.0
270.0 555.0 255.0 526.0
243.0 283.0 236.0 257.0
229.0 282.0 224.0 258.0
96.0 371.0 89.0 344.0
283.0 279.0 276.0 258.0
168.0 120.0 164.0 92.0
186.0 261.0 179.0 235.0
409.0 193.0 407.0 175.0
242.0 297.0 235.0 273.0
267.0 144.0 264.0 118.0
232.0 406.0 222.0 381.0
193.0 414.0 181.0 388.0
166.0 284.0 160.0 258.0
309.0 249.0 303.0 228.0
193.0 416.0 181.0 388.0
321.0 373.0 311.0 351.0
320.0 353.0 312.0 332.0
242.0 300.0 235.0 273.0
232.0 405.0 222.0 381.0
97.0 372.0 89.0 344.0
319.0 351.0 312.0 332.0
189.0 329.0 181.0 303.0
133.0 188.0 127.0 161.0
172.0 88.0 171.0 61.0
244.0 282.0 236.0 256.0
191.0 149.0 189.0 125.0
242.0 298.0 235.0 273.0
438.0 316.0 431.0 298.0
318.0 351.0 312.0 332.0
319.0 353.0 311.0 332.0
189.0 328.0 181.0 303.0
245.0 573.0 231.0 544.0
320.0 374.0 310.0 351.0
188.0 326.0 181.0 302.0
322.0 373.0 311.0 351.0
170.0 329.0 162.0 304.0
172.0 90.0 171.0 61.0
172.0 89.0 171.0 61.0
415.0 210.0 414.0 191.0
98.0 370.0 89.0 344.0
173.0 88.0 171.0 61.0
190.0 151.0 189.0 126.0
409.0 194.0 407.0 176.0
319.0 352.0 312.0 332.0
188.0 328.0 181.0 303.0
270.0 554.0 255.0 526.0
190.0 150.0 189.0 126.0
277.0 250.0 270.0 225.0
191.0 152.0 189.0 126.0
250.0 315.0 243.0 291.0
191.0 150.0 189.0 126.0
321.0 374.0 311.0 351.0
192.0 414.0 181.0 388.0
407.0 193.0 406.0 175.0
229.0 283.0 224.0 258.0
416.0 211.0 413.0 191.0
269.0 555.0 255.0 526.0
409.0 195.0 407.0 176.0
320.0 352.0 312.0 332.0
97.0 370.0 89.0 344.0
320.0 351.0 312.0 332.0
277.0 249.0 270.0 225.0
318.0 352.0 312.0 332.0
185.0 261.0 179.0 235.0
189.0 327.0 181.0 303.0
322.0 374.0 311.0 351.0
278.0 250.0 270.0 225.0
115.0 358.0 107.0 333.0
218.0 321.0 210.0 298.0
320.0 373.0 310.0 351.0
171.0 88.0 170.0 61.0
408.0 194.0 407.0 176.0
191.0 151.0 189.0 126.0
276.0 250.0 270.0 225.0
276.0 249.0 270.0 225.0
173.0 89.0 171.0 61.0
188.0 327.0 181.0 303.0
114.0 358.0 107.0 333.0
271.0 445.0 260.0 422.0
320.0 375.0 310.0 351.0
107.0 255.0 100.0 227.0
230.0 282.0 224.0 258.0
407.0 194.0 406.0 176.0
277.0 251.0 270.0 225.0
408.0 193.0 407.0 175.0
230.0 283.0 224.0 258.0
116.0 358.0 107.0 333.0
317.0 190.0 314.0 169.0
321.0 375.0 310.0 351.0
191.0 415.0 181.0 389.0
243.0 299.0 235.0 273.0
64.0 280.0 58.0 252.0
295.0 202.0 294.0 181.0
97.0 369.0 89.0 344.0
59.0 209.0 53.0 179.0
243.0 297.0 235.0 273.0
180.0 167.0 175.0 139.0
243.0 298.0 235.0 273.0
270.0 553.0 255.0 526.0
114.0 359.0 107.0 333.0
192.0 151.0 189.0 125.0
217.0 321.0 208.0 297.0
269.0 554.0 255.0 526.0
269.0 553.0 255.0 526.0
243.0 300.0 235.0 273.0
271.0 444.0 260.0 421.0
199.0 134.0 198.0 102.0
294.0 203.0 292.0 181.0
217.0 322.0 208.0 298.0
108.0 226.0 99.0 204.0
179.0 168.0 175.0 139.0
192.0 150.0 189.0 125.0
408.0 195.0 407.0 176.0
241.0 525.0 228.0 500.0
268.0 554.0 255.0 526.0
212.0 345.0 205.0 320.0
107.0 254.0 100.0 227.0
230.0 349.0 221.0 325.0
296.0 202.0 294.0 181.0
270.0 443.0 260.0 421.0
211.0 345.0 204.0 320.0
96.0 370.0 89.0 344.0
241.0 524.0 228.0 500.0
379.0 294.0 377.0 279.0
130.0 260.0 123.0 236.0
130.0 259.0 123.0 236.0
276.0 248.0 270.0 225.0
179.0 169.0 175.0 139.0
294.0 202.0 292.0 181.0
109.0 226.0 99.0 204.0
115.0 359.0 107.0 333.0
180.0 169.0 175.0 139.0
84.0 293.0 76.0 264.0
229.0 350.0 221.0 325.0
228.0 350.0 221.0 325.0
171.0 89.0 170.0 62.0
115.0 360.0 107.0 333.0
109.0 237.0 99.0 204.0
109.0 225.0 99.0 204.0
270.0 442.0 260.0 421.0
96.0 369.0 89.0 344.0
31.0 371.0 21.0 341.0
407.0 195.0 406.0 176.0
268.0 553.0 255.0 526.0
295.0 203.0 292.0 181.0
180.0 168.0 175.0 139.0
212.0 344.0 205.0 320.0
30.0 370.0 21.0 341.0
294.0 201.0 292.0 181.0
129.0 259.0 123.0 236.0
229.0 349.0 220.0 324.0
295.0 201.0 294.0 181.0
228.0 349.0 220.0 324.0
107.0 253.0 100.0 227.0
210.0 343.0 204.0 319.0
210.0 344.0 204.0 319.0
129.0 260.0 123.0 236.0
378.0 293.0 377.0 279.0
228.0 348.0 220.0 324.0
229.0 348.0 221.0 325.0
211.0 344.0 205.0 320.0
108.0 225.0 99.0 204.0
128.0 259.0 123.0 236.0
31.0 370.0 21.0 341.0
211.0 343.0 204.0 319.0
30.0 371.0 21.0 341.0
180.0 170.0 175.0 139.0
129.0 258.0 123.0 236.0
212.0 343.0 205.0 320.0
106.0 254.0 100.0 227.0
270.0 441.0 260.0 421.0
29.0 370.0 21.0 341.0
128.0 258.0 123.0 236.0
238.0 594.0 223.0 565.0
84.0 294.0 76.0 264.0
239.0 594.0 223.0 565.0
127.0 258.0 123.0 236.0
57.0 200.0 53.0 178.0
57.0 199.0 53.0 178.0
126.0 242.0 119.0 221.0
127.0 259.0 123.0 236.0
127.0 257.0 119.0 222.0
106.0 253.0 100.0 227.0
127.0 242.0 119.0 221.0
46.0 277.0 39.0 246.0
238.0 595.0 223.0 565.0
126.0 241.0 119.0 221.0
127.0 241.0 119.0 221.0
239.0 595.0 223.0 565.0
183.0 63.0 181.0 34.0
183.0 62.0 181.0 34.0
126.0 258.0 123.0 236.0
299.0 534.0 285.0 503.0
182.0 63.0 181.0 34.0
300.0 534.0 285.0 503.0
182.0 62.0 181.0 34.0
299.0 535.0 285.0 503.0
161.0 236.0 156.0 220.0
300.0 535.0 285.0 503.0
274.0 629.0 258.0 598.0
273.0 628.0 258.0 598.0
274.0 628.0 258.0 598.0
161.0 235.0 156.0 220.0
141.0 32.0 139.0 7.0
273.0 629.0 258.0 598.0
141.0 33.0 139.0 7.0
142.0 32.0 139.0 7.0
231.0 76.0 229.0 35.0
257.0 605.0 243.0 577.0
257.0 604.0 242.0 576.0
231.0 75.0 229.0 35.0
98.0 600.0 78.0 564.0
232.0 76.0 229.0 35.0
97.0 601.0 78.0 564.0
58.0 602.0 44.0 568.0
232.0 75.0 229.0 35.0
56.0 602.0 44.0 568.0
142.0 30.0 139.0 7.0
293.0 195.0 292.0 180.0
58.0 603.0 44.0 568.0
99.0 600.0 78.0 564.0
58.0 601.0 44.0 568.0
57.0 602.0 44.0 568.0
29.0 616.0 20.0 604.0
56.0 601.0 44.0 568.0
294.0 195.0 292.0 180.0
98.0 601.0 78.0 564.0
99.0 602.0 78.0 564.0
117.0 381.0 124.0 356.0
30.0 617.0 20.0 604.0
98.0 602.0 78.0 564.0
31.0 617.0 20.0 604.0
83.0 604.0 76.0 565.0
31.0 616.0 20.0 604.0
57.0 603.0 44.0 568.0
99.0 601.0 78.0 564.0
435.0 299.0 432.0 298.0
57.0 601.0 44.0 568.0
142.0 29.0 139.0 7.0
30.0 616.0 20.0 604.0
116.0 380.0 124.0 356.0
461.0 295.0 445.0 260.0
30.0 615.0 20.0 604.0
116.0 382.0 124.0 356.0
461.0 296.0 445.0 260.0
293.0 194.0 292.0 180.0
434.0 299.0 432.0 298.0
104.0 286.0 96.0 248.0
104.0 285.0 96.0 248.0
238.0 630.0 193.0 627.0
294.0 194.0 292.0 180.0
116.0 381.0 124.0 356.0
434.0 298.0 432.0 298.0
40.0 292.0 39.0 246.0
435.0 298.0 432.0 298.0
39.0 292.0 39.0 246.0
40.0 293.0 39.0 246.0
183.0 241.0 179.0 234.0
235.0 613.0 222.0 597.0
