229.0 468.0 240.0 488.0
228.0 469.0 240.0 489.0
346.0 351.0 365.0 383.0
335.0 337.0 355.0 367.0
229.0 469.0 240.0 489.0
229.0 470.0 240.0 489.0
335.0 338.0 355.0 367.0
103.0 408.0 117.0 423.0
230.0 469.0 241.0 488.0
137.0 604.0 142.0 612.0
230.0 468.0 241.0 488.0
193.0 426.0 207.0 443.0
334.0 337.0 355.0 367.0
388.0 388.0 412.0 429.0
102.0 409.0 117.0 423.0
389.0 388.0 412.0 429.0
334.0 338.0 355.0 367.0
104.0 409.0 117.0 423.0
103.0 409.0 117.0 423.0
208.0 474.0 220.0 492.0
104.0 410.0 117.0 423.0
104.0 408.0 117.0 423.0
291.0 73.0 325.0 97.0
136.0 604.0 142.0 612.0
137.0 603.0 142.0 612.0
207.0 474.0 220.0 492.0
265.0 258.0 287.0 283.0
65.0 160.0 93.0 168.0
265.0 259.0 287.0 283.0
292.0 74.0 326.0 97.0
206.0 358.0 221.0 382.0
193.0 425.0 207.0 442.0
291.0 74.0 325.0 97.0
335.0 339.0 355.0 367.0
388.0 387.0 412.0 429.0
206.0 357.0 221.0 382.0
194.0 426.0 207.0 443.0
293.0 74.0 326.0 97.0
194.0 425.0 207.0 442.0
205.0 358.0 220.0 381.0
65.0 159.0 93.0 168.0
334.0 339.0 355.0 367.0
419.0 436.0 436.0 476.0
207.0 475.0 220.0 492.0
208.0 475.0 220.0 492.0
264.0 259.0 287.0 283.0
65.0 161.0 93.0 168.0
206.0 474.0 220.0 492.0
105.0 409.0 119.0 425.0
419.0 435.0 436.0 476.0
123.0 359.0 141.0 376.0
228.0 381.0 243.0 400.0
209.0 247.0 232.0 266.0
96.0 540.0 104.0 545.0
66.0 161.0 93.0 168.0
150.0 255.0 171.0 267.0
195.0 425.0 207.0 442.0
227.0 381.0 243.0 400.0
369.0 472.0 383.0 506.0
418.0 436.0 436.0 476.0
96.0 539.0 104.0 545.0
64.0 160.0 93.0 168.0
420.0 436.0 436.0 476.0
193.0 177.0 221.0 194.0
97.0 539.0 104.0 545.0
192.0 177.0 219.0 195.0
228.0 380.0 243.0 400.0
66.0 160.0 93.0 168.0
191.0 177.0 219.0 195.0
229.0 381.0 244.0 401.0
130.0 431.0 144.0 449.0
418.0 435.0 436.0 476.0
130.0 432.0 144.0 449.0
159.0 271.0 180.0 284.0
228.0 382.0 243.0 400.0
131.0 431.0 144.0 449.0
130.0 430.0 144.0 449.0
122.0 359.0 141.0 376.0
176.0 336.0 195.0 350.0
198.0 114.0 227.0 131.0
96.0 538.0 104.0 545.0
123.0 358.0 141.0 376.0
159.0 270.0 180.0 283.0
106.0 115.0 133.0 123.0
208.0 247.0 232.0 266.0
148.0 289.0 167.0 302.0
280.0 365.0 298.0 389.0
106.0 116.0 133.0 123.0
197.0 114.0 227.0 131.0
131.0 430.0 144.0 449.0
195.0 426.0 207.0 443.0
52.0 151.0 78.0 157.0
148.0 288.0 168.0 301.0
209.0 248.0 232.0 266.0
177.0 335.0 195.0 349.0
81.0 13.0 120.0 17.0
150.0 256.0 171.0 267.0
136.0 374.0 153.0 389.0
177.0 336.0 195.0 349.0
136.0 373.0 153.0 389.0
108.0 293.0 129.0 307.0
369.0 473.0 383.0 506.0
176.0 335.0 195.0 349.0
419.0 437.0 436.0 476.0
109.0 293.0 129.0 307.0
281.0 365.0 298.0 389.0
82.0 13.0 120.0 17.0
122.0 358.0 141.0 376.0
368.0 357.0 389.0 394.0
370.0 473.0 386.0 508.0
109.0 294.0 129.0 307.0
138.0 308.0 157.0 321.0
82.0 14.0 120.0 17.0
82.0 492.0 91.0 496.0
100.0 499.0 109.0 506.0
137.0 309.0 156.0 322.0
82.0 491.0 91.0 496.0
81.0 493.0 91.0 498.0
158.0 270.0 179.0 283.0
138.0 309.0 156.0 322.0
178.0 336.0 195.0 349.0
137.0 308.0 157.0 321.0
108.0 294.0 129.0 307.0
100.0 498.0 109.0 506.0
158.0 271.0 179.0 283.0
158.0 269.0 180.0 283.0
259.0 315.0 284.0 338.0
115.0 229.0 139.0 240.0
157.0 269.0 179.0 283.0
81.0 492.0 91.0 496.0
368.0 358.0 389.0 394.0
270.0 331.0 289.0 355.0
368.0 356.0 389.0 393.0
280.0 364.0 298.0 389.0
413.0 369.0 435.0 412.0
218.0 296.0 239.0 316.0
238.0 353.0 255.0 374.0
100.0 497.0 109.0 500.0
255.0 75.0 287.0 96.0
181.0 161.0 209.0 177.0
258.0 315.0 284.0 338.0
281.0 364.0 298.0 389.0
196.0 507.0 207.0 524.0
82.0 493.0 91.0 496.0
51.0 151.0 78.0 157.0
100.0 496.0 109.0 500.0
81.0 14.0 120.0 17.0
219.0 296.0 239.0 316.0
255.0 73.0 287.0 95.0
241.0 281.0 261.0 303.0
195.0 228.0 218.0 243.0
180.0 407.0 194.0 423.0
240.0 281.0 261.0 303.0
81.0 549.0 90.0 554.0
238.0 352.0 255.0 372.0
180.0 408.0 194.0 423.0
181.0 160.0 209.0 177.0
157.0 270.0 179.0 283.0
219.0 297.0 239.0 316.0
241.0 282.0 261.0 303.0
82.0 549.0 90.0 554.0
81.0 548.0 90.0 554.0
51.0 152.0 78.0 157.0
100.0 495.0 109.0 500.0
194.0 229.0 218.0 243.0
195.0 227.0 218.0 243.0
238.0 351.0 255.0 372.0
81.0 491.0 91.0 496.0
270.0 332.0 289.0 355.0
182.0 161.0 209.0 177.0
197.0 507.0 207.0 524.0
136.0 372.0 153.0 389.0
194.0 228.0 218.0 243.0
100.0 203.0 123.0 211.0
81.0 550.0 90.0 554.0
255.0 74.0 287.0 96.0
197.0 508.0 207.0 524.0
369.0 357.0 389.0 393.0
157.0 271.0 179.0 283.0
237.0 353.0 255.0 373.0
166.0 509.0 177.0 523.0
271.0 331.0 289.0 355.0
369.0 359.0 389.0 394.0
182.0 160.0 209.0 177.0
369.0 358.0 389.0 394.0
237.0 352.0 255.0 373.0
181.0 408.0 194.0 423.0
61.0 354.0 79.0 365.0
34.0 357.0 52.0 363.0
60.0 354.0 79.0 365.0
34.0 356.0 52.0 363.0
390.0 369.0 411.0 409.0
389.0 369.0 411.0 409.0
33.0 356.0 52.0 363.0
259.0 316.0 284.0 338.0
60.0 353.0 79.0 365.0
106.0 562.0 112.0 569.0
85.0 516.0 95.0 522.0
101.0 203.0 123.0 211.0
166.0 510.0 177.0 524.0
33.0 357.0 52.0 363.0
141.0 208.0 165.0 219.0
180.0 160.0 209.0 177.0
165.0 509.0 177.0 523.0
271.0 332.0 290.0 355.0
167.0 509.0 177.0 523.0
100.0 202.0 123.0 211.0
106.0 563.0 112.0 569.0
140.0 208.0 165.0 219.0
72.0 525.0 81.0 529.0
35.0 221.0 56.0 224.0
181.0 159.0 209.0 177.0
87.0 355.0 104.0 369.0
114.0 71.0 141.0 78.0
141.0 209.0 165.0 219.0
86.0 355.0 104.0 369.0
32.0 422.0 46.0 427.0
99.0 203.0 123.0 211.0
214.0 572.0 221.0 591.0
32.0 357.0 52.0 363.0
105.0 562.0 112.0 569.0
86.0 516.0 95.0 522.0
214.0 571.0 221.0 591.0
149.0 502.0 159.0 512.0
407.0 360.0 431.0 401.0
114.0 72.0 141.0 78.0
59.0 353.0 79.0 365.0
59.0 354.0 79.0 365.0
33.0 422.0 47.0 427.0
32.0 421.0 46.0 427.0
236.0 351.0 255.0 373.0
36.0 222.0 56.0 224.0
105.0 563.0 112.0 569.0
35.0 222.0 56.0 224.0
142.0 208.0 165.0 219.0
237.0 351.0 255.0 373.0
42.0 207.0 66.0 209.0
32.0 356.0 52.0 363.0
167.0 510.0 177.0 524.0
86.0 356.0 104.0 369.0
180.0 159.0 209.0 177.0
215.0 571.0 222.0 590.0
100.0 204.0 123.0 211.0
177.0 523.0 187.0 537.0
217.0 122.0 250.0 144.0
407.0 359.0 431.0 401.0
236.0 352.0 255.0 373.0
85.0 515.0 95.0 522.0
406.0 360.0 431.0 401.0
170.0 596.0 176.0 609.0
101.0 202.0 123.0 211.0
33.0 421.0 46.0 427.0
178.0 522.0 187.0 537.0
172.0 597.0 176.0 609.0
42.0 206.0 66.0 209.0
171.0 598.0 176.0 610.0
32.0 420.0 46.0 427.0
171.0 596.0 176.0 609.0
34.0 221.0 56.0 224.0
171.0 597.0 176.0 609.0
215.0 572.0 222.0 590.0
178.0 523.0 187.0 537.0
86.0 515.0 95.0 522.0
115.0 72.0 141.0 78.0
34.0 222.0 56.0 224.0
41.0 207.0 66.0 209.0
41.0 206.0 66.0 209.0
170.0 597.0 176.0 609.0
33.0 420.0 46.0 427.0
177.0 521.0 186.0 537.0
12.0 323.0 32.0 322.0
176.0 523.0 186.0 537.0
170.0 598.0 176.0 609.0
115.0 71.0 141.0 78.0
8.0 190.0 32.0 191.0
176.0 522.0 186.0 537.0
12.0 324.0 32.0 323.0
216.0 122.0 250.0 144.0
185.0 589.0 191.0 603.0
13.0 324.0 32.0 323.0
87.0 515.0 95.0 521.0
102.0 202.0 123.0 211.0
21.0 450.0 32.0 452.0
8.0 191.0 31.0 191.0
13.0 323.0 32.0 323.0
21.0 449.0 32.0 452.0
93.0 227.0 116.0 236.0
177.0 522.0 186.0 537.0
22.0 449.0 32.0 452.0
186.0 589.0 191.0 603.0
9.0 190.0 32.0 191.0
78.0 262.0 102.0 275.0
60.0 221.0 81.0 226.0
185.0 588.0 191.0 603.0
93.0 228.0 116.0 236.0
17.0 202.0 40.0 203.0
79.0 264.0 102.0 275.0
79.0 262.0 102.0 275.0
92.0 228.0 115.0 236.0
186.0 588.0 191.0 603.0
229.0 318.0 244.0 334.0
187.0 374.0 193.0 398.0
79.0 263.0 102.0 275.0
22.0 450.0 33.0 453.0
78.0 263.0 102.0 275.0
12.0 49.0 43.0 46.0
17.0 203.0 40.0 203.0
92.0 227.0 115.0 236.0
91.0 228.0 115.0 236.0
25.0 270.0 43.0 269.0
74.0 334.0 90.0 342.0
92.0 226.0 115.0 236.0
25.0 269.0 43.0 269.0
18.0 203.0 40.0 203.0
213.0 619.0 197.0 617.0
91.0 227.0 115.0 236.0
95.0 386.0 118.0 406.0
15.0 233.0 37.0 233.0
188.0 373.0 193.0 398.0
166.0 616.0 175.0 611.0
75.0 335.0 91.0 342.0
188.0 374.0 193.0 398.0
212.0 619.0 197.0 617.0
14.0 233.0 36.0 234.0
166.0 617.0 175.0 611.0
165.0 617.0 175.0 611.0
76.0 334.0 91.0 342.0
76.0 335.0 91.0 342.0
75.0 334.0 91.0 342.0
14.0 234.0 36.0 234.0
74.0 335.0 90.0 342.0
165.0 616.0 175.0 611.0
13.0 50.0 43.0 46.0
13.0 49.0 43.0 46.0
94.0 387.0 118.0 406.0
15.0 234.0 37.0 234.0
12.0 50.0 43.0 46.0
235.0 32.0 270.0 50.0
236.0 32.0 270.0 50.0
234.0 31.0 270.0 50.0
235.0 31.0 270.0 50.0
385.0 360.0 411.0 409.0
94.0 386.0 118.0 406.0
236.0 31.0 270.0 50.0
384.0 360.0 411.0 409.0
