243.0 538.0 258.0 537.0
159.0 604.0 174.0 605.0
159.0 603.0 174.0 605.0
158.0 603.0 173.0 605.0
145.0 574.0 158.0 576.0
398.0 19.0 403.0 20.0
197.0 437.0 211.0 437.0
387.0 393.0 402.0 385.0
387.0 392.0 402.0 385.0
388.0 392.0 402.0 385.0
242.0 196.0 250.0 196.0
242.0 195.0 250.0 195.0
145.0 575.0 158.0 576.0
326.0 497.0 341.0 492.0
147.0 494.0 161.0 496.0
146.0 494.0 161.0 496.0
399.0 20.0 403.0 20.0
399.0 19.0 402.0 20.0
325.0 498.0 339.0 493.0
98.0 544.0 112.0 546.0
224.0 560.0 239.0 559.0
291.0 396.0 303.0 395.0
243.0 196.0 250.0 196.0
172.0 464.0 186.0 465.0
97.0 544.0 111.0 547.0
244.0 338.0 256.0 337.0
96.0 544.0 111.0 547.0
324.0 497.0 339.0 493.0
245.0 338.0 256.0 337.0
146.0 495.0 161.0 496.0
325.0 496.0 339.0 492.0
83.0 593.0 98.0 597.0
290.0 397.0 303.0 395.0
168.0 513.0 181.0 514.0
325.0 497.0 339.0 492.0
198.0 437.0 211.0 437.0
96.0 543.0 111.0 547.0
391.0 417.0 405.0 410.0
400.0 20.0 404.0 20.0
200.0 478.0 214.0 477.0
197.0 438.0 211.0 437.0
390.0 416.0 405.0 410.0
325.0 400.0 336.0 396.0
139.0 279.0 149.0 281.0
466.0 77.0 470.0 75.0
467.0 31.0 469.0 32.0
392.0 416.0 405.0 410.0
295.0 491.0 309.0 486.0
167.0 513.0 181.0 514.0
257.0 421.0 269.0 420.0
399.0 18.0 402.0 20.0
92.0 400.0 106.0 402.0
224.0 561.0 239.0 559.0
147.0 495.0 161.0 496.0
391.0 416.0 405.0 410.0
136.0 332.0 147.0 335.0
242.0 197.0 250.0 196.0
324.0 496.0 339.0 492.0
296.0 491.0 309.0 486.0
82.0 594.0 98.0 597.0
201.0 477.0 214.0 477.0
200.0 477.0 214.0 477.0
133.0 432.0 145.0 433.0
129.0 225.0 139.0 228.0
296.0 492.0 309.0 486.0
325.0 399.0 337.0 395.0
296.0 490.0 309.0 486.0
97.0 543.0 111.0 547.0
295.0 492.0 309.0 486.0
134.0 432.0 146.0 434.0
172.0 463.0 186.0 465.0
97.0 545.0 111.0 547.0
226.0 198.0 235.0 200.0
58.0 480.0 71.0 483.0
291.0 397.0 303.0 395.0
214.0 99.0 221.0 104.0
226.0 199.0 235.0 200.0
201.0 478.0 215.0 478.0
325.0 153.0 334.0 150.0
326.0 400.0 336.0 396.0
146.0 476.0 160.0 478.0
199.0 352.0 211.0 353.0
214.0 98.0 221.0 104.0
326.0 399.0 337.0 395.0
171.0 464.0 185.0 464.0
148.0 495.0 161.0 496.0
400.0 19.0 404.0 20.0
256.0 421.0 269.0 419.0
140.0 278.0 149.0 281.0
63.0 502.0 76.0 505.0
200.0 352.0 211.0 353.0
392.0 417.0 406.0 411.0
93.0 401.0 106.0 403.0
327.0 399.0 337.0 395.0
465.0 32.0 469.0 32.0
467.0 32.0 469.0 32.0
198.0 438.0 211.0 437.0
167.0 413.0 179.0 414.0
130.0 225.0 139.0 228.0
256.0 422.0 269.0 420.0
166.0 513.0 180.0 515.0
130.0 224.0 139.0 228.0
57.0 480.0 71.0 483.0
199.0 353.0 211.0 353.0
372.0 573.0 389.0 566.0
325.0 152.0 334.0 150.0
187.0 253.0 195.0 254.0
465.0 77.0 470.0 75.0
83.0 594.0 99.0 597.0
390.0 417.0 405.0 410.0
466.0 32.0 469.0 32.0
57.0 481.0 71.0 483.0
467.0 76.0 470.0 75.0
168.0 413.0 179.0 414.0
186.0 252.0 195.0 254.0
128.0 224.0 138.0 228.0
326.0 152.0 333.0 150.0
140.0 279.0 149.0 281.0
129.0 223.0 139.0 228.0
56.0 480.0 71.0 483.0
57.0 479.0 71.0 483.0
62.0 501.0 76.0 505.0
227.0 199.0 235.0 200.0
81.0 157.0 89.0 164.0
264.0 322.0 274.0 321.0
199.0 351.0 211.0 353.0
102.0 231.0 113.0 235.0
94.0 400.0 106.0 403.0
215.0 98.0 222.0 103.0
257.0 422.0 269.0 420.0
326.0 421.0 338.0 418.0
326.0 153.0 334.0 150.0
146.0 477.0 160.0 478.0
466.0 76.0 470.0 75.0
81.0 156.0 89.0 164.0
200.0 479.0 215.0 478.0
82.0 593.0 98.0 597.0
245.0 339.0 256.0 337.0
147.0 476.0 160.0 477.0
442.0 116.0 448.0 112.0
290.0 398.0 303.0 395.0
215.0 99.0 222.0 104.0
465.0 76.0 470.0 75.0
99.0 457.0 112.0 460.0
291.0 398.0 303.0 395.0
160.0 109.0 165.0 114.0
159.0 108.0 165.0 114.0
93.0 400.0 106.0 403.0
78.0 68.0 84.0 78.0
68.0 461.0 80.0 464.0
147.0 477.0 160.0 478.0
63.0 503.0 76.0 505.0
82.0 157.0 89.0 164.0
371.0 573.0 389.0 566.0
160.0 108.0 165.0 114.0
256.0 423.0 269.0 420.0
78.0 69.0 84.0 78.0
162.0 271.0 173.0 273.0
129.0 224.0 139.0 228.0
159.0 109.0 165.0 114.0
244.0 339.0 256.0 337.0
128.0 223.0 138.0 228.0
292.0 397.0 303.0 395.0
326.0 422.0 338.0 418.0
405.0 544.0 421.0 538.0
162.0 270.0 173.0 273.0
371.0 572.0 389.0 566.0
77.0 495.0 92.0 498.0
327.0 421.0 339.0 417.0
82.0 156.0 89.0 164.0
75.0 398.0 88.0 401.0
466.0 33.0 469.0 32.0
229.0 424.0 240.0 423.0
62.0 502.0 76.0 505.0
67.0 460.0 80.0 464.0
78.0 67.0 84.0 78.0
405.0 545.0 421.0 538.0
93.0 199.0 100.0 205.0
98.0 457.0 112.0 460.0
78.0 495.0 92.0 498.0
263.0 322.0 274.0 321.0
246.0 339.0 256.0 337.0
77.0 67.0 84.0 78.0
234.0 445.0 247.0 444.0
226.0 190.0 235.0 192.0
234.0 446.0 248.0 444.0
324.0 153.0 334.0 150.0
181.0 117.0 189.0 123.0
147.0 478.0 160.0 478.0
466.0 75.0 470.0 75.0
148.0 211.0 157.0 215.0
402.0 499.0 417.0 492.0
163.0 271.0 173.0 273.0
67.0 461.0 80.0 464.0
186.0 253.0 195.0 254.0
82.0 125.0 90.0 133.0
403.0 499.0 419.0 492.0
61.0 502.0 76.0 505.0
264.0 323.0 274.0 321.0
226.0 191.0 235.0 192.0
404.0 545.0 421.0 538.0
327.0 422.0 338.0 418.0
78.0 494.0 92.0 498.0
95.0 400.0 106.0 403.0
181.0 118.0 189.0 123.0
94.0 401.0 106.0 403.0
99.0 458.0 113.0 461.0
82.0 124.0 90.0 133.0
81.0 125.0 90.0 133.0
97.0 458.0 110.0 461.0
77.0 68.0 84.0 78.0
325.0 154.0 334.0 150.0
98.0 458.0 112.0 460.0
147.0 211.0 157.0 215.0
148.0 210.0 157.0 215.0
121.0 26.0 126.0 34.0
182.0 117.0 189.0 123.0
74.0 293.0 84.0 297.0
74.0 292.0 84.0 297.0
372.0 572.0 389.0 566.0
62.0 503.0 76.0 505.0
56.0 479.0 71.0 483.0
103.0 231.0 113.0 235.0
121.0 25.0 126.0 34.0
179.0 135.0 187.0 140.0
227.0 190.0 235.0 192.0
163.0 270.0 173.0 273.0
94.0 399.0 106.0 402.0
93.0 399.0 106.0 402.0
148.0 477.0 160.0 478.0
77.0 494.0 92.0 498.0
263.0 323.0 274.0 321.0
185.0 253.0 195.0 254.0
81.0 124.0 90.0 133.0
261.0 476.0 274.0 474.0
418.0 36.0 422.0 36.0
261.0 477.0 274.0 474.0
227.0 191.0 235.0 192.0
179.0 136.0 187.0 140.0
147.0 210.0 156.0 214.0
164.0 271.0 173.0 273.0
448.0 75.0 452.0 74.0
403.0 545.0 421.0 538.0
447.0 75.0 452.0 75.0
127.0 301.0 137.0 304.0
73.0 293.0 84.0 297.0
121.0 27.0 126.0 34.0
73.0 292.0 83.0 297.0
419.0 37.0 422.0 36.0
137.0 506.0 149.0 509.0
447.0 74.0 452.0 74.0
174.0 205.0 182.0 209.0
138.0 507.0 149.0 509.0
126.0 301.0 137.0 304.0
163.0 226.0 172.0 228.0
185.0 252.0 195.0 254.0
164.0 270.0 173.0 273.0
448.0 74.0 452.0 74.0
449.0 75.0 452.0 74.0
179.0 137.0 187.0 140.0
127.0 477.0 140.0 482.0
127.0 476.0 140.0 482.0
163.0 225.0 172.0 228.0
137.0 507.0 149.0 509.0
412.0 78.0 417.0 78.0
175.0 206.0 182.0 208.0
186.0 254.0 195.0 254.0
162.0 225.0 172.0 227.0
173.0 205.0 182.0 209.0
162.0 226.0 172.0 228.0
128.0 476.0 140.0 482.0
419.0 36.0 422.0 36.0
190.0 497.0 207.0 498.0
127.0 300.0 137.0 304.0
174.0 206.0 182.0 209.0
239.0 486.0 257.0 484.0
163.0 224.0 172.0 227.0
57.0 178.0 65.0 187.0
240.0 486.0 257.0 484.0
128.0 477.0 140.0 482.0
111.0 81.0 116.0 89.0
274.0 590.0 289.0 587.0
56.0 177.0 65.0 187.0
126.0 300.0 137.0 304.0
175.0 205.0 182.0 209.0
180.0 136.0 187.0 140.0
56.0 565.0 71.0 569.0
419.0 35.0 422.0 36.0
56.0 566.0 71.0 569.0
458.0 104.0 463.0 103.0
110.0 82.0 116.0 89.0
58.0 566.0 71.0 569.0
457.0 104.0 463.0 103.0
81.0 204.0 91.0 209.0
57.0 565.0 71.0 569.0
274.0 589.0 289.0 587.0
44.0 397.0 56.0 398.0
110.0 80.0 116.0 89.0
162.0 224.0 172.0 227.0
55.0 177.0 65.0 187.0
161.0 225.0 171.0 227.0
275.0 589.0 289.0 587.0
5.0 391.0 18.0 392.0
413.0 78.0 417.0 78.0
56.0 178.0 65.0 187.0
57.0 566.0 71.0 569.0
42.0 397.0 56.0 398.0
110.0 81.0 116.0 89.0
80.0 202.0 91.0 209.0
55.0 178.0 65.0 187.0
293.0 138.0 306.0 141.0
275.0 591.0 289.0 587.0
43.0 397.0 56.0 398.0
5.0 390.0 18.0 392.0
81.0 203.0 91.0 209.0
292.0 138.0 306.0 141.0
275.0 590.0 289.0 587.0
43.0 398.0 56.0 398.0
4.0 390.0 18.0 392.0
42.0 398.0 56.0 398.0
49.0 260.0 53.0 264.0
39.0 55.0 44.0 64.0
80.0 203.0 91.0 209.0
80.0 204.0 91.0 209.0
293.0 137.0 306.0 141.0
433.0 168.0 441.0 164.0
462.0 179.0 469.0 174.0
414.0 78.0 417.0 78.0
433.0 167.0 441.0 164.0
434.0 168.0 442.0 165.0
414.0 77.0 417.0 78.0
434.0 167.0 442.0 164.0
462.0 178.0 469.0 174.0
237.0 594.0 257.0 592.0
462.0 177.0 469.0 174.0
413.0 77.0 417.0 78.0
461.0 179.0 469.0 174.0
471.0 17.0 469.0 31.0
200.0 264.0 215.0 265.0
469.0 17.0 469.0 31.0
43.0 256.0 52.0 265.0
461.0 178.0 469.0 174.0
470.0 17.0 469.0 31.0
333.0 486.0 341.0 492.0
471.0 16.0 470.0 31.0
24.0 395.0 28.0 397.0
23.0 395.0 28.0 397.0
43.0 257.0 52.0 265.0
470.0 16.0 470.0 31.0
23.0 396.0 28.0 397.0
24.0 396.0 28.0 397.0
65.0 397.0 88.0 401.0
430.0 64.0 450.0 75.0
26.0 396.0 28.0 397.0
65.0 398.0 88.0 401.0
11.0 569.0 26.0 573.0
25.0 396.0 28.0 397.0
25.0 395.0 28.0 397.0
26.0 395.0 28.0 397.0
42.0 256.0 52.0 265.0
333.0 485.0 341.0 492.0
440.0 107.0 448.0 112.0
438.0 107.0 448.0 112.0
439.0 107.0 448.0 112.0
42.0 257.0 52.0 265.0
5.0 368.0 20.0 371.0
439.0 106.0 448.0 112.0
7.0 368.0 20.0 371.0
6.0 368.0 20.0 371.0
10.0 569.0 25.0 572.0
6.0 369.0 20.0 371.0
5.0 369.0 20.0 371.0
92.0 605.0 100.0 598.0
92.0 606.0 100.0 598.0
231.0 434.0 242.0 423.0
10.0 570.0 26.0 573.0
44.0 471.0 71.0 483.0
232.0 434.0 242.0 423.0
267.0 576.0 288.0 587.0
93.0 605.0 100.0 598.0
9.0 569.0 25.0 572.0
93.0 606.0 100.0 598.0
44.0 470.0 71.0 483.0
93.0 2.0 136.0 6.0
208.0 125.0 203.0 126.0
144.0 269.0 150.0 281.0
9.0 570.0 25.0 572.0
