180.0 370.0 184.0 383.0
200.0 387.0 202.0 400.0
199.0 387.0 202.0 400.0
180.0 371.0 184.0 383.0
360.0 169.0 371.0 189.0
200.0 388.0 202.0 400.0
191.0 321.0 196.0 333.0
174.0 572.0 172.0 580.0
192.0 320.0 197.0 333.0
199.0 388.0 202.0 400.0
147.0 420.0 149.0 433.0
27.0 469.0 25.0 475.0
173.0 572.0 172.0 580.0
26.0 468.0 25.0 474.0
192.0 321.0 196.0 333.0
191.0 320.0 196.0 333.0
200.0 389.0 202.0 400.0
81.0 390.0 83.0 399.0
147.0 421.0 149.0 433.0
233.0 536.0 231.0 548.0
174.0 573.0 172.0 580.0
149.0 397.0 151.0 409.0
234.0 537.0 232.0 549.0
234.0 536.0 232.0 549.0
38.0 196.0 46.0 202.0
146.0 421.0 149.0 433.0
166.0 557.0 163.0 565.0
38.0 195.0 46.0 202.0
148.0 397.0 151.0 409.0
235.0 536.0 233.0 549.0
75.0 498.0 75.0 508.0
148.0 398.0 151.0 409.0
121.0 468.0 122.0 480.0
25.0 468.0 25.0 474.0
26.0 469.0 25.0 475.0
180.0 491.0 180.0 502.0
406.0 566.0 405.0 586.0
159.0 437.0 161.0 450.0
26.0 323.0 28.0 327.0
191.0 322.0 196.0 333.0
110.0 298.0 115.0 307.0
156.0 271.0 161.0 283.0
435.0 494.0 436.0 516.0
25.0 469.0 25.0 475.0
271.0 314.0 277.0 331.0
84.0 517.0 82.0 525.0
91.0 567.0 89.0 575.0
363.0 438.0 363.0 456.0
362.0 438.0 363.0 456.0
177.0 447.0 177.0 461.0
25.0 323.0 28.0 327.0
362.0 437.0 363.0 456.0
26.0 322.0 28.0 327.0
173.0 573.0 172.0 580.0
166.0 558.0 163.0 565.0
26.0 324.0 28.0 327.0
420.0 444.0 422.0 467.0
74.0 498.0 75.0 508.0
157.0 271.0 162.0 283.0
406.0 567.0 405.0 586.0
407.0 566.0 405.0 586.0
144.0 493.0 145.0 506.0
188.0 303.0 189.0 313.0
80.0 390.0 83.0 399.0
165.0 557.0 163.0 564.0
92.0 567.0 89.0 575.0
411.0 487.0 412.0 510.0
68.0 326.0 71.0 333.0
69.0 326.0 71.0 333.0
165.0 558.0 163.0 565.0
25.0 324.0 28.0 327.0
49.0 244.0 54.0 251.0
83.0 518.0 81.0 526.0
412.0 486.0 412.0 510.0
436.0 494.0 436.0 516.0
411.0 488.0 412.0 510.0
436.0 495.0 436.0 516.0
165.0 559.0 163.0 565.0
188.0 302.0 189.0 313.0
181.0 491.0 180.0 502.0
212.0 535.0 210.0 547.0
188.0 304.0 189.0 313.0
25.0 322.0 28.0 327.0
37.0 195.0 45.0 202.0
84.0 518.0 82.0 525.0
92.0 498.0 92.0 510.0
144.0 495.0 145.0 506.0
92.0 499.0 92.0 510.0
54.0 208.0 59.0 215.0
243.0 243.0 251.0 257.0
93.0 367.0 95.0 374.0
122.0 468.0 122.0 480.0
37.0 196.0 46.0 202.0
68.0 327.0 71.0 333.0
268.0 226.0 274.0 242.0
246.0 344.0 248.0 358.0
412.0 487.0 412.0 510.0
394.0 478.0 398.0 497.0
91.0 568.0 89.0 575.0
73.0 237.0 76.0 244.0
58.0 279.0 60.0 284.0
50.0 245.0 54.0 251.0
74.0 497.0 75.0 508.0
49.0 245.0 54.0 251.0
90.0 405.0 91.0 417.0
248.0 314.0 253.0 329.0
144.0 494.0 145.0 506.0
270.0 314.0 277.0 331.0
101.0 249.0 102.0 256.0
72.0 238.0 76.0 244.0
45.0 451.0 44.0 459.0
84.0 519.0 81.0 526.0
50.0 244.0 54.0 251.0
362.0 439.0 363.0 456.0
51.0 244.0 54.0 251.0
6.0 389.0 9.0 389.0
270.0 315.0 277.0 331.0
420.0 443.0 422.0 467.0
145.0 495.0 145.0 506.0
412.0 488.0 412.0 510.0
101.0 250.0 102.0 256.0
73.0 238.0 76.0 244.0
149.0 398.0 151.0 409.0
164.0 558.0 163.0 565.0
75.0 497.0 75.0 508.0
59.0 279.0 60.0 284.0
45.0 452.0 44.0 459.0
121.0 469.0 122.0 480.0
17.0 416.0 16.0 423.0
57.0 279.0 60.0 284.0
94.0 367.0 95.0 374.0
51.0 245.0 54.0 251.0
71.0 237.0 76.0 244.0
395.0 478.0 398.0 497.0
95.0 368.0 95.0 374.0
243.0 242.0 251.0 257.0
36.0 195.0 45.0 202.0
90.0 404.0 91.0 417.0
145.0 494.0 145.0 506.0
133.0 264.0 138.0 274.0
122.0 469.0 122.0 480.0
181.0 490.0 180.0 502.0
247.0 314.0 253.0 329.0
249.0 312.0 253.0 329.0
93.0 368.0 95.0 374.0
248.0 311.0 253.0 329.0
94.0 368.0 95.0 374.0
95.0 367.0 95.0 374.0
133.0 263.0 138.0 274.0
91.0 404.0 91.0 417.0
69.0 327.0 71.0 333.0
80.0 391.0 83.0 399.0
304.0 135.0 314.0 154.0
115.0 194.0 123.0 206.0
261.0 423.0 262.0 438.0
69.0 328.0 71.0 333.0
35.0 409.0 34.0 414.0
18.0 208.0 19.0 213.0
267.0 226.0 274.0 242.0
122.0 470.0 123.0 481.0
72.0 237.0 76.0 243.0
54.0 207.0 59.0 215.0
85.0 543.0 83.0 549.0
248.0 313.0 253.0 329.0
77.0 310.0 78.0 317.0
33.0 410.0 33.0 414.0
74.0 496.0 74.0 508.0
248.0 312.0 253.0 329.0
242.0 243.0 251.0 257.0
247.0 345.0 248.0 358.0
394.0 479.0 397.0 496.0
178.0 448.0 177.0 461.0
91.0 406.0 92.0 418.0
305.0 134.0 314.0 154.0
18.0 210.0 20.0 214.0
260.0 423.0 262.0 438.0
102.0 251.0 102.0 256.0
36.0 196.0 45.0 202.0
34.0 410.0 34.0 414.0
134.0 265.0 138.0 274.0
75.0 496.0 75.0 508.0
143.0 496.0 145.0 506.0
75.0 449.0 76.0 457.0
90.0 406.0 91.0 417.0
91.0 499.0 92.0 510.0
17.0 208.0 19.0 213.0
34.0 409.0 34.0 414.0
304.0 136.0 314.0 154.0
178.0 447.0 177.0 461.0
109.0 7.0 119.0 15.0
130.0 428.0 134.0 441.0
92.0 500.0 92.0 511.0
261.0 424.0 262.0 438.0
75.0 49.0 82.0 58.0
8.0 378.0 9.0 387.0
247.0 344.0 248.0 358.0
73.0 496.0 74.0 508.0
74.0 448.0 76.0 457.0
305.0 136.0 314.0 154.0
18.0 209.0 20.0 214.0
248.0 345.0 248.0 358.0
75.0 448.0 76.0 457.0
134.0 264.0 138.0 274.0
166.0 393.0 168.0 404.0
111.0 411.0 111.0 423.0
72.0 236.0 76.0 244.0
47.0 555.0 44.0 559.0
43.0 384.0 43.0 392.0
248.0 344.0 248.0 358.0
247.0 346.0 248.0 358.0
75.0 50.0 82.0 58.0
73.0 449.0 76.0 457.0
189.0 303.0 189.0 313.0
85.0 518.0 82.0 525.0
267.0 225.0 274.0 242.0
116.0 194.0 123.0 206.0
167.0 395.0 168.0 404.0
305.0 135.0 314.0 154.0
102.0 250.0 102.0 256.0
395.0 479.0 398.0 497.0
330.0 411.0 333.0 432.0
101.0 524.0 99.0 534.0
73.0 448.0 76.0 457.0
91.0 405.0 91.0 417.0
247.0 343.0 248.0 358.0
260.0 425.0 262.0 438.0
41.0 330.0 45.0 330.0
395.0 480.0 398.0 497.0
34.0 411.0 34.0 414.0
41.0 220.0 46.0 224.0
41.0 219.0 46.0 224.0
74.0 449.0 76.0 457.0
260.0 424.0 262.0 438.0
180.0 339.0 182.0 350.0
167.0 394.0 168.0 404.0
74.0 450.0 76.0 457.0
41.0 221.0 46.0 224.0
75.0 48.0 82.0 58.0
35.0 410.0 34.0 414.0
117.0 194.0 124.0 206.0
116.0 193.0 124.0 206.0
167.0 393.0 168.0 404.0
19.0 209.0 20.0 214.0
180.0 338.0 183.0 350.0
40.0 220.0 46.0 224.0
267.0 224.0 274.0 242.0
134.0 263.0 138.0 274.0
74.0 50.0 82.0 58.0
40.0 221.0 46.0 224.0
55.0 207.0 59.0 215.0
59.0 144.0 63.0 155.0
42.0 221.0 46.0 224.0
55.0 208.0 59.0 215.0
42.0 220.0 46.0 224.0
54.0 206.0 59.0 214.0
102.0 249.0 102.0 256.0
108.0 6.0 119.0 15.0
305.0 137.0 314.0 154.0
49.0 369.0 49.0 374.0
17.0 209.0 19.0 213.0
266.0 225.0 274.0 242.0
266.0 226.0 274.0 242.0
106.0 337.0 107.0 343.0
48.0 555.0 44.0 559.0
180.0 337.0 183.0 350.0
60.0 172.0 67.0 172.0
41.0 331.0 45.0 330.0
256.0 34.0 266.0 49.0
74.0 49.0 82.0 58.0
256.0 35.0 266.0 49.0
117.0 193.0 124.0 206.0
115.0 193.0 123.0 206.0
40.0 331.0 45.0 331.0
181.0 338.0 183.0 350.0
35.0 411.0 34.0 414.0
168.0 394.0 168.0 404.0
106.0 338.0 107.0 343.0
167.0 392.0 168.0 404.0
55.0 206.0 59.0 214.0
42.0 384.0 43.0 392.0
281.0 486.0 286.0 499.0
110.0 411.0 111.0 423.0
306.0 135.0 314.0 154.0
306.0 136.0 314.0 154.0
41.0 332.0 45.0 331.0
425.0 444.0 422.0 467.0
74.0 48.0 82.0 57.0
135.0 264.0 138.0 274.0
32.0 162.0 36.0 165.0
42.0 331.0 45.0 331.0
50.0 368.0 50.0 374.0
135.0 263.0 138.0 274.0
74.0 495.0 74.0 508.0
102.0 523.0 99.0 534.0
60.0 173.0 67.0 172.0
21.0 562.0 12.0 568.0
84.0 115.0 92.0 122.0
426.0 444.0 422.0 467.0
58.0 386.0 60.0 394.0
84.0 113.0 92.0 121.0
20.0 563.0 12.0 568.0
50.0 370.0 51.0 375.0
282.0 487.0 286.0 499.0
51.0 370.0 51.0 376.0
21.0 563.0 12.0 568.0
50.0 369.0 51.0 375.0
266.0 224.0 274.0 242.0
22.0 562.0 12.0 568.0
51.0 368.0 51.0 375.0
116.0 192.0 123.0 206.0
51.0 369.0 51.0 375.0
281.0 487.0 286.0 499.0
84.0 114.0 92.0 121.0
171.0 71.0 180.0 84.0
282.0 488.0 286.0 499.0
59.0 173.0 67.0 172.0
255.0 33.0 266.0 49.0
22.0 563.0 12.0 568.0
21.0 564.0 18.0 567.0
66.0 91.0 73.0 91.0
85.0 114.0 92.0 121.0
281.0 488.0 286.0 499.0
171.0 72.0 180.0 84.0
170.0 72.0 180.0 84.0
257.0 180.0 268.0 201.0
265.0 224.0 274.0 242.0
170.0 71.0 180.0 84.0
22.0 564.0 12.0 568.0
34.0 129.0 39.0 132.0
66.0 92.0 73.0 91.0
257.0 182.0 268.0 201.0
256.0 180.0 268.0 201.0
258.0 182.0 268.0 201.0
159.0 46.0 172.0 58.0
257.0 181.0 268.0 201.0
256.0 182.0 268.0 201.0
68.0 129.0 76.0 138.0
255.0 181.0 268.0 201.0
183.0 411.0 193.0 429.0
116.0 368.0 120.0 385.0
159.0 45.0 172.0 58.0
256.0 181.0 268.0 201.0
160.0 45.0 172.0 58.0
189.0 432.0 194.0 431.0
29.0 278.0 43.0 285.0
116.0 367.0 120.0 385.0
188.0 432.0 194.0 431.0
65.0 190.0 71.0 187.0
45.0 151.0 62.0 156.0
10.0 431.0 16.0 423.0
28.0 278.0 43.0 285.0
69.0 400.0 82.0 399.0
188.0 433.0 194.0 431.0
11.0 431.0 16.0 423.0
68.0 400.0 83.0 399.0
66.0 190.0 71.0 187.0
28.0 279.0 43.0 285.0
12.0 431.0 16.0 423.0
96.0 314.0 91.0 327.0
44.0 152.0 62.0 156.0
116.0 366.0 120.0 385.0
