155.0 626.0 155.0 626.0
9.0 613.0 10.0 615.0
155.0 625.0 155.0 626.0
122.0 631.0 123.0 632.0
20.0 323.0 20.0 326.0
9.0 612.0 11.0 614.0
8.0 612.0 10.0 615.0
154.0 625.0 155.0 625.0
9.0 611.0 11.0 613.0
10.0 612.0 11.0 613.0
10.0 613.0 11.0 614.0
124.0 630.0 123.0 632.0
74.0 425.0 74.0 426.0
135.0 596.0 136.0 596.0
74.0 426.0 74.0 426.0
155.0 624.0 155.0 625.0
199.0 356.0 197.0 355.0
108.0 528.0 109.0 529.0
123.0 631.0 123.0 632.0
123.0 630.0 123.0 632.0
56.0 423.0 56.0 425.0
82.0 547.0 82.0 548.0
198.0 355.0 197.0 355.0
55.0 424.0 54.0 426.0
56.0 424.0 54.0 426.0
134.0 595.0 135.0 596.0
135.0 595.0 136.0 596.0
271.0 609.0 271.0 610.0
154.0 624.0 155.0 625.0
74.0 427.0 73.0 428.0
268.0 319.0 264.0 319.0
271.0 610.0 271.0 610.0
136.0 595.0 136.0 596.0
135.0 594.0 135.0 596.0
39.0 194.0 37.0 196.0
200.0 355.0 198.0 355.0
55.0 423.0 56.0 425.0
108.0 529.0 109.0 529.0
106.0 629.0 107.0 630.0
73.0 426.0 74.0 426.0
222.0 265.0 219.0 265.0
82.0 333.0 81.0 334.0
73.0 427.0 73.0 428.0
199.0 355.0 198.0 355.0
30.0 35.0 28.0 37.0
272.0 609.0 271.0 610.0
17.0 329.0 16.0 331.0
81.0 333.0 82.0 335.0
363.0 511.0 358.0 511.0
221.0 265.0 219.0 265.0
38.0 193.0 37.0 195.0
199.0 354.0 198.0 355.0
223.0 265.0 219.0 265.0
223.0 266.0 219.0 265.0
370.0 366.0 364.0 365.0
16.0 330.0 16.0 331.0
268.0 320.0 264.0 319.0
241.0 312.0 238.0 313.0
39.0 193.0 37.0 195.0
241.0 313.0 238.0 313.0
38.0 194.0 37.0 196.0
272.0 610.0 271.0 610.0
311.0 162.0 307.0 164.0
364.0 510.0 360.0 511.0
311.0 163.0 307.0 164.0
364.0 512.0 358.0 511.0
364.0 511.0 359.0 511.0
115.0 214.0 115.0 215.0
17.0 513.0 18.0 514.0
107.0 629.0 108.0 630.0
269.0 321.0 265.0 320.0
267.0 319.0 264.0 319.0
364.0 347.0 358.0 347.0
243.0 304.0 240.0 305.0
267.0 320.0 264.0 319.0
82.0 86.0 79.0 89.0
222.0 266.0 219.0 265.0
37.0 419.0 37.0 422.0
121.0 99.0 126.0 105.0
200.0 354.0 198.0 355.0
114.0 214.0 115.0 215.0
30.0 34.0 28.0 37.0
18.0 329.0 17.0 331.0
310.0 162.0 305.0 164.0
31.0 34.0 29.0 37.0
120.0 99.0 126.0 105.0
367.0 384.0 361.0 384.0
240.0 312.0 238.0 313.0
363.0 510.0 358.0 511.0
31.0 36.0 29.0 38.0
236.0 329.0 233.0 329.0
50.0 545.0 50.0 546.0
363.0 512.0 359.0 512.0
141.0 106.0 145.0 110.0
416.0 427.0 410.0 427.0
335.0 551.0 333.0 553.0
139.0 105.0 145.0 110.0
115.0 215.0 115.0 215.0
17.0 330.0 17.0 331.0
106.0 628.0 107.0 630.0
139.0 106.0 144.0 111.0
31.0 35.0 28.0 38.0
107.0 628.0 108.0 630.0
365.0 347.0 358.0 347.0
140.0 105.0 145.0 110.0
269.0 320.0 265.0 319.0
16.0 514.0 18.0 516.0
310.0 163.0 305.0 164.0
310.0 164.0 305.0 164.0
335.0 552.0 333.0 553.0
107.0 528.0 109.0 529.0
50.0 544.0 50.0 546.0
234.0 336.0 231.0 337.0
234.0 337.0 231.0 338.0
140.0 106.0 145.0 110.0
336.0 551.0 333.0 553.0
268.0 321.0 264.0 319.0
323.0 563.0 322.0 565.0
140.0 107.0 144.0 111.0
293.0 235.0 289.0 235.0
38.0 419.0 37.0 422.0
322.0 563.0 321.0 563.0
458.0 401.0 449.0 400.0
336.0 553.0 333.0 554.0
32.0 36.0 29.0 38.0
431.0 560.0 426.0 560.0
334.0 530.0 332.0 530.0
233.0 336.0 230.0 338.0
430.0 562.0 426.0 560.0
16.0 513.0 17.0 515.0
364.0 346.0 358.0 347.0
38.0 418.0 37.0 422.0
32.0 35.0 29.0 38.0
213.0 422.0 212.0 425.0
114.0 215.0 115.0 215.0
49.0 545.0 50.0 546.0
365.0 346.0 358.0 347.0
233.0 337.0 230.0 338.0
337.0 552.0 333.0 554.0
284.0 31.0 281.0 31.0
16.0 329.0 16.0 331.0
17.0 514.0 18.0 516.0
336.0 552.0 333.0 554.0
31.0 542.0 25.0 542.0
457.0 401.0 449.0 400.0
307.0 631.0 306.0 629.0
371.0 366.0 364.0 365.0
302.0 611.0 299.0 611.0
433.0 392.0 428.0 392.0
31.0 541.0 25.0 542.0
430.0 560.0 426.0 560.0
18.0 330.0 17.0 331.0
307.0 630.0 306.0 629.0
435.0 278.0 428.0 278.0
318.0 580.0 315.0 578.0
367.0 383.0 363.0 384.0
335.0 553.0 332.0 553.0
297.0 383.0 295.0 384.0
366.0 347.0 360.0 346.0
242.0 312.0 238.0 313.0
306.0 631.0 306.0 629.0
213.0 424.0 212.0 425.0
329.0 514.0 325.0 514.0
416.0 428.0 410.0 427.0
49.0 544.0 50.0 546.0
213.0 423.0 212.0 425.0
213.0 425.0 212.0 425.0
458.0 400.0 449.0 400.0
306.0 630.0 306.0 629.0
301.0 610.0 298.0 610.0
366.0 383.0 361.0 384.0
284.0 32.0 281.0 31.0
293.0 234.0 289.0 235.0
294.0 235.0 290.0 234.0
317.0 579.0 315.0 578.0
368.0 440.0 363.0 440.0
435.0 279.0 430.0 279.0
367.0 440.0 364.0 441.0
214.0 423.0 212.0 425.0
433.0 391.0 428.0 392.0
432.0 148.0 426.0 148.0
368.0 441.0 364.0 441.0
318.0 578.0 315.0 578.0
297.0 532.0 294.0 532.0
432.0 392.0 428.0 392.0
432.0 391.0 428.0 392.0
330.0 514.0 326.0 514.0
394.0 181.0 387.0 181.0
318.0 579.0 315.0 578.0
297.0 530.0 295.0 531.0
307.0 629.0 306.0 629.0
372.0 366.0 364.0 365.0
395.0 181.0 387.0 181.0
457.0 400.0 449.0 400.0
290.0 581.0 288.0 581.0
214.0 424.0 212.0 425.0
214.0 422.0 212.0 425.0
87.0 206.0 48.0 198.0
329.0 513.0 326.0 514.0
175.0 231.0 164.0 230.0
296.0 531.0 294.0 532.0
32.0 542.0 25.0 542.0
436.0 278.0 428.0 278.0
431.0 561.0 426.0 560.0
324.0 563.0 322.0 565.0
367.0 441.0 364.0 441.0
433.0 149.0 426.0 149.0
288.0 253.0 286.0 253.0
395.0 538.0 390.0 537.0
430.0 561.0 426.0 560.0
395.0 537.0 390.0 537.0
302.0 610.0 299.0 610.0
459.0 400.0 449.0 400.0
330.0 513.0 326.0 514.0
175.0 230.0 164.0 230.0
87.0 207.0 48.0 198.0
433.0 148.0 426.0 149.0
212.0 424.0 212.0 425.0
174.0 231.0 164.0 230.0
297.0 531.0 294.0 532.0
296.0 532.0 294.0 532.0
27.0 57.0 23.0 60.0
456.0 400.0 450.0 400.0
88.0 207.0 48.0 198.0
290.0 580.0 288.0 581.0
433.0 147.0 426.0 149.0
325.0 563.0 322.0 565.0
67.0 202.0 48.0 199.0
15.0 539.0 24.0 541.0
390.0 448.0 386.0 449.0
307.0 557.0 305.0 558.0
287.0 254.0 284.0 253.0
357.0 464.0 352.0 463.0
371.0 365.0 364.0 365.0
212.0 423.0 212.0 424.0
293.0 233.0 289.0 235.0
436.0 279.0 430.0 279.0
427.0 615.0 421.0 615.0
391.0 448.0 386.0 449.0
394.0 537.0 390.0 537.0
394.0 180.0 387.0 181.0
428.0 616.0 421.0 615.0
291.0 581.0 288.0 581.0
378.0 419.0 373.0 418.0
434.0 149.0 426.0 149.0
319.0 579.0 316.0 579.0
317.0 578.0 315.0 578.0
407.0 372.0 401.0 372.0
294.0 234.0 290.0 234.0
427.0 616.0 421.0 615.0
417.0 606.0 412.0 603.0
434.0 148.0 426.0 149.0
27.0 58.0 24.0 61.0
431.0 562.0 426.0 560.0
86.0 207.0 48.0 199.0
308.0 558.0 306.0 558.0
395.0 539.0 390.0 537.0
396.0 538.0 391.0 537.0
394.0 538.0 390.0 537.0
308.0 557.0 306.0 557.0
407.0 373.0 401.0 372.0
408.0 619.0 400.0 617.0
26.0 57.0 23.0 60.0
374.0 478.0 373.0 479.0
432.0 561.0 427.0 560.0
407.0 619.0 400.0 617.0
288.0 252.0 286.0 253.0
330.0 486.0 326.0 488.0
67.0 203.0 48.0 199.0
391.0 447.0 387.0 448.0
407.0 618.0 400.0 617.0
333.0 530.0 331.0 530.0
396.0 537.0 391.0 537.0
358.0 464.0 352.0 463.0
294.0 233.0 290.0 234.0
26.0 58.0 24.0 61.0
174.0 230.0 164.0 230.0
66.0 203.0 48.0 199.0
427.0 233.0 419.0 233.0
432.0 208.0 426.0 209.0
456.0 98.0 449.0 99.0
307.0 556.0 304.0 558.0
14.0 539.0 24.0 541.0
432.0 209.0 426.0 209.0
287.0 253.0 284.0 253.0
328.0 486.0 326.0 488.0
408.0 618.0 400.0 617.0
86.0 208.0 48.0 199.0
287.0 252.0 284.0 253.0
329.0 486.0 326.0 488.0
377.0 419.0 373.0 419.0
432.0 207.0 426.0 209.0
330.0 487.0 326.0 488.0
291.0 580.0 288.0 581.0
327.0 487.0 326.0 488.0
288.0 506.0 287.0 503.0
373.0 478.0 373.0 479.0
330.0 488.0 326.0 488.0
329.0 487.0 326.0 488.0
373.0 479.0 373.0 479.0
287.0 506.0 287.0 503.0
87.0 208.0 48.0 199.0
329.0 488.0 326.0 488.0
328.0 487.0 326.0 488.0
376.0 419.0 372.0 419.0
308.0 556.0 306.0 557.0
427.0 232.0 419.0 233.0
433.0 207.0 426.0 209.0
457.0 98.0 449.0 99.0
426.0 232.0 419.0 233.0
322.0 338.0 320.0 338.0
377.0 418.0 372.0 418.0
390.0 447.0 386.0 448.0
308.0 555.0 306.0 557.0
332.0 530.0 331.0 530.0
428.0 232.0 420.0 233.0
158.0 111.0 144.0 110.0
433.0 209.0 426.0 209.0
433.0 208.0 426.0 209.0
428.0 233.0 420.0 233.0
328.0 629.0 326.0 627.0
328.0 628.0 326.0 627.0
327.0 629.0 326.0 627.0
329.0 629.0 326.0 627.0
323.0 338.0 320.0 338.0
405.0 145.0 401.0 145.0
322.0 337.0 320.0 338.0
347.0 521.0 342.0 521.0
412.0 188.0 405.0 188.0
414.0 189.0 405.0 188.0
321.0 338.0 321.0 339.0
329.0 628.0 326.0 627.0
328.0 630.0 326.0 627.0
412.0 189.0 405.0 188.0
63.0 80.0 52.0 79.0
413.0 189.0 405.0 188.0
413.0 188.0 405.0 188.0
346.0 521.0 343.0 521.0
161.0 251.0 129.0 242.0
321.0 337.0 320.0 338.0
414.0 188.0 405.0 188.0
186.0 409.0 184.0 411.0
186.0 410.0 184.0 411.0
187.0 409.0 184.0 410.0
186.0 408.0 185.0 409.0
63.0 81.0 52.0 79.0
162.0 251.0 129.0 242.0
187.0 410.0 184.0 410.0
187.0 408.0 184.0 410.0
166.0 485.0 176.0 446.0
401.0 435.0 396.0 434.0
400.0 435.0 396.0 434.0
418.0 344.0 414.0 333.0
333.0 470.0 334.0 471.0
401.0 434.0 396.0 434.0
419.0 343.0 414.0 333.0
419.0 344.0 414.0 333.0
198.0 126.0 196.0 127.0
151.0 543.0 145.0 563.0
199.0 127.0 196.0 127.0
199.0 126.0 196.0 127.0
20.0 415.0 37.0 422.0
199.0 125.0 196.0 127.0
114.0 437.0 90.0 432.0
114.0 438.0 90.0 432.0
151.0 542.0 145.0 563.0
200.0 126.0 196.0 127.0
390.0 491.0 374.0 479.0
389.0 491.0 374.0 479.0
423.0 327.0 414.0 333.0
416.0 363.0 403.0 372.0
453.0 130.0 452.0 125.0
453.0 131.0 452.0 125.0
416.0 362.0 415.0 351.0
98.0 549.0 82.0 549.0
342.0 376.0 344.0 364.0
98.0 548.0 82.0 549.0
342.0 377.0 344.0 364.0
416.0 134.0 402.0 144.0
341.0 376.0 344.0 364.0
