330.0 189.0 328.0 237.0
256.0 78.0 257.0 129.0
133.0 150.0 137.0 197.0
279.0 510.0 280.0 560.0
256.0 79.0 257.0 129.0
134.0 150.0 137.0 198.0
185.0 198.0 186.0 244.0
133.0 149.0 137.0 197.0
44.0 352.0 46.0 395.0
257.0 79.0 257.0 129.0
330.0 190.0 328.0 237.0
134.0 149.0 137.0 197.0
331.0 190.0 328.0 237.0
242.0 203.0 242.0 245.0
20.0 315.0 22.0 355.0
185.0 199.0 186.0 244.0
278.0 510.0 280.0 560.0
20.0 314.0 21.0 353.0
70.0 306.0 73.0 351.0
134.0 148.0 137.0 197.0
229.0 147.0 231.0 194.0
44.0 353.0 46.0 395.0
207.0 66.0 209.0 114.0
278.0 511.0 279.0 560.0
20.0 316.0 20.0 354.0
99.0 378.0 101.0 418.0
98.0 378.0 100.0 420.0
257.0 80.0 257.0 129.0
86.0 452.0 86.0 498.0
280.0 512.0 279.0 560.0
278.0 196.0 277.0 240.0
113.0 109.0 117.0 156.0
185.0 197.0 186.0 243.0
186.0 199.0 186.0 244.0
279.0 511.0 279.0 560.0
242.0 204.0 242.0 245.0
186.0 198.0 186.0 244.0
279.0 512.0 279.0 560.0
239.0 181.0 240.0 225.0
133.0 148.0 137.0 197.0
186.0 197.0 187.0 243.0
195.0 99.0 198.0 149.0
70.0 307.0 73.0 351.0
19.0 314.0 22.0 355.0
206.0 66.0 208.0 114.0
134.0 147.0 137.0 195.0
257.0 78.0 257.0 129.0
239.0 180.0 240.0 225.0
243.0 203.0 242.0 245.0
44.0 351.0 46.0 395.0
258.0 80.0 257.0 130.0
45.0 352.0 46.0 395.0
207.0 67.0 209.0 114.0
99.0 379.0 101.0 418.0
11.0 387.0 13.0 432.0
206.0 67.0 209.0 114.0
311.0 193.0 309.0 237.0
229.0 146.0 231.0 194.0
312.0 193.0 309.0 237.0
318.0 168.0 316.0 214.0
87.0 451.0 86.0 498.0
43.0 351.0 46.0 395.0
112.0 108.0 117.0 156.0
98.0 379.0 100.0 420.0
205.0 204.0 207.0 250.0
239.0 182.0 240.0 225.0
19.0 313.0 21.0 353.0
19.0 316.0 20.0 354.0
22.0 94.0 30.0 143.0
107.0 317.0 108.0 360.0
311.0 192.0 309.0 237.0
228.0 147.0 231.0 194.0
45.0 351.0 46.0 395.0
207.0 68.0 209.0 114.0
45.0 353.0 46.0 395.0
19.0 315.0 20.0 354.0
18.0 314.0 20.0 354.0
11.0 389.0 13.0 432.0
278.0 512.0 279.0 560.0
278.0 197.0 277.0 240.0
18.0 315.0 20.0 354.0
86.0 451.0 86.0 498.0
10.0 388.0 13.0 430.0
229.0 145.0 231.0 194.0
258.0 78.0 257.0 129.0
238.0 181.0 240.0 225.0
10.0 387.0 13.0 430.0
112.0 109.0 117.0 156.0
71.0 306.0 73.0 351.0
111.0 109.0 117.0 156.0
195.0 100.0 198.0 149.0
11.0 388.0 13.0 432.0
318.0 167.0 316.0 214.0
70.0 308.0 73.0 351.0
10.0 386.0 12.0 429.0
318.0 166.0 317.0 213.0
317.0 169.0 316.0 216.0
106.0 315.0 109.0 357.0
228.0 146.0 231.0 194.0
207.0 69.0 209.0 114.0
106.0 316.0 108.0 358.0
238.0 180.0 240.0 225.0
22.0 95.0 30.0 144.0
239.0 183.0 240.0 225.0
206.0 68.0 209.0 114.0
238.0 179.0 240.0 225.0
106.0 317.0 108.0 360.0
96.0 423.0 96.0 466.0
23.0 94.0 30.0 143.0
258.0 79.0 257.0 129.0
21.0 93.0 29.0 142.0
204.0 204.0 207.0 250.0
44.0 302.0 47.0 347.0
194.0 99.0 197.0 149.0
86.0 450.0 86.0 498.0
10.0 389.0 13.0 432.0
44.0 301.0 47.0 347.0
44.0 300.0 46.0 345.0
278.0 513.0 279.0 560.0
78.0 395.0 79.0 436.0
21.0 95.0 29.0 144.0
21.0 94.0 30.0 144.0
238.0 182.0 240.0 225.0
96.0 424.0 96.0 466.0
71.0 308.0 73.0 351.0
71.0 307.0 73.0 351.0
253.0 237.0 254.0 278.0
43.0 300.0 46.0 345.0
115.0 460.0 115.0 505.0
22.0 93.0 30.0 143.0
194.0 98.0 197.0 149.0
87.0 450.0 86.0 498.0
107.0 316.0 108.0 358.0
107.0 318.0 108.0 360.0
317.0 168.0 316.0 214.0
106.0 318.0 108.0 360.0
113.0 110.0 117.0 156.0
78.0 394.0 79.0 436.0
70.0 309.0 73.0 351.0
115.0 459.0 115.0 505.0
194.0 100.0 198.0 150.0
77.0 395.0 79.0 436.0
43.0 302.0 47.0 347.0
270.0 362.0 273.0 402.0
43.0 301.0 46.0 345.0
238.0 183.0 240.0 225.0
193.0 100.0 197.0 149.0
114.0 460.0 115.0 505.0
95.0 423.0 96.0 466.0
193.0 99.0 197.0 149.0
116.0 459.0 115.0 505.0
137.0 423.0 137.0 475.0
277.0 512.0 279.0 560.0
155.0 194.0 158.0 240.0
271.0 363.0 273.0 402.0
317.0 166.0 316.0 214.0
271.0 364.0 273.0 402.0
316.0 167.0 316.0 214.0
316.0 166.0 316.0 214.0
95.0 424.0 96.0 466.0
215.0 134.0 216.0 183.0
115.0 456.0 114.0 504.0
113.0 111.0 117.0 156.0
271.0 361.0 273.0 402.0
194.0 101.0 198.0 150.0
135.0 421.0 136.0 475.0
326.0 56.0 324.0 106.0
270.0 363.0 273.0 402.0
71.0 309.0 73.0 351.0
270.0 361.0 273.0 402.0
95.0 425.0 96.0 466.0
155.0 193.0 158.0 240.0
77.0 394.0 79.0 436.0
87.0 449.0 86.0 498.0
136.0 421.0 136.0 475.0
112.0 110.0 117.0 156.0
157.0 195.0 158.0 241.0
317.0 167.0 316.0 214.0
115.0 457.0 114.0 504.0
206.0 69.0 209.0 114.0
316.0 168.0 316.0 214.0
156.0 195.0 158.0 240.0
137.0 323.0 132.0 365.0
271.0 362.0 273.0 402.0
253.0 239.0 254.0 278.0
111.0 110.0 117.0 156.0
96.0 425.0 96.0 466.0
78.0 393.0 79.0 436.0
156.0 194.0 158.0 240.0
77.0 393.0 78.0 434.0
115.0 458.0 115.0 504.0
114.0 459.0 115.0 505.0
253.0 238.0 254.0 278.0
135.0 422.0 136.0 475.0
136.0 423.0 136.0 475.0
157.0 194.0 158.0 240.0
157.0 193.0 159.0 239.0
6.0 454.0 7.0 501.0
7.0 454.0 7.0 501.0
114.0 457.0 114.0 504.0
328.0 56.0 324.0 106.0
136.0 422.0 136.0 475.0
7.0 453.0 7.0 501.0
200.0 480.0 202.0 528.0
137.0 421.0 136.0 475.0
271.0 360.0 273.0 402.0
252.0 238.0 253.0 277.0
7.0 455.0 7.0 501.0
171.0 423.0 172.0 470.0
199.0 481.0 202.0 528.0
76.0 394.0 79.0 436.0
328.0 55.0 324.0 106.0
327.0 56.0 324.0 106.0
137.0 422.0 136.0 475.0
114.0 458.0 114.0 504.0
6.0 455.0 7.0 501.0
138.0 366.0 139.0 410.0
156.0 193.0 158.0 240.0
76.0 395.0 79.0 436.0
138.0 367.0 139.0 410.0
327.0 55.0 324.0 106.0
112.0 111.0 117.0 156.0
200.0 481.0 202.0 528.0
102.0 53.0 107.0 101.0
76.0 393.0 78.0 436.0
328.0 54.0 324.0 106.0
327.0 57.0 324.0 106.0
79.0 509.0 80.0 550.0
87.0 448.0 86.0 498.0
137.0 366.0 138.0 410.0
137.0 367.0 138.0 410.0
374.0 95.0 373.0 138.0
139.0 86.0 143.0 136.0
200.0 482.0 202.0 528.0
348.0 41.0 345.0 96.0
111.0 111.0 117.0 156.0
170.0 424.0 172.0 470.0
138.0 86.0 143.0 136.0
199.0 482.0 202.0 528.0
347.0 41.0 345.0 96.0
112.0 112.0 117.0 156.0
420.0 79.0 416.0 121.0
139.0 87.0 143.0 136.0
75.0 394.0 78.0 436.0
300.0 58.0 299.0 113.0
138.0 89.0 143.0 136.0
138.0 88.0 143.0 136.0
137.0 368.0 138.0 410.0
94.0 116.0 99.0 159.0
420.0 80.0 416.0 121.0
420.0 78.0 416.0 121.0
78.0 509.0 80.0 550.0
329.0 72.0 324.0 123.0
111.0 112.0 117.0 156.0
138.0 87.0 143.0 136.0
87.0 447.0 86.0 498.0
36.0 438.0 37.0 490.0
347.0 40.0 345.0 96.0
137.0 87.0 143.0 136.0
329.0 73.0 324.0 123.0
95.0 116.0 99.0 159.0
347.0 39.0 345.0 96.0
137.0 88.0 143.0 136.0
300.0 57.0 299.0 113.0
238.0 422.0 238.0 463.0
348.0 40.0 345.0 96.0
421.0 77.0 416.0 121.0
299.0 59.0 299.0 113.0
94.0 117.0 99.0 159.0
299.0 58.0 299.0 113.0
95.0 117.0 99.0 159.0
421.0 79.0 416.0 121.0
421.0 78.0 416.0 121.0
298.0 59.0 299.0 113.0
420.0 81.0 416.0 121.0
222.0 360.0 222.0 400.0
86.0 446.0 86.0 498.0
299.0 57.0 299.0 113.0
299.0 56.0 299.0 113.0
421.0 80.0 416.0 121.0
298.0 58.0 299.0 113.0
348.0 39.0 345.0 96.0
222.0 361.0 222.0 400.0
87.0 446.0 86.0 498.0
158.0 42.0 162.0 90.0
298.0 57.0 299.0 113.0
223.0 360.0 222.0 400.0
178.0 45.0 189.0 93.0
159.0 43.0 162.0 90.0
159.0 42.0 162.0 90.0
158.0 43.0 162.0 90.0
158.0 41.0 162.0 90.0
451.0 24.0 446.0 71.0
421.0 81.0 416.0 121.0
452.0 56.0 446.0 104.0
298.0 56.0 299.0 113.0
452.0 55.0 446.0 104.0
450.0 25.0 444.0 70.0
159.0 41.0 162.0 90.0
451.0 25.0 446.0 71.0
450.0 26.0 443.0 72.0
223.0 361.0 222.0 400.0
451.0 27.0 446.0 71.0
95.0 118.0 99.0 159.0
451.0 26.0 446.0 71.0
227.0 387.0 229.0 444.0
450.0 24.0 444.0 70.0
192.0 117.0 197.0 150.0
450.0 27.0 443.0 72.0
256.0 461.0 255.0 491.0
227.0 386.0 229.0 444.0
192.0 118.0 197.0 150.0
191.0 118.0 197.0 150.0
228.0 387.0 229.0 444.0
191.0 117.0 197.0 150.0
256.0 462.0 255.0 491.0
228.0 386.0 229.0 444.0
12.0 478.0 11.0 451.0
12.0 479.0 11.0 451.0
11.0 478.0 7.0 499.0
11.0 479.0 11.0 451.0
22.0 79.0 29.0 141.0
14.0 622.0 10.0 637.0
15.0 625.0 10.0 637.0
16.0 624.0 10.0 637.0
61.0 386.0 63.0 441.0
15.0 624.0 10.0 637.0
60.0 386.0 63.0 441.0
14.0 624.0 10.0 637.0
15.0 622.0 10.0 637.0
14.0 623.0 10.0 637.0
11.0 607.0 10.0 637.0
12.0 606.0 10.0 637.0
12.0 607.0 10.0 637.0
254.0 96.0 257.0 130.0
11.0 606.0 10.0 637.0
15.0 623.0 10.0 637.0
16.0 623.0 10.0 637.0
264.0 317.0 260.0 340.0
253.0 96.0 257.0 130.0
