14.0 492.0 13.0 493.0
19.0 215.0 21.0 217.0
74.0 259.0 75.0 261.0
36.0 165.0 37.0 168.0
19.0 216.0 20.0 218.0
286.0 480.0 284.0 486.0
23.0 464.0 22.0 465.0
22.0 465.0 21.0 466.0
73.0 259.0 75.0 261.0
35.0 165.0 37.0 168.0
23.0 465.0 21.0 466.0
74.0 260.0 75.0 262.0
287.0 480.0 285.0 486.0
92.0 263.0 93.0 266.0
36.0 164.0 37.0 168.0
128.0 484.0 126.0 489.0
35.0 164.0 37.0 168.0
294.0 170.0 294.0 177.0
91.0 263.0 93.0 266.0
92.0 264.0 93.0 266.0
367.0 323.0 365.0 331.0
434.0 237.0 431.0 246.0
24.0 465.0 21.0 466.0
15.0 492.0 13.0 493.0
286.0 481.0 284.0 486.0
25.0 465.0 21.0 466.0
287.0 479.0 285.0 484.0
18.0 216.0 20.0 218.0
128.0 485.0 126.0 489.0
128.0 486.0 126.0 489.0
288.0 480.0 285.0 486.0
382.0 339.0 380.0 348.0
365.0 367.0 363.0 374.0
287.0 481.0 285.0 486.0
91.0 264.0 93.0 266.0
433.0 237.0 431.0 246.0
393.0 572.0 387.0 579.0
451.0 517.0 448.0 525.0
433.0 238.0 431.0 246.0
127.0 486.0 126.0 489.0
392.0 572.0 387.0 579.0
355.0 404.0 352.0 413.0
129.0 485.0 127.0 488.0
32.0 425.0 33.0 425.0
33.0 425.0 33.0 425.0
294.0 169.0 294.0 177.0
293.0 170.0 293.0 176.0
396.0 463.0 393.0 470.0
36.0 495.0 34.0 498.0
393.0 209.0 390.0 218.0
33.0 426.0 33.0 425.0
14.0 491.0 13.0 493.0
48.0 250.0 40.0 249.0
127.0 485.0 126.0 488.0
451.0 516.0 448.0 525.0
18.0 215.0 20.0 217.0
92.0 262.0 93.0 266.0
301.0 379.0 299.0 384.0
293.0 171.0 293.0 176.0
367.0 322.0 365.0 331.0
301.0 496.0 298.0 501.0
91.0 265.0 93.0 266.0
47.0 250.0 40.0 249.0
394.0 394.0 390.0 401.0
392.0 571.0 387.0 579.0
452.0 517.0 448.0 525.0
293.0 169.0 293.0 176.0
381.0 339.0 380.0 348.0
196.0 618.0 194.0 622.0
197.0 618.0 194.0 622.0
148.0 420.0 147.0 423.0
396.0 462.0 393.0 470.0
393.0 210.0 390.0 218.0
32.0 426.0 33.0 427.0
356.0 404.0 352.0 413.0
392.0 208.0 389.0 217.0
395.0 463.0 393.0 470.0
357.0 405.0 353.0 413.0
325.0 319.0 323.0 326.0
392.0 209.0 389.0 218.0
393.0 394.0 390.0 401.0
450.0 517.0 448.0 525.0
270.0 444.0 268.0 449.0
148.0 419.0 147.0 423.0
393.0 208.0 390.0 218.0
355.0 405.0 352.0 413.0
356.0 405.0 353.0 413.0
15.0 491.0 13.0 493.0
300.0 379.0 299.0 385.0
325.0 320.0 324.0 326.0
47.0 251.0 40.0 249.0
31.0 425.0 32.0 426.0
393.0 571.0 387.0 579.0
394.0 393.0 390.0 401.0
393.0 393.0 391.0 399.0
301.0 497.0 298.0 501.0
345.0 328.0 342.0 336.0
400.0 312.0 395.0 321.0
395.0 462.0 393.0 470.0
380.0 338.0 380.0 348.0
20.0 244.0 21.0 248.0
271.0 443.0 268.0 449.0
48.0 251.0 40.0 249.0
392.0 210.0 389.0 218.0
392.0 352.0 391.0 362.0
402.0 313.0 397.0 321.0
299.0 497.0 297.0 503.0
134.0 461.0 132.0 464.0
38.0 248.0 40.0 249.0
48.0 249.0 40.0 249.0
148.0 421.0 147.0 423.0
271.0 444.0 268.0 449.0
197.0 617.0 194.0 622.0
33.0 427.0 33.0 427.0
147.0 421.0 147.0 423.0
270.0 443.0 268.0 449.0
271.0 442.0 268.0 449.0
133.0 460.0 132.0 464.0
315.0 242.0 316.0 250.0
316.0 242.0 316.0 250.0
393.0 352.0 391.0 362.0
82.0 625.0 79.0 627.0
83.0 625.0 80.0 627.0
401.0 313.0 397.0 321.0
134.0 460.0 132.0 464.0
133.0 461.0 132.0 464.0
410.0 624.0 407.0 634.0
357.0 406.0 353.0 413.0
300.0 496.0 298.0 502.0
328.0 546.0 325.0 554.0
327.0 546.0 324.0 555.0
394.0 392.0 391.0 399.0
334.0 401.0 332.0 408.0
292.0 170.0 293.0 176.0
83.0 624.0 79.0 627.0
32.0 427.0 32.0 427.0
411.0 624.0 407.0 634.0
292.0 169.0 293.0 176.0
299.0 496.0 297.0 503.0
450.0 516.0 448.0 525.0
366.0 367.0 363.0 374.0
269.0 443.0 268.0 449.0
170.0 604.0 167.0 608.0
414.0 386.0 411.0 393.0
328.0 545.0 325.0 554.0
5.0 332.0 5.0 333.0
401.0 312.0 398.0 320.0
148.0 422.0 147.0 423.0
270.0 442.0 268.0 449.0
380.0 339.0 380.0 348.0
393.0 392.0 391.0 399.0
300.0 497.0 298.0 503.0
414.0 385.0 411.0 393.0
132.0 617.0 131.0 622.0
385.0 481.0 382.0 489.0
5.0 333.0 6.0 334.0
327.0 545.0 325.0 554.0
460.0 192.0 456.0 201.0
23.0 336.0 23.0 337.0
266.0 535.0 263.0 542.0
240.0 579.0 238.0 584.0
334.0 400.0 332.0 408.0
401.0 311.0 398.0 320.0
356.0 406.0 353.0 413.0
170.0 603.0 167.0 608.0
385.0 482.0 382.0 489.0
133.0 617.0 131.0 621.0
23.0 338.0 22.0 338.0
248.0 104.0 249.0 111.0
308.0 401.0 306.0 408.0
267.0 535.0 263.0 542.0
395.0 228.0 392.0 235.0
474.0 250.0 470.0 258.0
393.0 353.0 391.0 362.0
474.0 249.0 470.0 258.0
406.0 453.0 402.0 462.0
473.0 250.0 470.0 258.0
241.0 579.0 238.0 584.0
19.0 243.0 21.0 247.0
82.0 624.0 79.0 627.0
473.0 249.0 470.0 258.0
265.0 535.0 263.0 542.0
218.0 204.0 218.0 208.0
248.0 103.0 249.0 111.0
394.0 352.0 391.0 362.0
423.0 417.0 421.0 426.0
218.0 202.0 218.0 206.0
254.0 186.0 254.0 192.0
169.0 604.0 167.0 608.0
385.0 483.0 383.0 490.0
323.0 92.0 322.0 101.0
169.0 603.0 167.0 608.0
250.0 104.0 249.0 111.0
264.0 160.0 265.0 167.0
300.0 463.0 298.0 469.0
386.0 481.0 383.0 488.0
424.0 418.0 421.0 426.0
249.0 104.0 249.0 111.0
23.0 337.0 22.0 338.0
186.0 561.0 184.0 568.0
415.0 301.0 412.0 308.0
323.0 93.0 322.0 101.0
345.0 512.0 342.0 518.0
399.0 499.0 395.0 511.0
415.0 300.0 412.0 308.0
301.0 462.0 298.0 469.0
82.0 16.0 96.0 20.0
334.0 399.0 332.0 408.0
217.0 202.0 218.0 206.0
53.0 471.0 51.0 473.0
402.0 269.0 400.0 275.0
218.0 203.0 218.0 208.0
322.0 93.0 321.0 102.0
395.0 229.0 392.0 235.0
22.0 338.0 22.0 338.0
402.0 312.0 398.0 320.0
301.0 463.0 298.0 469.0
21.0 337.0 22.0 338.0
322.0 92.0 321.0 102.0
22.0 337.0 22.0 338.0
307.0 401.0 306.0 408.0
249.0 103.0 249.0 111.0
335.0 400.0 332.0 408.0
331.0 69.0 331.0 76.0
425.0 417.0 421.0 426.0
412.0 519.0 402.0 527.0
240.0 578.0 238.0 584.0
379.0 339.0 380.0 348.0
177.0 619.0 174.0 624.0
414.0 301.0 412.0 308.0
22.0 336.0 22.0 338.0
219.0 203.0 218.0 208.0
242.0 579.0 238.0 584.0
423.0 418.0 421.0 426.0
326.0 545.0 324.0 554.0
323.0 94.0 322.0 102.0
389.0 245.0 386.0 254.0
299.0 463.0 298.0 469.0
396.0 228.0 392.0 235.0
460.0 191.0 456.0 201.0
386.0 482.0 383.0 488.0
217.0 203.0 218.0 206.0
418.0 588.0 415.0 596.0
332.0 69.0 332.0 78.0
320.0 464.0 318.0 473.0
324.0 93.0 322.0 102.0
307.0 402.0 306.0 408.0
265.0 160.0 265.0 167.0
169.0 602.0 167.0 608.0
177.0 618.0 174.0 624.0
185.0 561.0 183.0 569.0
417.0 588.0 414.0 596.0
332.0 70.0 332.0 78.0
122.0 446.0 121.0 449.0
267.0 150.0 268.0 157.0
241.0 578.0 238.0 584.0
344.0 512.0 342.0 518.0
335.0 343.0 332.0 350.0
300.0 462.0 298.0 469.0
331.0 70.0 331.0 78.0
299.0 464.0 298.0 469.0
300.0 464.0 298.0 469.0
344.0 511.0 342.0 518.0
414.0 300.0 412.0 308.0
424.0 417.0 421.0 426.0
444.0 461.0 441.0 468.0
122.0 445.0 121.0 449.0
321.0 464.0 318.0 473.0
52.0 471.0 46.0 472.0
66.0 255.0 75.0 261.0
308.0 402.0 306.0 408.0
343.0 511.0 341.0 518.0
242.0 578.0 238.0 584.0
411.0 519.0 402.0 527.0
335.0 344.0 332.0 350.0
336.0 342.0 332.0 350.0
186.0 562.0 183.0 569.0
418.0 587.0 415.0 596.0
219.0 202.0 218.0 208.0
178.0 618.0 174.0 624.0
344.0 513.0 342.0 518.0
241.0 597.0 240.0 601.0
474.0 248.0 470.0 258.0
473.0 248.0 470.0 258.0
186.0 563.0 183.0 569.0
396.0 229.0 392.0 235.0
242.0 597.0 240.0 601.0
131.0 195.0 132.0 199.0
388.0 245.0 386.0 254.0
335.0 342.0 332.0 350.0
417.0 587.0 415.0 596.0
82.0 17.0 96.0 20.0
459.0 192.0 456.0 201.0
444.0 460.0 441.0 468.0
336.0 344.0 332.0 350.0
308.0 403.0 306.0 408.0
320.0 463.0 318.0 473.0
474.0 27.0 471.0 38.0
332.0 71.0 332.0 78.0
321.0 463.0 318.0 473.0
473.0 27.0 471.0 38.0
185.0 562.0 183.0 569.0
475.0 27.0 471.0 38.0
258.0 177.0 259.0 184.0
190.0 193.0 183.0 195.0
343.0 512.0 341.0 518.0
185.0 563.0 183.0 569.0
459.0 191.0 456.0 201.0
241.0 577.0 238.0 584.0
336.0 343.0 332.0 350.0
219.0 568.0 216.0 576.0
241.0 596.0 240.0 601.0
255.0 187.0 255.0 194.0
388.0 246.0 386.0 254.0
331.0 71.0 331.0 78.0
46.0 364.0 30.0 362.0
242.0 596.0 240.0 601.0
47.0 364.0 30.0 362.0
456.0 18.0 452.0 30.0
118.0 457.0 117.0 462.0
119.0 457.0 117.0 462.0
457.0 18.0 452.0 30.0
258.0 178.0 259.0 184.0
118.0 456.0 117.0 462.0
315.0 421.0 314.0 428.0
307.0 403.0 306.0 408.0
337.0 343.0 332.0 350.0
389.0 246.0 387.0 254.0
46.0 363.0 30.0 362.0
255.0 186.0 255.0 193.0
459.0 190.0 456.0 201.0
249.0 530.0 243.0 539.0
119.0 458.0 117.0 462.0
218.0 568.0 216.0 576.0
315.0 422.0 314.0 428.0
474.0 26.0 471.0 38.0
379.0 303.0 377.0 311.0
118.0 458.0 117.0 462.0
473.0 26.0 471.0 38.0
316.0 421.0 314.0 428.0
256.0 186.0 255.0 193.0
455.0 16.0 452.0 30.0
380.0 303.0 378.0 310.0
321.0 462.0 318.0 473.0
228.0 274.0 230.0 275.0
456.0 17.0 452.0 30.0
379.0 304.0 377.0 311.0
294.0 354.0 294.0 357.0
457.0 17.0 452.0 30.0
455.0 17.0 452.0 30.0
380.0 304.0 377.0 311.0
456.0 16.0 452.0 30.0
388.0 247.0 386.0 254.0
229.0 274.0 230.0 275.0
229.0 273.0 230.0 275.0
228.0 273.0 230.0 275.0
294.0 355.0 294.0 357.0
123.0 55.0 126.0 58.0
304.0 268.0 302.0 282.0
11.0 551.0 9.0 566.0
10.0 551.0 9.0 566.0
111.0 481.0 105.0 483.0
305.0 267.0 302.0 282.0
112.0 481.0 105.0 483.0
112.0 482.0 105.0 483.0
304.0 267.0 302.0 282.0
10.0 550.0 9.0 566.0
387.0 558.0 388.0 579.0
304.0 266.0 302.0 282.0
305.0 266.0 302.0 282.0
303.0 267.0 302.0 282.0
387.0 557.0 388.0 579.0
386.0 558.0 388.0 579.0
386.0 557.0 388.0 579.0
304.0 265.0 302.0 282.0
235.0 537.0 242.0 539.0
303.0 266.0 302.0 282.0
234.0 536.0 242.0 539.0
354.0 341.0 342.0 336.0
218.0 628.0 194.0 623.0
234.0 537.0 242.0 539.0
323.0 409.0 332.0 410.0
