84.0 575.0 61.0 573.0
338.0 508.0 317.0 512.0
83.0 575.0 61.0 573.0
82.0 575.0 61.0 573.0
151.0 491.0 128.0 490.0
83.0 574.0 61.0 573.0
84.0 574.0 61.0 573.0
141.0 266.0 121.0 259.0
339.0 508.0 317.0 512.0
151.0 492.0 128.0 490.0
141.0 265.0 121.0 259.0
225.0 437.0 204.0 436.0
82.0 574.0 61.0 573.0
152.0 491.0 128.0 490.0
337.0 508.0 317.0 512.0
339.0 507.0 317.0 512.0
226.0 437.0 205.0 437.0
140.0 266.0 121.0 259.0
355.0 355.0 335.0 360.0
140.0 265.0 121.0 259.0
152.0 492.0 128.0 491.0
370.0 377.0 349.0 382.0
356.0 356.0 336.0 361.0
369.0 377.0 349.0 382.0
356.0 355.0 335.0 360.0
172.0 536.0 148.0 534.0
307.0 422.0 287.0 424.0
122.0 562.0 96.0 560.0
318.0 614.0 291.0 619.0
308.0 422.0 287.0 424.0
121.0 562.0 96.0 560.0
380.0 390.0 360.0 396.0
86.0 95.0 68.0 83.0
318.0 615.0 291.0 619.0
308.0 421.0 287.0 424.0
364.0 614.0 337.0 620.0
225.0 436.0 204.0 436.0
369.0 376.0 348.0 381.0
332.0 389.0 311.0 393.0
171.0 536.0 147.0 534.0
297.0 401.0 275.0 405.0
307.0 421.0 287.0 424.0
299.0 401.0 276.0 405.0
318.0 616.0 291.0 619.0
78.0 238.0 59.0 229.0
298.0 402.0 276.0 405.0
332.0 390.0 311.0 393.0
309.0 531.0 286.0 538.0
355.0 354.0 335.0 360.0
203.0 546.0 178.0 546.0
340.0 507.0 317.0 512.0
243.0 501.0 222.0 500.0
298.0 401.0 276.0 405.0
333.0 389.0 311.0 393.0
234.0 608.0 209.0 609.0
122.0 561.0 97.0 560.0
334.0 389.0 311.0 393.0
381.0 390.0 360.0 396.0
333.0 390.0 311.0 393.0
242.0 501.0 222.0 500.0
380.0 391.0 360.0 396.0
360.0 552.0 336.0 557.0
362.0 614.0 337.0 619.0
306.0 516.0 284.0 521.0
293.0 362.0 274.0 364.0
357.0 355.0 335.0 360.0
381.0 391.0 360.0 396.0
271.0 622.0 245.0 624.0
242.0 502.0 222.0 500.0
382.0 390.0 360.0 396.0
368.0 376.0 348.0 383.0
370.0 376.0 349.0 382.0
356.0 354.0 335.0 360.0
305.0 516.0 282.0 520.0
363.0 614.0 337.0 619.0
328.0 428.0 307.0 431.0
357.0 354.0 335.0 360.0
205.0 374.0 187.0 372.0
296.0 402.0 275.0 405.0
146.0 518.0 123.0 515.0
317.0 614.0 291.0 619.0
146.0 517.0 123.0 515.0
206.0 373.0 187.0 372.0
379.0 391.0 360.0 396.0
361.0 551.0 336.0 557.0
381.0 392.0 360.0 396.0
296.0 401.0 275.0 405.0
317.0 615.0 291.0 619.0
308.0 420.0 287.0 423.0
426.0 557.0 400.0 564.0
307.0 420.0 286.0 424.0
297.0 402.0 275.0 405.0
206.0 372.0 187.0 372.0
174.0 536.0 148.0 534.0
171.0 535.0 147.0 534.0
205.0 372.0 187.0 372.0
299.0 79.0 286.0 74.0
143.0 443.0 122.0 442.0
270.0 623.0 245.0 625.0
83.0 270.0 64.0 262.0
294.0 362.0 276.0 364.0
329.0 427.0 307.0 431.0
308.0 531.0 286.0 538.0
380.0 392.0 360.0 396.0
334.0 390.0 311.0 393.0
426.0 556.0 400.0 564.0
243.0 502.0 222.0 501.0
242.0 503.0 222.0 501.0
205.0 373.0 187.0 372.0
226.0 436.0 205.0 437.0
101.0 553.0 79.0 550.0
309.0 421.0 287.0 424.0
361.0 552.0 336.0 557.0
317.0 616.0 291.0 619.0
306.0 515.0 284.0 520.0
143.0 444.0 122.0 442.0
299.0 402.0 276.0 405.0
289.0 104.0 274.0 98.0
206.0 374.0 187.0 372.0
179.0 518.0 156.0 519.0
298.0 79.0 286.0 74.0
363.0 615.0 337.0 620.0
308.0 555.0 284.0 557.0
203.0 545.0 178.0 546.0
316.0 614.0 291.0 619.0
307.0 516.0 284.0 520.0
84.0 269.0 64.0 262.0
270.0 621.0 245.0 624.0
360.0 551.0 336.0 557.0
213.0 511.0 192.0 513.0
373.0 576.0 347.0 582.0
170.0 535.0 146.0 533.0
270.0 622.0 245.0 624.0
371.0 376.0 349.0 382.0
207.0 372.0 187.0 372.0
234.0 607.0 209.0 609.0
380.0 132.0 367.0 134.0
306.0 155.0 293.0 154.0
207.0 373.0 187.0 372.0
179.0 519.0 156.0 519.0
235.0 607.0 209.0 609.0
173.0 404.0 153.0 403.0
170.0 536.0 147.0 534.0
68.0 460.0 46.0 458.0
327.0 426.0 307.0 431.0
102.0 553.0 79.0 551.0
305.0 515.0 283.0 520.0
382.0 391.0 360.0 396.0
327.0 427.0 307.0 431.0
373.0 575.0 347.0 582.0
337.0 572.0 311.0 577.0
316.0 616.0 291.0 619.0
328.0 427.0 307.0 431.0
67.0 460.0 45.0 457.0
316.0 615.0 291.0 619.0
153.0 355.0 132.0 353.0
425.0 557.0 400.0 564.0
304.0 154.0 292.0 153.0
290.0 104.0 274.0 98.0
83.0 269.0 64.0 262.0
259.0 429.0 239.0 430.0
336.0 572.0 310.0 577.0
147.0 518.0 123.0 516.0
78.0 237.0 59.0 229.0
307.0 154.0 293.0 153.0
77.0 237.0 59.0 229.0
269.0 622.0 245.0 624.0
425.0 556.0 400.0 564.0
329.0 426.0 307.0 431.0
68.0 461.0 46.0 458.0
299.0 80.0 286.0 74.0
238.0 519.0 218.0 521.0
102.0 552.0 79.0 551.0
300.0 79.0 286.0 74.0
103.0 552.0 79.0 551.0
239.0 519.0 218.0 521.0
449.0 48.0 437.0 46.0
374.0 575.0 347.0 582.0
336.0 573.0 310.0 577.0
143.0 442.0 122.0 442.0
337.0 573.0 311.0 578.0
306.0 154.0 293.0 154.0
148.0 574.0 125.0 573.0
175.0 536.0 148.0 534.0
449.0 47.0 437.0 46.0
328.0 426.0 307.0 431.0
162.0 598.0 138.0 599.0
424.0 557.0 400.0 564.0
70.0 335.0 48.0 329.0
202.0 546.0 178.0 546.0
305.0 154.0 293.0 154.0
333.0 7.0 325.0 5.0
172.0 404.0 153.0 403.0
161.0 598.0 138.0 599.0
308.0 419.0 287.0 423.0
103.0 350.0 83.0 345.0
69.0 335.0 48.0 329.0
450.0 47.0 437.0 46.0
259.0 428.0 239.0 429.0
239.0 520.0 218.0 521.0
148.0 573.0 125.0 573.0
298.0 80.0 286.0 74.0
147.0 517.0 123.0 516.0
173.0 403.0 153.0 403.0
151.0 354.0 132.0 352.0
102.0 551.0 79.0 550.0
305.0 155.0 293.0 154.0
202.0 544.0 178.0 546.0
78.0 32.0 62.0 16.0
82.0 269.0 64.0 262.0
68.0 334.0 48.0 329.0
260.0 428.0 240.0 429.0
202.0 545.0 178.0 546.0
152.0 354.0 132.0 352.0
192.0 564.0 169.0 565.0
103.0 348.0 83.0 345.0
201.0 499.0 178.0 499.0
104.0 350.0 83.0 345.0
69.0 461.0 47.0 457.0
172.0 403.0 153.0 403.0
268.0 622.0 245.0 624.0
240.0 520.0 218.0 521.0
191.0 565.0 168.0 566.0
102.0 348.0 83.0 345.0
373.0 574.0 347.0 581.0
104.0 349.0 83.0 345.0
69.0 334.0 48.0 329.0
68.0 335.0 48.0 329.0
144.0 444.0 122.0 442.0
201.0 546.0 178.0 546.0
69.0 460.0 46.0 458.0
103.0 349.0 83.0 345.0
157.0 384.0 137.0 382.0
193.0 565.0 170.0 566.0
192.0 566.0 170.0 566.0
69.0 336.0 48.0 329.0
171.0 403.0 151.0 402.0
258.0 428.0 237.0 429.0
180.0 519.0 156.0 519.0
152.0 355.0 132.0 353.0
191.0 564.0 169.0 565.0
259.0 427.0 239.0 429.0
156.0 385.0 137.0 383.0
300.0 80.0 286.0 74.0
82.0 268.0 64.0 262.0
201.0 544.0 178.0 546.0
342.0 417.0 320.0 422.0
342.0 416.0 320.0 421.0
201.0 545.0 178.0 546.0
83.0 268.0 64.0 262.0
129.0 529.0 104.0 526.0
470.0 22.0 460.0 23.0
144.0 442.0 122.0 442.0
192.0 565.0 168.0 566.0
161.0 599.0 138.0 599.0
200.0 499.0 178.0 500.0
341.0 417.0 320.0 421.0
103.0 551.0 79.0 550.0
63.0 235.0 44.0 226.0
180.0 520.0 156.0 519.0
102.0 349.0 83.0 345.0
104.0 348.0 83.0 345.0
157.0 385.0 137.0 382.0
150.0 573.0 125.0 573.0
343.0 416.0 320.0 422.0
144.0 443.0 122.0 442.0
374.0 574.0 347.0 581.0
261.0 428.0 240.0 429.0
152.0 356.0 132.0 353.0
130.0 529.0 105.0 526.0
144.0 445.0 122.0 442.0
67.0 634.0 42.0 632.0
194.0 516.0 172.0 516.0
341.0 122.0 329.0 118.0
145.0 445.0 122.0 442.0
151.0 355.0 132.0 353.0
338.0 572.0 311.0 578.0
67.0 636.0 42.0 632.0
342.0 122.0 329.0 118.0
153.0 356.0 132.0 353.0
395.0 554.0 369.0 561.0
149.0 573.0 125.0 573.0
260.0 427.0 240.0 429.0
67.0 635.0 42.0 632.0
194.0 517.0 172.0 516.0
180.0 518.0 156.0 519.0
62.0 235.0 44.0 226.0
343.0 122.0 329.0 118.0
344.0 122.0 329.0 118.0
341.0 416.0 320.0 421.0
162.0 599.0 138.0 599.0
200.0 498.0 178.0 499.0
149.0 574.0 125.0 573.0
145.0 443.0 122.0 442.0
145.0 442.0 122.0 442.0
131.0 529.0 105.0 526.0
145.0 444.0 122.0 442.0
429.0 596.0 403.0 604.0
135.0 31.0 119.0 17.0
430.0 595.0 404.0 603.0
150.0 574.0 125.0 573.0
66.0 635.0 42.0 632.0
430.0 596.0 404.0 603.0
66.0 634.0 42.0 632.0
63.0 234.0 44.0 226.0
66.0 276.0 46.0 268.0
120.0 351.0 95.0 346.0
431.0 595.0 404.0 603.0
62.0 234.0 44.0 226.0
181.0 519.0 156.0 519.0
46.0 309.0 26.0 303.0
66.0 277.0 46.0 268.0
181.0 518.0 156.0 519.0
343.0 123.0 329.0 118.0
190.0 580.0 167.0 582.0
264.0 427.0 241.0 429.0
50.0 440.0 29.0 436.0
431.0 596.0 404.0 603.0
355.0 442.0 333.0 442.0
344.0 123.0 329.0 118.0
429.0 595.0 404.0 603.0
430.0 594.0 404.0 603.0
51.0 439.0 29.0 436.0
66.0 582.0 42.0 579.0
47.0 309.0 26.0 303.0
46.0 310.0 26.0 303.0
50.0 439.0 29.0 436.0
66.0 278.0 46.0 268.0
394.0 554.0 369.0 562.0
135.0 32.0 125.0 21.0
58.0 300.0 38.0 294.0
65.0 581.0 42.0 578.0
67.0 581.0 42.0 579.0
136.0 33.0 125.0 21.0
66.0 581.0 42.0 579.0
429.0 594.0 404.0 603.0
65.0 582.0 42.0 579.0
64.0 581.0 42.0 578.0
64.0 582.0 42.0 578.0
51.0 440.0 29.0 436.0
47.0 310.0 26.0 303.0
65.0 580.0 42.0 578.0
42.0 268.0 19.0 258.0
59.0 300.0 38.0 294.0
66.0 580.0 42.0 579.0
175.0 367.0 143.0 366.0
345.0 625.0 321.0 618.0
50.0 441.0 29.0 436.0
43.0 268.0 19.0 258.0
59.0 301.0 38.0 294.0
393.0 554.0 369.0 562.0
57.0 301.0 38.0 294.0
442.0 32.0 458.0 22.0
51.0 441.0 29.0 436.0
63.0 581.0 42.0 578.0
58.0 301.0 38.0 294.0
52.0 440.0 29.0 436.0
441.0 32.0 458.0 22.0
175.0 366.0 143.0 366.0
176.0 367.0 143.0 366.0
176.0 366.0 143.0 366.0
52.0 441.0 29.0 436.0
345.0 626.0 321.0 618.0
69.0 549.0 51.0 546.0
344.0 626.0 321.0 618.0
177.0 366.0 143.0 366.0
394.0 106.0 329.0 118.0
177.0 367.0 143.0 366.0
259.0 608.0 245.0 624.0
250.0 560.0 217.0 565.0
250.0 561.0 217.0 565.0
178.0 367.0 143.0 366.0
183.0 480.0 163.0 485.0
366.0 630.0 337.0 620.0
258.0 608.0 245.0 624.0
394.0 107.0 329.0 118.0
365.0 630.0 337.0 620.0
251.0 560.0 217.0 565.0
251.0 561.0 217.0 565.0
183.0 479.0 163.0 485.0
365.0 631.0 337.0 620.0
95.0 346.0 83.0 345.0
366.0 631.0 337.0 620.0
355.0 581.0 336.0 593.0
252.0 561.0 217.0 565.0
94.0 636.0 43.0 631.0
94.0 637.0 43.0 631.0
