84.0 230.0 68.0 216.0
252.0 311.0 232.0 315.0
297.0 34.0 287.0 34.0
246.0 265.0 229.0 266.0
124.0 218.0 107.0 205.0
123.0 217.0 107.0 205.0
307.0 328.0 284.0 334.0
123.0 216.0 107.0 205.0
245.0 265.0 229.0 266.0
124.0 216.0 107.0 205.0
298.0 34.0 287.0 34.0
205.0 385.0 182.0 385.0
307.0 329.0 284.0 334.0
266.0 240.0 249.0 241.0
284.0 207.0 269.0 209.0
125.0 216.0 107.0 205.0
297.0 35.0 287.0 34.0
308.0 329.0 285.0 334.0
210.0 238.0 192.0 237.0
252.0 312.0 232.0 315.0
209.0 236.0 192.0 235.0
308.0 224.0 292.0 228.0
251.0 311.0 232.0 315.0
246.0 264.0 229.0 266.0
285.0 206.0 269.0 207.0
298.0 35.0 287.0 34.0
76.0 256.0 58.0 244.0
410.0 108.0 396.0 117.0
125.0 217.0 107.0 205.0
83.0 231.0 68.0 216.0
76.0 257.0 58.0 244.0
124.0 217.0 107.0 205.0
245.0 263.0 229.0 266.0
152.0 509.0 125.0 500.0
339.0 202.0 323.0 208.0
83.0 229.0 68.0 216.0
84.0 231.0 68.0 216.0
245.0 264.0 229.0 266.0
206.0 385.0 182.0 385.0
410.0 106.0 396.0 117.0
151.0 509.0 125.0 499.0
209.0 237.0 193.0 236.0
225.0 226.0 210.0 224.0
197.0 369.0 174.0 368.0
336.0 230.0 319.0 235.0
210.0 237.0 193.0 236.0
151.0 508.0 125.0 499.0
152.0 508.0 125.0 499.0
309.0 224.0 292.0 228.0
261.0 351.0 237.0 353.0
226.0 295.0 207.0 298.0
77.0 256.0 58.0 244.0
306.0 160.0 292.0 163.0
276.0 65.0 269.0 65.0
83.0 230.0 68.0 216.0
226.0 226.0 210.0 224.0
206.0 254.0 189.0 254.0
77.0 257.0 58.0 244.0
204.0 255.0 187.0 254.0
412.0 179.0 396.0 191.0
210.0 236.0 192.0 235.0
337.0 230.0 320.0 235.0
284.0 206.0 269.0 207.0
409.0 107.0 396.0 117.0
340.0 202.0 323.0 208.0
286.0 324.0 266.0 329.0
284.0 205.0 269.0 207.0
321.0 196.0 305.0 201.0
413.0 179.0 396.0 191.0
322.0 197.0 305.0 201.0
409.0 106.0 396.0 117.0
410.0 107.0 396.0 117.0
205.0 254.0 187.0 254.0
206.0 255.0 189.0 254.0
285.0 205.0 269.0 207.0
204.0 386.0 182.0 385.0
211.0 237.0 193.0 236.0
247.0 264.0 229.0 266.0
226.0 225.0 210.0 224.0
275.0 66.0 269.0 65.0
204.0 254.0 187.0 254.0
283.0 206.0 269.0 209.0
84.0 232.0 68.0 216.0
305.0 160.0 292.0 163.0
196.0 370.0 174.0 369.0
409.0 108.0 396.0 117.0
226.0 296.0 207.0 298.0
300.0 289.0 279.0 292.0
320.0 197.0 304.0 201.0
341.0 201.0 323.0 208.0
247.0 294.0 229.0 297.0
184.0 214.0 168.0 211.0
322.0 196.0 305.0 201.0
251.0 312.0 232.0 315.0
250.0 311.0 232.0 315.0
262.0 351.0 237.0 353.0
260.0 351.0 237.0 353.0
320.0 196.0 304.0 201.0
408.0 107.0 396.0 117.0
394.0 206.0 378.0 214.0
205.0 386.0 182.0 385.0
286.0 325.0 266.0 329.0
321.0 197.0 305.0 201.0
151.0 510.0 125.0 499.0
205.0 255.0 187.0 254.0
227.0 296.0 207.0 298.0
284.0 324.0 265.0 329.0
225.0 296.0 207.0 298.0
196.0 355.0 175.0 355.0
301.0 290.0 279.0 292.0
197.0 355.0 175.0 355.0
110.0 274.0 94.0 263.0
348.0 270.0 330.0 277.0
106.0 144.0 94.0 129.0
285.0 324.0 265.0 329.0
285.0 325.0 265.0 329.0
225.0 225.0 210.0 224.0
107.0 144.0 94.0 129.0
206.0 386.0 182.0 385.0
340.0 201.0 323.0 208.0
309.0 329.0 285.0 334.0
276.0 66.0 269.0 65.0
300.0 290.0 279.0 292.0
131.0 124.0 122.0 112.0
347.0 270.0 330.0 277.0
263.0 351.0 237.0 353.0
302.0 290.0 279.0 292.0
197.0 370.0 174.0 369.0
109.0 274.0 94.0 263.0
356.0 129.0 342.0 135.0
134.0 426.0 110.0 419.0
394.0 205.0 378.0 214.0
408.0 108.0 396.0 117.0
301.0 289.0 279.0 292.0
107.0 143.0 94.0 129.0
242.0 138.0 229.0 134.0
142.0 363.0 122.0 358.0
205.0 387.0 182.0 385.0
284.0 325.0 265.0 329.0
241.0 138.0 229.0 134.0
106.0 143.0 94.0 129.0
283.0 205.0 269.0 207.0
309.0 223.0 293.0 228.0
183.0 214.0 168.0 211.0
369.0 73.0 358.0 78.0
261.0 350.0 237.0 353.0
302.0 289.0 279.0 292.0
132.0 125.0 122.0 112.0
354.0 130.0 342.0 135.0
275.0 68.0 269.0 65.0
262.0 350.0 237.0 353.0
355.0 129.0 342.0 135.0
276.0 67.0 269.0 65.0
186.0 215.0 168.0 211.0
348.0 269.0 330.0 277.0
276.0 68.0 269.0 65.0
196.0 356.0 175.0 355.0
355.0 130.0 342.0 135.0
108.0 144.0 94.0 129.0
177.0 315.0 155.0 314.0
275.0 67.0 269.0 65.0
355.0 128.0 342.0 135.0
108.0 143.0 94.0 128.0
185.0 215.0 168.0 211.0
135.0 426.0 110.0 419.0
197.0 356.0 175.0 355.0
107.0 142.0 94.0 128.0
243.0 137.0 229.0 134.0
242.0 137.0 229.0 134.0
241.0 137.0 229.0 134.0
177.0 316.0 155.0 314.0
369.0 72.0 358.0 78.0
250.0 312.0 232.0 315.0
305.0 159.0 291.0 163.0
432.0 117.0 416.0 130.0
135.0 424.0 112.0 419.0
106.0 142.0 94.0 129.0
431.0 117.0 416.0 130.0
131.0 125.0 122.0 112.0
354.0 129.0 342.0 135.0
198.0 356.0 175.0 355.0
238.0 330.0 222.0 337.0
178.0 316.0 155.0 314.0
178.0 104.0 169.0 95.0
431.0 116.0 416.0 130.0
135.0 425.0 112.0 419.0
368.0 72.0 358.0 78.0
258.0 134.0 245.0 133.0
432.0 118.0 416.0 130.0
135.0 379.0 111.0 374.0
432.0 116.0 417.0 129.0
345.0 346.0 320.0 355.0
141.0 361.0 123.0 359.0
141.0 362.0 123.0 359.0
116.0 67.0 107.0 50.0
294.0 170.0 279.0 171.0
431.0 118.0 416.0 130.0
349.0 270.0 330.0 277.0
161.0 101.0 151.0 90.0
368.0 73.0 358.0 78.0
142.0 362.0 123.0 359.0
257.0 134.0 245.0 133.0
178.0 315.0 155.0 314.0
134.0 378.0 111.0 374.0
257.0 133.0 245.0 133.0
350.0 270.0 331.0 277.0
258.0 133.0 245.0 133.0
344.0 346.0 319.0 355.0
160.0 101.0 151.0 90.0
165.0 32.0 157.0 22.0
179.0 315.0 155.0 314.0
249.0 312.0 232.0 315.0
179.0 316.0 155.0 314.0
160.0 100.0 151.0 90.0
187.0 215.0 168.0 211.0
117.0 67.0 107.0 50.0
161.0 102.0 151.0 90.0
39.0 291.0 22.0 275.0
350.0 269.0 331.0 276.0
177.0 105.0 169.0 95.0
160.0 102.0 151.0 90.0
177.0 104.0 169.0 95.0
39.0 290.0 22.0 275.0
349.0 269.0 331.0 276.0
164.0 33.0 157.0 22.0
178.0 105.0 169.0 95.0
159.0 101.0 151.0 90.0
60.0 150.0 47.0 129.0
111.0 175.0 95.0 160.0
136.0 378.0 111.0 374.0
433.0 117.0 417.0 129.0
40.0 290.0 22.0 275.0
146.0 230.0 130.0 223.0
40.0 291.0 22.0 275.0
142.0 34.0 135.0 21.0
165.0 33.0 157.0 22.0
59.0 150.0 47.0 129.0
59.0 149.0 47.0 129.0
59.0 151.0 47.0 129.0
159.0 102.0 151.0 90.0
94.0 370.0 73.0 364.0
135.0 378.0 111.0 374.0
41.0 291.0 22.0 275.0
452.0 75.0 441.0 88.0
41.0 290.0 22.0 275.0
142.0 35.0 135.0 21.0
164.0 34.0 157.0 22.0
117.0 68.0 107.0 50.0
116.0 68.0 106.0 50.0
141.0 34.0 135.0 21.0
433.0 116.0 417.0 129.0
323.0 250.0 303.0 254.0
452.0 73.0 441.0 88.0
453.0 74.0 441.0 88.0
234.0 175.0 220.0 172.0
452.0 74.0 441.0 88.0
324.0 249.0 303.0 254.0
149.0 144.0 135.0 137.0
453.0 75.0 441.0 88.0
141.0 35.0 135.0 21.0
189.0 155.0 178.0 149.0
94.0 369.0 73.0 364.0
265.0 38.0 257.0 34.0
438.0 101.0 424.0 115.0
451.0 74.0 441.0 88.0
189.0 154.0 178.0 149.0
122.0 418.0 101.0 406.0
177.0 270.0 152.0 265.0
165.0 34.0 157.0 22.0
453.0 73.0 441.0 88.0
224.0 134.0 210.0 130.0
215.0 283.0 197.0 277.0
225.0 134.0 210.0 130.0
112.0 176.0 95.0 160.0
439.0 100.0 424.0 115.0
463.0 119.0 448.0 135.0
214.0 283.0 197.0 277.0
123.0 418.0 99.0 406.0
123.0 417.0 99.0 406.0
225.0 135.0 210.0 130.0
216.0 284.0 197.0 277.0
117.0 69.0 106.0 50.0
463.0 120.0 448.0 136.0
325.0 249.0 303.0 254.0
51.0 179.0 37.0 159.0
224.0 135.0 210.0 130.0
462.0 119.0 448.0 136.0
439.0 101.0 424.0 115.0
93.0 370.0 73.0 364.0
225.0 133.0 210.0 130.0
52.0 179.0 37.0 159.0
112.0 177.0 95.0 160.0
93.0 369.0 73.0 364.0
215.0 284.0 197.0 277.0
448.0 163.0 431.0 176.0
52.0 178.0 37.0 159.0
188.0 154.0 178.0 149.0
234.0 12.0 230.0 4.0
462.0 118.0 448.0 135.0
463.0 118.0 448.0 135.0
226.0 134.0 210.0 130.0
235.0 10.0 230.0 4.0
177.0 269.0 152.0 265.0
462.0 120.0 448.0 136.0
449.0 164.0 431.0 176.0
235.0 11.0 230.0 4.0
188.0 155.0 178.0 149.0
188.0 153.0 178.0 149.0
464.0 119.0 448.0 135.0
464.0 118.0 448.0 135.0
51.0 180.0 37.0 159.0
214.0 284.0 197.0 277.0
226.0 135.0 210.0 130.0
28.0 285.0 21.0 275.0
235.0 12.0 230.0 4.0
187.0 154.0 178.0 149.0
234.0 11.0 230.0 4.0
449.0 162.0 431.0 176.0
449.0 163.0 431.0 176.0
74.0 269.0 58.0 245.0
215.0 285.0 197.0 278.0
187.0 153.0 178.0 149.0
52.0 180.0 37.0 159.0
187.0 155.0 178.0 149.0
468.0 101.0 451.0 120.0
468.0 102.0 451.0 120.0
281.0 49.0 264.0 48.0
178.0 270.0 152.0 265.0
92.0 369.0 73.0 364.0
214.0 285.0 197.0 277.0
113.0 178.0 95.0 160.0
280.0 49.0 264.0 48.0
92.0 370.0 73.0 364.0
176.0 18.0 157.0 22.0
472.0 454.0 443.0 468.0
53.0 178.0 37.0 159.0
52.0 181.0 37.0 159.0
53.0 179.0 37.0 159.0
28.0 284.0 21.0 275.0
281.0 50.0 264.0 48.0
469.0 101.0 451.0 120.0
282.0 49.0 264.0 48.0
53.0 180.0 37.0 159.0
282.0 50.0 264.0 48.0
199.0 335.0 169.0 336.0
75.0 270.0 58.0 245.0
469.0 102.0 451.0 120.0
27.0 285.0 21.0 275.0
74.0 270.0 58.0 245.0
450.0 163.0 431.0 176.0
108.0 506.0 87.0 486.0
215.0 42.0 209.0 36.0
469.0 100.0 451.0 120.0
215.0 41.0 209.0 36.0
200.0 335.0 169.0 336.0
177.0 18.0 157.0 22.0
216.0 41.0 209.0 36.0
63.0 369.0 37.0 361.0
63.0 368.0 37.0 361.0
470.0 101.0 451.0 120.0
62.0 368.0 37.0 361.0
107.0 506.0 87.0 486.0
64.0 369.0 37.0 361.0
216.0 42.0 209.0 36.0
27.0 284.0 21.0 275.0
178.0 18.0 157.0 22.0
215.0 43.0 209.0 36.0
216.0 40.0 209.0 36.0
64.0 368.0 37.0 361.0
108.0 507.0 87.0 486.0
62.0 369.0 37.0 361.0
122.0 328.0 104.0 307.0
216.0 43.0 209.0 36.0
107.0 507.0 87.0 486.0
124.0 328.0 105.0 307.0
108.0 508.0 87.0 486.0
123.0 328.0 105.0 307.0
123.0 329.0 105.0 307.0
124.0 329.0 105.0 307.0
107.0 508.0 87.0 486.0
