194.0 301.0 182.0 286.0
366.0 474.0 349.0 457.0
194.0 300.0 182.0 286.0
365.0 473.0 348.0 457.0
193.0 301.0 181.0 286.0
220.0 458.0 206.0 442.0
365.0 474.0 349.0 457.0
371.0 212.0 358.0 198.0
193.0 300.0 181.0 286.0
71.0 365.0 57.0 351.0
274.0 361.0 260.0 348.0
286.0 321.0 273.0 306.0
274.0 362.0 260.0 348.0
71.0 364.0 57.0 351.0
70.0 365.0 57.0 351.0
192.0 300.0 180.0 286.0
98.0 272.0 84.0 255.0
220.0 457.0 206.0 441.0
265.0 496.0 248.0 479.0
287.0 323.0 274.0 308.0
202.0 521.0 187.0 504.0
286.0 322.0 273.0 306.0
218.0 458.0 205.0 441.0
287.0 321.0 273.0 306.0
373.0 213.0 362.0 200.0
257.0 416.0 243.0 400.0
219.0 458.0 206.0 442.0
98.0 271.0 84.0 255.0
371.0 213.0 358.0 198.0
258.0 417.0 243.0 400.0
372.0 212.0 358.0 198.0
202.0 520.0 187.0 504.0
266.0 496.0 250.0 480.0
371.0 211.0 358.0 198.0
372.0 211.0 358.0 198.0
266.0 498.0 250.0 480.0
287.0 320.0 273.0 306.0
372.0 213.0 361.0 200.0
219.0 457.0 206.0 442.0
296.0 455.0 280.0 437.0
210.0 345.0 196.0 330.0
99.0 273.0 86.0 256.0
287.0 322.0 273.0 307.0
218.0 457.0 205.0 441.0
266.0 497.0 249.0 480.0
97.0 272.0 84.0 255.0
321.0 475.0 306.0 459.0
295.0 453.0 279.0 436.0
254.0 359.0 240.0 345.0
265.0 498.0 250.0 480.0
257.0 415.0 243.0 400.0
295.0 455.0 279.0 437.0
296.0 454.0 279.0 437.0
295.0 454.0 279.0 437.0
266.0 499.0 250.0 480.0
201.0 521.0 187.0 503.0
173.0 234.0 160.0 218.0
273.0 361.0 259.0 347.0
221.0 73.0 209.0 53.0
209.0 345.0 195.0 331.0
201.0 520.0 187.0 503.0
288.0 321.0 273.0 307.0
171.0 234.0 159.0 218.0
288.0 322.0 274.0 308.0
265.0 497.0 249.0 480.0
373.0 212.0 360.0 198.0
172.0 235.0 159.0 219.0
243.0 312.0 229.0 298.0
172.0 234.0 159.0 218.0
221.0 72.0 209.0 53.0
258.0 416.0 243.0 400.0
242.0 460.0 227.0 444.0
348.0 480.0 332.0 463.0
296.0 453.0 279.0 436.0
150.0 561.0 136.0 544.0
314.0 105.0 302.0 90.0
259.0 416.0 244.0 401.0
286.0 323.0 273.0 308.0
242.0 461.0 227.0 445.0
418.0 427.0 399.0 411.0
171.0 454.0 157.0 440.0
151.0 561.0 136.0 544.0
284.0 340.0 270.0 325.0
210.0 344.0 196.0 330.0
241.0 460.0 226.0 444.0
321.0 476.0 305.0 460.0
267.0 497.0 250.0 480.0
171.0 233.0 159.0 218.0
98.0 273.0 85.0 257.0
149.0 560.0 135.0 543.0
150.0 562.0 136.0 544.0
209.0 344.0 195.0 331.0
334.0 123.0 322.0 108.0
304.0 269.0 291.0 255.0
240.0 461.0 226.0 445.0
254.0 358.0 241.0 345.0
185.0 528.0 171.0 511.0
221.0 71.0 209.0 53.0
210.0 343.0 196.0 330.0
267.0 498.0 250.0 480.0
241.0 459.0 226.0 444.0
243.0 313.0 229.0 298.0
244.0 313.0 229.0 298.0
172.0 233.0 159.0 218.0
173.0 233.0 160.0 217.0
240.0 576.0 224.0 556.0
365.0 560.0 347.0 541.0
150.0 559.0 135.0 543.0
349.0 479.0 332.0 463.0
99.0 272.0 85.0 255.0
209.0 343.0 195.0 331.0
222.0 72.0 209.0 53.0
240.0 575.0 224.0 556.0
240.0 577.0 224.0 556.0
171.0 232.0 159.0 218.0
220.0 72.0 209.0 53.0
356.0 331.0 342.0 317.0
149.0 562.0 136.0 545.0
97.0 273.0 84.0 255.0
241.0 461.0 226.0 445.0
109.0 174.0 96.0 155.0
332.0 202.0 320.0 188.0
273.0 360.0 259.0 347.0
253.0 358.0 240.0 345.0
348.0 479.0 332.0 463.0
170.0 455.0 157.0 440.0
349.0 478.0 332.0 462.0
239.0 460.0 225.0 445.0
150.0 560.0 135.0 543.0
171.0 455.0 157.0 440.0
331.0 202.0 320.0 188.0
131.0 252.0 118.0 236.0
202.0 522.0 187.0 504.0
151.0 562.0 136.0 544.0
142.0 212.0 129.0 197.0
208.0 344.0 195.0 331.0
315.0 105.0 302.0 90.0
170.0 454.0 157.0 440.0
149.0 561.0 136.0 544.0
172.0 232.0 160.0 217.0
356.0 349.0 340.0 334.0
313.0 105.0 302.0 90.0
151.0 560.0 136.0 543.0
257.0 540.0 240.0 523.0
347.0 479.0 331.0 463.0
241.0 576.0 224.0 556.0
240.0 460.0 226.0 444.0
257.0 539.0 240.0 523.0
142.0 214.0 129.0 197.0
273.0 362.0 260.0 348.0
348.0 478.0 332.0 462.0
244.0 312.0 229.0 297.0
143.0 213.0 130.0 197.0
313.0 104.0 302.0 90.0
418.0 426.0 399.0 411.0
239.0 576.0 224.0 556.0
309.0 273.0 298.0 259.0
347.0 478.0 330.0 462.0
239.0 575.0 223.0 556.0
272.0 359.0 259.0 347.0
131.0 251.0 118.0 236.0
272.0 361.0 259.0 347.0
243.0 314.0 229.0 298.0
239.0 459.0 225.0 445.0
331.0 201.0 320.0 187.0
334.0 314.0 319.0 300.0
357.0 331.0 342.0 317.0
283.0 340.0 270.0 325.0
419.0 427.0 399.0 411.0
240.0 459.0 226.0 444.0
142.0 213.0 129.0 197.0
193.0 167.0 181.0 150.0
194.0 166.0 183.0 150.0
258.0 540.0 241.0 523.0
74.0 260.0 60.0 242.0
193.0 166.0 183.0 150.0
356.0 348.0 340.0 334.0
242.0 313.0 229.0 298.0
356.0 332.0 342.0 318.0
220.0 71.0 209.0 53.0
357.0 332.0 342.0 318.0
335.0 314.0 320.0 299.0
143.0 214.0 130.0 197.0
83.0 327.0 69.0 311.0
253.0 359.0 240.0 345.0
304.0 268.0 291.0 255.0
419.0 426.0 399.0 411.0
258.0 539.0 241.0 523.0
318.0 124.0 308.0 108.0
257.0 538.0 240.0 522.0
177.0 484.0 162.0 469.0
242.0 312.0 229.0 298.0
194.0 167.0 183.0 150.0
316.0 105.0 303.0 89.0
334.0 313.0 320.0 299.0
315.0 104.0 303.0 89.0
429.0 413.0 412.0 399.0
176.0 483.0 162.0 469.0
314.0 104.0 302.0 90.0
333.0 313.0 318.0 299.0
319.0 123.0 308.0 108.0
73.0 259.0 59.0 241.0
318.0 123.0 308.0 108.0
284.0 341.0 270.0 326.0
304.0 267.0 291.0 255.0
297.0 290.0 285.0 277.0
430.0 440.0 412.0 422.0
420.0 426.0 400.0 411.0
420.0 427.0 399.0 411.0
364.0 560.0 347.0 541.0
365.0 561.0 347.0 541.0
430.0 441.0 411.0 423.0
105.0 334.0 92.0 320.0
318.0 122.0 307.0 107.0
364.0 561.0 347.0 541.0
298.0 291.0 285.0 277.0
176.0 484.0 162.0 469.0
73.0 260.0 59.0 241.0
105.0 335.0 92.0 320.0
430.0 439.0 412.0 422.0
258.0 538.0 241.0 522.0
272.0 360.0 259.0 347.0
141.0 213.0 129.0 197.0
82.0 327.0 69.0 311.0
177.0 483.0 162.0 468.0
317.0 122.0 307.0 107.0
357.0 349.0 340.0 334.0
127.0 177.0 113.0 159.0
318.0 121.0 307.0 107.0
324.0 153.0 314.0 139.0
283.0 341.0 270.0 326.0
106.0 334.0 92.0 317.0
317.0 123.0 307.0 108.0
325.0 153.0 314.0 139.0
431.0 440.0 412.0 422.0
83.0 328.0 69.0 311.0
169.0 455.0 157.0 440.0
126.0 178.0 113.0 160.0
431.0 441.0 412.0 422.0
316.0 104.0 303.0 89.0
82.0 326.0 68.0 311.0
330.0 201.0 320.0 187.0
126.0 176.0 113.0 159.0
175.0 484.0 162.0 469.0
83.0 326.0 69.0 311.0
298.0 290.0 285.0 277.0
319.0 122.0 308.0 108.0
431.0 439.0 412.0 422.0
330.0 202.0 319.0 188.0
126.0 177.0 113.0 159.0
175.0 483.0 162.0 469.0
325.0 152.0 314.0 139.0
338.0 67.0 327.0 51.0
317.0 121.0 307.0 107.0
176.0 482.0 162.0 469.0
82.0 328.0 69.0 311.0
428.0 412.0 412.0 399.0
338.0 66.0 327.0 51.0
357.0 348.0 340.0 334.0
283.0 342.0 270.0 326.0
363.0 561.0 346.0 541.0
107.0 335.0 92.0 317.0
428.0 413.0 412.0 399.0
106.0 335.0 92.0 320.0
297.0 289.0 285.0 277.0
107.0 337.0 92.0 321.0
282.0 340.0 270.0 326.0
337.0 67.0 327.0 51.0
324.0 152.0 314.0 139.0
280.0 228.0 268.0 212.0
259.0 539.0 241.0 522.0
282.0 342.0 270.0 328.0
259.0 538.0 241.0 522.0
282.0 341.0 270.0 326.0
258.0 537.0 241.0 522.0
125.0 177.0 113.0 159.0
127.0 178.0 113.0 159.0
106.0 337.0 92.0 320.0
105.0 336.0 92.0 320.0
106.0 336.0 92.0 320.0
337.0 66.0 327.0 51.0
107.0 338.0 92.0 321.0
35.0 251.0 21.0 233.0
175.0 482.0 162.0 469.0
337.0 65.0 327.0 51.0
107.0 336.0 92.0 320.0
280.0 229.0 269.0 214.0
430.0 413.0 412.0 399.0
108.0 337.0 92.0 321.0
200.0 145.0 189.0 130.0
201.0 146.0 189.0 130.0
36.0 251.0 21.0 233.0
108.0 336.0 93.0 320.0
316.0 228.0 306.0 215.0
33.0 486.0 20.0 468.0
32.0 486.0 20.0 468.0
338.0 65.0 327.0 51.0
160.0 490.0 147.0 475.0
200.0 147.0 189.0 130.0
200.0 146.0 189.0 130.0
316.0 229.0 306.0 215.0
201.0 148.0 189.0 130.0
201.0 147.0 189.0 130.0
426.0 411.0 412.0 399.0
427.0 411.0 412.0 399.0
200.0 148.0 189.0 130.0
186.0 562.0 174.0 547.0
160.0 489.0 147.0 475.0
160.0 488.0 147.0 474.0
315.0 229.0 306.0 215.0
159.0 489.0 147.0 475.0
398.0 41.0 388.0 24.0
43.0 456.0 29.0 440.0
399.0 39.0 388.0 24.0
397.0 41.0 388.0 24.0
270.0 605.0 253.0 587.0
43.0 454.0 29.0 440.0
399.0 40.0 388.0 24.0
397.0 39.0 388.0 24.0
185.0 442.0 168.0 424.0
356.0 46.0 346.0 30.0
43.0 455.0 29.0 440.0
397.0 40.0 388.0 24.0
44.0 455.0 29.0 440.0
392.0 447.0 376.0 423.0
396.0 41.0 388.0 24.0
25.0 507.0 12.0 492.0
426.0 410.0 412.0 399.0
25.0 509.0 20.0 468.0
398.0 40.0 388.0 24.0
184.0 443.0 168.0 424.0
270.0 606.0 253.0 587.0
271.0 606.0 253.0 587.0
396.0 40.0 388.0 24.0
398.0 39.0 388.0 24.0
25.0 508.0 12.0 492.0
393.0 447.0 376.0 423.0
159.0 488.0 147.0 474.0
271.0 605.0 253.0 587.0
24.0 508.0 12.0 492.0
357.0 46.0 346.0 30.0
396.0 39.0 388.0 24.0
24.0 507.0 12.0 492.0
438.0 350.0 422.0 335.0
392.0 448.0 376.0 423.0
440.0 350.0 422.0 335.0
439.0 348.0 422.0 335.0
439.0 350.0 422.0 335.0
392.0 614.0 370.0 590.0
438.0 349.0 422.0 335.0
392.0 613.0 368.0 591.0
392.0 612.0 368.0 591.0
393.0 614.0 370.0 590.0
394.0 614.0 370.0 590.0
139.0 360.0 119.0 337.0
438.0 348.0 422.0 335.0
393.0 613.0 368.0 591.0
393.0 615.0 370.0 590.0
138.0 360.0 119.0 337.0
439.0 349.0 422.0 335.0
453.0 21.0 443.0 6.0
139.0 361.0 119.0 337.0
452.0 23.0 444.0 7.0
451.0 22.0 444.0 7.0
452.0 22.0 444.0 7.0
393.0 448.0 376.0 423.0
453.0 22.0 444.0 7.0
394.0 613.0 370.0 590.0
452.0 21.0 443.0 6.0
440.0 349.0 422.0 335.0
474.0 18.0 468.0 9.0
473.0 18.0 468.0 9.0
453.0 23.0 444.0 7.0
392.0 449.0 376.0 423.0
393.0 449.0 376.0 423.0
54.0 255.0 58.0 242.0
474.0 17.0 468.0 9.0
369.0 500.0 349.0 474.0
473.0 17.0 468.0 9.0
90.0 166.0 96.0 155.0
311.0 252.0 305.0 216.0
228.0 565.0 222.0 555.0
9.0 557.0 10.0 491.0
265.0 274.0 244.0 248.0
228.0 566.0 222.0 555.0
371.0 17.0 362.0 16.0
