372.0 336.0 381.0 349.0
372.0 337.0 381.0 349.0
390.0 524.0 401.0 538.0
324.0 461.0 333.0 474.0
349.0 143.0 356.0 155.0
349.0 144.0 356.0 155.0
371.0 337.0 381.0 349.0
371.0 338.0 381.0 349.0
364.0 238.0 370.0 248.0
323.0 460.0 332.0 474.0
363.0 237.0 370.0 248.0
392.0 524.0 403.0 538.0
20.0 297.0 19.0 304.0
363.0 238.0 370.0 248.0
373.0 337.0 381.0 349.0
391.0 523.0 402.0 538.0
390.0 523.0 402.0 538.0
364.0 237.0 370.0 248.0
347.0 233.0 353.0 243.0
391.0 524.0 402.0 538.0
372.0 338.0 381.0 349.0
414.0 534.0 426.0 549.0
323.0 461.0 332.0 474.0
306.0 290.0 314.0 302.0
272.0 373.0 281.0 385.0
324.0 462.0 333.0 474.0
224.0 210.0 233.0 222.0
277.0 322.0 286.0 334.0
347.0 234.0 354.0 244.0
396.0 223.0 404.0 231.0
396.0 222.0 404.0 231.0
272.0 372.0 281.0 385.0
224.0 209.0 233.0 222.0
364.0 236.0 370.0 248.0
339.0 377.0 348.0 389.0
224.0 208.0 233.0 222.0
146.0 498.0 153.0 511.0
323.0 462.0 332.0 474.0
348.0 143.0 355.0 154.0
441.0 528.0 452.0 543.0
322.0 461.0 332.0 474.0
437.0 115.0 444.0 128.0
204.0 402.0 211.0 414.0
278.0 321.0 286.0 333.0
116.0 290.0 124.0 304.0
440.0 528.0 452.0 543.0
340.0 179.0 348.0 189.0
363.0 236.0 370.0 248.0
339.0 178.0 348.0 189.0
146.0 499.0 153.0 511.0
116.0 291.0 124.0 304.0
441.0 530.0 452.0 544.0
437.0 116.0 445.0 128.0
430.0 455.0 440.0 468.0
324.0 107.0 332.0 117.0
430.0 456.0 440.0 468.0
321.0 250.0 329.0 260.0
324.0 106.0 332.0 117.0
391.0 525.0 402.0 539.0
168.0 422.0 173.0 433.0
272.0 73.0 280.0 85.0
400.0 80.0 407.0 92.0
340.0 377.0 348.0 389.0
400.0 82.0 407.0 93.0
116.0 292.0 124.0 304.0
445.0 203.0 454.0 214.0
325.0 107.0 332.0 117.0
442.0 529.0 452.0 543.0
272.0 71.0 279.0 85.0
449.0 511.0 462.0 526.0
399.0 82.0 407.0 93.0
348.0 144.0 356.0 155.0
442.0 530.0 452.0 544.0
400.0 81.0 407.0 93.0
272.0 74.0 280.0 85.0
336.0 287.0 346.0 299.0
20.0 358.0 26.0 368.0
431.0 456.0 441.0 467.0
168.0 421.0 173.0 433.0
278.0 322.0 286.0 333.0
325.0 106.0 332.0 117.0
271.0 73.0 279.0 85.0
189.0 101.0 197.0 113.0
256.0 267.0 263.0 277.0
168.0 423.0 174.0 434.0
146.0 500.0 153.0 511.0
340.0 378.0 348.0 389.0
271.0 72.0 279.0 85.0
167.0 421.0 173.0 433.0
19.0 358.0 25.0 369.0
306.0 291.0 315.0 302.0
167.0 422.0 173.0 433.0
380.0 154.0 387.0 165.0
227.0 84.0 236.0 97.0
128.0 262.0 148.0 244.0
401.0 80.0 407.0 93.0
272.0 72.0 280.0 85.0
440.0 530.0 452.0 544.0
271.0 71.0 279.0 85.0
228.0 84.0 236.0 97.0
273.0 74.0 280.0 86.0
256.0 266.0 264.0 277.0
214.0 384.0 221.0 397.0
273.0 73.0 280.0 86.0
321.0 251.0 329.0 260.0
338.0 288.0 346.0 299.0
338.0 289.0 346.0 299.0
337.0 288.0 346.0 299.0
441.0 529.0 452.0 544.0
166.0 422.0 173.0 433.0
309.0 321.0 319.0 334.0
298.0 429.0 305.0 441.0
226.0 84.0 236.0 97.0
401.0 82.0 407.0 93.0
431.0 454.0 441.0 467.0
273.0 72.0 280.0 86.0
445.0 202.0 454.0 214.0
298.0 428.0 305.0 440.0
193.0 176.0 199.0 187.0
213.0 384.0 221.0 397.0
347.0 314.0 355.0 323.0
256.0 268.0 263.0 277.0
214.0 385.0 221.0 397.0
448.0 511.0 461.0 526.0
449.0 512.0 462.0 526.0
167.0 423.0 174.0 434.0
448.0 510.0 461.0 525.0
431.0 455.0 441.0 467.0
227.0 85.0 236.0 98.0
272.0 371.0 281.0 385.0
440.0 529.0 452.0 543.0
213.0 385.0 221.0 397.0
31.0 498.0 37.0 510.0
189.0 468.0 196.0 481.0
323.0 251.0 329.0 260.0
255.0 267.0 263.0 277.0
336.0 289.0 346.0 299.0
337.0 289.0 346.0 299.0
299.0 428.0 305.0 440.0
339.0 179.0 348.0 189.0
336.0 288.0 346.0 299.0
228.0 85.0 236.0 98.0
190.0 468.0 196.0 481.0
299.0 429.0 306.0 441.0
127.0 264.0 148.0 244.0
31.0 499.0 37.0 510.0
249.0 400.0 257.0 411.0
127.0 263.0 148.0 244.0
297.0 428.0 305.0 441.0
214.0 386.0 221.0 397.0
190.0 535.0 196.0 547.0
412.0 153.0 420.0 164.0
325.0 105.0 332.0 117.0
405.0 163.0 413.0 175.0
326.0 106.0 332.0 117.0
298.0 427.0 305.0 440.0
401.0 81.0 407.0 93.0
322.0 251.0 329.0 260.0
347.0 313.0 355.0 323.0
326.0 107.0 332.0 117.0
444.0 202.0 454.0 214.0
346.0 311.0 354.0 322.0
189.0 470.0 196.0 481.0
257.0 267.0 264.0 277.0
250.0 400.0 257.0 411.0
31.0 500.0 36.0 511.0
190.0 534.0 196.0 547.0
449.0 510.0 462.0 526.0
213.0 386.0 221.0 397.0
347.0 312.0 355.0 322.0
346.0 312.0 354.0 322.0
444.0 203.0 453.0 214.0
361.0 206.0 368.0 216.0
10.0 558.0 14.0 574.0
125.0 498.0 131.0 511.0
190.0 469.0 196.0 481.0
192.0 176.0 199.0 187.0
257.0 266.0 264.0 277.0
183.0 427.0 189.0 437.0
167.0 158.0 175.0 171.0
193.0 175.0 199.0 187.0
169.0 158.0 176.0 171.0
448.0 512.0 462.0 526.0
125.0 497.0 131.0 511.0
65.0 545.0 69.0 557.0
358.0 380.0 367.0 392.0
287.0 414.0 295.0 426.0
443.0 203.0 453.0 214.0
183.0 428.0 189.0 437.0
444.0 204.0 453.0 214.0
323.0 252.0 329.0 260.0
110.0 100.0 117.0 111.0
405.0 164.0 413.0 175.0
250.0 399.0 257.0 411.0
75.0 338.0 82.0 349.0
322.0 252.0 329.0 260.0
322.0 250.0 329.0 260.0
358.0 379.0 367.0 390.0
347.0 311.0 355.0 321.0
346.0 313.0 354.0 322.0
405.0 165.0 413.0 175.0
189.0 533.0 196.0 546.0
357.0 379.0 367.0 390.0
346.0 314.0 354.0 322.0
443.0 202.0 453.0 214.0
288.0 415.0 295.0 426.0
406.0 164.0 414.0 175.0
65.0 546.0 69.0 557.0
359.0 380.0 368.0 391.0
289.0 296.0 297.0 306.0
297.0 429.0 305.0 441.0
189.0 534.0 196.0 547.0
64.0 546.0 69.0 557.0
192.0 175.0 199.0 186.0
189.0 532.0 196.0 546.0
193.0 174.0 199.0 186.0
271.0 371.0 281.0 385.0
237.0 383.0 245.0 395.0
168.0 159.0 176.0 171.0
287.0 416.0 295.0 427.0
238.0 383.0 245.0 395.0
192.0 174.0 199.0 186.0
189.0 535.0 196.0 547.0
36.0 141.0 29.0 151.0
192.0 177.0 199.0 187.0
190.0 533.0 196.0 546.0
87.0 352.0 95.0 364.0
66.0 546.0 70.0 558.0
103.0 315.0 111.0 325.0
189.0 469.0 196.0 481.0
9.0 558.0 14.0 574.0
30.0 499.0 37.0 510.0
168.0 158.0 175.0 171.0
184.0 427.0 189.0 437.0
99.0 465.0 104.0 473.0
190.0 470.0 196.0 481.0
225.0 349.0 232.0 361.0
30.0 500.0 36.0 511.0
225.0 350.0 232.0 361.0
323.0 250.0 329.0 260.0
371.0 193.0 379.0 203.0
168.0 157.0 175.0 171.0
135.0 450.0 143.0 464.0
10.0 557.0 14.0 574.0
64.0 547.0 69.0 557.0
88.0 353.0 95.0 364.0
103.0 314.0 111.0 325.0
291.0 317.0 300.0 328.0
290.0 294.0 298.0 305.0
250.0 397.0 257.0 411.0
30.0 498.0 37.0 510.0
238.0 382.0 245.0 395.0
250.0 398.0 257.0 411.0
65.0 547.0 70.0 558.0
349.0 190.0 357.0 202.0
124.0 498.0 131.0 511.0
183.0 426.0 189.0 437.0
281.0 269.0 289.0 280.0
87.0 353.0 95.0 364.0
249.0 399.0 257.0 411.0
290.0 296.0 297.0 306.0
162.0 508.0 166.0 521.0
116.0 483.0 122.0 495.0
253.0 367.0 260.0 379.0
237.0 382.0 245.0 395.0
241.0 55.0 248.0 69.0
468.0 64.0 476.0 75.0
124.0 497.0 131.0 511.0
117.0 483.0 122.0 495.0
81.0 374.0 89.0 388.0
37.0 141.0 29.0 151.0
252.0 367.0 260.0 379.0
456.0 527.0 467.0 541.0
329.0 392.0 337.0 403.0
329.0 391.0 337.0 403.0
104.0 314.0 111.0 325.0
48.0 522.0 54.0 532.0
469.0 64.0 476.0 75.0
291.0 296.0 298.0 306.0
469.0 63.0 476.0 75.0
292.0 317.0 300.0 328.0
287.0 415.0 295.0 426.0
252.0 368.0 260.0 379.0
253.0 368.0 260.0 379.0
105.0 446.0 111.0 458.0
415.0 27.0 423.0 38.0
224.0 350.0 232.0 361.0
208.0 368.0 213.0 378.0
290.0 295.0 298.0 305.0
105.0 447.0 111.0 458.0
239.0 55.0 248.0 69.0
382.0 427.0 394.0 440.0
136.0 450.0 143.0 464.0
208.0 367.0 213.0 378.0
291.0 295.0 298.0 305.0
117.0 482.0 122.0 495.0
280.0 269.0 289.0 280.0
9.0 557.0 14.0 574.0
208.0 366.0 213.0 378.0
117.0 484.0 122.0 495.0
209.0 367.0 213.0 379.0
359.0 167.0 367.0 177.0
239.0 56.0 248.0 69.0
118.0 483.0 122.0 495.0
102.0 446.0 111.0 458.0
191.0 175.0 199.0 186.0
224.0 349.0 232.0 361.0
281.0 268.0 289.0 280.0
241.0 56.0 248.0 69.0
240.0 55.0 248.0 69.0
240.0 56.0 248.0 69.0
207.0 367.0 213.0 378.0
249.0 398.0 257.0 411.0
468.0 63.0 476.0 75.0
136.0 451.0 143.0 464.0
455.0 527.0 467.0 541.0
80.0 373.0 89.0 388.0
253.0 369.0 260.0 380.0
118.0 575.0 123.0 586.0
209.0 368.0 213.0 379.0
383.0 427.0 394.0 440.0
328.0 391.0 337.0 403.0
80.0 374.0 89.0 388.0
81.0 373.0 89.0 388.0
187.0 94.0 197.0 112.0
118.0 574.0 123.0 586.0
49.0 522.0 54.0 532.0
191.0 176.0 199.0 187.0
252.0 370.0 260.0 380.0
187.0 95.0 197.0 112.0
456.0 526.0 466.0 540.0
328.0 392.0 337.0 403.0
264.0 427.0 272.0 439.0
252.0 369.0 260.0 379.0
328.0 390.0 337.0 402.0
249.0 397.0 257.0 411.0
455.0 526.0 466.0 540.0
119.0 575.0 123.0 586.0
124.0 496.0 131.0 511.0
119.0 574.0 123.0 586.0
102.0 447.0 111.0 458.0
119.0 344.0 126.0 361.0
248.0 398.0 257.0 411.0
104.0 446.0 111.0 458.0
383.0 426.0 394.0 440.0
103.0 447.0 111.0 458.0
253.0 370.0 260.0 380.0
103.0 446.0 111.0 458.0
104.0 447.0 111.0 458.0
291.0 316.0 300.0 328.0
223.0 349.0 232.0 361.0
130.0 519.0 143.0 531.0
186.0 95.0 197.0 112.0
292.0 316.0 300.0 328.0
79.0 373.0 89.0 388.0
130.0 518.0 143.0 531.0
469.0 65.0 476.0 75.0
81.0 494.0 85.0 506.0
130.0 520.0 143.0 531.0
119.0 576.0 123.0 586.0
47.0 523.0 54.0 532.0
82.0 494.0 85.0 506.0
87.0 571.0 92.0 588.0
223.0 350.0 232.0 361.0
49.0 523.0 54.0 532.0
292.0 315.0 300.0 328.0
186.0 94.0 197.0 112.0
48.0 523.0 54.0 532.0
291.0 315.0 299.0 327.0
421.0 29.0 423.0 38.0
86.0 571.0 92.0 588.0
97.0 596.0 104.0 609.0
420.0 30.0 423.0 38.0
245.0 43.0 253.0 58.0
58.0 366.0 61.0 376.0
48.0 524.0 54.0 532.0
186.0 93.0 197.0 112.0
245.0 44.0 253.0 58.0
129.0 519.0 143.0 531.0
58.0 367.0 61.0 376.0
87.0 570.0 92.0 588.0
129.0 520.0 143.0 531.0
175.0 141.0 175.0 173.0
86.0 570.0 92.0 588.0
421.0 30.0 423.0 38.0
175.0 140.0 175.0 173.0
188.0 482.0 196.0 482.0
59.0 367.0 61.0 376.0
96.0 595.0 104.0 608.0
460.0 78.0 476.0 75.0
459.0 79.0 476.0 75.0
460.0 79.0 476.0 75.0
461.0 79.0 476.0 75.0
459.0 80.0 445.0 127.0
72.0 348.0 82.0 349.0
460.0 80.0 445.0 127.0
72.0 349.0 82.0 349.0
461.0 80.0 445.0 127.0
350.0 273.0 350.0 271.0
48.0 462.0 61.0 459.0
47.0 463.0 61.0 459.0
48.0 463.0 61.0 459.0
