83.0 57.0 99.0 67.0
83.0 58.0 99.0 67.0
83.0 59.0 99.0 67.0
82.0 58.0 98.0 67.0
84.0 58.0 99.0 67.0
84.0 57.0 99.0 67.0
82.0 57.0 99.0 67.0
172.0 142.0 187.0 158.0
172.0 58.0 188.0 74.0
171.0 142.0 187.0 158.0
190.0 101.0 203.0 117.0
172.0 57.0 188.0 73.0
291.0 347.0 300.0 363.0
88.0 574.0 94.0 581.0
285.0 360.0 293.0 376.0
285.0 359.0 293.0 376.0
88.0 573.0 94.0 581.0
284.0 360.0 293.0 376.0
89.0 575.0 94.0 581.0
284.0 359.0 293.0 376.0
88.0 575.0 94.0 581.0
233.0 548.0 239.0 563.0
187.0 296.0 198.0 310.0
333.0 434.0 340.0 451.0
193.0 430.0 202.0 443.0
171.0 161.0 186.0 176.0
62.0 156.0 76.0 163.0
333.0 433.0 340.0 451.0
231.0 549.0 239.0 563.0
291.0 346.0 300.0 363.0
435.0 517.0 442.0 542.0
145.0 506.0 154.0 518.0
171.0 160.0 186.0 176.0
232.0 549.0 239.0 563.0
180.0 83.0 196.0 100.0
233.0 549.0 239.0 563.0
334.0 433.0 340.0 451.0
188.0 296.0 199.0 311.0
171.0 162.0 186.0 176.0
89.0 574.0 94.0 581.0
334.0 434.0 340.0 451.0
194.0 430.0 202.0 444.0
193.0 428.0 202.0 443.0
196.0 332.0 207.0 346.0
89.0 573.0 94.0 581.0
292.0 347.0 300.0 363.0
62.0 155.0 76.0 163.0
170.0 160.0 186.0 176.0
194.0 429.0 202.0 443.0
59.0 285.0 70.0 292.0
170.0 161.0 185.0 176.0
59.0 284.0 70.0 291.0
231.0 548.0 239.0 563.0
370.0 188.0 380.0 207.0
193.0 429.0 202.0 443.0
63.0 155.0 77.0 163.0
194.0 431.0 202.0 444.0
123.0 480.0 131.0 493.0
130.0 124.0 145.0 135.0
71.0 187.0 84.0 195.0
182.0 350.0 192.0 363.0
141.0 409.0 149.0 419.0
180.0 84.0 196.0 100.0
232.0 548.0 239.0 563.0
77.0 137.0 92.0 147.0
436.0 517.0 443.0 542.0
196.0 331.0 207.0 346.0
161.0 450.0 170.0 464.0
223.0 206.0 235.0 222.0
398.0 497.0 404.0 516.0
130.0 123.0 145.0 135.0
333.0 432.0 340.0 450.0
197.0 333.0 207.0 346.0
223.0 205.0 235.0 222.0
292.0 346.0 300.0 363.0
60.0 285.0 70.0 292.0
252.0 329.0 263.0 345.0
195.0 331.0 206.0 345.0
262.0 437.0 270.0 453.0
195.0 332.0 207.0 346.0
145.0 505.0 154.0 518.0
54.0 251.0 67.0 259.0
123.0 206.0 137.0 218.0
60.0 284.0 70.0 291.0
435.0 516.0 443.0 542.0
196.0 333.0 207.0 346.0
261.0 437.0 270.0 453.0
114.0 306.0 125.0 317.0
436.0 516.0 443.0 542.0
274.0 242.0 286.0 260.0
72.0 187.0 84.0 195.0
371.0 189.0 380.0 207.0
197.0 332.0 207.0 346.0
253.0 330.0 263.0 345.0
124.0 481.0 131.0 493.0
225.0 297.0 235.0 312.0
77.0 138.0 92.0 147.0
71.0 186.0 84.0 195.0
124.0 206.0 137.0 218.0
224.0 297.0 235.0 313.0
247.0 357.0 256.0 371.0
248.0 358.0 257.0 372.0
253.0 329.0 262.0 344.0
115.0 306.0 125.0 317.0
123.0 481.0 131.0 493.0
398.0 496.0 404.0 516.0
115.0 307.0 126.0 318.0
114.0 307.0 125.0 317.0
123.0 205.0 137.0 218.0
184.0 383.0 193.0 396.0
417.0 540.0 422.0 562.0
322.0 133.0 334.0 153.0
223.0 207.0 235.0 222.0
124.0 207.0 137.0 218.0
146.0 505.0 154.0 518.0
322.0 132.0 334.0 152.0
53.0 251.0 66.0 260.0
323.0 133.0 334.0 153.0
417.0 541.0 422.0 562.0
247.0 358.0 257.0 372.0
182.0 349.0 192.0 363.0
76.0 137.0 92.0 147.0
72.0 186.0 84.0 195.0
122.0 480.0 131.0 493.0
76.0 138.0 92.0 147.0
262.0 438.0 270.0 453.0
191.0 101.0 203.0 117.0
288.0 197.0 298.0 216.0
184.0 382.0 193.0 396.0
106.0 341.0 116.0 354.0
145.0 356.0 156.0 369.0
251.0 258.0 261.0 275.0
332.0 180.0 343.0 201.0
183.0 350.0 192.0 363.0
250.0 258.0 261.0 275.0
210.0 547.0 214.0 559.0
252.0 330.0 263.0 345.0
145.0 355.0 156.0 369.0
138.0 274.0 150.0 286.0
251.0 257.0 261.0 275.0
58.0 457.0 66.0 465.0
422.0 466.0 429.0 490.0
45.0 202.0 59.0 210.0
181.0 349.0 192.0 363.0
421.0 466.0 429.0 490.0
75.0 137.0 90.0 147.0
417.0 542.0 422.0 562.0
189.0 313.0 199.0 328.0
59.0 214.0 71.0 225.0
189.0 314.0 199.0 328.0
145.0 357.0 156.0 369.0
323.0 134.0 334.0 153.0
57.0 457.0 66.0 465.0
183.0 382.0 193.0 396.0
104.0 108.0 121.0 119.0
421.0 467.0 429.0 490.0
416.0 541.0 422.0 562.0
138.0 273.0 150.0 286.0
422.0 467.0 429.0 490.0
250.0 257.0 261.0 275.0
332.0 181.0 343.0 201.0
183.0 381.0 193.0 396.0
45.0 201.0 59.0 210.0
57.0 458.0 66.0 465.0
105.0 108.0 121.0 119.0
104.0 107.0 121.0 119.0
331.0 180.0 343.0 201.0
416.0 540.0 422.0 562.0
74.0 242.0 86.0 251.0
247.0 359.0 257.0 372.0
397.0 495.0 404.0 516.0
412.0 510.0 419.0 533.0
59.0 215.0 71.0 225.0
397.0 496.0 404.0 516.0
46.0 202.0 60.0 210.0
249.0 257.0 261.0 275.0
122.0 408.0 130.0 421.0
122.0 409.0 130.0 421.0
203.0 400.0 211.0 412.0
148.0 432.0 158.0 445.0
249.0 258.0 261.0 275.0
58.0 458.0 66.0 465.0
71.0 335.0 83.0 345.0
203.0 399.0 211.0 412.0
248.0 258.0 261.0 275.0
267.0 50.0 284.0 72.0
92.0 510.0 100.0 520.0
76.0 243.0 90.0 255.0
121.0 409.0 130.0 421.0
323.0 132.0 334.0 152.0
397.0 494.0 404.0 516.0
413.0 509.0 419.0 533.0
412.0 509.0 419.0 532.0
70.0 335.0 83.0 345.0
146.0 355.0 156.0 369.0
41.0 133.0 55.0 141.0
102.0 257.0 121.0 272.0
107.0 343.0 116.0 354.0
162.0 283.0 173.0 294.0
79.0 316.0 89.0 324.0
17.0 423.0 26.0 430.0
41.0 134.0 55.0 141.0
79.0 221.0 91.0 231.0
172.0 372.0 181.0 386.0
106.0 342.0 116.0 354.0
422.0 468.0 429.0 490.0
122.0 461.0 130.0 473.0
102.0 256.0 121.0 272.0
162.0 282.0 173.0 294.0
100.0 395.0 110.0 404.0
76.0 244.0 90.0 255.0
77.0 317.0 87.0 325.0
172.0 580.0 177.0 590.0
16.0 423.0 25.0 430.0
146.0 356.0 156.0 369.0
149.0 432.0 158.0 445.0
146.0 357.0 156.0 369.0
75.0 242.0 86.0 251.0
111.0 424.0 122.0 437.0
172.0 373.0 181.0 386.0
331.0 181.0 343.0 201.0
93.0 510.0 100.0 520.0
93.0 509.0 100.0 520.0
46.0 201.0 60.0 210.0
27.0 328.0 38.0 334.0
112.0 423.0 122.0 437.0
43.0 392.0 53.0 401.0
202.0 400.0 210.0 413.0
70.0 334.0 83.0 344.0
40.0 132.0 55.0 141.0
106.0 343.0 116.0 354.0
171.0 372.0 181.0 386.0
92.0 511.0 100.0 520.0
161.0 283.0 173.0 294.0
412.0 508.0 419.0 532.0
111.0 423.0 122.0 437.0
71.0 334.0 83.0 345.0
28.0 328.0 38.0 334.0
43.0 391.0 53.0 401.0
110.0 423.0 122.0 437.0
28.0 327.0 38.0 334.0
266.0 50.0 284.0 72.0
267.0 200.0 278.0 217.0
105.0 342.0 116.0 354.0
44.0 391.0 53.0 401.0
171.0 373.0 181.0 386.0
112.0 424.0 122.0 437.0
70.0 333.0 82.0 345.0
161.0 282.0 173.0 294.0
22.0 213.0 34.0 220.0
288.0 411.0 295.0 427.0
440.0 530.0 446.0 552.0
26.0 327.0 38.0 334.0
268.0 201.0 278.0 217.0
40.0 133.0 55.0 141.0
25.0 474.0 30.0 477.0
314.0 152.0 326.0 174.0
149.0 433.0 158.0 445.0
91.0 510.0 100.0 520.0
26.0 328.0 38.0 334.0
314.0 153.0 326.0 174.0
74.0 243.0 85.0 250.0
27.0 327.0 38.0 334.0
314.0 154.0 326.0 174.0
44.0 392.0 53.0 401.0
12.0 568.0 16.0 572.0
75.0 243.0 90.0 255.0
202.0 399.0 210.0 413.0
101.0 257.0 121.0 272.0
100.0 394.0 110.0 404.0
440.0 531.0 446.0 552.0
39.0 133.0 55.0 141.0
19.0 213.0 32.0 219.0
78.0 316.0 89.0 324.0
23.0 473.0 30.0 477.0
171.0 581.0 177.0 590.0
266.0 200.0 278.0 216.0
71.0 333.0 83.0 344.0
92.0 509.0 100.0 520.0
40.0 134.0 55.0 141.0
286.0 499.0 290.0 519.0
24.0 474.0 30.0 477.0
78.0 317.0 87.0 325.0
266.0 49.0 284.0 72.0
266.0 201.0 278.0 217.0
39.0 132.0 55.0 141.0
92.0 419.0 101.0 430.0
267.0 201.0 278.0 217.0
90.0 238.0 105.0 252.0
77.0 316.0 87.0 325.0
287.0 499.0 290.0 519.0
21.0 213.0 34.0 220.0
201.0 399.0 210.0 413.0
91.0 417.0 100.0 429.0
24.0 473.0 30.0 477.0
91.0 238.0 105.0 252.0
92.0 417.0 100.0 429.0
91.0 328.0 103.0 339.0
21.0 212.0 34.0 220.0
75.0 244.0 90.0 255.0
21.0 214.0 34.0 220.0
62.0 220.0 71.0 225.0
10.0 387.0 19.0 397.0
20.0 212.0 34.0 220.0
25.0 475.0 30.0 477.0
91.0 418.0 101.0 430.0
24.0 475.0 30.0 477.0
313.0 152.0 326.0 174.0
99.0 394.0 110.0 404.0
100.0 393.0 110.0 404.0
202.0 398.0 210.0 413.0
172.0 581.0 177.0 590.0
91.0 327.0 104.0 339.0
286.0 498.0 290.0 519.0
177.0 460.0 185.0 472.0
313.0 154.0 326.0 174.0
20.0 213.0 34.0 220.0
313.0 153.0 326.0 174.0
17.0 567.0 16.0 572.0
20.0 214.0 34.0 220.0
10.0 388.0 19.0 397.0
180.0 502.0 179.0 516.0
92.0 418.0 101.0 430.0
163.0 564.0 172.0 570.0
155.0 19.0 172.0 32.0
99.0 393.0 109.0 404.0
9.0 387.0 19.0 397.0
18.0 567.0 17.0 572.0
288.0 499.0 290.0 519.0
9.0 389.0 19.0 397.0
75.0 509.0 84.0 518.0
19.0 567.0 16.0 571.0
120.0 16.0 136.0 27.0
9.0 388.0 19.0 397.0
90.0 327.0 103.0 339.0
90.0 237.0 105.0 252.0
120.0 15.0 136.0 27.0
287.0 498.0 290.0 519.0
90.0 328.0 103.0 339.0
91.0 237.0 105.0 252.0
162.0 564.0 172.0 570.0
8.0 388.0 19.0 397.0
177.0 461.0 185.0 473.0
89.0 327.0 103.0 339.0
8.0 387.0 19.0 397.0
121.0 16.0 136.0 27.0
288.0 498.0 290.0 519.0
168.0 405.0 178.0 418.0
163.0 565.0 173.0 570.0
75.0 508.0 84.0 518.0
168.0 406.0 178.0 418.0
74.0 509.0 84.0 518.0
119.0 15.0 136.0 27.0
44.0 459.0 65.0 465.0
168.0 404.0 178.0 418.0
333.0 8.0 346.0 20.0
31.0 270.0 41.0 289.0
332.0 7.0 346.0 20.0
74.0 508.0 84.0 518.0
333.0 9.0 346.0 20.0
332.0 8.0 346.0 20.0
43.0 285.0 43.0 289.0
162.0 565.0 172.0 570.0
74.0 507.0 84.0 518.0
44.0 458.0 65.0 465.0
43.0 286.0 43.0 289.0
109.0 139.0 131.0 154.0
332.0 9.0 346.0 20.0
51.0 376.0 67.0 387.0
51.0 375.0 67.0 386.0
50.0 374.0 67.0 386.0
44.0 285.0 43.0 289.0
108.0 140.0 131.0 154.0
91.0 122.0 93.0 146.0
50.0 375.0 67.0 386.0
49.0 374.0 67.0 386.0
405.0 587.0 410.0 608.0
108.0 139.0 131.0 154.0
92.0 122.0 93.0 146.0
310.0 115.0 333.0 151.0
310.0 116.0 333.0 151.0
405.0 586.0 410.0 608.0
149.0 409.0 150.0 419.0
44.0 225.0 45.0 244.0
309.0 115.0 333.0 151.0
91.0 121.0 93.0 146.0
108.0 138.0 131.0 154.0
