66.0 606.0 65.0 604.0
120.0 413.0 120.0 413.0
120.0 412.0 120.0 413.0
119.0 412.0 120.0 413.0
38.0 620.0 37.0 619.0
121.0 412.0 120.0 413.0
172.0 405.0 174.0 403.0
172.0 383.0 175.0 381.0
38.0 621.0 37.0 619.0
66.0 607.0 65.0 604.0
70.0 561.0 69.0 559.0
172.0 535.0 173.0 532.0
172.0 404.0 174.0 403.0
198.0 506.0 201.0 506.0
171.0 404.0 174.0 403.0
172.0 534.0 173.0 532.0
138.0 442.0 138.0 441.0
103.0 594.0 103.0 592.0
199.0 506.0 201.0 506.0
198.0 507.0 201.0 506.0
249.0 567.0 250.0 569.0
170.0 404.0 174.0 402.0
102.0 594.0 103.0 592.0
69.0 561.0 69.0 559.0
146.0 617.0 147.0 614.0
214.0 561.0 215.0 562.0
102.0 595.0 103.0 592.0
186.0 551.0 187.0 550.0
235.0 626.0 236.0 628.0
235.0 627.0 236.0 628.0
177.0 606.0 177.0 603.0
138.0 441.0 138.0 441.0
266.0 534.0 268.0 538.0
199.0 507.0 201.0 506.0
155.0 518.0 157.0 517.0
103.0 593.0 103.0 592.0
267.0 534.0 269.0 539.0
146.0 616.0 146.0 614.0
298.0 524.0 301.0 527.0
137.0 442.0 138.0 441.0
19.0 165.0 19.0 156.0
137.0 187.0 138.0 186.0
248.0 567.0 250.0 569.0
155.0 519.0 157.0 517.0
186.0 552.0 187.0 550.0
171.0 406.0 174.0 403.0
156.0 519.0 157.0 517.0
139.0 441.0 138.0 441.0
173.0 383.0 176.0 381.0
171.0 405.0 174.0 403.0
101.0 595.0 102.0 593.0
173.0 382.0 176.0 381.0
85.0 470.0 84.0 469.0
156.0 518.0 157.0 517.0
234.0 627.0 236.0 629.0
161.0 324.0 163.0 320.0
109.0 547.0 110.0 545.0
263.0 624.0 264.0 626.0
266.0 533.0 268.0 538.0
110.0 547.0 110.0 545.0
249.0 566.0 250.0 569.0
186.0 553.0 187.0 550.0
156.0 520.0 157.0 517.0
109.0 548.0 109.0 546.0
138.0 188.0 138.0 186.0
298.0 523.0 301.0 527.0
69.0 562.0 69.0 559.0
215.0 561.0 216.0 562.0
120.0 114.0 122.0 105.0
137.0 186.0 138.0 186.0
297.0 523.0 301.0 527.0
19.0 166.0 19.0 156.0
137.0 441.0 138.0 441.0
248.0 566.0 250.0 569.0
267.0 533.0 268.0 538.0
161.0 325.0 163.0 321.0
234.0 626.0 236.0 628.0
181.0 315.0 183.0 313.0
171.0 533.0 173.0 532.0
333.0 281.0 340.0 284.0
268.0 534.0 269.0 539.0
333.0 282.0 340.0 284.0
185.0 551.0 187.0 550.0
53.0 533.0 52.0 530.0
45.0 296.0 45.0 289.0
298.0 522.0 301.0 527.0
44.0 259.0 43.0 253.0
30.0 316.0 30.0 308.0
119.0 411.0 120.0 413.0
106.0 617.0 106.0 614.0
138.0 187.0 138.0 186.0
48.0 595.0 47.0 594.0
180.0 258.0 183.0 254.0
170.0 405.0 172.0 403.0
263.0 625.0 264.0 626.0
334.0 282.0 340.0 284.0
184.0 446.0 186.0 446.0
137.0 581.0 138.0 579.0
182.0 507.0 183.0 506.0
146.0 238.0 148.0 233.0
139.0 187.0 139.0 187.0
110.0 548.0 109.0 546.0
138.0 186.0 138.0 186.0
106.0 618.0 106.0 614.0
185.0 552.0 187.0 550.0
333.0 283.0 340.0 284.0
191.0 458.0 192.0 459.0
253.0 373.0 256.0 375.0
44.0 230.0 44.0 222.0
105.0 616.0 104.0 614.0
303.0 387.0 307.0 389.0
217.0 518.0 219.0 519.0
59.0 417.0 59.0 416.0
139.0 186.0 139.0 187.0
120.0 411.0 120.0 413.0
146.0 239.0 148.0 233.0
171.0 534.0 173.0 532.0
106.0 616.0 105.0 615.0
44.0 295.0 44.0 290.0
183.0 446.0 186.0 446.0
276.0 613.0 277.0 616.0
147.0 239.0 148.0 233.0
70.0 562.0 69.0 559.0
120.0 115.0 122.0 105.0
18.0 165.0 18.0 156.0
182.0 315.0 183.0 313.0
282.0 536.0 284.0 541.0
137.0 580.0 138.0 579.0
34.0 94.0 34.0 83.0
44.0 296.0 44.0 290.0
138.0 581.0 138.0 579.0
12.0 598.0 11.0 594.0
160.0 324.0 163.0 320.0
105.0 617.0 104.0 614.0
126.0 540.0 126.0 538.0
119.0 113.0 122.0 105.0
214.0 542.0 216.0 543.0
218.0 518.0 219.0 519.0
107.0 372.0 108.0 368.0
58.0 416.0 59.0 416.0
215.0 542.0 216.0 543.0
404.0 235.0 414.0 238.0
138.0 440.0 138.0 441.0
302.0 386.0 307.0 388.0
334.0 283.0 340.0 284.0
59.0 416.0 59.0 416.0
11.0 305.0 10.0 297.0
44.0 297.0 44.0 290.0
86.0 414.0 86.0 414.0
255.0 80.0 260.0 73.0
147.0 238.0 148.0 233.0
269.0 549.0 271.0 554.0
218.0 519.0 219.0 519.0
53.0 534.0 52.0 530.0
85.0 414.0 86.0 414.0
124.0 448.0 125.0 446.0
138.0 307.0 139.0 303.0
302.0 385.0 307.0 388.0
252.0 373.0 255.0 373.0
86.0 415.0 86.0 414.0
10.0 305.0 9.0 298.0
403.0 235.0 414.0 238.0
45.0 259.0 43.0 253.0
211.0 387.0 212.0 385.0
119.0 114.0 122.0 105.0
252.0 374.0 255.0 373.0
253.0 374.0 256.0 375.0
125.0 540.0 126.0 538.0
48.0 596.0 47.0 594.0
119.0 115.0 122.0 105.0
108.0 371.0 110.0 368.0
220.0 446.0 222.0 446.0
110.0 546.0 110.0 545.0
85.0 557.0 86.0 554.0
212.0 370.0 215.0 368.0
145.0 616.0 146.0 614.0
85.0 556.0 86.0 554.0
59.0 415.0 59.0 416.0
86.0 557.0 86.0 554.0
86.0 556.0 86.0 554.0
130.0 250.0 132.0 244.0
403.0 234.0 414.0 238.0
34.0 93.0 34.0 83.0
58.0 415.0 59.0 416.0
45.0 260.0 43.0 253.0
137.0 307.0 138.0 303.0
150.0 449.0 152.0 447.0
49.0 464.0 51.0 463.0
53.0 535.0 52.0 530.0
126.0 539.0 126.0 538.0
303.0 386.0 307.0 388.0
108.0 372.0 109.0 369.0
131.0 250.0 132.0 244.0
85.0 415.0 86.0 414.0
404.0 234.0 414.0 238.0
127.0 540.0 126.0 538.0
307.0 325.0 314.0 326.0
48.0 464.0 51.0 463.0
46.0 137.0 47.0 127.0
125.0 539.0 126.0 538.0
219.0 446.0 222.0 446.0
145.0 617.0 146.0 614.0
111.0 547.0 110.0 545.0
107.0 371.0 108.0 368.0
251.0 373.0 255.0 373.0
52.0 534.0 52.0 530.0
131.0 249.0 132.0 244.0
135.0 370.0 137.0 367.0
82.0 94.0 85.0 84.0
212.0 387.0 212.0 385.0
303.0 385.0 307.0 388.0
326.0 253.0 334.0 255.0
138.0 308.0 139.0 303.0
378.0 550.0 383.0 559.0
46.0 138.0 47.0 127.0
35.0 434.0 33.0 434.0
210.0 387.0 212.0 385.0
134.0 370.0 137.0 367.0
447.0 315.0 459.0 322.0
308.0 325.0 314.0 326.0
255.0 81.0 260.0 73.0
34.0 434.0 33.0 434.0
327.0 253.0 334.0 255.0
379.0 217.0 387.0 219.0
13.0 561.0 13.0 556.0
378.0 217.0 387.0 219.0
219.0 445.0 222.0 446.0
254.0 80.0 260.0 73.0
82.0 93.0 85.0 84.0
31.0 556.0 31.0 550.0
137.0 308.0 139.0 303.0
137.0 306.0 139.0 303.0
277.0 613.0 278.0 616.0
378.0 218.0 387.0 219.0
315.0 514.0 318.0 518.0
32.0 556.0 31.0 550.0
377.0 331.0 384.0 334.0
107.0 373.0 109.0 369.0
130.0 249.0 132.0 244.0
378.0 331.0 385.0 335.0
14.0 562.0 13.0 556.0
448.0 314.0 459.0 322.0
316.0 514.0 318.0 518.0
54.0 485.0 55.0 483.0
378.0 216.0 387.0 219.0
378.0 330.0 385.0 334.0
83.0 93.0 85.0 82.0
451.0 427.0 460.0 437.0
451.0 426.0 460.0 437.0
121.0 362.0 122.0 359.0
378.0 549.0 383.0 559.0
135.0 371.0 136.0 367.0
448.0 313.0 459.0 322.0
377.0 216.0 387.0 219.0
219.0 32.0 224.0 21.0
230.0 491.0 232.0 492.0
255.0 304.0 258.0 302.0
293.0 553.0 296.0 558.0
377.0 330.0 384.0 334.0
308.0 324.0 314.0 326.0
447.0 314.0 459.0 322.0
13.0 562.0 13.0 556.0
254.0 81.0 260.0 73.0
52.0 535.0 52.0 530.0
328.0 253.0 334.0 255.0
377.0 217.0 387.0 219.0
285.0 591.0 286.0 595.0
391.0 432.0 398.0 441.0
284.0 591.0 286.0 595.0
255.0 303.0 258.0 302.0
285.0 590.0 286.0 595.0
293.0 552.0 296.0 558.0
218.0 32.0 224.0 21.0
368.0 308.0 376.0 312.0
367.0 308.0 376.0 312.0
345.0 294.0 351.0 297.0
284.0 590.0 286.0 595.0
447.0 313.0 459.0 322.0
230.0 490.0 232.0 492.0
31.0 557.0 31.0 550.0
82.0 92.0 85.0 82.0
316.0 58.0 325.0 49.0
310.0 486.0 314.0 491.0
377.0 329.0 384.0 334.0
35.0 433.0 33.0 434.0
406.0 407.0 414.0 416.0
327.0 254.0 334.0 255.0
407.0 407.0 414.0 416.0
226.0 374.0 229.0 373.0
269.0 614.0 277.0 616.0
309.0 324.0 314.0 326.0
226.0 375.0 229.0 373.0
316.0 57.0 325.0 49.0
407.0 409.0 414.0 416.0
406.0 408.0 414.0 416.0
376.0 330.0 384.0 334.0
238.0 358.0 241.0 358.0
32.0 557.0 30.0 552.0
269.0 613.0 277.0 616.0
254.0 302.0 258.0 302.0
45.0 136.0 47.0 127.0
134.0 371.0 137.0 367.0
367.0 307.0 376.0 312.0
350.0 358.0 356.0 363.0
294.0 553.0 296.0 558.0
31.0 558.0 30.0 552.0
255.0 302.0 258.0 302.0
345.0 295.0 351.0 297.0
368.0 307.0 376.0 312.0
13.0 563.0 13.0 556.0
310.0 487.0 314.0 491.0
51.0 504.0 51.0 501.0
60.0 87.0 62.0 76.0
237.0 358.0 241.0 358.0
69.0 509.0 68.0 504.0
344.0 295.0 351.0 297.0
407.0 408.0 414.0 416.0
300.0 502.0 303.0 507.0
317.0 59.0 325.0 49.0
345.0 296.0 351.0 297.0
349.0 358.0 356.0 363.0
179.0 321.0 183.0 313.0
294.0 552.0 296.0 558.0
180.0 321.0 183.0 313.0
385.0 363.0 393.0 369.0
118.0 306.0 120.0 300.0
268.0 614.0 277.0 616.0
52.0 504.0 51.0 501.0
59.0 87.0 62.0 76.0
238.0 357.0 241.0 358.0
237.0 357.0 241.0 358.0
68.0 509.0 68.0 504.0
384.0 463.0 394.0 476.0
424.0 434.0 433.0 444.0
11.0 190.0 16.0 184.0
433.0 343.0 441.0 350.0
51.0 503.0 51.0 501.0
28.0 504.0 23.0 492.0
84.0 380.0 85.0 373.0
32.0 558.0 30.0 552.0
168.0 55.0 172.0 45.0
383.0 463.0 394.0 476.0
270.0 77.0 276.0 68.0
52.0 503.0 51.0 501.0
168.0 56.0 172.0 45.0
113.0 308.0 120.0 300.0
383.0 462.0 394.0 476.0
11.0 189.0 16.0 184.0
317.0 265.0 334.0 255.0
10.0 190.0 16.0 184.0
269.0 77.0 276.0 68.0
167.0 55.0 172.0 45.0
452.0 337.0 462.0 345.0
80.0 504.0 69.0 503.0
48.0 485.0 53.0 482.0
433.0 344.0 441.0 350.0
118.0 307.0 120.0 300.0
453.0 337.0 462.0 345.0
80.0 503.0 69.0 503.0
167.0 56.0 172.0 45.0
452.0 336.0 462.0 345.0
452.0 335.0 462.0 345.0
48.0 486.0 53.0 482.0
10.0 189.0 16.0 184.0
318.0 266.0 334.0 255.0
336.0 236.0 334.0 254.0
318.0 265.0 334.0 255.0
383.0 500.0 390.0 507.0
453.0 335.0 462.0 345.0
384.0 499.0 390.0 507.0
30.0 198.0 22.0 200.0
384.0 500.0 390.0 507.0
30.0 197.0 22.0 200.0
387.0 426.0 399.0 440.0
30.0 196.0 22.0 200.0
453.0 336.0 462.0 345.0
119.0 307.0 120.0 300.0
318.0 267.0 334.0 255.0
112.0 308.0 120.0 300.0
317.0 266.0 334.0 255.0
384.0 501.0 390.0 507.0
94.0 378.0 86.0 373.0
253.0 357.0 257.0 349.0
466.0 313.0 460.0 322.0
261.0 55.0 262.0 53.0
261.0 54.0 262.0 53.0
390.0 379.0 394.0 369.0
32.0 153.0 19.0 156.0
262.0 54.0 262.0 53.0
253.0 358.0 257.0 349.0
391.0 379.0 394.0 369.0
