113.0 289.0 125.0 292.0
114.0 289.0 125.0 292.0
112.0 289.0 125.0 292.0
113.0 288.0 125.0 292.0
122.0 319.0 133.0 322.0
112.0 288.0 125.0 292.0
222.0 479.0 236.0 483.0
114.0 410.0 128.0 413.0
116.0 411.0 128.0 413.0
222.0 478.0 236.0 483.0
138.0 353.0 149.0 355.0
66.0 453.0 79.0 457.0
89.0 359.0 101.0 362.0
83.0 270.0 95.0 274.0
243.0 363.0 254.0 367.0
140.0 597.0 153.0 596.0
431.0 448.0 441.0 454.0
121.0 319.0 133.0 322.0
115.0 410.0 128.0 413.0
223.0 478.0 236.0 483.0
65.0 453.0 79.0 457.0
153.0 226.0 164.0 231.0
223.0 479.0 236.0 483.0
187.0 528.0 199.0 531.0
330.0 308.0 341.0 316.0
136.0 283.0 149.0 287.0
224.0 479.0 236.0 483.0
431.0 447.0 441.0 454.0
198.0 324.0 209.0 330.0
88.0 357.0 101.0 362.0
140.0 41.0 150.0 46.0
65.0 452.0 79.0 457.0
140.0 596.0 153.0 594.0
137.0 283.0 149.0 287.0
137.0 352.0 149.0 355.0
137.0 353.0 149.0 355.0
67.0 347.0 80.0 347.0
68.0 347.0 80.0 348.0
88.0 359.0 101.0 362.0
141.0 596.0 153.0 594.0
89.0 358.0 101.0 362.0
138.0 352.0 149.0 355.0
331.0 309.0 341.0 316.0
183.0 368.0 194.0 373.0
331.0 308.0 341.0 316.0
115.0 411.0 128.0 413.0
140.0 40.0 150.0 46.0
205.0 552.0 217.0 554.0
88.0 358.0 101.0 362.0
252.0 382.0 262.0 386.0
141.0 597.0 153.0 596.0
432.0 448.0 441.0 454.0
387.0 220.0 398.0 229.0
199.0 324.0 210.0 330.0
279.0 589.0 292.0 590.0
64.0 453.0 79.0 457.0
69.0 346.0 81.0 347.0
136.0 352.0 149.0 355.0
152.0 225.0 164.0 231.0
184.0 368.0 194.0 373.0
199.0 325.0 210.0 330.0
107.0 361.0 120.0 363.0
106.0 361.0 119.0 362.0
430.0 447.0 441.0 454.0
105.0 360.0 118.0 363.0
387.0 253.0 397.0 262.0
20.0 86.0 31.0 89.0
330.0 307.0 341.0 316.0
253.0 382.0 262.0 386.0
147.0 100.0 156.0 104.0
106.0 362.0 120.0 363.0
151.0 225.0 163.0 231.0
120.0 348.0 132.0 350.0
442.0 561.0 450.0 565.0
443.0 562.0 450.0 565.0
254.0 445.0 264.0 449.0
186.0 70.0 196.0 76.0
244.0 363.0 254.0 369.0
148.0 631.0 161.0 629.0
152.0 226.0 164.0 231.0
104.0 171.0 114.0 175.0
387.0 221.0 398.0 229.0
151.0 226.0 163.0 231.0
442.0 563.0 450.0 565.0
208.0 535.0 220.0 538.0
147.0 99.0 156.0 104.0
157.0 471.0 169.0 475.0
388.0 221.0 398.0 229.0
243.0 362.0 254.0 367.0
67.0 346.0 80.0 347.0
380.0 206.0 389.0 214.0
144.0 242.0 154.0 246.0
167.0 444.0 178.0 447.0
20.0 85.0 29.0 89.0
208.0 536.0 220.0 538.0
186.0 71.0 196.0 76.0
87.0 358.0 101.0 362.0
106.0 360.0 119.0 362.0
442.0 562.0 450.0 565.0
68.0 346.0 81.0 347.0
208.0 537.0 220.0 538.0
379.0 206.0 389.0 214.0
255.0 446.0 265.0 449.0
139.0 40.0 150.0 46.0
198.0 325.0 210.0 330.0
295.0 512.0 306.0 514.0
64.0 452.0 79.0 457.0
187.0 529.0 199.0 532.0
443.0 561.0 450.0 565.0
162.0 388.0 174.0 392.0
100.0 423.0 113.0 423.0
121.0 347.0 132.0 350.0
82.0 247.0 94.0 251.0
120.0 347.0 132.0 350.0
330.0 125.0 338.0 133.0
183.0 369.0 194.0 373.0
137.0 351.0 149.0 355.0
79.0 213.0 91.0 217.0
248.0 141.0 260.0 145.0
249.0 156.0 260.0 164.0
369.0 195.0 379.0 203.0
253.0 446.0 264.0 449.0
80.0 213.0 91.0 217.0
207.0 537.0 220.0 538.0
166.0 445.0 178.0 447.0
250.0 156.0 260.0 164.0
276.0 478.0 288.0 483.0
184.0 369.0 194.0 373.0
277.0 479.0 288.0 483.0
277.0 477.0 288.0 483.0
165.0 444.0 178.0 447.0
249.0 478.0 259.0 482.0
149.0 630.0 161.0 629.0
223.0 503.0 234.0 508.0
166.0 444.0 178.0 447.0
277.0 480.0 288.0 483.0
135.0 384.0 148.0 389.0
379.0 207.0 389.0 214.0
188.0 529.0 199.0 532.0
21.0 85.0 31.0 89.0
278.0 478.0 288.0 483.0
166.0 443.0 178.0 447.0
21.0 86.0 31.0 89.0
251.0 382.0 262.0 386.0
182.0 369.0 194.0 373.0
162.0 35.0 172.0 41.0
378.0 206.0 389.0 214.0
103.0 171.0 114.0 175.0
222.0 503.0 234.0 508.0
443.0 563.0 450.0 565.0
149.0 631.0 161.0 629.0
330.0 126.0 339.0 132.0
188.0 528.0 199.0 531.0
244.0 362.0 254.0 367.0
101.0 423.0 113.0 423.0
379.0 205.0 389.0 214.0
21.0 87.0 31.0 89.0
161.0 36.0 172.0 41.0
221.0 503.0 234.0 508.0
82.0 246.0 94.0 251.0
278.0 349.0 288.0 353.0
209.0 536.0 220.0 538.0
250.0 155.0 260.0 164.0
182.0 368.0 194.0 373.0
207.0 536.0 220.0 538.0
253.0 445.0 264.0 449.0
249.0 140.0 260.0 145.0
277.0 348.0 287.0 353.0
156.0 470.0 169.0 475.0
163.0 387.0 174.0 392.0
277.0 478.0 288.0 483.0
163.0 388.0 174.0 392.0
20.0 87.0 31.0 89.0
456.0 579.0 463.0 584.0
147.0 98.0 157.0 103.0
248.0 140.0 260.0 145.0
254.0 446.0 264.0 449.0
136.0 384.0 148.0 389.0
185.0 71.0 196.0 76.0
161.0 35.0 172.0 41.0
145.0 242.0 154.0 246.0
83.0 246.0 94.0 251.0
80.0 212.0 91.0 217.0
164.0 387.0 174.0 392.0
252.0 381.0 262.0 386.0
162.0 36.0 172.0 41.0
304.0 385.0 316.0 390.0
454.0 580.0 463.0 584.0
387.0 254.0 397.0 262.0
330.0 435.0 339.0 439.0
119.0 347.0 132.0 350.0
361.0 73.0 371.0 79.0
136.0 351.0 149.0 355.0
22.0 86.0 31.0 89.0
248.0 478.0 259.0 482.0
148.0 99.0 157.0 103.0
361.0 74.0 371.0 79.0
204.0 552.0 217.0 554.0
248.0 479.0 259.0 482.0
238.0 55.0 250.0 62.0
156.0 471.0 169.0 476.0
331.0 465.0 339.0 468.0
138.0 384.0 150.0 389.0
330.0 464.0 339.0 468.0
145.0 241.0 154.0 246.0
24.0 379.0 37.0 379.0
137.0 384.0 148.0 389.0
25.0 378.0 37.0 379.0
455.0 579.0 463.0 584.0
238.0 54.0 250.0 62.0
388.0 254.0 397.0 262.0
388.0 253.0 397.0 262.0
329.0 124.0 339.0 132.0
185.0 70.0 196.0 76.0
304.0 384.0 316.0 390.0
251.0 381.0 262.0 386.0
72.0 470.0 86.0 473.0
362.0 73.0 371.0 79.0
278.0 348.0 288.0 353.0
305.0 385.0 316.0 390.0
247.0 478.0 259.0 482.0
247.0 140.0 260.0 145.0
292.0 356.0 303.0 362.0
456.0 580.0 463.0 585.0
190.0 384.0 202.0 389.0
24.0 378.0 37.0 379.0
278.0 480.0 288.0 483.0
72.0 472.0 86.0 473.0
372.0 421.0 381.0 427.0
228.0 422.0 240.0 427.0
354.0 545.0 365.0 548.0
316.0 535.0 325.0 538.0
83.0 247.0 94.0 251.0
248.0 477.0 259.0 482.0
278.0 479.0 288.0 483.0
134.0 548.0 146.0 549.0
329.0 125.0 338.0 133.0
189.0 385.0 202.0 391.0
230.0 216.0 241.0 221.0
24.0 377.0 36.0 379.0
283.0 262.0 289.0 268.0
25.0 377.0 36.0 378.0
155.0 470.0 169.0 476.0
249.0 327.0 261.0 334.0
409.0 520.0 417.0 525.0
134.0 549.0 146.0 549.0
455.0 580.0 463.0 584.0
355.0 545.0 365.0 548.0
81.0 213.0 91.0 217.0
423.0 260.0 432.0 269.0
355.0 546.0 365.0 548.0
133.0 548.0 145.0 548.0
23.0 379.0 37.0 379.0
331.0 552.0 338.0 554.0
164.0 388.0 174.0 392.0
72.0 471.0 86.0 473.0
189.0 384.0 202.0 391.0
81.0 212.0 91.0 217.0
301.0 285.0 311.0 291.0
408.0 520.0 417.0 525.0
230.0 215.0 241.0 221.0
250.0 328.0 261.0 334.0
135.0 548.0 146.0 549.0
304.0 386.0 316.0 390.0
121.0 148.0 130.0 152.0
411.0 54.0 421.0 61.0
44.0 397.0 58.0 398.0
23.0 378.0 35.0 378.0
43.0 397.0 58.0 398.0
455.0 581.0 463.0 584.0
229.0 423.0 240.0 427.0
422.0 260.0 432.0 269.0
422.0 259.0 432.0 268.0
84.0 247.0 95.0 251.0
355.0 544.0 365.0 548.0
250.0 327.0 261.0 334.0
279.0 349.0 288.0 353.0
229.0 422.0 240.0 427.0
247.0 477.0 259.0 482.0
356.0 545.0 365.0 548.0
228.0 423.0 240.0 427.0
71.0 471.0 86.0 473.0
295.0 513.0 305.0 515.0
150.0 555.0 161.0 557.0
135.0 549.0 146.0 549.0
315.0 534.0 325.0 538.0
133.0 549.0 146.0 549.0
310.0 490.0 319.0 493.0
293.0 356.0 303.0 362.0
312.0 490.0 320.0 493.0
315.0 535.0 325.0 538.0
152.0 555.0 161.0 557.0
301.0 284.0 311.0 291.0
292.0 357.0 303.0 362.0
330.0 552.0 338.0 554.0
19.0 216.0 28.0 220.0
300.0 284.0 311.0 291.0
249.0 69.0 259.0 77.0
246.0 477.0 259.0 482.0
22.0 378.0 35.0 378.0
154.0 147.0 164.0 151.0
246.0 478.0 259.0 482.0
151.0 555.0 161.0 557.0
310.0 489.0 320.0 493.0
154.0 146.0 164.0 151.0
294.0 357.0 303.0 362.0
152.0 554.0 161.0 557.0
230.0 422.0 240.0 427.0
312.0 489.0 320.0 493.0
150.0 554.0 161.0 557.0
239.0 54.0 250.0 62.0
311.0 490.0 320.0 493.0
235.0 119.0 247.0 125.0
279.0 348.0 288.0 353.0
151.0 554.0 161.0 557.0
239.0 55.0 250.0 62.0
248.0 139.0 260.0 145.0
247.0 139.0 259.0 144.0
248.0 70.0 259.0 77.0
23.0 186.0 34.0 189.0
453.0 502.0 461.0 509.0
249.0 70.0 259.0 77.0
133.0 550.0 146.0 549.0
293.0 357.0 303.0 362.0
20.0 216.0 28.0 220.0
23.0 185.0 34.0 189.0
240.0 54.0 250.0 62.0
303.0 434.0 314.0 438.0
43.0 398.0 58.0 398.0
423.0 261.0 432.0 269.0
311.0 489.0 320.0 493.0
381.0 609.0 385.0 606.0
24.0 186.0 34.0 189.0
467.0 537.0 476.0 543.0
134.0 550.0 146.0 549.0
453.0 503.0 461.0 509.0
294.0 356.0 303.0 362.0
156.0 168.0 164.0 174.0
235.0 120.0 247.0 125.0
467.0 535.0 476.0 543.0
467.0 536.0 476.0 543.0
156.0 169.0 164.0 174.0
133.0 229.0 144.0 233.0
134.0 229.0 144.0 233.0
457.0 485.0 465.0 490.0
457.0 483.0 465.0 490.0
21.0 123.0 32.0 127.0
155.0 169.0 164.0 174.0
457.0 484.0 464.0 491.0
22.0 123.0 32.0 127.0
236.0 120.0 247.0 125.0
22.0 124.0 32.0 127.0
240.0 55.0 250.0 62.0
30.0 584.0 44.0 583.0
31.0 584.0 45.0 583.0
468.0 536.0 476.0 543.0
21.0 124.0 32.0 127.0
456.0 485.0 464.0 491.0
155.0 168.0 164.0 174.0
337.0 549.0 340.0 554.0
382.0 609.0 385.0 606.0
236.0 119.0 247.0 125.0
456.0 484.0 464.0 491.0
28.0 497.0 39.0 500.0
21.0 216.0 28.0 220.0
154.0 169.0 164.0 174.0
14.0 605.0 26.0 603.0
14.0 604.0 26.0 603.0
15.0 605.0 26.0 603.0
48.0 583.0 62.0 580.0
456.0 483.0 464.0 491.0
154.0 168.0 164.0 174.0
49.0 582.0 62.0 580.0
134.0 230.0 144.0 233.0
50.0 584.0 62.0 580.0
49.0 583.0 62.0 580.0
50.0 582.0 62.0 580.0
30.0 585.0 44.0 583.0
50.0 583.0 62.0 580.0
31.0 585.0 45.0 583.0
49.0 584.0 62.0 580.0
29.0 585.0 44.0 583.0
26.0 604.0 26.0 603.0
256.0 59.0 260.0 77.0
8.0 303.0 11.0 329.0
257.0 60.0 260.0 77.0
473.0 552.0 476.0 543.0
257.0 59.0 260.0 77.0
351.0 520.0 346.0 514.0
211.0 595.0 231.0 608.0
79.0 456.0 97.0 455.0
79.0 457.0 97.0 455.0
210.0 595.0 231.0 608.0
417.0 532.0 417.0 525.0
59.0 397.0 58.0 399.0
