377.0 490.0 393.0 474.0
395.0 385.0 413.0 370.0
377.0 489.0 393.0 474.0
201.0 401.0 223.0 385.0
181.0 443.0 204.0 426.0
387.0 402.0 405.0 387.0
110.0 106.0 131.0 92.0
200.0 401.0 223.0 385.0
182.0 443.0 204.0 426.0
387.0 403.0 405.0 388.0
394.0 385.0 413.0 370.0
388.0 402.0 405.0 387.0
388.0 403.0 405.0 388.0
394.0 384.0 413.0 369.0
393.0 384.0 412.0 370.0
393.0 385.0 413.0 370.0
395.0 384.0 413.0 370.0
393.0 386.0 413.0 370.0
84.0 79.0 107.0 64.0
231.0 339.0 253.0 323.0
394.0 386.0 413.0 370.0
228.0 278.0 252.0 263.0
215.0 307.0 235.0 293.0
183.0 442.0 204.0 426.0
149.0 219.0 170.0 206.0
149.0 218.0 170.0 206.0
111.0 106.0 131.0 92.0
215.0 306.0 235.0 293.0
110.0 105.0 131.0 92.0
216.0 307.0 235.0 293.0
111.0 105.0 131.0 92.0
229.0 278.0 252.0 263.0
230.0 338.0 253.0 323.0
216.0 306.0 235.0 293.0
149.0 150.0 170.0 135.0
273.0 356.0 293.0 340.0
272.0 356.0 293.0 340.0
112.0 106.0 131.0 92.0
112.0 105.0 131.0 92.0
168.0 211.0 191.0 198.0
173.0 234.0 193.0 221.0
181.0 442.0 204.0 426.0
314.0 463.0 331.0 447.0
149.0 149.0 170.0 135.0
182.0 442.0 204.0 426.0
170.0 404.0 190.0 384.0
314.0 464.0 331.0 447.0
66.0 68.0 89.0 51.0
84.0 80.0 107.0 64.0
313.0 463.0 331.0 447.0
148.0 150.0 170.0 135.0
210.0 422.0 231.0 409.0
182.0 168.0 205.0 154.0
315.0 464.0 331.0 447.0
169.0 209.0 191.0 197.0
231.0 338.0 253.0 323.0
129.0 402.0 151.0 386.0
169.0 211.0 191.0 198.0
129.0 403.0 151.0 386.0
172.0 234.0 193.0 221.0
173.0 233.0 193.0 221.0
172.0 233.0 193.0 221.0
237.0 99.0 260.0 82.0
315.0 462.0 331.0 447.0
315.0 463.0 331.0 447.0
340.0 98.0 363.0 86.0
210.0 423.0 231.0 409.0
74.0 503.0 101.0 480.0
107.0 303.0 130.0 287.0
129.0 404.0 151.0 386.0
111.0 107.0 131.0 93.0
65.0 68.0 89.0 51.0
74.0 504.0 101.0 481.0
150.0 149.0 170.0 135.0
67.0 68.0 89.0 51.0
150.0 150.0 170.0 135.0
66.0 69.0 89.0 51.0
106.0 303.0 130.0 287.0
169.0 210.0 191.0 197.0
307.0 257.0 330.0 243.0
181.0 441.0 204.0 425.0
182.0 441.0 204.0 425.0
174.0 233.0 193.0 221.0
65.0 70.0 89.0 51.0
65.0 69.0 89.0 51.0
67.0 69.0 89.0 51.0
314.0 462.0 331.0 447.0
167.0 211.0 191.0 198.0
130.0 402.0 151.0 386.0
168.0 210.0 191.0 197.0
74.0 505.0 101.0 481.0
84.0 81.0 107.0 64.0
168.0 209.0 191.0 197.0
75.0 504.0 101.0 481.0
190.0 111.0 210.0 97.0
73.0 503.0 101.0 480.0
187.0 424.0 209.0 409.0
183.0 168.0 205.0 154.0
281.0 411.0 300.0 396.0
106.0 302.0 130.0 286.0
167.0 210.0 191.0 198.0
186.0 424.0 208.0 408.0
183.0 441.0 204.0 425.0
72.0 504.0 100.0 481.0
245.0 477.0 267.0 458.0
107.0 302.0 129.0 287.0
112.0 107.0 131.0 93.0
182.0 169.0 205.0 154.0
130.0 403.0 151.0 386.0
73.0 505.0 101.0 481.0
190.0 112.0 210.0 97.0
189.0 111.0 210.0 97.0
340.0 532.0 356.0 514.0
209.0 423.0 231.0 409.0
73.0 504.0 101.0 481.0
340.0 97.0 363.0 86.0
183.0 169.0 205.0 154.0
78.0 262.0 106.0 247.0
341.0 98.0 363.0 86.0
170.0 210.0 191.0 197.0
228.0 256.0 251.0 241.0
370.0 267.0 390.0 257.0
93.0 342.0 116.0 326.0
190.0 110.0 210.0 97.0
66.0 70.0 89.0 51.0
400.0 505.0 414.0 490.0
92.0 343.0 116.0 326.0
105.0 302.0 130.0 286.0
72.0 505.0 100.0 481.0
78.0 263.0 106.0 247.0
229.0 256.0 251.0 241.0
182.0 170.0 205.0 154.0
347.0 161.0 369.0 148.0
54.0 492.0 82.0 472.0
154.0 453.0 177.0 436.0
246.0 477.0 267.0 458.0
143.0 275.0 170.0 258.0
191.0 112.0 210.0 98.0
53.0 492.0 82.0 472.0
93.0 343.0 116.0 326.0
191.0 111.0 210.0 97.0
370.0 268.0 390.0 257.0
191.0 110.0 210.0 97.0
76.0 307.0 100.0 292.0
92.0 342.0 116.0 326.0
92.0 344.0 117.0 327.0
53.0 491.0 82.0 472.0
281.0 412.0 300.0 396.0
331.0 172.0 352.0 161.0
340.0 533.0 356.0 514.0
80.0 262.0 106.0 247.0
79.0 262.0 106.0 247.0
282.0 410.0 300.0 396.0
285.0 497.0 309.0 477.0
306.0 216.0 327.0 204.0
371.0 268.0 390.0 257.0
295.0 442.0 313.0 425.0
79.0 263.0 106.0 247.0
229.0 255.0 251.0 241.0
371.0 267.0 390.0 257.0
298.0 387.0 315.0 373.0
91.0 343.0 116.0 326.0
68.0 126.0 92.0 111.0
228.0 255.0 251.0 241.0
414.0 427.0 432.0 411.0
348.0 161.0 369.0 148.0
346.0 161.0 368.0 149.0
285.0 498.0 309.0 477.0
195.0 337.0 217.0 321.0
79.0 264.0 106.0 247.0
283.0 410.0 300.0 396.0
347.0 162.0 368.0 149.0
56.0 491.0 82.0 472.0
67.0 126.0 92.0 112.0
66.0 126.0 92.0 111.0
67.0 125.0 92.0 112.0
54.0 278.0 84.0 264.0
66.0 127.0 92.0 112.0
54.0 491.0 82.0 472.0
55.0 491.0 82.0 472.0
282.0 411.0 300.0 396.0
116.0 171.0 138.0 158.0
341.0 97.0 363.0 86.0
298.0 386.0 315.0 373.0
235.0 274.0 254.0 262.0
56.0 276.0 84.0 264.0
297.0 386.0 315.0 373.0
372.0 267.0 390.0 257.0
153.0 453.0 177.0 436.0
346.0 162.0 368.0 149.0
56.0 277.0 84.0 264.0
400.0 504.0 414.0 490.0
282.0 412.0 300.0 396.0
77.0 263.0 106.0 247.0
67.0 127.0 92.0 112.0
54.0 276.0 84.0 264.0
55.0 490.0 82.0 472.0
55.0 277.0 84.0 264.0
75.0 307.0 100.0 292.0
105.0 182.0 126.0 167.0
372.0 268.0 390.0 257.0
116.0 170.0 138.0 157.0
75.0 306.0 100.0 292.0
284.0 498.0 309.0 477.0
285.0 496.0 309.0 477.0
297.0 387.0 315.0 373.0
153.0 452.0 177.0 436.0
283.0 411.0 300.0 396.0
296.0 388.0 315.0 373.0
400.0 503.0 414.0 490.0
296.0 386.0 315.0 373.0
295.0 387.0 315.0 373.0
296.0 387.0 315.0 373.0
76.0 306.0 102.0 292.0
117.0 170.0 138.0 158.0
74.0 307.0 100.0 292.0
54.0 277.0 84.0 264.0
104.0 182.0 126.0 167.0
72.0 204.0 97.0 190.0
106.0 182.0 126.0 168.0
348.0 162.0 369.0 148.0
152.0 454.0 177.0 436.0
94.0 417.0 122.0 400.0
105.0 183.0 126.0 168.0
74.0 306.0 100.0 292.0
430.0 491.0 446.0 472.0
227.0 126.0 247.0 112.0
227.0 127.0 246.0 112.0
345.0 162.0 368.0 149.0
284.0 497.0 309.0 477.0
55.0 276.0 84.0 264.0
54.0 490.0 82.0 472.0
73.0 203.0 97.0 190.0
152.0 453.0 177.0 436.0
309.0 352.0 327.0 339.0
430.0 490.0 446.0 472.0
343.0 427.0 359.0 411.0
237.0 334.0 255.0 322.0
106.0 183.0 126.0 168.0
93.0 417.0 122.0 400.0
152.0 452.0 177.0 436.0
92.0 417.0 122.0 400.0
72.0 203.0 97.0 190.0
151.0 453.0 177.0 436.0
309.0 351.0 327.0 339.0
296.0 442.0 313.0 425.0
297.0 442.0 313.0 425.0
296.0 443.0 313.0 425.0
401.0 504.0 414.0 490.0
92.0 416.0 122.0 400.0
91.0 417.0 122.0 400.0
151.0 452.0 177.0 436.0
429.0 490.0 446.0 472.0
71.0 204.0 97.0 190.0
310.0 351.0 327.0 339.0
94.0 416.0 122.0 400.0
70.0 204.0 97.0 190.0
401.0 503.0 414.0 490.0
93.0 416.0 122.0 400.0
39.0 393.0 66.0 379.0
38.0 394.0 66.0 380.0
39.0 394.0 66.0 380.0
193.0 429.0 210.0 408.0
38.0 395.0 66.0 380.0
238.0 334.0 255.0 322.0
38.0 393.0 66.0 380.0
421.0 322.0 441.0 307.0
426.0 410.0 445.0 395.0
37.0 394.0 66.0 380.0
425.0 410.0 445.0 395.0
77.0 61.0 89.0 50.0
422.0 323.0 440.0 308.0
194.0 429.0 210.0 408.0
22.0 586.0 49.0 557.0
421.0 323.0 440.0 308.0
22.0 585.0 49.0 557.0
21.0 585.0 49.0 557.0
21.0 586.0 49.0 557.0
21.0 587.0 49.0 557.0
20.0 586.0 49.0 557.0
226.0 420.0 252.0 414.0
225.0 420.0 252.0 414.0
20.0 587.0 49.0 557.0
54.0 140.0 81.0 132.0
227.0 420.0 253.0 414.0
54.0 139.0 81.0 132.0
227.0 419.0 252.0 414.0
226.0 419.0 252.0 414.0
419.0 395.0 428.0 379.0
