402.0 117.0 405.0 105.0
401.0 117.0 405.0 106.0
402.0 118.0 405.0 106.0
77.0 460.0 76.0 446.0
76.0 460.0 76.0 446.0
302.0 110.0 304.0 98.0
182.0 204.0 182.0 193.0
400.0 117.0 404.0 106.0
303.0 110.0 305.0 99.0
182.0 205.0 182.0 193.0
181.0 204.0 182.0 193.0
181.0 205.0 182.0 193.0
402.0 119.0 405.0 106.0
401.0 118.0 404.0 106.0
315.0 132.0 318.0 121.0
77.0 459.0 76.0 446.0
249.0 400.0 248.0 387.0
63.0 294.0 62.0 281.0
401.0 119.0 404.0 106.0
76.0 459.0 76.0 446.0
372.0 477.0 370.0 464.0
316.0 132.0 318.0 121.0
63.0 295.0 62.0 281.0
191.0 556.0 190.0 541.0
62.0 294.0 62.0 281.0
5.0 290.0 5.0 276.0
6.0 289.0 5.0 276.0
28.0 288.0 27.0 273.0
191.0 555.0 190.0 541.0
27.0 288.0 27.0 273.0
303.0 111.0 304.0 100.0
5.0 289.0 5.0 276.0
27.0 286.0 27.0 273.0
6.0 290.0 5.0 276.0
400.0 118.0 404.0 106.0
28.0 287.0 27.0 273.0
302.0 111.0 304.0 99.0
400.0 119.0 403.0 106.0
211.0 495.0 210.0 481.0
26.0 331.0 26.0 320.0
249.0 399.0 248.0 387.0
133.0 178.0 133.0 166.0
316.0 541.0 314.0 528.0
250.0 401.0 248.0 387.0
316.0 542.0 314.0 528.0
68.0 380.0 68.0 367.0
231.0 164.0 233.0 153.0
15.0 582.0 14.0 567.0
26.0 287.0 27.0 273.0
62.0 295.0 62.0 281.0
231.0 165.0 233.0 153.0
15.0 581.0 14.0 567.0
211.0 494.0 210.0 481.0
61.0 295.0 62.0 281.0
321.0 525.0 319.0 512.0
15.0 580.0 13.0 566.0
27.0 331.0 26.0 320.0
250.0 400.0 248.0 387.0
191.0 557.0 190.0 541.0
5.0 291.0 5.0 276.0
221.0 149.0 222.0 138.0
55.0 413.0 52.0 400.0
27.0 287.0 27.0 273.0
211.0 493.0 210.0 481.0
302.0 112.0 304.0 100.0
110.0 111.0 110.0 98.0
303.0 112.0 304.0 100.0
301.0 111.0 304.0 99.0
6.0 291.0 5.0 276.0
190.0 157.0 192.0 143.0
75.0 481.0 73.0 466.0
250.0 399.0 248.0 387.0
59.0 88.0 60.0 74.0
27.0 332.0 27.0 320.0
61.0 31.0 62.0 18.0
212.0 495.0 210.0 481.0
316.0 540.0 314.0 527.0
158.0 387.0 157.0 375.0
61.0 294.0 62.0 281.0
377.0 71.0 381.0 56.0
191.0 157.0 192.0 143.0
210.0 89.0 212.0 77.0
82.0 367.0 81.0 355.0
132.0 178.0 133.0 166.0
14.0 580.0 13.0 566.0
114.0 70.0 117.0 53.0
251.0 400.0 249.0 388.0
275.0 445.0 274.0 432.0
212.0 493.0 210.0 480.0
134.0 179.0 133.0 166.0
17.0 489.0 17.0 473.0
134.0 178.0 133.0 166.0
14.0 581.0 13.0 566.0
263.0 303.0 262.0 293.0
68.0 379.0 69.0 366.0
54.0 413.0 52.0 400.0
92.0 341.0 91.0 330.0
211.0 88.0 213.0 76.0
132.0 179.0 133.0 166.0
276.0 445.0 274.0 431.0
115.0 69.0 117.0 53.0
76.0 341.0 75.0 329.0
166.0 146.0 166.0 133.0
274.0 444.0 274.0 432.0
275.0 444.0 274.0 431.0
262.0 303.0 262.0 293.0
110.0 112.0 110.0 98.0
190.0 556.0 190.0 541.0
75.0 340.0 75.0 329.0
212.0 494.0 210.0 481.0
222.0 348.0 221.0 337.0
322.0 525.0 319.0 512.0
209.0 150.0 210.0 141.0
315.0 541.0 314.0 528.0
377.0 70.0 381.0 56.0
69.0 380.0 69.0 366.0
69.0 379.0 69.0 366.0
133.0 179.0 133.0 166.0
95.0 294.0 94.0 283.0
75.0 341.0 75.0 329.0
231.0 166.0 233.0 153.0
115.0 366.0 115.0 354.0
192.0 555.0 190.0 541.0
115.0 367.0 114.0 355.0
276.0 444.0 274.0 431.0
60.0 31.0 62.0 18.0
59.0 89.0 60.0 74.0
54.0 412.0 52.0 400.0
114.0 68.0 117.0 53.0
251.0 401.0 249.0 389.0
110.0 110.0 110.0 98.0
211.0 90.0 212.0 77.0
376.0 70.0 381.0 56.0
223.0 348.0 221.0 337.0
373.0 477.0 370.0 464.0
163.0 218.0 163.0 207.0
100.0 383.0 99.0 370.0
95.0 295.0 94.0 283.0
158.0 386.0 157.0 375.0
174.0 432.0 172.0 420.0
376.0 71.0 381.0 56.0
211.0 87.0 213.0 76.0
61.0 30.0 62.0 18.0
209.0 151.0 209.0 141.0
191.0 158.0 192.0 143.0
109.0 112.0 109.0 99.0
125.0 430.0 125.0 418.0
221.0 148.0 222.0 138.0
275.0 443.0 274.0 431.0
315.0 542.0 314.0 528.0
94.0 295.0 94.0 283.0
211.0 89.0 213.0 77.0
208.0 151.0 209.0 141.0
126.0 430.0 125.0 418.0
109.0 111.0 110.0 98.0
159.0 387.0 157.0 375.0
107.0 430.0 106.0 418.0
266.0 464.0 266.0 453.0
114.0 69.0 117.0 53.0
165.0 144.0 166.0 133.0
40.0 458.0 39.0 444.0
167.0 145.0 166.0 133.0
262.0 302.0 262.0 293.0
315.0 540.0 314.0 527.0
109.0 110.0 110.0 98.0
192.0 556.0 190.0 541.0
222.0 347.0 221.0 337.0
115.0 368.0 114.0 355.0
295.0 126.0 298.0 116.0
265.0 464.0 266.0 453.0
138.0 571.0 135.0 555.0
263.0 302.0 262.0 293.0
165.0 145.0 166.0 133.0
296.0 126.0 298.0 116.0
166.0 145.0 166.0 133.0
41.0 458.0 39.0 445.0
100.0 385.0 99.0 370.0
175.0 433.0 172.0 420.0
76.0 340.0 75.0 329.0
223.0 347.0 221.0 337.0
190.0 158.0 192.0 143.0
296.0 125.0 299.0 115.0
212.0 88.0 213.0 76.0
93.0 341.0 91.0 330.0
174.0 433.0 172.0 420.0
314.0 541.0 312.0 528.0
94.0 294.0 94.0 283.0
116.0 366.0 116.0 354.0
210.0 88.0 212.0 77.0
159.0 386.0 157.0 375.0
138.0 572.0 135.0 555.0
66.0 386.0 66.0 374.0
76.0 361.0 76.0 350.0
192.0 158.0 192.0 143.0
157.0 561.0 156.0 546.0
92.0 342.0 91.0 330.0
162.0 218.0 163.0 207.0
60.0 30.0 62.0 18.0
321.0 524.0 318.0 512.0
76.0 362.0 75.0 350.0
322.0 524.0 319.0 512.0
222.0 138.0 223.0 124.0
295.0 125.0 297.0 115.0
84.0 384.0 83.0 372.0
27.0 309.0 25.0 297.0
85.0 385.0 83.0 372.0
93.0 342.0 92.0 330.0
27.0 310.0 25.0 297.0
55.0 412.0 52.0 400.0
190.0 159.0 192.0 143.0
28.0 309.0 26.0 297.0
67.0 386.0 66.0 374.0
95.0 293.0 94.0 281.0
77.0 361.0 77.0 350.0
223.0 139.0 224.0 125.0
222.0 139.0 223.0 125.0
162.0 217.0 163.0 207.0
41.0 457.0 39.0 445.0
127.0 430.0 125.0 418.0
166.0 144.0 166.0 133.0
196.0 338.0 195.0 326.0
266.0 463.0 266.0 452.0
163.0 217.0 163.0 206.0
264.0 303.0 263.0 293.0
191.0 159.0 192.0 143.0
172.0 542.0 170.0 528.0
6.0 19.0 7.0 3.0
7.0 19.0 7.0 3.0
192.0 159.0 192.0 143.0
76.0 360.0 76.0 350.0
77.0 360.0 77.0 350.0
192.0 79.0 194.0 68.0
94.0 342.0 92.0 330.0
222.0 140.0 223.0 125.0
92.0 343.0 91.0 330.0
125.0 429.0 125.0 418.0
265.0 463.0 266.0 452.0
122.0 537.0 121.0 524.0
192.0 80.0 194.0 68.0
314.0 542.0 312.0 528.0
258.0 136.0 260.0 121.0
60.0 326.0 58.0 312.0
174.0 64.0 175.0 49.0
172.0 543.0 171.0 527.0
127.0 389.0 127.0 380.0
127.0 429.0 125.0 418.0
197.0 338.0 195.0 327.0
242.0 300.0 242.0 289.0
6.0 17.0 7.0 3.0
7.0 17.0 7.0 3.0
126.0 429.0 125.0 418.0
122.0 536.0 121.0 523.0
171.0 543.0 170.0 528.0
5.0 18.0 7.0 3.0
127.0 390.0 127.0 380.0
128.0 390.0 127.0 380.0
243.0 299.0 244.0 289.0
84.0 518.0 84.0 500.0
6.0 18.0 7.0 3.0
7.0 18.0 7.0 3.0
93.0 343.0 92.0 331.0
243.0 300.0 242.0 289.0
153.0 62.0 153.0 48.0
128.0 389.0 127.0 380.0
191.0 79.0 194.0 68.0
173.0 63.0 175.0 49.0
84.0 519.0 84.0 500.0
173.0 64.0 175.0 49.0
39.0 41.0 41.0 24.0
229.0 323.0 229.0 312.0
152.0 62.0 153.0 48.0
242.0 299.0 242.0 289.0
332.0 503.0 327.0 491.0
174.0 63.0 175.0 49.0
332.0 504.0 327.0 491.0
172.0 63.0 175.0 49.0
191.0 80.0 194.0 68.0
127.0 391.0 127.0 380.0
153.0 61.0 153.0 48.0
207.0 306.0 207.0 295.0
259.0 136.0 260.0 121.0
228.0 324.0 229.0 312.0
229.0 324.0 229.0 312.0
229.0 322.0 229.0 312.0
173.0 62.0 175.0 49.0
228.0 323.0 229.0 312.0
331.0 505.0 327.0 491.0
282.0 498.0 278.0 485.0
74.0 307.0 72.0 294.0
331.0 503.0 327.0 491.0
16.0 559.0 14.0 533.0
228.0 322.0 229.0 312.0
85.0 518.0 84.0 500.0
208.0 306.0 207.0 297.0
208.0 307.0 207.0 297.0
133.0 304.0 133.0 292.0
94.0 343.0 92.0 330.0
85.0 519.0 84.0 500.0
281.0 497.0 278.0 486.0
24.0 435.0 24.0 431.0
73.0 498.0 68.0 489.0
240.0 84.0 242.0 68.0
331.0 504.0 327.0 491.0
240.0 85.0 242.0 68.0
239.0 84.0 242.0 68.0
154.0 62.0 153.0 48.0
330.0 504.0 327.0 491.0
282.0 497.0 278.0 485.0
233.0 616.0 228.0 602.0
233.0 617.0 228.0 602.0
39.0 42.0 41.0 24.0
72.0 497.0 68.0 489.0
39.0 43.0 41.0 24.0
241.0 84.0 242.0 68.0
239.0 85.0 242.0 68.0
249.0 609.0 244.0 595.0
38.0 42.0 41.0 24.0
73.0 497.0 68.0 489.0
249.0 610.0 244.0 595.0
277.0 24.0 281.0 13.0
314.0 439.0 298.0 417.0
276.0 26.0 281.0 13.0
127.0 346.0 120.0 335.0
276.0 25.0 281.0 13.0
276.0 24.0 281.0 12.0
268.0 129.0 260.0 121.0
190.0 308.0 186.0 306.0
277.0 25.0 281.0 13.0
277.0 26.0 281.0 13.0
236.0 16.0 238.0 3.0
235.0 17.0 238.0 3.0
235.0 15.0 238.0 3.0
164.0 380.0 158.0 375.0
235.0 16.0 238.0 3.0
236.0 17.0 238.0 3.0
26.0 600.0 24.0 584.0
315.0 440.0 298.0 417.0
236.0 15.0 238.0 3.0
314.0 438.0 298.0 417.0
236.0 68.0 242.0 67.0
315.0 439.0 298.0 417.0
182.0 324.0 186.0 308.0
127.0 344.0 120.0 335.0
127.0 345.0 120.0 335.0
234.0 16.0 238.0 3.0
237.0 69.0 242.0 67.0
237.0 68.0 242.0 67.0
315.0 438.0 298.0 417.0
26.0 601.0 24.0 585.0
316.0 440.0 298.0 417.0
237.0 67.0 242.0 67.0
236.0 69.0 242.0 67.0
92.0 628.0 79.0 621.0
4.0 323.0 5.0 276.0
27.0 600.0 24.0 584.0
316.0 439.0 298.0 417.0
4.0 324.0 5.0 276.0
96.0 573.0 96.0 571.0
95.0 572.0 94.0 571.0
58.0 627.0 56.0 611.0
97.0 573.0 96.0 571.0
27.0 601.0 24.0 585.0
22.0 54.0 21.0 38.0
97.0 572.0 96.0 571.0
11.0 423.0 25.0 413.0
362.0 473.0 369.0 464.0
203.0 49.0 204.0 41.0
202.0 49.0 204.0 41.0
97.0 571.0 96.0 571.0
96.0 572.0 96.0 571.0
93.0 628.0 79.0 621.0
59.0 627.0 56.0 611.0
10.0 636.0 9.0 622.0
95.0 571.0 94.0 571.0
10.0 637.0 9.0 622.0
21.0 55.0 21.0 38.0
96.0 571.0 96.0 571.0
9.0 637.0 9.0 622.0
58.0 628.0 56.0 611.0
22.0 55.0 21.0 38.0
9.0 636.0 9.0 622.0
59.0 629.0 56.0 611.0
59.0 628.0 56.0 611.0
11.0 422.0 25.0 413.0
174.0 202.0 163.0 206.0
