317.0 400.0 316.0 398.0
316.0 401.0 316.0 400.0
465.0 446.0 464.0 438.0
317.0 401.0 316.0 400.0
464.0 445.0 464.0 438.0
335.0 397.0 334.0 394.0
318.0 401.0 317.0 398.0
317.0 402.0 316.0 400.0
335.0 396.0 334.0 394.0
318.0 402.0 316.0 400.0
318.0 400.0 317.0 398.0
335.0 398.0 334.0 394.0
336.0 397.0 336.0 394.0
336.0 396.0 336.0 394.0
337.0 397.0 336.0 394.0
310.0 193.0 306.0 192.0
388.0 298.0 387.0 294.0
273.0 435.0 273.0 431.0
389.0 298.0 387.0 294.0
421.0 301.0 420.0 295.0
265.0 90.0 261.0 93.0
421.0 300.0 420.0 295.0
266.0 91.0 261.0 93.0
267.0 90.0 261.0 93.0
422.0 300.0 420.0 295.0
421.0 299.0 420.0 295.0
156.0 374.0 154.0 368.0
311.0 193.0 306.0 192.0
266.0 89.0 261.0 93.0
229.0 45.0 223.0 47.0
266.0 90.0 261.0 93.0
330.0 318.0 329.0 315.0
90.0 185.0 84.0 182.0
420.0 300.0 420.0 295.0
157.0 374.0 154.0 368.0
76.0 495.0 74.0 492.0
338.0 200.0 335.0 198.0
89.0 185.0 84.0 182.0
338.0 199.0 335.0 197.0
330.0 317.0 329.0 315.0
331.0 317.0 329.0 315.0
156.0 375.0 154.0 368.0
257.0 35.0 251.0 36.0
106.0 565.0 104.0 561.0
89.0 184.0 84.0 182.0
420.0 365.0 419.0 359.0
331.0 318.0 329.0 315.0
157.0 375.0 154.0 368.0
76.0 496.0 74.0 492.0
420.0 363.0 419.0 359.0
381.0 20.0 371.0 20.0
330.0 316.0 328.0 314.0
261.0 241.0 259.0 240.0
331.0 316.0 328.0 314.0
419.0 363.0 419.0 359.0
374.0 167.0 370.0 166.0
230.0 112.0 225.0 113.0
230.0 45.0 224.0 47.0
379.0 20.0 372.0 20.0
382.0 571.0 385.0 566.0
419.0 364.0 419.0 359.0
189.0 67.0 182.0 70.0
421.0 364.0 419.0 359.0
420.0 364.0 419.0 359.0
408.0 553.0 411.0 546.0
90.0 184.0 84.0 182.0
230.0 111.0 225.0 113.0
230.0 44.0 224.0 47.0
380.0 20.0 372.0 20.0
257.0 34.0 251.0 36.0
155.0 375.0 152.0 368.0
439.0 428.0 440.0 423.0
77.0 496.0 74.0 492.0
380.0 19.0 372.0 20.0
106.0 566.0 104.0 561.0
366.0 144.0 361.0 142.0
419.0 365.0 419.0 359.0
438.0 428.0 440.0 423.0
263.0 241.0 259.0 240.0
379.0 21.0 371.0 20.0
400.0 69.0 392.0 68.0
379.0 19.0 372.0 20.0
462.0 376.0 460.0 369.0
339.0 200.0 335.0 198.0
262.0 241.0 259.0 240.0
334.0 264.0 330.0 262.0
331.0 180.0 326.0 180.0
315.0 228.0 312.0 228.0
330.0 181.0 326.0 180.0
373.0 167.0 370.0 166.0
439.0 429.0 440.0 423.0
258.0 35.0 251.0 36.0
333.0 264.0 330.0 262.0
366.0 143.0 361.0 142.0
258.0 34.0 251.0 36.0
266.0 211.0 259.0 209.0
382.0 570.0 385.0 566.0
399.0 70.0 392.0 68.0
365.0 143.0 359.0 142.0
111.0 353.0 111.0 345.0
150.0 156.0 144.0 152.0
333.0 263.0 330.0 262.0
383.0 570.0 385.0 566.0
332.0 264.0 330.0 262.0
150.0 155.0 144.0 152.0
188.0 67.0 182.0 70.0
189.0 68.0 182.0 70.0
365.0 144.0 359.0 142.0
374.0 168.0 370.0 166.0
287.0 135.0 283.0 137.0
438.0 429.0 440.0 423.0
149.0 155.0 144.0 151.0
375.0 168.0 370.0 166.0
231.0 112.0 225.0 113.0
407.0 553.0 411.0 546.0
417.0 156.0 412.0 153.0
418.0 155.0 412.0 153.0
349.0 609.0 356.0 599.0
188.0 68.0 182.0 70.0
231.0 45.0 224.0 47.0
339.0 199.0 335.0 197.0
399.0 69.0 392.0 68.0
38.0 492.0 34.0 489.0
274.0 435.0 273.0 431.0
332.0 263.0 330.0 262.0
112.0 353.0 111.0 345.0
29.0 476.0 26.0 473.0
332.0 181.0 328.0 181.0
462.0 375.0 460.0 369.0
77.0 495.0 74.0 491.0
461.0 376.0 460.0 369.0
473.0 410.0 473.0 404.0
263.0 242.0 259.0 240.0
151.0 156.0 144.0 152.0
474.0 410.0 473.0 404.0
231.0 44.0 224.0 47.0
398.0 69.0 386.0 74.0
78.0 496.0 74.0 492.0
334.0 263.0 330.0 262.0
375.0 167.0 370.0 166.0
408.0 552.0 411.0 546.0
231.0 111.0 225.0 113.0
267.0 211.0 259.0 209.0
287.0 136.0 283.0 137.0
262.0 242.0 259.0 240.0
331.0 181.0 326.0 180.0
418.0 156.0 412.0 153.0
439.0 430.0 440.0 423.0
291.0 94.0 286.0 95.0
407.0 552.0 411.0 546.0
416.0 155.0 412.0 153.0
407.0 551.0 411.0 546.0
438.0 430.0 440.0 423.0
151.0 155.0 144.0 151.0
461.0 375.0 460.0 369.0
288.0 135.0 283.0 136.0
364.0 143.0 359.0 142.0
417.0 155.0 412.0 152.0
473.0 411.0 473.0 404.0
181.0 26.0 176.0 31.0
78.0 495.0 74.0 491.0
404.0 24.0 395.0 24.0
435.0 114.0 429.0 111.0
474.0 411.0 473.0 404.0
420.0 46.0 413.0 46.0
290.0 94.0 285.0 95.0
164.0 609.0 166.0 598.0
403.0 25.0 395.0 24.0
105.0 566.0 104.0 561.0
238.0 392.0 236.0 390.0
383.0 569.0 385.0 566.0
382.0 569.0 385.0 566.0
402.0 25.0 395.0 24.0
349.0 608.0 356.0 599.0
77.0 541.0 75.0 535.0
116.0 333.0 112.0 326.0
112.0 354.0 111.0 345.0
473.0 409.0 473.0 404.0
333.0 265.0 330.0 262.0
111.0 354.0 111.0 345.0
435.0 115.0 429.0 111.0
268.0 211.0 259.0 209.0
77.0 542.0 75.0 534.0
365.0 142.0 361.0 142.0
29.0 477.0 26.0 473.0
77.0 494.0 74.0 491.0
412.0 139.0 405.0 136.0
403.0 24.0 395.0 24.0
193.0 622.0 195.0 625.0
82.0 553.0 82.0 553.0
193.0 623.0 195.0 625.0
83.0 553.0 82.0 553.0
291.0 95.0 286.0 95.0
382.0 568.0 385.0 566.0
237.0 392.0 236.0 390.0
39.0 492.0 34.0 489.0
99.0 541.0 95.0 533.0
421.0 45.0 413.0 46.0
28.0 476.0 26.0 473.0
383.0 568.0 385.0 566.0
76.0 541.0 75.0 534.0
237.0 391.0 236.0 390.0
26.0 515.0 21.0 511.0
404.0 23.0 395.0 24.0
93.0 497.0 92.0 493.0
116.0 332.0 112.0 326.0
351.0 609.0 356.0 599.0
118.0 332.0 112.0 326.0
181.0 25.0 176.0 31.0
402.0 24.0 394.0 24.0
351.0 608.0 356.0 599.0
94.0 497.0 92.0 493.0
403.0 23.0 394.0 24.0
350.0 608.0 356.0 599.0
117.0 333.0 112.0 326.0
267.0 210.0 259.0 208.0
76.0 257.0 71.0 254.0
182.0 25.0 176.0 31.0
402.0 23.0 394.0 24.0
82.0 552.0 82.0 553.0
350.0 609.0 356.0 599.0
117.0 332.0 112.0 326.0
29.0 609.0 27.0 605.0
229.0 565.0 227.0 555.0
118.0 333.0 112.0 326.0
117.0 331.0 112.0 326.0
236.0 390.0 236.0 390.0
29.0 478.0 26.0 473.0
30.0 609.0 27.0 605.0
236.0 391.0 236.0 390.0
436.0 114.0 429.0 111.0
238.0 391.0 236.0 390.0
31.0 608.0 27.0 605.0
76.0 259.0 71.0 254.0
427.0 170.0 422.0 167.0
94.0 496.0 92.0 493.0
237.0 390.0 236.0 390.0
164.0 610.0 166.0 598.0
30.0 608.0 27.0 605.0
70.0 440.0 66.0 438.0
320.0 234.0 312.0 228.0
75.0 258.0 70.0 254.0
241.0 14.0 234.0 19.0
426.0 171.0 422.0 167.0
182.0 24.0 176.0 31.0
35.0 462.0 31.0 458.0
28.0 477.0 26.0 473.0
428.0 170.0 422.0 167.0
93.0 496.0 92.0 493.0
46.0 553.0 44.0 549.0
28.0 478.0 26.0 473.0
181.0 24.0 175.0 30.0
324.0 303.0 328.0 314.0
31.0 609.0 27.0 605.0
76.0 258.0 71.0 254.0
46.0 381.0 42.0 378.0
213.0 261.0 219.0 263.0
428.0 171.0 422.0 167.0
426.0 170.0 422.0 167.0
320.0 235.0 312.0 228.0
278.0 169.0 272.0 171.0
42.0 199.0 38.0 196.0
277.0 169.0 272.0 171.0
76.0 521.0 73.0 515.0
436.0 115.0 429.0 111.0
238.0 390.0 236.0 390.0
43.0 199.0 38.0 196.0
230.0 565.0 227.0 555.0
321.0 234.0 312.0 228.0
43.0 200.0 38.0 196.0
34.0 461.0 31.0 458.0
204.0 74.0 198.0 77.0
76.0 518.0 74.0 515.0
350.0 610.0 356.0 599.0
323.0 302.0 329.0 315.0
42.0 200.0 38.0 196.0
93.0 495.0 92.0 493.0
204.0 73.0 198.0 77.0
48.0 553.0 45.0 550.0
47.0 553.0 45.0 550.0
231.0 565.0 227.0 555.0
212.0 261.0 219.0 263.0
76.0 520.0 74.0 515.0
75.0 521.0 73.0 515.0
34.0 590.0 31.0 586.0
427.0 171.0 422.0 167.0
203.0 74.0 198.0 77.0
76.0 519.0 74.0 515.0
34.0 462.0 31.0 458.0
75.0 520.0 73.0 515.0
279.0 169.0 272.0 171.0
47.0 381.0 43.0 378.0
278.0 168.0 272.0 171.0
324.0 302.0 328.0 314.0
47.0 552.0 45.0 550.0
46.0 552.0 44.0 549.0
279.0 168.0 272.0 171.0
48.0 552.0 45.0 550.0
47.0 382.0 43.0 378.0
75.0 519.0 73.0 515.0
47.0 551.0 45.0 550.0
421.0 253.0 417.0 250.0
48.0 381.0 43.0 378.0
213.0 262.0 219.0 263.0
49.0 381.0 43.0 378.0
87.0 427.0 83.0 419.0
421.0 254.0 417.0 250.0
87.0 426.0 83.0 419.0
88.0 427.0 83.0 419.0
69.0 425.0 66.0 420.0
388.0 202.0 385.0 198.0
447.0 414.0 429.0 387.0
420.0 254.0 417.0 250.0
88.0 426.0 83.0 419.0
460.0 396.0 461.0 369.0
461.0 397.0 461.0 369.0
79.0 384.0 75.0 378.0
461.0 396.0 461.0 369.0
447.0 412.0 429.0 387.0
422.0 254.0 417.0 250.0
67.0 581.0 63.0 585.0
460.0 397.0 461.0 369.0
29.0 519.0 21.0 511.0
88.0 425.0 83.0 419.0
388.0 203.0 385.0 198.0
389.0 202.0 385.0 198.0
447.0 413.0 429.0 387.0
69.0 424.0 66.0 420.0
30.0 519.0 21.0 511.0
448.0 415.0 429.0 387.0
399.0 511.0 370.0 458.0
448.0 414.0 429.0 387.0
442.0 315.0 461.0 368.0
79.0 385.0 75.0 378.0
30.0 520.0 21.0 511.0
390.0 202.0 385.0 198.0
448.0 412.0 429.0 387.0
349.0 120.0 335.0 132.0
29.0 520.0 21.0 511.0
389.0 203.0 385.0 198.0
442.0 316.0 461.0 368.0
399.0 512.0 370.0 458.0
350.0 120.0 335.0 132.0
367.0 34.0 371.0 20.0
449.0 414.0 429.0 387.0
448.0 413.0 429.0 387.0
349.0 119.0 335.0 132.0
367.0 35.0 371.0 20.0
421.0 255.0 417.0 250.0
68.0 581.0 63.0 585.0
30.0 521.0 21.0 511.0
68.0 580.0 63.0 585.0
390.0 203.0 385.0 198.0
326.0 162.0 287.0 118.0
350.0 118.0 335.0 132.0
205.0 599.0 214.0 599.0
351.0 119.0 335.0 132.0
68.0 582.0 63.0 585.0
335.0 425.0 326.0 423.0
350.0 119.0 335.0 132.0
450.0 237.0 447.0 233.0
411.0 203.0 406.0 200.0
451.0 237.0 447.0 233.0
412.0 203.0 406.0 200.0
207.0 257.0 188.0 252.0
310.0 96.0 286.0 94.0
206.0 257.0 188.0 252.0
335.0 424.0 326.0 423.0
452.0 238.0 447.0 233.0
106.0 315.0 95.0 310.0
451.0 238.0 447.0 233.0
450.0 238.0 447.0 233.0
336.0 425.0 326.0 423.0
451.0 239.0 447.0 233.0
411.0 204.0 406.0 200.0
106.0 314.0 95.0 310.0
336.0 424.0 326.0 423.0
