270.0 56.0 254.0 102.0
271.0 56.0 254.0 102.0
51.0 305.0 46.0 319.0
242.0 507.0 239.0 517.0
428.0 83.0 422.0 96.0
368.0 528.0 365.0 540.0
270.0 57.0 254.0 102.0
270.0 58.0 254.0 102.0
67.0 317.0 62.0 328.0
51.0 304.0 46.0 318.0
421.0 101.0 415.0 112.0
428.0 84.0 422.0 96.0
243.0 506.0 240.0 518.0
111.0 115.0 107.0 129.0
427.0 84.0 422.0 96.0
243.0 507.0 240.0 518.0
242.0 506.0 239.0 517.0
66.0 317.0 62.0 329.0
160.0 365.0 160.0 365.0
243.0 508.0 240.0 518.0
421.0 102.0 415.0 112.0
110.0 116.0 107.0 129.0
111.0 116.0 107.0 129.0
271.0 233.0 267.0 242.0
179.0 252.0 175.0 262.0
272.0 233.0 267.0 243.0
428.0 85.0 422.0 96.0
16.0 215.0 12.0 228.0
369.0 528.0 366.0 539.0
233.0 248.0 228.0 257.0
307.0 442.0 304.0 451.0
92.0 544.0 86.0 560.0
298.0 165.0 293.0 174.0
279.0 335.0 275.0 345.0
175.0 325.0 176.0 320.0
419.0 101.0 413.0 111.0
166.0 350.0 154.0 382.0
379.0 520.0 376.0 530.0
420.0 101.0 413.0 111.0
242.0 508.0 239.0 517.0
448.0 515.0 445.0 524.0
182.0 304.0 176.0 320.0
427.0 85.0 422.0 96.0
93.0 544.0 86.0 560.0
447.0 515.0 445.0 524.0
166.0 349.0 154.0 382.0
371.0 374.0 368.0 383.0
166.0 348.0 154.0 382.0
307.0 441.0 304.0 451.0
37.0 207.0 33.0 219.0
162.0 245.0 158.0 257.0
380.0 520.0 377.0 530.0
270.0 233.0 267.0 242.0
369.0 529.0 366.0 539.0
358.0 550.0 356.0 560.0
271.0 234.0 266.0 244.0
333.0 67.0 329.0 78.0
233.0 247.0 228.0 257.0
308.0 441.0 305.0 451.0
397.0 480.0 394.0 492.0
365.0 274.0 359.0 284.0
372.0 373.0 368.0 383.0
371.0 372.0 368.0 383.0
182.0 305.0 176.0 320.0
380.0 519.0 377.0 530.0
182.0 306.0 176.0 320.0
175.0 326.0 176.0 320.0
174.0 327.0 176.0 320.0
279.0 334.0 275.0 345.0
232.0 249.0 228.0 257.0
271.0 232.0 267.0 242.0
135.0 433.0 130.0 445.0
297.0 165.0 293.0 174.0
178.0 252.0 175.0 262.0
174.0 328.0 176.0 320.0
298.0 164.0 293.0 174.0
69.0 539.0 64.0 554.0
446.0 515.0 445.0 524.0
384.0 311.0 380.0 321.0
134.0 434.0 130.0 445.0
358.0 551.0 356.0 560.0
93.0 545.0 86.0 560.0
372.0 374.0 368.0 383.0
270.0 235.0 266.0 244.0
419.0 102.0 413.0 111.0
53.0 537.0 47.0 552.0
53.0 538.0 47.0 552.0
92.0 543.0 86.0 560.0
31.0 532.0 25.0 546.0
306.0 144.0 302.0 155.0
460.0 525.0 458.0 534.0
175.0 327.0 176.0 320.0
161.0 246.0 157.0 257.0
272.0 232.0 267.0 242.0
179.0 251.0 175.0 262.0
359.0 548.0 355.0 560.0
232.0 248.0 228.0 257.0
328.0 467.0 325.0 480.0
334.0 69.0 329.0 80.0
17.0 215.0 12.0 228.0
420.0 102.0 413.0 111.0
308.0 442.0 305.0 451.0
333.0 69.0 329.0 80.0
174.0 326.0 176.0 320.0
307.0 443.0 305.0 451.0
270.0 232.0 265.0 243.0
364.0 274.0 359.0 284.0
93.0 543.0 86.0 560.0
69.0 538.0 64.0 554.0
94.0 544.0 86.0 560.0
53.0 536.0 47.0 552.0
359.0 549.0 356.0 560.0
334.0 67.0 329.0 79.0
372.0 372.0 368.0 383.0
161.0 245.0 158.0 257.0
470.0 355.0 466.0 363.0
471.0 356.0 467.0 363.0
358.0 549.0 355.0 560.0
448.0 516.0 445.0 524.0
371.0 373.0 368.0 383.0
447.0 335.0 443.0 343.0
461.0 525.0 458.0 534.0
445.0 336.0 442.0 345.0
193.0 157.0 188.0 168.0
70.0 538.0 64.0 554.0
417.0 527.0 414.0 537.0
278.0 335.0 274.0 345.0
445.0 212.0 441.0 219.0
447.0 336.0 443.0 343.0
17.0 216.0 12.0 228.0
470.0 354.0 466.0 363.0
299.0 164.0 293.0 175.0
447.0 516.0 445.0 524.0
278.0 336.0 275.0 345.0
231.0 248.0 228.0 257.0
367.0 456.0 364.0 466.0
446.0 516.0 445.0 524.0
334.0 68.0 329.0 80.0
197.0 257.0 193.0 270.0
329.0 467.0 325.0 480.0
396.0 480.0 394.0 492.0
341.0 384.0 337.0 394.0
278.0 334.0 274.0 345.0
139.0 129.0 134.0 142.0
70.0 539.0 64.0 554.0
358.0 548.0 355.0 560.0
446.0 210.0 441.0 218.0
174.0 148.0 170.0 160.0
364.0 273.0 358.0 283.0
445.0 210.0 441.0 218.0
420.0 103.0 415.0 112.0
470.0 356.0 466.0 363.0
363.0 274.0 358.0 284.0
178.0 251.0 175.0 262.0
270.0 234.0 266.0 244.0
329.0 466.0 325.0 478.0
333.0 68.0 329.0 80.0
138.0 129.0 134.0 142.0
196.0 257.0 192.0 269.0
328.0 469.0 325.0 480.0
299.0 165.0 293.0 175.0
30.0 533.0 25.0 546.0
384.0 312.0 380.0 321.0
447.0 334.0 443.0 343.0
329.0 468.0 326.0 479.0
308.0 443.0 305.0 452.0
328.0 466.0 325.0 477.0
232.0 247.0 228.0 257.0
446.0 334.0 442.0 345.0
328.0 468.0 325.0 480.0
363.0 275.0 358.0 284.0
396.0 481.0 394.0 492.0
31.0 533.0 25.0 546.0
32.0 54.0 30.0 70.0
193.0 156.0 189.0 168.0
273.0 527.0 270.0 541.0
332.0 68.0 328.0 80.0
89.0 560.0 82.0 577.0
416.0 527.0 413.0 537.0
324.0 259.0 320.0 270.0
197.0 258.0 193.0 270.0
445.0 211.0 441.0 218.0
398.0 480.0 394.0 492.0
277.0 334.0 274.0 345.0
144.0 240.0 140.0 253.0
386.0 362.0 382.0 370.0
446.0 336.0 442.0 345.0
445.0 334.0 442.0 343.0
387.0 362.0 383.0 370.0
166.0 144.0 170.0 160.0
72.0 73.0 81.0 91.0
373.0 373.0 368.0 383.0
277.0 335.0 274.0 345.0
364.0 275.0 359.0 284.0
445.0 335.0 442.0 343.0
275.0 437.0 270.0 449.0
471.0 354.0 466.0 363.0
353.0 364.0 349.0 372.0
397.0 481.0 394.0 492.0
245.0 212.0 242.0 224.0
227.0 171.0 223.0 180.0
246.0 212.0 242.0 224.0
446.0 335.0 442.0 343.0
471.0 355.0 466.0 363.0
352.0 363.0 349.0 372.0
307.0 140.0 301.0 152.0
295.0 473.0 292.0 482.0
228.0 170.0 223.0 180.0
83.0 519.0 79.0 532.0
417.0 526.0 414.0 537.0
317.0 580.0 314.0 593.0
323.0 260.0 319.0 270.0
352.0 364.0 349.0 372.0
352.0 330.0 347.0 339.0
353.0 363.0 349.0 372.0
317.0 579.0 314.0 593.0
386.0 361.0 383.0 370.0
273.0 528.0 269.0 540.0
18.0 215.0 12.0 228.0
246.0 211.0 242.0 224.0
228.0 171.0 223.0 180.0
138.0 128.0 134.0 142.0
446.0 211.0 441.0 219.0
444.0 335.0 441.0 344.0
324.0 260.0 319.0 270.0
246.0 213.0 242.0 224.0
398.0 481.0 394.0 492.0
316.0 579.0 314.0 593.0
227.0 170.0 223.0 180.0
387.0 361.0 383.0 370.0
277.0 336.0 274.0 345.0
440.0 314.0 435.0 324.0
416.0 526.0 413.0 537.0
89.0 504.0 83.0 517.0
165.0 144.0 170.0 160.0
367.0 454.0 364.0 466.0
427.0 259.0 421.0 269.0
307.0 139.0 301.0 152.0
402.0 302.0 398.0 312.0
182.0 124.0 178.0 135.0
316.0 580.0 314.0 593.0
143.0 240.0 140.0 253.0
70.0 311.0 62.0 328.0
69.0 310.0 62.0 328.0
471.0 353.0 466.0 363.0
403.0 303.0 398.0 312.0
426.0 260.0 421.0 269.0
402.0 303.0 398.0 312.0
316.0 581.0 314.0 593.0
68.0 310.0 62.0 328.0
427.0 260.0 421.0 269.0
296.0 472.0 292.0 481.0
82.0 76.0 81.0 91.0
196.0 258.0 193.0 270.0
355.0 401.0 352.0 409.0
341.0 383.0 337.0 394.0
247.0 212.0 242.0 224.0
90.0 503.0 83.0 517.0
243.0 223.0 239.0 233.0
182.0 123.0 178.0 135.0
397.0 482.0 394.0 492.0
367.0 455.0 364.0 466.0
367.0 453.0 364.0 466.0
323.0 259.0 319.0 270.0
441.0 313.0 435.0 324.0
83.0 76.0 81.0 91.0
318.0 579.0 314.0 593.0
402.0 304.0 398.0 312.0
309.0 403.0 306.0 414.0
308.0 463.0 306.0 472.0
123.0 458.0 118.0 471.0
295.0 472.0 292.0 481.0
242.0 222.0 238.0 233.0
440.0 313.0 435.0 324.0
83.0 77.0 81.0 91.0
354.0 402.0 350.0 410.0
83.0 75.0 81.0 91.0
317.0 578.0 314.0 593.0
447.0 210.0 441.0 218.0
84.0 76.0 81.0 91.0
446.0 212.0 441.0 219.0
241.0 223.0 238.0 233.0
296.0 471.0 292.0 481.0
366.0 454.0 364.0 466.0
352.0 362.0 349.0 372.0
70.0 310.0 62.0 328.0
475.0 536.0 473.0 544.0
242.0 223.0 238.0 233.0
308.0 403.0 306.0 414.0
308.0 404.0 306.0 414.0
69.0 311.0 62.0 328.0
403.0 301.0 398.0 312.0
398.0 482.0 394.0 492.0
309.0 404.0 306.0 414.0
426.0 259.0 421.0 269.0
299.0 619.0 297.0 629.0
361.0 308.0 356.0 318.0
308.0 465.0 305.0 473.0
117.0 232.0 121.0 248.0
309.0 405.0 306.0 414.0
107.0 230.0 103.0 242.0
308.0 464.0 305.0 473.0
309.0 463.0 306.0 472.0
143.0 241.0 140.0 253.0
475.0 535.0 473.0 544.0
402.0 589.0 399.0 599.0
401.0 590.0 399.0 599.0
387.0 360.0 383.0 370.0
89.0 503.0 83.0 517.0
366.0 455.0 364.0 466.0
318.0 581.0 314.0 593.0
380.0 350.0 375.0 359.0
108.0 230.0 103.0 242.0
102.0 95.0 88.0 104.0
401.0 589.0 399.0 599.0
290.0 483.0 286.0 495.0
437.0 109.0 432.0 118.0
317.0 582.0 314.0 593.0
102.0 93.0 88.0 104.0
386.0 360.0 382.0 370.0
316.0 582.0 314.0 593.0
361.0 307.0 356.0 318.0
426.0 258.0 421.0 269.0
101.0 93.0 88.0 104.0
403.0 302.0 398.0 312.0
308.0 405.0 306.0 414.0
295.0 471.0 292.0 481.0
318.0 580.0 314.0 593.0
108.0 231.0 103.0 242.0
360.0 306.0 355.0 317.0
200.0 160.0 189.0 168.0
379.0 351.0 375.0 359.0
447.0 211.0 441.0 219.0
379.0 350.0 375.0 359.0
309.0 464.0 306.0 473.0
88.0 504.0 83.0 517.0
317.0 581.0 314.0 593.0
356.0 401.0 352.0 409.0
101.0 94.0 88.0 104.0
360.0 309.0 356.0 318.0
360.0 307.0 355.0 317.0
69.0 309.0 62.0 328.0
102.0 94.0 88.0 104.0
400.0 589.0 399.0 599.0
107.0 231.0 103.0 242.0
378.0 350.0 375.0 359.0
7.0 288.0 3.0 303.0
6.0 288.0 3.0 303.0
289.0 483.0 286.0 495.0
289.0 484.0 286.0 495.0
186.0 254.0 175.0 262.0
365.0 345.0 361.0 354.0
170.0 248.0 166.0 260.0
307.0 404.0 306.0 414.0
259.0 545.0 255.0 560.0
6.0 289.0 3.0 303.0
360.0 308.0 356.0 318.0
401.0 588.0 399.0 599.0
359.0 308.0 355.0 317.0
290.0 484.0 286.0 495.0
7.0 289.0 3.0 303.0
170.0 249.0 166.0 260.0
282.0 461.0 278.0 473.0
400.0 588.0 399.0 599.0
424.0 587.0 422.0 596.0
309.0 465.0 306.0 474.0
201.0 160.0 189.0 168.0
282.0 462.0 278.0 473.0
281.0 462.0 278.0 473.0
364.0 345.0 361.0 354.0
282.0 463.0 278.0 473.0
295.0 533.0 290.0 542.0
202.0 160.0 189.0 168.0
289.0 485.0 285.0 496.0
294.0 534.0 290.0 542.0
187.0 254.0 175.0 262.0
12.0 45.0 10.0 62.0
148.0 135.0 170.0 159.0
424.0 586.0 422.0 596.0
295.0 534.0 290.0 542.0
424.0 585.0 422.0 596.0
329.0 596.0 325.0 610.0
328.0 596.0 325.0 610.0
147.0 135.0 170.0 159.0
329.0 597.0 325.0 610.0
444.0 146.0 449.0 143.0
307.0 486.0 302.0 497.0
328.0 597.0 325.0 610.0
452.0 563.0 450.0 582.0
306.0 487.0 302.0 497.0
306.0 488.0 302.0 497.0
52.0 74.0 88.0 104.0
51.0 73.0 88.0 104.0
52.0 73.0 88.0 104.0
225.0 606.0 232.0 620.0
307.0 488.0 302.0 497.0
51.0 74.0 88.0 104.0
307.0 487.0 302.0 497.0
306.0 486.0 302.0 497.0
451.0 563.0 450.0 582.0
225.0 605.0 232.0 620.0
451.0 562.0 450.0 582.0
31.0 65.0 88.0 104.0
11.0 55.0 10.0 62.0
452.0 562.0 450.0 582.0
322.0 410.0 325.0 412.0
79.0 223.0 121.0 248.0
80.0 222.0 121.0 248.0
288.0 437.0 272.0 449.0
122.0 92.0 81.0 91.0
288.0 438.0 272.0 449.0
80.0 223.0 139.0 253.0
322.0 411.0 325.0 412.0
116.0 480.0 118.0 471.0
117.0 480.0 118.0 471.0
123.0 93.0 81.0 91.0
122.0 93.0 81.0 91.0
35.0 298.0 46.0 318.0
129.0 108.0 88.0 104.0
34.0 298.0 46.0 318.0
131.0 108.0 88.0 104.0
130.0 107.0 88.0 104.0
230.0 522.0 238.0 518.0
115.0 480.0 118.0 471.0
130.0 108.0 88.0 104.0
230.0 523.0 238.0 518.0
