293.0 166.0 293.0 170.0
453.0 514.0 451.0 517.0
367.0 321.0 367.0 323.0
474.0 245.0 474.0 250.0
473.0 245.0 474.0 250.0
36.0 163.0 35.0 164.0
474.0 244.0 474.0 250.0
397.0 225.0 396.0 229.0
454.0 514.0 451.0 517.0
473.0 244.0 474.0 250.0
37.0 163.0 36.0 165.0
432.0 290.0 432.0 295.0
367.0 320.0 367.0 323.0
293.0 167.0 293.0 170.0
397.0 224.0 396.0 229.0
367.0 364.0 366.0 367.0
396.0 226.0 396.0 229.0
415.0 381.0 414.0 386.0
432.0 292.0 431.0 295.0
396.0 224.0 396.0 229.0
432.0 291.0 432.0 295.0
396.0 225.0 396.0 229.0
318.0 240.0 316.0 242.0
316.0 239.0 316.0 242.0
292.0 167.0 292.0 170.0
412.0 621.0 410.0 624.0
323.0 525.0 320.0 526.0
317.0 240.0 315.0 242.0
368.0 363.0 366.0 367.0
356.0 402.0 356.0 405.0
293.0 168.0 293.0 170.0
357.0 402.0 356.0 405.0
36.0 162.0 35.0 164.0
358.0 402.0 356.0 404.0
395.0 224.0 395.0 228.0
413.0 621.0 410.0 624.0
316.0 240.0 315.0 242.0
414.0 621.0 411.0 624.0
459.0 256.0 459.0 261.0
292.0 166.0 292.0 170.0
357.0 403.0 356.0 405.0
454.0 513.0 451.0 517.0
401.0 308.0 401.0 313.0
412.0 620.0 410.0 624.0
338.0 378.0 336.0 381.0
357.0 339.0 355.0 341.0
317.0 239.0 316.0 242.0
37.0 162.0 36.0 164.0
414.0 620.0 410.0 624.0
453.0 513.0 451.0 517.0
152.0 418.0 148.0 420.0
367.0 363.0 366.0 367.0
395.0 225.0 395.0 229.0
323.0 461.0 321.0 464.0
413.0 620.0 410.0 624.0
331.0 542.0 326.0 545.0
459.0 257.0 459.0 261.0
358.0 403.0 356.0 405.0
270.0 533.0 267.0 535.0
301.0 375.0 300.0 379.0
402.0 308.0 401.0 313.0
337.0 379.0 336.0 381.0
454.0 12.0 455.0 16.0
403.0 308.0 401.0 313.0
380.0 300.0 379.0 303.0
395.0 349.0 394.0 352.0
315.0 206.0 315.0 208.0
337.0 339.0 336.0 344.0
346.0 325.0 345.0 328.0
380.0 301.0 379.0 304.0
336.0 399.0 334.0 401.0
368.0 364.0 366.0 367.0
460.0 258.0 459.0 261.0
316.0 207.0 316.0 209.0
267.0 148.0 267.0 150.0
431.0 291.0 431.0 295.0
302.0 375.0 300.0 379.0
431.0 290.0 432.0 295.0
433.0 234.0 433.0 238.0
468.0 335.0 468.0 340.0
394.0 349.0 393.0 352.0
357.0 401.0 356.0 404.0
392.0 206.0 392.0 209.0
346.0 508.0 343.0 511.0
305.0 265.0 305.0 267.0
330.0 542.0 326.0 545.0
302.0 494.0 300.0 496.0
382.0 336.0 381.0 339.0
393.0 205.0 393.0 209.0
133.0 481.0 128.0 484.0
303.0 376.0 300.0 379.0
331.0 65.0 332.0 69.0
331.0 543.0 328.0 546.0
270.0 534.0 267.0 535.0
394.0 348.0 393.0 352.0
305.0 264.0 305.0 267.0
267.0 147.0 267.0 150.0
397.0 459.0 396.0 462.0
383.0 336.0 382.0 339.0
323.0 524.0 320.0 526.0
460.0 257.0 459.0 261.0
152.0 417.0 148.0 420.0
259.0 175.0 258.0 177.0
433.0 235.0 433.0 238.0
336.0 340.0 336.0 344.0
268.0 147.0 267.0 150.0
219.0 198.0 218.0 202.0
324.0 321.0 325.0 320.0
302.0 495.0 300.0 496.0
397.0 460.0 396.0 462.0
347.0 325.0 345.0 328.0
265.0 482.0 262.0 485.0
469.0 336.0 468.0 340.0
323.0 462.0 321.0 464.0
132.0 482.0 128.0 485.0
395.0 348.0 393.0 352.0
304.0 265.0 304.0 267.0
304.0 264.0 304.0 266.0
391.0 205.0 392.0 209.0
454.0 11.0 455.0 16.0
336.0 397.0 334.0 399.0
392.0 205.0 392.0 209.0
330.0 67.0 331.0 69.0
289.0 478.0 287.0 480.0
314.0 206.0 315.0 208.0
417.0 460.0 415.0 463.0
219.0 200.0 217.0 203.0
330.0 543.0 326.0 545.0
331.0 66.0 332.0 69.0
394.0 389.0 394.0 394.0
337.0 378.0 336.0 381.0
220.0 200.0 219.0 202.0
337.0 399.0 335.0 400.0
330.0 65.0 331.0 69.0
330.0 66.0 331.0 69.0
337.0 340.0 336.0 344.0
132.0 481.0 128.0 484.0
300.0 376.0 300.0 379.0
469.0 335.0 468.0 340.0
358.0 525.0 356.0 528.0
336.0 398.0 334.0 400.0
133.0 482.0 129.0 485.0
329.0 543.0 326.0 545.0
303.0 495.0 301.0 496.0
315.0 207.0 316.0 209.0
268.0 148.0 267.0 150.0
219.0 199.0 218.0 202.0
453.0 12.0 455.0 16.0
218.0 199.0 218.0 202.0
381.0 336.0 381.0 339.0
381.0 300.0 380.0 303.0
396.0 568.0 393.0 571.0
58.0 152.0 53.0 154.0
359.0 525.0 356.0 528.0
336.0 378.0 336.0 381.0
417.0 459.0 415.0 463.0
414.0 516.0 412.0 519.0
291.0 418.0 290.0 420.0
304.0 494.0 301.0 496.0
329.0 66.0 331.0 69.0
416.0 460.0 415.0 463.0
249.0 633.0 244.0 636.0
346.0 326.0 345.0 328.0
218.0 200.0 217.0 203.0
153.0 417.0 148.0 420.0
22.0 214.0 19.0 215.0
249.0 632.0 244.0 636.0
314.0 207.0 314.0 209.0
402.0 307.0 401.0 313.0
345.0 509.0 343.0 511.0
21.0 213.0 18.0 215.0
357.0 525.0 356.0 528.0
301.0 376.0 300.0 379.0
395.0 388.0 394.0 394.0
134.0 481.0 128.0 484.0
388.0 243.0 389.0 245.0
302.0 376.0 300.0 379.0
337.0 397.0 335.0 400.0
389.0 244.0 388.0 247.0
415.0 516.0 412.0 519.0
302.0 493.0 300.0 496.0
395.0 389.0 394.0 394.0
395.0 390.0 394.0 394.0
384.0 336.0 382.0 339.0
57.0 152.0 53.0 154.0
359.0 524.0 356.0 528.0
244.0 596.0 241.0 597.0
395.0 352.0 394.0 352.0
415.0 297.0 415.0 300.0
303.0 494.0 301.0 496.0
250.0 633.0 244.0 636.0
248.0 102.0 248.0 104.0
29.0 462.0 24.0 465.0
302.0 377.0 300.0 379.0
446.0 457.0 444.0 461.0
269.0 532.0 266.0 535.0
388.0 242.0 389.0 245.0
139.0 614.0 132.0 617.0
389.0 554.0 386.0 557.0
358.0 524.0 356.0 528.0
453.0 11.0 455.0 16.0
389.0 242.0 389.0 245.0
389.0 243.0 389.0 245.0
244.0 576.0 241.0 579.0
387.0 243.0 389.0 245.0
255.0 184.0 255.0 187.0
322.0 89.0 322.0 93.0
426.0 413.0 424.0 417.0
289.0 477.0 287.0 480.0
292.0 418.0 290.0 420.0
289.0 476.0 287.0 479.0
427.0 413.0 425.0 417.0
337.0 398.0 335.0 400.0
28.0 462.0 24.0 465.0
347.0 326.0 345.0 328.0
403.0 307.0 401.0 312.0
247.0 102.0 248.0 104.0
265.0 157.0 264.0 160.0
407.0 450.0 406.0 453.0
407.0 449.0 406.0 453.0
269.0 534.0 267.0 535.0
220.0 199.0 219.0 202.0
290.0 477.0 288.0 480.0
426.0 414.0 425.0 417.0
291.0 419.0 290.0 420.0
245.0 594.0 241.0 596.0
347.0 509.0 345.0 512.0
139.0 615.0 132.0 617.0
336.0 379.0 336.0 381.0
303.0 460.0 301.0 462.0
321.0 89.0 322.0 93.0
29.0 461.0 23.0 464.0
416.0 459.0 415.0 462.0
27.0 333.0 23.0 336.0
346.0 510.0 343.0 512.0
138.0 614.0 132.0 617.0
254.0 184.0 254.0 186.0
247.0 101.0 248.0 104.0
303.0 493.0 301.0 496.0
346.0 509.0 343.0 511.0
426.0 412.0 424.0 417.0
427.0 414.0 425.0 417.0
415.0 295.0 415.0 300.0
255.0 183.0 255.0 187.0
264.0 157.0 264.0 160.0
290.0 478.0 287.0 480.0
402.0 265.0 402.0 269.0
269.0 533.0 266.0 535.0
87.0 623.0 83.0 624.0
245.0 595.0 241.0 596.0
258.0 175.0 258.0 177.0
22.0 213.0 18.0 215.0
265.0 156.0 264.0 160.0
416.0 297.0 415.0 300.0
475.0 494.0 473.0 498.0
42.0 494.0 36.0 495.0
28.0 461.0 24.0 465.0
389.0 553.0 386.0 557.0
390.0 554.0 386.0 557.0
401.0 498.0 399.0 499.0
396.0 388.0 394.0 393.0
92.0 19.0 82.0 17.0
246.0 101.0 248.0 104.0
396.0 389.0 394.0 393.0
476.0 494.0 473.0 498.0
395.0 567.0 393.0 571.0
248.0 101.0 248.0 104.0
379.0 265.0 380.0 268.0
272.0 441.0 270.0 444.0
390.0 553.0 386.0 557.0
30.0 461.0 23.0 464.0
290.0 476.0 288.0 480.0
445.0 457.0 444.0 461.0
41.0 494.0 36.0 495.0
425.0 413.0 423.0 417.0
28.0 460.0 23.0 464.0
23.0 212.0 19.0 215.0
416.0 296.0 415.0 300.0
322.0 90.0 323.0 93.0
446.0 458.0 444.0 461.0
244.0 595.0 241.0 597.0
22.0 212.0 19.0 215.0
401.0 499.0 399.0 499.0
23.0 213.0 19.0 215.0
256.0 183.0 256.0 186.0
318.0 419.0 316.0 421.0
229.0 272.0 228.0 274.0
272.0 440.0 270.0 444.0
274.0 440.0 271.0 444.0
245.0 576.0 242.0 579.0
28.0 333.0 23.0 336.0
447.0 457.0 444.0 461.0
415.0 296.0 415.0 300.0
10.0 421.0 4.0 423.0
27.0 332.0 23.0 336.0
302.0 461.0 301.0 463.0
321.0 90.0 322.0 93.0
245.0 575.0 242.0 579.0
245.0 577.0 242.0 579.0
264.0 156.0 264.0 160.0
472.0 21.0 474.0 27.0
318.0 418.0 316.0 421.0
408.0 449.0 406.0 453.0
245.0 596.0 241.0 597.0
230.0 273.0 228.0 274.0
425.0 414.0 423.0 417.0
256.0 184.0 256.0 186.0
393.0 280.0 392.0 283.0
426.0 108.0 427.0 112.0
387.0 479.0 386.0 481.0
395.0 568.0 392.0 572.0
273.0 441.0 270.0 444.0
42.0 495.0 36.0 495.0
29.0 460.0 23.0 464.0
401.0 500.0 399.0 499.0
229.0 271.0 228.0 274.0
247.0 100.0 248.0 104.0
389.0 478.0 386.0 481.0
388.0 478.0 386.0 481.0
248.0 100.0 248.0 103.0
392.0 280.0 392.0 283.0
231.0 272.0 229.0 274.0
400.0 499.0 399.0 499.0
458.0 186.0 459.0 192.0
400.0 498.0 399.0 499.0
121.0 456.0 118.0 457.0
273.0 440.0 270.0 444.0
379.0 264.0 380.0 268.0
28.0 332.0 23.0 336.0
230.0 271.0 228.0 274.0
320.0 89.0 322.0 93.0
174.0 601.0 170.0 604.0
189.0 561.0 186.0 563.0
393.0 281.0 392.0 283.0
476.0 493.0 473.0 498.0
388.0 479.0 386.0 481.0
385.0 336.0 382.0 339.0
189.0 560.0 186.0 563.0
48.0 251.0 47.0 251.0
230.0 272.0 228.0 274.0
475.0 493.0 473.0 498.0
472.0 23.0 474.0 27.0
473.0 22.0 474.0 27.0
174.0 600.0 170.0 604.0
304.0 461.0 301.0 463.0
315.0 437.0 313.0 439.0
338.0 469.0 334.0 472.0
472.0 22.0 474.0 27.0
70.0 11.0 82.0 17.0
473.0 23.0 474.0 27.0
294.0 356.0 294.0 355.0
304.0 460.0 301.0 462.0
103.0 265.0 92.0 263.0
303.0 461.0 301.0 462.0
317.0 419.0 316.0 421.0
121.0 455.0 118.0 457.0
111.0 477.0 111.0 481.0
320.0 90.0 322.0 93.0
95.0 12.0 82.0 16.0
190.0 561.0 186.0 563.0
387.0 478.0 386.0 481.0
175.0 601.0 170.0 604.0
231.0 271.0 229.0 274.0
230.0 270.0 228.0 274.0
394.0 280.0 393.0 284.0
470.0 620.0 467.0 623.0
470.0 619.0 467.0 623.0
190.0 560.0 186.0 561.0
203.0 257.0 203.0 257.0
388.0 477.0 386.0 481.0
254.0 527.0 249.0 530.0
310.0 398.0 308.0 401.0
10.0 422.0 4.0 423.0
160.0 470.0 157.0 472.0
190.0 559.0 186.0 561.0
256.0 465.0 255.0 467.0
316.0 418.0 315.0 421.0
122.0 455.0 118.0 457.0
223.0 566.0 219.0 568.0
257.0 466.0 255.0 467.0
175.0 600.0 170.0 604.0
317.0 418.0 315.0 421.0
122.0 456.0 118.0 457.0
224.0 567.0 219.0 568.0
94.0 12.0 82.0 16.0
181.0 616.0 178.0 618.0
191.0 560.0 186.0 561.0
317.0 417.0 315.0 421.0
176.0 600.0 170.0 604.0
19.0 491.0 15.0 492.0
75.0 471.0 53.0 471.0
93.0 12.0 82.0 16.0
111.0 476.0 111.0 481.0
20.0 491.0 15.0 492.0
74.0 470.0 53.0 471.0
74.0 471.0 53.0 471.0
256.0 466.0 255.0 467.0
175.0 599.0 170.0 604.0
471.0 619.0 467.0 623.0
182.0 617.0 178.0 618.0
19.0 492.0 15.0 492.0
223.0 567.0 219.0 568.0
160.0 469.0 157.0 472.0
181.0 617.0 178.0 618.0
161.0 470.0 157.0 472.0
182.0 616.0 178.0 618.0
75.0 470.0 53.0 471.0
407.0 515.0 411.0 519.0
75.0 472.0 53.0 471.0
161.0 469.0 157.0 472.0
138.0 201.0 131.0 195.0
182.0 615.0 178.0 618.0
129.0 622.0 132.0 617.0
110.0 476.0 111.0 481.0
76.0 470.0 53.0 471.0
76.0 471.0 53.0 471.0
225.0 567.0 219.0 568.0
191.0 190.0 190.0 193.0
68.0 364.0 46.0 363.0
76.0 472.0 53.0 471.0
420.0 123.0 428.0 113.0
114.0 20.0 82.0 16.0
25.0 238.0 38.0 248.0
421.0 124.0 428.0 113.0
115.0 20.0 82.0 16.0
443.0 398.0 441.0 384.0
421.0 123.0 428.0 113.0
442.0 398.0 441.0 384.0
115.0 19.0 82.0 16.0
140.0 447.0 134.0 460.0
41.0 156.0 36.0 164.0
466.0 534.0 474.0 531.0
466.0 535.0 474.0 531.0
465.0 535.0 474.0 531.0
6.0 233.0 19.0 243.0
358.0 360.0 365.0 367.0
139.0 447.0 133.0 460.0
463.0 162.0 459.0 190.0
412.0 604.0 410.0 624.0
453.0 446.0 444.0 460.0
412.0 603.0 410.0 624.0
192.0 296.0 203.0 257.0
453.0 445.0 444.0 460.0
32.0 561.0 11.0 551.0
345.0 311.0 345.0 328.0
410.0 577.0 417.0 587.0
