310.0 491.0 297.0 495.0
374.0 565.0 359.0 570.0
79.0 57.0 70.0 58.0
310.0 490.0 297.0 495.0
379.0 213.0 367.0 218.0
80.0 57.0 70.0 58.0
3.0 53.0 7.0 53.0
294.0 568.0 279.0 572.0
4.0 53.0 7.0 53.0
2.0 53.0 7.0 53.0
3.0 52.0 7.0 53.0
371.0 393.0 358.0 397.0
393.0 560.0 378.0 563.0
374.0 566.0 360.0 570.0
294.0 567.0 279.0 571.0
416.0 320.0 403.0 325.0
307.0 527.0 292.0 531.0
375.0 566.0 360.0 571.0
373.0 566.0 360.0 570.0
401.0 355.0 387.0 359.0
228.0 187.0 217.0 189.0
307.0 528.0 292.0 532.0
425.0 254.0 412.0 258.0
379.0 214.0 367.0 218.0
409.0 427.0 394.0 431.0
365.0 283.0 353.0 286.0
373.0 565.0 358.0 570.0
374.0 567.0 360.0 570.0
393.0 559.0 378.0 563.0
308.0 529.0 293.0 532.0
380.0 213.0 367.0 218.0
373.0 567.0 360.0 570.0
366.0 282.0 353.0 286.0
292.0 567.0 277.0 572.0
397.0 314.0 384.0 318.0
400.0 355.0 386.0 360.0
228.0 164.0 218.0 164.0
409.0 426.0 394.0 431.0
424.0 254.0 412.0 258.0
372.0 566.0 358.0 571.0
416.0 319.0 403.0 325.0
293.0 567.0 278.0 571.0
408.0 427.0 394.0 431.0
415.0 319.0 402.0 323.0
309.0 490.0 297.0 495.0
414.0 320.0 401.0 325.0
293.0 568.0 278.0 571.0
392.0 559.0 378.0 563.0
398.0 314.0 385.0 317.0
201.0 269.0 187.0 272.0
415.0 318.0 402.0 323.0
372.0 567.0 358.0 571.0
307.0 529.0 292.0 532.0
401.0 356.0 387.0 360.0
365.0 282.0 353.0 286.0
372.0 374.0 359.0 378.0
29.0 54.0 29.0 56.0
414.0 319.0 401.0 325.0
393.0 558.0 378.0 563.0
12.0 314.0 10.0 315.0
30.0 54.0 29.0 56.0
11.0 314.0 10.0 315.0
408.0 426.0 394.0 431.0
192.0 218.0 180.0 220.0
392.0 558.0 378.0 563.0
229.0 164.0 218.0 164.0
80.0 56.0 70.0 58.0
31.0 54.0 29.0 56.0
371.0 394.0 358.0 397.0
367.0 282.0 354.0 285.0
392.0 560.0 378.0 563.0
227.0 187.0 217.0 190.0
200.0 269.0 187.0 272.0
399.0 355.0 386.0 360.0
380.0 214.0 367.0 218.0
391.0 559.0 378.0 563.0
227.0 188.0 217.0 190.0
29.0 53.0 29.0 56.0
366.0 283.0 353.0 286.0
30.0 53.0 29.0 56.0
228.0 186.0 217.0 189.0
191.0 217.0 179.0 220.0
228.0 163.0 218.0 164.0
31.0 53.0 29.0 56.0
19.0 453.0 18.0 456.0
391.0 560.0 377.0 564.0
9.0 454.0 8.0 457.0
283.0 521.0 268.0 524.0
395.0 394.0 381.0 398.0
199.0 269.0 187.0 272.0
400.0 356.0 386.0 360.0
427.0 619.0 411.0 622.0
229.0 163.0 218.0 164.0
10.0 454.0 9.0 457.0
292.0 568.0 278.0 571.0
10.0 455.0 9.0 457.0
282.0 521.0 267.0 526.0
73.0 313.0 59.0 315.0
228.0 162.0 218.0 164.0
410.0 427.0 395.0 431.0
229.0 162.0 218.0 164.0
396.0 395.0 381.0 398.0
415.0 320.0 403.0 325.0
8.0 454.0 8.0 457.0
380.0 324.0 366.0 330.0
190.0 218.0 179.0 220.0
283.0 520.0 268.0 524.0
191.0 219.0 180.0 221.0
381.0 325.0 366.0 330.0
227.0 186.0 216.0 189.0
380.0 325.0 366.0 330.0
84.0 598.0 57.0 604.0
199.0 268.0 187.0 272.0
199.0 270.0 187.0 272.0
415.0 321.0 401.0 325.0
200.0 268.0 187.0 272.0
283.0 519.0 268.0 524.0
85.0 598.0 57.0 604.0
428.0 332.0 414.0 336.0
85.0 597.0 57.0 604.0
365.0 255.0 353.0 259.0
294.0 418.0 281.0 421.0
381.0 324.0 366.0 330.0
20.0 453.0 18.0 456.0
427.0 618.0 411.0 622.0
366.0 281.0 353.0 286.0
30.0 52.0 29.0 56.0
409.0 425.0 395.0 429.0
410.0 426.0 395.0 431.0
418.0 80.0 407.0 86.0
20.0 452.0 18.0 456.0
84.0 597.0 57.0 604.0
396.0 394.0 381.0 398.0
406.0 70.0 394.0 76.0
282.0 520.0 267.0 526.0
12.0 313.0 10.0 315.0
226.0 187.0 216.0 189.0
395.0 395.0 381.0 398.0
166.0 195.0 156.0 197.0
300.0 545.0 285.0 550.0
200.0 270.0 187.0 272.0
397.0 394.0 383.0 398.0
397.0 395.0 383.0 398.0
379.0 324.0 366.0 330.0
225.0 339.0 212.0 341.0
191.0 218.0 179.0 220.0
399.0 356.0 386.0 360.0
394.0 395.0 381.0 398.0
377.0 38.0 366.0 44.0
284.0 520.0 268.0 524.0
404.0 266.0 392.0 271.0
11.0 313.0 10.0 315.0
364.0 256.0 353.0 259.0
9.0 455.0 9.0 457.0
371.0 374.0 359.0 378.0
167.0 196.0 156.0 197.0
224.0 339.0 212.0 341.0
302.0 514.0 286.0 520.0
225.0 337.0 212.0 341.0
376.0 37.0 366.0 43.0
364.0 255.0 353.0 259.0
166.0 219.0 154.0 221.0
225.0 338.0 212.0 341.0
378.0 38.0 366.0 44.0
299.0 545.0 284.0 551.0
377.0 39.0 366.0 44.0
417.0 80.0 406.0 87.0
284.0 519.0 268.0 524.0
229.0 212.0 219.0 214.0
224.0 340.0 212.0 341.0
377.0 37.0 366.0 44.0
191.0 195.0 179.0 198.0
379.0 325.0 366.0 330.0
347.0 194.0 336.0 199.0
418.0 57.0 408.0 63.0
229.0 211.0 219.0 214.0
166.0 218.0 154.0 221.0
394.0 394.0 381.0 398.0
454.0 244.0 441.0 249.0
295.0 417.0 282.0 420.0
412.0 405.0 396.0 409.0
166.0 196.0 156.0 197.0
226.0 186.0 216.0 189.0
230.0 212.0 219.0 214.0
364.0 254.0 353.0 259.0
283.0 366.0 270.0 370.0
168.0 217.0 155.0 220.0
230.0 213.0 219.0 214.0
96.0 596.0 79.0 601.0
295.0 419.0 281.0 421.0
223.0 338.0 211.0 341.0
453.0 244.0 441.0 249.0
168.0 218.0 155.0 221.0
346.0 194.0 336.0 199.0
365.0 254.0 353.0 259.0
295.0 418.0 281.0 421.0
8.0 455.0 8.0 457.0
376.0 39.0 366.0 44.0
303.0 515.0 286.0 520.0
190.0 195.0 179.0 198.0
168.0 219.0 155.0 221.0
302.0 515.0 286.0 520.0
223.0 339.0 211.0 341.0
192.0 147.0 181.0 150.0
229.0 213.0 219.0 214.0
376.0 38.0 366.0 44.0
167.0 195.0 156.0 197.0
224.0 337.0 212.0 341.0
441.0 19.0 430.0 27.0
223.0 337.0 212.0 341.0
128.0 168.0 116.0 170.0
127.0 167.0 116.0 170.0
227.0 212.0 218.0 214.0
189.0 196.0 178.0 198.0
224.0 338.0 212.0 341.0
191.0 196.0 179.0 198.0
190.0 196.0 178.0 198.0
25.0 245.0 13.0 246.0
193.0 148.0 181.0 150.0
167.0 217.0 155.0 221.0
378.0 325.0 366.0 330.0
356.0 36.0 347.0 42.0
167.0 218.0 155.0 221.0
442.0 19.0 430.0 27.0
345.0 194.0 335.0 199.0
192.0 148.0 181.0 150.0
167.0 219.0 154.0 221.0
399.0 43.0 387.0 48.0
127.0 168.0 116.0 170.0
440.0 19.0 430.0 27.0
229.0 214.0 218.0 215.0
412.0 404.0 397.0 409.0
297.0 418.0 283.0 421.0
230.0 234.0 219.0 236.0
303.0 514.0 286.0 520.0
441.0 18.0 430.0 27.0
300.0 544.0 285.0 550.0
228.0 213.0 219.0 214.0
346.0 195.0 336.0 199.0
417.0 57.0 408.0 63.0
416.0 57.0 407.0 63.0
49.0 604.0 43.0 606.0
442.0 18.0 430.0 27.0
231.0 233.0 219.0 236.0
228.0 211.0 218.0 214.0
297.0 417.0 283.0 421.0
296.0 419.0 282.0 421.0
428.0 557.0 413.0 561.0
230.0 232.0 219.0 235.0
193.0 149.0 181.0 150.0
419.0 120.0 407.0 125.0
229.0 233.0 218.0 235.0
126.0 168.0 116.0 170.0
454.0 243.0 441.0 249.0
413.0 404.0 397.0 409.0
453.0 243.0 441.0 249.0
127.0 169.0 116.0 170.0
428.0 556.0 413.0 561.0
228.0 212.0 218.0 214.0
296.0 418.0 282.0 420.0
231.0 234.0 219.0 236.0
126.0 167.0 115.0 170.0
231.0 232.0 219.0 235.0
440.0 20.0 430.0 27.0
417.0 56.0 408.0 63.0
399.0 42.0 387.0 48.0
192.0 149.0 181.0 151.0
298.0 418.0 283.0 421.0
230.0 233.0 219.0 235.0
126.0 169.0 116.0 170.0
441.0 20.0 430.0 27.0
125.0 168.0 115.0 170.0
111.0 58.0 91.0 59.0
419.0 119.0 407.0 125.0
454.0 242.0 441.0 249.0
68.0 247.0 55.0 248.0
298.0 417.0 283.0 421.0
449.0 482.0 435.0 486.0
296.0 417.0 282.0 420.0
455.0 243.0 441.0 249.0
357.0 35.0 347.0 42.0
433.0 124.0 420.0 132.0
416.0 56.0 402.0 62.0
345.0 195.0 336.0 199.0
69.0 246.0 55.0 248.0
68.0 246.0 55.0 248.0
453.0 242.0 441.0 249.0
416.0 140.0 404.0 145.0
450.0 482.0 435.0 486.0
398.0 43.0 387.0 48.0
390.0 27.0 379.0 32.0
450.0 481.0 435.0 485.0
451.0 481.0 436.0 486.0
69.0 247.0 55.0 248.0
413.0 403.0 397.0 409.0
35.0 181.0 42.0 183.0
416.0 141.0 404.0 145.0
366.0 146.0 353.0 153.0
365.0 145.0 353.0 151.0
70.0 246.0 55.0 248.0
365.0 149.0 353.0 152.0
416.0 139.0 403.0 145.0
455.0 496.0 440.0 501.0
70.0 247.0 55.0 248.0
389.0 26.0 379.0 32.0
27.0 515.0 21.0 518.0
26.0 515.0 21.0 518.0
33.0 514.0 21.0 518.0
458.0 287.0 445.0 286.0
449.0 481.0 435.0 485.0
366.0 147.0 353.0 152.0
433.0 125.0 420.0 132.0
465.0 255.0 451.0 261.0
415.0 139.0 402.0 145.0
434.0 125.0 421.0 131.0
389.0 25.0 379.0 32.0
415.0 140.0 403.0 145.0
391.0 175.0 380.0 179.0
33.0 603.0 42.0 606.0
390.0 25.0 379.0 32.0
392.0 175.0 380.0 179.0
365.0 148.0 353.0 152.0
390.0 26.0 379.0 32.0
432.0 125.0 420.0 132.0
454.0 497.0 440.0 501.0
459.0 287.0 445.0 285.0
433.0 126.0 421.0 131.0
366.0 148.0 353.0 152.0
34.0 514.0 21.0 518.0
391.0 176.0 380.0 181.0
393.0 176.0 381.0 181.0
415.0 141.0 404.0 145.0
34.0 515.0 21.0 518.0
365.0 146.0 353.0 151.0
389.0 24.0 380.0 31.0
392.0 176.0 381.0 181.0
365.0 147.0 353.0 151.0
389.0 23.0 380.0 31.0
466.0 255.0 451.0 261.0
34.0 513.0 21.0 518.0
432.0 126.0 420.0 132.0
393.0 175.0 382.0 180.0
460.0 287.0 445.0 285.0
52.0 314.0 58.0 315.0
364.0 147.0 353.0 152.0
294.0 581.0 278.0 572.0
393.0 174.0 380.0 179.0
447.0 113.0 435.0 118.0
456.0 496.0 440.0 501.0
392.0 174.0 380.0 179.0
456.0 497.0 441.0 501.0
90.0 182.0 43.0 183.0
91.0 183.0 43.0 183.0
35.0 514.0 21.0 518.0
90.0 183.0 43.0 183.0
92.0 183.0 43.0 183.0
383.0 113.0 371.0 119.0
448.0 112.0 435.0 118.0
440.0 359.0 425.0 364.0
121.0 593.0 93.0 599.0
448.0 113.0 436.0 118.0
447.0 112.0 435.0 118.0
436.0 555.0 422.0 559.0
442.0 359.0 425.0 364.0
442.0 360.0 425.0 364.0
440.0 358.0 425.0 364.0
90.0 184.0 43.0 183.0
91.0 182.0 43.0 183.0
437.0 554.0 422.0 558.0
441.0 358.0 425.0 364.0
390.0 24.0 379.0 32.0
92.0 184.0 43.0 183.0
382.0 114.0 371.0 119.0
441.0 359.0 425.0 364.0
381.0 114.0 371.0 119.0
294.0 582.0 278.0 572.0
455.0 497.0 440.0 501.0
455.0 305.0 443.0 310.0
37.0 453.0 19.0 456.0
436.0 554.0 422.0 559.0
91.0 184.0 43.0 183.0
122.0 593.0 93.0 599.0
390.0 23.0 380.0 31.0
437.0 555.0 422.0 559.0
448.0 111.0 436.0 118.0
382.0 113.0 371.0 119.0
122.0 592.0 93.0 599.0
447.0 111.0 436.0 118.0
37.0 454.0 19.0 456.0
38.0 453.0 19.0 456.0
382.0 112.0 371.0 119.0
121.0 592.0 93.0 599.0
281.0 349.0 272.0 353.0
462.0 48.0 449.0 54.0
15.0 149.0 18.0 138.0
281.0 350.0 272.0 353.0
16.0 149.0 18.0 138.0
461.0 49.0 449.0 54.0
454.0 293.0 445.0 286.0
381.0 113.0 371.0 119.0
437.0 553.0 422.0 558.0
462.0 49.0 449.0 54.0
38.0 454.0 19.0 456.0
461.0 48.0 449.0 54.0
438.0 554.0 422.0 558.0
446.0 256.0 440.0 250.0
463.0 48.0 449.0 54.0
280.0 350.0 272.0 353.0
438.0 555.0 423.0 559.0
447.0 256.0 440.0 250.0
280.0 351.0 272.0 353.0
15.0 150.0 18.0 138.0
280.0 349.0 272.0 353.0
471.0 397.0 457.0 403.0
472.0 398.0 457.0 403.0
473.0 398.0 457.0 403.0
412.0 136.0 402.0 145.0
110.0 141.0 52.0 132.0
473.0 397.0 457.0 403.0
472.0 397.0 457.0 403.0
454.0 294.0 445.0 286.0
110.0 142.0 52.0 132.0
448.0 257.0 440.0 250.0
57.0 53.0 29.0 56.0
412.0 135.0 402.0 145.0
445.0 256.0 440.0 250.0
445.0 257.0 440.0 250.0
13.0 228.0 11.0 245.0
109.0 141.0 52.0 132.0
468.0 380.0 454.0 384.0
447.0 257.0 440.0 250.0
446.0 257.0 440.0 250.0
109.0 142.0 52.0 132.0
447.0 326.0 433.0 331.0
379.0 248.0 354.0 259.0
447.0 307.0 442.0 312.0
108.0 141.0 52.0 132.0
469.0 380.0 454.0 384.0
411.0 135.0 402.0 145.0
470.0 380.0 454.0 384.0
447.0 308.0 442.0 312.0
14.0 227.0 11.0 245.0
108.0 142.0 52.0 132.0
13.0 227.0 11.0 245.0
108.0 168.0 115.0 170.0
107.0 168.0 115.0 170.0
107.0 167.0 115.0 170.0
59.0 450.0 97.0 453.0
108.0 167.0 115.0 170.0
411.0 136.0 402.0 145.0
469.0 379.0 454.0 384.0
470.0 379.0 454.0 384.0
468.0 379.0 454.0 384.0
14.0 226.0 11.0 245.0
379.0 249.0 354.0 259.0
455.0 371.0 441.0 375.0
454.0 371.0 441.0 375.0
13.0 226.0 11.0 245.0
455.0 370.0 441.0 375.0
448.0 326.0 433.0 331.0
454.0 370.0 441.0 375.0
469.0 378.0 454.0 384.0
473.0 342.0 462.0 346.0
474.0 342.0 462.0 346.0
475.0 342.0 462.0 346.0
476.0 342.0 462.0 346.0
476.0 343.0 462.0 346.0
474.0 343.0 462.0 346.0
410.0 135.0 402.0 145.0
475.0 343.0 462.0 346.0
380.0 271.0 355.0 286.0
381.0 271.0 355.0 286.0
10.0 606.0 42.0 606.0
