317.0 450.0 318.0 445.0
395.0 125.0 400.0 122.0
394.0 126.0 400.0 122.0
395.0 126.0 400.0 122.0
394.0 125.0 400.0 122.0
179.0 173.0 188.0 164.0
100.0 92.0 111.0 80.0
180.0 173.0 188.0 164.0
266.0 477.0 268.0 469.0
180.0 172.0 188.0 164.0
267.0 477.0 268.0 469.0
393.0 125.0 399.0 123.0
124.0 165.0 132.0 157.0
140.0 320.0 146.0 311.0
394.0 124.0 400.0 122.0
101.0 92.0 111.0 80.0
100.0 91.0 111.0 80.0
139.0 320.0 146.0 311.0
140.0 319.0 146.0 311.0
393.0 126.0 399.0 123.0
123.0 165.0 132.0 157.0
306.0 141.0 314.0 137.0
101.0 91.0 111.0 80.0
267.0 478.0 268.0 469.0
293.0 122.0 301.0 116.0
467.0 112.0 474.0 110.0
266.0 478.0 268.0 469.0
181.0 173.0 188.0 164.0
468.0 112.0 474.0 110.0
181.0 172.0 188.0 164.0
196.0 164.0 206.0 156.0
106.0 156.0 114.0 146.0
123.0 166.0 132.0 157.0
294.0 122.0 301.0 116.0
102.0 92.0 111.0 80.0
105.0 157.0 114.0 146.0
275.0 459.0 278.0 451.0
285.0 135.0 292.0 130.0
275.0 458.0 278.0 451.0
102.0 91.0 111.0 80.0
275.0 457.0 277.0 450.0
284.0 136.0 292.0 130.0
284.0 134.0 292.0 129.0
293.0 121.0 301.0 116.0
249.0 414.0 253.0 406.0
276.0 459.0 278.0 451.0
58.0 431.0 65.0 418.0
294.0 121.0 301.0 116.0
104.0 157.0 114.0 146.0
124.0 166.0 132.0 157.0
284.0 135.0 292.0 129.0
289.0 426.0 292.0 420.0
249.0 413.0 253.0 406.0
274.0 458.0 278.0 451.0
123.0 314.0 129.0 305.0
104.0 156.0 114.0 146.0
37.0 407.0 44.0 394.0
276.0 458.0 277.0 450.0
75.0 122.0 85.0 111.0
323.0 556.0 323.0 549.0
323.0 557.0 323.0 549.0
123.0 315.0 129.0 305.0
247.0 413.0 253.0 407.0
54.0 317.0 62.0 305.0
211.0 581.0 214.0 571.0
370.0 85.0 375.0 77.0
86.0 313.0 94.0 302.0
248.0 414.0 253.0 407.0
283.0 135.0 292.0 129.0
248.0 413.0 253.0 407.0
78.0 435.0 84.0 422.0
322.0 558.0 323.0 549.0
247.0 414.0 253.0 407.0
196.0 165.0 206.0 156.0
212.0 153.0 219.0 145.0
361.0 483.0 362.0 478.0
58.0 430.0 64.0 417.0
122.0 315.0 129.0 305.0
107.0 386.0 113.0 376.0
257.0 315.0 264.0 308.0
212.0 152.0 220.0 145.0
282.0 512.0 284.0 503.0
75.0 123.0 85.0 111.0
276.0 457.0 277.0 450.0
105.0 156.0 114.0 146.0
37.0 406.0 44.0 394.0
118.0 73.0 127.0 65.0
117.0 73.0 127.0 65.0
215.0 45.0 226.0 37.0
208.0 564.0 210.0 553.0
118.0 74.0 127.0 65.0
59.0 430.0 64.0 417.0
11.0 538.0 19.0 520.0
282.0 511.0 284.0 503.0
122.0 314.0 129.0 305.0
215.0 46.0 226.0 37.0
258.0 315.0 264.0 308.0
195.0 165.0 206.0 156.0
125.0 165.0 132.0 157.0
38.0 405.0 44.0 394.0
10.0 538.0 19.0 520.0
76.0 122.0 84.0 110.0
105.0 155.0 114.0 146.0
223.0 30.0 232.0 22.0
78.0 434.0 84.0 422.0
106.0 386.0 113.0 376.0
118.0 72.0 127.0 65.0
77.0 433.0 84.0 422.0
63.0 570.0 69.0 553.0
210.0 510.0 214.0 500.0
211.0 510.0 214.0 500.0
327.0 540.0 327.0 531.0
54.0 318.0 62.0 305.0
64.0 569.0 69.0 553.0
119.0 73.0 127.0 65.0
216.0 46.0 227.0 37.0
77.0 434.0 84.0 422.0
37.0 405.0 44.0 394.0
322.0 557.0 323.0 549.0
11.0 537.0 19.0 520.0
93.0 129.0 103.0 118.0
66.0 383.0 74.0 369.0
326.0 540.0 326.0 532.0
283.0 512.0 284.0 503.0
121.0 196.0 130.0 186.0
126.0 467.0 132.0 456.0
55.0 317.0 62.0 305.0
201.0 100.0 209.0 93.0
56.0 317.0 62.0 305.0
63.0 568.0 69.0 553.0
65.0 382.0 74.0 369.0
76.0 586.0 82.0 570.0
119.0 72.0 127.0 65.0
187.0 66.0 196.0 62.0
311.0 476.0 312.0 470.0
126.0 468.0 132.0 455.0
362.0 483.0 362.0 478.0
216.0 45.0 226.0 37.0
201.0 99.0 209.0 93.0
361.0 482.0 362.0 478.0
76.0 585.0 82.0 569.0
213.0 152.0 220.0 145.0
77.0 586.0 82.0 569.0
211.0 508.0 214.0 500.0
66.0 382.0 74.0 369.0
107.0 385.0 113.0 376.0
63.0 569.0 69.0 553.0
327.0 539.0 327.0 531.0
212.0 509.0 214.0 500.0
222.0 30.0 232.0 22.0
155.0 22.0 164.0 12.0
75.0 121.0 84.0 110.0
210.0 509.0 214.0 500.0
362.0 482.0 362.0 478.0
38.0 406.0 44.0 394.0
327.0 538.0 327.0 531.0
120.0 195.0 130.0 186.0
121.0 197.0 130.0 186.0
379.0 65.0 386.0 63.0
211.0 509.0 214.0 500.0
222.0 31.0 232.0 22.0
379.0 66.0 386.0 63.0
121.0 195.0 130.0 186.0
78.0 433.0 84.0 422.0
311.0 475.0 312.0 470.0
200.0 100.0 208.0 93.0
136.0 597.0 139.0 585.0
200.0 99.0 209.0 93.0
107.0 387.0 113.0 376.0
379.0 64.0 386.0 63.0
310.0 475.0 312.0 470.0
18.0 308.0 26.0 296.0
135.0 598.0 139.0 585.0
380.0 64.0 386.0 63.0
135.0 600.0 139.0 585.0
236.0 311.0 241.0 305.0
379.0 69.0 386.0 63.0
252.0 631.0 253.0 619.0
235.0 312.0 242.0 305.0
26.0 64.0 34.0 52.0
183.0 592.0 186.0 580.0
94.0 503.0 100.0 490.0
258.0 314.0 264.0 307.0
188.0 65.0 196.0 62.0
154.0 22.0 164.0 12.0
93.0 130.0 103.0 118.0
322.0 556.0 323.0 549.0
257.0 314.0 264.0 308.0
213.0 153.0 220.0 145.0
64.0 568.0 69.0 553.0
55.0 318.0 63.0 306.0
213.0 151.0 220.0 145.0
56.0 318.0 63.0 306.0
120.0 196.0 130.0 186.0
63.0 526.0 69.0 509.0
367.0 81.0 375.0 77.0
321.0 557.0 323.0 549.0
65.0 383.0 74.0 369.0
214.0 152.0 220.0 145.0
326.0 538.0 326.0 532.0
106.0 387.0 113.0 376.0
125.0 467.0 132.0 456.0
55.0 316.0 62.0 305.0
153.0 160.0 162.0 150.0
326.0 539.0 326.0 532.0
282.0 513.0 285.0 504.0
120.0 197.0 130.0 186.0
106.0 313.0 111.0 304.0
177.0 338.0 183.0 331.0
321.0 556.0 323.0 549.0
125.0 468.0 132.0 455.0
74.0 122.0 84.0 111.0
177.0 339.0 183.0 331.0
126.0 469.0 132.0 455.0
63.0 525.0 69.0 509.0
94.0 504.0 100.0 490.0
184.0 454.0 188.0 444.0
16.0 451.0 25.0 436.0
62.0 400.0 68.0 388.0
119.0 196.0 130.0 186.0
77.0 435.0 84.0 422.0
236.0 312.0 242.0 305.0
115.0 343.0 123.0 334.0
181.0 282.0 188.0 274.0
206.0 27.0 215.0 18.0
186.0 66.0 196.0 62.0
153.0 159.0 162.0 150.0
308.0 522.0 317.0 516.0
61.0 401.0 68.0 388.0
60.0 401.0 68.0 388.0
111.0 182.0 120.0 171.0
188.0 64.0 196.0 62.0
186.0 65.0 196.0 62.0
105.0 312.0 111.0 304.0
62.0 526.0 69.0 509.0
62.0 569.0 69.0 553.0
105.0 313.0 111.0 304.0
25.0 64.0 34.0 52.0
237.0 311.0 242.0 305.0
135.0 599.0 139.0 585.0
251.0 630.0 253.0 619.0
136.0 598.0 139.0 585.0
214.0 151.0 220.0 145.0
198.0 424.0 204.0 416.0
75.0 585.0 82.0 570.0
251.0 631.0 253.0 619.0
366.0 80.0 375.0 77.0
200.0 98.0 209.0 93.0
154.0 23.0 164.0 12.0
17.0 451.0 25.0 436.0
62.0 525.0 69.0 509.0
207.0 27.0 215.0 18.0
367.0 80.0 375.0 77.0
63.0 524.0 70.0 509.0
308.0 523.0 317.0 516.0
197.0 424.0 204.0 416.0
152.0 159.0 162.0 150.0
111.0 181.0 120.0 171.0
110.0 181.0 120.0 171.0
181.0 281.0 188.0 274.0
210.0 527.0 210.0 518.0
61.0 400.0 68.0 388.0
126.0 490.0 130.0 478.0
16.0 452.0 25.0 436.0
221.0 31.0 231.0 22.0
124.0 468.0 132.0 455.0
251.0 632.0 253.0 619.0
198.0 423.0 204.0 416.0
239.0 311.0 243.0 305.0
178.0 339.0 183.0 331.0
187.0 65.0 196.0 62.0
122.0 24.0 130.0 15.0
238.0 311.0 243.0 305.0
207.0 26.0 215.0 18.0
237.0 312.0 242.0 305.0
120.0 198.0 130.0 186.0
119.0 197.0 130.0 186.0
307.0 523.0 317.0 516.0
93.0 503.0 100.0 490.0
142.0 566.0 146.0 553.0
182.0 281.0 188.0 274.0
93.0 504.0 100.0 490.0
11.0 332.0 21.0 319.0
106.0 312.0 111.0 304.0
107.0 312.0 111.0 304.0
75.0 586.0 82.0 570.0
120.0 25.0 130.0 15.0
238.0 312.0 242.0 305.0
11.0 331.0 21.0 319.0
141.0 567.0 146.0 553.0
45.0 109.0 54.0 98.0
26.0 63.0 34.0 52.0
60.0 400.0 68.0 388.0
208.0 27.0 215.0 18.0
83.0 362.0 91.0 350.0
121.0 24.0 130.0 15.0
141.0 566.0 146.0 553.0
182.0 282.0 188.0 274.0
82.0 362.0 91.0 350.0
83.0 361.0 91.0 350.0
210.0 605.0 212.0 593.0
125.0 469.0 132.0 455.0
25.0 63.0 34.0 52.0
83.0 363.0 91.0 350.0
121.0 25.0 130.0 15.0
243.0 17.0 248.0 12.0
12.0 332.0 21.0 319.0
210.0 526.0 210.0 518.0
17.0 450.0 25.0 436.0
89.0 600.0 94.0 584.0
106.0 311.0 112.0 303.0
187.0 64.0 196.0 62.0
112.0 183.0 120.0 171.0
208.0 26.0 215.0 18.0
243.0 16.0 248.0 12.0
112.0 181.0 120.0 171.0
121.0 23.0 130.0 15.0
242.0 17.0 248.0 12.0
113.0 182.0 120.0 170.0
88.0 600.0 94.0 584.0
142.0 241.0 156.0 244.0
12.0 331.0 21.0 319.0
112.0 182.0 120.0 171.0
158.0 474.0 165.0 457.0
84.0 362.0 91.0 350.0
228.0 614.0 229.0 605.0
45.0 107.0 53.0 97.0
13.0 353.0 22.0 340.0
89.0 599.0 94.0 584.0
45.0 108.0 53.0 97.0
90.0 600.0 94.0 584.0
102.0 414.0 106.0 409.0
228.0 615.0 229.0 605.0
211.0 526.0 210.0 518.0
141.0 241.0 156.0 244.0
90.0 599.0 94.0 584.0
162.0 625.0 185.0 624.0
120.0 23.0 130.0 15.0
161.0 625.0 185.0 624.0
153.0 405.0 160.0 393.0
266.0 35.0 274.0 30.0
101.0 414.0 106.0 409.0
162.0 79.0 170.0 69.0
120.0 24.0 130.0 15.0
142.0 240.0 156.0 244.0
13.0 355.0 22.0 340.0
13.0 410.0 21.0 398.0
141.0 240.0 156.0 244.0
44.0 109.0 54.0 98.0
267.0 34.0 274.0 30.0
168.0 603.0 172.0 589.0
13.0 354.0 22.0 340.0
266.0 34.0 274.0 30.0
210.0 525.0 210.0 518.0
162.0 624.0 185.0 624.0
12.0 410.0 21.0 398.0
102.0 413.0 106.0 409.0
19.0 632.0 26.0 612.0
12.0 411.0 21.0 398.0
161.0 624.0 185.0 624.0
44.0 108.0 54.0 98.0
262.0 102.0 269.0 98.0
262.0 103.0 269.0 98.0
12.0 354.0 22.0 340.0
263.0 103.0 269.0 98.0
12.0 355.0 22.0 340.0
200.0 318.0 206.0 310.0
101.0 413.0 106.0 409.0
12.0 353.0 22.0 340.0
201.0 319.0 206.0 310.0
141.0 463.0 147.0 451.0
3.0 594.0 15.0 593.0
44.0 591.0 51.0 573.0
263.0 102.0 270.0 98.0
200.0 319.0 206.0 310.0
264.0 103.0 270.0 99.0
179.0 330.0 189.0 313.0
45.0 54.0 56.0 42.0
46.0 54.0 56.0 42.0
179.0 331.0 183.0 331.0
264.0 102.0 270.0 98.0
255.0 90.0 262.0 84.0
44.0 592.0 51.0 573.0
165.0 374.0 165.0 362.0
45.0 55.0 56.0 42.0
46.0 55.0 55.0 43.0
47.0 54.0 56.0 43.0
165.0 375.0 165.0 362.0
156.0 606.0 172.0 589.0
324.0 515.0 318.0 515.0
324.0 514.0 318.0 515.0
47.0 38.0 70.0 17.0
214.0 174.0 218.0 154.0
207.0 333.0 212.0 327.0
