414.0 181.0 405.0 197.0
415.0 180.0 406.0 196.0
415.0 181.0 405.0 197.0
414.0 180.0 405.0 197.0
251.0 341.0 244.0 354.0
251.0 342.0 244.0 354.0
250.0 342.0 244.0 354.0
365.0 174.0 357.0 189.0
245.0 300.0 240.0 313.0
209.0 380.0 205.0 392.0
413.0 181.0 405.0 197.0
208.0 379.0 205.0 392.0
274.0 432.0 268.0 445.0
251.0 343.0 245.0 355.0
413.0 180.0 406.0 196.0
365.0 173.0 357.0 189.0
250.0 343.0 245.0 355.0
209.0 378.0 205.0 392.0
209.0 379.0 205.0 392.0
213.0 431.0 207.0 445.0
210.0 380.0 205.0 392.0
210.0 379.0 205.0 392.0
364.0 174.0 357.0 189.0
364.0 173.0 357.0 189.0
245.0 301.0 240.0 313.0
243.0 428.0 236.0 444.0
237.0 91.0 232.0 105.0
214.0 119.0 208.0 134.0
213.0 118.0 208.0 132.0
204.0 480.0 197.0 496.0
238.0 90.0 232.0 105.0
229.0 328.0 226.0 340.0
238.0 89.0 232.0 105.0
332.0 150.0 324.0 164.0
213.0 119.0 208.0 134.0
246.0 300.0 240.0 313.0
171.0 451.0 164.0 465.0
237.0 90.0 232.0 105.0
16.0 247.0 10.0 259.0
416.0 181.0 406.0 197.0
16.0 248.0 10.0 259.0
212.0 118.0 207.0 132.0
275.0 432.0 268.0 445.0
378.0 201.0 371.0 216.0
242.0 429.0 236.0 444.0
172.0 451.0 164.0 465.0
15.0 218.0 10.0 281.0
213.0 430.0 207.0 444.0
245.0 302.0 240.0 313.0
212.0 119.0 207.0 132.0
238.0 91.0 232.0 105.0
315.0 556.0 310.0 572.0
364.0 172.0 357.0 189.0
236.0 89.0 232.0 105.0
401.0 190.0 393.0 206.0
365.0 175.0 357.0 189.0
215.0 119.0 209.0 133.0
203.0 318.0 196.0 332.0
204.0 479.0 198.0 495.0
197.0 365.0 191.0 378.0
260.0 452.0 255.0 467.0
332.0 152.0 324.0 165.0
378.0 203.0 371.0 218.0
287.0 82.0 281.0 97.0
236.0 91.0 230.0 106.0
378.0 202.0 371.0 216.0
400.0 190.0 393.0 206.0
246.0 301.0 241.0 313.0
214.0 118.0 208.0 132.0
333.0 151.0 324.0 165.0
181.0 95.0 176.0 106.0
171.0 452.0 164.0 465.0
238.0 561.0 233.0 577.0
243.0 429.0 236.0 444.0
247.0 300.0 241.0 313.0
285.0 83.0 280.0 99.0
412.0 181.0 405.0 197.0
285.0 82.0 280.0 99.0
332.0 151.0 324.0 165.0
203.0 319.0 196.0 332.0
172.0 450.0 164.0 465.0
236.0 90.0 232.0 105.0
243.0 430.0 236.0 444.0
237.0 89.0 232.0 105.0
230.0 328.0 226.0 340.0
210.0 378.0 205.0 392.0
172.0 452.0 164.0 465.0
203.0 481.0 197.0 496.0
247.0 302.0 241.0 313.0
256.0 314.0 250.0 328.0
315.0 557.0 310.0 572.0
202.0 319.0 196.0 332.0
212.0 431.0 207.0 445.0
331.0 151.0 323.0 164.0
237.0 561.0 233.0 578.0
230.0 329.0 225.0 341.0
211.0 431.0 207.0 445.0
247.0 301.0 241.0 313.0
286.0 82.0 281.0 97.0
205.0 480.0 198.0 495.0
238.0 562.0 233.0 578.0
182.0 95.0 177.0 108.0
260.0 453.0 255.0 467.0
15.0 219.0 10.0 281.0
231.0 327.0 226.0 340.0
223.0 308.0 219.0 318.0
366.0 176.0 357.0 190.0
262.0 452.0 256.0 468.0
377.0 202.0 370.0 217.0
260.0 454.0 256.0 468.0
198.0 365.0 191.0 378.0
244.0 429.0 236.0 444.0
182.0 94.0 176.0 106.0
205.0 481.0 198.0 495.0
331.0 150.0 323.0 164.0
262.0 454.0 256.0 468.0
156.0 110.0 149.0 121.0
261.0 452.0 256.0 468.0
271.0 183.0 264.0 198.0
181.0 94.0 176.0 106.0
155.0 109.0 149.0 120.0
154.0 109.0 149.0 120.0
246.0 302.0 241.0 313.0
287.0 83.0 281.0 97.0
15.0 217.0 10.0 281.0
286.0 83.0 280.0 99.0
204.0 481.0 197.0 496.0
364.0 171.0 357.0 189.0
155.0 110.0 149.0 120.0
200.0 322.0 195.0 335.0
401.0 191.0 393.0 206.0
204.0 482.0 197.0 496.0
271.0 184.0 264.0 198.0
344.0 181.0 337.0 198.0
154.0 110.0 149.0 120.0
237.0 562.0 233.0 578.0
271.0 185.0 264.0 198.0
222.0 308.0 219.0 318.0
345.0 182.0 337.0 198.0
156.0 109.0 149.0 120.0
231.0 329.0 225.0 341.0
412.0 180.0 406.0 196.0
171.0 453.0 165.0 466.0
261.0 454.0 256.0 468.0
205.0 479.0 198.0 493.0
223.0 309.0 219.0 318.0
270.0 184.0 263.0 197.0
222.0 309.0 219.0 318.0
260.0 455.0 255.0 469.0
377.0 203.0 370.0 217.0
261.0 453.0 256.0 468.0
170.0 453.0 165.0 466.0
314.0 557.0 309.0 573.0
262.0 453.0 256.0 468.0
223.0 307.0 219.0 318.0
330.0 151.0 323.0 164.0
270.0 183.0 262.0 198.0
344.0 184.0 337.0 198.0
155.0 111.0 149.0 121.0
314.0 556.0 310.0 572.0
270.0 185.0 263.0 197.0
231.0 328.0 225.0 341.0
331.0 152.0 323.0 165.0
229.0 189.0 223.0 202.0
344.0 183.0 337.0 198.0
344.0 185.0 338.0 198.0
234.0 364.0 227.0 379.0
234.0 365.0 227.0 379.0
221.0 310.0 218.0 318.0
230.0 189.0 223.0 202.0
198.0 419.0 192.0 433.0
198.0 102.0 194.0 115.0
233.0 365.0 228.0 379.0
344.0 182.0 337.0 198.0
170.0 454.0 164.0 467.0
222.0 307.0 219.0 318.0
205.0 478.0 199.0 493.0
203.0 482.0 197.0 496.0
212.0 432.0 207.0 445.0
343.0 185.0 337.0 198.0
343.0 184.0 337.0 198.0
16.0 219.0 10.0 281.0
221.0 309.0 218.0 318.0
222.0 310.0 219.0 318.0
300.0 84.0 294.0 97.0
233.0 364.0 228.0 379.0
300.0 85.0 294.0 98.0
314.0 558.0 310.0 574.0
16.0 218.0 10.0 281.0
204.0 274.0 198.0 286.0
232.0 365.0 228.0 379.0
269.0 183.0 262.0 198.0
330.0 152.0 323.0 165.0
335.0 76.0 329.0 90.0
220.0 309.0 218.0 318.0
198.0 418.0 192.0 433.0
187.0 379.0 181.0 391.0
200.0 103.0 195.0 115.0
211.0 432.0 206.0 446.0
334.0 76.0 329.0 90.0
199.0 103.0 194.0 116.0
198.0 103.0 194.0 115.0
193.0 414.0 192.0 433.0
16.0 217.0 10.0 281.0
300.0 86.0 294.0 98.0
204.0 275.0 199.0 286.0
269.0 184.0 262.0 198.0
335.0 77.0 329.0 90.0
221.0 308.0 218.0 318.0
299.0 85.0 294.0 98.0
156.0 111.0 151.0 121.0
180.0 320.0 175.0 332.0
220.0 310.0 218.0 318.0
345.0 180.0 337.0 198.0
180.0 318.0 175.0 331.0
172.0 380.0 165.0 390.0
200.0 102.0 194.0 115.0
230.0 188.0 223.0 202.0
335.0 78.0 329.0 90.0
272.0 26.0 265.0 40.0
271.0 26.0 265.0 40.0
272.0 25.0 265.0 40.0
271.0 25.0 265.0 40.0
182.0 267.0 176.0 277.0
229.0 188.0 223.0 202.0
179.0 320.0 175.0 332.0
163.0 89.0 160.0 101.0
334.0 77.0 329.0 90.0
234.0 363.0 227.0 379.0
233.0 363.0 227.0 379.0
180.0 319.0 175.0 332.0
181.0 267.0 176.0 277.0
272.0 24.0 265.0 40.0
271.0 24.0 265.0 40.0
194.0 413.0 192.0 432.0
244.0 546.0 237.0 563.0
345.0 179.0 337.0 198.0
246.0 349.0 245.0 355.0
220.0 308.0 218.0 318.0
334.0 78.0 329.0 90.0
162.0 89.0 158.0 99.0
181.0 318.0 175.0 330.0
254.0 118.0 247.0 130.0
17.0 271.0 10.0 282.0
162.0 88.0 158.0 99.0
179.0 319.0 175.0 332.0
187.0 163.0 181.0 176.0
181.0 317.0 175.0 330.0
230.0 187.0 223.0 202.0
61.0 600.0 52.0 615.0
299.0 86.0 294.0 98.0
172.0 381.0 166.0 391.0
199.0 102.0 194.0 115.0
193.0 413.0 192.0 432.0
187.0 164.0 181.0 176.0
155.0 241.0 149.0 253.0
17.0 268.0 10.0 282.0
266.0 398.0 261.0 416.0
199.0 101.0 194.0 115.0
182.0 266.0 176.0 277.0
70.0 568.0 62.0 584.0
200.0 101.0 194.0 115.0
17.0 270.0 10.0 282.0
193.0 412.0 192.0 432.0
266.0 397.0 261.0 416.0
17.0 269.0 10.0 282.0
204.0 276.0 199.0 286.0
244.0 545.0 237.0 563.0
203.0 276.0 199.0 286.0
70.0 567.0 61.0 583.0
181.0 266.0 176.0 277.0
180.0 267.0 176.0 277.0
313.0 558.0 309.0 573.0
171.0 381.0 165.0 391.0
192.0 414.0 192.0 433.0
163.0 88.0 160.0 101.0
82.0 481.0 74.0 492.0
82.0 480.0 74.0 492.0
192.0 413.0 192.0 432.0
187.0 165.0 181.0 176.0
194.0 412.0 192.0 432.0
81.0 479.0 74.0 492.0
253.0 117.0 247.0 130.0
345.0 178.0 337.0 198.0
247.0 350.0 245.0 355.0
180.0 265.0 176.0 277.0
186.0 164.0 181.0 176.0
80.0 480.0 73.0 493.0
80.0 481.0 73.0 493.0
181.0 265.0 176.0 277.0
181.0 319.0 176.0 331.0
155.0 240.0 149.0 253.0
80.0 482.0 73.0 493.0
154.0 240.0 149.0 253.0
181.0 320.0 175.0 332.0
253.0 118.0 247.0 130.0
193.0 411.0 192.0 432.0
246.0 350.0 245.0 355.0
180.0 266.0 176.0 277.0
82.0 479.0 74.0 492.0
18.0 271.0 10.0 282.0
265.0 398.0 261.0 416.0
254.0 119.0 248.0 131.0
245.0 170.0 241.0 178.0
155.0 239.0 149.0 253.0
82.0 482.0 74.0 492.0
81.0 482.0 74.0 492.0
194.0 411.0 192.0 432.0
244.0 170.0 241.0 178.0
182.0 318.0 175.0 330.0
186.0 165.0 181.0 176.0
18.0 195.0 17.0 187.0
60.0 600.0 52.0 615.0
81.0 480.0 74.0 492.0
252.0 117.0 247.0 130.0
60.0 601.0 52.0 616.0
252.0 118.0 247.0 131.0
18.0 270.0 10.0 282.0
163.0 15.0 158.0 29.0
18.0 196.0 17.0 187.0
245.0 349.0 245.0 355.0
60.0 599.0 52.0 615.0
18.0 269.0 10.0 282.0
347.0 39.0 341.0 51.0
245.0 351.0 238.0 370.0
18.0 268.0 10.0 282.0
245.0 350.0 245.0 355.0
245.0 171.0 241.0 178.0
252.0 119.0 247.0 131.0
59.0 600.0 52.0 615.0
154.0 241.0 149.0 253.0
81.0 481.0 74.0 492.0
398.0 186.0 392.0 204.0
240.0 366.0 238.0 371.0
61.0 599.0 52.0 615.0
346.0 38.0 341.0 51.0
253.0 119.0 247.0 131.0
62.0 598.0 52.0 616.0
194.0 230.0 189.0 242.0
377.0 51.0 368.0 68.0
19.0 195.0 17.0 187.0
215.0 197.0 208.0 207.0
206.0 13.0 201.0 27.0
18.0 197.0 17.0 187.0
205.0 13.0 201.0 27.0
377.0 52.0 368.0 68.0
154.0 239.0 149.0 253.0
265.0 397.0 261.0 416.0
19.0 196.0 17.0 187.0
246.0 351.0 245.0 355.0
153.0 241.0 149.0 253.0
83.0 564.0 76.0 582.0
215.0 198.0 208.0 208.0
195.0 229.0 189.0 242.0
83.0 563.0 76.0 582.0
72.0 422.0 58.0 434.0
194.0 231.0 189.0 242.0
215.0 196.0 208.0 207.0
62.0 599.0 52.0 616.0
18.0 198.0 17.0 187.0
62.0 600.0 52.0 616.0
19.0 197.0 17.0 187.0
19.0 198.0 17.0 187.0
194.0 229.0 189.0 242.0
19.0 269.0 10.0 282.0
192.0 86.0 190.0 92.0
206.0 12.0 201.0 27.0
376.0 51.0 368.0 68.0
214.0 196.0 208.0 207.0
206.0 11.0 201.0 27.0
214.0 197.0 208.0 209.0
195.0 228.0 189.0 242.0
347.0 38.0 341.0 51.0
205.0 12.0 201.0 27.0
84.0 564.0 76.0 582.0
348.0 39.0 342.0 51.0
153.0 240.0 149.0 253.0
347.0 37.0 342.0 51.0
376.0 53.0 368.0 68.0
194.0 228.0 189.0 242.0
195.0 230.0 189.0 242.0
190.0 450.0 179.0 458.0
166.0 202.0 163.0 209.0
167.0 201.0 164.0 209.0
73.0 423.0 69.0 432.0
167.0 202.0 164.0 209.0
193.0 42.0 190.0 46.0
193.0 40.0 190.0 46.0
166.0 203.0 163.0 209.0
215.0 195.0 208.0 207.0
375.0 53.0 368.0 68.0
376.0 52.0 368.0 68.0
72.0 423.0 58.0 434.0
193.0 41.0 190.0 46.0
192.0 87.0 190.0 92.0
375.0 52.0 368.0 68.0
349.0 38.0 341.0 51.0
195.0 227.0 189.0 242.0
234.0 547.0 236.0 563.0
348.0 38.0 342.0 51.0
205.0 11.0 201.0 27.0
349.0 37.0 342.0 50.0
348.0 36.0 342.0 50.0
193.0 86.0 190.0 92.0
348.0 37.0 342.0 51.0
84.0 591.0 73.0 608.0
192.0 88.0 178.0 107.0
85.0 591.0 73.0 608.0
233.0 548.0 236.0 563.0
162.0 495.0 158.0 496.0
193.0 87.0 190.0 92.0
233.0 547.0 236.0 563.0
230.0 403.0 230.0 422.0
193.0 88.0 190.0 92.0
194.0 86.0 190.0 92.0
192.0 47.0 190.0 46.0
193.0 47.0 190.0 46.0
297.0 523.0 306.0 538.0
74.0 404.0 58.0 416.0
73.0 405.0 58.0 416.0
194.0 87.0 190.0 92.0
74.0 405.0 58.0 416.0
196.0 215.0 192.0 233.0
229.0 402.0 230.0 422.0
297.0 524.0 306.0 538.0
241.0 384.0 244.0 411.0
249.0 146.0 245.0 152.0
84.0 624.0 82.0 624.0
83.0 624.0 82.0 624.0
75.0 404.0 58.0 416.0
242.0 383.0 244.0 411.0
165.0 433.0 164.0 464.0
171.0 305.0 177.0 308.0
75.0 405.0 58.0 416.0
249.0 148.0 245.0 152.0
241.0 383.0 244.0 411.0
171.0 304.0 177.0 308.0
