472.0 371.0 473.0 372.0
154.0 188.0 158.0 176.0
155.0 188.0 158.0 176.0
471.0 371.0 473.0 372.0
154.0 187.0 157.0 176.0
30.0 204.0 34.0 188.0
154.0 189.0 158.0 176.0
29.0 205.0 34.0 188.0
153.0 186.0 157.0 175.0
471.0 372.0 473.0 372.0
154.0 186.0 157.0 174.0
28.0 204.0 34.0 188.0
29.0 204.0 34.0 188.0
153.0 189.0 158.0 176.0
30.0 203.0 34.0 188.0
153.0 187.0 157.0 175.0
29.0 203.0 34.0 188.0
472.0 372.0 473.0 372.0
155.0 187.0 158.0 176.0
28.0 205.0 34.0 188.0
472.0 373.0 473.0 373.0
453.0 379.0 453.0 378.0
287.0 281.0 292.0 275.0
124.0 580.0 124.0 571.0
453.0 377.0 453.0 376.0
123.0 580.0 124.0 571.0
452.0 377.0 453.0 376.0
454.0 378.0 453.0 376.0
452.0 378.0 453.0 378.0
452.0 379.0 453.0 378.0
454.0 379.0 453.0 378.0
153.0 188.0 157.0 175.0
453.0 378.0 453.0 376.0
28.0 203.0 33.0 188.0
141.0 487.0 143.0 479.0
289.0 280.0 293.0 273.0
48.0 219.0 54.0 203.0
150.0 104.0 156.0 88.0
124.0 581.0 124.0 571.0
288.0 281.0 292.0 273.0
24.0 221.0 30.0 204.0
289.0 279.0 293.0 273.0
49.0 217.0 54.0 203.0
288.0 279.0 293.0 273.0
49.0 218.0 54.0 203.0
48.0 217.0 54.0 203.0
451.0 378.0 453.0 378.0
289.0 281.0 293.0 273.0
444.0 335.0 445.0 334.0
123.0 581.0 124.0 571.0
290.0 280.0 293.0 273.0
290.0 279.0 293.0 273.0
288.0 280.0 293.0 273.0
24.0 222.0 30.0 205.0
467.0 332.0 469.0 331.0
140.0 488.0 142.0 479.0
48.0 218.0 54.0 203.0
287.0 280.0 293.0 273.0
48.0 216.0 54.0 203.0
24.0 223.0 30.0 205.0
23.0 221.0 30.0 205.0
23.0 222.0 30.0 205.0
419.0 353.0 420.0 353.0
457.0 346.0 459.0 346.0
124.0 582.0 124.0 572.0
123.0 582.0 124.0 572.0
134.0 175.0 139.0 160.0
133.0 173.0 139.0 160.0
23.0 223.0 30.0 206.0
287.0 279.0 293.0 273.0
142.0 119.0 148.0 103.0
467.0 331.0 469.0 331.0
451.0 379.0 453.0 378.0
418.0 353.0 420.0 353.0
314.0 179.0 324.0 172.0
419.0 224.0 425.0 222.0
47.0 218.0 54.0 203.0
133.0 172.0 139.0 160.0
443.0 335.0 444.0 334.0
133.0 174.0 139.0 160.0
122.0 581.0 123.0 572.0
432.0 269.0 435.0 267.0
437.0 286.0 441.0 286.0
134.0 173.0 139.0 160.0
419.0 354.0 420.0 353.0
122.0 582.0 123.0 572.0
290.0 281.0 293.0 273.0
58.0 405.0 63.0 392.0
244.0 513.0 245.0 509.0
443.0 334.0 445.0 334.0
420.0 224.0 425.0 222.0
59.0 405.0 63.0 392.0
314.0 180.0 324.0 172.0
246.0 513.0 247.0 510.0
58.0 406.0 63.0 392.0
442.0 333.0 445.0 334.0
466.0 331.0 468.0 332.0
437.0 288.0 441.0 287.0
418.0 354.0 420.0 353.0
59.0 406.0 63.0 392.0
85.0 523.0 87.0 511.0
437.0 287.0 441.0 286.0
134.0 174.0 139.0 160.0
418.0 355.0 420.0 353.0
84.0 524.0 87.0 512.0
441.0 334.0 445.0 334.0
417.0 354.0 419.0 352.0
245.0 514.0 246.0 511.0
47.0 217.0 54.0 203.0
436.0 287.0 440.0 287.0
245.0 513.0 246.0 510.0
83.0 524.0 86.0 511.0
417.0 353.0 420.0 353.0
436.0 288.0 441.0 286.0
442.0 336.0 444.0 334.0
431.0 269.0 435.0 267.0
47.0 216.0 54.0 203.0
136.0 174.0 140.0 159.0
419.0 225.0 425.0 222.0
245.0 515.0 246.0 511.0
466.0 332.0 468.0 332.0
442.0 334.0 445.0 334.0
421.0 225.0 427.0 222.0
135.0 173.0 140.0 159.0
109.0 157.0 102.0 134.0
351.0 231.0 357.0 224.0
313.0 179.0 323.0 170.0
441.0 336.0 444.0 334.0
321.0 247.0 327.0 239.0
436.0 286.0 440.0 287.0
352.0 231.0 357.0 225.0
135.0 175.0 139.0 160.0
136.0 175.0 139.0 160.0
417.0 355.0 419.0 352.0
420.0 226.0 426.0 223.0
440.0 335.0 444.0 334.0
216.0 637.0 212.0 622.0
85.0 522.0 87.0 510.0
323.0 247.0 329.0 240.0
299.0 222.0 304.0 217.0
84.0 523.0 87.0 511.0
420.0 225.0 425.0 222.0
322.0 248.0 328.0 240.0
421.0 224.0 425.0 222.0
435.0 288.0 441.0 286.0
323.0 248.0 329.0 240.0
244.0 514.0 246.0 510.0
314.0 181.0 324.0 172.0
380.0 308.0 384.0 304.0
438.0 288.0 441.0 286.0
298.0 222.0 303.0 217.0
7.0 496.0 10.0 481.0
430.0 270.0 435.0 267.0
30.0 420.0 35.0 407.0
313.0 180.0 324.0 172.0
135.0 174.0 139.0 160.0
441.0 335.0 444.0 334.0
412.0 307.0 415.0 304.0
30.0 421.0 35.0 407.0
8.0 496.0 10.0 481.0
413.0 307.0 415.0 304.0
322.0 247.0 330.0 239.0
381.0 308.0 384.0 304.0
322.0 246.0 330.0 239.0
411.0 307.0 415.0 304.0
323.0 246.0 330.0 239.0
6.0 496.0 10.0 481.0
438.0 287.0 441.0 286.0
418.0 226.0 425.0 222.0
362.0 169.0 371.0 160.0
433.0 270.0 437.0 267.0
84.0 521.0 87.0 510.0
7.0 497.0 10.0 481.0
327.0 297.0 331.0 291.0
6.0 497.0 10.0 481.0
419.0 226.0 425.0 222.0
430.0 271.0 435.0 267.0
432.0 270.0 436.0 268.0
411.0 306.0 414.0 303.0
412.0 305.0 414.0 303.0
380.0 309.0 384.0 304.0
442.0 335.0 444.0 334.0
210.0 573.0 211.0 566.0
147.0 558.0 148.0 548.0
83.0 522.0 87.0 510.0
246.0 514.0 247.0 510.0
431.0 270.0 435.0 267.0
381.0 309.0 384.0 304.0
412.0 306.0 415.0 304.0
442.0 236.0 446.0 232.0
29.0 422.0 35.0 407.0
217.0 637.0 212.0 622.0
84.0 522.0 87.0 510.0
244.0 515.0 246.0 511.0
442.0 237.0 446.0 233.0
124.0 552.0 126.0 541.0
299.0 223.0 303.0 217.0
31.0 421.0 35.0 407.0
48.0 408.0 52.0 395.0
32.0 573.0 34.0 559.0
211.0 609.0 211.0 603.0
31.0 420.0 35.0 407.0
298.0 223.0 303.0 217.0
125.0 550.0 126.0 540.0
83.0 521.0 87.0 510.0
246.0 515.0 246.0 511.0
83.0 523.0 86.0 511.0
441.0 236.0 446.0 232.0
328.0 297.0 332.0 292.0
210.0 609.0 211.0 603.0
413.0 306.0 415.0 304.0
413.0 305.0 415.0 304.0
124.0 550.0 125.0 539.0
245.0 516.0 246.0 511.0
410.0 306.0 414.0 303.0
379.0 308.0 384.0 304.0
148.0 559.0 148.0 549.0
411.0 305.0 414.0 303.0
433.0 271.0 436.0 268.0
126.0 551.0 126.0 541.0
211.0 610.0 211.0 604.0
441.0 235.0 446.0 232.0
126.0 550.0 126.0 540.0
441.0 237.0 446.0 232.0
48.0 409.0 52.0 395.0
431.0 271.0 435.0 267.0
210.0 574.0 211.0 566.0
440.0 236.0 446.0 232.0
210.0 608.0 211.0 603.0
210.0 610.0 211.0 604.0
431.0 272.0 435.0 267.0
33.0 573.0 34.0 559.0
379.0 309.0 383.0 303.0
28.0 620.0 30.0 606.0
321.0 208.0 328.0 198.0
125.0 551.0 126.0 541.0
313.0 181.0 324.0 172.0
30.0 422.0 35.0 407.0
211.0 574.0 211.0 566.0
124.0 551.0 126.0 541.0
316.0 140.0 324.0 129.0
211.0 611.0 211.0 604.0
209.0 610.0 210.0 604.0
125.0 552.0 126.0 541.0
48.0 410.0 52.0 395.0
316.0 139.0 324.0 129.0
362.0 170.0 371.0 160.0
26.0 620.0 30.0 607.0
126.0 552.0 126.0 541.0
32.0 572.0 34.0 559.0
32.0 571.0 34.0 559.0
27.0 621.0 30.0 607.0
440.0 235.0 444.0 232.0
440.0 237.0 444.0 233.0
27.0 619.0 30.0 606.0
31.0 419.0 35.0 407.0
210.0 611.0 211.0 604.0
33.0 572.0 34.0 559.0
27.0 620.0 30.0 606.0
148.0 558.0 148.0 548.0
28.0 619.0 30.0 606.0
432.0 271.0 436.0 268.0
209.0 609.0 210.0 604.0
154.0 611.0 155.0 602.0
31.0 422.0 35.0 407.0
147.0 557.0 148.0 548.0
21.0 465.0 25.0 452.0
327.0 243.0 330.0 238.0
211.0 575.0 211.0 566.0
34.0 572.0 34.0 559.0
32.0 574.0 34.0 559.0
361.0 170.0 371.0 160.0
26.0 621.0 30.0 607.0
33.0 571.0 34.0 559.0
439.0 176.0 445.0 172.0
198.0 581.0 198.0 575.0
199.0 582.0 198.0 575.0
47.0 409.0 52.0 395.0
7.0 546.0 8.0 533.0
304.0 156.0 313.0 146.0
149.0 558.0 148.0 548.0
6.0 546.0 8.0 533.0
198.0 582.0 198.0 575.0
7.0 545.0 8.0 533.0
149.0 559.0 149.0 549.0
317.0 139.0 324.0 129.0
148.0 557.0 148.0 548.0
210.0 575.0 211.0 566.0
354.0 263.0 360.0 260.0
6.0 545.0 8.0 533.0
326.0 242.0 330.0 238.0
154.0 610.0 155.0 602.0
317.0 138.0 324.0 129.0
47.0 410.0 52.0 395.0
354.0 264.0 360.0 260.0
199.0 581.0 198.0 575.0
392.0 159.0 402.0 152.0
155.0 609.0 155.0 602.0
304.0 125.0 313.0 113.0
320.0 208.0 328.0 198.0
327.0 242.0 330.0 238.0
153.0 610.0 155.0 602.0
198.0 580.0 198.0 575.0
29.0 423.0 35.0 407.0
321.0 209.0 328.0 198.0
294.0 226.0 303.0 217.0
349.0 42.0 359.0 32.0
304.0 126.0 313.0 113.0
9.0 565.0 11.0 550.0
355.0 264.0 360.0 260.0
6.0 432.0 4.0 434.0
326.0 123.0 333.0 116.0
349.0 41.0 359.0 32.0
305.0 156.0 313.0 146.0
155.0 610.0 155.0 602.0
29.0 513.0 31.0 501.0
350.0 42.0 358.0 34.0
28.0 513.0 31.0 501.0
320.0 209.0 328.0 200.0
349.0 40.0 359.0 32.0
316.0 138.0 324.0 129.0
350.0 41.0 360.0 32.0
305.0 154.0 313.0 145.0
326.0 124.0 333.0 116.0
351.0 41.0 360.0 32.0
8.0 457.0 4.0 435.0
305.0 155.0 313.0 146.0
169.0 546.0 168.0 539.0
305.0 157.0 313.0 146.0
170.0 545.0 168.0 539.0
176.0 573.0 170.0 563.0
471.0 283.0 474.0 282.0
350.0 40.0 360.0 32.0
176.0 586.0 172.0 576.0
391.0 160.0 402.0 152.0
170.0 546.0 168.0 539.0
472.0 283.0 474.0 282.0
169.0 545.0 168.0 539.0
28.0 512.0 31.0 501.0
315.0 139.0 324.0 129.0
198.0 583.0 198.0 575.0
319.0 209.0 328.0 200.0
9.0 564.0 11.0 550.0
359.0 144.0 369.0 133.0
29.0 512.0 31.0 501.0
222.0 516.0 228.0 505.0
390.0 160.0 402.0 152.0
355.0 263.0 360.0 260.0
353.0 103.0 362.0 94.0
222.0 515.0 228.0 505.0
221.0 515.0 228.0 505.0
193.0 599.0 193.0 591.0
471.0 284.0 474.0 282.0
303.0 126.0 313.0 113.0
303.0 125.0 313.0 113.0
176.0 572.0 170.0 563.0
177.0 573.0 170.0 563.0
327.0 123.0 333.0 116.0
193.0 598.0 193.0 590.0
306.0 156.0 313.0 146.0
294.0 227.0 303.0 217.0
358.0 145.0 369.0 133.0
383.0 87.0 396.0 76.0
306.0 155.0 313.0 146.0
350.0 157.0 361.0 147.0
192.0 598.0 193.0 590.0
306.0 154.0 313.0 145.0
327.0 124.0 333.0 116.0
27.0 528.0 31.0 502.0
293.0 227.0 303.0 217.0
358.0 144.0 369.0 133.0
358.0 120.0 366.0 113.0
171.0 545.0 168.0 539.0
414.0 207.0 425.0 199.0
354.0 103.0 362.0 94.0
358.0 121.0 366.0 113.0
26.0 528.0 31.0 501.0
434.0 130.0 448.0 134.0
413.0 85.0 420.0 79.0
392.0 115.0 402.0 110.0
359.0 119.0 366.0 113.0
319.0 210.0 328.0 200.0
349.0 158.0 361.0 147.0
394.0 115.0 402.0 110.0
393.0 116.0 402.0 110.0
392.0 116.0 402.0 110.0
393.0 115.0 402.0 110.0
27.0 529.0 31.0 502.0
26.0 529.0 31.0 502.0
359.0 120.0 366.0 113.0
349.0 157.0 361.0 147.0
414.0 85.0 421.0 79.0
294.0 228.0 303.0 217.0
27.0 530.0 31.0 502.0
143.0 607.0 155.0 601.0
26.0 530.0 31.0 502.0
200.0 520.0 191.0 510.0
293.0 228.0 303.0 217.0
143.0 606.0 155.0 601.0
359.0 121.0 366.0 113.0
360.0 120.0 366.0 113.0
394.0 116.0 402.0 110.0
393.0 117.0 402.0 110.0
433.0 131.0 448.0 134.0
461.0 102.0 472.0 98.0
433.0 130.0 448.0 134.0
348.0 158.0 361.0 147.0
460.0 103.0 472.0 98.0
459.0 102.0 472.0 98.0
460.0 102.0 472.0 98.0
461.0 103.0 472.0 98.0
459.0 103.0 472.0 98.0
30.0 503.0 31.0 501.0
402.0 173.0 402.0 109.0
458.0 103.0 472.0 98.0
140.0 140.0 157.0 119.0
246.0 21.0 263.0 24.0
402.0 172.0 402.0 109.0
