347.0 317.0 363.0 322.0
57.0 357.0 73.0 364.0
56.0 356.0 73.0 364.0
346.0 317.0 362.0 323.0
348.0 317.0 363.0 322.0
348.0 316.0 363.0 322.0
373.0 202.0 388.0 207.0
347.0 316.0 363.0 322.0
312.0 356.0 329.0 363.0
311.0 356.0 329.0 363.0
166.0 74.0 181.0 84.0
346.0 316.0 363.0 322.0
56.0 357.0 73.0 364.0
166.0 75.0 181.0 84.0
312.0 355.0 329.0 363.0
165.0 75.0 181.0 84.0
56.0 358.0 73.0 365.0
159.0 461.0 176.0 466.0
372.0 202.0 388.0 207.0
341.0 217.0 355.0 222.0
166.0 73.0 181.0 84.0
165.0 74.0 181.0 84.0
167.0 73.0 181.0 84.0
95.0 557.0 113.0 562.0
55.0 357.0 73.0 364.0
324.0 289.0 339.0 298.0
341.0 216.0 356.0 222.0
371.0 202.0 388.0 207.0
95.0 555.0 113.0 562.0
325.0 290.0 339.0 299.0
159.0 460.0 176.0 466.0
167.0 74.0 181.0 84.0
325.0 289.0 339.0 299.0
311.0 355.0 329.0 363.0
95.0 556.0 113.0 562.0
403.0 168.0 417.0 174.0
55.0 356.0 73.0 364.0
346.0 315.0 363.0 322.0
324.0 290.0 338.0 299.0
347.0 315.0 363.0 322.0
167.0 75.0 181.0 84.0
342.0 217.0 356.0 222.0
94.0 556.0 113.0 562.0
204.0 60.0 219.0 69.0
403.0 170.0 417.0 174.0
288.0 304.0 304.0 309.0
340.0 216.0 355.0 222.0
159.0 459.0 176.0 466.0
404.0 170.0 417.0 174.0
296.0 434.0 313.0 443.0
342.0 216.0 356.0 222.0
165.0 73.0 181.0 84.0
343.0 217.0 356.0 222.0
295.0 435.0 313.0 443.0
262.0 389.0 279.0 397.0
404.0 169.0 417.0 174.0
184.0 349.0 199.0 355.0
287.0 304.0 304.0 309.0
184.0 348.0 199.0 355.0
324.0 347.0 342.0 354.0
412.0 497.0 428.0 508.0
294.0 433.0 313.0 443.0
295.0 434.0 313.0 443.0
449.0 44.0 461.0 49.0
403.0 169.0 417.0 174.0
183.0 349.0 199.0 355.0
183.0 348.0 199.0 355.0
413.0 497.0 428.0 507.0
324.0 242.0 336.0 247.0
160.0 460.0 176.0 466.0
412.0 496.0 428.0 507.0
160.0 461.0 176.0 466.0
404.0 171.0 417.0 174.0
413.0 498.0 428.0 508.0
377.0 67.0 390.0 72.0
144.0 135.0 160.0 144.0
142.0 402.0 159.0 409.0
448.0 45.0 461.0 49.0
323.0 242.0 336.0 247.0
226.0 379.0 241.0 385.0
287.0 303.0 304.0 309.0
382.0 502.0 403.0 514.0
448.0 44.0 461.0 49.0
141.0 402.0 159.0 409.0
89.0 509.0 108.0 514.0
384.0 503.0 403.0 514.0
90.0 509.0 108.0 514.0
383.0 503.0 403.0 514.0
261.0 390.0 279.0 398.0
383.0 502.0 403.0 514.0
90.0 508.0 108.0 514.0
250.0 50.0 265.0 58.0
294.0 434.0 313.0 443.0
295.0 433.0 313.0 443.0
60.0 552.0 79.0 558.0
294.0 435.0 313.0 443.0
378.0 67.0 390.0 72.0
447.0 44.0 461.0 49.0
262.0 390.0 279.0 398.0
183.0 347.0 199.0 355.0
62.0 551.0 80.0 558.0
447.0 45.0 461.0 49.0
89.0 508.0 107.0 514.0
377.0 66.0 390.0 72.0
121.0 475.0 139.0 481.0
272.0 404.0 289.0 413.0
215.0 363.0 230.0 369.0
103.0 495.0 123.0 502.0
171.0 410.0 188.0 416.0
448.0 43.0 461.0 49.0
164.0 506.0 182.0 514.0
60.0 332.0 78.0 339.0
131.0 169.0 147.0 177.0
412.0 498.0 428.0 508.0
250.0 49.0 264.0 57.0
382.0 503.0 403.0 514.0
447.0 43.0 461.0 49.0
251.0 50.0 265.0 58.0
323.0 347.0 342.0 354.0
249.0 50.0 264.0 58.0
214.0 362.0 230.0 369.0
143.0 133.0 160.0 143.0
142.0 403.0 159.0 409.0
167.0 507.0 183.0 515.0
413.0 479.0 427.0 489.0
145.0 133.0 160.0 143.0
182.0 349.0 199.0 355.0
165.0 506.0 183.0 515.0
159.0 485.0 178.0 493.0
122.0 475.0 139.0 481.0
145.0 134.0 160.0 144.0
225.0 379.0 242.0 386.0
166.0 507.0 183.0 515.0
104.0 495.0 123.0 502.0
144.0 133.0 160.0 143.0
144.0 134.0 160.0 144.0
165.0 507.0 183.0 515.0
310.0 388.0 329.0 397.0
61.0 551.0 79.0 557.0
62.0 552.0 80.0 558.0
139.0 402.0 159.0 409.0
139.0 403.0 159.0 409.0
121.0 474.0 139.0 481.0
364.0 493.0 382.0 503.0
105.0 494.0 123.0 502.0
364.0 492.0 382.0 503.0
365.0 492.0 382.0 503.0
402.0 426.0 419.0 436.0
226.0 378.0 242.0 386.0
272.0 405.0 289.0 413.0
273.0 404.0 289.0 413.0
366.0 493.0 382.0 503.0
415.0 366.0 432.0 374.0
316.0 159.0 332.0 165.0
324.0 346.0 342.0 354.0
365.0 493.0 382.0 503.0
271.0 405.0 289.0 413.0
104.0 494.0 123.0 502.0
166.0 506.0 182.0 514.0
61.0 552.0 79.0 557.0
344.0 107.0 361.0 112.0
182.0 348.0 199.0 355.0
144.0 132.0 160.0 143.0
92.0 270.0 108.0 278.0
121.0 473.0 139.0 481.0
345.0 106.0 361.0 112.0
310.0 389.0 329.0 397.0
426.0 493.0 443.0 504.0
168.0 153.0 182.0 160.0
363.0 492.0 382.0 503.0
216.0 363.0 230.0 369.0
315.0 158.0 332.0 165.0
227.0 378.0 242.0 386.0
215.0 362.0 230.0 369.0
170.0 409.0 188.0 416.0
182.0 347.0 199.0 355.0
251.0 49.0 265.0 58.0
216.0 362.0 230.0 369.0
415.0 367.0 432.0 374.0
141.0 403.0 159.0 409.0
225.0 378.0 241.0 385.0
122.0 474.0 139.0 481.0
140.0 402.0 159.0 409.0
261.0 391.0 279.0 398.0
414.0 479.0 427.0 489.0
315.0 159.0 332.0 165.0
122.0 473.0 139.0 481.0
140.0 403.0 159.0 409.0
273.0 405.0 290.0 413.0
172.0 409.0 190.0 416.0
262.0 391.0 279.0 400.0
168.0 152.0 182.0 160.0
262.0 392.0 279.0 400.0
171.0 409.0 188.0 416.0
105.0 495.0 123.0 502.0
91.0 269.0 108.0 278.0
345.0 105.0 361.0 112.0
244.0 294.0 259.0 303.0
263.0 390.0 279.0 397.0
384.0 145.0 398.0 151.0
65.0 570.0 83.0 574.0
378.0 66.0 390.0 72.0
91.0 270.0 108.0 278.0
249.0 49.0 264.0 57.0
166.0 154.0 182.0 160.0
106.0 495.0 125.0 503.0
344.0 106.0 361.0 112.0
316.0 158.0 332.0 165.0
416.0 367.0 432.0 374.0
167.0 506.0 182.0 514.0
167.0 152.0 182.0 160.0
384.0 144.0 398.0 151.0
316.0 160.0 332.0 165.0
337.0 148.0 352.0 154.0
92.0 268.0 108.0 278.0
385.0 145.0 398.0 151.0
417.0 368.0 433.0 376.0
263.0 392.0 279.0 400.0
344.0 105.0 361.0 112.0
385.0 144.0 398.0 151.0
350.0 192.0 368.0 202.0
365.0 494.0 382.0 503.0
166.0 153.0 182.0 160.0
92.0 269.0 108.0 278.0
416.0 366.0 432.0 374.0
309.0 389.0 329.0 397.0
263.0 391.0 279.0 400.0
167.0 154.0 182.0 160.0
307.0 488.0 326.0 496.0
167.0 153.0 182.0 160.0
414.0 480.0 427.0 489.0
415.0 479.0 427.0 489.0
363.0 493.0 382.0 503.0
307.0 371.0 323.0 380.0
416.0 368.0 432.0 374.0
413.0 480.0 427.0 489.0
269.0 297.0 285.0 304.0
66.0 569.0 83.0 573.0
266.0 297.0 283.0 304.0
364.0 494.0 382.0 503.0
375.0 542.0 400.0 557.0
308.0 371.0 323.0 380.0
403.0 426.0 419.0 436.0
343.0 106.0 361.0 112.0
66.0 570.0 83.0 574.0
417.0 367.0 432.0 374.0
269.0 298.0 285.0 304.0
190.0 392.0 206.0 399.0
402.0 425.0 419.0 436.0
337.0 147.0 352.0 153.0
344.0 104.0 361.0 112.0
171.0 408.0 188.0 416.0
268.0 298.0 284.0 304.0
415.0 480.0 427.0 489.0
343.0 105.0 361.0 112.0
267.0 298.0 283.0 304.0
308.0 372.0 323.0 380.0
403.0 425.0 419.0 436.0
109.0 429.0 128.0 436.0
111.0 429.0 128.0 436.0
403.0 427.0 419.0 436.0
21.0 444.0 40.0 451.0
110.0 429.0 128.0 436.0
267.0 296.0 283.0 304.0
268.0 297.0 284.0 304.0
307.0 372.0 323.0 380.0
309.0 371.0 323.0 380.0
404.0 425.0 419.0 436.0
315.0 135.0 330.0 141.0
404.0 427.0 421.0 436.0
324.0 212.0 338.0 212.0
325.0 212.0 338.0 212.0
21.0 445.0 40.0 451.0
108.0 429.0 128.0 436.0
268.0 296.0 284.0 303.0
217.0 32.0 232.0 40.0
430.0 224.0 447.0 229.0
21.0 443.0 40.0 449.0
430.0 223.0 447.0 229.0
217.0 31.0 232.0 40.0
267.0 297.0 283.0 304.0
404.0 426.0 419.0 436.0
216.0 31.0 232.0 40.0
20.0 444.0 40.0 449.0
419.0 182.0 436.0 188.0
431.0 224.0 447.0 229.0
309.0 372.0 323.0 380.0
41.0 328.0 58.0 333.0
77.0 426.0 99.0 429.0
217.0 30.0 232.0 40.0
308.0 373.0 323.0 380.0
419.0 181.0 436.0 188.0
218.0 31.0 232.0 40.0
218.0 30.0 232.0 40.0
41.0 327.0 58.0 333.0
218.0 32.0 232.0 40.0
42.0 328.0 58.0 333.0
447.0 527.0 463.0 538.0
448.0 527.0 463.0 538.0
447.0 526.0 463.0 538.0
42.0 327.0 58.0 333.0
461.0 220.0 478.0 225.0
40.0 328.0 58.0 333.0
77.0 425.0 99.0 429.0
41.0 329.0 58.0 333.0
19.0 501.0 37.0 507.0
391.0 25.0 402.0 28.0
50.0 374.0 65.0 388.0
169.0 619.0 188.0 628.0
460.0 220.0 478.0 225.0
448.0 526.0 463.0 538.0
283.0 227.0 295.0 244.0
43.0 328.0 58.0 333.0
268.0 133.0 279.0 139.0
20.0 502.0 37.0 507.0
418.0 182.0 436.0 188.0
18.0 502.0 37.0 507.0
453.0 336.0 468.0 342.0
19.0 502.0 37.0 507.0
42.0 329.0 58.0 333.0
76.0 426.0 99.0 429.0
283.0 226.0 295.0 244.0
169.0 618.0 188.0 628.0
5.0 479.0 24.0 484.0
418.0 181.0 436.0 188.0
18.0 503.0 37.0 507.0
452.0 336.0 468.0 342.0
417.0 182.0 436.0 188.0
19.0 503.0 37.0 507.0
17.0 502.0 37.0 506.0
21.0 591.0 38.0 594.0
17.0 503.0 37.0 507.0
284.0 227.0 295.0 244.0
453.0 337.0 468.0 342.0
209.0 50.0 219.0 69.0
417.0 181.0 436.0 188.0
299.0 372.0 329.0 363.0
208.0 50.0 219.0 69.0
91.0 321.0 112.0 336.0
208.0 49.0 219.0 69.0
20.0 591.0 38.0 594.0
284.0 226.0 295.0 244.0
248.0 44.0 263.0 57.0
209.0 49.0 219.0 69.0
76.0 424.0 99.0 429.0
76.0 425.0 99.0 429.0
356.0 206.0 368.0 203.0
91.0 320.0 112.0 336.0
236.0 419.0 261.0 429.0
367.0 174.0 387.0 172.0
337.0 277.0 358.0 292.0
75.0 425.0 99.0 429.0
337.0 276.0 358.0 292.0
90.0 320.0 112.0 336.0
51.0 635.0 50.0 636.0
367.0 175.0 387.0 172.0
51.0 634.0 50.0 636.0
29.0 591.0 48.0 599.0
51.0 636.0 50.0 636.0
477.0 224.0 478.0 225.0
52.0 636.0 50.0 636.0
80.0 554.0 112.0 562.0
52.0 634.0 50.0 636.0
52.0 635.0 50.0 636.0
478.0 224.0 478.0 225.0
477.0 225.0 478.0 225.0
160.0 93.0 180.0 84.0
478.0 225.0 478.0 225.0
366.0 174.0 386.0 171.0
229.0 349.0 232.0 369.0
366.0 175.0 387.0 171.0
