204.0 208.0 222.0 202.0
209.0 256.0 227.0 249.0
204.0 209.0 222.0 202.0
208.0 257.0 226.0 249.0
171.0 171.0 187.0 164.0
209.0 255.0 227.0 249.0
296.0 558.0 313.0 547.0
208.0 256.0 227.0 249.0
205.0 236.0 223.0 228.0
270.0 550.0 285.0 541.0
203.0 207.0 222.0 202.0
208.0 255.0 227.0 249.0
296.0 557.0 313.0 547.0
269.0 551.0 286.0 540.0
170.0 172.0 186.0 164.0
208.0 254.0 226.0 248.0
206.0 234.0 224.0 228.0
209.0 254.0 227.0 249.0
206.0 235.0 224.0 228.0
178.0 293.0 194.0 285.0
204.0 235.0 223.0 228.0
203.0 208.0 222.0 202.0
204.0 236.0 223.0 228.0
205.0 234.0 223.0 228.0
205.0 235.0 223.0 228.0
203.0 209.0 222.0 202.0
178.0 291.0 195.0 283.0
204.0 234.0 223.0 228.0
139.0 242.0 157.0 237.0
207.0 256.0 226.0 249.0
171.0 170.0 187.0 164.0
203.0 188.0 223.0 180.0
270.0 551.0 286.0 540.0
204.0 187.0 223.0 180.0
169.0 171.0 186.0 165.0
139.0 243.0 157.0 237.0
205.0 233.0 223.0 228.0
170.0 170.0 187.0 164.0
170.0 171.0 187.0 164.0
295.0 557.0 313.0 547.0
295.0 558.0 313.0 547.0
207.0 257.0 226.0 249.0
75.0 166.0 98.0 162.0
138.0 242.0 157.0 237.0
179.0 291.0 195.0 285.0
202.0 207.0 222.0 202.0
204.0 186.0 223.0 178.0
169.0 170.0 187.0 164.0
202.0 209.0 222.0 202.0
166.0 89.0 183.0 79.0
166.0 90.0 183.0 79.0
207.0 255.0 226.0 249.0
203.0 210.0 222.0 202.0
178.0 292.0 195.0 283.0
138.0 243.0 157.0 237.0
75.0 167.0 98.0 162.0
203.0 186.0 223.0 180.0
203.0 187.0 223.0 180.0
207.0 254.0 226.0 248.0
137.0 173.0 155.0 166.0
271.0 550.0 285.0 541.0
204.0 233.0 223.0 228.0
268.0 551.0 284.0 541.0
202.0 210.0 222.0 202.0
74.0 167.0 98.0 162.0
202.0 208.0 222.0 202.0
277.0 522.0 293.0 512.0
74.0 166.0 97.0 161.0
277.0 523.0 293.0 512.0
165.0 85.0 182.0 79.0
137.0 243.0 157.0 237.0
179.0 292.0 195.0 285.0
138.0 219.0 160.0 213.0
165.0 86.0 182.0 79.0
278.0 523.0 294.0 512.0
271.0 551.0 286.0 540.0
277.0 524.0 294.0 512.0
179.0 293.0 195.0 285.0
201.0 208.0 222.0 202.0
201.0 209.0 222.0 202.0
139.0 220.0 160.0 213.0
169.0 240.0 187.0 233.0
138.0 220.0 160.0 213.0
136.0 173.0 155.0 166.0
166.0 87.0 183.0 79.0
22.0 81.0 22.0 71.0
138.0 221.0 160.0 213.0
165.0 87.0 182.0 79.0
202.0 363.0 220.0 354.0
166.0 88.0 183.0 79.0
276.0 523.0 293.0 512.0
450.0 258.0 460.0 251.0
168.0 219.0 185.0 211.0
22.0 80.0 22.0 71.0
276.0 522.0 293.0 512.0
170.0 240.0 187.0 233.0
31.0 272.0 36.0 261.0
168.0 240.0 187.0 233.0
329.0 214.0 345.0 207.0
449.0 258.0 460.0 251.0
202.0 362.0 220.0 354.0
23.0 80.0 22.0 71.0
23.0 81.0 21.0 77.0
135.0 173.0 155.0 166.0
330.0 214.0 347.0 207.0
330.0 213.0 347.0 207.0
429.0 37.0 443.0 28.0
32.0 272.0 36.0 261.0
167.0 219.0 185.0 211.0
90.0 253.0 108.0 246.0
402.0 77.0 419.0 67.0
137.0 219.0 160.0 213.0
33.0 273.0 36.0 261.0
92.0 253.0 108.0 246.0
32.0 273.0 36.0 263.0
33.0 272.0 36.0 261.0
429.0 38.0 443.0 28.0
23.0 82.0 21.0 77.0
166.0 219.0 185.0 211.0
170.0 241.0 187.0 233.0
137.0 221.0 160.0 213.0
430.0 37.0 444.0 28.0
23.0 79.0 22.0 71.0
330.0 215.0 346.0 208.0
101.0 191.0 121.0 185.0
201.0 361.0 220.0 354.0
91.0 253.0 108.0 246.0
34.0 272.0 36.0 261.0
340.0 309.0 360.0 302.0
429.0 39.0 443.0 28.0
331.0 213.0 347.0 207.0
169.0 241.0 187.0 233.0
428.0 38.0 443.0 28.0
449.0 257.0 460.0 251.0
168.0 218.0 185.0 211.0
167.0 218.0 185.0 211.0
31.0 273.0 36.0 263.0
34.0 273.0 36.0 261.0
101.0 192.0 118.0 186.0
201.0 363.0 220.0 354.0
401.0 77.0 419.0 67.0
201.0 362.0 220.0 354.0
431.0 38.0 444.0 28.0
137.0 220.0 160.0 213.0
272.0 550.0 285.0 541.0
390.0 93.0 407.0 78.0
24.0 79.0 22.0 71.0
92.0 252.0 108.0 246.0
168.0 217.0 186.0 211.0
201.0 364.0 220.0 354.0
24.0 81.0 21.0 77.0
406.0 97.0 421.0 90.0
284.0 597.0 299.0 588.0
431.0 37.0 444.0 28.0
91.0 252.0 108.0 246.0
401.0 78.0 419.0 67.0
102.0 191.0 121.0 185.0
430.0 38.0 444.0 28.0
99.0 192.0 118.0 186.0
103.0 192.0 118.0 186.0
331.0 214.0 347.0 207.0
348.0 166.0 365.0 159.0
389.0 93.0 406.0 79.0
100.0 191.0 118.0 185.0
390.0 332.0 407.0 323.0
400.0 78.0 419.0 67.0
406.0 98.0 421.0 90.0
200.0 362.0 220.0 354.0
90.0 252.0 108.0 246.0
102.0 192.0 118.0 186.0
200.0 363.0 220.0 354.0
430.0 39.0 444.0 28.0
400.0 77.0 419.0 67.0
418.0 270.0 432.0 263.0
417.0 271.0 432.0 264.0
450.0 257.0 460.0 251.0
410.0 333.0 427.0 332.0
100.0 192.0 118.0 186.0
417.0 270.0 432.0 263.0
409.0 334.0 426.0 333.0
390.0 333.0 408.0 324.0
390.0 334.0 408.0 324.0
339.0 310.0 360.0 302.0
389.0 333.0 408.0 324.0
349.0 166.0 365.0 159.0
417.0 269.0 432.0 263.0
99.0 191.0 118.0 185.0
389.0 332.0 409.0 322.0
418.0 269.0 432.0 263.0
416.0 270.0 432.0 263.0
410.0 334.0 426.0 333.0
388.0 588.0 402.0 577.0
347.0 166.0 365.0 159.0
409.0 333.0 427.0 332.0
136.0 220.0 160.0 213.0
339.0 308.0 359.0 301.0
390.0 94.0 407.0 78.0
370.0 593.0 382.0 583.0
285.0 596.0 299.0 588.0
284.0 598.0 299.0 588.0
388.0 587.0 402.0 577.0
408.0 333.0 426.0 332.0
389.0 331.0 407.0 323.0
349.0 167.0 365.0 159.0
389.0 334.0 408.0 324.0
285.0 597.0 299.0 588.0
370.0 594.0 382.0 583.0
286.0 597.0 299.0 588.0
348.0 167.0 365.0 159.0
410.0 332.0 427.0 332.0
409.0 332.0 427.0 332.0
446.0 124.0 459.0 116.0
387.0 588.0 401.0 577.0
371.0 44.0 389.0 35.0
348.0 168.0 365.0 159.0
371.0 593.0 382.0 583.0
347.0 167.0 365.0 159.0
446.0 123.0 459.0 116.0
371.0 43.0 389.0 33.0
446.0 122.0 459.0 116.0
349.0 168.0 365.0 159.0
372.0 594.0 383.0 585.0
347.0 168.0 365.0 159.0
388.0 333.0 409.0 322.0
416.0 269.0 432.0 263.0
372.0 593.0 382.0 583.0
410.0 331.0 427.0 332.0
410.0 423.0 421.0 416.0
339.0 309.0 360.0 302.0
408.0 332.0 426.0 332.0
371.0 594.0 382.0 583.0
388.0 334.0 408.0 324.0
376.0 41.0 391.0 33.0
376.0 42.0 391.0 33.0
446.0 125.0 459.0 116.0
388.0 332.0 409.0 322.0
409.0 422.0 423.0 416.0
370.0 44.0 389.0 33.0
460.0 270.0 472.0 264.0
409.0 423.0 421.0 417.0
286.0 598.0 299.0 588.0
284.0 599.0 298.0 589.0
410.0 422.0 421.0 416.0
387.0 333.0 409.0 322.0
350.0 167.0 365.0 159.0
409.0 331.0 426.0 332.0
338.0 309.0 359.0 301.0
285.0 598.0 299.0 588.0
447.0 123.0 459.0 116.0
408.0 423.0 421.0 417.0
387.0 332.0 409.0 322.0
447.0 124.0 459.0 116.0
460.0 269.0 472.0 264.0
395.0 284.0 411.0 276.0
459.0 270.0 472.0 264.0
380.0 192.0 395.0 186.0
362.0 413.0 382.0 404.0
443.0 364.0 451.0 368.0
447.0 125.0 459.0 116.0
361.0 412.0 382.0 404.0
379.0 192.0 394.0 186.0
361.0 413.0 382.0 404.0
394.0 284.0 411.0 276.0
378.0 193.0 394.0 186.0
444.0 364.0 451.0 368.0
285.0 599.0 299.0 588.0
403.0 157.0 417.0 148.0
362.0 414.0 382.0 404.0
361.0 414.0 382.0 404.0
379.0 193.0 395.0 186.0
400.0 447.0 417.0 437.0
405.0 377.0 418.0 372.0
395.0 283.0 411.0 276.0
456.0 502.0 466.0 496.0
440.0 633.0 451.0 635.0
454.0 502.0 466.0 496.0
360.0 413.0 382.0 404.0
453.0 64.0 466.0 55.0
396.0 283.0 411.0 276.0
286.0 599.0 299.0 588.0
406.0 377.0 418.0 372.0
440.0 634.0 451.0 635.0
454.0 503.0 466.0 496.0
399.0 447.0 417.0 437.0
405.0 376.0 418.0 372.0
360.0 412.0 382.0 404.0
360.0 414.0 382.0 404.0
439.0 633.0 451.0 635.0
443.0 363.0 451.0 368.0
394.0 283.0 411.0 276.0
439.0 634.0 451.0 635.0
439.0 635.0 451.0 635.0
380.0 193.0 395.0 186.0
378.0 194.0 395.0 186.0
349.0 70.0 377.0 50.0
403.0 156.0 417.0 148.0
406.0 376.0 418.0 372.0
456.0 503.0 466.0 496.0
455.0 502.0 466.0 496.0
454.0 63.0 466.0 55.0
407.0 377.0 418.0 372.0
455.0 503.0 466.0 496.0
404.0 158.0 418.0 149.0
379.0 194.0 395.0 186.0
453.0 63.0 466.0 55.0
404.0 157.0 417.0 148.0
404.0 156.0 417.0 148.0
438.0 634.0 451.0 635.0
435.0 378.0 449.0 369.0
378.0 195.0 395.0 186.0
435.0 377.0 449.0 369.0
403.0 158.0 417.0 148.0
436.0 376.0 449.0 369.0
436.0 377.0 449.0 369.0
422.0 388.0 435.0 382.0
435.0 376.0 449.0 369.0
407.0 376.0 418.0 372.0
405.0 157.0 418.0 149.0
394.0 413.0 403.0 406.0
403.0 155.0 417.0 148.0
434.0 376.0 449.0 369.0
454.0 590.0 464.0 583.0
112.0 171.0 98.0 161.0
422.0 389.0 435.0 382.0
394.0 412.0 404.0 406.0
455.0 589.0 464.0 583.0
420.0 143.0 437.0 133.0
454.0 589.0 464.0 583.0
423.0 388.0 435.0 382.0
423.0 389.0 435.0 382.0
434.0 377.0 449.0 369.0
348.0 70.0 377.0 50.0
454.0 588.0 464.0 583.0
456.0 590.0 465.0 582.0
452.0 321.0 467.0 315.0
395.0 413.0 403.0 406.0
427.0 582.0 443.0 573.0
455.0 590.0 464.0 583.0
455.0 588.0 464.0 583.0
428.0 323.0 428.0 333.0
21.0 163.0 11.0 151.0
456.0 589.0 464.0 583.0
426.0 583.0 443.0 573.0
353.0 302.0 360.0 303.0
353.0 301.0 360.0 303.0
434.0 130.0 453.0 119.0
425.0 582.0 443.0 573.0
426.0 582.0 443.0 573.0
22.0 163.0 11.0 151.0
355.0 301.0 382.0 283.0
429.0 324.0 426.0 333.0
453.0 321.0 467.0 315.0
452.0 320.0 467.0 315.0
454.0 321.0 467.0 315.0
429.0 323.0 426.0 333.0
376.0 397.0 389.0 391.0
434.0 131.0 453.0 119.0
376.0 398.0 389.0 391.0
375.0 397.0 389.0 391.0
431.0 325.0 447.0 319.0
377.0 398.0 389.0 391.0
434.0 132.0 453.0 119.0
432.0 325.0 447.0 319.0
377.0 399.0 389.0 391.0
376.0 399.0 389.0 391.0
354.0 301.0 382.0 283.0
375.0 398.0 389.0 391.0
425.0 583.0 443.0 573.0
6.0 345.0 31.0 338.0
7.0 345.0 31.0 338.0
433.0 131.0 453.0 119.0
453.0 320.0 467.0 315.0
