318.0 205.0 298.0 243.0
150.0 261.0 131.0 296.0
113.0 481.0 94.0 525.0
269.0 218.0 249.0 257.0
269.0 217.0 250.0 256.0
269.0 219.0 249.0 257.0
113.0 480.0 95.0 524.0
114.0 479.0 96.0 523.0
115.0 479.0 96.0 523.0
271.0 217.0 249.0 257.0
150.0 259.0 131.0 296.0
318.0 206.0 298.0 243.0
270.0 217.0 249.0 257.0
114.0 480.0 95.0 524.0
270.0 218.0 249.0 257.0
114.0 481.0 94.0 525.0
270.0 219.0 249.0 257.0
271.0 218.0 249.0 257.0
114.0 478.0 96.0 523.0
392.0 143.0 368.0 184.0
113.0 479.0 95.0 524.0
362.0 110.0 338.0 151.0
371.0 163.0 347.0 204.0
371.0 162.0 345.0 204.0
150.0 258.0 131.0 296.0
363.0 111.0 338.0 151.0
339.0 516.0 323.0 565.0
394.0 143.0 368.0 185.0
97.0 443.0 80.0 488.0
340.0 516.0 323.0 565.0
372.0 162.0 347.0 204.0
362.0 111.0 338.0 151.0
393.0 143.0 368.0 184.0
151.0 257.0 133.0 289.0
214.0 217.0 195.0 263.0
218.0 204.0 198.0 247.0
97.0 444.0 79.0 489.0
361.0 111.0 338.0 151.0
394.0 219.0 370.0 258.0
150.0 257.0 131.0 296.0
371.0 160.0 347.0 203.0
393.0 144.0 368.0 185.0
341.0 516.0 323.0 565.0
219.0 204.0 198.0 247.0
392.0 144.0 368.0 184.0
96.0 444.0 79.0 489.0
371.0 161.0 345.0 204.0
372.0 161.0 347.0 204.0
183.0 419.0 166.0 459.0
182.0 416.0 167.0 458.0
372.0 160.0 345.0 204.0
96.0 443.0 79.0 489.0
361.0 112.0 338.0 151.0
219.0 203.0 198.0 247.0
362.0 112.0 338.0 151.0
351.0 549.0 335.0 594.0
392.0 145.0 368.0 185.0
183.0 418.0 166.0 459.0
316.0 237.0 294.0 275.0
395.0 219.0 370.0 258.0
182.0 418.0 166.0 459.0
73.0 458.0 54.0 506.0
393.0 145.0 368.0 185.0
394.0 144.0 368.0 185.0
341.0 517.0 323.0 565.0
118.0 498.0 98.0 547.0
183.0 417.0 166.0 459.0
182.0 415.0 167.0 458.0
394.0 220.0 370.0 258.0
72.0 458.0 54.0 506.0
316.0 238.0 294.0 275.0
393.0 220.0 370.0 258.0
340.0 517.0 323.0 565.0
173.0 441.0 157.0 481.0
182.0 417.0 166.0 459.0
173.0 442.0 157.0 481.0
396.0 220.0 370.0 258.0
183.0 416.0 167.0 458.0
117.0 499.0 98.0 547.0
315.0 238.0 294.0 275.0
172.0 442.0 157.0 481.0
214.0 216.0 195.0 263.0
72.0 459.0 54.0 506.0
118.0 497.0 98.0 547.0
395.0 220.0 370.0 258.0
375.0 221.0 354.0 257.0
74.0 458.0 54.0 506.0
204.0 384.0 184.0 422.0
378.0 246.0 355.0 286.0
427.0 296.0 406.0 333.0
215.0 217.0 195.0 263.0
188.0 206.0 170.0 246.0
378.0 247.0 355.0 286.0
117.0 498.0 98.0 547.0
426.0 296.0 406.0 333.0
215.0 216.0 195.0 263.0
180.0 522.0 161.0 573.0
215.0 218.0 195.0 263.0
204.0 385.0 184.0 422.0
426.0 297.0 406.0 333.0
395.0 221.0 371.0 259.0
180.0 521.0 161.0 573.0
122.0 229.0 105.0 267.0
74.0 459.0 54.0 506.0
188.0 207.0 170.0 246.0
123.0 228.0 105.0 267.0
379.0 247.0 355.0 286.0
339.0 523.0 324.0 566.0
342.0 516.0 324.0 566.0
203.0 385.0 184.0 422.0
427.0 297.0 406.0 334.0
205.0 385.0 184.0 422.0
394.0 221.0 370.0 258.0
377.0 247.0 355.0 286.0
117.0 497.0 98.0 547.0
73.0 459.0 54.0 506.0
377.0 246.0 355.0 286.0
203.0 386.0 184.0 422.0
204.0 386.0 184.0 422.0
428.0 296.0 406.0 334.0
189.0 208.0 171.0 247.0
205.0 386.0 184.0 422.0
340.0 523.0 324.0 566.0
145.0 439.0 125.0 485.0
204.0 387.0 184.0 422.0
293.0 531.0 281.0 581.0
403.0 323.0 383.0 357.0
383.0 410.0 362.0 448.0
123.0 229.0 105.0 267.0
428.0 297.0 406.0 334.0
383.0 409.0 362.0 448.0
122.0 228.0 105.0 267.0
146.0 439.0 125.0 485.0
403.0 322.0 383.0 356.0
203.0 387.0 184.0 422.0
72.0 460.0 54.0 506.0
205.0 387.0 184.0 422.0
355.0 147.0 327.0 187.0
374.0 63.0 348.0 109.0
116.0 498.0 98.0 547.0
123.0 93.0 104.0 130.0
116.0 499.0 98.0 547.0
116.0 497.0 98.0 547.0
145.0 438.0 125.0 485.0
73.0 460.0 54.0 506.0
123.0 94.0 104.0 130.0
122.0 230.0 105.0 267.0
403.0 324.0 383.0 357.0
356.0 148.0 327.0 187.0
402.0 323.0 383.0 357.0
188.0 208.0 171.0 247.0
356.0 147.0 327.0 187.0
402.0 324.0 383.0 357.0
164.0 118.0 147.0 159.0
146.0 438.0 125.0 485.0
292.0 531.0 281.0 581.0
146.0 437.0 125.0 485.0
393.0 350.0 374.0 394.0
366.0 79.0 340.0 123.0
292.0 532.0 281.0 581.0
393.0 351.0 374.0 394.0
367.0 79.0 340.0 123.0
393.0 349.0 373.0 379.0
147.0 438.0 125.0 485.0
392.0 349.0 373.0 379.0
392.0 351.0 374.0 394.0
392.0 350.0 373.0 379.0
188.0 209.0 171.0 248.0
293.0 533.0 281.0 581.0
212.0 320.0 191.0 356.0
212.0 321.0 191.0 357.0
293.0 532.0 281.0 581.0
293.0 534.0 281.0 581.0
292.0 533.0 281.0 581.0
394.0 350.0 374.0 394.0
147.0 437.0 125.0 485.0
82.0 434.0 60.0 488.0
362.0 49.0 334.0 94.0
213.0 321.0 191.0 357.0
212.0 322.0 191.0 357.0
292.0 534.0 281.0 581.0
213.0 322.0 191.0 357.0
212.0 323.0 191.0 357.0
389.0 370.0 374.0 395.0
365.0 84.0 340.0 125.0
310.0 193.0 297.0 243.0
394.0 349.0 373.0 394.0
389.0 371.0 374.0 395.0
311.0 193.0 297.0 243.0
83.0 433.0 60.0 488.0
347.0 211.0 317.0 253.0
348.0 212.0 317.0 253.0
429.0 148.0 411.0 189.0
348.0 211.0 317.0 253.0
330.0 13.0 323.0 12.0
429.0 149.0 411.0 189.0
82.0 433.0 60.0 488.0
311.0 192.0 297.0 243.0
389.0 372.0 374.0 395.0
330.0 14.0 323.0 12.0
275.0 144.0 253.0 190.0
428.0 147.0 411.0 189.0
91.0 142.0 58.0 178.0
91.0 143.0 58.0 178.0
310.0 192.0 297.0 243.0
347.0 210.0 317.0 253.0
123.0 546.0 105.0 600.0
428.0 148.0 411.0 189.0
148.0 152.0 140.0 191.0
348.0 210.0 317.0 253.0
276.0 144.0 253.0 190.0
124.0 549.0 105.0 600.0
92.0 143.0 58.0 178.0
123.0 549.0 105.0 600.0
112.0 31.0 93.0 76.0
330.0 15.0 323.0 12.0
124.0 548.0 105.0 600.0
148.0 151.0 140.0 191.0
275.0 143.0 253.0 190.0
124.0 547.0 105.0 600.0
428.0 149.0 411.0 189.0
276.0 143.0 253.0 190.0
275.0 142.0 253.0 190.0
82.0 432.0 60.0 488.0
349.0 12.0 326.0 32.0
123.0 547.0 105.0 600.0
348.0 11.0 326.0 32.0
147.0 152.0 140.0 191.0
457.0 184.0 431.0 227.0
123.0 548.0 105.0 600.0
349.0 11.0 326.0 32.0
122.0 548.0 105.0 600.0
348.0 12.0 326.0 32.0
412.0 192.0 378.0 237.0
111.0 29.0 92.0 76.0
281.0 516.0 258.0 567.0
111.0 30.0 92.0 76.0
122.0 547.0 105.0 600.0
210.0 341.0 195.0 305.0
335.0 40.0 309.0 86.0
15.0 18.0 8.0 21.0
275.0 542.0 255.0 584.0
111.0 31.0 92.0 76.0
15.0 19.0 8.0 21.0
276.0 542.0 255.0 584.0
211.0 341.0 195.0 305.0
385.0 39.0 359.0 78.0
110.0 31.0 92.0 76.0
282.0 515.0 258.0 567.0
210.0 342.0 196.0 304.0
110.0 29.0 92.0 76.0
110.0 30.0 92.0 76.0
