400.0 93.0 392.0 109.0
401.0 92.0 393.0 109.0
401.0 93.0 392.0 109.0
400.0 94.0 392.0 109.0
402.0 93.0 393.0 109.0
402.0 92.0 393.0 109.0
403.0 92.0 393.0 109.0
403.0 93.0 393.0 109.0
395.0 259.0 384.0 277.0
401.0 94.0 392.0 109.0
402.0 94.0 392.0 109.0
394.0 259.0 384.0 277.0
382.0 275.0 371.0 294.0
383.0 275.0 372.0 294.0
88.0 384.0 67.0 396.0
88.0 383.0 67.0 396.0
458.0 464.0 453.0 474.0
87.0 384.0 67.0 396.0
458.0 465.0 453.0 474.0
89.0 384.0 67.0 396.0
382.0 274.0 371.0 294.0
394.0 260.0 384.0 277.0
384.0 274.0 372.0 294.0
199.0 338.0 182.0 351.0
342.0 113.0 335.0 131.0
383.0 274.0 372.0 294.0
198.0 339.0 182.0 351.0
200.0 338.0 182.0 351.0
393.0 260.0 384.0 277.0
383.0 273.0 372.0 294.0
394.0 261.0 384.0 277.0
199.0 339.0 182.0 351.0
457.0 465.0 453.0 474.0
200.0 339.0 182.0 351.0
74.0 253.0 53.0 262.0
382.0 273.0 372.0 294.0
199.0 340.0 182.0 351.0
201.0 339.0 182.0 351.0
73.0 253.0 53.0 262.0
250.0 290.0 238.0 302.0
415.0 431.0 409.0 438.0
73.0 252.0 53.0 262.0
457.0 436.0 454.0 444.0
200.0 340.0 182.0 351.0
342.0 114.0 335.0 131.0
159.0 324.0 139.0 337.0
72.0 253.0 53.0 262.0
416.0 430.0 409.0 438.0
457.0 437.0 454.0 444.0
201.0 340.0 182.0 351.0
115.0 354.0 97.0 363.0
194.0 175.0 179.0 187.0
321.0 607.0 315.0 610.0
114.0 354.0 97.0 363.0
392.0 260.0 384.0 277.0
456.0 436.0 454.0 444.0
195.0 174.0 180.0 187.0
322.0 606.0 315.0 610.0
393.0 261.0 384.0 277.0
245.0 290.0 238.0 302.0
90.0 199.0 67.0 205.0
322.0 607.0 315.0 610.0
233.0 206.0 222.0 217.0
89.0 199.0 67.0 205.0
195.0 175.0 180.0 187.0
195.0 177.0 179.0 188.0
346.0 160.0 337.0 177.0
90.0 200.0 67.0 205.0
416.0 431.0 409.0 438.0
194.0 176.0 179.0 188.0
195.0 176.0 179.0 188.0
392.0 261.0 384.0 277.0
160.0 324.0 139.0 337.0
415.0 432.0 409.0 438.0
394.0 608.0 387.0 616.0
346.0 161.0 337.0 177.0
232.0 207.0 222.0 217.0
230.0 206.0 221.0 217.0
436.0 515.0 433.0 521.0
196.0 175.0 180.0 187.0
29.0 29.0 14.0 29.0
244.0 291.0 238.0 302.0
81.0 362.0 64.0 371.0
28.0 30.0 14.0 29.0
456.0 437.0 454.0 444.0
232.0 206.0 221.0 217.0
259.0 229.0 248.0 243.0
80.0 362.0 64.0 371.0
29.0 30.0 14.0 29.0
435.0 515.0 433.0 521.0
345.0 161.0 337.0 177.0
230.0 207.0 221.0 217.0
345.0 160.0 337.0 177.0
321.0 606.0 315.0 610.0
171.0 265.0 157.0 277.0
245.0 291.0 238.0 302.0
231.0 205.0 221.0 217.0
258.0 230.0 248.0 243.0
322.0 605.0 315.0 610.0
160.0 323.0 139.0 337.0
28.0 29.0 14.0 29.0
171.0 230.0 154.0 237.0
436.0 516.0 433.0 521.0
320.0 606.0 315.0 610.0
346.0 159.0 337.0 177.0
435.0 516.0 433.0 521.0
196.0 176.0 179.0 188.0
375.0 170.0 362.0 187.0
232.0 205.0 221.0 217.0
376.0 170.0 362.0 187.0
81.0 361.0 65.0 371.0
27.0 29.0 14.0 29.0
369.0 119.0 360.0 136.0
321.0 605.0 315.0 610.0
86.0 235.0 71.0 236.0
80.0 361.0 65.0 371.0
27.0 28.0 14.0 29.0
28.0 28.0 14.0 29.0
231.0 207.0 222.0 217.0
374.0 171.0 362.0 187.0
258.0 229.0 248.0 243.0
231.0 206.0 221.0 217.0
231.0 12.0 215.0 21.0
462.0 435.0 454.0 444.0
230.0 12.0 215.0 21.0
225.0 13.0 215.0 21.0
229.0 13.0 215.0 21.0
164.0 100.0 145.0 105.0
320.0 605.0 314.0 610.0
170.0 265.0 157.0 277.0
90.0 342.0 65.0 357.0
370.0 120.0 360.0 136.0
231.0 208.0 222.0 217.0
27.0 27.0 14.0 29.0
161.0 323.0 138.0 336.0
187.0 94.0 170.0 101.0
375.0 171.0 362.0 187.0
226.0 13.0 215.0 21.0
231.0 13.0 215.0 21.0
170.0 266.0 157.0 277.0
137.0 187.0 118.0 194.0
416.0 432.0 409.0 438.0
369.0 120.0 360.0 136.0
172.0 230.0 154.0 237.0
355.0 140.0 341.0 156.0
122.0 136.0 102.0 139.0
126.0 206.0 108.0 215.0
137.0 188.0 118.0 194.0
138.0 187.0 118.0 194.0
369.0 121.0 360.0 136.0
379.0 155.0 371.0 170.0
230.0 13.0 215.0 21.0
123.0 137.0 102.0 139.0
368.0 121.0 360.0 136.0
186.0 95.0 170.0 101.0
108.0 263.0 93.0 270.0
124.0 136.0 102.0 139.0
228.0 13.0 215.0 21.0
122.0 137.0 102.0 139.0
227.0 13.0 215.0 21.0
108.0 264.0 93.0 270.0
367.0 121.0 360.0 136.0
138.0 189.0 118.0 194.0
368.0 119.0 360.0 136.0
123.0 136.0 102.0 139.0
169.0 265.0 157.0 277.0
172.0 231.0 154.0 237.0
124.0 137.0 102.0 139.0
368.0 120.0 360.0 136.0
374.0 117.0 360.0 136.0
367.0 120.0 360.0 136.0
244.0 292.0 238.0 302.0
173.0 230.0 154.0 237.0
374.0 116.0 360.0 136.0
138.0 188.0 118.0 194.0
90.0 252.0 76.0 262.0
188.0 94.0 170.0 101.0
203.0 21.0 185.0 27.0
354.0 562.0 348.0 566.0
85.0 235.0 71.0 236.0
180.0 172.0 165.0 180.0
139.0 189.0 118.0 194.0
165.0 100.0 145.0 105.0
202.0 21.0 185.0 27.0
178.0 173.0 164.0 180.0
179.0 173.0 165.0 180.0
179.0 172.0 165.0 180.0
179.0 171.0 165.0 180.0
353.0 561.0 348.0 566.0
173.0 231.0 154.0 237.0
178.0 172.0 164.0 180.0
202.0 6.0 181.0 11.0
107.0 263.0 93.0 270.0
139.0 188.0 118.0 194.0
202.0 7.0 181.0 11.0
178.0 171.0 164.0 180.0
355.0 141.0 341.0 156.0
355.0 561.0 348.0 566.0
354.0 561.0 348.0 566.0
308.0 212.0 302.0 220.0
32.0 245.0 15.0 250.0
31.0 387.0 11.0 396.0
106.0 263.0 93.0 270.0
139.0 187.0 118.0 194.0
203.0 22.0 185.0 27.0
160.0 556.0 146.0 568.0
192.0 22.0 185.0 27.0
356.0 140.0 341.0 156.0
355.0 560.0 348.0 566.0
193.0 22.0 185.0 27.0
107.0 264.0 93.0 270.0
354.0 560.0 348.0 566.0
166.0 100.0 145.0 105.0
89.0 252.0 76.0 262.0
204.0 22.0 185.0 27.0
187.0 95.0 170.0 101.0
188.0 95.0 170.0 101.0
165.0 101.0 145.0 105.0
307.0 212.0 302.0 219.0
132.0 208.0 108.0 215.0
203.0 6.0 181.0 11.0
203.0 7.0 181.0 11.0
356.0 141.0 341.0 156.0
308.0 213.0 302.0 220.0
166.0 101.0 145.0 105.0
251.0 238.0 247.0 243.0
166.0 102.0 145.0 105.0
174.0 230.0 154.0 237.0
133.0 346.0 118.0 364.0
14.0 213.0 6.0 164.0
81.0 40.0 56.0 39.0
167.0 101.0 145.0 105.0
32.0 244.0 15.0 250.0
357.0 140.0 341.0 156.0
308.0 214.0 302.0 220.0
33.0 244.0 15.0 250.0
106.0 264.0 93.0 270.0
131.0 347.0 118.0 364.0
307.0 213.0 302.0 219.0
33.0 245.0 15.0 250.0
15.0 213.0 6.0 164.0
132.0 346.0 118.0 364.0
230.0 189.0 210.0 203.0
133.0 209.0 108.0 215.0
133.0 208.0 108.0 215.0
62.0 289.0 45.0 286.0
251.0 239.0 247.0 243.0
148.0 149.0 130.0 151.0
231.0 189.0 210.0 203.0
14.0 212.0 6.0 164.0
13.0 65.0 2.0 49.0
15.0 212.0 6.0 164.0
149.0 149.0 130.0 151.0
44.0 214.0 29.0 217.0
250.0 239.0 247.0 243.0
61.0 289.0 45.0 286.0
133.0 345.0 118.0 364.0
14.0 65.0 2.0 49.0
82.0 41.0 56.0 39.0
82.0 40.0 56.0 39.0
250.0 240.0 247.0 243.0
131.0 346.0 118.0 364.0
43.0 214.0 27.0 218.0
132.0 345.0 118.0 364.0
323.0 210.0 302.0 220.0
44.0 213.0 29.0 217.0
82.0 39.0 55.0 39.0
44.0 212.0 27.0 218.0
42.0 213.0 27.0 218.0
148.0 150.0 130.0 151.0
43.0 212.0 27.0 218.0
199.0 297.0 154.0 237.0
42.0 184.0 27.0 198.0
149.0 150.0 130.0 151.0
106.0 288.0 88.0 310.0
125.0 238.0 114.0 252.0
186.0 143.0 181.0 139.0
43.0 213.0 27.0 218.0
323.0 211.0 302.0 220.0
62.0 290.0 45.0 286.0
