131.0 22.0 133.0 36.0
404.0 48.0 405.0 49.0
171.0 155.0 174.0 165.0
172.0 155.0 174.0 165.0
131.0 21.0 133.0 36.0
185.0 75.0 187.0 88.0
403.0 47.0 405.0 49.0
404.0 47.0 405.0 49.0
403.0 48.0 405.0 49.0
172.0 154.0 174.0 165.0
111.0 154.0 114.0 165.0
112.0 155.0 114.0 165.0
171.0 154.0 174.0 165.0
130.0 21.0 133.0 36.0
112.0 153.0 114.0 165.0
111.0 153.0 114.0 165.0
130.0 22.0 133.0 36.0
184.0 75.0 187.0 87.0
173.0 154.0 175.0 165.0
36.0 67.0 40.0 83.0
225.0 161.0 229.0 172.0
112.0 154.0 114.0 165.0
36.0 68.0 40.0 85.0
113.0 154.0 115.0 165.0
184.0 353.0 188.0 359.0
185.0 76.0 187.0 88.0
184.0 352.0 188.0 359.0
403.0 46.0 405.0 49.0
35.0 67.0 39.0 84.0
26.0 126.0 30.0 139.0
98.0 250.0 100.0 262.0
185.0 352.0 188.0 359.0
185.0 353.0 188.0 359.0
278.0 204.0 283.0 209.0
67.0 502.0 69.0 511.0
185.0 354.0 188.0 359.0
66.0 502.0 69.0 511.0
78.0 144.0 78.0 156.0
155.0 83.0 156.0 97.0
121.0 228.0 123.0 241.0
184.0 354.0 188.0 359.0
454.0 98.0 459.0 99.0
455.0 98.0 459.0 99.0
279.0 204.0 283.0 209.0
77.0 144.0 78.0 156.0
63.0 325.0 68.0 335.0
67.0 503.0 69.0 511.0
246.0 274.0 251.0 282.0
35.0 324.0 38.0 334.0
184.0 76.0 187.0 88.0
391.0 346.0 401.0 346.0
413.0 425.0 427.0 423.0
77.0 487.0 80.0 497.0
392.0 346.0 403.0 346.0
454.0 99.0 459.0 99.0
76.0 143.0 78.0 156.0
112.0 510.0 114.0 518.0
316.0 306.0 322.0 309.0
66.0 503.0 69.0 511.0
155.0 84.0 156.0 97.0
36.0 325.0 38.0 334.0
247.0 274.0 251.0 281.0
77.0 143.0 78.0 156.0
36.0 324.0 38.0 334.0
25.0 126.0 30.0 139.0
231.0 271.0 237.0 276.0
246.0 275.0 251.0 282.0
156.0 83.0 156.0 97.0
455.0 99.0 459.0 99.0
391.0 347.0 403.0 346.0
77.0 488.0 80.0 497.0
26.0 127.0 30.0 139.0
62.0 325.0 68.0 335.0
98.0 452.0 100.0 462.0
112.0 509.0 114.0 518.0
112.0 511.0 114.0 518.0
155.0 85.0 156.0 97.0
264.0 202.0 267.0 209.0
9.0 446.0 12.0 454.0
62.0 326.0 68.0 335.0
97.0 451.0 100.0 462.0
392.0 347.0 403.0 346.0
247.0 275.0 251.0 282.0
97.0 452.0 99.0 462.0
176.0 255.0 180.0 263.0
35.0 325.0 38.0 334.0
121.0 229.0 123.0 241.0
96.0 452.0 99.0 462.0
274.0 421.0 282.0 429.0
221.0 412.0 225.0 420.0
176.0 254.0 180.0 263.0
316.0 305.0 323.0 309.0
221.0 413.0 225.0 420.0
143.0 156.0 147.0 169.0
63.0 326.0 68.0 335.0
206.0 249.0 211.0 258.0
156.0 84.0 156.0 97.0
119.0 303.0 122.0 313.0
121.0 230.0 123.0 241.0
131.0 538.0 137.0 547.0
64.0 326.0 68.0 335.0
34.0 325.0 38.0 334.0
143.0 157.0 147.0 169.0
330.0 421.0 338.0 421.0
275.0 422.0 282.0 429.0
111.0 510.0 114.0 518.0
377.0 438.0 390.0 438.0
354.0 364.0 365.0 365.0
175.0 254.0 180.0 263.0
175.0 255.0 179.0 264.0
220.0 413.0 225.0 420.0
126.0 417.0 129.0 425.0
330.0 420.0 338.0 421.0
119.0 302.0 123.0 312.0
144.0 156.0 147.0 169.0
459.0 122.0 462.0 122.0
460.0 122.0 462.0 122.0
153.0 306.0 156.0 313.0
255.0 357.0 260.0 363.0
115.0 284.0 116.0 293.0
376.0 438.0 390.0 438.0
192.0 287.0 197.0 293.0
120.0 303.0 123.0 312.0
274.0 422.0 282.0 429.0
247.0 605.0 256.0 612.0
120.0 304.0 123.0 312.0
330.0 419.0 338.0 421.0
222.0 413.0 225.0 420.0
122.0 229.0 123.0 241.0
175.0 256.0 179.0 264.0
56.0 369.0 63.0 381.0
460.0 121.0 462.0 122.0
461.0 122.0 462.0 122.0
78.0 597.0 80.0 607.0
97.0 330.0 104.0 339.0
205.0 249.0 211.0 258.0
201.0 480.0 206.0 488.0
201.0 479.0 206.0 488.0
200.0 479.0 206.0 488.0
97.0 453.0 100.0 463.0
145.0 334.0 148.0 340.0
397.0 368.0 409.0 365.0
79.0 596.0 80.0 607.0
79.0 597.0 80.0 607.0
266.0 494.0 274.0 499.0
79.0 598.0 80.0 608.0
194.0 570.0 203.0 578.0
246.0 586.0 255.0 593.0
25.0 127.0 30.0 139.0
247.0 606.0 256.0 612.0
276.0 312.0 283.0 316.0
276.0 311.0 283.0 316.0
460.0 123.0 462.0 122.0
221.0 414.0 225.0 420.0
115.0 285.0 116.0 293.0
377.0 437.0 390.0 438.0
193.0 287.0 197.0 293.0
131.0 537.0 137.0 547.0
255.0 356.0 260.0 363.0
144.0 155.0 147.0 169.0
255.0 355.0 260.0 363.0
376.0 437.0 390.0 438.0
127.0 417.0 130.0 425.0
193.0 570.0 203.0 578.0
129.0 492.0 130.0 501.0
123.0 520.0 128.0 528.0
56.0 368.0 63.0 381.0
91.0 392.0 92.0 398.0
206.0 248.0 211.0 258.0
114.0 285.0 116.0 293.0
420.0 476.0 435.0 473.0
192.0 286.0 197.0 293.0
419.0 476.0 435.0 473.0
127.0 418.0 130.0 425.0
247.0 586.0 256.0 593.0
144.0 157.0 147.0 169.0
204.0 249.0 211.0 259.0
419.0 371.0 428.0 369.0
129.0 491.0 130.0 501.0
321.0 434.0 330.0 436.0
131.0 536.0 137.0 547.0
241.0 529.0 250.0 537.0
146.0 334.0 149.0 342.0
55.0 368.0 63.0 381.0
405.0 19.0 406.0 28.0
321.0 435.0 330.0 436.0
355.0 364.0 365.0 365.0
86.0 409.0 89.0 417.0
85.0 409.0 88.0 416.0
246.0 585.0 255.0 593.0
247.0 585.0 256.0 593.0
267.0 494.0 274.0 499.0
397.0 367.0 409.0 365.0
114.0 284.0 116.0 293.0
130.0 537.0 137.0 547.0
25.0 128.0 30.0 139.0
90.0 392.0 92.0 399.0
97.0 329.0 103.0 338.0
57.0 387.0 59.0 399.0
331.0 518.0 340.0 521.0
128.0 491.0 130.0 500.0
242.0 529.0 250.0 537.0
397.0 366.0 409.0 364.0
193.0 286.0 197.0 293.0
265.0 494.0 274.0 499.0
128.0 417.0 130.0 425.0
177.0 335.0 180.0 342.0
205.0 248.0 211.0 258.0
123.0 519.0 128.0 528.0
146.0 333.0 149.0 341.0
277.0 312.0 283.0 317.0
275.0 421.0 282.0 429.0
242.0 530.0 250.0 537.0
265.0 495.0 274.0 499.0
129.0 493.0 131.0 501.0
229.0 266.0 236.0 276.0
130.0 536.0 137.0 547.0
331.0 517.0 340.0 521.0
405.0 18.0 406.0 28.0
85.0 408.0 88.0 416.0
177.0 334.0 180.0 342.0
89.0 392.0 92.0 399.0
142.0 205.0 145.0 218.0
277.0 311.0 283.0 317.0
95.0 597.0 96.0 604.0
267.0 495.0 274.0 500.0
76.0 368.0 83.0 376.0
266.0 495.0 274.0 499.0
459.0 312.0 469.0 309.0
128.0 492.0 130.0 501.0
128.0 493.0 130.0 501.0
57.0 386.0 59.0 399.0
84.0 409.0 88.0 416.0
84.0 408.0 88.0 416.0
242.0 531.0 250.0 537.0
301.0 323.0 308.0 327.0
356.0 364.0 366.0 365.0
57.0 385.0 59.0 399.0
241.0 530.0 250.0 537.0
145.0 333.0 148.0 340.0
459.0 311.0 469.0 309.0
241.0 531.0 250.0 537.0
144.0 491.0 147.0 500.0
217.0 511.0 224.0 517.0
264.0 434.0 269.0 439.0
401.0 487.0 414.0 487.0
77.0 368.0 83.0 376.0
264.0 435.0 269.0 439.0
301.0 324.0 308.0 327.0
58.0 386.0 59.0 399.0
202.0 434.0 207.0 442.0
122.0 519.0 128.0 528.0
76.0 369.0 83.0 376.0
420.0 370.0 428.0 369.0
396.0 367.0 409.0 364.0
401.0 488.0 414.0 487.0
201.0 434.0 207.0 442.0
288.0 530.0 294.0 534.0
194.0 569.0 203.0 578.0
141.0 205.0 145.0 218.0
290.0 493.0 300.0 497.0
193.0 569.0 203.0 578.0
176.0 334.0 180.0 342.0
129.0 417.0 130.0 425.0
228.0 265.0 236.0 276.0
420.0 371.0 428.0 369.0
330.0 517.0 340.0 521.0
77.0 369.0 83.0 376.0
434.0 605.0 450.0 605.0
202.0 433.0 207.0 442.0
401.0 489.0 414.0 487.0
400.0 488.0 414.0 487.0
58.0 385.0 59.0 399.0
128.0 418.0 130.0 425.0
458.0 312.0 468.0 310.0
288.0 529.0 294.0 534.0
195.0 569.0 203.0 578.0
265.0 435.0 269.0 439.0
301.0 322.0 308.0 327.0
310.0 553.0 322.0 557.0
434.0 604.0 450.0 605.0
434.0 606.0 450.0 605.0
458.0 311.0 467.0 309.0
433.0 605.0 450.0 605.0
201.0 433.0 207.0 442.0
433.0 604.0 449.0 604.0
176.0 335.0 180.0 342.0
58.0 384.0 59.0 399.0
104.0 394.0 108.0 400.0
284.0 353.0 291.0 357.0
435.0 605.0 450.0 605.0
400.0 489.0 414.0 487.0
119.0 595.0 121.0 606.0
216.0 511.0 224.0 517.0
216.0 512.0 224.0 517.0
176.0 333.0 180.0 342.0
256.0 472.0 266.0 477.0
257.0 471.0 266.0 477.0
256.0 470.0 266.0 477.0
117.0 332.0 129.0 340.0
31.0 609.0 37.0 627.0
194.0 568.0 203.0 578.0
217.0 512.0 224.0 517.0
330.0 518.0 340.0 521.0
81.0 275.0 85.0 283.0
289.0 530.0 294.0 534.0
117.0 331.0 129.0 340.0
256.0 473.0 266.0 477.0
340.0 579.0 354.0 581.0
143.0 204.0 145.0 218.0
257.0 470.0 266.0 477.0
264.0 436.0 269.0 439.0
370.0 520.0 385.0 520.0
329.0 517.0 340.0 521.0
309.0 552.0 322.0 557.0
145.0 238.0 153.0 250.0
31.0 610.0 37.0 627.0
310.0 552.0 322.0 557.0
257.0 472.0 266.0 477.0
118.0 596.0 121.0 606.0
291.0 493.0 300.0 497.0
116.0 331.0 129.0 340.0
256.0 471.0 266.0 477.0
141.0 204.0 145.0 218.0
333.0 543.0 343.0 547.0
244.0 624.0 251.0 633.0
142.0 204.0 145.0 218.0
116.0 332.0 129.0 340.0
332.0 542.0 342.0 546.0
339.0 579.0 353.0 581.0
291.0 494.0 300.0 497.0
119.0 596.0 121.0 606.0
274.0 382.0 283.0 391.0
118.0 331.0 129.0 340.0
333.0 544.0 343.0 547.0
321.0 467.0 326.0 474.0
275.0 382.0 283.0 391.0
421.0 371.0 428.0 369.0
117.0 330.0 129.0 340.0
275.0 381.0 283.0 391.0
220.0 570.0 224.0 582.0
332.0 543.0 342.0 547.0
333.0 542.0 343.0 547.0
453.0 324.0 458.0 325.0
321.0 466.0 326.0 474.0
142.0 203.0 145.0 218.0
414.0 505.0 428.0 496.0
274.0 381.0 283.0 391.0
273.0 381.0 283.0 391.0
239.0 475.0 251.0 475.0
72.0 448.0 66.0 458.0
71.0 448.0 66.0 458.0
239.0 476.0 251.0 475.0
72.0 449.0 66.0 458.0
238.0 476.0 250.0 476.0
240.0 476.0 250.0 476.0
38.0 48.0 39.0 84.0
71.0 449.0 66.0 458.0
39.0 48.0 39.0 84.0
290.0 377.0 297.0 379.0
185.0 426.0 177.0 433.0
39.0 47.0 39.0 84.0
38.0 47.0 39.0 84.0
427.0 368.0 428.0 369.0
