454.0 572.0 454.0 582.0
455.0 573.0 454.0 582.0
449.0 212.0 446.0 222.0
450.0 212.0 446.0 222.0
455.0 572.0 454.0 581.0
456.0 572.0 455.0 581.0
199.0 131.0 197.0 143.0
15.0 385.0 12.0 398.0
16.0 385.0 12.0 398.0
455.0 571.0 454.0 581.0
15.0 386.0 12.0 398.0
371.0 269.0 368.0 276.0
449.0 213.0 446.0 222.0
371.0 268.0 368.0 276.0
450.0 213.0 446.0 222.0
88.0 369.0 83.0 381.0
17.0 385.0 12.0 398.0
200.0 131.0 197.0 143.0
17.0 386.0 12.0 398.0
199.0 130.0 197.0 143.0
172.0 547.0 166.0 561.0
372.0 268.0 368.0 276.0
243.0 110.0 240.0 124.0
353.0 563.0 351.0 574.0
451.0 212.0 446.0 222.0
199.0 132.0 196.0 144.0
172.0 546.0 166.0 561.0
16.0 386.0 12.0 398.0
304.0 294.0 302.0 303.0
353.0 257.0 349.0 267.0
357.0 466.0 355.0 476.0
97.0 387.0 93.0 398.0
198.0 131.0 197.0 143.0
372.0 269.0 368.0 278.0
358.0 346.0 355.0 354.0
451.0 213.0 446.0 222.0
357.0 348.0 355.0 354.0
352.0 256.0 349.0 267.0
154.0 537.0 149.0 552.0
376.0 163.0 372.0 173.0
358.0 347.0 355.0 354.0
69.0 399.0 64.0 411.0
305.0 293.0 302.0 303.0
155.0 539.0 149.0 552.0
155.0 538.0 149.0 552.0
404.0 569.0 403.0 578.0
336.0 500.0 334.0 510.0
88.0 368.0 83.0 381.0
127.0 325.0 124.0 332.0
375.0 164.0 371.0 173.0
353.0 564.0 351.0 575.0
17.0 387.0 12.0 398.0
452.0 236.0 450.0 244.0
298.0 451.0 295.0 462.0
171.0 548.0 166.0 562.0
354.0 563.0 351.0 575.0
299.0 450.0 296.0 462.0
69.0 398.0 64.0 411.0
353.0 256.0 350.0 266.0
358.0 345.0 355.0 354.0
357.0 347.0 355.0 354.0
234.0 384.0 230.0 392.0
70.0 399.0 65.0 411.0
259.0 433.0 256.0 446.0
305.0 294.0 302.0 303.0
376.0 164.0 372.0 173.0
91.0 405.0 86.0 417.0
336.0 499.0 334.0 510.0
155.0 537.0 149.0 552.0
453.0 236.0 450.0 244.0
304.0 295.0 302.0 303.0
357.0 346.0 355.0 354.0
316.0 280.0 314.0 289.0
471.0 99.0 468.0 108.0
309.0 467.0 307.0 479.0
151.0 472.0 147.0 482.0
319.0 354.0 318.0 365.0
320.0 355.0 318.0 365.0
169.0 117.0 159.0 126.0
376.0 165.0 371.0 173.0
406.0 568.0 403.0 578.0
358.0 466.0 355.0 476.0
354.0 564.0 351.0 575.0
315.0 280.0 314.0 289.0
354.0 256.0 351.0 266.0
405.0 568.0 403.0 578.0
305.0 295.0 302.0 303.0
379.0 462.0 375.0 475.0
318.0 354.0 316.0 364.0
260.0 433.0 256.0 446.0
92.0 405.0 86.0 417.0
171.0 547.0 166.0 562.0
309.0 466.0 306.0 479.0
405.0 567.0 403.0 578.0
454.0 236.0 450.0 244.0
244.0 111.0 240.0 124.0
237.0 123.0 234.0 133.0
351.0 293.0 347.0 302.0
471.0 101.0 468.0 109.0
470.0 101.0 468.0 108.0
234.0 383.0 230.0 392.0
310.0 467.0 307.0 479.0
357.0 345.0 355.0 354.0
282.0 109.0 277.0 121.0
91.0 406.0 86.0 418.0
471.0 100.0 468.0 108.0
260.0 432.0 256.0 446.0
379.0 463.0 377.0 474.0
319.0 355.0 318.0 365.0
154.0 538.0 149.0 552.0
320.0 356.0 318.0 365.0
171.0 546.0 166.0 561.0
306.0 293.0 303.0 302.0
453.0 235.0 450.0 244.0
452.0 235.0 450.0 244.0
281.0 109.0 277.0 121.0
310.0 466.0 307.0 479.0
353.0 255.0 350.0 265.0
300.0 450.0 296.0 462.0
92.0 406.0 87.0 418.0
243.0 111.0 240.0 124.0
405.0 569.0 403.0 578.0
247.0 415.0 244.0 426.0
235.0 383.0 230.0 392.0
472.0 100.0 468.0 108.0
115.0 350.0 111.0 359.0
282.0 110.0 277.0 121.0
247.0 416.0 243.0 426.0
316.0 281.0 314.0 289.0
340.0 515.0 338.0 527.0
317.0 280.0 314.0 289.0
115.0 572.0 109.0 586.0
404.0 568.0 403.0 578.0
350.0 293.0 347.0 302.0
387.0 256.0 384.0 266.0
204.0 470.0 201.0 480.0
315.0 279.0 314.0 289.0
372.0 415.0 369.0 426.0
318.0 355.0 316.0 364.0
114.0 572.0 109.0 586.0
316.0 279.0 314.0 289.0
281.0 110.0 277.0 121.0
198.0 574.0 194.0 587.0
472.0 101.0 468.0 109.0
170.0 548.0 166.0 562.0
388.0 257.0 385.0 266.0
353.0 412.0 351.0 423.0
335.0 143.0 332.0 153.0
353.0 413.0 351.0 423.0
269.0 322.0 265.0 333.0
248.0 416.0 244.0 426.0
259.0 434.0 256.0 446.0
341.0 515.0 338.0 527.0
256.0 82.0 252.0 96.0
451.0 235.0 449.0 245.0
341.0 516.0 339.0 527.0
260.0 435.0 256.0 446.0
475.0 259.0 470.0 268.0
296.0 187.0 292.0 199.0
115.0 349.0 111.0 359.0
474.0 259.0 470.0 268.0
475.0 258.0 470.0 267.0
170.0 117.0 159.0 126.0
340.0 516.0 338.0 527.0
380.0 462.0 375.0 475.0
288.0 356.0 286.0 365.0
310.0 465.0 306.0 477.0
243.0 112.0 240.0 124.0
299.0 451.0 296.0 462.0
311.0 466.0 307.0 479.0
474.0 258.0 470.0 267.0
350.0 294.0 347.0 302.0
319.0 356.0 318.0 365.0
387.0 257.0 384.0 266.0
413.0 196.0 409.0 206.0
235.0 382.0 230.0 392.0
335.0 144.0 332.0 153.0
287.0 356.0 286.0 365.0
349.0 293.0 346.0 302.0
255.0 82.0 252.0 95.0
280.0 109.0 277.0 120.0
260.0 434.0 256.0 446.0
297.0 187.0 292.0 199.0
412.0 197.0 409.0 206.0
115.0 348.0 111.0 359.0
249.0 416.0 244.0 426.0
388.0 258.0 385.0 267.0
248.0 415.0 244.0 426.0
380.0 464.0 377.0 474.0
351.0 294.0 347.0 302.0
475.0 257.0 470.0 267.0
255.0 83.0 252.0 96.0
306.0 294.0 303.0 302.0
256.0 83.0 252.0 96.0
387.0 259.0 385.0 267.0
342.0 424.0 340.0 435.0
449.0 129.0 447.0 137.0
283.0 409.0 278.0 417.0
288.0 357.0 286.0 365.0
336.0 143.0 332.0 153.0
181.0 187.0 175.0 204.0
354.0 412.0 351.0 423.0
413.0 197.0 409.0 206.0
380.0 463.0 377.0 474.0
115.0 347.0 111.0 359.0
412.0 196.0 409.0 206.0
354.0 413.0 351.0 423.0
383.0 373.0 380.0 381.0
259.0 435.0 256.0 446.0
170.0 118.0 159.0 126.0
470.0 553.0 467.0 565.0
368.0 239.0 364.0 247.0
335.0 142.0 332.0 153.0
297.0 186.0 292.0 199.0
448.0 129.0 445.0 138.0
342.0 426.0 340.0 436.0
204.0 469.0 201.0 480.0
234.0 382.0 230.0 392.0
469.0 553.0 467.0 565.0
381.0 245.0 380.0 254.0
262.0 401.0 258.0 413.0
336.0 144.0 332.0 153.0
262.0 402.0 258.0 413.0
469.0 554.0 467.0 565.0
280.0 110.0 277.0 121.0
387.0 258.0 385.0 267.0
343.0 424.0 340.0 435.0
198.0 575.0 194.0 587.0
300.0 451.0 296.0 462.0
382.0 245.0 380.0 254.0
296.0 186.0 292.0 199.0
342.0 425.0 340.0 435.0
378.0 610.0 376.0 621.0
448.0 130.0 446.0 137.0
343.0 425.0 340.0 435.0
205.0 470.0 201.0 480.0
299.0 452.0 296.0 463.0
282.0 410.0 278.0 417.0
470.0 554.0 467.0 565.0
156.0 537.0 149.0 552.0
156.0 563.0 152.0 577.0
354.0 414.0 351.0 423.0
126.0 520.0 122.0 535.0
281.0 111.0 277.0 121.0
239.0 34.0 236.0 45.0
474.0 260.0 470.0 268.0
239.0 33.0 236.0 45.0
156.0 564.0 152.0 577.0
8.0 156.0 15.0 172.0
199.0 535.0 194.0 546.0
382.0 246.0 380.0 254.0
469.0 552.0 467.0 565.0
384.0 373.0 381.0 381.0
114.0 573.0 109.0 586.0
475.0 260.0 470.0 268.0
300.0 452.0 296.0 463.0
301.0 350.0 298.0 358.0
287.0 357.0 286.0 365.0
367.0 240.0 364.0 247.0
367.0 239.0 364.0 247.0
396.0 465.0 395.0 476.0
157.0 564.0 153.0 577.0
205.0 469.0 201.0 480.0
433.0 580.0 431.0 590.0
300.0 350.0 297.0 358.0
349.0 294.0 346.0 302.0
38.0 537.0 32.0 549.0
301.0 351.0 298.0 359.0
469.0 551.0 467.0 565.0
396.0 464.0 395.0 476.0
357.0 224.0 353.0 234.0
113.0 481.0 108.0 495.0
270.0 323.0 265.0 333.0
298.0 268.0 292.0 282.0
318.0 356.0 316.0 364.0
356.0 223.0 353.0 233.0
283.0 410.0 278.0 417.0
239.0 35.0 236.0 45.0
199.0 576.0 194.0 587.0
206.0 208.0 202.0 222.0
55.0 562.0 50.0 575.0
356.0 224.0 353.0 234.0
397.0 464.0 395.0 476.0
269.0 323.0 265.0 333.0
443.0 151.0 439.0 161.0
301.0 349.0 298.0 358.0
146.0 489.0 140.0 500.0
127.0 521.0 122.0 535.0
207.0 208.0 202.0 222.0
288.0 358.0 286.0 365.0
251.0 95.0 248.0 106.0
367.0 198.0 364.0 208.0
156.0 565.0 152.0 577.0
263.0 401.0 258.0 413.0
395.0 464.0 394.0 475.0
301.0 348.0 298.0 358.0
442.0 151.0 439.0 161.0
443.0 152.0 439.0 161.0
37.0 537.0 31.0 551.0
300.0 351.0 297.0 359.0
127.0 520.0 122.0 535.0
442.0 152.0 439.0 161.0
445.0 494.0 444.0 502.0
163.0 234.0 175.0 204.0
38.0 538.0 32.0 549.0
350.0 295.0 346.0 302.0
262.0 403.0 258.0 413.0
238.0 35.0 236.0 45.0
112.0 629.0 107.0 630.0
38.0 536.0 32.0 549.0
397.0 465.0 395.0 476.0
397.0 463.0 395.0 476.0
238.0 33.0 236.0 45.0
263.0 402.0 258.0 413.0
35.0 175.0 34.0 181.0
356.0 222.0 353.0 233.0
238.0 34.0 236.0 45.0
235.0 381.0 230.0 392.0
396.0 463.0 395.0 476.0
367.0 199.0 364.0 208.0
445.0 493.0 444.0 502.0
249.0 95.0 247.0 106.0
197.0 576.0 194.0 587.0
398.0 464.0 395.0 476.0
69.0 608.0 63.0 624.0
163.0 233.0 175.0 204.0
349.0 295.0 346.0 302.0
147.0 489.0 140.0 500.0
366.0 240.0 364.0 247.0
157.0 565.0 152.0 577.0
153.0 260.0 175.0 204.0
199.0 536.0 194.0 546.0
348.0 294.0 346.0 302.0
198.0 576.0 194.0 587.0
145.0 488.0 140.0 500.0
433.0 581.0 431.0 590.0
444.0 494.0 444.0 502.0
357.0 223.0 353.0 234.0
234.0 381.0 230.0 392.0
383.0 245.0 380.0 254.0
250.0 94.0 247.0 106.0
357.0 225.0 353.0 234.0
414.0 197.0 409.0 206.0
355.0 224.0 353.0 234.0
298.0 267.0 292.0 282.0
250.0 96.0 247.0 106.0
70.0 607.0 63.0 624.0
237.0 33.0 236.0 45.0
356.0 225.0 353.0 234.0
350.0 325.0 345.0 331.0
127.0 519.0 122.0 535.0
445.0 495.0 444.0 502.0
249.0 96.0 247.0 106.0
274.0 345.0 271.0 355.0
237.0 34.0 236.0 45.0
398.0 463.0 395.0 476.0
146.0 487.0 140.0 500.0
250.0 95.0 247.0 106.0
444.0 493.0 444.0 502.0
350.0 326.0 345.0 331.0
368.0 200.0 364.0 208.0
367.0 200.0 364.0 208.0
34.0 175.0 34.0 181.0
128.0 520.0 122.0 535.0
146.0 488.0 140.0 500.0
147.0 488.0 141.0 500.0
301.0 328.0 298.0 338.0
70.0 608.0 63.0 624.0
274.0 344.0 271.0 354.0
39.0 537.0 32.0 549.0
302.0 328.0 300.0 338.0
300.0 327.0 298.0 338.0
147.0 487.0 141.0 500.0
300.0 328.0 298.0 338.0
198.0 536.0 194.0 546.0
198.0 577.0 193.0 588.0
199.0 577.0 193.0 588.0
300.0 329.0 298.0 338.0
275.0 344.0 271.0 355.0
301.0 327.0 298.0 338.0
113.0 477.0 108.0 495.0
113.0 476.0 108.0 495.0
351.0 326.0 345.0 331.0
368.0 198.0 364.0 208.0
368.0 199.0 364.0 208.0
39.0 538.0 32.0 549.0
301.0 329.0 300.0 338.0
434.0 581.0 431.0 590.0
275.0 343.0 271.0 354.0
316.0 34.0 314.0 43.0
374.0 334.0 373.0 349.0
275.0 342.0 271.0 354.0
274.0 343.0 271.0 354.0
373.0 334.0 373.0 349.0
112.0 615.0 106.0 630.0
112.0 614.0 106.0 630.0
317.0 34.0 314.0 43.0
198.0 578.0 193.0 588.0
17.0 594.0 11.0 611.0
374.0 333.0 373.0 349.0
428.0 626.0 417.0 630.0
456.0 410.0 452.0 427.0
317.0 33.0 314.0 43.0
316.0 33.0 314.0 43.0
112.0 613.0 106.0 630.0
17.0 593.0 11.0 610.0
111.0 614.0 106.0 630.0
291.0 283.0 292.0 282.0
64.0 626.0 63.0 624.0
64.0 625.0 63.0 624.0
373.0 333.0 373.0 349.0
372.0 334.0 373.0 349.0
25.0 172.0 34.0 181.0
457.0 410.0 452.0 427.0
113.0 475.0 108.0 495.0
292.0 283.0 292.0 282.0
372.0 333.0 373.0 349.0
128.0 618.0 122.0 618.0
63.0 626.0 63.0 624.0
63.0 625.0 63.0 624.0
63.0 624.0 63.0 624.0
454.0 429.0 454.0 447.0
18.0 594.0 11.0 611.0
62.0 625.0 63.0 624.0
291.0 284.0 292.0 282.0
128.0 617.0 122.0 618.0
18.0 593.0 11.0 610.0
62.0 626.0 63.0 624.0
6.0 54.0 26.0 74.0
62.0 624.0 63.0 624.0
7.0 54.0 26.0 74.0
454.0 428.0 454.0 447.0
58.0 494.0 68.0 471.0
59.0 493.0 68.0 471.0
6.0 53.0 26.0 74.0
58.0 493.0 68.0 471.0
454.0 427.0 454.0 447.0
59.0 492.0 68.0 471.0
73.0 584.0 66.0 600.0
247.0 17.0 251.0 11.0
246.0 18.0 251.0 11.0
247.0 18.0 251.0 11.0
74.0 584.0 66.0 600.0
429.0 173.0 439.0 162.0
246.0 19.0 251.0 11.0
325.0 292.0 314.0 289.0
249.0 358.0 230.0 391.0
249.0 357.0 230.0 391.0
250.0 357.0 230.0 391.0
