404.0 460.0 397.0 494.0
405.0 460.0 397.0 494.0
405.0 461.0 397.0 494.0
405.0 459.0 397.0 494.0
42.0 47.0 39.0 70.0
43.0 49.0 40.0 70.0
278.0 409.0 270.0 440.0
42.0 46.0 39.0 70.0
137.0 320.0 127.0 348.0
140.0 556.0 127.0 587.0
106.0 289.0 98.0 317.0
337.0 161.0 329.0 192.0
109.0 235.0 99.0 266.0
30.0 229.0 25.0 251.0
325.0 474.0 317.0 512.0
109.0 236.0 99.0 266.0
43.0 47.0 40.0 70.0
105.0 289.0 98.0 317.0
43.0 48.0 40.0 70.0
278.0 410.0 270.0 440.0
42.0 48.0 40.0 70.0
43.0 46.0 39.0 70.0
283.0 342.0 273.0 374.0
31.0 230.0 26.0 251.0
278.0 408.0 270.0 440.0
288.0 145.0 279.0 178.0
171.0 391.0 160.0 422.0
145.0 286.0 136.0 313.0
277.0 409.0 270.0 440.0
30.0 230.0 25.0 251.0
41.0 356.0 30.0 373.0
282.0 342.0 272.0 375.0
338.0 161.0 329.0 192.0
106.0 290.0 98.0 317.0
41.0 357.0 30.0 373.0
277.0 447.0 268.0 481.0
338.0 162.0 329.0 192.0
42.0 49.0 40.0 70.0
287.0 145.0 279.0 178.0
337.0 162.0 329.0 192.0
209.0 106.0 203.0 133.0
287.0 146.0 279.0 178.0
105.0 290.0 98.0 317.0
366.0 491.0 357.0 529.0
140.0 557.0 127.0 588.0
51.0 92.0 47.0 115.0
108.0 236.0 98.0 266.0
170.0 279.0 161.0 306.0
210.0 106.0 203.0 133.0
288.0 146.0 279.0 178.0
210.0 105.0 203.0 133.0
61.0 161.0 55.0 183.0
326.0 474.0 317.0 512.0
282.0 341.0 272.0 375.0
170.0 391.0 160.0 422.0
136.0 319.0 127.0 348.0
276.0 448.0 267.0 481.0
51.0 91.0 47.0 115.0
278.0 411.0 270.0 440.0
145.0 285.0 136.0 313.0
305.0 461.0 293.0 495.0
136.0 318.0 127.0 348.0
283.0 343.0 273.0 374.0
288.0 144.0 279.0 178.0
42.0 356.0 30.0 373.0
413.0 186.0 402.0 220.0
304.0 460.0 293.0 495.0
425.0 153.0 414.0 186.0
146.0 285.0 136.0 313.0
108.0 235.0 98.0 266.0
125.0 380.0 114.0 410.0
413.0 187.0 402.0 220.0
52.0 92.0 47.0 115.0
137.0 319.0 127.0 348.0
277.0 410.0 270.0 440.0
84.0 488.0 72.0 516.0
139.0 556.0 127.0 587.0
166.0 305.0 158.0 332.0
136.0 320.0 127.0 348.0
424.0 152.0 414.0 186.0
409.0 264.0 401.0 296.0
13.0 179.0 9.0 202.0
137.0 318.0 127.0 348.0
366.0 490.0 357.0 529.0
170.0 280.0 161.0 306.0
276.0 446.0 268.0 481.0
367.0 490.0 357.0 529.0
84.0 487.0 72.0 516.0
276.0 447.0 268.0 481.0
424.0 153.0 414.0 186.0
106.0 291.0 98.0 317.0
61.0 162.0 55.0 183.0
275.0 447.0 268.0 481.0
60.0 160.0 55.0 183.0
61.0 160.0 55.0 183.0
144.0 396.0 132.0 426.0
425.0 154.0 414.0 186.0
142.0 301.0 131.0 326.0
139.0 557.0 127.0 588.0
145.0 287.0 136.0 313.0
277.0 411.0 270.0 440.0
410.0 263.0 401.0 296.0
129.0 138.0 124.0 163.0
145.0 396.0 132.0 426.0
283.0 341.0 273.0 374.0
169.0 280.0 161.0 306.0
52.0 91.0 47.0 115.0
276.0 481.0 267.0 514.0
60.0 161.0 55.0 183.0
167.0 305.0 158.0 332.0
138.0 556.0 127.0 588.0
125.0 379.0 115.0 411.0
414.0 187.0 403.0 220.0
303.0 460.0 293.0 495.0
411.0 263.0 401.0 296.0
47.0 183.0 42.0 206.0
51.0 93.0 47.0 116.0
211.0 105.0 203.0 133.0
411.0 264.0 401.0 296.0
61.0 159.0 55.0 183.0
82.0 169.0 77.0 193.0
261.0 318.0 253.0 348.0
84.0 215.0 78.0 241.0
129.0 137.0 124.0 163.0
409.0 263.0 401.0 296.0
424.0 154.0 414.0 186.0
413.0 185.0 401.0 220.0
52.0 93.0 47.0 115.0
414.0 186.0 403.0 219.0
332.0 272.0 322.0 301.0
275.0 481.0 267.0 514.0
141.0 301.0 131.0 326.0
128.0 138.0 124.0 163.0
194.0 429.0 183.0 461.0
37.0 441.0 24.0 474.0
290.0 375.0 280.0 408.0
42.0 357.0 30.0 373.0
213.0 236.0 205.0 262.0
261.0 319.0 253.0 348.0
424.0 155.0 414.0 186.0
83.0 488.0 72.0 516.0
410.0 262.0 401.0 296.0
410.0 264.0 401.0 296.0
36.0 442.0 24.0 474.0
38.0 441.0 24.0 474.0
146.0 286.0 136.0 313.0
260.0 319.0 253.0 348.0
37.0 442.0 24.0 474.0
382.0 171.0 372.0 203.0
167.0 306.0 158.0 332.0
275.0 446.0 268.0 481.0
129.0 139.0 124.0 163.0
83.0 169.0 77.0 193.0
38.0 442.0 24.0 474.0
128.0 140.0 124.0 163.0
84.0 216.0 78.0 241.0
179.0 104.0 173.0 131.0
39.0 442.0 24.0 474.0
147.0 238.0 142.0 268.0
287.0 265.0 277.0 293.0
277.0 482.0 268.0 515.0
276.0 410.0 270.0 440.0
306.0 404.0 294.0 440.0
145.0 395.0 132.0 426.0
37.0 443.0 24.0 474.0
42.0 358.0 30.0 373.0
194.0 430.0 183.0 461.0
194.0 428.0 183.0 461.0
148.0 239.0 142.0 268.0
43.0 357.0 30.0 373.0
83.0 487.0 72.0 516.0
287.0 266.0 277.0 293.0
128.0 139.0 124.0 163.0
358.0 294.0 349.0 326.0
185.0 346.0 177.0 373.0
48.0 184.0 42.0 206.0
38.0 443.0 24.0 474.0
303.0 459.0 293.0 495.0
290.0 374.0 280.0 408.0
261.0 320.0 253.0 348.0
82.0 168.0 77.0 192.0
286.0 266.0 277.0 293.0
83.0 170.0 77.0 193.0
48.0 183.0 42.0 206.0
276.0 482.0 268.0 515.0
146.0 287.0 137.0 314.0
418.0 390.0 411.0 423.0
170.0 241.0 162.0 269.0
48.0 185.0 42.0 206.0
286.0 265.0 277.0 293.0
291.0 375.0 280.0 408.0
213.0 235.0 205.0 262.0
84.0 217.0 78.0 241.0
286.0 267.0 276.0 292.0
214.0 235.0 205.0 262.0
260.0 320.0 252.0 348.0
195.0 430.0 183.0 461.0
471.0 195.0 461.0 229.0
83.0 168.0 77.0 193.0
382.0 172.0 372.0 203.0
195.0 429.0 183.0 461.0
142.0 302.0 131.0 326.0
306.0 403.0 294.0 440.0
358.0 295.0 349.0 326.0
290.0 373.0 280.0 408.0
291.0 374.0 280.0 408.0
179.0 367.0 171.0 397.0
214.0 236.0 205.0 262.0
179.0 368.0 171.0 397.0
103.0 413.0 91.0 443.0
359.0 295.0 349.0 326.0
359.0 294.0 349.0 326.0
148.0 238.0 142.0 268.0
88.0 332.0 80.0 356.0
84.0 169.0 77.0 193.0
383.0 172.0 372.0 203.0
382.0 173.0 372.0 205.0
46.0 265.0 38.0 289.0
331.0 273.0 322.0 301.0
47.0 263.0 38.0 289.0
333.0 273.0 322.0 301.0
164.0 424.0 153.0 456.0
170.0 240.0 162.0 269.0
89.0 331.0 80.0 356.0
383.0 171.0 372.0 203.0
130.0 350.0 124.0 370.0
384.0 172.0 373.0 205.0
185.0 347.0 177.0 373.0
46.0 264.0 38.0 289.0
175.0 233.0 170.0 256.0
195.0 428.0 183.0 460.0
332.0 273.0 322.0 301.0
291.0 373.0 280.0 408.0
110.0 201.0 102.0 227.0
88.0 331.0 80.0 356.0
64.0 188.0 54.0 217.0
148.0 237.0 142.0 267.0
109.0 201.0 102.0 227.0
141.0 415.0 129.0 445.0
174.0 233.0 170.0 256.0
383.0 173.0 372.0 205.0
193.0 388.0 184.0 417.0
192.0 388.0 184.0 417.0
49.0 183.0 42.0 206.0
149.0 239.0 142.0 268.0
149.0 238.0 143.0 267.0
170.0 298.0 158.0 332.0
47.0 264.0 38.0 289.0
46.0 263.0 38.0 289.0
157.0 449.0 152.0 483.0
49.0 184.0 42.0 206.0
306.0 402.0 294.0 440.0
76.0 107.0 72.0 132.0
193.0 389.0 184.0 417.0
103.0 414.0 91.0 443.0
130.0 351.0 124.0 371.0
140.0 415.0 129.0 445.0
76.0 108.0 71.0 132.0
180.0 367.0 171.0 397.0
192.0 389.0 184.0 417.0
464.0 340.0 457.0 375.0
75.0 108.0 71.0 132.0
75.0 109.0 71.0 132.0
108.0 201.0 102.0 227.0
332.0 274.0 322.0 301.0
65.0 188.0 54.0 217.0
109.0 200.0 102.0 227.0
171.0 298.0 158.0 332.0
76.0 109.0 71.0 132.0
108.0 200.0 102.0 227.0
141.0 416.0 129.0 445.0
64.0 187.0 54.0 217.0
140.0 416.0 129.0 445.0
110.0 200.0 102.0 227.0
75.0 293.0 67.0 318.0
80.0 133.0 73.0 161.0
74.0 293.0 67.0 318.0
141.0 417.0 129.0 445.0
21.0 489.0 10.0 514.0
57.0 346.0 48.0 365.0
22.0 487.0 10.0 514.0
22.0 488.0 10.0 514.0
65.0 187.0 54.0 217.0
75.0 294.0 67.0 318.0
74.0 294.0 67.0 318.0
85.0 413.0 71.0 432.0
80.0 132.0 73.0 161.0
140.0 417.0 129.0 445.0
74.0 295.0 67.0 318.0
80.0 131.0 73.0 161.0
22.0 489.0 10.0 514.0
302.0 305.0 291.0 342.0
75.0 295.0 67.0 318.0
103.0 314.0 102.0 341.0
23.0 488.0 10.0 514.0
102.0 314.0 102.0 341.0
23.0 487.0 10.0 514.0
301.0 305.0 291.0 342.0
103.0 313.0 102.0 341.0
141.0 418.0 129.0 445.0
102.0 313.0 102.0 341.0
81.0 132.0 73.0 161.0
74.0 397.0 70.0 431.0
303.0 304.0 291.0 342.0
59.0 103.0 47.0 118.0
60.0 103.0 47.0 118.0
81.0 131.0 73.0 161.0
302.0 304.0 291.0 342.0
301.0 304.0 291.0 342.0
99.0 331.0 80.0 355.0
99.0 332.0 80.0 355.0
74.0 396.0 70.0 431.0
102.0 312.0 102.0 341.0
100.0 331.0 80.0 355.0
100.0 332.0 80.0 355.0
65.0 570.0 53.0 599.0
302.0 303.0 291.0 342.0
65.0 571.0 53.0 599.0
271.0 201.0 259.0 238.0
423.0 540.0 414.0 567.0
186.0 281.0 162.0 307.0
271.0 200.0 259.0 238.0
