191.0 225.0 183.0 238.0
330.0 548.0 321.0 563.0
191.0 224.0 183.0 238.0
306.0 502.0 298.0 518.0
115.0 493.0 105.0 507.0
199.0 227.0 191.0 241.0
199.0 226.0 191.0 240.0
329.0 548.0 321.0 563.0
307.0 501.0 299.0 516.0
200.0 227.0 191.0 241.0
330.0 549.0 321.0 564.0
306.0 503.0 299.0 518.0
306.0 501.0 298.0 518.0
307.0 502.0 299.0 518.0
330.0 550.0 321.0 564.0
287.0 530.0 277.0 548.0
175.0 114.0 177.0 132.0
139.0 431.0 129.0 444.0
139.0 430.0 129.0 444.0
329.0 549.0 321.0 564.0
284.0 203.0 275.0 220.0
287.0 531.0 277.0 548.0
459.0 113.0 449.0 129.0
329.0 550.0 321.0 564.0
116.0 492.0 105.0 507.0
282.0 205.0 275.0 220.0
138.0 431.0 129.0 444.0
175.0 115.0 177.0 132.0
300.0 282.0 292.0 295.0
286.0 531.0 277.0 548.0
382.0 346.0 377.0 359.0
243.0 222.0 237.0 234.0
336.0 232.0 329.0 246.0
174.0 114.0 177.0 132.0
175.0 113.0 178.0 132.0
112.0 511.0 100.0 528.0
116.0 493.0 105.0 507.0
300.0 281.0 292.0 295.0
336.0 231.0 329.0 246.0
283.0 205.0 275.0 220.0
91.0 507.0 79.0 523.0
132.0 450.0 123.0 466.0
111.0 512.0 100.0 528.0
458.0 113.0 450.0 129.0
339.0 567.0 331.0 583.0
242.0 222.0 237.0 234.0
299.0 281.0 292.0 295.0
339.0 568.0 331.0 583.0
182.0 221.0 175.0 235.0
147.0 212.0 139.0 225.0
90.0 507.0 79.0 523.0
176.0 113.0 178.0 132.0
210.0 231.0 202.0 244.0
173.0 219.0 165.0 232.0
283.0 203.0 275.0 220.0
299.0 282.0 292.0 295.0
287.0 529.0 277.0 548.0
97.0 508.0 86.0 525.0
132.0 451.0 123.0 466.0
287.0 532.0 277.0 548.0
336.0 230.0 329.0 246.0
459.0 112.0 450.0 129.0
89.0 507.0 79.0 523.0
286.0 530.0 277.0 548.0
353.0 357.0 345.0 371.0
335.0 231.0 329.0 246.0
339.0 569.0 331.0 583.0
389.0 557.0 381.0 574.0
283.0 204.0 275.0 220.0
389.0 556.0 381.0 574.0
209.0 231.0 202.0 244.0
132.0 449.0 123.0 466.0
209.0 230.0 202.0 244.0
113.0 512.0 101.0 529.0
382.0 348.0 375.0 360.0
353.0 356.0 345.0 370.0
174.0 113.0 178.0 132.0
90.0 506.0 79.0 523.0
383.0 347.0 377.0 359.0
390.0 324.0 383.0 338.0
113.0 511.0 100.0 528.0
147.0 211.0 139.0 225.0
97.0 507.0 86.0 525.0
81.0 292.0 72.0 304.0
305.0 394.0 298.0 405.0
254.0 196.0 246.0 208.0
90.0 505.0 79.0 523.0
138.0 430.0 129.0 444.0
112.0 512.0 100.0 528.0
403.0 308.0 395.0 321.0
338.0 441.0 332.0 454.0
243.0 221.0 237.0 234.0
382.0 347.0 375.0 360.0
132.0 61.0 125.0 78.0
90.0 508.0 79.0 524.0
183.0 222.0 175.0 235.0
306.0 394.0 298.0 405.0
338.0 439.0 332.0 454.0
133.0 450.0 123.0 466.0
389.0 492.0 383.0 507.0
174.0 219.0 165.0 232.0
244.0 222.0 237.0 234.0
244.0 221.0 237.0 234.0
370.0 520.0 363.0 534.0
286.0 529.0 277.0 548.0
376.0 245.0 368.0 260.0
233.0 567.0 223.0 584.0
352.0 356.0 345.0 370.0
352.0 357.0 344.0 371.0
337.0 232.0 329.0 246.0
364.0 337.0 356.0 350.0
381.0 347.0 375.0 360.0
131.0 451.0 123.0 466.0
32.0 181.0 25.0 196.0
390.0 325.0 383.0 338.0
337.0 230.0 330.0 245.0
416.0 275.0 408.0 288.0
91.0 506.0 79.0 523.0
80.0 292.0 72.0 304.0
337.0 231.0 329.0 246.0
129.0 206.0 121.0 219.0
307.0 444.0 299.0 457.0
242.0 221.0 237.0 234.0
101.0 488.0 91.0 503.0
388.0 492.0 382.0 506.0
396.0 415.0 388.0 427.0
389.0 555.0 381.0 574.0
243.0 220.0 237.0 234.0
402.0 308.0 395.0 321.0
334.0 384.0 326.0 397.0
123.0 476.0 112.0 492.0
337.0 229.0 330.0 245.0
459.0 306.0 451.0 320.0
157.0 213.0 148.0 226.0
98.0 507.0 86.0 525.0
122.0 476.0 112.0 491.0
376.0 246.0 369.0 261.0
96.0 507.0 86.0 525.0
81.0 293.0 72.0 304.0
112.0 513.0 101.0 529.0
306.0 444.0 299.0 457.0
383.0 346.0 377.0 359.0
98.0 508.0 86.0 525.0
156.0 214.0 148.0 227.0
118.0 70.0 112.0 85.0
98.0 509.0 86.0 525.0
249.0 208.0 240.0 223.0
392.0 324.0 383.0 338.0
460.0 307.0 451.0 320.0
272.0 515.0 263.0 530.0
272.0 516.0 263.0 530.0
371.0 518.0 363.0 534.0
402.0 309.0 395.0 321.0
407.0 456.0 400.0 468.0
33.0 182.0 25.0 196.0
132.0 62.0 126.0 79.0
335.0 230.0 329.0 246.0
371.0 519.0 363.0 534.0
147.0 210.0 139.0 225.0
183.0 221.0 175.0 235.0
175.0 219.0 165.0 232.0
271.0 515.0 263.0 529.0
102.0 489.0 91.0 503.0
33.0 181.0 25.0 196.0
380.0 427.0 371.0 438.0
403.0 309.0 395.0 321.0
157.0 214.0 148.0 227.0
278.0 392.0 269.0 407.0
365.0 336.0 357.0 350.0
370.0 517.0 363.0 533.0
379.0 428.0 371.0 438.0
370.0 518.0 363.0 533.0
338.0 440.0 332.0 454.0
408.0 455.0 400.0 467.0
402.0 310.0 395.0 321.0
396.0 414.0 388.0 427.0
253.0 196.0 246.0 208.0
339.0 441.0 332.0 454.0
272.0 514.0 263.0 529.0
454.0 75.0 444.0 93.0
365.0 335.0 356.0 349.0
306.0 443.0 299.0 457.0
406.0 456.0 400.0 468.0
156.0 213.0 148.0 226.0
367.0 375.0 358.0 387.0
366.0 337.0 357.0 350.0
365.0 337.0 357.0 350.0
391.0 324.0 383.0 338.0
435.0 554.0 429.0 569.0
415.0 275.0 408.0 288.0
253.0 197.0 246.0 208.0
436.0 554.0 429.0 569.0
365.0 338.0 357.0 351.0
101.0 489.0 91.0 503.0
389.0 491.0 383.0 506.0
320.0 436.0 313.0 450.0
416.0 273.0 408.0 288.0
122.0 475.0 112.0 491.0
390.0 326.0 383.0 338.0
109.0 472.0 97.0 487.0
32.0 182.0 25.0 196.0
102.0 488.0 91.0 503.0
371.0 517.0 363.0 534.0
401.0 309.0 395.0 321.0
253.0 195.0 246.0 208.0
408.0 454.0 400.0 467.0
18.0 445.0 8.0 462.0
391.0 325.0 383.0 338.0
397.0 415.0 388.0 427.0
306.0 393.0 298.0 405.0
332.0 329.0 323.0 341.0
18.0 446.0 8.0 462.0
459.0 307.0 451.0 320.0
370.0 519.0 363.0 533.0
366.0 335.0 357.0 349.0
12.0 235.0 4.0 249.0
12.0 236.0 4.0 249.0
305.0 393.0 298.0 405.0
109.0 471.0 97.0 487.0
401.0 310.0 395.0 321.0
13.0 235.0 4.0 249.0
392.0 325.0 383.0 338.0
458.0 307.0 451.0 320.0
379.0 426.0 371.0 438.0
408.0 453.0 400.0 467.0
112.0 54.0 106.0 71.0
366.0 336.0 357.0 349.0
416.0 274.0 408.0 288.0
379.0 427.0 371.0 438.0
339.0 440.0 332.0 454.0
232.0 567.0 222.0 585.0
417.0 273.0 408.0 288.0
375.0 246.0 369.0 261.0
113.0 54.0 106.0 71.0
340.0 438.0 333.0 454.0
406.0 455.0 400.0 467.0
391.0 326.0 383.0 338.0
50.0 272.0 41.0 286.0
396.0 413.0 388.0 427.0
460.0 308.0 451.0 320.0
321.0 436.0 313.0 450.0
436.0 555.0 429.0 569.0
435.0 555.0 429.0 569.0
13.0 234.0 4.0 249.0
271.0 516.0 263.0 530.0
332.0 328.0 323.0 341.0
407.0 455.0 400.0 467.0
397.0 414.0 388.0 427.0
174.0 218.0 165.0 232.0
80.0 293.0 72.0 304.0
302.0 453.0 294.0 468.0
38.0 496.0 42.0 515.0
53.0 499.0 42.0 515.0
407.0 453.0 400.0 467.0
406.0 454.0 400.0 467.0
340.0 439.0 333.0 454.0
339.0 439.0 332.0 454.0
407.0 454.0 400.0 467.0
434.0 68.0 427.0 85.0
303.0 453.0 294.0 468.0
333.0 328.0 323.0 341.0
320.0 437.0 313.0 450.0
13.0 236.0 4.0 249.0
375.0 247.0 369.0 261.0
249.0 574.0 241.0 590.0
380.0 426.0 371.0 438.0
252.0 196.0 246.0 208.0
8.0 22.0 12.0 40.0
216.0 307.0 209.0 318.0
401.0 311.0 395.0 321.0
319.0 111.0 303.0 147.0
378.0 426.0 371.0 438.0
374.0 248.0 369.0 261.0
320.0 111.0 303.0 147.0
374.0 247.0 369.0 261.0
340.0 440.0 333.0 454.0
320.0 438.0 313.0 450.0
333.0 327.0 323.0 341.0
321.0 437.0 313.0 450.0
112.0 52.0 106.0 70.0
435.0 68.0 427.0 85.0
460.0 182.0 452.0 196.0
459.0 308.0 451.0 322.0
339.0 438.0 332.0 454.0
417.0 274.0 408.0 288.0
460.0 181.0 453.0 196.0
400.0 310.0 395.0 321.0
321.0 438.0 313.0 450.0
417.0 275.0 408.0 288.0
37.0 495.0 42.0 515.0
29.0 191.0 20.0 203.0
112.0 53.0 106.0 70.0
108.0 471.0 97.0 487.0
332.0 327.0 323.0 341.0
434.0 69.0 427.0 85.0
28.0 191.0 20.0 203.0
395.0 414.0 388.0 427.0
395.0 415.0 388.0 427.0
19.0 446.0 8.0 462.0
113.0 52.0 106.0 70.0
458.0 308.0 451.0 322.0
38.0 495.0 42.0 515.0
249.0 575.0 241.0 590.0
303.0 452.0 294.0 468.0
461.0 181.0 453.0 196.0
19.0 445.0 8.0 462.0
302.0 452.0 294.0 468.0
459.0 309.0 451.0 322.0
378.0 427.0 371.0 438.0
320.0 110.0 303.0 147.0
100.0 61.0 112.0 85.0
319.0 109.0 310.0 125.0
67.0 280.0 54.0 298.0
110.0 64.0 112.0 85.0
458.0 309.0 451.0 322.0
108.0 472.0 97.0 487.0
435.0 69.0 427.0 85.0
461.0 180.0 453.0 195.0
304.0 452.0 294.0 468.0
320.0 108.0 310.0 125.0
113.0 53.0 106.0 70.0
320.0 107.0 310.0 125.0
334.0 327.0 324.0 341.0
461.0 182.0 453.0 196.0
319.0 110.0 303.0 147.0
29.0 192.0 20.0 203.0
319.0 108.0 310.0 125.0
100.0 62.0 112.0 85.0
257.0 475.0 248.0 490.0
42.0 24.0 36.0 40.0
18.0 26.0 12.0 40.0
28.0 192.0 20.0 203.0
257.0 181.0 250.0 197.0
237.0 142.0 230.0 156.0
41.0 24.0 36.0 40.0
20.0 445.0 8.0 462.0
237.0 141.0 230.0 155.0
20.0 446.0 8.0 462.0
19.0 444.0 8.0 462.0
461.0 183.0 453.0 196.0
309.0 135.0 303.0 149.0
42.0 23.0 36.0 40.0
340.0 253.0 334.0 266.0
66.0 279.0 54.0 298.0
257.0 183.0 250.0 197.0
320.0 109.0 310.0 125.0
99.0 61.0 112.0 85.0
41.0 23.0 36.0 40.0
340.0 254.0 334.0 266.0
99.0 62.0 112.0 85.0
257.0 182.0 250.0 197.0
142.0 66.0 126.0 79.0
170.0 601.0 157.0 617.0
67.0 279.0 54.0 298.0
19.0 26.0 13.0 39.0
238.0 141.0 230.0 155.0
219.0 136.0 206.0 146.0
258.0 181.0 250.0 197.0
171.0 600.0 159.0 616.0
84.0 284.0 73.0 303.0
258.0 182.0 250.0 197.0
303.0 451.0 294.0 468.0
462.0 182.0 453.0 196.0
238.0 142.0 230.0 156.0
248.0 575.0 241.0 590.0
292.0 435.0 286.0 447.0
220.0 136.0 206.0 146.0
239.0 141.0 230.0 155.0
258.0 183.0 250.0 198.0
200.0 67.0 192.0 85.0
462.0 181.0 453.0 195.0
171.0 599.0 159.0 616.0
201.0 67.0 192.0 85.0
442.0 230.0 431.0 243.0
140.0 95.0 113.0 101.0
139.0 95.0 113.0 101.0
170.0 600.0 158.0 616.0
93.0 46.0 36.0 40.0
169.0 600.0 157.0 617.0
27.0 598.0 20.0 618.0
93.0 45.0 36.0 40.0
238.0 140.0 230.0 155.0
170.0 599.0 158.0 616.0
221.0 136.0 206.0 146.0
62.0 33.0 36.0 40.0
85.0 284.0 73.0 303.0
292.0 436.0 287.0 447.0
60.0 43.0 54.0 58.0
291.0 436.0 286.0 447.0
62.0 32.0 36.0 40.0
94.0 45.0 36.0 40.0
63.0 32.0 36.0 40.0
92.0 45.0 36.0 40.0
46.0 280.0 41.0 286.0
202.0 128.0 205.0 146.0
85.0 283.0 73.0 303.0
93.0 44.0 36.0 40.0
346.0 35.0 338.0 51.0
345.0 35.0 338.0 51.0
345.0 34.0 338.0 51.0
346.0 33.0 338.0 51.0
346.0 34.0 338.0 51.0
202.0 127.0 186.0 137.0
10.0 9.0 5.0 27.0
92.0 44.0 36.0 40.0
11.0 10.0 5.0 27.0
10.0 11.0 5.0 27.0
10.0 10.0 5.0 27.0
49.0 599.0 35.0 621.0
48.0 599.0 35.0 621.0
304.0 274.0 293.0 294.0
49.0 600.0 35.0 621.0
48.0 600.0 35.0 621.0
221.0 619.0 213.0 630.0
73.0 622.0 73.0 612.0
304.0 273.0 293.0 294.0
73.0 623.0 73.0 612.0
92.0 200.0 111.0 217.0
72.0 623.0 73.0 612.0
39.0 36.0 33.0 50.0
74.0 623.0 73.0 612.0
39.0 35.0 33.0 50.0
73.0 624.0 73.0 612.0
6.0 594.0 19.0 618.0
7.0 594.0 19.0 618.0
72.0 624.0 73.0 612.0
465.0 355.0 469.0 359.0
