382.0 31.0 382.0 31.0
382.0 32.0 382.0 31.0
98.0 349.0 93.0 337.0
97.0 350.0 93.0 337.0
369.0 18.0 370.0 18.0
368.0 19.0 369.0 18.0
351.0 199.0 349.0 197.0
352.0 198.0 349.0 196.0
98.0 350.0 93.0 337.0
352.0 200.0 349.0 197.0
369.0 19.0 369.0 18.0
98.0 351.0 93.0 338.0
351.0 198.0 349.0 196.0
352.0 199.0 349.0 197.0
367.0 19.0 369.0 18.0
337.0 227.0 334.0 226.0
355.0 180.0 353.0 179.0
251.0 110.0 250.0 102.0
252.0 110.0 251.0 103.0
428.0 312.0 421.0 312.0
266.0 436.0 258.0 426.0
378.0 213.0 372.0 213.0
252.0 111.0 251.0 103.0
244.0 98.0 242.0 92.0
377.0 212.0 372.0 213.0
428.0 311.0 421.0 312.0
251.0 111.0 251.0 103.0
267.0 437.0 258.0 427.0
377.0 213.0 372.0 213.0
378.0 212.0 372.0 213.0
17.0 456.0 11.0 440.0
378.0 130.0 376.0 130.0
266.0 437.0 258.0 427.0
429.0 311.0 421.0 312.0
338.0 227.0 334.0 226.0
355.0 181.0 353.0 179.0
429.0 312.0 421.0 312.0
244.0 97.0 242.0 92.0
342.0 259.0 337.0 258.0
18.0 456.0 11.0 440.0
343.0 260.0 337.0 258.0
351.0 388.0 341.0 383.0
284.0 99.0 282.0 95.0
17.0 457.0 11.0 440.0
373.0 303.0 366.0 302.0
245.0 97.0 242.0 92.0
245.0 98.0 242.0 92.0
184.0 159.0 181.0 153.0
372.0 304.0 366.0 302.0
284.0 100.0 283.0 95.0
356.0 180.0 353.0 179.0
373.0 304.0 366.0 302.0
430.0 312.0 422.0 312.0
337.0 228.0 334.0 226.0
270.0 273.0 266.0 268.0
424.0 214.0 419.0 216.0
18.0 457.0 11.0 440.0
269.0 273.0 266.0 268.0
317.0 176.0 313.0 173.0
316.0 176.0 313.0 173.0
391.0 210.0 388.0 210.0
271.0 431.0 262.0 421.0
316.0 177.0 313.0 173.0
137.0 145.0 134.0 134.0
110.0 285.0 106.0 271.0
283.0 99.0 282.0 95.0
347.0 147.0 344.0 144.0
135.0 144.0 134.0 134.0
347.0 91.0 346.0 89.0
270.0 431.0 262.0 421.0
203.0 238.0 199.0 231.0
235.0 132.0 234.0 123.0
95.0 34.0 93.0 17.0
350.0 388.0 341.0 383.0
350.0 387.0 341.0 383.0
348.0 43.0 348.0 41.0
463.0 18.0 464.0 25.0
314.0 238.0 309.0 236.0
236.0 132.0 234.0 123.0
299.0 54.0 298.0 48.0
270.0 272.0 266.0 268.0
202.0 239.0 199.0 231.0
235.0 131.0 234.0 123.0
356.0 181.0 353.0 179.0
222.0 90.0 222.0 82.0
143.0 254.0 141.0 242.0
176.0 346.0 171.0 332.0
236.0 131.0 234.0 123.0
143.0 255.0 141.0 242.0
271.0 432.0 262.0 421.0
184.0 160.0 181.0 153.0
409.0 350.0 401.0 348.0
305.0 103.0 303.0 99.0
298.0 54.0 298.0 48.0
299.0 56.0 298.0 49.0
410.0 350.0 401.0 348.0
304.0 104.0 303.0 99.0
32.0 67.0 28.0 48.0
313.0 238.0 309.0 236.0
446.0 239.0 442.0 241.0
446.0 240.0 442.0 241.0
353.0 281.0 348.0 278.0
314.0 239.0 309.0 236.0
165.0 458.0 158.0 446.0
142.0 374.0 137.0 363.0
269.0 272.0 266.0 268.0
223.0 90.0 222.0 82.0
298.0 55.0 298.0 49.0
317.0 177.0 313.0 173.0
110.0 284.0 106.0 271.0
137.0 143.0 134.0 134.0
155.0 487.0 147.0 473.0
305.0 104.0 303.0 99.0
313.0 239.0 309.0 236.0
347.0 42.0 348.0 41.0
137.0 144.0 134.0 134.0
392.0 210.0 388.0 210.0
203.0 239.0 199.0 231.0
347.0 43.0 348.0 41.0
183.0 159.0 181.0 153.0
268.0 272.0 266.0 268.0
322.0 29.0 321.0 27.0
154.0 486.0 146.0 471.0
31.0 68.0 28.0 48.0
390.0 351.0 382.0 351.0
412.0 95.0 409.0 96.0
299.0 55.0 298.0 48.0
223.0 89.0 222.0 82.0
136.0 143.0 134.0 134.0
155.0 486.0 146.0 473.0
204.0 239.0 199.0 231.0
412.0 94.0 409.0 96.0
136.0 144.0 134.0 134.0
409.0 351.0 401.0 348.0
317.0 175.0 313.0 173.0
31.0 67.0 28.0 48.0
305.0 102.0 303.0 99.0
176.0 345.0 171.0 332.0
373.0 272.0 368.0 271.0
298.0 56.0 298.0 49.0
436.0 284.0 430.0 286.0
224.0 89.0 222.0 82.0
215.0 616.0 206.0 602.0
353.0 280.0 348.0 278.0
251.0 241.0 249.0 235.0
446.0 241.0 442.0 241.0
346.0 147.0 344.0 144.0
349.0 387.0 341.0 383.0
382.0 337.0 373.0 336.0
372.0 271.0 367.0 271.0
32.0 68.0 28.0 48.0
154.0 487.0 146.0 471.0
447.0 240.0 442.0 241.0
382.0 338.0 374.0 337.0
222.0 89.0 222.0 82.0
128.0 67.0 128.0 54.0
402.0 249.0 396.0 250.0
413.0 95.0 409.0 96.0
304.0 103.0 303.0 99.0
413.0 94.0 409.0 96.0
447.0 241.0 442.0 241.0
332.0 183.0 331.0 181.0
401.0 249.0 396.0 250.0
436.0 285.0 430.0 286.0
153.0 486.0 146.0 471.0
401.0 248.0 395.0 250.0
449.0 312.0 443.0 314.0
352.0 281.0 348.0 278.0
283.0 98.0 282.0 95.0
176.0 344.0 171.0 332.0
450.0 313.0 443.0 314.0
215.0 617.0 206.0 602.0
317.0 63.0 315.0 57.0
154.0 485.0 146.0 471.0
409.0 115.0 407.0 117.0
350.0 238.0 346.0 236.0
271.0 224.0 269.0 218.0
165.0 457.0 158.0 446.0
317.0 62.0 315.0 57.0
331.0 183.0 331.0 181.0
252.0 241.0 249.0 235.0
411.0 94.0 409.0 96.0
402.0 248.0 396.0 250.0
410.0 114.0 407.0 117.0
271.0 225.0 269.0 218.0
409.0 114.0 407.0 117.0
352.0 280.0 348.0 278.0
332.0 184.0 332.0 182.0
251.0 226.0 248.0 220.0
186.0 240.0 181.0 234.0
153.0 487.0 146.0 471.0
410.0 115.0 407.0 117.0
202.0 234.0 199.0 231.0
415.0 186.0 411.0 187.0
251.0 242.0 249.0 235.0
166.0 457.0 158.0 446.0
437.0 285.0 430.0 286.0
220.0 165.0 218.0 159.0
128.0 68.0 128.0 54.0
351.0 280.0 347.0 277.0
183.0 160.0 180.0 153.0
367.0 486.0 358.0 479.0
203.0 240.0 199.0 231.0
450.0 312.0 443.0 314.0
270.0 225.0 269.0 218.0
252.0 242.0 249.0 235.0
346.0 309.0 339.0 306.0
413.0 185.0 411.0 186.0
128.0 66.0 128.0 54.0
346.0 148.0 344.0 145.0
373.0 271.0 368.0 271.0
182.0 159.0 180.0 153.0
220.0 166.0 218.0 159.0
170.0 248.0 166.0 237.0
414.0 185.0 411.0 186.0
447.0 239.0 442.0 241.0
202.0 233.0 199.0 231.0
391.0 351.0 382.0 351.0
391.0 350.0 382.0 351.0
171.0 247.0 166.0 237.0
223.0 88.0 222.0 82.0
413.0 93.0 409.0 96.0
412.0 93.0 409.0 96.0
250.0 226.0 248.0 220.0
318.0 88.0 318.0 83.0
321.0 28.0 321.0 27.0
345.0 148.0 344.0 145.0
318.0 302.0 313.0 297.0
164.0 216.0 160.0 206.0
414.0 186.0 411.0 186.0
346.0 310.0 340.0 307.0
171.0 248.0 166.0 237.0
467.0 354.0 462.0 355.0
170.0 247.0 166.0 237.0
351.0 238.0 346.0 236.0
392.0 351.0 382.0 351.0
374.0 271.0 368.0 271.0
213.0 403.0 206.0 394.0
270.0 224.0 269.0 218.0
209.0 101.0 207.0 93.0
372.0 270.0 368.0 271.0
212.0 403.0 206.0 394.0
415.0 185.0 411.0 186.0
205.0 35.0 201.0 29.0
221.0 166.0 218.0 159.0
467.0 355.0 462.0 355.0
420.0 460.0 407.0 457.0
346.0 311.0 339.0 307.0
448.0 240.0 442.0 241.0
468.0 354.0 462.0 355.0
221.0 164.0 218.0 158.0
420.0 459.0 408.0 456.0
317.0 88.0 318.0 83.0
316.0 552.0 304.0 537.0
414.0 184.0 411.0 186.0
220.0 164.0 218.0 158.0
318.0 300.0 313.0 297.0
189.0 486.0 181.0 475.0
205.0 36.0 201.0 29.0
242.0 448.0 227.0 431.0
189.0 487.0 181.0 475.0
468.0 355.0 462.0 355.0
345.0 310.0 339.0 307.0
347.0 311.0 339.0 307.0
318.0 301.0 313.0 297.0
345.0 147.0 344.0 145.0
209.0 102.0 207.0 93.0
317.0 552.0 304.0 537.0
210.0 207.0 207.0 194.0
421.0 459.0 408.0 456.0
317.0 301.0 313.0 297.0
381.0 242.0 375.0 242.0
373.0 270.0 368.0 271.0
317.0 300.0 313.0 297.0
221.0 165.0 218.0 158.0
352.0 238.0 346.0 236.0
472.0 329.0 465.0 330.0
379.0 242.0 375.0 242.0
345.0 311.0 339.0 307.0
380.0 242.0 375.0 242.0
209.0 207.0 207.0 194.0
379.0 241.0 375.0 242.0
208.0 207.0 207.0 194.0
348.0 522.0 337.0 514.0
347.0 522.0 337.0 514.0
183.0 414.0 177.0 403.0
352.0 239.0 346.0 236.0
209.0 206.0 207.0 194.0
205.0 37.0 201.0 29.0
455.0 338.0 449.0 337.0
183.0 413.0 177.0 403.0
454.0 338.0 449.0 337.0
316.0 88.0 317.0 83.0
471.0 329.0 465.0 330.0
188.0 486.0 181.0 475.0
184.0 414.0 177.0 403.0
432.0 377.0 425.0 376.0
380.0 241.0 375.0 242.0
349.0 522.0 337.0 514.0
210.0 206.0 208.0 193.0
436.0 518.0 427.0 513.0
188.0 487.0 181.0 475.0
455.0 337.0 449.0 337.0
454.0 337.0 449.0 337.0
84.0 54.0 82.0 34.0
240.0 201.0 236.0 193.0
179.0 562.0 168.0 542.0
311.0 543.0 303.0 535.0
348.0 521.0 337.0 514.0
178.0 562.0 168.0 542.0
437.0 463.0 428.0 460.0
438.0 463.0 435.0 469.0
319.0 140.0 320.0 142.0
347.0 521.0 337.0 514.0
349.0 521.0 337.0 514.0
240.0 202.0 236.0 193.0
449.0 474.0 435.0 470.0
437.0 464.0 435.0 469.0
410.0 312.0 395.0 315.0
414.0 14.0 387.0 12.0
418.0 329.0 401.0 330.0
448.0 474.0 435.0 470.0
415.0 14.0 387.0 12.0
449.0 473.0 435.0 471.0
209.0 287.0 213.0 272.0
383.0 144.0 376.0 130.0
320.0 12.0 303.0 9.0
258.0 222.0 248.0 220.0
416.0 14.0 387.0 12.0
382.0 145.0 376.0 130.0
321.0 13.0 303.0 9.0
100.0 595.0 94.0 574.0
419.0 328.0 401.0 330.0
30.0 508.0 11.0 441.0
449.0 475.0 435.0 470.0
229.0 343.0 223.0 325.0
418.0 328.0 401.0 330.0
314.0 259.0 302.0 251.0
450.0 474.0 435.0 470.0
313.0 260.0 302.0 251.0
322.0 12.0 303.0 9.0
313.0 259.0 302.0 251.0
321.0 12.0 303.0 9.0
314.0 260.0 302.0 251.0
321.0 68.0 315.0 58.0
383.0 145.0 376.0 130.0
321.0 11.0 303.0 9.0
208.0 287.0 213.0 272.0
242.0 290.0 242.0 291.0
310.0 330.0 286.0 319.0
209.0 288.0 213.0 272.0
309.0 329.0 286.0 319.0
450.0 475.0 435.0 470.0
310.0 329.0 286.0 319.0
306.0 32.0 320.0 25.0
