11.0 209.0 11.0 190.0
11.0 208.0 11.0 190.0
92.0 139.0 93.0 124.0
11.0 193.0 11.0 175.0
11.0 192.0 11.0 175.0
91.0 139.0 93.0 124.0
91.0 138.0 93.0 124.0
87.0 157.0 89.0 142.0
91.0 137.0 93.0 124.0
92.0 137.0 93.0 124.0
92.0 138.0 93.0 124.0
38.0 233.0 37.0 217.0
37.0 233.0 37.0 217.0
87.0 156.0 88.0 141.0
12.0 193.0 11.0 175.0
219.0 141.0 223.0 129.0
86.0 156.0 88.0 141.0
12.0 192.0 11.0 175.0
88.0 156.0 89.0 142.0
88.0 157.0 90.0 141.0
7.0 79.0 9.0 58.0
38.0 234.0 37.0 217.0
11.0 194.0 11.0 175.0
12.0 194.0 11.0 175.0
12.0 195.0 11.0 175.0
86.0 157.0 88.0 141.0
90.0 138.0 93.0 124.0
93.0 356.0 92.0 345.0
87.0 155.0 89.0 140.0
218.0 140.0 223.0 129.0
11.0 195.0 11.0 175.0
94.0 357.0 91.0 345.0
90.0 139.0 93.0 124.0
218.0 141.0 223.0 129.0
93.0 357.0 91.0 345.0
87.0 158.0 89.0 142.0
217.0 140.0 223.0 129.0
37.0 234.0 37.0 217.0
94.0 356.0 92.0 345.0
162.0 485.0 159.0 476.0
86.0 158.0 89.0 142.0
218.0 143.0 222.0 130.0
93.0 355.0 91.0 344.0
50.0 310.0 48.0 296.0
65.0 364.0 63.0 349.0
216.0 140.0 221.0 129.0
65.0 363.0 63.0 349.0
99.0 479.0 95.0 467.0
245.0 510.0 244.0 502.0
94.0 355.0 91.0 344.0
162.0 486.0 159.0 476.0
246.0 510.0 244.0 502.0
64.0 363.0 63.0 349.0
38.0 235.0 37.0 217.0
246.0 509.0 244.0 502.0
216.0 142.0 222.0 130.0
100.0 479.0 97.0 466.0
218.0 142.0 223.0 129.0
217.0 143.0 222.0 130.0
50.0 311.0 48.0 296.0
99.0 478.0 95.0 466.0
100.0 480.0 97.0 467.0
245.0 509.0 244.0 502.0
161.0 484.0 159.0 476.0
161.0 485.0 159.0 476.0
49.0 310.0 48.0 296.0
100.0 478.0 97.0 466.0
216.0 141.0 221.0 129.0
37.0 235.0 37.0 217.0
147.0 477.0 144.0 465.0
161.0 486.0 159.0 476.0
99.0 480.0 95.0 467.0
98.0 478.0 95.0 466.0
217.0 142.0 222.0 130.0
101.0 480.0 97.0 467.0
217.0 141.0 221.0 129.0
341.0 271.0 346.0 264.0
100.0 481.0 96.0 468.0
339.0 271.0 343.0 264.0
339.0 270.0 343.0 264.0
64.0 364.0 62.0 349.0
130.0 550.0 125.0 540.0
65.0 336.0 63.0 324.0
101.0 479.0 97.0 466.0
379.0 291.0 382.0 287.0
129.0 550.0 125.0 540.0
131.0 550.0 125.0 540.0
340.0 271.0 343.0 264.0
341.0 270.0 346.0 264.0
98.0 479.0 96.0 466.0
379.0 290.0 382.0 287.0
146.0 477.0 143.0 466.0
245.0 511.0 244.0 502.0
342.0 271.0 346.0 264.0
380.0 292.0 382.0 288.0
340.0 270.0 344.0 263.0
147.0 476.0 144.0 465.0
380.0 291.0 382.0 287.0
454.0 363.0 456.0 360.0
455.0 364.0 456.0 360.0
453.0 364.0 456.0 360.0
339.0 269.0 344.0 263.0
379.0 292.0 380.0 287.0
13.0 341.0 10.0 324.0
129.0 551.0 123.0 540.0
147.0 475.0 144.0 465.0
455.0 363.0 456.0 360.0
454.0 364.0 456.0 360.0
130.0 549.0 125.0 540.0
138.0 521.0 132.0 510.0
130.0 551.0 125.0 540.0
372.0 39.0 383.0 29.0
342.0 270.0 346.0 264.0
372.0 40.0 383.0 29.0
146.0 475.0 144.0 465.0
263.0 514.0 260.0 507.0
181.0 492.0 179.0 482.0
137.0 522.0 132.0 510.0
146.0 476.0 144.0 466.0
453.0 363.0 456.0 360.0
13.0 342.0 10.0 324.0
162.0 487.0 158.0 477.0
137.0 519.0 131.0 508.0
442.0 255.0 447.0 251.0
137.0 521.0 132.0 510.0
145.0 477.0 143.0 466.0
340.0 269.0 344.0 263.0
341.0 269.0 344.0 263.0
65.0 337.0 63.0 324.0
182.0 493.0 179.0 482.0
13.0 340.0 10.0 324.0
342.0 269.0 346.0 264.0
182.0 492.0 179.0 482.0
454.0 362.0 456.0 360.0
262.0 514.0 259.0 509.0
396.0 169.0 404.0 163.0
131.0 551.0 125.0 540.0
130.0 552.0 125.0 540.0
64.0 337.0 63.0 324.0
380.0 290.0 382.0 287.0
453.0 362.0 456.0 360.0
137.0 520.0 131.0 508.0
261.0 513.0 260.0 507.0
396.0 168.0 404.0 163.0
136.0 519.0 132.0 510.0
262.0 513.0 260.0 507.0
263.0 515.0 259.0 509.0
16.0 539.0 11.0 522.0
64.0 336.0 63.0 324.0
396.0 167.0 404.0 163.0
138.0 520.0 132.0 508.0
145.0 475.0 144.0 465.0
12.0 560.0 8.0 543.0
261.0 514.0 258.0 509.0
263.0 513.0 260.0 507.0
17.0 540.0 11.0 522.0
145.0 476.0 144.0 466.0
181.0 491.0 179.0 482.0
417.0 261.0 422.0 259.0
136.0 521.0 132.0 510.0
455.0 362.0 456.0 360.0
415.0 261.0 420.0 259.0
363.0 210.0 372.0 203.0
373.0 39.0 383.0 29.0
136.0 520.0 132.0 510.0
157.0 588.0 152.0 576.0
396.0 166.0 404.0 163.0
11.0 559.0 8.0 543.0
262.0 515.0 259.0 510.0
415.0 220.0 420.0 215.0
414.0 220.0 420.0 215.0
387.0 237.0 392.0 232.0
157.0 587.0 152.0 576.0
415.0 221.0 420.0 215.0
17.0 539.0 11.0 522.0
397.0 168.0 404.0 163.0
157.0 589.0 152.0 576.0
12.0 559.0 8.0 543.0
414.0 262.0 420.0 259.0
63.0 336.0 63.0 324.0
414.0 221.0 419.0 216.0
413.0 219.0 419.0 215.0
414.0 219.0 420.0 215.0
197.0 118.0 201.0 101.0
182.0 491.0 179.0 482.0
388.0 237.0 392.0 232.0
95.0 18.0 98.0 6.0
156.0 587.0 152.0 576.0
413.0 220.0 420.0 215.0
95.0 19.0 98.0 6.0
362.0 210.0 372.0 203.0
413.0 221.0 419.0 216.0
416.0 261.0 422.0 259.0
362.0 209.0 372.0 203.0
156.0 589.0 152.0 576.0
363.0 209.0 372.0 203.0
13.0 559.0 8.0 543.0
414.0 263.0 420.0 259.0
19.0 427.0 16.0 412.0
156.0 588.0 152.0 576.0
397.0 166.0 403.0 163.0
387.0 238.0 392.0 232.0
388.0 236.0 398.0 231.0
20.0 428.0 16.0 413.0
362.0 211.0 372.0 203.0
16.0 122.0 16.0 107.0
386.0 237.0 391.0 232.0
197.0 119.0 201.0 101.0
415.0 263.0 422.0 259.0
16.0 120.0 16.0 107.0
416.0 262.0 422.0 259.0
31.0 387.0 27.0 372.0
198.0 120.0 201.0 101.0
397.0 167.0 404.0 163.0
20.0 427.0 16.0 413.0
388.0 238.0 392.0 232.0
198.0 119.0 201.0 101.0
17.0 122.0 16.0 105.0
71.0 625.0 64.0 612.0
28.0 434.0 25.0 420.0
69.0 626.0 63.0 612.0
19.0 426.0 16.0 412.0
218.0 569.0 214.0 561.0
219.0 569.0 214.0 561.0
16.0 121.0 16.0 107.0
386.0 238.0 390.0 232.0
69.0 625.0 64.0 612.0
70.0 625.0 64.0 612.0
415.0 262.0 420.0 259.0
196.0 118.0 201.0 101.0
197.0 120.0 201.0 101.0
196.0 119.0 201.0 101.0
163.0 574.0 157.0 563.0
70.0 626.0 64.0 612.0
20.0 426.0 16.0 412.0
94.0 17.0 98.0 6.0
156.0 533.0 153.0 524.0
17.0 121.0 16.0 105.0
199.0 588.0 192.0 578.0
71.0 626.0 64.0 612.0
17.0 120.0 16.0 105.0
70.0 627.0 63.0 612.0
164.0 574.0 157.0 563.0
173.0 632.0 167.0 624.0
99.0 606.0 94.0 593.0
173.0 633.0 167.0 624.0
199.0 587.0 193.0 578.0
94.0 19.0 98.0 6.0
213.0 604.0 208.0 595.0
196.0 120.0 201.0 101.0
397.0 165.0 405.0 162.0
219.0 568.0 214.0 561.0
94.0 18.0 98.0 6.0
172.0 632.0 167.0 624.0
218.0 567.0 214.0 561.0
213.0 603.0 208.0 595.0
100.0 605.0 94.0 593.0
100.0 606.0 94.0 593.0
21.0 427.0 16.0 413.0
398.0 167.0 406.0 162.0
212.0 603.0 208.0 595.0
100.0 607.0 94.0 593.0
218.0 568.0 214.0 561.0
99.0 605.0 93.0 591.0
225.0 43.0 234.0 26.0
101.0 605.0 94.0 593.0
17.0 119.0 16.0 107.0
225.0 42.0 234.0 26.0
155.0 534.0 152.0 524.0
101.0 607.0 94.0 593.0
224.0 43.0 234.0 26.0
214.0 604.0 208.0 594.0
156.0 534.0 153.0 524.0
101.0 606.0 94.0 593.0
214.0 603.0 208.0 595.0
386.0 93.0 394.0 85.0
386.0 92.0 394.0 84.0
212.0 602.0 208.0 595.0
219.0 567.0 214.0 561.0
155.0 533.0 152.0 524.0
386.0 94.0 394.0 85.0
220.0 568.0 214.0 560.0
213.0 602.0 208.0 595.0
74.0 35.0 77.0 15.0
444.0 80.0 457.0 74.0
74.0 33.0 77.0 15.0
443.0 82.0 457.0 74.0
74.0 34.0 77.0 15.0
387.0 93.0 394.0 84.0
387.0 92.0 394.0 84.0
73.0 33.0 77.0 15.0
444.0 81.0 457.0 74.0
73.0 35.0 77.0 15.0
170.0 552.0 162.0 538.0
180.0 528.0 176.0 520.0
73.0 34.0 77.0 15.0
179.0 528.0 176.0 520.0
73.0 36.0 77.0 15.0
169.0 553.0 162.0 538.0
216.0 57.0 223.0 39.0
217.0 56.0 223.0 39.0
169.0 552.0 162.0 538.0
443.0 81.0 457.0 74.0
179.0 527.0 176.0 520.0
227.0 518.0 214.0 505.0
217.0 57.0 223.0 39.0
180.0 527.0 176.0 520.0
227.0 517.0 214.0 505.0
67.0 104.0 68.0 101.0
443.0 80.0 457.0 74.0
218.0 57.0 223.0 39.0
217.0 58.0 223.0 39.0
228.0 517.0 214.0 505.0
442.0 81.0 456.0 74.0
68.0 104.0 68.0 101.0
442.0 80.0 457.0 74.0
67.0 103.0 68.0 101.0
228.0 518.0 214.0 505.0
66.0 103.0 68.0 101.0
69.0 102.0 68.0 101.0
406.0 101.0 415.0 94.0
68.0 102.0 68.0 101.0
69.0 103.0 68.0 101.0
407.0 102.0 415.0 94.0
68.0 103.0 68.0 101.0
406.0 102.0 415.0 94.0
212.0 43.0 223.0 38.0
407.0 101.0 415.0 94.0
450.0 14.0 383.0 30.0
66.0 102.0 68.0 101.0
67.0 102.0 68.0 101.0
67.0 101.0 68.0 101.0
28.0 220.0 37.0 217.0
15.0 389.0 15.0 355.0
451.0 13.0 383.0 30.0
451.0 14.0 383.0 30.0
213.0 42.0 223.0 38.0
213.0 41.0 234.0 26.0
