9.0 293.0 10.0 322.0
124.0 517.0 123.0 548.0
9.0 294.0 10.0 324.0
8.0 293.0 9.0 323.0
9.0 295.0 10.0 324.0
10.0 294.0 10.0 324.0
8.0 294.0 9.0 323.0
74.0 429.0 73.0 459.0
183.0 389.0 183.0 418.0
183.0 388.0 183.0 418.0
8.0 295.0 9.0 323.0
124.0 518.0 123.0 548.0
183.0 390.0 183.0 419.0
73.0 429.0 72.0 459.0
74.0 428.0 73.0 458.0
337.0 507.0 338.0 538.0
74.0 427.0 73.0 458.0
149.0 235.0 150.0 261.0
173.0 412.0 173.0 441.0
182.0 388.0 182.0 418.0
114.0 453.0 113.0 481.0
338.0 508.0 338.0 538.0
114.0 452.0 113.0 480.0
205.0 360.0 204.0 387.0
114.0 451.0 113.0 479.0
205.0 361.0 204.0 387.0
123.0 517.0 123.0 548.0
73.0 428.0 72.0 459.0
317.0 484.0 319.0 516.0
453.0 548.0 455.0 586.0
338.0 507.0 338.0 538.0
182.0 390.0 183.0 419.0
206.0 359.0 205.0 385.0
339.0 507.0 338.0 538.0
145.0 413.0 146.0 439.0
115.0 451.0 114.0 480.0
118.0 468.0 118.0 498.0
453.0 549.0 455.0 586.0
150.0 235.0 150.0 259.0
339.0 508.0 338.0 538.0
117.0 468.0 116.0 498.0
182.0 389.0 183.0 418.0
317.0 482.0 319.0 515.0
173.0 411.0 173.0 441.0
172.0 412.0 173.0 441.0
123.0 519.0 123.0 549.0
317.0 483.0 319.0 516.0
124.0 519.0 123.0 549.0
74.0 378.0 73.0 407.0
97.0 416.0 96.0 444.0
454.0 548.0 455.0 586.0
118.0 469.0 118.0 498.0
115.0 452.0 114.0 480.0
73.0 379.0 73.0 407.0
149.0 234.0 150.0 259.0
123.0 518.0 123.0 548.0
151.0 235.0 150.0 259.0
174.0 411.0 173.0 441.0
181.0 389.0 182.0 418.0
117.0 469.0 116.0 498.0
150.0 234.0 150.0 259.0
454.0 549.0 455.0 585.0
144.0 413.0 145.0 439.0
206.0 360.0 204.0 387.0
318.0 483.0 319.0 516.0
353.0 483.0 354.0 515.0
353.0 485.0 354.0 516.0
316.0 482.0 319.0 515.0
115.0 453.0 114.0 480.0
117.0 470.0 116.0 498.0
164.0 507.0 163.0 539.0
163.0 508.0 163.0 539.0
144.0 414.0 146.0 439.0
354.0 484.0 355.0 515.0
210.0 314.0 210.0 341.0
188.0 175.0 188.0 206.0
145.0 414.0 146.0 439.0
339.0 485.0 340.0 516.0
151.0 234.0 150.0 259.0
210.0 526.0 211.0 561.0
97.0 417.0 96.0 444.0
73.0 378.0 73.0 407.0
399.0 113.0 394.0 143.0
163.0 506.0 163.0 539.0
188.0 174.0 188.0 206.0
150.0 233.0 150.0 259.0
163.0 507.0 163.0 539.0
354.0 483.0 355.0 515.0
211.0 526.0 211.0 561.0
119.0 470.0 118.0 498.0
149.0 233.0 150.0 259.0
205.0 362.0 204.0 387.0
182.0 489.0 180.0 521.0
352.0 484.0 354.0 515.0
74.0 377.0 74.0 406.0
72.0 379.0 73.0 407.0
206.0 361.0 204.0 387.0
172.0 411.0 173.0 441.0
96.0 417.0 96.0 444.0
162.0 507.0 163.0 539.0
96.0 416.0 96.0 444.0
214.0 298.0 212.0 322.0
118.0 470.0 116.0 498.0
162.0 506.0 162.0 538.0
162.0 86.0 164.0 118.0
211.0 527.0 211.0 561.0
72.0 378.0 73.0 407.0
316.0 483.0 318.0 516.0
42.0 409.0 39.0 439.0
73.0 377.0 73.0 407.0
353.0 484.0 355.0 515.0
351.0 518.0 351.0 549.0
207.0 360.0 205.0 385.0
162.0 508.0 163.0 539.0
144.0 412.0 145.0 438.0
144.0 415.0 146.0 439.0
96.0 415.0 96.0 444.0
440.0 386.0 439.0 417.0
182.0 487.0 180.0 521.0
351.0 520.0 351.0 549.0
97.0 555.0 95.0 589.0
440.0 385.0 439.0 417.0
210.0 525.0 211.0 561.0
97.0 554.0 96.0 589.0
96.0 555.0 95.0 589.0
182.0 488.0 180.0 521.0
353.0 482.0 354.0 515.0
188.0 173.0 188.0 206.0
42.0 408.0 39.0 439.0
351.0 519.0 351.0 549.0
211.0 525.0 211.0 561.0
352.0 483.0 354.0 515.0
183.0 489.0 180.0 521.0
308.0 196.0 304.0 223.0
384.0 218.0 379.0 247.0
173.0 410.0 173.0 441.0
118.0 471.0 116.0 498.0
352.0 519.0 351.0 549.0
398.0 115.0 393.0 144.0
398.0 113.0 394.0 143.0
352.0 518.0 351.0 549.0
206.0 362.0 204.0 387.0
321.0 149.0 319.0 177.0
274.0 190.0 271.0 218.0
207.0 361.0 205.0 385.0
183.0 488.0 180.0 521.0
117.0 471.0 116.0 498.0
7.0 316.0 7.0 344.0
274.0 191.0 271.0 218.0
352.0 520.0 351.0 549.0
187.0 174.0 188.0 206.0
8.0 317.0 7.0 344.0
321.0 148.0 319.0 177.0
148.0 407.0 147.0 437.0
97.0 418.0 96.0 444.0
95.0 555.0 95.0 589.0
96.0 554.0 95.0 589.0
8.0 316.0 7.0 344.0
183.0 487.0 180.0 521.0
422.0 222.0 418.0 251.0
399.0 114.0 393.0 144.0
385.0 218.0 379.0 247.0
397.0 329.0 393.0 350.0
8.0 315.0 7.0 344.0
42.0 407.0 39.0 439.0
7.0 317.0 7.0 344.0
396.0 329.0 393.0 350.0
316.0 500.0 316.0 531.0
172.0 410.0 173.0 441.0
384.0 217.0 379.0 247.0
396.0 328.0 393.0 350.0
396.0 327.0 393.0 350.0
95.0 554.0 95.0 589.0
209.0 525.0 210.0 562.0
315.0 500.0 316.0 531.0
315.0 501.0 316.0 531.0
210.0 524.0 211.0 561.0
147.0 407.0 147.0 437.0
398.0 114.0 393.0 144.0
397.0 328.0 393.0 350.0
273.0 191.0 270.0 219.0
315.0 502.0 316.0 531.0
399.0 115.0 394.0 144.0
421.0 221.0 418.0 251.0
273.0 190.0 270.0 219.0
422.0 221.0 418.0 251.0
273.0 192.0 270.0 219.0
385.0 217.0 379.0 247.0
397.0 327.0 393.0 350.0
43.0 407.0 39.0 439.0
320.0 148.0 319.0 177.0
385.0 219.0 379.0 247.0
316.0 501.0 316.0 531.0
320.0 147.0 319.0 177.0
187.0 173.0 188.0 206.0
42.0 406.0 39.0 439.0
320.0 149.0 319.0 177.0
398.0 328.0 394.0 350.0
95.0 553.0 95.0 589.0
334.0 484.0 339.0 516.0
276.0 513.0 276.0 544.0
276.0 514.0 276.0 544.0
319.0 147.0 319.0 177.0
421.0 222.0 418.0 251.0
386.0 218.0 379.0 247.0
401.0 193.0 394.0 221.0
366.0 116.0 356.0 147.0
398.0 327.0 393.0 350.0
334.0 485.0 339.0 523.0
96.0 553.0 96.0 589.0
89.0 112.0 91.0 142.0
58.0 257.0 60.0 289.0
43.0 406.0 39.0 439.0
42.0 405.0 39.0 439.0
401.0 192.0 394.0 221.0
97.0 309.0 98.0 335.0
57.0 257.0 60.0 289.0
316.0 502.0 316.0 531.0
89.0 113.0 91.0 142.0
97.0 308.0 98.0 335.0
59.0 257.0 60.0 289.0
401.0 194.0 394.0 221.0
416.0 162.0 413.0 191.0
95.0 309.0 98.0 335.0
89.0 114.0 92.0 143.0
88.0 113.0 92.0 143.0
96.0 308.0 98.0 335.0
388.0 347.0 389.0 371.0
386.0 217.0 379.0 247.0
402.0 191.0 396.0 220.0
96.0 309.0 98.0 335.0
58.0 256.0 60.0 289.0
57.0 256.0 60.0 289.0
388.0 348.0 389.0 371.0
333.0 485.0 339.0 523.0
388.0 349.0 389.0 372.0
385.0 216.0 379.0 247.0
389.0 347.0 389.0 371.0
388.0 346.0 389.0 371.0
59.0 256.0 60.0 289.0
402.0 192.0 395.0 221.0
402.0 194.0 395.0 221.0
402.0 193.0 395.0 221.0
416.0 160.0 413.0 191.0
416.0 161.0 413.0 191.0
415.0 162.0 413.0 191.0
96.0 310.0 98.0 335.0
97.0 310.0 98.0 335.0
333.0 484.0 339.0 516.0
389.0 348.0 389.0 372.0
432.0 150.0 427.0 178.0
415.0 161.0 413.0 191.0
389.0 346.0 389.0 371.0
385.0 391.0 383.0 410.0
433.0 150.0 427.0 178.0
415.0 160.0 413.0 191.0
388.0 345.0 389.0 371.0
434.0 150.0 427.0 178.0
385.0 392.0 383.0 410.0
370.0 53.0 367.0 79.0
433.0 151.0 427.0 178.0
289.0 495.0 292.0 531.0
74.0 564.0 71.0 598.0
434.0 151.0 427.0 178.0
288.0 495.0 292.0 531.0
74.0 565.0 71.0 598.0
73.0 565.0 71.0 598.0
385.0 393.0 383.0 410.0
75.0 566.0 71.0 598.0
415.0 301.0 403.0 324.0
415.0 302.0 403.0 324.0
75.0 565.0 71.0 598.0
370.0 54.0 367.0 79.0
384.0 393.0 383.0 410.0
385.0 394.0 383.0 410.0
384.0 392.0 383.0 410.0
74.0 566.0 71.0 598.0
435.0 150.0 427.0 178.0
416.0 300.0 403.0 324.0
416.0 301.0 403.0 324.0
435.0 151.0 427.0 178.0
386.0 392.0 383.0 410.0
73.0 566.0 71.0 598.0
312.0 171.0 318.0 205.0
386.0 393.0 383.0 410.0
289.0 494.0 293.0 531.0
371.0 54.0 367.0 79.0
371.0 53.0 367.0 79.0
254.0 512.0 275.0 544.0
416.0 302.0 403.0 324.0
311.0 173.0 318.0 206.0
435.0 119.0 429.0 149.0
435.0 118.0 429.0 149.0
436.0 119.0 429.0 149.0
312.0 172.0 318.0 205.0
370.0 55.0 367.0 79.0
311.0 171.0 310.0 193.0
37.0 565.0 32.0 601.0
371.0 55.0 367.0 79.0
435.0 120.0 429.0 149.0
311.0 172.0 318.0 205.0
248.0 506.0 249.0 532.0
104.0 596.0 103.0 629.0
109.0 9.0 110.0 29.0
110.0 9.0 110.0 29.0
103.0 596.0 103.0 629.0
219.0 142.0 222.0 163.0
380.0 167.0 384.0 198.0
109.0 10.0 110.0 29.0
110.0 10.0 110.0 29.0
105.0 596.0 103.0 629.0
105.0 595.0 103.0 629.0
380.0 166.0 384.0 198.0
105.0 593.0 103.0 629.0
468.0 51.0 457.0 87.0
147.0 381.0 149.0 419.0
289.0 512.0 275.0 544.0
104.0 595.0 103.0 629.0
111.0 636.0 104.0 629.0
185.0 163.0 188.0 206.0
315.0 189.0 304.0 223.0
125.0 120.0 147.0 152.0
105.0 594.0 103.0 629.0
104.0 594.0 103.0 629.0
330.0 30.0 330.0 13.0
360.0 10.0 377.0 15.0
468.0 50.0 457.0 87.0
360.0 11.0 377.0 15.0
110.0 636.0 102.0 630.0
359.0 11.0 377.0 15.0
359.0 10.0 377.0 15.0
124.0 120.0 147.0 152.0
330.0 31.0 330.0 13.0
317.0 189.0 304.0 223.0
329.0 30.0 330.0 13.0
124.0 119.0 147.0 152.0
15.0 584.0 29.0 618.0
329.0 31.0 330.0 13.0
15.0 585.0 29.0 618.0
