289.0 474.0 274.0 466.0
288.0 474.0 273.0 465.0
290.0 475.0 275.0 466.0
288.0 475.0 273.0 465.0
226.0 621.0 212.0 620.0
193.0 567.0 179.0 568.0
96.0 373.0 79.0 378.0
289.0 475.0 275.0 466.0
290.0 476.0 275.0 466.0
338.0 249.0 321.0 243.0
339.0 248.0 321.0 242.0
191.0 567.0 178.0 567.0
192.0 566.0 178.0 567.0
192.0 567.0 179.0 568.0
225.0 621.0 212.0 620.0
226.0 622.0 212.0 620.0
339.0 249.0 321.0 243.0
289.0 476.0 275.0 466.0
395.0 90.0 372.0 92.0
140.0 300.0 123.0 302.0
97.0 373.0 80.0 377.0
340.0 248.0 321.0 242.0
220.0 418.0 205.0 415.0
80.0 596.0 65.0 604.0
165.0 520.0 152.0 521.0
266.0 419.0 251.0 413.0
97.0 371.0 80.0 377.0
225.0 622.0 212.0 620.0
96.0 372.0 79.0 377.0
192.0 568.0 179.0 568.0
298.0 102.0 277.0 99.0
388.0 520.0 376.0 515.0
158.0 574.0 144.0 577.0
81.0 597.0 66.0 604.0
389.0 520.0 376.0 515.0
298.0 101.0 277.0 99.0
81.0 596.0 65.0 604.0
97.0 372.0 80.0 377.0
299.0 102.0 277.0 99.0
299.0 103.0 277.0 99.0
103.0 347.0 85.0 350.0
338.0 248.0 321.0 242.0
218.0 419.0 203.0 415.0
288.0 476.0 273.0 465.0
159.0 574.0 145.0 578.0
217.0 419.0 203.0 415.0
162.0 448.0 148.0 449.0
96.0 371.0 79.0 377.0
389.0 521.0 376.0 515.0
300.0 102.0 277.0 98.0
105.0 346.0 85.0 350.0
163.0 449.0 149.0 450.0
390.0 521.0 377.0 514.0
158.0 573.0 144.0 577.0
390.0 520.0 377.0 514.0
299.0 101.0 277.0 98.0
141.0 491.0 126.0 493.0
165.0 521.0 153.0 522.0
220.0 419.0 205.0 415.0
159.0 573.0 145.0 577.0
157.0 574.0 144.0 577.0
163.0 448.0 148.0 449.0
166.0 520.0 153.0 522.0
221.0 419.0 206.0 416.0
104.0 346.0 85.0 350.0
394.0 91.0 372.0 92.0
219.0 419.0 205.0 415.0
394.0 90.0 372.0 92.0
300.0 103.0 277.0 99.0
219.0 418.0 204.0 415.0
140.0 299.0 123.0 302.0
80.0 597.0 65.0 604.0
271.0 452.0 256.0 447.0
163.0 447.0 149.0 448.0
140.0 490.0 126.0 493.0
76.0 564.0 60.0 572.0
221.0 418.0 205.0 415.0
393.0 91.0 372.0 92.0
219.0 170.0 200.0 168.0
98.0 373.0 80.0 377.0
103.0 346.0 85.0 350.0
270.0 452.0 256.0 447.0
220.0 170.0 200.0 168.0
266.0 420.0 251.0 413.0
98.0 372.0 80.0 377.0
164.0 521.0 150.0 523.0
393.0 90.0 372.0 92.0
112.0 559.0 99.0 562.0
272.0 260.0 253.0 254.0
162.0 449.0 148.0 449.0
273.0 260.0 254.0 254.0
164.0 448.0 150.0 449.0
140.0 491.0 126.0 493.0
65.0 260.0 47.0 265.0
227.0 629.0 212.0 620.0
126.0 504.0 113.0 506.0
157.0 573.0 144.0 577.0
114.0 484.0 100.0 489.0
164.0 449.0 148.0 449.0
50.0 516.0 35.0 524.0
75.0 564.0 60.0 572.0
126.0 505.0 113.0 507.0
74.0 564.0 59.0 572.0
127.0 505.0 113.0 507.0
98.0 371.0 80.0 377.0
100.0 535.0 84.0 539.0
75.0 565.0 59.0 573.0
267.0 419.0 252.0 413.0
274.0 260.0 254.0 254.0
222.0 418.0 206.0 416.0
64.0 261.0 47.0 265.0
76.0 565.0 59.0 573.0
164.0 520.0 150.0 523.0
203.0 595.0 189.0 593.0
272.0 261.0 254.0 255.0
65.0 261.0 48.0 266.0
262.0 373.0 249.0 368.0
163.0 450.0 149.0 450.0
275.0 284.0 260.0 278.0
221.0 579.0 210.0 578.0
114.0 485.0 100.0 489.0
189.0 218.0 171.0 217.0
108.0 469.0 93.0 473.0
50.0 517.0 36.0 524.0
273.0 261.0 254.0 255.0
74.0 566.0 59.0 573.0
127.0 504.0 113.0 506.0
74.0 565.0 59.0 572.0
113.0 484.0 98.0 489.0
164.0 326.0 146.0 324.0
113.0 485.0 98.0 489.0
111.0 560.0 99.0 562.0
104.0 345.0 85.0 350.0
64.0 260.0 47.0 265.0
108.0 468.0 93.0 473.0
131.0 323.0 113.0 325.0
263.0 373.0 249.0 368.0
62.0 242.0 45.0 249.0
51.0 516.0 36.0 524.0
221.0 578.0 210.0 578.0
204.0 596.0 190.0 594.0
127.0 503.0 113.0 506.0
226.0 629.0 212.0 620.0
206.0 621.0 189.0 615.0
131.0 322.0 113.0 325.0
267.0 420.0 251.0 413.0
112.0 485.0 98.0 489.0
264.0 374.0 249.0 368.0
392.0 90.0 372.0 92.0
392.0 91.0 372.0 92.0
105.0 345.0 88.0 349.0
186.0 393.0 170.0 389.0
262.0 374.0 249.0 368.0
51.0 517.0 36.0 524.0
221.0 580.0 210.0 578.0
261.0 374.0 249.0 368.0
274.0 261.0 254.0 254.0
63.0 242.0 45.0 249.0
90.0 509.0 73.0 514.0
263.0 375.0 249.0 368.0
52.0 516.0 36.0 524.0
61.0 333.0 44.0 338.0
134.0 221.0 120.0 222.0
264.0 463.0 250.0 459.0
261.0 375.0 249.0 368.0
462.0 485.0 448.0 480.0
206.0 620.0 189.0 615.0
57.0 543.0 41.0 550.0
74.0 291.0 60.0 294.0
57.0 542.0 41.0 549.0
263.0 374.0 249.0 368.0
133.0 222.0 120.0 222.0
263.0 463.0 250.0 459.0
220.0 578.0 210.0 578.0
58.0 542.0 41.0 549.0
262.0 375.0 249.0 368.0
273.0 262.0 254.0 255.0
132.0 322.0 114.0 326.0
462.0 486.0 448.0 480.0
93.0 591.0 77.0 597.0
204.0 595.0 189.0 593.0
91.0 509.0 73.0 514.0
133.0 221.0 120.0 222.0
132.0 323.0 114.0 326.0
247.0 418.0 232.0 415.0
56.0 543.0 41.0 550.0
57.0 544.0 41.0 550.0
245.0 330.0 228.0 325.0
180.0 411.0 165.0 411.0
66.0 261.0 48.0 265.0
205.0 595.0 190.0 594.0
52.0 517.0 36.0 524.0
186.0 392.0 170.0 389.0
275.0 261.0 254.0 254.0
92.0 509.0 73.0 514.0
57.0 541.0 41.0 549.0
74.0 292.0 60.0 294.0
163.0 325.0 146.0 324.0
62.0 334.0 44.0 338.0
243.0 331.0 227.0 325.0
62.0 243.0 45.0 249.0
63.0 243.0 45.0 249.0
61.0 332.0 44.0 338.0
89.0 509.0 72.0 514.0
463.0 485.0 448.0 480.0
132.0 222.0 120.0 222.0
62.0 333.0 44.0 338.0
274.0 262.0 254.0 254.0
442.0 482.0 429.0 478.0
180.0 412.0 165.0 411.0
64.0 242.0 45.0 249.0
262.0 463.0 250.0 458.0
275.0 262.0 254.0 254.0
244.0 331.0 227.0 325.0
56.0 542.0 41.0 549.0
205.0 596.0 190.0 594.0
443.0 482.0 430.0 477.0
68.0 394.0 47.0 403.0
220.0 579.0 210.0 578.0
442.0 483.0 429.0 478.0
441.0 483.0 429.0 478.0
66.0 446.0 48.0 453.0
207.0 621.0 189.0 615.0
69.0 354.0 51.0 360.0
179.0 412.0 165.0 411.0
463.0 486.0 448.0 480.0
103.0 262.0 84.0 267.0
132.0 221.0 120.0 222.0
441.0 481.0 430.0 477.0
99.0 218.0 85.0 221.0
68.0 395.0 47.0 403.0
440.0 481.0 428.0 476.0
44.0 191.0 25.0 199.0
187.0 393.0 170.0 389.0
58.0 543.0 41.0 550.0
243.0 330.0 227.0 325.0
64.0 243.0 46.0 249.0
44.0 190.0 25.0 198.0
443.0 481.0 430.0 477.0
101.0 262.0 83.0 267.0
244.0 330.0 227.0 325.0
94.0 591.0 77.0 597.0
440.0 482.0 428.0 476.0
242.0 330.0 227.0 325.0
187.0 392.0 170.0 389.0
63.0 333.0 44.0 338.0
441.0 482.0 429.0 478.0
102.0 262.0 83.0 267.0
103.0 261.0 83.0 267.0
98.0 218.0 85.0 221.0
62.0 332.0 44.0 338.0
229.0 275.0 214.0 271.0
102.0 261.0 83.0 267.0
43.0 191.0 25.0 198.0
69.0 395.0 47.0 403.0
73.0 291.0 60.0 294.0
130.0 272.0 111.0 272.0
102.0 263.0 84.0 267.0
442.0 481.0 430.0 477.0
115.0 328.0 94.0 328.0
115.0 329.0 94.0 328.0
230.0 275.0 214.0 271.0
70.0 354.0 51.0 360.0
100.0 218.0 86.0 221.0
98.0 219.0 85.0 221.0
42.0 191.0 25.0 198.0
178.0 309.0 162.0 310.0
99.0 219.0 85.0 221.0
69.0 394.0 47.0 403.0
37.0 254.0 19.0 259.0
129.0 273.0 111.0 272.0
73.0 292.0 60.0 294.0
178.0 310.0 162.0 310.0
153.0 602.0 143.0 605.0
40.0 253.0 20.0 259.0
37.0 253.0 19.0 259.0
229.0 276.0 214.0 271.0
39.0 253.0 20.0 259.0
117.0 246.0 101.0 248.0
228.0 275.0 214.0 271.0
93.0 450.0 80.0 454.0
38.0 253.0 20.0 259.0
116.0 247.0 101.0 248.0
93.0 451.0 80.0 454.0
70.0 394.0 47.0 403.0
230.0 276.0 214.0 271.0
116.0 246.0 101.0 248.0
308.0 620.0 296.0 614.0
43.0 190.0 25.0 198.0
70.0 395.0 47.0 403.0
177.0 309.0 162.0 310.0
39.0 252.0 20.0 259.0
130.0 273.0 111.0 272.0
39.0 254.0 20.0 260.0
38.0 254.0 20.0 260.0
308.0 619.0 296.0 614.0
307.0 620.0 296.0 614.0
307.0 619.0 296.0 614.0
152.0 602.0 143.0 605.0
206.0 459.0 191.0 457.0
92.0 450.0 80.0 454.0
193.0 200.0 174.0 192.0
92.0 451.0 80.0 454.0
116.0 328.0 94.0 328.0
116.0 329.0 94.0 328.0
206.0 458.0 191.0 457.0
193.0 201.0 174.0 192.0
207.0 458.0 191.0 457.0
194.0 201.0 174.0 192.0
117.0 328.0 94.0 328.0
207.0 557.0 190.0 543.0
194.0 200.0 174.0 192.0
48.0 532.0 31.0 542.0
191.0 330.0 166.0 327.0
168.0 132.0 144.0 140.0
169.0 132.0 144.0 140.0
117.0 329.0 94.0 328.0
195.0 201.0 174.0 192.0
118.0 328.0 94.0 328.0
169.0 131.0 144.0 140.0
15.0 196.0 1.0 203.0
17.0 196.0 1.0 203.0
168.0 131.0 144.0 140.0
16.0 195.0 1.0 203.0
197.0 544.0 190.0 542.0
195.0 200.0 174.0 192.0
81.0 273.0 60.0 293.0
119.0 311.0 94.0 327.0
282.0 450.0 257.0 446.0
62.0 411.0 46.0 404.0
282.0 449.0 257.0 446.0
118.0 329.0 94.0 328.0
283.0 450.0 257.0 446.0
192.0 330.0 165.0 327.0
15.0 197.0 1.0 203.0
157.0 309.0 127.0 308.0
16.0 196.0 1.0 203.0
68.0 583.0 50.0 592.0
69.0 582.0 50.0 592.0
68.0 582.0 50.0 592.0
259.0 259.0 253.0 254.0
259.0 258.0 253.0 254.0
256.0 408.0 251.0 413.0
283.0 449.0 257.0 446.0
61.0 411.0 46.0 404.0
29.0 455.0 10.0 465.0
30.0 486.0 19.0 495.0
30.0 485.0 19.0 495.0
31.0 485.0 19.0 495.0
258.0 259.0 253.0 254.0
126.0 561.0 122.0 561.0
199.0 252.0 181.0 269.0
158.0 309.0 127.0 308.0
30.0 455.0 10.0 465.0
126.0 562.0 122.0 561.0
191.0 509.0 181.0 509.0
79.0 234.0 47.0 249.0
177.0 218.0 171.0 217.0
80.0 234.0 57.0 261.0
80.0 233.0 47.0 249.0
112.0 33.0 82.0 53.0
189.0 508.0 166.0 501.0
79.0 233.0 47.0 249.0
113.0 33.0 104.0 35.0
198.0 251.0 181.0 269.0
81.0 272.0 60.0 293.0
