206.0 346.0 212.0 357.0
435.0 602.0 437.0 615.0
206.0 345.0 212.0 357.0
207.0 346.0 213.0 357.0
434.0 603.0 437.0 615.0
238.0 562.0 243.0 574.0
442.0 541.0 445.0 558.0
237.0 562.0 243.0 574.0
239.0 562.0 244.0 573.0
284.0 72.0 292.0 87.0
435.0 601.0 437.0 615.0
238.0 563.0 243.0 574.0
441.0 541.0 445.0 558.0
237.0 563.0 243.0 574.0
299.0 363.0 306.0 378.0
443.0 542.0 445.0 558.0
239.0 563.0 243.0 574.0
443.0 541.0 445.0 558.0
435.0 603.0 437.0 615.0
208.0 346.0 213.0 357.0
446.0 552.0 450.0 567.0
300.0 363.0 306.0 378.0
293.0 377.0 300.0 391.0
262.0 344.0 269.0 357.0
264.0 123.0 272.0 139.0
263.0 345.0 269.0 357.0
442.0 542.0 445.0 558.0
422.0 562.0 426.0 578.0
380.0 207.0 388.0 226.0
240.0 562.0 244.0 573.0
434.0 602.0 437.0 615.0
177.0 516.0 185.0 528.0
434.0 601.0 437.0 615.0
299.0 362.0 306.0 378.0
177.0 515.0 186.0 528.0
148.0 419.0 157.0 431.0
171.0 464.0 178.0 477.0
158.0 445.0 166.0 458.0
422.0 561.0 426.0 578.0
334.0 153.0 342.0 171.0
293.0 376.0 300.0 391.0
270.0 453.0 275.0 466.0
269.0 453.0 275.0 466.0
178.0 515.0 186.0 528.0
334.0 152.0 342.0 171.0
270.0 454.0 275.0 467.0
170.0 464.0 178.0 477.0
300.0 362.0 306.0 378.0
157.0 445.0 166.0 458.0
171.0 465.0 178.0 477.0
178.0 516.0 186.0 528.0
220.0 51.0 229.0 67.0
269.0 454.0 275.0 467.0
333.0 152.0 342.0 171.0
149.0 419.0 157.0 431.0
149.0 420.0 157.0 431.0
263.0 344.0 269.0 357.0
333.0 151.0 342.0 171.0
263.0 343.0 269.0 357.0
96.0 236.0 107.0 247.0
257.0 373.0 265.0 388.0
257.0 372.0 265.0 388.0
258.0 373.0 265.0 388.0
419.0 532.0 422.0 549.0
217.0 496.0 222.0 509.0
196.0 100.0 207.0 114.0
264.0 345.0 269.0 357.0
285.0 259.0 292.0 273.0
270.0 455.0 276.0 467.0
420.0 532.0 422.0 549.0
294.0 376.0 300.0 391.0
261.0 275.0 269.0 289.0
8.0 628.0 14.0 631.0
214.0 559.0 220.0 569.0
70.0 291.0 80.0 299.0
258.0 372.0 265.0 387.0
419.0 531.0 422.0 549.0
326.0 174.0 334.0 191.0
264.0 344.0 269.0 357.0
179.0 516.0 186.0 528.0
94.0 581.0 99.0 587.0
193.0 395.0 200.0 406.0
193.0 396.0 200.0 406.0
285.0 258.0 292.0 273.0
8.0 627.0 14.0 631.0
51.0 400.0 59.0 408.0
277.0 217.0 285.0 232.0
286.0 260.0 293.0 275.0
216.0 497.0 222.0 509.0
96.0 237.0 107.0 247.0
150.0 419.0 157.0 431.0
154.0 518.0 160.0 530.0
286.0 259.0 293.0 275.0
217.0 497.0 222.0 509.0
170.0 465.0 178.0 477.0
116.0 354.0 126.0 364.0
116.0 353.0 126.0 364.0
137.0 28.0 148.0 39.0
194.0 396.0 200.0 406.0
210.0 412.0 218.0 424.0
202.0 443.0 208.0 456.0
261.0 276.0 269.0 289.0
419.0 533.0 422.0 549.0
56.0 142.0 65.0 149.0
52.0 400.0 60.0 408.0
210.0 413.0 218.0 424.0
137.0 27.0 148.0 39.0
235.0 222.0 243.0 236.0
433.0 507.0 437.0 522.0
202.0 444.0 209.0 456.0
181.0 386.0 189.0 398.0
136.0 28.0 148.0 39.0
256.0 371.0 265.0 388.0
285.0 260.0 292.0 275.0
171.0 320.0 178.0 332.0
201.0 442.0 208.0 455.0
60.0 210.0 70.0 221.0
153.0 519.0 159.0 532.0
155.0 368.0 164.0 381.0
343.0 201.0 351.0 219.0
104.0 339.0 114.0 351.0
61.0 211.0 70.0 221.0
70.0 292.0 80.0 299.0
256.0 372.0 265.0 388.0
171.0 319.0 178.0 332.0
55.0 141.0 65.0 149.0
186.0 176.0 194.0 188.0
434.0 507.0 437.0 522.0
178.0 517.0 186.0 528.0
32.0 186.0 42.0 193.0
100.0 66.0 110.0 75.0
99.0 66.0 110.0 75.0
433.0 506.0 437.0 522.0
97.0 236.0 107.0 247.0
192.0 363.0 200.0 375.0
260.0 276.0 269.0 289.0
103.0 339.0 114.0 351.0
278.0 217.0 285.0 232.0
52.0 401.0 60.0 408.0
117.0 353.0 126.0 364.0
101.0 430.0 110.0 442.0
327.0 174.0 334.0 191.0
170.0 319.0 178.0 332.0
56.0 141.0 65.0 149.0
211.0 412.0 218.0 424.0
170.0 320.0 178.0 332.0
220.0 50.0 229.0 67.0
262.0 276.0 269.0 289.0
97.0 237.0 107.0 247.0
326.0 173.0 334.0 191.0
262.0 275.0 269.0 289.0
130.0 421.0 139.0 433.0
430.0 490.0 434.0 505.0
434.0 506.0 437.0 522.0
155.0 369.0 164.0 381.0
181.0 385.0 189.0 398.0
277.0 216.0 285.0 232.0
136.0 27.0 148.0 39.0
66.0 260.0 75.0 269.0
131.0 493.0 140.0 506.0
279.0 217.0 286.0 232.0
98.0 237.0 107.0 247.0
83.0 160.0 92.0 168.0
131.0 492.0 140.0 505.0
82.0 159.0 92.0 168.0
257.0 371.0 265.0 388.0
411.0 609.0 413.0 620.0
117.0 354.0 126.0 364.0
278.0 216.0 285.0 232.0
279.0 216.0 285.0 232.0
199.0 328.0 206.0 338.0
193.0 397.0 200.0 406.0
410.0 608.0 413.0 620.0
187.0 74.0 197.0 88.0
53.0 400.0 60.0 408.0
98.0 67.0 110.0 75.0
150.0 286.0 160.0 298.0
410.0 609.0 413.0 620.0
94.0 582.0 99.0 587.0
98.0 236.0 107.0 247.0
187.0 73.0 197.0 88.0
182.0 385.0 189.0 398.0
59.0 210.0 70.0 221.0
100.0 429.0 110.0 442.0
100.0 428.0 110.0 442.0
60.0 211.0 70.0 221.0
126.0 316.0 133.0 327.0
83.0 346.0 93.0 356.0
125.0 316.0 133.0 327.0
317.0 552.0 322.0 565.0
99.0 67.0 110.0 75.0
83.0 159.0 92.0 168.0
84.0 346.0 93.0 356.0
211.0 413.0 218.0 424.0
156.0 369.0 164.0 382.0
126.0 317.0 133.0 327.0
340.0 450.0 345.0 463.0
101.0 429.0 110.0 442.0
150.0 285.0 160.0 298.0
102.0 430.0 112.0 443.0
132.0 494.0 140.0 506.0
312.0 159.0 321.0 177.0
312.0 228.0 320.0 244.0
429.0 490.0 433.0 506.0
295.0 427.0 303.0 441.0
435.0 506.0 437.0 522.0
67.0 387.0 76.0 394.0
341.0 450.0 345.0 463.0
67.0 386.0 76.0 394.0
121.0 438.0 129.0 450.0
10.0 426.0 20.0 434.0
102.0 429.0 110.0 442.0
101.0 428.0 110.0 442.0
53.0 401.0 60.0 408.0
88.0 324.0 97.0 334.0
60.0 212.0 70.0 221.0
122.0 437.0 129.0 450.0
149.0 285.0 160.0 298.0
89.0 324.0 98.0 333.0
92.0 147.0 101.0 156.0
121.0 437.0 129.0 450.0
125.0 317.0 133.0 327.0
296.0 427.0 303.0 441.0
67.0 259.0 75.0 268.0
182.0 386.0 189.0 398.0
346.0 21.0 362.0 40.0
66.0 261.0 75.0 269.0
211.0 414.0 218.0 424.0
188.0 74.0 197.0 88.0
59.0 211.0 70.0 221.0
121.0 436.0 128.0 449.0
90.0 147.0 101.0 156.0
120.0 436.0 128.0 449.0
124.0 316.0 133.0 327.0
91.0 147.0 101.0 156.0
32.0 185.0 42.0 193.0
100.0 67.0 110.0 75.0
87.0 326.0 96.0 334.0
410.0 610.0 413.0 620.0
124.0 317.0 133.0 327.0
60.0 258.0 74.0 269.0
132.0 493.0 140.0 506.0
84.0 345.0 93.0 356.0
82.0 345.0 93.0 356.0
87.0 324.0 97.0 334.0
312.0 227.0 320.0 244.0
188.0 73.0 197.0 88.0
89.0 325.0 97.0 334.0
67.0 260.0 75.0 268.0
68.0 387.0 76.0 394.0
186.0 177.0 194.0 189.0
297.0 427.0 303.0 441.0
68.0 260.0 75.0 268.0
17.0 572.0 23.0 576.0
120.0 437.0 129.0 450.0
65.0 465.0 75.0 474.0
67.0 261.0 75.0 269.0
83.0 345.0 93.0 356.0
68.0 259.0 75.0 268.0
90.0 146.0 101.0 156.0
295.0 426.0 303.0 441.0
9.0 426.0 19.0 434.0
68.0 386.0 76.0 394.0
212.0 413.0 218.0 424.0
151.0 287.0 160.0 299.0
68.0 261.0 75.0 268.0
125.0 318.0 133.0 327.0
219.0 50.0 229.0 67.0
91.0 146.0 101.0 156.0
93.0 146.0 101.0 156.0
280.0 241.0 287.0 257.0
279.0 241.0 287.0 257.0
88.0 325.0 97.0 334.0
92.0 146.0 101.0 156.0
87.0 325.0 96.0 334.0
59.0 258.0 74.0 269.0
340.0 451.0 345.0 463.0
185.0 176.0 194.0 189.0
296.0 426.0 303.0 441.0
279.0 242.0 287.0 257.0
107.0 192.0 113.0 199.0
83.0 518.0 93.0 530.0
316.0 552.0 322.0 565.0
280.0 242.0 287.0 257.0
44.0 305.0 50.0 309.0
126.0 318.0 133.0 327.0
39.0 335.0 48.0 341.0
109.0 404.0 118.0 414.0
86.0 250.0 96.0 260.0
66.0 465.0 75.0 474.0
86.0 251.0 96.0 260.0
90.0 254.0 97.0 261.0
26.0 431.0 36.0 438.0
346.0 20.0 362.0 40.0
39.0 334.0 48.0 341.0
84.0 520.0 92.0 531.0
108.0 193.0 113.0 199.0
16.0 572.0 23.0 576.0
83.0 344.0 93.0 356.0
67.0 465.0 75.0 474.0
107.0 193.0 113.0 199.0
84.0 519.0 92.0 531.0
316.0 551.0 322.0 565.0
88.0 326.0 97.0 334.0
40.0 335.0 48.0 341.0
110.0 404.0 118.0 414.0
26.0 430.0 36.0 438.0
173.0 294.0 182.0 307.0
38.0 334.0 48.0 341.0
85.0 519.0 92.0 531.0
85.0 518.0 93.0 530.0
184.0 175.0 193.0 188.0
27.0 430.0 36.0 438.0
72.0 224.0 82.0 235.0
106.0 193.0 113.0 199.0
60.0 257.0 74.0 268.0
39.0 333.0 48.0 341.0
89.0 326.0 97.0 334.0
19.0 397.0 31.0 406.0
84.0 518.0 93.0 530.0
17.0 324.0 26.0 331.0
25.0 431.0 36.0 438.0
65.0 466.0 75.0 474.0
177.0 418.0 184.0 431.0
45.0 305.0 50.0 309.0
20.0 396.0 31.0 406.0
16.0 571.0 23.0 576.0
59.0 257.0 74.0 269.0
71.0 225.0 83.0 235.0
66.0 466.0 75.0 474.0
90.0 255.0 96.0 260.0
83.0 519.0 92.0 530.0
173.0 295.0 181.0 307.0
177.0 419.0 184.0 431.0
85.0 250.0 96.0 260.0
71.0 224.0 82.0 235.0
25.0 430.0 36.0 438.0
38.0 333.0 48.0 341.0
109.0 405.0 118.0 414.0
40.0 334.0 48.0 341.0
110.0 405.0 118.0 414.0
44.0 306.0 50.0 309.0
178.0 419.0 184.0 431.0
178.0 418.0 184.0 431.0
177.0 590.0 182.0 598.0
16.0 404.0 29.0 407.0
72.0 225.0 83.0 235.0
45.0 306.0 50.0 309.0
184.0 472.0 193.0 487.0
185.0 473.0 193.0 487.0
16.0 324.0 26.0 331.0
16.0 325.0 26.0 331.0
19.0 396.0 31.0 406.0
67.0 466.0 75.0 474.0
70.0 225.0 82.0 235.0
185.0 472.0 193.0 487.0
184.0 473.0 193.0 487.0
172.0 294.0 182.0 307.0
16.0 326.0 26.0 331.0
18.0 326.0 26.0 331.0
17.0 325.0 26.0 331.0
18.0 325.0 26.0 331.0
34.0 220.0 44.0 227.0
32.0 220.0 44.0 227.0
172.0 295.0 181.0 307.0
74.0 421.0 83.0 431.0
34.0 219.0 44.0 227.0
17.0 327.0 26.0 331.0
33.0 220.0 44.0 227.0
33.0 219.0 44.0 227.0
17.0 326.0 26.0 331.0
18.0 327.0 26.0 331.0
74.0 422.0 84.0 431.0
15.0 404.0 29.0 407.0
120.0 272.0 128.0 279.0
121.0 272.0 128.0 279.0
323.0 558.0 322.0 565.0
32.0 177.0 42.0 193.0
32.0 218.0 43.0 226.0
33.0 218.0 43.0 226.0
41.0 290.0 50.0 309.0
42.0 290.0 50.0 309.0
42.0 291.0 50.0 309.0
32.0 219.0 44.0 227.0
42.0 289.0 50.0 309.0
43.0 290.0 50.0 309.0
43.0 289.0 50.0 309.0
41.0 289.0 50.0 309.0
121.0 273.0 128.0 279.0
91.0 231.0 106.0 247.0
212.0 31.0 228.0 36.0
77.0 163.0 92.0 168.0
212.0 30.0 228.0 36.0
45.0 244.0 44.0 253.0
213.0 30.0 228.0 36.0
76.0 163.0 92.0 168.0
213.0 31.0 228.0 36.0
75.0 163.0 92.0 168.0
76.0 164.0 92.0 168.0
30.0 477.0 45.0 492.0
75.0 164.0 92.0 168.0
309.0 430.0 312.0 458.0
188.0 158.0 194.0 188.0
