220.0 161.0 257.0 132.0
219.0 160.0 257.0 132.0
220.0 160.0 257.0 132.0
221.0 161.0 257.0 132.0
364.0 229.0 404.0 200.0
255.0 96.0 291.0 64.0
363.0 230.0 403.0 200.0
132.0 190.0 171.0 162.0
239.0 364.0 279.0 334.0
221.0 159.0 258.0 131.0
238.0 364.0 279.0 334.0
363.0 229.0 403.0 200.0
221.0 160.0 257.0 131.0
238.0 363.0 279.0 334.0
256.0 90.0 293.0 57.0
255.0 97.0 291.0 64.0
131.0 189.0 171.0 162.0
239.0 363.0 279.0 334.0
364.0 228.0 403.0 200.0
222.0 160.0 259.0 131.0
181.0 173.0 221.0 145.0
257.0 90.0 293.0 57.0
132.0 189.0 171.0 162.0
363.0 228.0 403.0 200.0
159.0 372.0 195.0 344.0
238.0 365.0 279.0 334.0
256.0 97.0 291.0 64.0
131.0 190.0 171.0 162.0
257.0 91.0 293.0 57.0
133.0 190.0 171.0 162.0
346.0 240.0 388.0 209.0
196.0 191.0 233.0 166.0
159.0 371.0 195.0 344.0
259.0 244.0 297.0 215.0
254.0 97.0 291.0 64.0
344.0 240.0 387.0 209.0
258.0 245.0 297.0 216.0
222.0 159.0 258.0 131.0
222.0 161.0 259.0 131.0
181.0 172.0 221.0 145.0
345.0 239.0 388.0 208.0
345.0 240.0 387.0 209.0
222.0 158.0 258.0 131.0
120.0 123.0 156.0 94.0
339.0 237.0 381.0 208.0
258.0 244.0 295.0 215.0
133.0 189.0 171.0 162.0
362.0 229.0 402.0 199.0
182.0 172.0 222.0 144.0
147.0 406.0 186.0 377.0
196.0 190.0 233.0 166.0
196.0 192.0 233.0 166.0
362.0 230.0 402.0 201.0
223.0 160.0 262.0 131.0
377.0 252.0 419.0 222.0
255.0 90.0 293.0 57.0
203.0 515.0 241.0 477.0
256.0 91.0 293.0 57.0
378.0 252.0 419.0 222.0
125.0 315.0 162.0 288.0
197.0 192.0 233.0 166.0
223.0 159.0 262.0 131.0
121.0 122.0 156.0 94.0
122.0 122.0 156.0 94.0
194.0 191.0 233.0 166.0
237.0 365.0 279.0 334.0
260.0 534.0 303.0 495.0
140.0 461.0 180.0 429.0
344.0 239.0 388.0 209.0
378.0 253.0 419.0 222.0
377.0 253.0 419.0 222.0
331.0 205.0 369.0 175.0
361.0 229.0 402.0 201.0
213.0 254.0 251.0 226.0
260.0 533.0 303.0 495.0
204.0 515.0 244.0 478.0
197.0 191.0 233.0 166.0
182.0 173.0 221.0 145.0
259.0 534.0 303.0 495.0
213.0 255.0 251.0 226.0
141.0 461.0 181.0 430.0
123.0 316.0 162.0 288.0
140.0 462.0 181.0 430.0
183.0 172.0 222.0 144.0
229.0 243.0 269.0 216.0
259.0 245.0 297.0 216.0
362.0 228.0 403.0 200.0
138.0 96.0 175.0 68.0
141.0 462.0 181.0 430.0
148.0 406.0 186.0 377.0
121.0 123.0 155.0 95.0
195.0 191.0 233.0 166.0
170.0 161.0 206.0 135.0
122.0 123.0 155.0 95.0
261.0 210.0 300.0 180.0
122.0 121.0 156.0 94.0
195.0 190.0 233.0 166.0
260.0 244.0 297.0 216.0
376.0 253.0 418.0 223.0
376.0 254.0 418.0 223.0
260.0 532.0 303.0 495.0
377.0 254.0 419.0 222.0
124.0 315.0 162.0 288.0
159.0 370.0 195.0 344.0
193.0 80.0 232.0 50.0
261.0 209.0 300.0 180.0
169.0 162.0 206.0 135.0
183.0 173.0 222.0 144.0
329.0 206.0 369.0 175.0
259.0 532.0 303.0 495.0
126.0 314.0 162.0 288.0
330.0 206.0 369.0 175.0
330.0 205.0 369.0 175.0
125.0 314.0 162.0 288.0
212.0 254.0 250.0 226.0
260.0 531.0 303.0 495.0
193.0 81.0 232.0 50.0
302.0 225.0 342.0 196.0
261.0 211.0 300.0 180.0
138.0 97.0 175.0 68.0
262.0 209.0 300.0 180.0
148.0 405.0 186.0 377.0
202.0 514.0 241.0 477.0
202.0 515.0 241.0 477.0
259.0 533.0 303.0 495.0
160.0 371.0 195.0 344.0
259.0 531.0 303.0 495.0
124.0 314.0 162.0 288.0
230.0 243.0 269.0 216.0
212.0 253.0 250.0 226.0
204.0 514.0 241.0 477.0
245.0 489.0 284.0 449.0
259.0 246.0 297.0 216.0
185.0 392.0 226.0 362.0
231.0 243.0 269.0 216.0
137.0 97.0 175.0 68.0
260.0 245.0 297.0 216.0
147.0 405.0 186.0 377.0
160.0 370.0 195.0 344.0
137.0 96.0 175.0 68.0
203.0 514.0 241.0 477.0
213.0 253.0 251.0 226.0
245.0 488.0 284.0 449.0
160.0 372.0 195.0 344.0
214.0 253.0 251.0 226.0
192.0 80.0 232.0 50.0
230.0 242.0 269.0 216.0
301.0 226.0 342.0 196.0
214.0 254.0 251.0 226.0
229.0 242.0 269.0 216.0
301.0 225.0 342.0 196.0
232.0 243.0 269.0 216.0
170.0 160.0 206.0 135.0
137.0 98.0 175.0 68.0
262.0 211.0 300.0 180.0
329.0 134.0 368.0 104.0
169.0 161.0 206.0 135.0
123.0 315.0 162.0 288.0
329.0 135.0 368.0 104.0
212.0 252.0 250.0 226.0
243.0 184.0 283.0 154.0
149.0 405.0 186.0 377.0
160.0 369.0 195.0 344.0
186.0 393.0 224.0 363.0
260.0 246.0 297.0 216.0
322.0 207.0 368.0 175.0
328.0 134.0 368.0 104.0
149.0 406.0 186.0 377.0
220.0 437.0 258.0 406.0
329.0 133.0 368.0 104.0
221.0 437.0 259.0 405.0
231.0 242.0 269.0 216.0
258.0 532.0 303.0 495.0
232.0 242.0 269.0 216.0
258.0 534.0 303.0 495.0
213.0 252.0 251.0 226.0
188.0 212.0 227.0 184.0
212.0 375.0 247.0 347.0
160.0 373.0 195.0 344.0
162.0 392.0 198.0 367.0
330.0 134.0 368.0 104.0
185.0 393.0 224.0 363.0
330.0 133.0 368.0 104.0
186.0 392.0 224.0 363.0
243.0 183.0 283.0 154.0
187.0 212.0 227.0 184.0
162.0 455.0 209.0 418.0
136.0 96.0 175.0 68.0
249.0 376.0 287.0 347.0
161.0 394.0 198.0 367.0
246.0 490.0 284.0 449.0
233.0 243.0 270.0 215.0
242.0 182.0 282.0 154.0
199.0 445.0 241.0 411.0
192.0 81.0 232.0 50.0
224.0 493.0 262.0 458.0
262.0 210.0 300.0 180.0
244.0 183.0 284.0 154.0
200.0 264.0 238.0 235.0
273.0 148.0 310.0 117.0
246.0 489.0 284.0 449.0
244.0 402.0 278.0 375.0
170.0 159.0 205.0 136.0
244.0 401.0 278.0 375.0
198.0 264.0 238.0 235.0
250.0 376.0 287.0 347.0
258.0 533.0 303.0 495.0
246.0 487.0 284.0 449.0
123.0 314.0 162.0 288.0
246.0 488.0 284.0 449.0
200.0 446.0 241.0 411.0
169.0 160.0 205.0 136.0
199.0 262.0 238.0 235.0
243.0 182.0 282.0 154.0
199.0 265.0 238.0 235.0
198.0 263.0 238.0 235.0
199.0 263.0 238.0 235.0
203.0 513.0 241.0 477.0
136.0 97.0 175.0 68.0
200.0 445.0 241.0 411.0
242.0 183.0 283.0 154.0
161.0 370.0 195.0 344.0
201.0 446.0 241.0 411.0
279.0 144.0 322.0 111.0
161.0 373.0 195.0 346.0
200.0 263.0 238.0 235.0
161.0 371.0 195.0 344.0
161.0 372.0 195.0 344.0
162.0 393.0 198.0 367.0
199.0 264.0 238.0 235.0
247.0 487.0 284.0 449.0
163.0 394.0 198.0 367.0
267.0 500.0 307.0 464.0
247.0 488.0 284.0 449.0
163.0 393.0 198.0 367.0
186.0 212.0 227.0 184.0
162.0 394.0 198.0 367.0
143.0 271.0 181.0 245.0
163.0 392.0 198.0 367.0
171.0 230.0 208.0 205.0
172.0 230.0 208.0 205.0
247.0 489.0 284.0 449.0
220.0 438.0 258.0 406.0
238.0 417.0 275.0 390.0
171.0 229.0 208.0 205.0
278.0 145.0 322.0 111.0
278.0 144.0 322.0 111.0
237.0 419.0 275.0 390.0
199.0 446.0 241.0 411.0
237.0 417.0 275.0 390.0
248.0 488.0 284.0 449.0
145.0 270.0 182.0 244.0
144.0 270.0 182.0 244.0
186.0 278.0 225.0 248.0
201.0 447.0 241.0 411.0
266.0 500.0 307.0 464.0
171.0 231.0 208.0 205.0
170.0 230.0 208.0 205.0
248.0 489.0 284.0 449.0
237.0 418.0 275.0 390.0
238.0 420.0 275.0 390.0
175.0 298.0 210.0 274.0
177.0 296.0 210.0 274.0
200.0 447.0 241.0 411.0
199.0 447.0 241.0 411.0
170.0 231.0 208.0 205.0
174.0 298.0 210.0 274.0
144.0 271.0 182.0 244.0
176.0 297.0 210.0 274.0
201.0 448.0 241.0 411.0
172.0 231.0 208.0 205.0
176.0 296.0 210.0 274.0
171.0 123.0 213.0 92.0
238.0 419.0 275.0 390.0
175.0 297.0 210.0 274.0
238.0 418.0 275.0 390.0
112.0 38.0 149.0 14.0
177.0 295.0 210.0 274.0
277.0 145.0 322.0 111.0
267.0 501.0 307.0 464.0
239.0 418.0 275.0 390.0
200.0 448.0 241.0 411.0
217.0 368.0 247.0 348.0
199.0 448.0 241.0 411.0
200.0 449.0 241.0 411.0
239.0 419.0 275.0 390.0
175.0 296.0 210.0 274.0
174.0 297.0 209.0 273.0
176.0 294.0 210.0 274.0
111.0 39.0 149.0 14.0
110.0 39.0 148.0 14.0
176.0 295.0 210.0 274.0
112.0 39.0 149.0 14.0
103.0 58.0 141.0 30.0
31.0 502.0 78.0 461.0
109.0 40.0 148.0 14.0
223.0 418.0 274.0 390.0
255.0 512.0 303.0 495.0
27.0 521.0 78.0 481.0
104.0 56.0 141.0 30.0
256.0 513.0 303.0 495.0
102.0 58.0 140.0 30.0
256.0 512.0 303.0 495.0
256.0 514.0 303.0 495.0
28.0 520.0 78.0 481.0
255.0 514.0 303.0 495.0
223.0 419.0 274.0 390.0
31.0 503.0 78.0 461.0
111.0 40.0 149.0 14.0
104.0 58.0 141.0 30.0
28.0 521.0 78.0 482.0
287.0 85.0 327.0 55.0
401.0 236.0 444.0 207.0
104.0 59.0 141.0 30.0
222.0 419.0 274.0 390.0
104.0 57.0 141.0 30.0
402.0 238.0 444.0 207.0
26.0 521.0 78.0 481.0
255.0 513.0 303.0 495.0
27.0 520.0 78.0 481.0
103.0 57.0 141.0 30.0
112.0 40.0 149.0 14.0
103.0 56.0 141.0 30.0
132.0 86.0 175.0 68.0
222.0 418.0 274.0 390.0
401.0 237.0 444.0 207.0
402.0 237.0 444.0 207.0
111.0 41.0 149.0 14.0
26.0 522.0 78.0 481.0
110.0 40.0 148.0 14.0
255.0 515.0 303.0 495.0
288.0 84.0 327.0 55.0
26.0 520.0 78.0 481.0
402.0 236.0 444.0 207.0
27.0 522.0 78.0 482.0
222.0 420.0 274.0 390.0
403.0 238.0 444.0 207.0
254.0 513.0 303.0 495.0
254.0 514.0 303.0 495.0
103.0 59.0 140.0 30.0
287.0 83.0 327.0 55.0
131.0 86.0 175.0 68.0
109.0 41.0 148.0 14.0
403.0 237.0 444.0 207.0
286.0 82.0 327.0 55.0
286.0 83.0 327.0 55.0
288.0 83.0 327.0 55.0
287.0 84.0 327.0 55.0
287.0 82.0 327.0 55.0
221.0 418.0 274.0 390.0
221.0 420.0 274.0 390.0
135.0 235.0 182.0 187.0
221.0 419.0 274.0 390.0
110.0 41.0 148.0 14.0
254.0 515.0 303.0 495.0
210.0 509.0 244.0 477.0
287.0 81.0 327.0 55.0
403.0 239.0 444.0 207.0
135.0 236.0 182.0 187.0
134.0 235.0 182.0 187.0
378.0 236.0 419.0 220.0
135.0 237.0 182.0 187.0
131.0 85.0 175.0 68.0
134.0 236.0 182.0 187.0
210.0 508.0 244.0 477.0
133.0 236.0 182.0 187.0
379.0 236.0 419.0 220.0
211.0 509.0 244.0 477.0
211.0 508.0 244.0 477.0
