396.0 339.0 398.0 359.0
20.0 317.0 21.0 316.0
447.0 304.0 452.0 330.0
36.0 323.0 37.0 324.0
361.0 383.0 361.0 399.0
40.0 234.0 42.0 235.0
20.0 272.0 21.0 272.0
359.0 383.0 360.0 399.0
21.0 317.0 21.0 316.0
41.0 235.0 43.0 235.0
41.0 234.0 43.0 235.0
36.0 324.0 37.0 324.0
35.0 324.0 36.0 324.0
208.0 451.0 207.0 460.0
239.0 307.0 241.0 318.0
40.0 235.0 43.0 235.0
91.0 201.0 95.0 203.0
91.0 200.0 95.0 203.0
35.0 323.0 36.0 324.0
242.0 500.0 238.0 510.0
40.0 236.0 43.0 236.0
246.0 411.0 246.0 421.0
241.0 500.0 238.0 510.0
396.0 340.0 398.0 359.0
240.0 308.0 241.0 318.0
239.0 306.0 241.0 318.0
395.0 340.0 398.0 359.0
395.0 339.0 398.0 359.0
241.0 499.0 238.0 510.0
360.0 384.0 361.0 399.0
447.0 303.0 452.0 330.0
41.0 236.0 43.0 235.0
242.0 499.0 238.0 510.0
247.0 411.0 247.0 420.0
223.0 389.0 223.0 399.0
360.0 382.0 361.0 399.0
146.0 368.0 147.0 375.0
209.0 451.0 207.0 460.0
90.0 348.0 91.0 352.0
246.0 410.0 246.0 421.0
91.0 347.0 91.0 352.0
42.0 235.0 43.0 235.0
383.0 524.0 381.0 541.0
121.0 435.0 121.0 445.0
139.0 619.0 132.0 623.0
208.0 450.0 207.0 460.0
140.0 619.0 132.0 623.0
360.0 383.0 361.0 399.0
173.0 617.0 167.0 623.0
40.0 194.0 43.0 195.0
238.0 306.0 241.0 318.0
223.0 390.0 223.0 400.0
21.0 271.0 21.0 272.0
140.0 617.0 132.0 623.0
240.0 307.0 241.0 318.0
239.0 308.0 241.0 318.0
139.0 618.0 132.0 623.0
20.0 271.0 21.0 272.0
84.0 160.0 90.0 163.0
85.0 160.0 90.0 163.0
207.0 452.0 207.0 460.0
238.0 307.0 241.0 318.0
122.0 435.0 121.0 445.0
173.0 227.0 176.0 235.0
46.0 205.0 48.0 205.0
42.0 138.0 46.0 137.0
176.0 274.0 180.0 280.0
173.0 618.0 167.0 623.0
411.0 418.0 411.0 439.0
209.0 452.0 207.0 460.0
146.0 369.0 147.0 375.0
140.0 618.0 132.0 623.0
85.0 161.0 90.0 163.0
48.0 432.0 47.0 435.0
248.0 410.0 247.0 420.0
174.0 618.0 168.0 622.0
220.0 598.0 214.0 608.0
208.0 452.0 207.0 460.0
91.0 348.0 91.0 352.0
247.0 410.0 247.0 420.0
383.0 523.0 381.0 541.0
85.0 159.0 90.0 163.0
62.0 225.0 63.0 226.0
207.0 451.0 207.0 460.0
145.0 368.0 146.0 375.0
159.0 520.0 155.0 525.0
247.0 409.0 247.0 420.0
144.0 386.0 144.0 396.0
382.0 523.0 381.0 541.0
411.0 419.0 411.0 439.0
159.0 519.0 155.0 525.0
7.0 207.0 10.0 206.0
219.0 598.0 214.0 608.0
18.0 228.0 19.0 227.0
284.0 443.0 284.0 454.0
18.0 227.0 19.0 227.0
248.0 409.0 247.0 420.0
384.0 524.0 381.0 541.0
92.0 348.0 92.0 353.0
145.0 369.0 145.0 375.0
71.0 214.0 75.0 217.0
177.0 274.0 180.0 280.0
145.0 386.0 144.0 396.0
6.0 207.0 10.0 206.0
172.0 227.0 176.0 235.0
158.0 520.0 155.0 525.0
26.0 99.0 30.0 95.0
158.0 519.0 155.0 525.0
173.0 616.0 167.0 622.0
174.0 617.0 168.0 622.0
158.0 400.0 157.0 411.0
41.0 138.0 45.0 137.0
144.0 245.0 148.0 251.0
187.0 397.0 187.0 406.0
157.0 400.0 157.0 411.0
211.0 53.0 220.0 61.0
110.0 335.0 111.0 339.0
284.0 442.0 284.0 454.0
174.0 616.0 168.0 622.0
26.0 100.0 30.0 95.0
123.0 436.0 121.0 445.0
95.0 525.0 92.0 529.0
173.0 228.0 176.0 235.0
72.0 214.0 75.0 217.0
19.0 227.0 19.0 227.0
110.0 334.0 111.0 338.0
91.0 349.0 91.0 352.0
157.0 401.0 157.0 411.0
122.0 436.0 121.0 445.0
111.0 335.0 112.0 337.0
219.0 599.0 214.0 608.0
143.0 386.0 144.0 395.0
144.0 246.0 148.0 251.0
25.0 99.0 30.0 95.0
259.0 382.0 259.0 394.0
239.0 274.0 241.0 285.0
109.0 334.0 110.0 338.0
90.0 201.0 95.0 204.0
156.0 400.0 157.0 411.0
212.0 54.0 220.0 61.0
92.0 347.0 92.0 353.0
204.0 248.0 208.0 256.0
145.0 246.0 148.0 251.0
285.0 442.0 284.0 454.0
123.0 435.0 123.0 444.0
260.0 272.0 263.0 284.0
61.0 225.0 63.0 226.0
109.0 335.0 110.0 338.0
62.0 226.0 63.0 227.0
238.0 275.0 241.0 285.0
42.0 139.0 46.0 137.0
267.0 314.0 270.0 325.0
90.0 200.0 95.0 203.0
204.0 249.0 208.0 256.0
219.0 600.0 214.0 608.0
267.0 315.0 270.0 327.0
41.0 139.0 45.0 137.0
61.0 226.0 63.0 226.0
94.0 467.0 93.0 475.0
132.0 123.0 139.0 126.0
6.0 209.0 10.0 206.0
211.0 54.0 220.0 61.0
48.0 431.0 47.0 435.0
285.0 443.0 284.0 454.0
109.0 336.0 110.0 338.0
220.0 599.0 214.0 608.0
72.0 213.0 75.0 216.0
95.0 526.0 91.0 530.0
7.0 208.0 10.0 206.0
28.0 146.0 31.0 146.0
5.0 208.0 10.0 206.0
6.0 208.0 10.0 206.0
175.0 617.0 168.0 622.0
238.0 273.0 241.0 285.0
61.0 84.0 67.0 84.0
175.0 618.0 169.0 623.0
122.0 434.0 122.0 443.0
268.0 314.0 270.0 325.0
132.0 122.0 139.0 126.0
144.0 385.0 144.0 396.0
51.0 44.0 57.0 42.0
49.0 270.0 51.0 271.0
98.0 172.0 102.0 175.0
285.0 441.0 284.0 454.0
281.0 62.0 292.0 75.0
94.0 468.0 93.0 475.0
25.0 100.0 30.0 95.0
282.0 62.0 292.0 75.0
268.0 315.0 270.0 326.0
212.0 53.0 221.0 61.0
384.0 523.0 381.0 541.0
157.0 399.0 157.0 411.0
55.0 368.0 57.0 372.0
285.0 444.0 284.0 454.0
189.0 611.0 183.0 617.0
258.0 382.0 259.0 394.0
15.0 622.0 11.0 621.0
99.0 172.0 102.0 175.0
73.0 359.0 73.0 364.0
435.0 422.0 435.0 445.0
189.0 610.0 183.0 617.0
176.0 275.0 180.0 280.0
71.0 213.0 75.0 216.0
184.0 291.0 186.0 297.0
260.0 274.0 263.0 285.0
435.0 421.0 435.0 445.0
28.0 217.0 30.0 216.0
186.0 545.0 181.0 552.0
185.0 545.0 181.0 552.0
28.0 147.0 31.0 146.0
122.0 283.0 125.0 289.0
220.0 600.0 214.0 608.0
51.0 43.0 57.0 42.0
29.0 559.0 25.0 558.0
260.0 273.0 263.0 284.0
27.0 147.0 31.0 146.0
65.0 382.0 65.0 386.0
103.0 550.0 98.0 554.0
238.0 274.0 241.0 285.0
60.0 84.0 66.0 84.0
21.0 186.0 25.0 185.0
28.0 559.0 25.0 558.0
176.0 458.0 174.0 466.0
173.0 309.0 175.0 316.0
237.0 274.0 241.0 285.0
171.0 227.0 176.0 235.0
173.0 308.0 175.0 316.0
183.0 291.0 186.0 297.0
172.0 309.0 174.0 316.0
93.0 502.0 89.0 505.0
281.0 61.0 292.0 75.0
185.0 544.0 180.0 552.0
27.0 146.0 31.0 146.0
182.0 291.0 186.0 297.0
183.0 290.0 186.0 297.0
24.0 168.0 28.0 167.0
133.0 123.0 139.0 126.0
186.0 544.0 181.0 552.0
50.0 44.0 57.0 41.0
184.0 545.0 180.0 552.0
203.0 248.0 208.0 256.0
51.0 45.0 57.0 42.0
37.0 397.0 36.0 399.0
65.0 381.0 65.0 386.0
95.0 467.0 93.0 475.0
92.0 502.0 89.0 505.0
77.0 467.0 75.0 473.0
75.0 467.0 74.0 474.0
149.0 18.0 159.0 20.0
207.0 402.0 207.0 410.0
131.0 218.0 135.0 221.0
28.0 558.0 25.0 558.0
436.0 422.0 435.0 445.0
221.0 599.0 214.0 608.0
111.0 574.0 107.0 578.0
206.0 402.0 206.0 411.0
156.0 399.0 157.0 411.0
259.0 383.0 259.0 394.0
133.0 122.0 139.0 126.0
186.0 248.0 188.0 255.0
132.0 217.0 135.0 221.0
172.0 310.0 174.0 316.0
276.0 285.0 279.0 297.0
270.0 429.0 270.0 441.0
92.0 501.0 89.0 505.0
434.0 421.0 435.0 445.0
99.0 171.0 102.0 175.0
108.0 380.0 108.0 387.0
172.0 308.0 174.0 316.0
184.0 544.0 180.0 552.0
49.0 431.0 47.0 435.0
434.0 422.0 435.0 445.0
258.0 383.0 259.0 394.0
61.0 85.0 67.0 84.0
150.0 18.0 160.0 21.0
162.0 330.0 163.0 337.0
48.0 270.0 51.0 271.0
182.0 290.0 186.0 297.0
257.0 382.0 258.0 394.0
66.0 382.0 65.0 386.0
103.0 551.0 98.0 554.0
65.0 383.0 65.0 386.0
86.0 374.0 86.0 383.0
95.0 468.0 93.0 475.0
108.0 379.0 108.0 387.0
48.0 381.0 49.0 385.0
296.0 106.0 306.0 123.0
85.0 374.0 86.0 383.0
29.0 558.0 25.0 558.0
259.0 273.0 263.0 284.0
76.0 467.0 74.0 474.0
185.0 248.0 188.0 255.0
246.0 180.0 253.0 191.0
60.0 85.0 67.0 84.0
85.0 373.0 86.0 383.0
90.0 231.0 93.0 234.0
198.0 357.0 198.0 366.0
161.0 331.0 163.0 338.0
90.0 230.0 93.0 234.0
161.0 330.0 163.0 337.0
197.0 357.0 198.0 366.0
28.0 218.0 30.0 216.0
86.0 375.0 86.0 383.0
49.0 432.0 48.0 436.0
237.0 275.0 241.0 285.0
98.0 171.0 102.0 175.0
77.0 466.0 74.0 474.0
4.0 125.0 8.0 123.0
257.0 383.0 258.0 394.0
85.0 375.0 86.0 383.0
31.0 630.0 25.0 628.0
31.0 628.0 25.0 628.0
32.0 629.0 25.0 628.0
91.0 502.0 89.0 506.0
296.0 107.0 306.0 123.0
122.0 282.0 125.0 289.0
89.0 231.0 93.0 234.0
89.0 230.0 92.0 233.0
107.0 378.0 106.0 387.0
27.0 218.0 30.0 216.0
189.0 382.0 191.0 391.0
276.0 284.0 279.0 297.0
122.0 281.0 125.0 289.0
91.0 501.0 88.0 505.0
269.0 430.0 270.0 441.0
30.0 629.0 25.0 628.0
131.0 217.0 135.0 221.0
108.0 378.0 108.0 387.0
276.0 283.0 279.0 297.0
259.0 384.0 260.0 395.0
107.0 379.0 107.0 387.0
191.0 303.0 193.0 310.0
128.0 21.0 139.0 25.0
131.0 216.0 135.0 221.0
76.0 466.0 74.0 474.0
99.0 170.0 102.0 175.0
121.0 282.0 125.0 289.0
98.0 170.0 102.0 175.0
75.0 466.0 74.0 474.0
197.0 358.0 198.0 366.0
130.0 21.0 139.0 25.0
76.0 465.0 74.0 474.0
198.0 358.0 198.0 366.0
131.0 215.0 135.0 221.0
129.0 21.0 139.0 25.0
271.0 430.0 270.0 441.0
258.0 384.0 259.0 394.0
190.0 381.0 191.0 391.0
202.0 169.0 208.0 176.0
270.0 430.0 270.0 441.0
202.0 168.0 208.0 176.0
87.0 288.0 89.0 293.0
31.0 629.0 25.0 628.0
88.0 287.0 89.0 293.0
189.0 381.0 191.0 391.0
132.0 216.0 135.0 221.0
132.0 215.0 135.0 221.0
34.0 456.0 32.0 457.0
198.0 149.0 204.0 157.0
270.0 431.0 270.0 441.0
87.0 287.0 89.0 293.0
34.0 455.0 32.0 456.0
280.0 87.0 288.0 98.0
236.0 593.0 230.0 601.0
257.0 384.0 258.0 394.0
60.0 543.0 56.0 545.0
279.0 87.0 287.0 98.0
121.0 242.0 124.0 245.0
279.0 88.0 288.0 100.0
235.0 593.0 230.0 601.0
201.0 168.0 208.0 176.0
16.0 431.0 16.0 437.0
280.0 89.0 287.0 98.0
236.0 591.0 230.0 601.0
198.0 148.0 204.0 157.0
280.0 88.0 288.0 100.0
161.0 362.0 164.0 370.0
54.0 546.0 55.0 545.0
60.0 544.0 56.0 545.0
122.0 241.0 124.0 244.0
236.0 592.0 230.0 601.0
64.0 103.0 69.0 104.0
87.0 286.0 89.0 293.0
235.0 591.0 230.0 601.0
63.0 103.0 69.0 104.0
121.0 241.0 124.0 244.0
235.0 592.0 230.0 601.0
160.0 362.0 164.0 370.0
351.0 594.0 346.0 609.0
122.0 240.0 124.0 244.0
121.0 240.0 124.0 244.0
146.0 134.0 148.0 132.0
217.0 167.0 223.0 177.0
217.0 166.0 223.0 177.0
236.0 139.0 243.0 151.0
236.0 138.0 243.0 151.0
236.0 140.0 243.0 151.0
235.0 140.0 243.0 151.0
134.0 314.0 144.0 317.0
135.0 314.0 144.0 317.0
135.0 315.0 144.0 317.0
235.0 139.0 243.0 151.0
235.0 138.0 243.0 151.0
17.0 587.0 24.0 559.0
363.0 398.0 361.0 399.0
234.0 139.0 243.0 151.0
101.0 321.0 110.0 337.0
6.0 145.0 7.0 124.0
101.0 320.0 110.0 337.0
100.0 320.0 110.0 337.0
234.0 138.0 243.0 151.0
100.0 321.0 110.0 337.0
100.0 319.0 110.0 337.0
242.0 324.0 242.0 318.0
393.0 537.0 380.0 542.0
154.0 57.0 170.0 63.0
53.0 115.0 47.0 137.0
