332.0 107.0 337.0 109.0
331.0 108.0 337.0 109.0
111.0 122.0 116.0 127.0
331.0 493.0 341.0 497.0
111.0 124.0 116.0 128.0
110.0 123.0 116.0 127.0
111.0 123.0 116.0 127.0
331.0 107.0 337.0 109.0
219.0 152.0 224.0 154.0
331.0 492.0 341.0 497.0
110.0 124.0 116.0 127.0
331.0 106.0 337.0 109.0
236.0 91.0 242.0 95.0
406.0 49.0 413.0 50.0
407.0 50.0 413.0 50.0
110.0 122.0 116.0 127.0
219.0 153.0 224.0 154.0
406.0 50.0 413.0 50.0
395.0 206.0 402.0 206.0
362.0 472.0 372.0 476.0
218.0 152.0 224.0 154.0
406.0 51.0 413.0 50.0
332.0 493.0 342.0 498.0
235.0 91.0 242.0 95.0
218.0 46.0 222.0 48.0
451.0 80.0 459.0 81.0
236.0 92.0 242.0 95.0
217.0 109.0 222.0 112.0
332.0 492.0 341.0 497.0
375.0 165.0 384.0 167.0
289.0 253.0 297.0 256.0
303.0 215.0 309.0 216.0
260.0 478.0 268.0 482.0
284.0 341.0 291.0 345.0
269.0 349.0 276.0 353.0
216.0 109.0 222.0 112.0
376.0 164.0 384.0 167.0
215.0 108.0 222.0 112.0
303.0 214.0 309.0 216.0
362.0 361.0 372.0 364.0
330.0 106.0 336.0 108.0
330.0 492.0 341.0 497.0
352.0 484.0 364.0 489.0
310.0 106.0 316.0 108.0
451.0 81.0 459.0 81.0
218.0 45.0 222.0 48.0
289.0 252.0 297.0 256.0
217.0 45.0 222.0 48.0
375.0 164.0 384.0 167.0
407.0 51.0 413.0 50.0
362.0 13.0 367.0 13.0
384.0 513.0 396.0 517.0
302.0 215.0 309.0 216.0
330.0 107.0 336.0 108.0
285.0 203.0 291.0 205.0
216.0 108.0 222.0 112.0
376.0 165.0 384.0 167.0
217.0 46.0 222.0 48.0
217.0 108.0 222.0 111.0
218.0 153.0 223.0 156.0
361.0 13.0 367.0 13.0
284.0 203.0 291.0 205.0
362.0 12.0 367.0 13.0
289.0 251.0 297.0 255.0
285.0 341.0 291.0 345.0
452.0 80.0 459.0 81.0
383.0 513.0 395.0 517.0
235.0 92.0 242.0 95.0
302.0 214.0 309.0 216.0
189.0 26.0 193.0 29.0
198.0 241.0 204.0 244.0
310.0 107.0 317.0 109.0
362.0 362.0 372.0 364.0
288.0 251.0 297.0 255.0
164.0 323.0 172.0 325.0
270.0 348.0 276.0 352.0
285.0 202.0 291.0 205.0
395.0 207.0 403.0 206.0
453.0 80.0 460.0 81.0
270.0 349.0 276.0 353.0
217.0 44.0 222.0 47.0
361.0 12.0 367.0 13.0
286.0 203.0 291.0 205.0
301.0 148.0 306.0 149.0
285.0 204.0 291.0 205.0
217.0 153.0 223.0 156.0
250.0 223.0 256.0 225.0
188.0 26.0 193.0 29.0
308.0 482.0 320.0 486.0
164.0 322.0 172.0 325.0
163.0 322.0 171.0 325.0
189.0 25.0 193.0 29.0
361.0 11.0 367.0 13.0
197.0 241.0 204.0 244.0
332.0 201.0 338.0 203.0
217.0 152.0 224.0 154.0
270.0 350.0 276.0 353.0
288.0 252.0 296.0 256.0
361.0 361.0 372.0 364.0
378.0 186.0 385.0 187.0
360.0 12.0 367.0 13.0
378.0 185.0 385.0 187.0
248.0 223.0 256.0 225.0
253.0 427.0 261.0 429.0
60.0 243.0 68.0 241.0
307.0 481.0 319.0 485.0
352.0 485.0 364.0 489.0
271.0 394.0 280.0 398.0
249.0 223.0 256.0 225.0
136.0 145.0 141.0 149.0
283.0 288.0 290.0 290.0
311.0 106.0 316.0 108.0
281.0 158.0 287.0 160.0
452.0 82.0 460.0 82.0
261.0 477.0 268.0 482.0
307.0 395.0 316.0 398.0
394.0 206.0 402.0 206.0
312.0 107.0 317.0 109.0
311.0 108.0 317.0 109.0
271.0 349.0 276.0 353.0
271.0 395.0 280.0 398.0
347.0 419.0 358.0 422.0
261.0 478.0 270.0 482.0
285.0 342.0 291.0 345.0
310.0 129.0 317.0 130.0
331.0 201.0 338.0 203.0
353.0 485.0 364.0 489.0
200.0 266.0 206.0 269.0
348.0 419.0 358.0 422.0
282.0 287.0 290.0 289.0
452.0 81.0 459.0 81.0
179.0 45.0 185.0 48.0
302.0 147.0 308.0 149.0
453.0 81.0 460.0 82.0
283.0 287.0 290.0 289.0
249.0 224.0 256.0 225.0
350.0 28.0 357.0 28.0
300.0 185.0 306.0 187.0
254.0 427.0 261.0 429.0
136.0 146.0 141.0 150.0
136.0 144.0 142.0 148.0
307.0 394.0 316.0 398.0
301.0 284.0 308.0 286.0
135.0 146.0 141.0 150.0
278.0 133.0 285.0 135.0
163.0 323.0 171.0 325.0
301.0 147.0 307.0 149.0
135.0 145.0 141.0 149.0
76.0 463.0 83.0 467.0
332.0 202.0 339.0 204.0
283.0 289.0 290.0 290.0
302.0 148.0 308.0 150.0
278.0 132.0 285.0 135.0
175.0 54.0 179.0 58.0
306.0 394.0 316.0 398.0
350.0 27.0 357.0 28.0
136.0 143.0 142.0 148.0
308.0 481.0 320.0 486.0
408.0 301.0 418.0 303.0
304.0 314.0 314.0 316.0
309.0 481.0 320.0 486.0
348.0 417.0 358.0 422.0
115.0 497.0 124.0 501.0
206.0 413.0 211.0 417.0
25.0 565.0 28.0 567.0
24.0 565.0 28.0 567.0
361.0 362.0 372.0 364.0
377.0 187.0 385.0 188.0
343.0 61.0 351.0 63.0
205.0 414.0 211.0 417.0
135.0 144.0 141.0 149.0
59.0 244.0 68.0 241.0
351.0 29.0 357.0 28.0
348.0 418.0 358.0 422.0
311.0 107.0 317.0 109.0
180.0 45.0 185.0 48.0
188.0 25.0 193.0 29.0
205.0 413.0 211.0 417.0
232.0 400.0 239.0 402.0
187.0 372.0 191.0 374.0
133.0 66.0 139.0 68.0
175.0 53.0 179.0 58.0
311.0 129.0 317.0 130.0
305.0 314.0 314.0 316.0
306.0 313.0 314.0 316.0
115.0 478.0 123.0 481.0
115.0 477.0 123.0 481.0
186.0 372.0 191.0 374.0
344.0 63.0 351.0 63.0
351.0 28.0 357.0 28.0
407.0 301.0 417.0 303.0
133.0 65.0 139.0 68.0
206.0 414.0 211.0 417.0
282.0 158.0 287.0 160.0
271.0 393.0 281.0 398.0
299.0 185.0 306.0 187.0
351.0 27.0 357.0 28.0
253.0 426.0 261.0 429.0
343.0 63.0 351.0 63.0
250.0 224.0 256.0 225.0
231.0 400.0 238.0 403.0
176.0 355.0 181.0 359.0
254.0 426.0 262.0 429.0
343.0 62.0 351.0 63.0
347.0 418.0 358.0 422.0
115.0 496.0 123.0 500.0
186.0 371.0 191.0 374.0
76.0 465.0 83.0 468.0
174.0 54.0 179.0 58.0
311.0 130.0 317.0 132.0
175.0 357.0 181.0 360.0
152.0 359.0 158.0 362.0
115.0 498.0 124.0 502.0
262.0 478.0 270.0 482.0
446.0 311.0 457.0 313.0
176.0 356.0 181.0 360.0
185.0 372.0 191.0 374.0
187.0 371.0 191.0 374.0
76.0 466.0 83.0 468.0
132.0 65.0 139.0 68.0
24.0 566.0 28.0 567.0
377.0 185.0 385.0 187.0
175.0 55.0 179.0 58.0
283.0 290.0 289.0 291.0
282.0 288.0 290.0 290.0
352.0 27.0 357.0 28.0
253.0 425.0 261.0 429.0
394.0 207.0 402.0 206.0
59.0 243.0 68.0 241.0
352.0 28.0 357.0 28.0
25.0 566.0 28.0 567.0
270.0 394.0 280.0 398.0
87.0 505.0 94.0 511.0
312.0 130.0 317.0 132.0
282.0 289.0 290.0 290.0
395.0 332.0 405.0 335.0
56.0 468.0 62.0 473.0
344.0 62.0 351.0 63.0
275.0 490.0 286.0 494.0
299.0 184.0 306.0 187.0
176.0 354.0 181.0 359.0
185.0 371.0 191.0 374.0
186.0 373.0 191.0 374.0
116.0 497.0 123.0 500.0
445.0 310.0 457.0 313.0
282.0 157.0 287.0 160.0
304.0 313.0 313.0 315.0
275.0 491.0 286.0 495.0
175.0 356.0 181.0 360.0
67.0 421.0 73.0 425.0
300.0 184.0 306.0 187.0
305.0 313.0 314.0 316.0
445.0 311.0 457.0 313.0
261.0 263.0 269.0 266.0
152.0 360.0 158.0 362.0
343.0 146.0 351.0 147.0
308.0 480.0 320.0 486.0
289.0 167.0 296.0 170.0
408.0 300.0 417.0 303.0
205.0 415.0 211.0 417.0
376.0 186.0 384.0 187.0
396.0 331.0 405.0 335.0
175.0 355.0 181.0 359.0
444.0 311.0 457.0 313.0
67.0 420.0 73.0 425.0
305.0 312.0 313.0 315.0
446.0 312.0 457.0 313.0
377.0 186.0 385.0 187.0
116.0 477.0 123.0 481.0
206.0 415.0 211.0 417.0
151.0 360.0 158.0 362.0
116.0 498.0 124.0 502.0
67.0 419.0 74.0 424.0
434.0 327.0 445.0 330.0
75.0 466.0 83.0 468.0
68.0 421.0 73.0 425.0
186.0 370.0 191.0 374.0
232.0 399.0 239.0 402.0
75.0 465.0 83.0 468.0
282.0 290.0 290.0 290.0
88.0 505.0 94.0 511.0
300.0 284.0 308.0 286.0
376.0 185.0 384.0 187.0
58.0 484.0 65.0 490.0
262.0 263.0 269.0 266.0
312.0 129.0 317.0 130.0
151.0 359.0 158.0 362.0
58.0 485.0 65.0 490.0
34.0 418.0 38.0 421.0
59.0 484.0 65.0 490.0
59.0 485.0 65.0 490.0
102.0 395.0 108.0 399.0
31.0 538.0 37.0 544.0
229.0 291.0 237.0 295.0
281.0 238.0 291.0 241.0
68.0 420.0 74.0 425.0
115.0 476.0 123.0 481.0
68.0 419.0 74.0 425.0
8.0 306.0 10.0 321.0
229.0 418.0 239.0 423.0
8.0 307.0 10.0 321.0
33.0 502.0 39.0 507.0
281.0 289.0 290.0 290.0
103.0 395.0 108.0 399.0
191.0 342.0 196.0 347.0
281.0 288.0 289.0 290.0
8.0 305.0 10.0 321.0
69.0 420.0 74.0 425.0
35.0 418.0 38.0 421.0
238.0 237.0 247.0 238.0
229.0 290.0 236.0 293.0
2.0 633.0 10.0 635.0
190.0 342.0 196.0 347.0
102.0 394.0 108.0 399.0
3.0 633.0 10.0 635.0
3.0 634.0 10.0 635.0
238.0 236.0 247.0 238.0
2.0 634.0 10.0 635.0
280.0 238.0 291.0 241.0
190.0 343.0 196.0 347.0
35.0 419.0 38.0 421.0
103.0 394.0 108.0 399.0
16.0 545.0 22.0 549.0
150.0 401.0 158.0 405.0
36.0 419.0 38.0 421.0
237.0 237.0 247.0 238.0
118.0 439.0 126.0 441.0
25.0 559.0 28.0 565.0
229.0 289.0 236.0 293.0
237.0 236.0 247.0 238.0
118.0 437.0 126.0 440.0
230.0 290.0 237.0 295.0
279.0 238.0 291.0 241.0
118.0 438.0 126.0 440.0
15.0 545.0 22.0 549.0
119.0 438.0 126.0 440.0
20.0 322.0 27.0 326.0
151.0 401.0 158.0 405.0
191.0 343.0 196.0 347.0
20.0 323.0 27.0 326.0
230.0 289.0 236.0 293.0
448.0 471.0 454.0 473.0
49.0 517.0 55.0 522.0
21.0 323.0 27.0 326.0
119.0 437.0 126.0 440.0
20.0 324.0 27.0 326.0
16.0 544.0 22.0 549.0
19.0 323.0 27.0 326.0
120.0 616.0 131.0 622.0
446.0 456.0 458.0 461.0
49.0 516.0 55.0 522.0
120.0 615.0 131.0 622.0
51.0 499.0 53.0 505.0
48.0 517.0 55.0 522.0
208.0 318.0 210.0 326.0
119.0 615.0 131.0 622.0
48.0 518.0 55.0 522.0
48.0 516.0 56.0 521.0
49.0 518.0 55.0 522.0
370.0 396.0 388.0 402.0
117.0 106.0 127.0 103.0
117.0 107.0 127.0 103.0
52.0 498.0 53.0 505.0
102.0 558.0 106.0 578.0
316.0 205.0 319.0 194.0
218.0 297.0 236.0 295.0
102.0 559.0 106.0 578.0
375.0 497.0 394.0 517.0
259.0 371.0 276.0 353.0
375.0 496.0 394.0 517.0
374.0 496.0 394.0 517.0
374.0 497.0 394.0 517.0
218.0 296.0 236.0 295.0
322.0 343.0 320.0 355.0
259.0 370.0 276.0 353.0
102.0 557.0 106.0 578.0
258.0 370.0 276.0 353.0
103.0 558.0 106.0 578.0
258.0 371.0 276.0 353.0
260.0 371.0 276.0 353.0
322.0 342.0 320.0 355.0
217.0 297.0 236.0 295.0
217.0 296.0 236.0 295.0
354.0 608.0 350.0 620.0
