286.0 540.0 293.0 534.0
285.0 541.0 293.0 534.0
286.0 541.0 293.0 534.0
285.0 540.0 293.0 534.0
383.0 583.0 390.0 577.0
384.0 584.0 392.0 578.0
382.0 584.0 390.0 577.0
382.0 583.0 390.0 577.0
383.0 585.0 391.0 579.0
383.0 584.0 391.0 579.0
284.0 540.0 292.0 534.0
346.0 369.0 354.0 363.0
411.0 367.0 418.0 362.0
284.0 541.0 292.0 534.0
404.0 234.0 411.0 231.0
411.0 366.0 418.0 362.0
410.0 366.0 418.0 362.0
408.0 324.0 416.0 320.0
410.0 367.0 418.0 362.0
409.0 322.0 415.0 320.0
443.0 28.0 453.0 23.0
407.0 323.0 415.0 320.0
227.0 248.0 236.0 242.0
377.0 50.0 386.0 45.0
187.0 164.0 196.0 160.0
226.0 249.0 236.0 242.0
227.0 249.0 236.0 242.0
412.0 366.0 419.0 361.0
186.0 164.0 196.0 160.0
405.0 233.0 411.0 231.0
384.0 583.0 392.0 578.0
45.0 77.0 60.0 73.0
408.0 323.0 415.0 320.0
404.0 353.0 412.0 350.0
226.0 248.0 236.0 242.0
45.0 78.0 60.0 73.0
380.0 225.0 390.0 221.0
379.0 225.0 389.0 220.0
405.0 234.0 412.0 231.0
403.0 407.0 413.0 403.0
403.0 406.0 413.0 403.0
347.0 225.0 355.0 220.0
347.0 224.0 355.0 220.0
227.0 247.0 236.0 242.0
405.0 353.0 412.0 350.0
376.0 50.0 386.0 45.0
417.0 272.0 427.0 268.0
228.0 247.0 236.0 242.0
354.0 49.0 364.0 44.0
408.0 322.0 415.0 320.0
405.0 354.0 412.0 350.0
444.0 28.0 453.0 23.0
226.0 247.0 236.0 242.0
417.0 372.0 419.0 363.0
226.0 228.0 235.0 223.0
45.0 79.0 60.0 73.0
444.0 27.0 453.0 23.0
382.0 404.0 388.0 400.0
381.0 225.0 390.0 221.0
380.0 227.0 390.0 221.0
44.0 77.0 60.0 73.0
187.0 165.0 196.0 160.0
383.0 405.0 388.0 401.0
377.0 51.0 386.0 45.0
186.0 165.0 196.0 160.0
188.0 165.0 196.0 160.0
383.0 404.0 388.0 400.0
426.0 332.0 433.0 326.0
69.0 75.0 80.0 70.0
404.0 354.0 412.0 350.0
379.0 227.0 390.0 221.0
44.0 78.0 60.0 73.0
228.0 248.0 236.0 242.0
225.0 227.0 235.0 222.0
427.0 332.0 433.0 326.0
445.0 28.0 453.0 23.0
378.0 227.0 390.0 221.0
445.0 27.0 453.0 23.0
404.0 407.0 413.0 403.0
376.0 51.0 386.0 45.0
406.0 353.0 412.0 350.0
44.0 79.0 60.0 73.0
224.0 228.0 234.0 223.0
420.0 89.0 430.0 83.0
417.0 373.0 419.0 363.0
404.0 406.0 413.0 403.0
379.0 226.0 390.0 221.0
294.0 511.0 302.0 504.0
417.0 437.0 424.0 435.0
375.0 51.0 386.0 45.0
378.0 226.0 390.0 221.0
405.0 407.0 413.0 403.0
383.0 403.0 388.0 400.0
419.0 67.0 429.0 62.0
224.0 227.0 234.0 223.0
380.0 226.0 390.0 221.0
346.0 225.0 354.0 220.0
459.0 337.0 468.0 332.0
313.0 548.0 320.0 541.0
400.0 299.0 408.0 295.0
379.0 228.0 390.0 221.0
346.0 224.0 355.0 220.0
416.0 273.0 427.0 268.0
376.0 52.0 386.0 45.0
187.0 233.0 196.0 229.0
225.0 228.0 235.0 223.0
411.0 276.0 419.0 273.0
223.0 227.0 234.0 223.0
420.0 90.0 430.0 83.0
459.0 336.0 468.0 332.0
336.0 399.0 346.0 396.0
188.0 233.0 196.0 229.0
418.0 438.0 424.0 435.0
293.0 512.0 302.0 504.0
418.0 373.0 419.0 363.0
3.0 636.0 14.0 623.0
223.0 228.0 234.0 223.0
367.0 267.0 377.0 261.0
294.0 512.0 302.0 504.0
225.0 229.0 235.0 223.0
421.0 418.0 429.0 413.0
349.0 320.0 356.0 315.0
458.0 337.0 468.0 332.0
313.0 547.0 320.0 540.0
421.0 417.0 429.0 412.0
293.0 511.0 302.0 504.0
417.0 439.0 424.0 435.0
417.0 273.0 427.0 268.0
292.0 512.0 302.0 504.0
411.0 277.0 419.0 273.0
263.0 485.0 270.0 481.0
3.0 637.0 14.0 623.0
401.0 299.0 408.0 295.0
349.0 321.0 356.0 315.0
427.0 333.0 433.0 326.0
335.0 400.0 346.0 396.0
422.0 418.0 429.0 412.0
336.0 400.0 346.0 396.0
223.0 180.0 233.0 173.0
417.0 438.0 424.0 435.0
194.0 285.0 203.0 281.0
400.0 300.0 408.0 295.0
421.0 89.0 430.0 83.0
194.0 284.0 203.0 281.0
401.0 300.0 408.0 295.0
428.0 333.0 433.0 326.0
222.0 201.0 232.0 196.0
416.0 438.0 424.0 435.0
412.0 276.0 419.0 273.0
458.0 336.0 468.0 332.0
186.0 233.0 196.0 229.0
223.0 179.0 233.0 173.0
195.0 284.0 203.0 281.0
187.0 232.0 196.0 229.0
303.0 534.0 314.0 527.0
418.0 372.0 420.0 362.0
304.0 534.0 315.0 527.0
417.0 440.0 424.0 435.0
360.0 302.0 368.0 298.0
418.0 439.0 424.0 435.0
224.0 229.0 234.0 223.0
418.0 440.0 424.0 435.0
223.0 202.0 232.0 196.0
359.0 303.0 368.0 298.0
427.0 334.0 433.0 326.0
223.0 201.0 232.0 197.0
360.0 45.0 370.0 39.0
195.0 285.0 203.0 281.0
423.0 417.0 430.0 412.0
458.0 338.0 468.0 332.0
400.0 298.0 408.0 295.0
422.0 417.0 429.0 412.0
412.0 277.0 419.0 273.0
225.0 179.0 233.0 173.0
402.0 299.0 408.0 295.0
426.0 333.0 433.0 326.0
420.0 67.0 429.0 62.0
222.0 202.0 232.0 196.0
428.0 334.0 433.0 326.0
225.0 178.0 233.0 173.0
426.0 334.0 433.0 326.0
160.0 213.0 170.0 208.0
222.0 200.0 232.0 197.0
453.0 120.0 462.0 116.0
223.0 178.0 233.0 173.0
417.0 441.0 424.0 435.0
185.0 233.0 196.0 229.0
397.0 53.0 406.0 48.0
420.0 68.0 429.0 62.0
297.0 587.0 303.0 581.0
271.0 365.0 282.0 360.0
359.0 302.0 368.0 298.0
413.0 277.0 420.0 273.0
224.0 180.0 233.0 173.0
416.0 439.0 424.0 435.0
421.0 416.0 430.0 412.0
21.0 77.0 26.0 70.0
271.0 366.0 282.0 360.0
360.0 303.0 368.0 298.0
195.0 283.0 203.0 280.0
22.0 77.0 26.0 70.0
453.0 119.0 462.0 116.0
399.0 299.0 408.0 295.0
224.0 179.0 233.0 173.0
56.0 265.0 66.0 260.0
365.0 160.0 374.0 156.0
224.0 200.0 232.0 198.0
432.0 264.0 441.0 259.0
361.0 45.0 370.0 39.0
423.0 416.0 430.0 412.0
422.0 416.0 430.0 412.0
401.0 298.0 408.0 295.0
361.0 44.0 370.0 39.0
185.0 211.0 195.0 207.0
54.0 266.0 66.0 260.0
303.0 535.0 314.0 527.0
359.0 301.0 367.0 298.0
390.0 32.0 400.0 27.0
395.0 186.0 402.0 181.0
222.0 353.0 230.0 347.0
19.0 264.0 21.0 258.0
55.0 265.0 66.0 260.0
222.0 354.0 230.0 347.0
118.0 186.0 130.0 181.0
223.0 200.0 232.0 197.0
224.0 201.0 232.0 197.0
463.0 251.0 471.0 247.0
186.0 211.0 195.0 207.0
462.0 250.0 471.0 247.0
421.0 90.0 430.0 83.0
224.0 178.0 233.0 173.0
186.0 212.0 194.0 207.0
398.0 53.0 405.0 48.0
220.0 354.0 230.0 347.0
459.0 117.0 462.0 116.0
458.0 117.0 462.0 116.0
220.0 355.0 230.0 347.0
221.0 353.0 230.0 347.0
185.0 212.0 195.0 207.0
399.0 52.0 406.0 47.0
360.0 44.0 370.0 39.0
439.0 258.0 448.0 254.0
55.0 266.0 66.0 260.0
54.0 265.0 66.0 260.0
394.0 187.0 402.0 181.0
462.0 251.0 471.0 247.0
22.0 71.0 26.0 69.0
365.0 159.0 374.0 155.0
432.0 263.0 441.0 259.0
416.0 440.0 424.0 435.0
398.0 54.0 406.0 48.0
384.0 282.0 394.0 278.0
467.0 495.0 475.0 491.0
54.0 267.0 66.0 260.0
298.0 587.0 304.0 581.0
119.0 186.0 130.0 181.0
57.0 266.0 66.0 260.0
56.0 266.0 66.0 260.0
295.0 436.0 304.0 429.0
221.0 355.0 230.0 347.0
297.0 434.0 304.0 429.0
461.0 251.0 471.0 247.0
297.0 588.0 303.0 581.0
438.0 259.0 448.0 254.0
221.0 354.0 230.0 347.0
120.0 185.0 130.0 181.0
389.0 33.0 400.0 27.0
439.0 259.0 448.0 254.0
222.0 355.0 230.0 347.0
394.0 186.0 402.0 181.0
433.0 263.0 441.0 259.0
394.0 185.0 402.0 181.0
221.0 356.0 230.0 347.0
55.0 267.0 66.0 260.0
384.0 283.0 394.0 278.0
298.0 588.0 304.0 581.0
222.0 356.0 230.0 347.0
119.0 185.0 130.0 181.0
296.0 435.0 304.0 429.0
399.0 53.0 407.0 48.0
118.0 185.0 129.0 181.0
297.0 436.0 305.0 428.0
184.0 212.0 193.0 207.0
398.0 52.0 406.0 47.0
462.0 252.0 471.0 247.0
450.0 571.0 457.0 565.0
299.0 588.0 304.0 581.0
120.0 186.0 130.0 181.0
364.0 160.0 374.0 156.0
450.0 572.0 457.0 565.0
436.0 134.0 446.0 130.0
56.0 267.0 66.0 260.0
446.0 319.0 457.0 313.0
417.0 147.0 427.0 144.0
399.0 54.0 407.0 48.0
157.0 237.0 169.0 230.0
297.0 435.0 305.0 428.0
438.0 258.0 448.0 254.0
449.0 369.0 460.0 364.0
436.0 133.0 446.0 128.0
21.0 71.0 26.0 69.0
459.0 116.0 462.0 116.0
437.0 134.0 446.0 130.0
383.0 283.0 394.0 278.0
461.0 252.0 471.0 247.0
437.0 135.0 446.0 130.0
406.0 25.0 418.0 20.0
450.0 369.0 460.0 364.0
21.0 78.0 26.0 70.0
336.0 332.0 356.0 315.0
383.0 284.0 394.0 278.0
447.0 319.0 457.0 313.0
109.0 246.0 122.0 241.0
158.0 237.0 169.0 230.0
443.0 573.0 449.0 568.0
433.0 382.0 433.0 375.0
22.0 78.0 26.0 70.0
437.0 133.0 446.0 130.0
157.0 236.0 169.0 230.0
450.0 570.0 457.0 565.0
448.0 316.0 457.0 312.0
449.0 572.0 457.0 565.0
296.0 436.0 305.0 429.0
447.0 318.0 457.0 313.0
155.0 166.0 166.0 161.0
451.0 368.0 460.0 364.0
297.0 589.0 303.0 581.0
395.0 185.0 402.0 181.0
382.0 283.0 394.0 278.0
364.0 159.0 374.0 156.0
365.0 157.0 374.0 155.0
31.0 338.0 25.0 331.0
406.0 26.0 418.0 20.0
336.0 333.0 356.0 316.0
460.0 251.0 471.0 247.0
449.0 570.0 457.0 565.0
467.0 496.0 475.0 491.0
442.0 573.0 449.0 568.0
159.0 236.0 170.0 229.0
438.0 134.0 446.0 130.0
418.0 149.0 428.0 145.0
448.0 318.0 457.0 313.0
417.0 148.0 427.0 144.0
365.0 158.0 374.0 155.0
390.0 33.0 400.0 27.0
460.0 252.0 471.0 247.0
158.0 236.0 169.0 230.0
433.0 384.0 433.0 375.0
296.0 437.0 305.0 429.0
446.0 318.0 457.0 313.0
433.0 383.0 433.0 375.0
434.0 383.0 433.0 375.0
395.0 184.0 403.0 180.0
418.0 148.0 428.0 145.0
434.0 382.0 433.0 375.0
447.0 317.0 457.0 313.0
449.0 571.0 457.0 565.0
383.0 282.0 394.0 278.0
466.0 495.0 475.0 491.0
443.0 574.0 449.0 568.0
108.0 246.0 122.0 241.0
155.0 167.0 166.0 161.0
463.0 301.0 474.0 298.0
417.0 149.0 427.0 144.0
438.0 133.0 448.0 128.0
298.0 589.0 304.0 581.0
464.0 301.0 474.0 296.0
464.0 302.0 474.0 296.0
405.0 25.0 418.0 20.0
156.0 166.0 166.0 161.0
121.0 185.0 130.0 181.0
389.0 34.0 400.0 27.0
451.0 369.0 460.0 364.0
434.0 384.0 433.0 375.0
442.0 574.0 449.0 568.0
154.0 167.0 166.0 161.0
448.0 317.0 457.0 313.0
391.0 33.0 400.0 27.0
109.0 247.0 122.0 241.0
465.0 302.0 474.0 296.0
466.0 496.0 476.0 490.0
390.0 34.0 400.0 27.0
108.0 247.0 122.0 241.0
465.0 495.0 475.0 491.0
389.0 35.0 400.0 27.0
156.0 167.0 166.0 161.0
390.0 35.0 400.0 27.0
36.0 262.0 67.0 261.0
464.0 496.0 475.0 491.0
36.0 261.0 67.0 261.0
36.0 263.0 67.0 261.0
391.0 34.0 400.0 27.0
465.0 496.0 475.0 491.0
37.0 262.0 67.0 261.0
11.0 151.0 27.0 152.0
464.0 75.0 467.0 75.0
37.0 261.0 67.0 261.0
10.0 152.0 27.0 152.0
35.0 262.0 67.0 261.0
383.0 125.0 393.0 119.0
435.0 382.0 433.0 375.0
435.0 383.0 433.0 375.0
421.0 130.0 422.0 139.0
421.0 129.0 422.0 139.0
407.0 78.0 424.0 61.0
407.0 79.0 424.0 61.0
422.0 129.0 422.0 139.0
421.0 128.0 422.0 139.0
396.0 512.0 387.0 482.0
396.0 513.0 387.0 482.0
406.0 79.0 424.0 61.0
