162.0 612.0 165.0 619.0
373.0 205.0 378.0 226.0
373.0 206.0 378.0 226.0
161.0 612.0 165.0 619.0
162.0 613.0 165.0 619.0
163.0 612.0 165.0 619.0
373.0 207.0 379.0 226.0
163.0 613.0 165.0 619.0
324.0 143.0 332.0 159.0
161.0 613.0 165.0 619.0
233.0 436.0 237.0 449.0
259.0 362.0 262.0 378.0
127.0 22.0 131.0 22.0
126.0 22.0 130.0 22.0
234.0 436.0 237.0 449.0
374.0 206.0 378.0 226.0
325.0 143.0 332.0 159.0
125.0 23.0 130.0 21.0
161.0 614.0 165.0 619.0
302.0 205.0 306.0 222.0
301.0 206.0 306.0 222.0
125.0 22.0 130.0 21.0
193.0 404.0 196.0 417.0
234.0 437.0 237.0 449.0
233.0 437.0 237.0 449.0
194.0 404.0 196.0 417.0
162.0 614.0 165.0 619.0
115.0 41.0 120.0 41.0
326.0 143.0 332.0 159.0
224.0 322.0 228.0 335.0
223.0 322.0 228.0 335.0
127.0 21.0 131.0 22.0
223.0 321.0 228.0 335.0
10.0 48.0 13.0 43.0
195.0 405.0 197.0 417.0
224.0 321.0 228.0 335.0
126.0 21.0 130.0 22.0
260.0 363.0 263.0 379.0
224.0 323.0 228.0 335.0
142.0 269.0 146.0 277.0
350.0 226.0 356.0 246.0
374.0 207.0 378.0 226.0
232.0 437.0 236.0 449.0
195.0 404.0 197.0 416.0
143.0 271.0 146.0 279.0
166.0 39.0 169.0 42.0
194.0 405.0 196.0 417.0
115.0 42.0 120.0 41.0
261.0 363.0 262.0 378.0
260.0 361.0 262.0 378.0
115.0 40.0 120.0 41.0
466.0 570.0 462.0 573.0
9.0 49.0 13.0 43.0
385.0 363.0 388.0 384.0
142.0 271.0 146.0 279.0
165.0 38.0 169.0 42.0
166.0 38.0 169.0 42.0
165.0 39.0 169.0 42.0
260.0 362.0 262.0 378.0
142.0 270.0 146.0 278.0
232.0 436.0 236.0 449.0
166.0 326.0 170.0 335.0
167.0 326.0 172.0 336.0
185.0 234.0 191.0 241.0
168.0 326.0 172.0 336.0
466.0 569.0 462.0 573.0
225.0 322.0 228.0 335.0
210.0 580.0 211.0 589.0
385.0 245.0 390.0 266.0
125.0 21.0 130.0 21.0
82.0 220.0 89.0 224.0
9.0 48.0 13.0 43.0
143.0 270.0 147.0 278.0
110.0 424.0 110.0 436.0
124.0 22.0 130.0 21.0
402.0 342.0 405.0 367.0
385.0 244.0 390.0 266.0
401.0 343.0 405.0 367.0
225.0 321.0 228.0 335.0
119.0 266.0 123.0 273.0
384.0 364.0 388.0 385.0
221.0 352.0 224.0 365.0
402.0 343.0 405.0 367.0
48.0 189.0 53.0 192.0
386.0 245.0 390.0 266.0
345.0 201.0 350.0 223.0
70.0 83.0 75.0 84.0
128.0 403.0 132.0 419.0
261.0 361.0 262.0 378.0
261.0 362.0 262.0 378.0
209.0 580.0 211.0 589.0
467.0 570.0 462.0 573.0
160.0 407.0 164.0 420.0
128.0 402.0 132.0 419.0
141.0 270.0 146.0 277.0
402.0 344.0 405.0 367.0
276.0 339.0 280.0 355.0
71.0 83.0 75.0 84.0
100.0 530.0 105.0 535.0
363.0 391.0 365.0 414.0
119.0 265.0 123.0 273.0
127.0 404.0 132.0 419.0
362.0 392.0 365.0 414.0
384.0 363.0 388.0 384.0
184.0 234.0 191.0 241.0
363.0 392.0 365.0 414.0
208.0 580.0 210.0 589.0
210.0 581.0 211.0 590.0
101.0 530.0 105.0 535.0
192.0 511.0 193.0 522.0
185.0 233.0 191.0 241.0
8.0 48.0 13.0 43.0
141.0 269.0 146.0 277.0
467.0 569.0 462.0 573.0
220.0 352.0 224.0 365.0
109.0 424.0 110.0 436.0
141.0 271.0 146.0 279.0
403.0 343.0 405.0 367.0
83.0 219.0 89.0 224.0
225.0 323.0 228.0 335.0
364.0 392.0 366.0 414.0
70.0 82.0 75.0 84.0
111.0 424.0 110.0 436.0
167.0 327.0 172.0 336.0
471.0 603.0 464.0 607.0
184.0 233.0 191.0 241.0
48.0 190.0 53.0 192.0
276.0 340.0 280.0 355.0
266.0 320.0 269.0 335.0
99.0 530.0 104.0 536.0
403.0 344.0 404.0 368.0
53.0 134.0 59.0 137.0
127.0 403.0 132.0 419.0
8.0 49.0 13.0 43.0
44.0 22.0 47.0 19.0
82.0 218.0 89.0 224.0
83.0 218.0 89.0 224.0
349.0 226.0 355.0 247.0
53.0 135.0 59.0 137.0
218.0 253.0 222.0 266.0
82.0 219.0 89.0 224.0
49.0 190.0 53.0 192.0
217.0 253.0 222.0 266.0
160.0 406.0 164.0 420.0
49.0 191.0 53.0 192.0
199.0 72.0 205.0 78.0
192.0 512.0 193.0 522.0
209.0 581.0 211.0 589.0
221.0 353.0 224.0 365.0
363.0 393.0 365.0 414.0
199.0 71.0 205.0 78.0
219.0 62.0 226.0 69.0
195.0 595.0 197.0 604.0
142.0 309.0 144.0 319.0
200.0 72.0 205.0 78.0
191.0 512.0 193.0 522.0
110.0 425.0 110.0 436.0
348.0 226.0 356.0 248.0
448.0 584.0 443.0 588.0
191.0 511.0 193.0 522.0
218.0 254.0 222.0 266.0
48.0 191.0 53.0 192.0
220.0 62.0 226.0 69.0
142.0 310.0 144.0 319.0
195.0 594.0 197.0 604.0
222.0 353.0 224.0 365.0
111.0 425.0 110.0 436.0
217.0 254.0 222.0 266.0
449.0 585.0 443.0 588.0
471.0 602.0 464.0 607.0
196.0 595.0 197.0 604.0
126.0 301.0 130.0 310.0
200.0 71.0 205.0 78.0
449.0 584.0 443.0 588.0
242.0 614.0 242.0 614.0
28.0 469.0 36.0 474.0
220.0 353.0 224.0 365.0
220.0 354.0 224.0 365.0
203.0 54.0 208.0 61.0
196.0 268.0 198.0 275.0
20.0 310.0 26.0 311.0
66.0 440.0 73.0 448.0
47.0 190.0 53.0 193.0
29.0 469.0 36.0 474.0
21.0 310.0 26.0 311.0
159.0 406.0 164.0 420.0
98.0 530.0 103.0 534.0
141.0 310.0 144.0 319.0
112.0 552.0 117.0 557.0
472.0 602.0 464.0 607.0
39.0 610.0 25.0 621.0
449.0 583.0 443.0 588.0
54.0 134.0 59.0 137.0
241.0 614.0 242.0 614.0
28.0 470.0 36.0 474.0
160.0 405.0 164.0 420.0
54.0 135.0 59.0 137.0
39.0 611.0 25.0 621.0
196.0 594.0 197.0 604.0
20.0 311.0 26.0 311.0
47.0 191.0 53.0 193.0
48.0 192.0 53.0 192.0
40.0 611.0 25.0 621.0
96.0 287.0 101.0 297.0
242.0 615.0 242.0 614.0
141.0 230.0 144.0 238.0
125.0 300.0 130.0 311.0
126.0 300.0 130.0 311.0
29.0 470.0 36.0 474.0
27.0 470.0 36.0 474.0
57.0 118.0 62.0 119.0
187.0 182.0 191.0 191.0
186.0 182.0 190.0 190.0
220.0 61.0 226.0 69.0
221.0 61.0 226.0 69.0
219.0 61.0 226.0 69.0
99.0 383.0 106.0 397.0
28.0 147.0 33.0 150.0
265.0 320.0 269.0 335.0
202.0 55.0 208.0 61.0
111.0 551.0 116.0 558.0
127.0 301.0 130.0 310.0
227.0 607.0 242.0 614.0
30.0 363.0 37.0 371.0
142.0 311.0 145.0 320.0
67.0 440.0 73.0 448.0
95.0 286.0 101.0 297.0
226.0 607.0 242.0 614.0
141.0 231.0 144.0 238.0
21.0 311.0 26.0 311.0
31.0 363.0 37.0 371.0
111.0 552.0 116.0 558.0
94.0 504.0 97.0 510.0
96.0 286.0 101.0 297.0
375.0 266.0 380.0 292.0
355.0 298.0 363.0 323.0
57.0 119.0 62.0 119.0
29.0 237.0 34.0 240.0
30.0 362.0 37.0 371.0
93.0 503.0 97.0 510.0
126.0 302.0 130.0 311.0
227.0 606.0 242.0 614.0
100.0 383.0 106.0 398.0
94.0 286.0 101.0 297.0
226.0 606.0 242.0 614.0
95.0 287.0 101.0 297.0
203.0 55.0 208.0 61.0
93.0 504.0 97.0 510.0
186.0 183.0 190.0 190.0
159.0 405.0 164.0 420.0
99.0 384.0 106.0 398.0
110.0 552.0 116.0 558.0
185.0 182.0 190.0 190.0
94.0 503.0 97.0 510.0
65.0 260.0 71.0 270.0
57.0 307.0 62.0 313.0
139.0 231.0 145.0 238.0
9.0 280.0 14.0 280.0
202.0 54.0 208.0 61.0
125.0 301.0 130.0 311.0
219.0 60.0 226.0 69.0
28.0 237.0 34.0 240.0
29.0 236.0 34.0 240.0
32.0 362.0 38.0 370.0
57.0 305.0 64.0 312.0
139.0 230.0 144.0 238.0
140.0 230.0 144.0 238.0
125.0 302.0 130.0 311.0
249.0 537.0 250.0 548.0
106.0 574.0 108.0 577.0
31.0 362.0 37.0 371.0
94.0 287.0 101.0 297.0
140.0 231.0 144.0 238.0
65.0 259.0 71.0 269.0
64.0 259.0 71.0 269.0
369.0 281.0 372.0 307.0
56.0 306.0 62.0 313.0
32.0 361.0 37.0 371.0
56.0 305.0 62.0 313.0
58.0 306.0 64.0 312.0
62.0 573.0 68.0 574.0
92.0 504.0 97.0 510.0
122.0 235.0 128.0 244.0
220.0 60.0 226.0 69.0
100.0 384.0 106.0 398.0
250.0 537.0 250.0 548.0
184.0 66.0 189.0 71.0
64.0 258.0 71.0 269.0
187.0 263.0 197.0 274.0
92.0 503.0 97.0 510.0
193.0 50.0 187.0 51.0
31.0 361.0 37.0 371.0
105.0 573.0 108.0 577.0
77.0 245.0 82.0 250.0
86.0 544.0 93.0 548.0
57.0 306.0 62.0 313.0
63.0 257.0 70.0 269.0
121.0 235.0 128.0 244.0
30.0 361.0 37.0 371.0
123.0 235.0 128.0 244.0
105.0 574.0 108.0 577.0
61.0 573.0 68.0 574.0
76.0 244.0 82.0 250.0
76.0 245.0 82.0 250.0
75.0 305.0 80.0 314.0
78.0 246.0 82.0 250.0
77.0 244.0 82.0 250.0
20.0 531.0 28.0 519.0
122.0 234.0 128.0 244.0
49.0 362.0 56.0 371.0
187.0 262.0 197.0 274.0
368.0 281.0 372.0 308.0
178.0 121.0 190.0 117.0
79.0 244.0 82.0 250.0
19.0 532.0 28.0 519.0
78.0 245.0 82.0 250.0
101.0 384.0 106.0 398.0
338.0 576.0 337.0 594.0
18.0 452.0 27.0 459.0
79.0 245.0 82.0 250.0
49.0 361.0 56.0 371.0
338.0 574.0 337.0 594.0
184.0 65.0 189.0 71.0
87.0 544.0 93.0 548.0
85.0 443.0 82.0 460.0
338.0 575.0 337.0 594.0
3.0 414.0 14.0 430.0
180.0 351.0 179.0 369.0
78.0 244.0 82.0 250.0
20.0 532.0 28.0 519.0
85.0 442.0 82.0 460.0
12.0 242.0 16.0 244.0
86.0 443.0 82.0 460.0
11.0 242.0 16.0 244.0
11.0 243.0 16.0 244.0
143.0 160.0 141.0 162.0
86.0 442.0 82.0 460.0
53.0 335.0 62.0 349.0
48.0 362.0 56.0 371.0
37.0 345.0 42.0 353.0
339.0 576.0 337.0 594.0
148.0 147.0 153.0 155.0
29.0 256.0 35.0 259.0
180.0 350.0 179.0 369.0
28.0 256.0 35.0 259.0
30.0 256.0 35.0 259.0
10.0 242.0 16.0 244.0
148.0 148.0 153.0 155.0
129.0 143.0 128.0 152.0
29.0 257.0 35.0 259.0
53.0 334.0 61.0 348.0
339.0 575.0 337.0 594.0
331.0 611.0 338.0 630.0
147.0 147.0 153.0 155.0
52.0 334.0 62.0 349.0
330.0 611.0 338.0 630.0
331.0 610.0 338.0 630.0
30.0 257.0 35.0 259.0
31.0 256.0 35.0 259.0
147.0 148.0 153.0 155.0
191.0 91.0 197.0 98.0
330.0 610.0 338.0 630.0
31.0 257.0 35.0 259.0
129.0 142.0 128.0 152.0
310.0 615.0 309.0 617.0
310.0 616.0 309.0 617.0
191.0 90.0 197.0 98.0
144.0 128.0 149.0 133.0
309.0 616.0 309.0 617.0
171.0 62.0 189.0 71.0
236.0 71.0 226.0 70.0
309.0 617.0 309.0 617.0
171.0 63.0 189.0 72.0
355.0 581.0 353.0 601.0
355.0 582.0 353.0 602.0
310.0 617.0 309.0 617.0
143.0 128.0 149.0 134.0
22.0 390.0 40.0 402.0
22.0 391.0 40.0 402.0
356.0 582.0 353.0 602.0
