105.0 629.0 95.0 628.0
429.0 394.0 417.0 389.0
105.0 630.0 95.0 629.0
104.0 630.0 95.0 629.0
104.0 629.0 95.0 629.0
33.0 423.0 29.0 422.0
428.0 394.0 417.0 389.0
34.0 423.0 29.0 422.0
5.0 187.0 4.0 186.0
4.0 187.0 4.0 186.0
34.0 422.0 29.0 422.0
33.0 422.0 29.0 422.0
35.0 423.0 29.0 422.0
430.0 395.0 417.0 389.0
127.0 560.0 116.0 564.0
35.0 422.0 29.0 422.0
32.0 422.0 28.0 421.0
87.0 627.0 80.0 627.0
88.0 627.0 80.0 627.0
88.0 628.0 80.0 627.0
289.0 161.0 281.0 157.0
288.0 161.0 281.0 157.0
383.0 366.0 372.0 363.0
87.0 628.0 80.0 627.0
97.0 211.0 88.0 209.0
89.0 92.0 84.0 90.0
90.0 92.0 84.0 90.0
430.0 394.0 417.0 389.0
127.0 561.0 116.0 564.0
61.0 546.0 53.0 545.0
134.0 623.0 126.0 620.0
391.0 422.0 380.0 418.0
126.0 562.0 116.0 564.0
88.0 629.0 80.0 627.0
127.0 562.0 116.0 564.0
429.0 393.0 417.0 389.0
223.0 300.0 213.0 297.0
288.0 160.0 281.0 157.0
287.0 160.0 281.0 157.0
63.0 546.0 53.0 545.0
52.0 425.0 48.0 424.0
62.0 546.0 53.0 545.0
390.0 422.0 380.0 418.0
62.0 547.0 53.0 545.0
87.0 629.0 80.0 627.0
63.0 547.0 53.0 545.0
388.0 519.0 378.0 513.0
61.0 547.0 53.0 545.0
126.0 561.0 116.0 564.0
6.0 541.0 6.0 541.0
306.0 164.0 298.0 160.0
389.0 519.0 378.0 513.0
389.0 520.0 378.0 513.0
307.0 163.0 298.0 160.0
223.0 301.0 213.0 297.0
289.0 160.0 281.0 157.0
389.0 201.0 381.0 198.0
307.0 164.0 298.0 160.0
63.0 203.0 54.0 198.0
213.0 335.0 206.0 332.0
428.0 599.0 416.0 592.0
134.0 622.0 126.0 620.0
62.0 330.0 55.0 330.0
135.0 623.0 127.0 620.0
263.0 28.0 255.0 27.0
410.0 274.0 400.0 271.0
288.0 159.0 280.0 156.0
64.0 203.0 54.0 198.0
63.0 204.0 54.0 198.0
410.0 275.0 400.0 271.0
12.0 418.0 4.0 415.0
135.0 622.0 127.0 620.0
263.0 29.0 255.0 27.0
428.0 598.0 417.0 592.0
263.0 30.0 255.0 27.0
383.0 367.0 373.0 364.0
247.0 316.0 241.0 314.0
353.0 502.0 343.0 497.0
430.0 393.0 417.0 389.0
212.0 334.0 206.0 332.0
427.0 599.0 416.0 591.0
248.0 317.0 241.0 314.0
213.0 334.0 206.0 332.0
247.0 317.0 241.0 314.0
49.0 201.0 53.0 199.0
382.0 367.0 372.0 363.0
48.0 200.0 53.0 199.0
431.0 394.0 419.0 389.0
181.0 353.0 173.0 350.0
61.0 331.0 55.0 330.0
357.0 306.0 348.0 302.0
222.0 301.0 213.0 297.0
454.0 413.0 444.0 407.0
235.0 138.0 226.0 137.0
388.0 520.0 378.0 513.0
248.0 318.0 241.0 314.0
340.0 343.0 331.0 338.0
399.0 605.0 386.0 597.0
365.0 443.0 354.0 439.0
62.0 548.0 53.0 545.0
63.0 331.0 55.0 330.0
357.0 305.0 348.0 302.0
180.0 354.0 173.0 351.0
158.0 445.0 149.0 442.0
454.0 412.0 444.0 407.0
302.0 557.0 292.0 553.0
400.0 606.0 388.0 598.0
180.0 353.0 173.0 350.0
213.0 333.0 206.0 332.0
62.0 331.0 55.0 330.0
248.0 316.0 241.0 314.0
455.0 413.0 444.0 407.0
455.0 411.0 444.0 407.0
409.0 274.0 399.0 271.0
455.0 412.0 444.0 407.0
364.0 442.0 354.0 439.0
356.0 306.0 348.0 302.0
179.0 353.0 173.0 350.0
179.0 352.0 173.0 350.0
456.0 412.0 444.0 407.0
307.0 482.0 300.0 480.0
433.0 122.0 425.0 118.0
222.0 300.0 213.0 297.0
18.0 518.0 19.0 518.0
156.0 445.0 148.0 442.0
340.0 342.0 331.0 338.0
167.0 406.0 158.0 404.0
157.0 446.0 149.0 442.0
456.0 413.0 444.0 407.0
400.0 229.0 390.0 225.0
369.0 178.0 361.0 175.0
235.0 139.0 226.0 137.0
13.0 418.0 4.0 415.0
347.0 361.0 338.0 358.0
302.0 558.0 292.0 553.0
249.0 317.0 241.0 314.0
409.0 275.0 399.0 271.0
167.0 407.0 159.0 404.0
433.0 123.0 425.0 118.0
180.0 352.0 173.0 350.0
432.0 123.0 425.0 118.0
266.0 249.0 259.0 246.0
352.0 502.0 343.0 497.0
452.0 430.0 441.0 425.0
366.0 443.0 354.0 439.0
19.0 518.0 19.0 518.0
403.0 552.0 391.0 545.0
323.0 515.0 313.0 510.0
166.0 406.0 158.0 404.0
322.0 515.0 313.0 510.0
341.0 342.0 332.0 338.0
214.0 333.0 206.0 332.0
37.0 75.0 29.0 71.0
192.0 419.0 183.0 415.0
181.0 352.0 173.0 350.0
308.0 481.0 301.0 480.0
203.0 261.0 194.0 259.0
37.0 74.0 28.0 70.0
454.0 411.0 444.0 407.0
341.0 343.0 332.0 338.0
451.0 430.0 441.0 425.0
166.0 408.0 158.0 404.0
166.0 407.0 158.0 404.0
342.0 342.0 332.0 338.0
303.0 557.0 292.0 553.0
157.0 445.0 149.0 442.0
365.0 442.0 354.0 439.0
156.0 446.0 149.0 442.0
306.0 482.0 300.0 480.0
347.0 360.0 338.0 358.0
342.0 343.0 332.0 338.0
404.0 551.0 392.0 544.0
356.0 305.0 348.0 302.0
157.0 444.0 149.0 442.0
133.0 539.0 125.0 536.0
11.0 517.0 17.0 517.0
214.0 334.0 206.0 332.0
133.0 538.0 125.0 535.0
370.0 179.0 360.0 175.0
326.0 359.0 317.0 355.0
301.0 558.0 292.0 553.0
370.0 178.0 361.0 175.0
401.0 229.0 390.0 225.0
63.0 332.0 55.0 330.0
318.0 589.0 308.0 585.0
386.0 186.0 376.0 180.0
405.0 552.0 392.0 544.0
192.0 416.0 183.0 415.0
38.0 74.0 29.0 70.0
220.0 309.0 212.0 307.0
303.0 558.0 292.0 553.0
167.0 408.0 159.0 404.0
408.0 130.0 397.0 125.0
192.0 417.0 183.0 415.0
299.0 528.0 289.0 523.0
302.0 334.0 290.0 330.0
265.0 250.0 259.0 246.0
403.0 553.0 393.0 546.0
192.0 418.0 183.0 415.0
404.0 553.0 393.0 546.0
378.0 608.0 367.0 601.0
306.0 621.0 298.0 618.0
405.0 553.0 393.0 546.0
404.0 552.0 392.0 544.0
38.0 75.0 29.0 71.0
402.0 230.0 390.0 225.0
307.0 481.0 300.0 480.0
267.0 249.0 259.0 246.0
308.0 480.0 301.0 480.0
266.0 250.0 259.0 246.0
346.0 361.0 338.0 358.0
451.0 431.0 441.0 425.0
402.0 229.0 390.0 225.0
301.0 334.0 290.0 330.0
18.0 519.0 18.0 518.0
451.0 432.0 441.0 425.0
372.0 636.0 360.0 631.0
215.0 326.0 208.0 323.0
325.0 359.0 317.0 356.0
409.0 130.0 397.0 125.0
431.0 98.0 421.0 94.0
401.0 230.0 390.0 225.0
302.0 559.0 292.0 553.0
372.0 637.0 360.0 631.0
219.0 309.0 211.0 307.0
452.0 432.0 441.0 425.0
409.0 129.0 398.0 125.0
62.0 332.0 55.0 330.0
387.0 185.0 376.0 180.0
192.0 420.0 183.0 415.0
462.0 286.0 449.0 282.0
452.0 431.0 441.0 425.0
325.0 358.0 317.0 355.0
371.0 179.0 360.0 175.0
406.0 146.0 396.0 142.0
431.0 465.0 420.0 460.0
406.0 147.0 396.0 143.0
334.0 458.0 324.0 454.0
133.0 540.0 125.0 536.0
408.0 129.0 398.0 125.0
387.0 186.0 376.0 180.0
303.0 559.0 292.0 553.0
453.0 431.0 441.0 425.0
203.0 262.0 194.0 259.0
431.0 99.0 421.0 94.0
461.0 287.0 448.0 283.0
462.0 287.0 448.0 283.0
430.0 97.0 421.0 93.0
307.0 622.0 298.0 618.0
333.0 457.0 324.0 453.0
275.0 526.0 267.0 523.0
432.0 98.0 421.0 94.0
324.0 515.0 313.0 510.0
432.0 465.0 421.0 460.0
387.0 187.0 376.0 180.0
333.0 459.0 324.0 454.0
432.0 97.0 421.0 93.0
202.0 262.0 195.0 258.0
306.0 623.0 298.0 618.0
379.0 608.0 367.0 601.0
306.0 622.0 298.0 618.0
327.0 393.0 318.0 389.0
373.0 636.0 360.0 631.0
267.0 250.0 259.0 246.0
461.0 286.0 447.0 282.0
315.0 574.0 306.0 565.0
431.0 97.0 421.0 93.0
305.0 621.0 298.0 618.0
460.0 286.0 447.0 282.0
430.0 98.0 421.0 94.0
372.0 179.0 361.0 175.0
202.0 261.0 195.0 258.0
371.0 178.0 361.0 175.0
373.0 637.0 360.0 631.0
432.0 466.0 420.0 460.0
380.0 609.0 367.0 601.0
14.0 544.0 6.0 541.0
327.0 394.0 318.0 389.0
410.0 130.0 397.0 125.0
251.0 605.0 242.0 603.0
357.0 299.0 348.0 300.0
333.0 458.0 324.0 454.0
192.0 421.0 183.0 418.0
344.0 379.0 333.0 375.0
298.0 528.0 289.0 523.0
251.0 606.0 242.0 603.0
431.0 466.0 420.0 460.0
407.0 146.0 396.0 142.0
192.0 422.0 183.0 418.0
328.0 394.0 318.0 388.0
346.0 360.0 338.0 358.0
407.0 147.0 397.0 143.0
430.0 96.0 421.0 93.0
460.0 287.0 447.0 282.0
332.0 458.0 324.0 454.0
328.0 393.0 319.0 388.0
252.0 606.0 243.0 604.0
274.0 526.0 267.0 523.0
276.0 526.0 267.0 523.0
379.0 609.0 367.0 601.0
378.0 609.0 367.0 601.0
388.0 186.0 376.0 180.0
201.0 262.0 195.0 258.0
388.0 187.0 376.0 180.0
275.0 527.0 267.0 523.0
345.0 361.0 338.0 358.0
335.0 549.0 328.0 546.0
251.0 607.0 243.0 604.0
408.0 147.0 397.0 143.0
343.0 378.0 332.0 375.0
430.0 466.0 420.0 460.0
408.0 146.0 397.0 143.0
95.0 436.0 65.0 428.0
250.0 606.0 242.0 603.0
344.0 361.0 338.0 358.0
162.0 117.0 137.0 109.0
96.0 436.0 65.0 428.0
96.0 437.0 65.0 428.0
272.0 230.0 264.0 227.0
343.0 379.0 333.0 375.0
466.0 20.0 455.0 15.0
345.0 360.0 338.0 358.0
455.0 57.0 446.0 52.0
271.0 229.0 262.0 225.0
250.0 605.0 242.0 603.0
127.0 105.0 136.0 109.0
400.0 329.0 388.0 317.0
455.0 58.0 446.0 53.0
272.0 231.0 264.0 227.0
314.0 574.0 306.0 565.0
358.0 299.0 348.0 302.0
162.0 118.0 137.0 110.0
313.0 547.0 303.0 543.0
313.0 546.0 303.0 543.0
358.0 298.0 348.0 302.0
312.0 547.0 303.0 543.0
466.0 19.0 455.0 15.0
456.0 56.0 446.0 52.0
314.0 573.0 306.0 565.0
108.0 98.0 85.0 91.0
109.0 98.0 85.0 91.0
436.0 585.0 426.0 578.0
467.0 20.0 455.0 15.0
273.0 231.0 264.0 227.0
271.0 230.0 262.0 225.0
456.0 58.0 446.0 53.0
126.0 104.0 137.0 109.0
314.0 575.0 306.0 565.0
312.0 548.0 303.0 543.0
334.0 549.0 327.0 548.0
127.0 104.0 137.0 109.0
313.0 548.0 304.0 544.0
313.0 574.0 306.0 565.0
467.0 19.0 455.0 15.0
108.0 99.0 83.0 91.0
457.0 56.0 446.0 52.0
125.0 104.0 136.0 109.0
344.0 436.0 337.0 437.0
313.0 575.0 306.0 565.0
466.0 84.0 456.0 79.0
456.0 57.0 446.0 52.0
256.0 581.0 247.0 576.0
457.0 58.0 446.0 53.0
437.0 585.0 426.0 578.0
36.0 520.0 19.0 518.0
343.0 436.0 337.0 437.0
438.0 585.0 426.0 578.0
344.0 435.0 337.0 437.0
457.0 57.0 446.0 52.0
458.0 57.0 446.0 53.0
343.0 435.0 337.0 437.0
342.0 435.0 337.0 437.0
31.0 81.0 28.0 71.0
391.0 595.0 385.0 596.0
40.0 545.0 53.0 545.0
390.0 595.0 385.0 596.0
31.0 82.0 28.0 71.0
467.0 45.0 470.0 21.0
39.0 545.0 53.0 545.0
44.0 523.0 18.0 518.0
179.0 122.0 137.0 109.0
467.0 46.0 470.0 21.0
146.0 225.0 90.0 209.0
179.0 123.0 137.0 109.0
45.0 523.0 18.0 518.0
354.0 387.0 334.0 375.0
