336.0 524.0 336.0 526.0
342.0 539.0 342.0 541.0
432.0 321.0 432.0 322.0
341.0 539.0 342.0 541.0
336.0 523.0 336.0 526.0
355.0 589.0 355.0 593.0
434.0 321.0 433.0 322.0
341.0 540.0 342.0 543.0
342.0 540.0 342.0 543.0
433.0 321.0 433.0 322.0
461.0 596.0 463.0 598.0
341.0 541.0 342.0 543.0
342.0 541.0 342.0 543.0
356.0 366.0 355.0 369.0
371.0 183.0 369.0 186.0
336.0 525.0 336.0 527.0
458.0 576.0 459.0 577.0
457.0 576.0 459.0 577.0
294.0 210.0 292.0 213.0
357.0 366.0 355.0 369.0
433.0 320.0 433.0 322.0
357.0 367.0 355.0 369.0
356.0 590.0 357.0 593.0
373.0 203.0 371.0 205.0
358.0 489.0 358.0 492.0
379.0 487.0 379.0 490.0
337.0 525.0 337.0 527.0
373.0 204.0 371.0 205.0
451.0 254.0 448.0 255.0
358.0 490.0 358.0 493.0
337.0 523.0 336.0 526.0
296.0 289.0 294.0 292.0
359.0 490.0 358.0 493.0
458.0 577.0 459.0 578.0
354.0 590.0 355.0 593.0
355.0 590.0 356.0 593.0
365.0 222.0 362.0 224.0
442.0 437.0 442.0 439.0
448.0 233.0 445.0 234.0
356.0 367.0 355.0 369.0
432.0 243.0 430.0 244.0
442.0 438.0 442.0 439.0
323.0 314.0 322.0 316.0
324.0 33.0 320.0 35.0
203.0 233.0 200.0 237.0
458.0 575.0 459.0 577.0
448.0 232.0 445.0 234.0
448.0 515.0 450.0 516.0
443.0 437.0 442.0 439.0
457.0 577.0 459.0 578.0
357.0 489.0 358.0 492.0
351.0 278.0 348.0 279.0
452.0 254.0 450.0 255.0
203.0 234.0 200.0 238.0
351.0 277.0 348.0 279.0
372.0 183.0 369.0 186.0
337.0 524.0 337.0 526.0
448.0 231.0 445.0 234.0
342.0 542.0 342.0 544.0
336.0 297.0 334.0 298.0
235.0 145.0 233.0 149.0
348.0 313.0 346.0 316.0
365.0 221.0 362.0 224.0
449.0 515.0 450.0 516.0
202.0 234.0 200.0 237.0
457.0 575.0 459.0 577.0
297.0 477.0 297.0 481.0
443.0 438.0 442.0 439.0
307.0 515.0 307.0 518.0
6.0 413.0 7.0 421.0
7.0 413.0 7.0 421.0
447.0 232.0 445.0 234.0
372.0 204.0 370.0 205.0
449.0 514.0 450.0 516.0
349.0 313.0 348.0 315.0
371.0 203.0 369.0 205.0
295.0 290.0 294.0 292.0
456.0 438.0 455.0 440.0
399.0 489.0 399.0 492.0
432.0 242.0 430.0 244.0
219.0 496.0 218.0 501.0
332.0 340.0 331.0 342.0
297.0 475.0 297.0 479.0
202.0 233.0 200.0 237.0
398.0 489.0 399.0 492.0
449.0 231.0 445.0 234.0
81.0 396.0 81.0 402.0
244.0 442.0 244.0 446.0
372.0 203.0 370.0 205.0
295.0 289.0 294.0 292.0
245.0 442.0 245.0 447.0
351.0 313.0 348.0 315.0
371.0 204.0 369.0 205.0
343.0 449.0 342.0 452.0
176.0 343.0 176.0 346.0
474.0 580.0 475.0 582.0
293.0 210.0 291.0 213.0
194.0 606.0 194.0 611.0
379.0 488.0 380.0 490.0
473.0 580.0 475.0 582.0
298.0 477.0 297.0 481.0
452.0 255.0 450.0 255.0
371.0 287.0 369.0 289.0
336.0 296.0 334.0 297.0
453.0 254.0 450.0 255.0
197.0 157.0 194.0 163.0
220.0 496.0 218.0 501.0
450.0 516.0 450.0 516.0
325.0 33.0 320.0 36.0
342.0 448.0 342.0 452.0
176.0 342.0 176.0 346.0
449.0 516.0 450.0 516.0
364.0 221.0 362.0 224.0
450.0 514.0 451.0 516.0
380.0 487.0 380.0 490.0
386.0 277.0 383.0 279.0
384.0 392.0 383.0 393.0
436.0 607.0 437.0 609.0
252.0 385.0 251.0 389.0
473.0 581.0 475.0 583.0
343.0 448.0 342.0 452.0
323.0 313.0 322.0 316.0
306.0 515.0 307.0 518.0
449.0 232.0 445.0 234.0
196.0 157.0 194.0 163.0
464.0 294.0 463.0 295.0
437.0 607.0 437.0 609.0
325.0 32.0 320.0 36.0
81.0 395.0 81.0 402.0
384.0 393.0 384.0 394.0
474.0 581.0 475.0 583.0
380.0 488.0 380.0 490.0
436.0 606.0 438.0 608.0
319.0 377.0 317.0 378.0
244.0 441.0 244.0 446.0
193.0 605.0 194.0 611.0
399.0 488.0 399.0 492.0
324.0 32.0 320.0 35.0
245.0 440.0 245.0 446.0
366.0 222.0 362.0 224.0
365.0 220.0 363.0 223.0
193.0 604.0 193.0 609.0
384.0 394.0 384.0 394.0
177.0 341.0 176.0 347.0
398.0 488.0 398.0 491.0
198.0 157.0 194.0 163.0
360.0 327.0 358.0 330.0
324.0 31.0 320.0 35.0
319.0 375.0 317.0 378.0
372.0 287.0 369.0 289.0
350.0 277.0 348.0 280.0
400.0 489.0 400.0 491.0
342.0 449.0 342.0 452.0
385.0 277.0 383.0 279.0
473.0 276.0 471.0 276.0
449.0 233.0 446.0 234.0
236.0 146.0 233.0 149.0
319.0 376.0 317.0 378.0
297.0 476.0 297.0 479.0
382.0 265.0 379.0 266.0
450.0 515.0 450.0 516.0
324.0 313.0 322.0 316.0
236.0 145.0 233.0 149.0
219.0 495.0 218.0 500.0
84.0 433.0 84.0 441.0
318.0 377.0 317.0 378.0
225.0 478.0 225.0 483.0
298.0 475.0 297.0 479.0
85.0 434.0 84.0 441.0
176.0 341.0 176.0 346.0
371.0 288.0 369.0 290.0
245.0 441.0 245.0 446.0
84.0 434.0 84.0 441.0
266.0 346.0 264.0 348.0
366.0 220.0 363.0 223.0
197.0 156.0 194.0 163.0
380.0 617.0 382.0 620.0
366.0 221.0 363.0 224.0
371.0 286.0 369.0 289.0
276.0 133.0 274.0 137.0
251.0 385.0 251.0 389.0
380.0 265.0 379.0 266.0
252.0 386.0 251.0 389.0
383.0 393.0 383.0 394.0
230.0 405.0 230.0 409.0
226.0 478.0 225.0 483.0
298.0 476.0 297.0 481.0
319.0 378.0 317.0 379.0
320.0 377.0 318.0 379.0
315.0 286.0 313.0 287.0
194.0 605.0 194.0 611.0
225.0 477.0 225.0 483.0
299.0 371.0 297.0 374.0
177.0 342.0 176.0 347.0
266.0 344.0 264.0 348.0
390.0 181.0 388.0 183.0
237.0 146.0 234.0 149.0
381.0 264.0 379.0 266.0
372.0 288.0 369.0 290.0
258.0 457.0 257.0 462.0
151.0 593.0 153.0 600.0
380.0 264.0 379.0 266.0
381.0 265.0 379.0 266.0
258.0 456.0 257.0 461.0
346.0 234.0 343.0 236.0
232.0 405.0 231.0 409.0
309.0 493.0 308.0 496.0
278.0 508.0 278.0 512.0
85.0 433.0 84.0 441.0
381.0 617.0 382.0 620.0
232.0 404.0 231.0 409.0
409.0 217.0 405.0 218.0
249.0 118.0 244.0 123.0
251.0 386.0 251.0 389.0
46.0 592.0 47.0 600.0
383.0 394.0 383.0 394.0
244.0 440.0 244.0 446.0
152.0 593.0 153.0 600.0
318.0 376.0 317.0 378.0
46.0 591.0 47.0 600.0
249.0 119.0 244.0 123.0
266.0 345.0 264.0 348.0
231.0 406.0 231.0 409.0
366.0 260.0 364.0 261.0
256.0 458.0 256.0 462.0
84.0 432.0 84.0 440.0
323.0 312.0 321.0 316.0
47.0 591.0 47.0 600.0
233.0 405.0 231.0 409.0
47.0 592.0 47.0 600.0
300.0 371.0 297.0 374.0
231.0 404.0 231.0 409.0
365.0 260.0 363.0 261.0
46.0 593.0 47.0 601.0
257.0 459.0 257.0 462.0
279.0 234.0 277.0 237.0
177.0 343.0 176.0 347.0
299.0 476.0 297.0 481.0
153.0 593.0 153.0 600.0
196.0 156.0 194.0 163.0
280.0 233.0 277.0 237.0
232.0 406.0 231.0 409.0
279.0 509.0 278.0 513.0
308.0 493.0 308.0 496.0
320.0 376.0 317.0 378.0
277.0 134.0 274.0 137.0
131.0 589.0 132.0 596.0
193.0 550.0 192.0 556.0
246.0 441.0 245.0 446.0
299.0 370.0 297.0 374.0
352.0 313.0 348.0 315.0
277.0 509.0 278.0 512.0
437.0 606.0 438.0 608.0
231.0 405.0 231.0 409.0
359.0 327.0 358.0 330.0
279.0 508.0 278.0 512.0
409.0 592.0 410.0 595.0
265.0 345.0 264.0 348.0
131.0 590.0 131.0 597.0
318.0 375.0 317.0 378.0
192.0 550.0 192.0 557.0
300.0 370.0 297.0 374.0
279.0 429.0 278.0 433.0
372.0 436.0 372.0 439.0
153.0 594.0 153.0 600.0
125.0 565.0 125.0 574.0
371.0 437.0 372.0 439.0
381.0 488.0 380.0 490.0
277.0 133.0 274.0 137.0
194.0 604.0 193.0 609.0
192.0 549.0 192.0 556.0
226.0 477.0 225.0 483.0
372.0 437.0 372.0 439.0
257.0 456.0 257.0 461.0
278.0 509.0 278.0 513.0
193.0 549.0 193.0 556.0
131.0 588.0 132.0 596.0
280.0 234.0 277.0 237.0
248.0 119.0 244.0 123.0
372.0 438.0 372.0 439.0
246.0 440.0 245.0 446.0
299.0 349.0 299.0 353.0
192.0 551.0 192.0 557.0
256.0 457.0 256.0 462.0
409.0 216.0 405.0 218.0
236.0 58.0 231.0 62.0
29.0 565.0 29.0 574.0
257.0 458.0 256.0 462.0
248.0 118.0 244.0 123.0
373.0 437.0 372.0 439.0
73.0 597.0 74.0 606.0
467.0 118.0 464.0 118.0
475.0 463.0 474.0 457.0
147.0 569.0 147.0 576.0
126.0 564.0 125.0 574.0
300.0 350.0 299.0 353.0
299.0 350.0 299.0 353.0
257.0 457.0 257.0 461.0
277.0 132.0 274.0 137.0
360.0 328.0 358.0 330.0
410.0 593.0 410.0 595.0
371.0 436.0 372.0 439.0
130.0 589.0 131.0 595.0
410.0 616.0 411.0 619.0
193.0 551.0 192.0 556.0
77.0 406.0 77.0 414.0
332.0 165.0 328.0 167.0
473.0 63.0 468.0 65.0
30.0 566.0 30.0 574.0
476.0 463.0 474.0 457.0
408.0 592.0 410.0 595.0
313.0 57.0 309.0 59.0
278.0 388.0 277.0 392.0
280.0 232.0 277.0 237.0
236.0 59.0 231.0 62.0
278.0 133.0 274.0 137.0
279.0 233.0 277.0 237.0
72.0 598.0 74.0 606.0
194.0 532.0 194.0 540.0
29.0 566.0 30.0 574.0
92.0 411.0 91.0 418.0
312.0 56.0 309.0 59.0
271.0 369.0 269.0 372.0
308.0 492.0 308.0 496.0
365.0 259.0 363.0 261.0
467.0 119.0 465.0 119.0
409.0 593.0 410.0 595.0
473.0 62.0 468.0 65.0
279.0 428.0 279.0 432.0
30.0 565.0 30.0 574.0
126.0 567.0 126.0 574.0
408.0 593.0 410.0 595.0
147.0 568.0 147.0 576.0
331.0 165.0 328.0 167.0
366.0 259.0 364.0 261.0
235.0 58.0 231.0 62.0
309.0 492.0 308.0 496.0
313.0 56.0 309.0 59.0
127.0 565.0 127.0 574.0
472.0 62.0 468.0 65.0
301.0 370.0 297.0 374.0
126.0 566.0 127.0 574.0
127.0 566.0 127.0 574.0
314.0 56.0 309.0 59.0
126.0 565.0 125.0 574.0
62.0 618.0 62.0 627.0
77.0 407.0 77.0 414.0
271.0 368.0 269.0 372.0
416.0 88.0 412.0 89.0
409.0 616.0 410.0 619.0
92.0 412.0 91.0 418.0
30.0 567.0 30.0 574.0
278.0 134.0 274.0 137.0
235.0 59.0 231.0 62.0
332.0 166.0 328.0 168.0
148.0 569.0 147.0 576.0
354.0 242.0 352.0 245.0
400.0 438.0 405.0 439.0
354.0 243.0 352.0 245.0
418.0 87.0 413.0 89.0
468.0 118.0 465.0 119.0
401.0 437.0 405.0 439.0
278.0 389.0 277.0 392.0
29.0 567.0 30.0 574.0
272.0 366.0 270.0 371.0
355.0 243.0 352.0 245.0
110.0 372.0 108.0 378.0
194.0 533.0 194.0 540.0
272.0 367.0 270.0 371.0
195.0 533.0 194.0 540.0
148.0 568.0 147.0 576.0
4.0 629.0 6.0 637.0
3.0 629.0 6.0 637.0
5.0 629.0 6.0 637.0
417.0 87.0 412.0 89.0
400.0 437.0 405.0 439.0
194.0 534.0 194.0 540.0
195.0 534.0 194.0 540.0
309.0 491.0 308.0 496.0
468.0 119.0 465.0 119.0
145.0 499.0 145.0 503.0
417.0 88.0 412.0 89.0
308.0 491.0 308.0 496.0
144.0 498.0 145.0 502.0
145.0 498.0 145.0 502.0
278.0 428.0 279.0 432.0
146.0 498.0 145.0 502.0
119.0 549.0 120.0 558.0
299.0 369.0 297.0 374.0
145.0 497.0 145.0 502.0
259.0 426.0 259.0 430.0
5.0 630.0 6.0 637.0
4.0 630.0 6.0 637.0
259.0 427.0 259.0 430.0
118.0 549.0 120.0 558.0
260.0 426.0 259.0 430.0
119.0 550.0 120.0 558.0
120.0 550.0 120.0 557.0
118.0 550.0 120.0 558.0
260.0 427.0 259.0 431.0
259.0 428.0 258.0 431.0
138.0 515.0 137.0 521.0
139.0 515.0 138.0 521.0
108.0 511.0 112.0 512.0
139.0 513.0 138.0 520.0
260.0 425.0 259.0 430.0
139.0 514.0 138.0 521.0
354.0 435.0 361.0 429.0
138.0 514.0 138.0 520.0
107.0 511.0 112.0 512.0
95.0 400.0 92.0 417.0
138.0 513.0 138.0 520.0
354.0 436.0 361.0 429.0
348.0 208.0 337.0 212.0
353.0 435.0 361.0 429.0
106.0 510.0 112.0 512.0
477.0 510.0 475.0 492.0
476.0 510.0 475.0 492.0
220.0 444.0 225.0 456.0
353.0 436.0 361.0 429.0
188.0 490.0 189.0 496.0
188.0 489.0 189.0 496.0
119.0 551.0 120.0 557.0
194.0 589.0 193.0 588.0
352.0 196.0 357.0 203.0
476.0 511.0 475.0 492.0
106.0 511.0 112.0 512.0
457.0 447.0 455.0 440.0
458.0 447.0 455.0 440.0
409.0 103.0 412.0 89.0
408.0 103.0 412.0 89.0
193.0 173.0 194.0 164.0
447.0 147.0 464.0 118.0
457.0 448.0 455.0 440.0
447.0 148.0 464.0 118.0
459.0 458.0 474.0 457.0
202.0 493.0 189.0 496.0
202.0 492.0 189.0 496.0
193.0 174.0 194.0 164.0
446.0 147.0 464.0 118.0
203.0 493.0 189.0 496.0
380.0 169.0 369.0 185.0
122.0 352.0 109.0 377.0
24.0 196.0 48.0 212.0
380.0 168.0 369.0 185.0
122.0 351.0 109.0 377.0
121.0 352.0 109.0 377.0
121.0 351.0 109.0 377.0
