33.0 12.0 32.0 10.0
33.0 11.0 32.0 10.0
241.0 179.0 242.0 166.0
241.0 178.0 242.0 166.0
240.0 179.0 242.0 166.0
34.0 11.0 32.0 10.0
430.0 300.0 433.0 284.0
329.0 166.0 330.0 155.0
32.0 11.0 32.0 10.0
330.0 168.0 332.0 157.0
328.0 167.0 330.0 156.0
329.0 167.0 331.0 156.0
431.0 299.0 433.0 284.0
328.0 166.0 330.0 155.0
242.0 179.0 242.0 166.0
467.0 237.0 467.0 223.0
34.0 12.0 32.0 10.0
329.0 168.0 331.0 156.0
348.0 98.0 347.0 92.0
226.0 162.0 227.0 152.0
330.0 166.0 332.0 156.0
241.0 180.0 242.0 166.0
226.0 163.0 226.0 153.0
35.0 78.0 34.0 75.0
87.0 98.0 86.0 93.0
329.0 170.0 331.0 156.0
330.0 167.0 332.0 157.0
349.0 99.0 347.0 92.0
330.0 169.0 332.0 157.0
328.0 168.0 331.0 156.0
431.0 298.0 434.0 282.0
242.0 180.0 242.0 168.0
430.0 299.0 433.0 284.0
329.0 169.0 331.0 156.0
92.0 66.0 91.0 63.0
91.0 67.0 90.0 64.0
348.0 99.0 347.0 92.0
91.0 66.0 90.0 62.0
328.0 169.0 331.0 156.0
227.0 162.0 227.0 152.0
169.0 139.0 169.0 130.0
136.0 223.0 137.0 214.0
168.0 138.0 169.0 130.0
467.0 238.0 467.0 223.0
227.0 163.0 227.0 152.0
469.0 73.0 468.0 62.0
237.0 552.0 243.0 535.0
86.0 98.0 86.0 93.0
210.0 349.0 212.0 337.0
168.0 139.0 169.0 131.0
240.0 180.0 242.0 166.0
32.0 492.0 37.0 484.0
145.0 159.0 145.0 152.0
348.0 100.0 347.0 92.0
67.0 222.0 69.0 215.0
35.0 77.0 34.0 74.0
55.0 82.0 54.0 79.0
92.0 68.0 90.0 64.0
169.0 138.0 169.0 130.0
56.0 83.0 55.0 79.0
83.0 44.0 83.0 42.0
55.0 83.0 54.0 79.0
198.0 94.0 197.0 85.0
145.0 158.0 145.0 152.0
13.0 505.0 19.0 496.0
92.0 67.0 90.0 64.0
67.0 221.0 68.0 215.0
430.0 298.0 433.0 284.0
66.0 221.0 68.0 215.0
160.0 116.0 160.0 111.0
53.0 370.0 57.0 362.0
466.0 238.0 467.0 223.0
283.0 571.0 289.0 550.0
115.0 227.0 116.0 220.0
53.0 369.0 57.0 362.0
203.0 451.0 208.0 437.0
283.0 570.0 289.0 549.0
429.0 299.0 433.0 284.0
135.0 224.0 137.0 214.0
202.0 451.0 208.0 437.0
209.0 350.0 212.0 337.0
169.0 140.0 169.0 131.0
84.0 44.0 83.0 41.0
168.0 140.0 169.0 131.0
209.0 349.0 212.0 337.0
408.0 115.0 407.0 106.0
198.0 93.0 197.0 85.0
284.0 571.0 289.0 550.0
324.0 133.0 324.0 125.0
116.0 227.0 116.0 220.0
62.0 407.0 66.0 401.0
324.0 134.0 324.0 125.0
63.0 406.0 66.0 400.0
84.0 45.0 83.0 41.0
146.0 160.0 146.0 153.0
408.0 116.0 407.0 106.0
187.0 350.0 190.0 339.0
199.0 93.0 197.0 85.0
12.0 505.0 19.0 496.0
87.0 99.0 86.0 93.0
87.0 6.0 87.0 3.0
87.0 7.0 87.0 3.0
117.0 93.0 117.0 86.0
467.0 239.0 467.0 223.0
160.0 117.0 160.0 111.0
13.0 504.0 19.0 496.0
135.0 223.0 137.0 214.0
192.0 143.0 193.0 133.0
56.0 82.0 55.0 78.0
47.0 26.0 46.0 23.0
99.0 375.0 103.0 367.0
199.0 94.0 199.0 84.0
198.0 95.0 197.0 85.0
209.0 348.0 212.0 337.0
468.0 239.0 467.0 223.0
161.0 117.0 161.0 111.0
73.0 245.0 75.0 239.0
203.0 452.0 208.0 437.0
283.0 572.0 289.0 550.0
83.0 43.0 83.0 41.0
32.0 491.0 37.0 484.0
12.0 504.0 19.0 496.0
407.0 115.0 407.0 106.0
67.0 140.0 69.0 133.0
86.0 99.0 86.0 93.0
114.0 227.0 115.0 220.0
59.0 37.0 59.0 33.0
117.0 92.0 117.0 86.0
114.0 68.0 113.0 63.0
145.0 160.0 146.0 153.0
72.0 245.0 75.0 239.0
198.0 92.0 197.0 85.0
187.0 349.0 190.0 339.0
135.0 222.0 137.0 214.0
104.0 213.0 104.0 206.0
407.0 116.0 407.0 106.0
47.0 25.0 46.0 23.0
325.0 93.0 324.0 85.0
154.0 95.0 154.0 88.0
104.0 212.0 104.0 206.0
103.0 212.0 104.0 206.0
199.0 92.0 197.0 85.0
186.0 351.0 189.0 340.0
163.0 96.0 164.0 89.0
60.0 36.0 59.0 33.0
323.0 133.0 324.0 125.0
161.0 116.0 161.0 111.0
12.0 378.0 16.0 373.0
89.0 142.0 90.0 135.0
62.0 406.0 66.0 401.0
90.0 142.0 90.0 135.0
202.0 452.0 208.0 437.0
63.0 407.0 66.0 401.0
99.0 373.0 103.0 367.0
134.0 223.0 137.0 214.0
326.0 94.0 324.0 85.0
283.0 569.0 289.0 549.0
35.0 400.0 39.0 395.0
113.0 68.0 113.0 63.0
466.0 239.0 467.0 223.0
326.0 93.0 324.0 85.0
325.0 94.0 324.0 85.0
62.0 405.0 66.0 400.0
220.0 29.0 218.0 19.0
52.0 369.0 57.0 362.0
333.0 504.0 337.0 488.0
208.0 349.0 212.0 337.0
323.0 134.0 324.0 125.0
220.0 28.0 218.0 19.0
20.0 185.0 21.0 180.0
118.0 93.0 117.0 86.0
73.0 246.0 75.0 239.0
48.0 26.0 47.0 22.0
35.0 399.0 39.0 395.0
406.0 115.0 406.0 105.0
159.0 203.0 160.0 193.0
118.0 92.0 118.0 86.0
203.0 453.0 208.0 437.0
82.0 367.0 87.0 358.0
156.0 474.0 161.0 462.0
52.0 370.0 57.0 362.0
219.0 28.0 218.0 19.0
163.0 97.0 164.0 89.0
21.0 185.0 21.0 180.0
21.0 184.0 22.0 180.0
186.0 350.0 190.0 339.0
11.0 505.0 19.0 496.0
146.0 159.0 146.0 153.0
222.0 176.0 223.0 166.0
114.0 69.0 113.0 63.0
88.0 7.0 87.0 3.0
146.0 158.0 146.0 153.0
159.0 202.0 160.0 193.0
283.0 568.0 289.0 549.0
99.0 374.0 103.0 367.0
164.0 96.0 164.0 89.0
35.0 398.0 39.0 395.0
88.0 6.0 87.0 3.0
100.0 374.0 103.0 367.0
160.0 118.0 160.0 111.0
20.0 184.0 21.0 180.0
333.0 503.0 337.0 488.0
103.0 213.0 104.0 206.0
158.0 203.0 160.0 194.0
164.0 97.0 164.0 89.0
161.0 118.0 161.0 111.0
72.0 246.0 75.0 239.0
11.0 504.0 19.0 496.0
82.0 368.0 87.0 358.0
89.0 6.0 87.0 3.0
89.0 7.0 87.0 3.0
51.0 572.0 60.0 560.0
121.0 270.0 123.0 262.0
406.0 116.0 406.0 105.0
106.0 307.0 109.0 300.0
113.0 69.0 113.0 63.0
229.0 494.0 235.0 476.0
48.0 25.0 47.0 22.0
223.0 177.0 223.0 166.0
223.0 176.0 223.0 166.0
135.0 127.0 136.0 119.0
60.0 37.0 59.0 33.0
155.0 474.0 161.0 462.0
135.0 126.0 136.0 119.0
105.0 308.0 109.0 300.0
165.0 97.0 164.0 89.0
220.0 27.0 218.0 19.0
109.0 142.0 108.0 135.0
121.0 271.0 123.0 262.0
229.0 493.0 235.0 476.0
117.0 227.0 116.0 220.0
36.0 399.0 39.0 395.0
117.0 423.0 122.0 412.0
92.0 333.0 96.0 324.0
68.0 140.0 69.0 133.0
107.0 308.0 109.0 300.0
208.0 348.0 212.0 337.0
158.0 202.0 160.0 193.0
229.0 492.0 235.0 476.0
84.0 221.0 85.0 214.0
92.0 332.0 96.0 324.0
52.0 571.0 60.0 560.0
223.0 63.0 221.0 54.0
156.0 473.0 161.0 462.0
332.0 504.0 337.0 488.0
93.0 332.0 96.0 324.0
106.0 309.0 109.0 300.0
106.0 308.0 109.0 300.0
47.0 24.0 46.0 23.0
11.0 392.0 15.0 387.0
111.0 288.0 114.0 279.0
22.0 474.0 29.0 464.0
80.0 401.0 83.0 395.0
165.0 96.0 164.0 89.0
73.0 247.0 75.0 239.0
44.0 506.0 49.0 497.0
108.0 142.0 108.0 135.0
118.0 227.0 116.0 220.0
80.0 402.0 83.0 395.0
108.0 141.0 108.0 135.0
155.0 475.0 161.0 462.0
230.0 493.0 235.0 476.0
68.0 188.0 69.0 182.0
11.0 391.0 15.0 387.0
108.0 143.0 107.0 136.0
52.0 572.0 60.0 561.0
118.0 423.0 123.0 413.0
120.0 270.0 123.0 262.0
229.0 491.0 235.0 475.0
202.0 45.0 201.0 38.0
111.0 286.0 114.0 279.0
240.0 56.0 238.0 45.0
83.0 221.0 85.0 214.0
241.0 56.0 238.0 45.0
223.0 64.0 221.0 56.0
230.0 492.0 235.0 476.0
69.0 188.0 70.0 181.0
102.0 422.0 106.0 413.0
84.0 222.0 85.0 214.0
155.0 473.0 161.0 462.0
89.0 141.0 90.0 135.0
72.0 247.0 75.0 239.0
68.0 190.0 69.0 182.0
107.0 141.0 108.0 135.0
25.0 436.0 30.0 430.0
43.0 506.0 49.0 497.0
11.0 378.0 16.0 373.0
120.0 271.0 123.0 262.0
79.0 401.0 83.0 395.0
10.0 392.0 15.0 387.0
10.0 391.0 15.0 387.0
92.0 331.0 96.0 324.0
83.0 222.0 85.0 214.0
280.0 592.0 286.0 572.0
203.0 45.0 201.0 40.0
79.0 402.0 82.0 394.0
202.0 46.0 201.0 40.0
91.0 332.0 96.0 324.0
111.0 287.0 114.0 279.0
107.0 142.0 108.0 135.0
107.0 143.0 108.0 135.0
203.0 47.0 201.0 40.0
280.0 591.0 286.0 572.0
279.0 591.0 286.0 571.0
202.0 47.0 201.0 40.0
17.0 131.0 15.0 133.0
79.0 403.0 83.0 395.0
17.0 132.0 15.0 133.0
279.0 592.0 286.0 572.0
68.0 189.0 69.0 182.0
164.0 426.0 167.0 421.0
187.0 78.0 186.0 70.0
36.0 190.0 37.0 187.0
78.0 402.0 82.0 394.0
201.0 46.0 201.0 38.0
203.0 46.0 201.0 40.0
24.0 436.0 30.0 429.0
25.0 435.0 30.0 429.0
36.0 191.0 37.0 187.0
167.0 570.0 173.0 558.0
167.0 569.0 173.0 558.0
201.0 47.0 201.0 38.0
69.0 190.0 69.0 182.0
18.0 131.0 16.0 133.0
37.0 190.0 37.0 186.0
69.0 189.0 70.0 181.0
37.0 191.0 37.0 186.0
280.0 593.0 286.0 572.0
29.0 542.0 36.0 532.0
29.0 543.0 36.0 533.0
30.0 542.0 36.0 533.0
230.0 41.0 228.0 31.0
228.0 41.0 227.0 31.0
30.0 543.0 36.0 533.0
31.0 582.0 38.0 573.0
60.0 472.0 65.0 462.0
24.0 435.0 29.0 429.0
229.0 41.0 228.0 31.0
229.0 42.0 228.0 31.0
110.0 287.0 114.0 279.0
168.0 570.0 174.0 557.0
168.0 569.0 174.0 557.0
73.0 141.0 69.0 133.0
229.0 40.0 228.0 31.0
28.0 543.0 36.0 533.0
107.0 324.0 109.0 300.0
186.0 78.0 186.0 70.0
279.0 593.0 286.0 572.0
29.0 103.0 29.0 103.0
167.0 568.0 174.0 557.0
29.0 102.0 29.0 103.0
29.0 544.0 36.0 533.0
353.0 67.0 346.0 51.0
118.0 456.0 117.0 448.0
106.0 324.0 109.0 300.0
139.0 331.0 142.0 322.0
67.0 211.0 68.0 214.0
117.0 456.0 117.0 448.0
278.0 593.0 286.0 572.0
71.0 556.0 79.0 543.0
279.0 594.0 286.0 572.0
126.0 152.0 127.0 147.0
51.0 426.0 52.0 418.0
52.0 425.0 52.0 418.0
21.0 620.0 30.0 609.0
52.0 426.0 52.0 418.0
74.0 141.0 69.0 133.0
52.0 427.0 52.0 418.0
21.0 619.0 30.0 609.0
86.0 527.0 92.0 517.0
135.0 378.0 139.0 367.0
72.0 555.0 79.0 543.0
71.0 555.0 79.0 543.0
71.0 554.0 79.0 543.0
21.0 618.0 30.0 609.0
72.0 554.0 79.0 543.0
22.0 618.0 30.0 609.0
139.0 330.0 142.0 321.0
168.0 568.0 174.0 557.0
74.0 142.0 69.0 133.0
135.0 377.0 139.0 367.0
22.0 619.0 30.0 609.0
117.0 455.0 117.0 448.0
68.0 211.0 68.0 214.0
353.0 68.0 346.0 51.0
86.0 528.0 92.0 517.0
75.0 141.0 69.0 133.0
53.0 426.0 52.0 418.0
354.0 68.0 346.0 51.0
85.0 528.0 92.0 517.0
91.0 438.0 95.0 430.0
87.0 528.0 92.0 517.0
75.0 142.0 69.0 133.0
85.0 529.0 92.0 517.0
13.0 607.0 30.0 609.0
84.0 377.0 86.0 359.0
176.0 189.0 174.0 170.0
90.0 438.0 95.0 430.0
91.0 439.0 95.0 430.0
90.0 439.0 95.0 430.0
86.0 529.0 92.0 517.0
84.0 378.0 86.0 359.0
12.0 607.0 30.0 609.0
176.0 190.0 174.0 170.0
224.0 55.0 221.0 54.0
27.0 402.0 39.0 395.0
34.0 428.0 30.0 429.0
68.0 369.0 57.0 361.0
225.0 55.0 221.0 54.0
177.0 190.0 174.0 170.0
175.0 191.0 173.0 171.0
35.0 428.0 30.0 429.0
176.0 191.0 173.0 171.0
368.0 107.0 361.0 88.0
177.0 191.0 174.0 170.0
65.0 435.0 80.0 419.0
370.0 82.0 361.0 88.0
23.0 85.0 34.0 75.0
66.0 435.0 80.0 419.0
