323.0 277.0 336.0 275.0
321.0 276.0 336.0 275.0
130.0 531.0 136.0 528.0
322.0 276.0 336.0 275.0
323.0 275.0 337.0 274.0
322.0 275.0 337.0 274.0
324.0 276.0 339.0 275.0
194.0 156.0 209.0 150.0
323.0 276.0 337.0 274.0
321.0 275.0 336.0 274.0
259.0 107.0 276.0 102.0
324.0 275.0 337.0 274.0
322.0 274.0 337.0 274.0
323.0 274.0 337.0 274.0
193.0 155.0 209.0 150.0
130.0 533.0 136.0 528.0
131.0 532.0 136.0 528.0
193.0 156.0 209.0 150.0
130.0 532.0 136.0 528.0
194.0 157.0 209.0 150.0
67.0 161.0 83.0 153.0
392.0 227.0 409.0 226.0
193.0 157.0 209.0 150.0
393.0 227.0 409.0 226.0
192.0 157.0 209.0 150.0
193.0 158.0 210.0 150.0
192.0 156.0 209.0 150.0
194.0 158.0 210.0 152.0
131.0 531.0 136.0 528.0
191.0 156.0 209.0 150.0
67.0 162.0 83.0 153.0
66.0 162.0 83.0 153.0
131.0 533.0 136.0 528.0
392.0 226.0 408.0 226.0
68.0 161.0 83.0 153.0
127.0 614.0 131.0 611.0
191.0 157.0 208.0 152.0
129.0 596.0 132.0 593.0
67.0 160.0 85.0 152.0
68.0 162.0 83.0 153.0
344.0 216.0 359.0 214.0
260.0 107.0 276.0 102.0
66.0 161.0 83.0 153.0
237.0 112.0 255.0 106.0
125.0 564.0 129.0 560.0
128.0 615.0 131.0 611.0
335.0 217.0 352.0 216.0
68.0 160.0 83.0 153.0
343.0 216.0 359.0 214.0
236.0 112.0 255.0 106.0
84.0 178.0 99.0 172.0
393.0 226.0 409.0 226.0
369.0 174.0 387.0 173.0
364.0 241.0 379.0 241.0
192.0 158.0 208.0 152.0
85.0 178.0 99.0 172.0
67.0 163.0 84.0 153.0
129.0 615.0 131.0 611.0
128.0 616.0 131.0 611.0
368.0 174.0 386.0 173.0
28.0 580.0 32.0 572.0
191.0 158.0 208.0 152.0
125.0 565.0 129.0 560.0
127.0 615.0 131.0 611.0
363.0 241.0 379.0 241.0
213.0 609.0 217.0 609.0
336.0 216.0 353.0 217.0
129.0 616.0 131.0 611.0
365.0 241.0 380.0 241.0
164.0 634.0 166.0 631.0
84.0 177.0 99.0 172.0
364.0 240.0 379.0 241.0
394.0 226.0 411.0 226.0
85.0 179.0 99.0 172.0
27.0 580.0 31.0 572.0
163.0 635.0 166.0 631.0
187.0 627.0 190.0 626.0
336.0 217.0 353.0 217.0
163.0 634.0 166.0 631.0
128.0 596.0 132.0 593.0
58.0 177.0 73.0 170.0
99.0 620.0 102.0 614.0
212.0 609.0 217.0 609.0
212.0 610.0 217.0 609.0
171.0 139.0 186.0 129.0
28.0 581.0 32.0 572.0
27.0 581.0 31.0 572.0
85.0 177.0 99.0 172.0
172.0 139.0 187.0 128.0
124.0 564.0 129.0 560.0
343.0 217.0 359.0 214.0
174.0 538.0 180.0 535.0
125.0 563.0 129.0 560.0
26.0 580.0 30.0 572.0
368.0 173.0 386.0 173.0
174.0 500.0 181.0 498.0
68.0 630.0 72.0 623.0
124.0 565.0 129.0 560.0
211.0 609.0 217.0 609.0
362.0 241.0 379.0 241.0
334.0 217.0 352.0 217.0
155.0 497.0 161.0 493.0
124.0 563.0 129.0 560.0
155.0 495.0 162.0 493.0
239.0 512.0 246.0 513.0
202.0 577.0 207.0 576.0
59.0 176.0 73.0 170.0
86.0 178.0 99.0 172.0
369.0 173.0 387.0 173.0
203.0 577.0 207.0 576.0
342.0 217.0 359.0 214.0
335.0 216.0 353.0 217.0
60.0 177.0 73.0 170.0
91.0 497.0 98.0 491.0
240.0 513.0 247.0 513.0
335.0 218.0 352.0 216.0
58.0 178.0 73.0 170.0
240.0 512.0 247.0 513.0
170.0 138.0 186.0 129.0
60.0 176.0 73.0 170.0
59.0 178.0 73.0 170.0
171.0 138.0 186.0 129.0
162.0 635.0 166.0 631.0
162.0 634.0 166.0 631.0
186.0 627.0 190.0 627.0
69.0 630.0 72.0 623.0
174.0 502.0 181.0 498.0
86.0 177.0 99.0 172.0
261.0 107.0 276.0 102.0
58.0 176.0 73.0 170.0
99.0 621.0 102.0 614.0
241.0 513.0 247.0 513.0
154.0 544.0 158.0 541.0
156.0 597.0 158.0 594.0
344.0 217.0 359.0 214.0
91.0 496.0 98.0 489.0
187.0 628.0 190.0 627.0
175.0 501.0 181.0 498.0
79.0 372.0 87.0 366.0
154.0 497.0 161.0 493.0
128.0 597.0 132.0 593.0
186.0 628.0 190.0 627.0
153.0 545.0 157.0 542.0
203.0 578.0 207.0 576.0
59.0 177.0 73.0 170.0
173.0 501.0 181.0 498.0
98.0 620.0 102.0 614.0
155.0 496.0 161.0 493.0
211.0 608.0 217.0 609.0
92.0 497.0 98.0 491.0
173.0 500.0 181.0 498.0
174.0 501.0 181.0 498.0
369.0 172.0 387.0 173.0
26.0 581.0 30.0 572.0
155.0 597.0 158.0 594.0
198.0 65.0 217.0 57.0
241.0 512.0 247.0 513.0
154.0 496.0 161.0 493.0
199.0 65.0 217.0 57.0
368.0 172.0 387.0 173.0
152.0 545.0 157.0 542.0
97.0 620.0 102.0 614.0
202.0 578.0 208.0 578.0
198.0 64.0 217.0 57.0
25.0 581.0 30.0 572.0
154.0 597.0 158.0 594.0
93.0 497.0 98.0 491.0
48.0 33.0 67.0 22.0
155.0 599.0 159.0 595.0
174.0 537.0 180.0 535.0
154.0 545.0 158.0 541.0
27.0 582.0 31.0 572.0
155.0 598.0 158.0 594.0
124.0 566.0 129.0 560.0
98.0 621.0 102.0 614.0
212.0 608.0 217.0 609.0
172.0 138.0 188.0 129.0
395.0 83.0 414.0 80.0
154.0 598.0 158.0 594.0
199.0 64.0 217.0 57.0
173.0 138.0 189.0 129.0
361.0 241.0 379.0 241.0
172.0 137.0 188.0 129.0
367.0 173.0 386.0 173.0
200.0 64.0 217.0 57.0
156.0 598.0 158.0 594.0
197.0 593.0 200.0 592.0
78.0 372.0 87.0 366.0
99.0 622.0 102.0 614.0
256.0 518.0 262.0 519.0
152.0 544.0 157.0 542.0
362.0 242.0 379.0 241.0
92.0 496.0 98.0 489.0
26.0 582.0 30.0 572.0
170.0 136.0 188.0 129.0
153.0 544.0 158.0 541.0
153.0 598.0 159.0 595.0
93.0 496.0 97.0 490.0
217.0 572.0 222.0 572.0
151.0 544.0 157.0 542.0
367.0 172.0 386.0 173.0
170.0 137.0 186.0 129.0
41.0 532.0 43.0 526.0
154.0 495.0 161.0 493.0
94.0 497.0 98.0 491.0
195.0 592.0 200.0 592.0
396.0 82.0 414.0 80.0
94.0 496.0 98.0 491.0
25.0 582.0 30.0 572.0
332.0 86.0 353.0 82.0
395.0 82.0 414.0 80.0
368.0 171.0 387.0 173.0
98.0 622.0 102.0 614.0
137.0 548.0 141.0 545.0
138.0 548.0 141.0 545.0
77.0 373.0 86.0 366.0
394.0 82.0 414.0 80.0
196.0 593.0 199.0 592.0
136.0 548.0 141.0 545.0
171.0 137.0 188.0 129.0
97.0 621.0 102.0 614.0
37.0 557.0 42.0 545.0
78.0 373.0 87.0 366.0
41.0 533.0 43.0 526.0
40.0 533.0 43.0 526.0
171.0 136.0 188.0 129.0
152.0 543.0 158.0 541.0
173.0 137.0 189.0 129.0
136.0 549.0 141.0 545.0
256.0 519.0 262.0 519.0
394.0 83.0 414.0 80.0
257.0 518.0 262.0 519.0
256.0 517.0 262.0 518.0
172.0 136.0 188.0 129.0
152.0 473.0 160.0 468.0
257.0 517.0 262.0 518.0
137.0 549.0 141.0 545.0
47.0 33.0 67.0 22.0
258.0 518.0 263.0 519.0
138.0 549.0 141.0 545.0
136.0 474.0 143.0 471.0
151.0 473.0 160.0 468.0
361.0 242.0 379.0 241.0
134.0 475.0 142.0 470.0
215.0 573.0 221.0 572.0
443.0 363.0 455.0 368.0
196.0 594.0 199.0 592.0
216.0 574.0 221.0 572.0
258.0 519.0 264.0 520.0
332.0 87.0 353.0 82.0
23.0 542.0 28.0 531.0
136.0 475.0 143.0 471.0
216.0 572.0 222.0 572.0
257.0 519.0 263.0 520.0
361.0 294.0 375.0 297.0
216.0 573.0 221.0 572.0
393.0 82.0 412.0 80.0
153.0 471.0 161.0 468.0
134.0 474.0 142.0 470.0
195.0 593.0 199.0 592.0
217.0 573.0 221.0 572.0
331.0 86.0 353.0 82.0
135.0 474.0 142.0 470.0
151.0 472.0 160.0 468.0
331.0 85.0 353.0 82.0
36.0 319.0 48.0 315.0
361.0 295.0 375.0 297.0
398.0 266.0 412.0 266.0
186.0 74.0 197.0 61.0
153.0 472.0 161.0 468.0
258.0 517.0 263.0 519.0
362.0 295.0 375.0 297.0
363.0 294.0 375.0 297.0
37.0 318.0 48.0 315.0
399.0 266.0 412.0 266.0
362.0 294.0 375.0 297.0
135.0 475.0 143.0 471.0
217.0 574.0 221.0 572.0
195.0 547.0 201.0 545.0
331.0 87.0 353.0 82.0
37.0 317.0 48.0 315.0
152.0 472.0 161.0 468.0
152.0 471.0 161.0 468.0
135.0 476.0 143.0 471.0
3.0 79.0 2.0 84.0
2.0 79.0 2.0 84.0
400.0 267.0 412.0 266.0
185.0 75.0 197.0 61.0
36.0 318.0 48.0 315.0
35.0 536.0 43.0 526.0
400.0 266.0 412.0 266.0
2.0 78.0 2.0 84.0
35.0 318.0 48.0 315.0
3.0 78.0 2.0 84.0
363.0 295.0 375.0 297.0
36.0 317.0 48.0 315.0
186.0 76.0 197.0 61.0
186.0 75.0 197.0 61.0
47.0 450.0 53.0 441.0
399.0 267.0 412.0 266.0
47.0 451.0 53.0 441.0
17.0 455.0 26.0 445.0
398.0 267.0 412.0 267.0
35.0 317.0 48.0 315.0
187.0 74.0 197.0 61.0
13.0 407.0 20.0 398.0
398.0 268.0 412.0 268.0
16.0 253.0 29.0 244.0
8.0 529.0 13.0 518.0
47.0 452.0 53.0 441.0
13.0 408.0 20.0 398.0
7.0 529.0 13.0 518.0
370.0 125.0 385.0 123.0
399.0 268.0 412.0 268.0
187.0 75.0 197.0 61.0
6.0 528.0 13.0 518.0
355.0 105.0 376.0 102.0
356.0 105.0 376.0 102.0
17.0 456.0 26.0 445.0
16.0 252.0 29.0 243.0
8.0 528.0 13.0 518.0
47.0 449.0 53.0 441.0
7.0 528.0 13.0 518.0
15.0 253.0 29.0 243.0
15.0 252.0 29.0 243.0
14.0 253.0 28.0 244.0
15.0 254.0 29.0 243.0
35.0 537.0 28.0 531.0
14.0 407.0 20.0 398.0
14.0 408.0 20.0 398.0
43.0 416.0 51.0 408.0
355.0 106.0 376.0 102.0
16.0 456.0 26.0 445.0
42.0 415.0 51.0 408.0
354.0 106.0 376.0 102.0
370.0 124.0 384.0 122.0
36.0 316.0 48.0 315.0
15.0 408.0 20.0 398.0
42.0 416.0 51.0 408.0
356.0 106.0 376.0 102.0
14.0 252.0 29.0 243.0
18.0 456.0 26.0 445.0
18.0 455.0 26.0 445.0
371.0 125.0 385.0 123.0
370.0 123.0 384.0 122.0
371.0 124.0 385.0 123.0
10.0 561.0 11.0 541.0
22.0 393.0 31.0 383.0
192.0 509.0 180.0 499.0
10.0 562.0 11.0 541.0
193.0 508.0 180.0 499.0
371.0 123.0 385.0 123.0
192.0 508.0 180.0 499.0
192.0 507.0 181.0 498.0
447.0 113.0 473.0 110.0
449.0 111.0 473.0 110.0
448.0 114.0 473.0 110.0
448.0 113.0 473.0 110.0
447.0 111.0 473.0 110.0
449.0 113.0 473.0 110.0
463.0 208.0 465.0 156.0
449.0 112.0 473.0 110.0
463.0 207.0 465.0 156.0
447.0 112.0 473.0 110.0
448.0 111.0 473.0 110.0
19.0 317.0 14.0 381.0
448.0 112.0 473.0 110.0
464.0 209.0 465.0 156.0
462.0 208.0 465.0 156.0
464.0 208.0 465.0 156.0
464.0 207.0 466.0 157.0
463.0 209.0 465.0 156.0
22.0 93.0 32.0 87.0
446.0 112.0 473.0 110.0
473.0 298.0 465.0 285.0
22.0 94.0 32.0 87.0
16.0 98.0 32.0 87.0
144.0 590.0 146.0 575.0
463.0 210.0 465.0 156.0
462.0 209.0 465.0 156.0
19.0 353.0 11.0 338.0
463.0 230.0 465.0 285.0
21.0 438.0 26.0 445.0
20.0 353.0 11.0 338.0
20.0 352.0 11.0 338.0
