247.0 625.0 216.0 625.0
246.0 624.0 215.0 625.0
247.0 624.0 216.0 625.0
245.0 624.0 215.0 625.0
246.0 625.0 215.0 625.0
129.0 490.0 102.0 488.0
245.0 625.0 215.0 625.0
414.0 522.0 387.0 529.0
283.0 521.0 255.0 526.0
100.0 261.0 80.0 254.0
327.0 118.0 317.0 115.0
95.0 346.0 70.0 340.0
128.0 491.0 102.0 488.0
204.0 436.0 180.0 436.0
310.0 393.0 290.0 397.0
329.0 118.0 317.0 115.0
101.0 260.0 80.0 254.0
128.0 490.0 102.0 488.0
101.0 261.0 80.0 254.0
204.0 437.0 180.0 436.0
150.0 590.0 124.0 589.0
335.0 361.0 313.0 366.0
328.0 118.0 317.0 115.0
127.0 490.0 102.0 487.0
311.0 393.0 290.0 397.0
241.0 429.0 217.0 430.0
335.0 360.0 313.0 366.0
286.0 537.0 259.0 542.0
120.0 259.0 99.0 252.0
282.0 521.0 255.0 526.0
415.0 522.0 387.0 529.0
336.0 361.0 313.0 366.0
122.0 259.0 100.0 252.0
97.0 560.0 69.0 557.0
311.0 392.0 290.0 397.0
178.0 546.0 156.0 545.0
328.0 119.0 317.0 116.0
275.0 405.0 252.0 408.0
150.0 589.0 124.0 588.0
129.0 491.0 102.0 488.0
287.0 538.0 259.0 542.0
313.0 393.0 290.0 397.0
312.0 392.0 290.0 397.0
329.0 119.0 318.0 116.0
310.0 513.0 284.0 518.0
205.0 437.0 180.0 436.0
203.0 437.0 179.0 436.0
94.0 346.0 70.0 340.0
286.0 538.0 259.0 542.0
120.0 260.0 99.0 252.0
312.0 394.0 291.0 398.0
240.0 429.0 217.0 430.0
311.0 394.0 290.0 397.0
415.0 521.0 387.0 529.0
292.0 153.0 281.0 152.0
168.0 565.0 141.0 566.0
284.0 521.0 255.0 526.0
282.0 520.0 254.0 526.0
98.0 560.0 69.0 557.0
312.0 393.0 290.0 397.0
285.0 423.0 262.0 429.0
121.0 259.0 99.0 252.0
169.0 565.0 141.0 566.0
293.0 154.0 281.0 152.0
283.0 520.0 255.0 526.0
416.0 521.0 389.0 529.0
187.0 372.0 165.0 371.0
96.0 560.0 69.0 557.0
293.0 153.0 281.0 152.0
306.0 431.0 282.0 435.0
168.0 566.0 141.0 566.0
122.0 260.0 100.0 253.0
98.0 561.0 69.0 557.0
188.0 372.0 165.0 371.0
286.0 423.0 262.0 429.0
127.0 582.0 100.0 580.0
121.0 260.0 99.0 252.0
106.0 525.0 79.0 521.0
281.0 520.0 254.0 526.0
286.0 422.0 262.0 429.0
274.0 405.0 252.0 408.0
336.0 360.0 313.0 366.0
374.0 17.0 366.0 16.0
284.0 520.0 256.0 526.0
292.0 154.0 281.0 153.0
400.0 564.0 371.0 574.0
97.0 561.0 69.0 557.0
119.0 260.0 99.0 252.0
286.0 424.0 262.0 429.0
168.0 567.0 141.0 566.0
276.0 405.0 253.0 409.0
287.0 422.0 263.0 428.0
307.0 431.0 282.0 435.0
274.0 364.0 253.0 367.0
105.0 525.0 79.0 521.0
337.0 360.0 313.0 366.0
123.0 515.0 98.0 513.0
170.0 566.0 141.0 566.0
210.0 610.0 182.0 610.0
151.0 590.0 124.0 589.0
210.0 609.0 182.0 610.0
132.0 353.0 108.0 347.0
399.0 564.0 371.0 574.0
277.0 405.0 254.0 409.0
401.0 564.0 371.0 574.0
304.0 431.0 282.0 435.0
128.0 582.0 100.0 580.0
169.0 566.0 141.0 566.0
294.0 154.0 281.0 152.0
294.0 153.0 281.0 152.0
401.0 565.0 373.0 574.0
119.0 259.0 99.0 252.0
178.0 499.0 154.0 499.0
169.0 567.0 141.0 566.0
285.0 537.0 259.0 542.0
141.0 574.0 113.0 573.0
104.0 525.0 79.0 521.0
127.0 583.0 100.0 580.0
70.0 85.0 50.0 71.0
320.0 422.0 298.0 427.0
132.0 352.0 108.0 347.0
178.0 500.0 154.0 499.0
151.0 589.0 124.0 588.0
285.0 538.0 259.0 542.0
307.0 45.0 299.0 41.0
152.0 590.0 124.0 589.0
287.0 423.0 263.0 429.0
286.0 539.0 259.0 542.0
177.0 546.0 154.0 545.0
177.0 499.0 154.0 499.0
239.0 429.0 217.0 430.0
309.0 579.0 281.0 584.0
187.0 371.0 165.0 370.0
163.0 485.0 140.0 483.0
399.0 565.0 371.0 574.0
156.0 519.0 128.0 518.0
123.0 516.0 98.0 513.0
374.0 18.0 366.0 16.0
104.0 526.0 78.0 522.0
400.0 565.0 371.0 574.0
153.0 402.0 130.0 399.0
172.0 516.0 143.0 515.0
317.0 512.0 286.0 518.0
156.0 520.0 128.0 518.0
187.0 373.0 165.0 371.0
239.0 430.0 217.0 431.0
274.0 365.0 253.0 367.0
316.0 512.0 286.0 518.0
337.0 359.0 315.0 365.0
122.0 516.0 98.0 513.0
155.0 520.0 128.0 518.0
140.0 574.0 112.0 572.0
361.0 397.0 337.0 403.0
275.0 365.0 253.0 367.0
192.0 512.0 166.0 511.0
186.0 372.0 165.0 371.0
326.0 38.0 316.0 32.0
128.0 583.0 100.0 580.0
124.0 573.0 96.0 571.0
133.0 474.0 108.0 472.0
70.0 86.0 51.0 72.0
209.0 609.0 182.0 610.0
124.0 572.0 96.0 571.0
401.0 566.0 373.0 574.0
125.0 572.0 96.0 571.0
167.0 582.0 139.0 582.0
320.0 421.0 298.0 427.0
275.0 364.0 253.0 367.0
400.0 566.0 373.0 574.0
105.0 526.0 78.0 522.0
285.0 539.0 259.0 542.0
69.0 86.0 50.0 71.0
310.0 579.0 283.0 585.0
69.0 85.0 50.0 71.0
360.0 397.0 337.0 403.0
133.0 353.0 108.0 347.0
349.0 382.0 328.0 389.0
134.0 474.0 108.0 472.0
375.0 18.0 366.0 16.0
140.0 573.0 112.0 572.0
122.0 515.0 98.0 513.0
192.0 513.0 166.0 511.0
375.0 17.0 366.0 16.0
68.0 84.0 50.0 71.0
310.0 578.0 283.0 585.0
193.0 515.0 166.0 512.0
193.0 514.0 166.0 511.0
152.0 402.0 129.0 399.0
359.0 397.0 337.0 403.0
317.0 511.0 286.0 518.0
138.0 382.0 114.0 378.0
287.0 424.0 262.0 429.0
151.0 402.0 129.0 399.0
125.0 573.0 96.0 571.0
69.0 84.0 50.0 71.0
349.0 383.0 328.0 389.0
210.0 608.0 182.0 610.0
360.0 396.0 337.0 403.0
137.0 382.0 114.0 378.0
276.0 364.0 253.0 367.0
192.0 514.0 166.0 512.0
171.0 516.0 143.0 515.0
404.0 604.0 374.0 613.0
68.0 85.0 50.0 71.0
171.0 515.0 143.0 515.0
153.0 403.0 129.0 399.0
138.0 383.0 114.0 378.0
137.0 383.0 114.0 378.0
83.0 345.0 59.0 338.0
399.0 566.0 372.0 574.0
68.0 83.0 50.0 71.0
186.0 371.0 165.0 370.0
337.0 620.0 307.0 626.0
194.0 515.0 166.0 512.0
309.0 577.0 281.0 584.0
359.0 396.0 337.0 403.0
403.0 604.0 374.0 613.0
171.0 517.0 143.0 515.0
186.0 373.0 165.0 371.0
309.0 578.0 281.0 584.0
286.0 73.0 276.0 66.0
155.0 519.0 128.0 518.0
193.0 513.0 166.0 511.0
238.0 429.0 217.0 430.0
185.0 372.0 165.0 371.0
134.0 353.0 109.0 347.0
140.0 575.0 113.0 573.0
133.0 352.0 109.0 347.0
318.0 511.0 286.0 518.0
139.0 574.0 112.0 572.0
331.0 533.0 303.0 541.0
405.0 604.0 374.0 612.0
404.0 603.0 374.0 612.0
238.0 430.0 217.0 431.0
337.0 619.0 307.0 626.0
403.0 603.0 374.0 613.0
164.0 485.0 139.0 483.0
298.0 96.0 284.0 90.0
222.0 501.0 192.0 506.0
327.0 38.0 316.0 32.0
348.0 382.0 328.0 389.0
286.0 74.0 276.0 66.0
139.0 573.0 112.0 572.0
311.0 578.0 283.0 585.0
152.0 403.0 129.0 399.0
165.0 439.0 142.0 438.0
437.0 46.0 430.0 48.0
134.0 352.0 109.0 347.0
405.0 603.0 374.0 612.0
83.0 344.0 59.0 338.0
151.0 403.0 129.0 399.0
329.0 534.0 303.0 541.0
185.0 373.0 165.0 371.0
311.0 545.0 285.0 543.0
437.0 47.0 430.0 48.0
164.0 486.0 139.0 484.0
330.0 533.0 303.0 541.0
310.0 577.0 281.0 584.0
436.0 47.0 430.0 48.0
269.0 546.0 243.0 547.0
459.0 24.0 451.0 26.0
136.0 382.0 114.0 378.0
136.0 381.0 114.0 378.0
269.0 545.0 243.0 547.0
458.0 23.0 451.0 26.0
330.0 534.0 303.0 541.0
460.0 24.0 451.0 26.0
222.0 500.0 192.0 506.0
166.0 439.0 142.0 438.0
311.0 577.0 283.0 585.0
170.0 516.0 143.0 515.0
328.0 38.0 316.0 32.0
143.0 366.0 123.0 362.0
348.0 383.0 328.0 389.0
347.0 383.0 328.0 389.0
459.0 23.0 451.0 26.0
348.0 381.0 328.0 389.0
331.0 534.0 303.0 541.0
237.0 429.0 217.0 430.0
273.0 97.0 262.0 91.0
458.0 22.0 451.0 26.0
347.0 382.0 328.0 389.0
330.0 535.0 303.0 541.0
332.0 534.0 303.0 541.0
460.0 23.0 451.0 25.0
461.0 22.0 451.0 25.0
143.0 367.0 123.0 362.0
327.0 39.0 316.0 32.0
461.0 23.0 451.0 25.0
460.0 22.0 451.0 25.0
331.0 535.0 303.0 541.0
370.0 560.0 342.0 570.0
348.0 581.0 319.0 587.0
125.0 21.0 113.0 8.0
459.0 22.0 451.0 25.0
346.0 382.0 326.0 389.0
459.0 21.0 451.0 25.0
370.0 561.0 341.0 569.0
273.0 98.0 262.0 91.0
347.0 581.0 319.0 587.0
124.0 22.0 113.0 8.0
347.0 381.0 328.0 389.0
369.0 561.0 341.0 569.0
45.0 456.0 22.0 452.0
126.0 22.0 113.0 8.0
237.0 430.0 217.0 430.0
136.0 491.0 103.0 488.0
124.0 23.0 113.0 8.0
125.0 22.0 113.0 8.0
59.0 231.0 37.0 218.0
47.0 457.0 23.0 453.0
47.0 458.0 23.0 453.0
60.0 230.0 37.0 218.0
274.0 98.0 262.0 91.0
46.0 456.0 23.0 453.0
319.0 602.0 284.0 601.0
366.0 134.0 333.0 142.0
349.0 581.0 319.0 587.0
46.0 457.0 23.0 453.0
14.0 637.0 14.0 628.0
367.0 134.0 333.0 142.0
46.0 458.0 23.0 453.0
69.0 543.0 41.0 539.0
120.0 17.0 113.0 8.0
369.0 562.0 341.0 569.0
45.0 457.0 23.0 453.0
365.0 134.0 333.0 142.0
366.0 135.0 333.0 142.0
119.0 16.0 112.0 7.0
60.0 231.0 37.0 218.0
15.0 637.0 14.0 628.0
347.0 582.0 319.0 587.0
119.0 17.0 113.0 8.0
125.0 23.0 113.0 8.0
120.0 16.0 112.0 7.0
349.0 582.0 319.0 587.0
126.0 23.0 113.0 8.0
59.0 230.0 37.0 218.0
42.0 631.0 16.0 628.0
365.0 135.0 333.0 142.0
59.0 229.0 37.0 218.0
42.0 632.0 16.0 628.0
348.0 582.0 319.0 587.0
16.0 636.0 14.0 628.0
43.0 631.0 16.0 628.0
16.0 637.0 14.0 628.0
43.0 632.0 16.0 627.0
43.0 633.0 16.0 627.0
46.0 330.0 24.0 321.0
47.0 331.0 24.0 321.0
48.0 331.0 24.0 321.0
430.0 70.0 424.0 72.0
47.0 330.0 24.0 321.0
47.0 329.0 24.0 321.0
47.0 328.0 24.0 321.0
430.0 69.0 424.0 72.0
48.0 329.0 24.0 321.0
48.0 330.0 24.0 321.0
46.0 329.0 24.0 321.0
49.0 330.0 24.0 321.0
44.0 226.0 20.0 212.0
53.0 544.0 40.0 539.0
60.0 572.0 31.0 567.0
43.0 227.0 20.0 212.0
49.0 329.0 24.0 321.0
51.0 544.0 40.0 539.0
61.0 573.0 31.0 567.0
61.0 572.0 31.0 567.0
43.0 226.0 20.0 212.0
62.0 573.0 31.0 567.0
38.0 295.0 16.0 285.0
52.0 544.0 40.0 539.0
38.0 294.0 16.0 285.0
37.0 295.0 16.0 285.0
52.0 545.0 40.0 539.0
53.0 545.0 40.0 539.0
69.0 103.0 63.0 85.0
51.0 545.0 40.0 539.0
68.0 101.0 63.0 85.0
79.0 548.0 41.0 539.0
69.0 101.0 63.0 85.0
67.0 101.0 63.0 85.0
52.0 546.0 40.0 539.0
321.0 618.0 284.0 601.0
53.0 546.0 40.0 539.0
69.0 102.0 63.0 85.0
68.0 103.0 63.0 85.0
78.0 549.0 41.0 539.0
68.0 102.0 63.0 85.0
