345.0 105.0 367.0 95.0
346.0 105.0 367.0 95.0
395.0 93.0 416.0 81.0
269.0 34.0 287.0 27.0
395.0 94.0 416.0 81.0
345.0 106.0 367.0 95.0
396.0 93.0 416.0 81.0
396.0 92.0 416.0 81.0
148.0 228.0 171.0 220.0
346.0 106.0 367.0 95.0
148.0 229.0 170.0 221.0
270.0 34.0 287.0 27.0
148.0 227.0 171.0 220.0
147.0 228.0 170.0 221.0
149.0 228.0 171.0 220.0
395.0 92.0 416.0 81.0
340.0 308.0 363.0 298.0
149.0 229.0 171.0 220.0
269.0 35.0 287.0 27.0
297.0 65.0 314.0 60.0
150.0 226.0 171.0 220.0
149.0 227.0 171.0 220.0
373.0 69.0 395.0 55.0
344.0 105.0 366.0 94.0
373.0 67.0 396.0 55.0
394.0 93.0 416.0 81.0
275.0 238.0 297.0 228.0
345.0 107.0 367.0 95.0
269.0 36.0 287.0 27.0
401.0 527.0 422.0 517.0
149.0 226.0 171.0 220.0
373.0 68.0 396.0 55.0
296.0 96.0 315.0 87.0
270.0 35.0 287.0 27.0
344.0 106.0 367.0 95.0
336.0 356.0 355.0 348.0
269.0 37.0 287.0 27.0
268.0 36.0 287.0 27.0
399.0 528.0 422.0 517.0
150.0 227.0 171.0 220.0
339.0 308.0 363.0 298.0
245.0 547.0 268.0 535.0
149.0 205.0 171.0 199.0
370.0 68.0 389.0 57.0
269.0 38.0 287.0 27.0
150.0 228.0 171.0 220.0
268.0 35.0 287.0 27.0
372.0 68.0 396.0 55.0
372.0 67.0 396.0 55.0
400.0 528.0 422.0 517.0
393.0 281.0 414.0 272.0
343.0 106.0 366.0 94.0
336.0 355.0 355.0 348.0
110.0 102.0 133.0 93.0
268.0 37.0 287.0 27.0
362.0 293.0 384.0 284.0
335.0 355.0 355.0 348.0
150.0 204.0 171.0 199.0
344.0 107.0 367.0 95.0
110.0 105.0 133.0 93.0
211.0 585.0 237.0 571.0
110.0 104.0 133.0 93.0
297.0 66.0 314.0 60.0
336.0 354.0 355.0 348.0
372.0 69.0 395.0 55.0
335.0 356.0 355.0 348.0
149.0 204.0 171.0 199.0
149.0 255.0 170.0 247.0
246.0 548.0 268.0 536.0
321.0 69.0 338.0 61.0
212.0 585.0 237.0 571.0
150.0 205.0 171.0 199.0
339.0 309.0 363.0 298.0
150.0 203.0 171.0 199.0
324.0 420.0 345.0 412.0
150.0 206.0 171.0 199.0
325.0 420.0 345.0 412.0
115.0 189.0 137.0 182.0
354.0 355.0 377.0 347.0
371.0 69.0 389.0 57.0
356.0 356.0 377.0 347.0
337.0 355.0 356.0 348.0
321.0 70.0 338.0 61.0
221.0 557.0 243.0 542.0
361.0 292.0 383.0 283.0
334.0 354.0 355.0 347.0
335.0 354.0 355.0 347.0
371.0 67.0 394.0 55.0
110.0 103.0 133.0 93.0
325.0 421.0 345.0 412.0
343.0 107.0 367.0 95.0
297.0 96.0 315.0 87.0
371.0 68.0 394.0 55.0
355.0 355.0 377.0 347.0
268.0 38.0 287.0 27.0
298.0 64.0 314.0 60.0
356.0 354.0 377.0 347.0
320.0 70.0 338.0 61.0
356.0 355.0 377.0 347.0
355.0 356.0 377.0 347.0
371.0 411.0 390.0 402.0
392.0 281.0 414.0 272.0
111.0 103.0 133.0 93.0
369.0 412.0 390.0 403.0
246.0 546.0 268.0 535.0
114.0 189.0 137.0 183.0
326.0 421.0 345.0 412.0
78.0 262.0 102.0 256.0
318.0 69.0 336.0 62.0
112.0 259.0 135.0 253.0
233.0 578.0 254.0 566.0
113.0 258.0 134.0 252.0
370.0 411.0 390.0 402.0
334.0 355.0 355.0 348.0
220.0 557.0 243.0 542.0
361.0 293.0 384.0 284.0
150.0 253.0 170.0 247.0
401.0 528.0 422.0 518.0
246.0 547.0 268.0 535.0
324.0 421.0 345.0 412.0
319.0 311.0 338.0 304.0
400.0 529.0 422.0 518.0
319.0 69.0 337.0 61.0
350.0 301.0 370.0 293.0
403.0 528.0 424.0 518.0
402.0 528.0 424.0 518.0
154.0 274.0 174.0 268.0
401.0 529.0 422.0 518.0
370.0 412.0 390.0 403.0
151.0 204.0 171.0 199.0
211.0 414.0 235.0 403.0
211.0 586.0 237.0 571.0
77.0 262.0 102.0 256.0
114.0 258.0 134.0 252.0
348.0 180.0 368.0 172.0
320.0 365.0 340.0 357.0
402.0 529.0 424.0 518.0
212.0 414.0 235.0 403.0
298.0 65.0 314.0 60.0
368.0 411.0 389.0 402.0
369.0 410.0 389.0 402.0
150.0 254.0 172.0 247.0
150.0 255.0 172.0 247.0
78.0 261.0 102.0 256.0
302.0 322.0 322.0 315.0
298.0 66.0 314.0 60.0
151.0 205.0 171.0 199.0
318.0 70.0 336.0 62.0
354.0 354.0 377.0 347.0
317.0 311.0 336.0 304.0
114.0 188.0 136.0 181.0
113.0 189.0 137.0 183.0
318.0 158.0 338.0 148.0
370.0 410.0 391.0 402.0
78.0 239.0 99.0 231.0
369.0 411.0 389.0 402.0
434.0 46.0 455.0 35.0
318.0 71.0 336.0 62.0
79.0 261.0 102.0 256.0
151.0 254.0 172.0 247.0
247.0 547.0 268.0 535.0
113.0 259.0 135.0 253.0
349.0 301.0 370.0 293.0
320.0 69.0 337.0 61.0
80.0 260.0 102.0 256.0
368.0 410.0 389.0 402.0
303.0 321.0 322.0 315.0
113.0 188.0 136.0 181.0
350.0 183.0 370.0 173.0
355.0 354.0 377.0 347.0
153.0 274.0 174.0 268.0
110.0 237.0 133.0 229.0
79.0 238.0 99.0 231.0
318.0 311.0 336.0 304.0
368.0 412.0 390.0 403.0
402.0 396.0 422.0 388.0
319.0 365.0 340.0 357.0
111.0 237.0 133.0 229.0
340.0 397.0 362.0 388.0
317.0 312.0 336.0 304.0
154.0 275.0 174.0 268.0
210.0 586.0 237.0 571.0
303.0 322.0 322.0 315.0
151.0 255.0 171.0 249.0
80.0 261.0 102.0 256.0
78.0 238.0 99.0 231.0
299.0 65.0 314.0 60.0
79.0 262.0 102.0 256.0
401.0 395.0 422.0 388.0
323.0 421.0 345.0 412.0
150.0 256.0 171.0 249.0
319.0 70.0 337.0 61.0
323.0 24.0 341.0 21.0
113.0 260.0 135.0 253.0
238.0 593.0 262.0 579.0
348.0 181.0 368.0 172.0
230.0 468.0 253.0 458.0
211.0 394.0 235.0 384.0
413.0 157.0 434.0 147.0
152.0 254.0 172.0 247.0
155.0 275.0 174.0 268.0
318.0 366.0 340.0 357.0
435.0 46.0 456.0 34.0
247.0 546.0 268.0 535.0
325.0 216.0 345.0 209.0
152.0 274.0 174.0 269.0
151.0 253.0 172.0 247.0
237.0 593.0 262.0 579.0
152.0 253.0 172.0 247.0
325.0 217.0 345.0 209.0
238.0 592.0 262.0 577.0
302.0 323.0 322.0 315.0
239.0 592.0 262.0 577.0
114.0 259.0 135.0 253.0
211.0 395.0 235.0 384.0
152.0 275.0 174.0 269.0
403.0 396.0 423.0 388.0
111.0 236.0 133.0 229.0
412.0 158.0 434.0 147.0
398.0 342.0 419.0 334.0
80.0 262.0 102.0 256.0
228.0 551.0 253.0 538.0
350.0 182.0 369.0 173.0
340.0 398.0 362.0 388.0
299.0 66.0 314.0 60.0
318.0 312.0 338.0 304.0
356.0 446.0 375.0 438.0
319.0 71.0 337.0 61.0
402.0 395.0 422.0 388.0
231.0 469.0 253.0 458.0
318.0 157.0 338.0 148.0
349.0 183.0 369.0 173.0
350.0 181.0 369.0 173.0
229.0 552.0 253.0 538.0
229.0 550.0 253.0 538.0
397.0 343.0 419.0 334.0
122.0 358.0 145.0 347.0
112.0 236.0 133.0 229.0
151.0 256.0 171.0 249.0
349.0 182.0 369.0 173.0
152.0 276.0 174.0 269.0
349.0 181.0 369.0 173.0
112.0 237.0 133.0 230.0
114.0 260.0 135.0 253.0
151.0 252.0 172.0 247.0
326.0 218.0 346.0 209.0
397.0 344.0 419.0 334.0
230.0 470.0 253.0 458.0
231.0 611.0 255.0 597.0
113.0 236.0 133.0 230.0
348.0 182.0 368.0 173.0
398.0 343.0 419.0 334.0
413.0 158.0 434.0 147.0
348.0 183.0 368.0 173.0
398.0 344.0 419.0 334.0
230.0 469.0 253.0 458.0
153.0 276.0 174.0 269.0
436.0 45.0 457.0 34.0
153.0 275.0 174.0 269.0
321.0 623.0 340.0 611.0
403.0 395.0 423.0 388.0
212.0 394.0 235.0 384.0
152.0 255.0 171.0 249.0
229.0 551.0 253.0 538.0
402.0 394.0 422.0 388.0
411.0 158.0 434.0 147.0
356.0 445.0 375.0 438.0
404.0 395.0 423.0 388.0
339.0 398.0 362.0 388.0
300.0 65.0 314.0 60.0
357.0 446.0 375.0 438.0
121.0 313.0 144.0 304.0
320.0 622.0 340.0 611.0
326.0 216.0 345.0 209.0
326.0 217.0 345.0 209.0
238.0 595.0 262.0 579.0
239.0 593.0 262.0 579.0
212.0 395.0 235.0 384.0
436.0 46.0 457.0 34.0
319.0 622.0 340.0 611.0
412.0 157.0 434.0 147.0
435.0 45.0 456.0 34.0
412.0 156.0 434.0 147.0
232.0 611.0 256.0 598.0
122.0 359.0 145.0 347.0
411.0 157.0 434.0 147.0
229.0 470.0 253.0 458.0
412.0 418.0 434.0 410.0
230.0 551.0 253.0 539.0
413.0 419.0 434.0 410.0
327.0 216.0 345.0 209.0
320.0 623.0 340.0 611.0
317.0 157.0 337.0 148.0
213.0 394.0 235.0 384.0
382.0 285.0 413.0 272.0
122.0 312.0 144.0 304.0
327.0 217.0 345.0 209.0
403.0 394.0 422.0 388.0
238.0 594.0 262.0 579.0
240.0 592.0 262.0 577.0
413.0 418.0 434.0 410.0
362.0 171.0 386.0 159.0
240.0 593.0 262.0 579.0
112.0 235.0 133.0 229.0
120.0 313.0 144.0 304.0
414.0 419.0 434.0 410.0
317.0 158.0 338.0 148.0
300.0 66.0 314.0 60.0
121.0 311.0 144.0 304.0
363.0 170.0 386.0 159.0
414.0 418.0 434.0 410.0
121.0 312.0 144.0 304.0
328.0 216.0 346.0 207.0
320.0 624.0 340.0 611.0
122.0 360.0 145.0 347.0
239.0 595.0 262.0 579.0
231.0 612.0 255.0 597.0
412.0 419.0 434.0 410.0
320.0 625.0 340.0 611.0
319.0 623.0 340.0 611.0
358.0 445.0 375.0 438.0
357.0 445.0 375.0 438.0
230.0 631.0 252.0 621.0
239.0 594.0 262.0 579.0
361.0 171.0 386.0 159.0
381.0 285.0 413.0 272.0
120.0 312.0 144.0 304.0
14.0 181.0 36.0 176.0
459.0 602.0 461.0 597.0
417.0 436.0 436.0 428.0
15.0 181.0 36.0 176.0
230.0 632.0 252.0 621.0
231.0 613.0 255.0 599.0
13.0 181.0 35.0 176.0
319.0 624.0 340.0 611.0
232.0 612.0 255.0 597.0
362.0 170.0 386.0 159.0
416.0 436.0 436.0 428.0
414.0 121.0 436.0 111.0
460.0 602.0 461.0 597.0
240.0 595.0 262.0 579.0
15.0 182.0 36.0 176.0
231.0 614.0 255.0 599.0
319.0 625.0 340.0 611.0
240.0 594.0 262.0 579.0
415.0 120.0 436.0 111.0
415.0 118.0 436.0 111.0
415.0 121.0 436.0 111.0
416.0 121.0 436.0 111.0
14.0 182.0 36.0 176.0
362.0 169.0 386.0 159.0
416.0 118.0 436.0 111.0
414.0 120.0 436.0 111.0
232.0 613.0 256.0 598.0
415.0 119.0 436.0 111.0
380.0 285.0 413.0 272.0
418.0 525.0 440.0 515.0
416.0 120.0 436.0 111.0
353.0 399.0 364.0 388.0
361.0 170.0 386.0 159.0
353.0 398.0 364.0 388.0
416.0 119.0 436.0 111.0
231.0 632.0 252.0 621.0
293.0 191.0 314.0 184.0
294.0 192.0 314.0 184.0
414.0 119.0 436.0 111.0
354.0 399.0 364.0 388.0
42.0 208.0 64.0 202.0
294.0 191.0 316.0 184.0
293.0 192.0 314.0 184.0
292.0 192.0 314.0 184.0
440.0 150.0 464.0 139.0
333.0 385.0 364.0 388.0
308.0 83.0 337.0 62.0
40.0 207.0 64.0 202.0
307.0 84.0 337.0 62.0
41.0 208.0 64.0 202.0
307.0 83.0 337.0 62.0
307.0 85.0 337.0 62.0
308.0 85.0 337.0 62.0
238.0 574.0 255.0 565.0
308.0 84.0 337.0 62.0
38.0 208.0 64.0 202.0
354.0 398.0 364.0 388.0
39.0 208.0 64.0 202.0
83.0 191.0 114.0 185.0
39.0 207.0 64.0 202.0
40.0 208.0 64.0 202.0
355.0 399.0 389.0 402.0
381.0 133.0 412.0 119.0
373.0 607.0 404.0 594.0
381.0 134.0 412.0 119.0
373.0 608.0 404.0 594.0
374.0 607.0 404.0 594.0
374.0 609.0 404.0 594.0
123.0 375.0 146.0 347.0
335.0 439.0 362.0 428.0
289.0 81.0 314.0 60.0
123.0 374.0 146.0 347.0
373.0 609.0 404.0 594.0
374.0 608.0 404.0 594.0
375.0 608.0 404.0 594.0
398.0 411.0 422.0 389.0
398.0 410.0 422.0 389.0
380.0 133.0 412.0 119.0
288.0 82.0 314.0 60.0
397.0 411.0 422.0 389.0
425.0 408.0 435.0 410.0
397.0 294.0 414.0 273.0
380.0 134.0 412.0 119.0
373.0 610.0 404.0 594.0
334.0 439.0 362.0 428.0
289.0 82.0 314.0 60.0
383.0 116.0 414.0 101.0
288.0 83.0 314.0 60.0
426.0 408.0 435.0 410.0
288.0 332.0 322.0 314.0
