315.0 226.0 306.0 206.0
310.0 94.0 307.0 66.0
175.0 495.0 160.0 466.0
311.0 94.0 307.0 66.0
310.0 93.0 307.0 66.0
175.0 496.0 160.0 466.0
311.0 93.0 307.0 66.0
316.0 226.0 306.0 206.0
279.0 465.0 264.0 438.0
278.0 465.0 263.0 438.0
194.0 506.0 179.0 476.0
324.0 308.0 315.0 285.0
100.0 90.0 91.0 57.0
360.0 445.0 343.0 420.0
260.0 426.0 246.0 398.0
250.0 499.0 234.0 470.0
359.0 446.0 343.0 420.0
359.0 445.0 343.0 420.0
249.0 497.0 233.0 468.0
317.0 226.0 306.0 206.0
325.0 308.0 315.0 285.0
324.0 307.0 315.0 285.0
251.0 499.0 234.0 470.0
251.0 498.0 234.0 470.0
277.0 465.0 263.0 438.0
358.0 446.0 343.0 420.0
239.0 540.0 223.0 510.0
279.0 464.0 265.0 438.0
147.0 462.0 133.0 433.0
250.0 497.0 234.0 467.0
311.0 92.0 307.0 66.0
268.0 482.0 253.0 454.0
278.0 463.0 264.0 436.0
324.0 306.0 314.0 284.0
355.0 423.0 340.0 398.0
360.0 446.0 344.0 421.0
241.0 540.0 225.0 510.0
230.0 500.0 214.0 470.0
312.0 92.0 307.0 66.0
240.0 538.0 224.0 509.0
240.0 540.0 224.0 511.0
316.0 227.0 306.0 206.0
260.0 424.0 246.0 398.0
381.0 285.0 371.0 265.0
310.0 92.0 307.0 66.0
259.0 426.0 245.0 399.0
358.0 447.0 344.0 421.0
175.0 497.0 160.0 466.0
311.0 91.0 307.0 66.0
249.0 499.0 233.0 469.0
312.0 93.0 308.0 66.0
174.0 363.0 162.0 336.0
99.0 91.0 91.0 57.0
239.0 539.0 223.0 509.0
359.0 447.0 344.0 421.0
325.0 307.0 315.0 285.0
146.0 461.0 133.0 433.0
149.0 309.0 138.0 285.0
98.0 90.0 91.0 57.0
291.0 218.0 284.0 194.0
175.0 362.0 163.0 335.0
164.0 414.0 150.0 388.0
220.0 362.0 208.0 337.0
353.0 422.0 338.0 397.0
100.0 91.0 91.0 57.0
100.0 92.0 91.0 59.0
380.0 285.0 371.0 265.0
251.0 497.0 234.0 467.0
278.0 464.0 264.0 436.0
174.0 362.0 162.0 336.0
260.0 425.0 246.0 398.0
147.0 461.0 133.0 433.0
175.0 363.0 163.0 335.0
355.0 422.0 340.0 398.0
421.0 249.0 415.0 230.0
276.0 464.0 263.0 437.0
99.0 92.0 91.0 59.0
149.0 310.0 140.0 285.0
269.0 483.0 253.0 454.0
99.0 90.0 91.0 57.0
241.0 539.0 224.0 511.0
354.0 424.0 339.0 399.0
231.0 500.0 216.0 471.0
376.0 440.0 360.0 416.0
98.0 91.0 91.0 59.0
354.0 423.0 339.0 399.0
240.0 539.0 224.0 509.0
292.0 219.0 285.0 195.0
229.0 500.0 214.0 470.0
318.0 226.0 306.0 206.0
277.0 463.0 263.0 437.0
250.0 498.0 234.0 470.0
176.0 365.0 163.0 338.0
354.0 422.0 339.0 399.0
310.0 91.0 307.0 66.0
277.0 464.0 263.0 437.0
175.0 364.0 164.0 337.0
176.0 364.0 164.0 337.0
259.0 425.0 246.0 398.0
422.0 250.0 415.0 230.0
249.0 498.0 233.0 468.0
174.0 364.0 162.0 336.0
317.0 227.0 306.0 206.0
380.0 284.0 371.0 265.0
293.0 218.0 285.0 195.0
147.0 460.0 133.0 433.0
360.0 447.0 344.0 421.0
193.0 506.0 179.0 476.0
333.0 320.0 321.0 299.0
269.0 484.0 253.0 455.0
260.0 196.0 255.0 170.0
267.0 353.0 251.0 328.0
337.0 299.0 326.0 274.0
262.0 195.0 255.0 170.0
261.0 195.0 255.0 169.0
291.0 219.0 284.0 195.0
261.0 197.0 255.0 170.0
229.0 498.0 214.0 469.0
379.0 284.0 371.0 265.0
358.0 448.0 344.0 421.0
150.0 309.0 140.0 285.0
157.0 340.0 145.0 315.0
229.0 499.0 214.0 470.0
231.0 499.0 214.0 470.0
262.0 196.0 255.0 170.0
261.0 196.0 255.0 170.0
353.0 423.0 338.0 397.0
163.0 412.0 150.0 387.0
163.0 414.0 150.0 387.0
292.0 218.0 285.0 195.0
163.0 413.0 150.0 387.0
164.0 413.0 150.0 387.0
259.0 424.0 246.0 398.0
356.0 243.0 347.0 222.0
209.0 334.0 199.0 309.0
338.0 298.0 326.0 274.0
175.0 365.0 162.0 337.0
153.0 122.0 146.0 93.0
268.0 354.0 257.0 329.0
220.0 361.0 208.0 336.0
174.0 365.0 162.0 337.0
333.0 321.0 321.0 299.0
164.0 412.0 150.0 387.0
175.0 366.0 162.0 337.0
337.0 298.0 326.0 274.0
193.0 505.0 179.0 476.0
146.0 460.0 133.0 433.0
218.0 403.0 205.0 378.0
230.0 499.0 214.0 470.0
210.0 333.0 199.0 309.0
152.0 123.0 145.0 92.0
262.0 197.0 255.0 170.0
380.0 283.0 371.0 264.0
230.0 498.0 215.0 469.0
219.0 362.0 208.0 337.0
421.0 248.0 414.0 229.0
153.0 123.0 146.0 93.0
325.0 306.0 315.0 285.0
99.0 89.0 91.0 57.0
168.0 465.0 154.0 437.0
271.0 370.0 258.0 346.0
209.0 333.0 199.0 309.0
422.0 249.0 415.0 230.0
421.0 247.0 414.0 229.0
268.0 353.0 257.0 328.0
355.0 243.0 347.0 222.0
156.0 340.0 145.0 315.0
189.0 322.0 177.0 298.0
333.0 319.0 321.0 297.0
218.0 404.0 205.0 378.0
153.0 121.0 146.0 92.0
154.0 122.0 146.0 93.0
186.0 205.0 176.0 177.0
259.0 423.0 246.0 398.0
423.0 249.0 415.0 230.0
210.0 334.0 199.0 309.0
356.0 242.0 347.0 222.0
170.0 187.0 163.0 159.0
309.0 349.0 299.0 327.0
169.0 466.0 155.0 438.0
152.0 122.0 145.0 92.0
188.0 322.0 176.0 297.0
301.0 321.0 291.0 300.0
219.0 361.0 208.0 336.0
152.0 120.0 145.0 91.0
185.0 206.0 176.0 177.0
171.0 188.0 163.0 159.0
220.0 360.0 208.0 335.0
218.0 405.0 206.0 379.0
300.0 322.0 291.0 300.0
217.0 403.0 205.0 378.0
355.0 242.0 347.0 222.0
152.0 121.0 145.0 92.0
168.0 464.0 154.0 437.0
422.0 247.0 415.0 229.0
422.0 248.0 415.0 229.0
170.0 190.0 163.0 159.0
156.0 339.0 145.0 315.0
184.0 409.0 171.0 382.0
131.0 308.0 120.0 283.0
356.0 244.0 348.0 222.0
270.0 370.0 258.0 346.0
171.0 190.0 163.0 159.0
171.0 189.0 163.0 159.0
127.0 455.0 114.0 427.0
168.0 466.0 154.0 437.0
169.0 464.0 154.0 437.0
170.0 466.0 155.0 438.0
272.0 80.0 269.0 51.0
170.0 188.0 163.0 159.0
169.0 465.0 155.0 437.0
131.0 307.0 120.0 283.0
182.0 242.0 175.0 220.0
93.0 368.0 80.0 334.0
182.0 410.0 171.0 382.0
210.0 230.0 203.0 206.0
211.0 333.0 199.0 309.0
134.0 334.0 124.0 307.0
183.0 242.0 175.0 220.0
169.0 189.0 163.0 159.0
47.0 460.0 35.0 431.0
170.0 189.0 163.0 159.0
209.0 229.0 202.0 206.0
309.0 348.0 299.0 327.0
217.0 404.0 205.0 378.0
156.0 338.0 145.0 315.0
210.0 332.0 199.0 309.0
155.0 339.0 145.0 315.0
134.0 333.0 124.0 307.0
208.0 229.0 202.0 206.0
339.0 241.0 331.0 219.0
210.0 229.0 201.0 204.0
338.0 241.0 331.0 219.0
184.0 408.0 171.0 382.0
169.0 188.0 163.0 159.0
185.0 205.0 176.0 177.0
145.0 440.0 133.0 412.0
209.0 230.0 202.0 206.0
182.0 409.0 171.0 382.0
92.0 369.0 80.0 334.0
154.0 121.0 146.0 92.0
211.0 334.0 199.0 309.0
184.0 410.0 171.0 382.0
208.0 230.0 202.0 206.0
170.0 465.0 155.0 438.0
183.0 409.0 171.0 382.0
183.0 408.0 171.0 382.0
146.0 438.0 132.0 411.0
186.0 278.0 174.0 254.0
270.0 369.0 258.0 346.0
135.0 335.0 123.0 307.0
314.0 271.0 304.0 249.0
47.0 461.0 35.0 431.0
209.0 231.0 203.0 206.0
93.0 369.0 80.0 334.0
211.0 332.0 199.0 309.0
273.0 81.0 269.0 51.0
313.0 271.0 304.0 249.0
272.0 81.0 269.0 51.0
28.0 462.0 14.0 431.0
182.0 241.0 175.0 220.0
183.0 410.0 171.0 382.0
210.0 231.0 203.0 206.0
272.0 79.0 269.0 50.0
233.0 178.0 225.0 148.0
94.0 368.0 80.0 334.0
219.0 360.0 208.0 335.0
263.0 197.0 255.0 170.0
188.0 321.0 176.0 297.0
146.0 439.0 132.0 411.0
185.0 204.0 176.0 177.0
241.0 157.0 235.0 126.0
27.0 463.0 14.0 431.0
272.0 82.0 269.0 51.0
312.0 271.0 304.0 249.0
242.0 157.0 235.0 126.0
145.0 437.0 132.0 411.0
314.0 270.0 304.0 249.0
208.0 231.0 202.0 206.0
127.0 456.0 115.0 427.0
188.0 323.0 176.0 297.0
144.0 439.0 132.0 411.0
339.0 240.0 331.0 219.0
28.0 461.0 14.0 431.0
27.0 460.0 14.0 431.0
145.0 439.0 133.0 412.0
27.0 462.0 14.0 431.0
145.0 438.0 132.0 411.0
184.0 204.0 176.0 177.0
132.0 308.0 120.0 283.0
241.0 158.0 235.0 126.0
184.0 205.0 176.0 177.0
186.0 204.0 176.0 177.0
313.0 270.0 305.0 249.0
152.0 294.0 141.0 269.0
152.0 295.0 141.0 269.0
187.0 322.0 176.0 297.0
152.0 296.0 141.0 269.0
144.0 438.0 132.0 411.0
312.0 270.0 304.0 249.0
434.0 263.0 425.0 244.0
184.0 203.0 176.0 177.0
94.0 369.0 80.0 334.0
144.0 437.0 132.0 411.0
434.0 264.0 425.0 244.0
433.0 264.0 425.0 244.0
153.0 295.0 142.0 270.0
153.0 296.0 142.0 270.0
187.0 321.0 176.0 297.0
27.0 461.0 14.0 431.0
433.0 262.0 425.0 244.0
132.0 307.0 120.0 283.0
433.0 263.0 425.0 244.0
242.0 158.0 235.0 126.0
475.0 327.0 464.0 310.0
187.0 278.0 174.0 254.0
59.0 87.0 50.0 53.0
60.0 86.0 50.0 53.0
243.0 157.0 235.0 126.0
187.0 277.0 174.0 254.0
75.0 264.0 64.0 239.0
185.0 203.0 176.0 177.0
242.0 159.0 235.0 126.0
445.0 207.0 439.0 185.0
75.0 263.0 64.0 239.0
312.0 269.0 305.0 249.0
445.0 206.0 439.0 185.0
60.0 87.0 50.0 53.0
313.0 269.0 305.0 249.0
467.0 307.0 464.0 310.0
74.0 263.0 64.0 238.0
59.0 86.0 50.0 53.0
244.0 546.0 225.0 511.0
243.0 158.0 235.0 126.0
446.0 206.0 439.0 185.0
468.0 307.0 464.0 310.0
468.0 306.0 464.0 310.0
244.0 547.0 225.0 511.0
60.0 88.0 50.0 53.0
446.0 207.0 439.0 185.0
282.0 394.0 266.0 364.0
445.0 208.0 439.0 185.0
446.0 208.0 439.0 185.0
58.0 101.0 47.0 62.0
281.0 394.0 266.0 364.0
201.0 356.0 189.0 322.0
202.0 356.0 189.0 322.0
283.0 395.0 266.0 364.0
202.0 357.0 189.0 322.0
445.0 209.0 438.0 185.0
215.0 97.0 201.0 73.0
281.0 395.0 266.0 364.0
293.0 487.0 271.0 456.0
282.0 396.0 266.0 364.0
58.0 102.0 47.0 62.0
59.0 101.0 47.0 62.0
201.0 357.0 189.0 322.0
49.0 116.0 39.0 84.0
282.0 395.0 266.0 364.0
49.0 115.0 39.0 84.0
471.0 371.0 458.0 353.0
283.0 396.0 266.0 364.0
471.0 372.0 458.0 353.0
58.0 424.0 51.0 394.0
472.0 372.0 458.0 353.0
59.0 102.0 47.0 62.0
446.0 209.0 439.0 185.0
57.0 423.0 51.0 394.0
50.0 115.0 39.0 84.0
216.0 97.0 201.0 73.0
58.0 425.0 51.0 394.0
50.0 116.0 39.0 84.0
133.0 223.0 133.0 194.0
472.0 371.0 458.0 353.0
50.0 117.0 39.0 84.0
471.0 370.0 458.0 353.0
472.0 370.0 458.0 353.0
57.0 424.0 51.0 394.0
273.0 623.0 254.0 593.0
274.0 623.0 254.0 593.0
275.0 624.0 254.0 593.0
274.0 625.0 254.0 593.0
273.0 625.0 254.0 593.0
51.0 116.0 39.0 84.0
273.0 624.0 254.0 593.0
274.0 624.0 254.0 593.0
254.0 111.0 260.0 65.0
275.0 623.0 254.0 593.0
253.0 111.0 260.0 65.0
254.0 112.0 260.0 65.0
253.0 112.0 260.0 65.0
253.0 113.0 260.0 65.0
180.0 159.0 178.0 111.0
311.0 264.0 307.0 250.0
69.0 74.0 59.0 34.0
