209.0 252.0 209.0 255.0
12.0 596.0 12.0 603.0
86.0 179.0 84.0 179.0
12.0 597.0 12.0 603.0
210.0 252.0 209.0 255.0
196.0 260.0 195.0 265.0
209.0 251.0 209.0 255.0
140.0 320.0 140.0 324.0
196.0 261.0 196.0 265.0
145.0 237.0 144.0 239.0
19.0 272.0 18.0 273.0
54.0 267.0 52.0 268.0
19.0 271.0 18.0 273.0
141.0 320.0 141.0 324.0
305.0 12.0 305.0 11.0
18.0 272.0 17.0 273.0
121.0 318.0 121.0 321.0
87.0 251.0 86.0 252.0
140.0 321.0 140.0 324.0
141.0 321.0 141.0 324.0
250.0 611.0 251.0 619.0
53.0 268.0 51.0 269.0
144.0 238.0 143.0 239.0
187.0 284.0 187.0 288.0
187.0 285.0 187.0 288.0
157.0 607.0 158.0 610.0
142.0 320.0 141.0 324.0
191.0 330.0 191.0 334.0
305.0 11.0 305.0 11.0
87.0 250.0 86.0 252.0
48.0 44.0 46.0 43.0
53.0 267.0 52.0 268.0
88.0 250.0 86.0 252.0
250.0 612.0 251.0 619.0
139.0 321.0 140.0 324.0
18.0 271.0 17.0 273.0
121.0 319.0 121.0 321.0
41.0 347.0 40.0 349.0
122.0 318.0 121.0 321.0
93.0 382.0 91.0 386.0
49.0 45.0 46.0 43.0
291.0 24.0 291.0 22.0
144.0 237.0 143.0 239.0
40.0 348.0 39.0 350.0
54.0 268.0 52.0 269.0
331.0 370.0 332.0 377.0
210.0 251.0 209.0 255.0
40.0 347.0 40.0 349.0
81.0 35.0 79.0 32.0
81.0 34.0 79.0 32.0
48.0 45.0 46.0 43.0
19.0 273.0 18.0 274.0
191.0 329.0 191.0 334.0
49.0 44.0 46.0 43.0
305.0 13.0 305.0 11.0
102.0 50.0 99.0 49.0
142.0 321.0 141.0 324.0
48.0 46.0 46.0 44.0
330.0 370.0 332.0 377.0
92.0 382.0 91.0 386.0
305.0 41.0 306.0 39.0
20.0 272.0 18.0 274.0
101.0 50.0 99.0 49.0
273.0 331.0 274.0 335.0
412.0 402.0 416.0 412.0
375.0 350.0 379.0 358.0
304.0 13.0 305.0 11.0
332.0 369.0 332.0 377.0
376.0 350.0 379.0 358.0
195.0 261.0 196.0 265.0
304.0 11.0 305.0 11.0
158.0 608.0 158.0 610.0
378.0 429.0 381.0 438.0
80.0 34.0 79.0 32.0
158.0 607.0 158.0 610.0
11.0 597.0 11.0 603.0
60.0 315.0 58.0 317.0
141.0 73.0 139.0 72.0
86.0 431.0 86.0 435.0
60.0 316.0 58.0 317.0
376.0 349.0 379.0 358.0
249.0 611.0 251.0 619.0
41.0 348.0 40.0 349.0
273.0 330.0 274.0 335.0
15.0 538.0 14.0 541.0
93.0 381.0 91.0 386.0
331.0 369.0 332.0 377.0
109.0 334.0 109.0 337.0
157.0 608.0 158.0 610.0
49.0 46.0 46.0 44.0
195.0 260.0 195.0 265.0
188.0 469.0 189.0 476.0
306.0 42.0 306.0 40.0
80.0 35.0 79.0 32.0
304.0 12.0 305.0 11.0
143.0 237.0 142.0 239.0
14.0 538.0 14.0 541.0
108.0 333.0 108.0 337.0
77.0 61.0 74.0 59.0
453.0 299.0 456.0 307.0
289.0 71.0 289.0 73.0
365.0 333.0 367.0 340.0
87.0 432.0 86.0 435.0
141.0 74.0 139.0 74.0
59.0 314.0 58.0 317.0
145.0 236.0 144.0 239.0
223.0 392.0 223.0 397.0
189.0 469.0 189.0 476.0
92.0 381.0 91.0 386.0
45.0 180.0 44.0 180.0
141.0 75.0 139.0 74.0
376.0 351.0 379.0 358.0
330.0 369.0 332.0 377.0
412.0 403.0 416.0 412.0
188.0 468.0 189.0 476.0
377.0 429.0 381.0 438.0
192.0 27.0 192.0 25.0
20.0 271.0 18.0 273.0
305.0 42.0 306.0 39.0
139.0 186.0 139.0 187.0
14.0 537.0 14.0 541.0
161.0 228.0 159.0 231.0
122.0 556.0 122.0 560.0
46.0 180.0 44.0 180.0
129.0 297.0 128.0 300.0
79.0 628.0 80.0 635.0
189.0 470.0 189.0 476.0
193.0 27.0 192.0 25.0
413.0 402.0 417.0 411.0
109.0 333.0 109.0 337.0
188.0 470.0 189.0 476.0
142.0 369.0 142.0 374.0
86.0 432.0 86.0 435.0
138.0 186.0 139.0 187.0
122.0 319.0 121.0 321.0
377.0 428.0 381.0 438.0
15.0 537.0 14.0 541.0
87.0 431.0 86.0 435.0
75.0 77.0 72.0 77.0
378.0 428.0 381.0 438.0
249.0 612.0 251.0 619.0
171.0 330.0 170.0 333.0
75.0 78.0 72.0 77.0
365.0 332.0 367.0 340.0
45.0 181.0 44.0 180.0
5.0 287.0 5.0 289.0
195.0 12.0 193.0 11.0
27.0 189.0 24.0 188.0
76.0 78.0 73.0 77.0
194.0 12.0 193.0 11.0
75.0 79.0 73.0 77.0
142.0 74.0 139.0 72.0
192.0 28.0 192.0 26.0
76.0 61.0 74.0 59.0
220.0 410.0 219.0 414.0
139.0 187.0 139.0 187.0
79.0 629.0 80.0 635.0
76.0 77.0 72.0 77.0
6.0 287.0 5.0 289.0
160.0 228.0 159.0 231.0
144.0 236.0 144.0 239.0
77.0 60.0 74.0 59.0
379.0 428.0 382.0 439.0
74.0 77.0 73.0 76.0
140.0 74.0 139.0 74.0
60.0 314.0 58.0 317.0
159.0 229.0 159.0 231.0
452.0 298.0 456.0 307.0
195.0 13.0 193.0 11.0
15.0 536.0 14.0 540.0
453.0 298.0 456.0 307.0
172.0 552.0 173.0 558.0
32.0 536.0 32.0 540.0
172.0 553.0 173.0 558.0
142.0 370.0 142.0 374.0
149.0 304.0 147.0 308.0
40.0 102.0 37.0 102.0
173.0 553.0 173.0 558.0
147.0 304.0 146.0 307.0
137.0 186.0 139.0 186.0
453.0 297.0 456.0 307.0
68.0 293.0 67.0 294.0
33.0 536.0 32.0 539.0
80.0 630.0 80.0 635.0
80.0 629.0 80.0 635.0
14.0 536.0 14.0 541.0
364.0 333.0 367.0 340.0
46.0 181.0 44.0 180.0
138.0 484.0 137.0 491.0
67.0 293.0 67.0 294.0
79.0 630.0 80.0 635.0
451.0 298.0 456.0 307.0
364.0 332.0 367.0 340.0
138.0 187.0 139.0 187.0
123.0 318.0 121.0 321.0
32.0 537.0 32.0 540.0
70.0 520.0 70.0 527.0
74.0 78.0 72.0 77.0
148.0 303.0 147.0 307.0
273.0 329.0 274.0 334.0
135.0 356.0 135.0 360.0
219.0 410.0 219.0 414.0
32.0 535.0 32.0 539.0
422.0 269.0 426.0 278.0
76.0 60.0 74.0 59.0
452.0 297.0 456.0 307.0
33.0 535.0 32.0 539.0
57.0 100.0 54.0 97.0
143.0 369.0 142.0 374.0
43.0 399.0 41.0 403.0
378.0 427.0 381.0 438.0
137.0 187.0 139.0 187.0
160.0 229.0 159.0 231.0
388.0 86.0 390.0 86.0
138.0 188.0 139.0 187.0
304.0 42.0 306.0 39.0
191.0 44.0 190.0 43.0
161.0 229.0 159.0 231.0
143.0 370.0 142.0 374.0
159.0 228.0 159.0 231.0
193.0 28.0 192.0 25.0
422.0 270.0 427.0 279.0
67.0 294.0 67.0 294.0
148.0 305.0 147.0 308.0
438.0 287.0 442.0 296.0
413.0 403.0 417.0 411.0
388.0 88.0 391.0 86.0
172.0 330.0 171.0 334.0
389.0 87.0 391.0 86.0
191.0 45.0 190.0 43.0
53.0 498.0 51.0 506.0
143.0 236.0 142.0 239.0
47.0 180.0 44.0 180.0
171.0 329.0 170.0 333.0
184.0 628.0 183.0 631.0
100.0 614.0 100.0 621.0
346.0 98.0 347.0 97.0
265.0 411.0 267.0 416.0
441.0 509.0 445.0 521.0
441.0 508.0 445.0 521.0
388.0 87.0 391.0 86.0
440.0 509.0 445.0 521.0
440.0 508.0 445.0 521.0
195.0 483.0 194.0 491.0
43.0 398.0 41.0 403.0
270.0 551.0 271.0 560.0
319.0 438.0 321.0 446.0
320.0 436.0 321.0 446.0
148.0 304.0 147.0 307.0
183.0 628.0 183.0 631.0
55.0 231.0 53.0 231.0
133.0 401.0 132.0 404.0
131.0 434.0 132.0 438.0
149.0 305.0 147.0 308.0
379.0 62.0 380.0 60.0
389.0 86.0 391.0 86.0
44.0 399.0 41.0 403.0
44.0 398.0 41.0 403.0
320.0 437.0 322.0 446.0
437.0 288.0 442.0 296.0
269.0 551.0 271.0 560.0
55.0 230.0 53.0 231.0
183.0 629.0 183.0 631.0
90.0 448.0 89.0 457.0
321.0 438.0 322.0 446.0
270.0 552.0 271.0 560.0
135.0 602.0 137.0 608.0
117.0 485.0 118.0 492.0
52.0 498.0 51.0 506.0
124.0 66.0 123.0 62.0
423.0 269.0 427.0 279.0
321.0 439.0 322.0 446.0
320.0 438.0 322.0 446.0
305.0 43.0 306.0 40.0
423.0 270.0 427.0 279.0
84.0 520.0 86.0 527.0
89.0 448.0 89.0 457.0
135.0 355.0 135.0 360.0
45.0 399.0 41.0 403.0
266.0 410.0 268.0 416.0
304.0 43.0 306.0 39.0
136.0 355.0 135.0 360.0
135.0 354.0 135.0 360.0
378.0 62.0 380.0 60.0
359.0 28.0 361.0 26.0
53.0 499.0 51.0 506.0
134.0 355.0 134.0 360.0
124.0 424.0 123.0 428.0
265.0 410.0 268.0 416.0
25.0 293.0 24.0 295.0
131.0 433.0 132.0 438.0
25.0 294.0 24.0 295.0
100.0 615.0 101.0 622.0
439.0 508.0 445.0 521.0
101.0 614.0 100.0 621.0
136.0 601.0 137.0 608.0
195.0 484.0 194.0 491.0
441.0 507.0 445.0 521.0
135.0 601.0 137.0 608.0
438.0 288.0 442.0 296.0
147.0 305.0 146.0 307.0
38.0 80.0 35.0 79.0
154.0 463.0 153.0 472.0
232.0 17.0 232.0 16.0
56.0 230.0 54.0 230.0
266.0 411.0 268.0 416.0
220.0 557.0 220.0 563.0
219.0 557.0 220.0 563.0
438.0 289.0 442.0 296.0
279.0 528.0 280.0 537.0
138.0 485.0 137.0 491.0
264.0 410.0 268.0 416.0
271.0 551.0 271.0 560.0
52.0 499.0 51.0 506.0
378.0 63.0 380.0 60.0
423.0 271.0 427.0 279.0
24.0 293.0 24.0 295.0
439.0 288.0 444.0 296.0
440.0 507.0 445.0 521.0
139.0 485.0 137.0 491.0
101.0 615.0 101.0 622.0
346.0 99.0 347.0 97.0
320.0 439.0 322.0 446.0
195.0 485.0 194.0 491.0
185.0 528.0 186.0 534.0
118.0 485.0 118.0 492.0
24.0 294.0 24.0 295.0
38.0 81.0 35.0 79.0
186.0 575.0 186.0 583.0
232.0 547.0 233.0 554.0
136.0 600.0 136.0 607.0
184.0 528.0 186.0 534.0
278.0 528.0 280.0 537.0
428.0 425.0 434.0 441.0
186.0 576.0 186.0 583.0
118.0 486.0 118.0 492.0
117.0 486.0 118.0 492.0
186.0 577.0 186.0 584.0
233.0 18.0 233.0 16.0
184.0 529.0 186.0 534.0
124.0 67.0 123.0 62.0
187.0 576.0 187.0 584.0
311.0 506.0 313.0 513.0
311.0 505.0 313.0 513.0
310.0 506.0 313.0 513.0
54.0 521.0 60.0 528.0
232.0 548.0 233.0 554.0
133.0 261.0 132.0 259.0
252.0 388.0 253.0 395.0
310.0 505.0 313.0 513.0
202.0 533.0 208.0 541.0
19.0 595.0 12.0 602.0
428.0 424.0 434.0 441.0
252.0 389.0 253.0 395.0
39.0 81.0 35.0 79.0
363.0 574.0 367.0 585.0
267.0 394.0 268.0 400.0
53.0 435.0 52.0 440.0
65.0 38.0 63.0 30.0
363.0 573.0 367.0 585.0
54.0 522.0 60.0 528.0
251.0 389.0 253.0 395.0
364.0 573.0 367.0 585.0
251.0 388.0 253.0 395.0
363.0 572.0 367.0 585.0
157.0 399.0 157.0 405.0
54.0 435.0 52.0 440.0
158.0 399.0 158.0 404.0
201.0 533.0 208.0 541.0
53.0 434.0 52.0 440.0
53.0 521.0 60.0 528.0
267.0 393.0 268.0 400.0
53.0 522.0 60.0 528.0
194.0 254.0 195.0 264.0
50.0 480.0 49.0 487.0
181.0 424.0 176.0 423.0
54.0 434.0 52.0 440.0
201.0 532.0 208.0 541.0
181.0 423.0 176.0 423.0
59.0 629.0 80.0 635.0
27.0 457.0 25.0 467.0
371.0 280.0 361.0 304.0
420.0 284.0 427.0 279.0
412.0 64.0 418.0 53.0
28.0 457.0 25.0 467.0
27.0 456.0 25.0 467.0
420.0 285.0 427.0 279.0
394.0 52.0 382.0 60.0
131.0 243.0 143.0 240.0
131.0 244.0 143.0 240.0
98.0 386.0 91.0 386.0
16.0 202.0 24.0 188.0
395.0 52.0 382.0 60.0
369.0 7.0 358.0 21.0
394.0 51.0 382.0 60.0
194.0 253.0 195.0 264.0
395.0 51.0 382.0 60.0
28.0 456.0 25.0 467.0
165.0 413.0 176.0 423.0
166.0 414.0 176.0 423.0
396.0 51.0 382.0 60.0
268.0 381.0 268.0 400.0
130.0 244.0 143.0 240.0
409.0 566.0 410.0 570.0
269.0 381.0 268.0 400.0
219.0 530.0 208.0 541.0
32.0 121.0 37.0 102.0
348.0 308.0 361.0 304.0
201.0 632.0 184.0 630.0
200.0 632.0 184.0 630.0
201.0 631.0 184.0 630.0
200.0 631.0 184.0 630.0
200.0 630.0 184.0 630.0
35.0 479.0 48.0 487.0
410.0 566.0 410.0 570.0
32.0 120.0 37.0 102.0
220.0 531.0 208.0 541.0
35.0 478.0 48.0 487.0
348.0 309.0 361.0 304.0
