83.0 276.0 99.0 345.0
84.0 276.0 99.0 345.0
76.0 241.0 93.0 309.0
61.0 290.0 76.0 358.0
153.0 364.0 165.0 432.0
61.0 289.0 76.0 358.0
75.0 240.0 93.0 309.0
105.0 315.0 118.0 382.0
74.0 240.0 93.0 309.0
153.0 363.0 165.0 432.0
152.0 365.0 165.0 432.0
104.0 315.0 118.0 382.0
105.0 314.0 118.0 382.0
60.0 289.0 76.0 358.0
59.0 289.0 76.0 358.0
75.0 241.0 93.0 309.0
60.0 290.0 76.0 358.0
104.0 314.0 118.0 382.0
152.0 363.0 165.0 432.0
74.0 241.0 93.0 309.0
151.0 364.0 165.0 432.0
152.0 364.0 165.0 432.0
105.0 316.0 118.0 382.0
104.0 316.0 118.0 382.0
189.0 233.0 206.0 302.0
134.0 244.0 149.0 313.0
189.0 232.0 206.0 301.0
86.0 283.0 100.0 347.0
188.0 233.0 206.0 302.0
188.0 234.0 206.0 302.0
134.0 245.0 149.0 314.0
189.0 234.0 206.0 302.0
188.0 235.0 206.0 302.0
86.0 284.0 100.0 347.0
376.0 233.0 388.0 302.0
85.0 283.0 100.0 347.0
115.0 369.0 127.0 438.0
133.0 245.0 149.0 314.0
189.0 235.0 206.0 302.0
134.0 246.0 149.0 315.0
168.0 253.0 182.0 322.0
133.0 246.0 149.0 315.0
135.0 245.0 149.0 314.0
169.0 302.0 187.0 368.0
116.0 369.0 127.0 438.0
168.0 301.0 187.0 368.0
372.0 248.0 388.0 304.0
21.0 193.0 9.0 254.0
168.0 254.0 182.0 322.0
21.0 194.0 9.0 254.0
168.0 303.0 187.0 368.0
167.0 301.0 186.0 368.0
168.0 302.0 187.0 368.0
372.0 250.0 388.0 304.0
372.0 249.0 388.0 304.0
158.0 238.0 172.0 307.0
167.0 302.0 187.0 368.0
167.0 303.0 187.0 368.0
168.0 255.0 183.0 323.0
158.0 239.0 173.0 308.0
373.0 248.0 388.0 304.0
22.0 193.0 9.0 254.0
23.0 193.0 9.0 254.0
167.0 304.0 187.0 368.0
374.0 249.0 388.0 304.0
169.0 256.0 182.0 323.0
157.0 238.0 172.0 307.0
159.0 238.0 172.0 307.0
373.0 249.0 388.0 304.0
373.0 250.0 388.0 304.0
22.0 195.0 9.0 254.0
22.0 194.0 9.0 254.0
21.0 195.0 9.0 254.0
170.0 256.0 182.0 323.0
98.0 423.0 108.0 492.0
157.0 237.0 172.0 306.0
99.0 423.0 108.0 492.0
23.0 194.0 9.0 254.0
23.0 195.0 9.0 254.0
169.0 257.0 182.0 323.0
158.0 237.0 172.0 306.0
170.0 257.0 182.0 323.0
135.0 252.0 149.0 315.0
170.0 258.0 182.0 323.0
136.0 253.0 149.0 315.0
25.0 234.0 44.0 288.0
26.0 234.0 44.0 288.0
27.0 236.0 44.0 288.0
27.0 235.0 44.0 288.0
26.0 235.0 44.0 288.0
25.0 235.0 44.0 288.0
26.0 236.0 44.0 288.0
26.0 237.0 44.0 288.0
114.0 366.0 121.0 395.0
364.0 278.0 384.0 326.0
111.0 351.0 120.0 396.0
112.0 351.0 120.0 396.0
25.0 236.0 44.0 288.0
363.0 277.0 384.0 326.0
363.0 278.0 384.0 326.0
189.0 157.0 210.0 215.0
188.0 157.0 210.0 215.0
112.0 350.0 120.0 396.0
188.0 158.0 210.0 215.0
115.0 365.0 123.0 421.0
364.0 279.0 385.0 325.0
416.0 630.0 369.0 628.0
189.0 158.0 210.0 215.0
111.0 350.0 120.0 396.0
189.0 159.0 210.0 215.0
363.0 279.0 385.0 325.0
114.0 492.0 112.0 518.0
417.0 629.0 388.0 624.0
416.0 631.0 369.0 628.0
115.0 366.0 123.0 421.0
373.0 212.0 394.0 274.0
