428.0 213.0 420.0 214.0
235.0 617.0 220.0 615.0
368.0 246.0 358.0 249.0
369.0 247.0 358.0 249.0
368.0 248.0 357.0 249.0
149.0 61.0 144.0 61.0
110.0 606.0 98.0 605.0
138.0 522.0 125.0 520.0
369.0 246.0 358.0 249.0
237.0 618.0 222.0 614.0
367.0 248.0 357.0 249.0
150.0 61.0 144.0 60.0
111.0 607.0 98.0 605.0
428.0 212.0 420.0 214.0
368.0 247.0 358.0 249.0
429.0 212.0 420.0 214.0
235.0 618.0 220.0 615.0
236.0 617.0 222.0 614.0
140.0 439.0 130.0 437.0
398.0 126.0 390.0 128.0
399.0 126.0 390.0 128.0
139.0 522.0 125.0 520.0
291.0 105.0 282.0 106.0
236.0 618.0 222.0 615.0
174.0 137.0 163.0 136.0
369.0 248.0 358.0 249.0
290.0 106.0 282.0 106.0
150.0 62.0 144.0 60.0
251.0 565.0 240.0 562.0
252.0 564.0 240.0 562.0
399.0 125.0 390.0 128.0
370.0 246.0 359.0 249.0
370.0 247.0 359.0 249.0
278.0 129.0 270.0 129.0
211.0 147.0 203.0 146.0
290.0 105.0 282.0 106.0
252.0 565.0 239.0 563.0
427.0 212.0 420.0 214.0
110.0 607.0 98.0 605.0
138.0 523.0 125.0 520.0
170.0 19.0 163.0 18.0
82.0 227.0 74.0 224.0
163.0 280.0 155.0 279.0
229.0 435.0 218.0 434.0
229.0 436.0 217.0 434.0
249.0 27.0 242.0 28.0
192.0 263.0 185.0 261.0
278.0 87.0 271.0 87.0
251.0 564.0 240.0 562.0
414.0 39.0 404.0 41.0
173.0 138.0 163.0 136.0
109.0 607.0 98.0 605.0
289.0 105.0 282.0 106.0
172.0 178.0 163.0 177.0
81.0 227.0 73.0 224.0
193.0 263.0 185.0 261.0
210.0 556.0 198.0 554.0
30.0 160.0 23.0 157.0
278.0 86.0 271.0 87.0
250.0 28.0 242.0 28.0
97.0 102.0 90.0 100.0
30.0 161.0 23.0 157.0
147.0 189.0 140.0 188.0
398.0 125.0 390.0 128.0
140.0 438.0 129.0 437.0
29.0 161.0 23.0 157.0
140.0 523.0 125.0 520.0
413.0 39.0 404.0 41.0
174.0 139.0 163.0 136.0
209.0 556.0 197.0 555.0
278.0 128.0 270.0 129.0
249.0 28.0 242.0 28.0
147.0 190.0 139.0 188.0
124.0 360.0 113.0 357.0
227.0 436.0 217.0 434.0
289.0 106.0 282.0 106.0
31.0 160.0 23.0 158.0
181.0 487.0 171.0 486.0
122.0 376.0 111.0 373.0
212.0 147.0 203.0 146.0
159.0 122.0 152.0 121.0
85.0 206.0 76.0 204.0
162.0 281.0 155.0 279.0
162.0 280.0 155.0 278.0
174.0 138.0 163.0 136.0
29.0 162.0 23.0 157.0
139.0 523.0 125.0 520.0
248.0 28.0 242.0 28.0
209.0 555.0 198.0 554.0
124.0 361.0 113.0 357.0
29.0 160.0 23.0 157.0
163.0 281.0 155.0 279.0
147.0 191.0 139.0 188.0
81.0 228.0 73.0 224.0
228.0 435.0 218.0 434.0
228.0 436.0 218.0 434.0
206.0 162.0 197.0 160.0
152.0 135.0 144.0 133.0
76.0 534.0 65.0 531.0
155.0 561.0 143.0 559.0
151.0 135.0 144.0 133.0
169.0 19.0 163.0 18.0
30.0 162.0 23.0 157.0
279.0 85.0 271.0 87.0
150.0 134.0 143.0 132.0
206.0 298.0 197.0 297.0
76.0 533.0 65.0 531.0
329.0 62.0 321.0 63.0
193.0 262.0 185.0 261.0
171.0 178.0 163.0 177.0
123.0 360.0 113.0 357.0
152.0 134.0 145.0 132.0
152.0 133.0 145.0 132.0
31.0 159.0 24.0 157.0
175.0 138.0 163.0 136.0
279.0 86.0 271.0 87.0
85.0 205.0 76.0 204.0
280.0 86.0 271.0 87.0
82.0 228.0 74.0 224.0
82.0 229.0 74.0 224.0
413.0 40.0 404.0 41.0
259.0 102.0 252.0 100.0
279.0 87.0 271.0 87.0
131.0 67.0 126.0 68.0
169.0 18.0 163.0 17.0
109.0 608.0 98.0 605.0
170.0 20.0 163.0 18.0
168.0 19.0 163.0 18.0
148.0 190.0 140.0 188.0
213.0 147.0 204.0 146.0
86.0 206.0 78.0 204.0
164.0 281.0 155.0 279.0
186.0 213.0 177.0 211.0
148.0 189.0 140.0 188.0
248.0 29.0 241.0 29.0
159.0 121.0 152.0 121.0
185.0 9.0 180.0 9.0
81.0 229.0 74.0 224.0
75.0 534.0 65.0 531.0
31.0 161.0 23.0 158.0
185.0 10.0 180.0 9.0
86.0 205.0 76.0 204.0
162.0 279.0 154.0 278.0
329.0 61.0 321.0 63.0
86.0 204.0 76.0 204.0
212.0 146.0 203.0 146.0
185.0 8.0 179.0 8.0
154.0 560.0 143.0 559.0
94.0 431.0 80.0 427.0
258.0 102.0 251.0 101.0
87.0 205.0 78.0 203.0
182.0 487.0 171.0 486.0
110.0 608.0 98.0 605.0
75.0 533.0 65.0 530.0
151.0 134.0 145.0 132.0
185.0 213.0 177.0 211.0
148.0 191.0 140.0 188.0
182.0 488.0 171.0 486.0
122.0 377.0 111.0 373.0
155.0 560.0 143.0 559.0
169.0 20.0 163.0 18.0
151.0 133.0 144.0 132.0
31.0 162.0 23.0 158.0
47.0 213.0 37.0 209.0
131.0 140.0 124.0 138.0
80.0 21.0 71.0 19.0
259.0 101.0 252.0 100.0
141.0 46.0 138.0 45.0
130.0 67.0 126.0 68.0
395.0 115.0 386.0 118.0
119.0 342.0 109.0 339.0
163.0 279.0 155.0 278.0
145.0 46.0 139.0 45.0
207.0 162.0 198.0 160.0
130.0 140.0 123.0 138.0
413.0 38.0 404.0 41.0
164.0 280.0 155.0 279.0
108.0 470.0 98.0 468.0
141.0 45.0 138.0 45.0
185.0 212.0 177.0 211.0
154.0 561.0 142.0 560.0
260.0 101.0 252.0 100.0
94.0 432.0 80.0 428.0
227.0 435.0 217.0 434.0
130.0 66.0 126.0 68.0
142.0 506.0 130.0 502.0
131.0 139.0 124.0 138.0
140.0 45.0 138.0 45.0
282.0 122.0 274.0 121.0
414.0 38.0 404.0 41.0
184.0 10.0 180.0 9.0
208.0 431.0 193.0 428.0
46.0 213.0 37.0 210.0
258.0 100.0 252.0 100.0
130.0 139.0 123.0 138.0
93.0 431.0 80.0 428.0
131.0 66.0 126.0 68.0
154.0 392.0 143.0 390.0
186.0 212.0 177.0 211.0
277.0 77.0 270.0 77.0
258.0 101.0 252.0 100.0
460.0 421.0 449.0 421.0
215.0 51.0 208.0 51.0
460.0 420.0 449.0 421.0
93.0 38.0 86.0 35.0
46.0 214.0 37.0 210.0
282.0 121.0 274.0 121.0
459.0 420.0 447.0 420.0
184.0 9.0 180.0 9.0
366.0 145.0 353.0 145.0
142.0 505.0 130.0 502.0
283.0 121.0 274.0 121.0
47.0 153.0 40.0 149.0
251.0 155.0 243.0 154.0
461.0 420.0 449.0 421.0
461.0 421.0 449.0 421.0
93.0 37.0 86.0 34.0
47.0 154.0 40.0 149.0
77.0 94.0 69.0 91.0
158.0 96.0 153.0 94.0
459.0 421.0 447.0 420.0
277.0 76.0 270.0 77.0
131.0 141.0 124.0 138.0
137.0 267.0 127.0 263.0
412.0 40.0 403.0 41.0
46.0 215.0 37.0 210.0
154.0 393.0 143.0 390.0
77.0 93.0 69.0 91.0
259.0 100.0 252.0 100.0
47.0 214.0 37.0 210.0
412.0 39.0 403.0 41.0
122.0 577.0 111.0 576.0
137.0 93.0 130.0 91.0
260.0 100.0 252.0 100.0
47.0 152.0 40.0 149.0
153.0 393.0 143.0 390.0
180.0 273.0 171.0 270.0
80.0 22.0 71.0 19.0
61.0 166.0 57.0 160.0
250.0 156.0 243.0 154.0
192.0 364.0 183.0 364.0
153.0 394.0 143.0 390.0
344.0 203.0 335.0 203.0
92.0 431.0 80.0 428.0
106.0 53.0 99.0 50.0
93.0 36.0 86.0 34.0
107.0 54.0 100.0 51.0
84.0 452.0 73.0 450.0
153.0 392.0 143.0 390.0
345.0 204.0 335.0 203.0
84.0 453.0 73.0 450.0
81.0 21.0 72.0 19.0
80.0 23.0 71.0 19.0
93.0 432.0 80.0 428.0
194.0 263.0 185.0 261.0
250.0 155.0 243.0 154.0
36.0 424.0 27.0 419.0
35.0 424.0 27.0 419.0
48.0 153.0 40.0 150.0
136.0 93.0 129.0 91.0
137.0 266.0 127.0 263.0
169.0 435.0 159.0 433.0
47.0 215.0 37.0 210.0
77.0 597.0 62.0 600.0
122.0 493.0 108.0 489.0
37.0 423.0 27.0 419.0
137.0 94.0 130.0 91.0
215.0 52.0 208.0 51.0
29.0 205.0 21.0 202.0
136.0 94.0 129.0 92.0
35.0 423.0 27.0 419.0
36.0 423.0 27.0 419.0
114.0 186.0 106.0 182.0
121.0 377.0 111.0 373.0
77.0 598.0 62.0 600.0
166.0 203.0 157.0 200.0
250.0 154.0 243.0 154.0
165.0 538.0 147.0 534.0
216.0 52.0 208.0 51.0
216.0 53.0 208.0 51.0
141.0 506.0 130.0 502.0
151.0 9.0 145.0 14.0
94.0 38.0 87.0 35.0
92.0 432.0 80.0 428.0
83.0 452.0 73.0 450.0
141.0 505.0 130.0 502.0
122.0 578.0 111.0 576.0
445.0 236.0 436.0 238.0
36.0 422.0 27.0 419.0
140.0 505.0 130.0 502.0
35.0 422.0 27.0 419.0
107.0 470.0 97.0 468.0
115.0 185.0 106.0 182.0
94.0 36.0 86.0 34.0
345.0 203.0 335.0 203.0
123.0 493.0 108.0 489.0
113.0 185.0 106.0 182.0
94.0 37.0 86.0 34.0
106.0 54.0 100.0 51.0
30.0 494.0 16.0 490.0
76.0 95.0 69.0 91.0
81.0 22.0 72.0 19.0
445.0 237.0 436.0 238.0
136.0 267.0 127.0 263.0
166.0 204.0 157.0 200.0
29.0 206.0 21.0 202.0
249.0 155.0 243.0 154.0
136.0 95.0 130.0 91.0
76.0 93.0 69.0 91.0
83.0 453.0 73.0 450.0
446.0 236.0 436.0 238.0
48.0 152.0 40.0 150.0
81.0 23.0 71.0 19.0
76.0 92.0 69.0 91.0
47.0 151.0 40.0 149.0
461.0 213.0 452.0 214.0
183.0 194.0 175.0 193.0
215.0 53.0 208.0 51.0
29.0 493.0 16.0 490.0
136.0 266.0 126.0 263.0
461.0 212.0 452.0 214.0
462.0 213.0 452.0 214.0
182.0 194.0 175.0 193.0
76.0 94.0 69.0 91.0
114.0 184.0 106.0 182.0
462.0 212.0 452.0 214.0
114.0 185.0 106.0 182.0
76.0 597.0 62.0 600.0
105.0 126.0 96.0 124.0
168.0 434.0 157.0 433.0
30.0 205.0 22.0 202.0
169.0 434.0 157.0 433.0
29.0 494.0 16.0 490.0
165.0 537.0 147.0 534.0
48.0 151.0 40.0 150.0
238.0 207.0 229.0 205.0
447.0 236.0 436.0 238.0
460.0 213.0 452.0 214.0
447.0 237.0 436.0 238.0
105.0 127.0 97.0 125.0
75.0 93.0 69.0 91.0
239.0 207.0 229.0 205.0
446.0 237.0 436.0 238.0
151.0 8.0 145.0 14.0
18.0 449.0 7.0 447.0
17.0 449.0 7.0 447.0
123.0 494.0 108.0 489.0
459.0 213.0 452.0 214.0
30.0 206.0 21.0 202.0
169.0 433.0 157.0 433.0
104.0 126.0 96.0 124.0
460.0 212.0 452.0 214.0
23.0 192.0 15.0 187.0
75.0 94.0 69.0 91.0
17.0 450.0 7.0 447.0
168.0 433.0 157.0 433.0
17.0 451.0 7.0 447.0
151.0 7.0 145.0 14.0
18.0 450.0 7.0 447.0
104.0 127.0 96.0 124.0
82.0 22.0 72.0 19.0
23.0 191.0 15.0 187.0
94.0 272.0 84.0 276.0
18.0 451.0 7.0 447.0
17.0 419.0 7.0 416.0
24.0 192.0 15.0 187.0
30.0 207.0 21.0 202.0
29.0 207.0 21.0 202.0
23.0 190.0 15.0 186.0
31.0 207.0 21.0 202.0
18.0 419.0 7.0 416.0
24.0 191.0 15.0 187.0
63.0 76.0 52.0 67.0
30.0 208.0 21.0 202.0
17.0 420.0 9.0 417.0
17.0 421.0 9.0 417.0
25.0 190.0 15.0 186.0
93.0 271.0 84.0 276.0
18.0 420.0 7.0 416.0
24.0 190.0 15.0 186.0
31.0 208.0 21.0 202.0
94.0 271.0 84.0 276.0
18.0 421.0 9.0 417.0
152.0 437.0 131.0 437.0
63.0 77.0 52.0 67.0
206.0 170.0 198.0 161.0
13.0 123.0 20.0 117.0
52.0 579.0 35.0 572.0
13.0 122.0 20.0 117.0
51.0 579.0 35.0 572.0
64.0 76.0 52.0 67.0
64.0 77.0 52.0 67.0
63.0 100.0 59.0 110.0
107.0 282.0 85.0 277.0
409.0 118.0 391.0 128.0
65.0 77.0 52.0 67.0
63.0 101.0 59.0 110.0
410.0 118.0 391.0 128.0
62.0 101.0 59.0 110.0
12.0 122.0 20.0 117.0
62.0 100.0 59.0 110.0
206.0 227.0 207.0 227.0
107.0 182.0 105.0 182.0
154.0 207.0 156.0 200.0
62.0 99.0 59.0 110.0
107.0 181.0 105.0 182.0
