215.0 468.0 231.0 468.0
144.0 506.0 161.0 505.0
144.0 507.0 161.0 506.0
189.0 210.0 201.0 213.0
215.0 467.0 231.0 468.0
222.0 260.0 235.0 262.0
216.0 468.0 231.0 468.0
221.0 492.0 238.0 491.0
124.0 508.0 141.0 507.0
218.0 231.0 230.0 232.0
156.0 548.0 172.0 547.0
220.0 581.0 237.0 578.0
214.0 468.0 231.0 468.0
143.0 506.0 161.0 505.0
144.0 505.0 161.0 505.0
111.0 631.0 128.0 633.0
273.0 611.0 291.0 609.0
127.0 174.0 141.0 179.0
272.0 612.0 291.0 609.0
256.0 172.0 268.0 173.0
124.0 401.0 140.0 401.0
273.0 610.0 291.0 609.0
145.0 506.0 162.0 505.0
111.0 630.0 128.0 633.0
110.0 631.0 128.0 633.0
218.0 232.0 230.0 232.0
273.0 361.0 290.0 361.0
272.0 610.0 291.0 609.0
125.0 508.0 141.0 507.0
124.0 402.0 140.0 401.0
220.0 580.0 237.0 578.0
219.0 231.0 230.0 232.0
214.0 469.0 230.0 469.0
219.0 230.0 230.0 232.0
155.0 548.0 172.0 547.0
272.0 611.0 291.0 609.0
273.0 612.0 291.0 609.0
218.0 230.0 230.0 232.0
203.0 361.0 217.0 360.0
128.0 175.0 141.0 179.0
77.0 231.0 92.0 236.0
110.0 630.0 128.0 633.0
125.0 402.0 140.0 401.0
274.0 611.0 292.0 608.0
221.0 493.0 238.0 491.0
221.0 580.0 237.0 578.0
125.0 401.0 140.0 401.0
112.0 269.0 127.0 273.0
221.0 581.0 237.0 578.0
294.0 363.0 309.0 361.0
299.0 209.0 310.0 208.0
283.0 380.0 299.0 378.0
257.0 172.0 268.0 173.0
219.0 232.0 230.0 232.0
274.0 612.0 292.0 608.0
223.0 547.0 239.0 546.0
77.0 232.0 92.0 236.0
221.0 260.0 235.0 260.0
398.0 580.0 417.0 575.0
140.0 542.0 157.0 541.0
96.0 500.0 114.0 499.0
222.0 262.0 235.0 262.0
182.0 501.0 198.0 500.0
181.0 501.0 197.0 500.0
250.0 276.0 262.0 276.0
282.0 380.0 299.0 378.0
271.0 611.0 291.0 609.0
223.0 262.0 236.0 262.0
156.0 549.0 172.0 547.0
223.0 546.0 240.0 545.0
273.0 363.0 290.0 361.0
272.0 362.0 290.0 361.0
128.0 174.0 141.0 179.0
221.0 261.0 235.0 262.0
182.0 500.0 197.0 500.0
409.0 433.0 426.0 426.0
76.0 232.0 92.0 236.0
76.0 231.0 91.0 236.0
112.0 270.0 127.0 273.0
298.0 209.0 309.0 208.0
297.0 209.0 308.0 209.0
202.0 549.0 217.0 549.0
26.0 462.0 43.0 463.0
220.0 231.0 232.0 232.0
257.0 171.0 267.0 172.0
265.0 538.0 283.0 535.0
159.0 345.0 174.0 347.0
251.0 276.0 262.0 276.0
129.0 174.0 141.0 179.0
274.0 362.0 290.0 361.0
293.0 288.0 307.0 288.0
274.0 361.0 290.0 360.0
155.0 549.0 172.0 547.0
273.0 362.0 290.0 361.0
201.0 549.0 217.0 549.0
77.0 233.0 92.0 236.0
129.0 175.0 141.0 179.0
78.0 232.0 92.0 236.0
203.0 360.0 217.0 360.0
295.0 363.0 309.0 361.0
222.0 261.0 235.0 262.0
250.0 277.0 262.0 276.0
188.0 209.0 201.0 213.0
275.0 363.0 291.0 362.0
223.0 260.0 235.0 262.0
220.0 493.0 238.0 491.0
26.0 461.0 43.0 463.0
294.0 362.0 309.0 361.0
127.0 173.0 141.0 179.0
204.0 180.0 214.0 183.0
126.0 401.0 140.0 401.0
265.0 537.0 283.0 535.0
143.0 505.0 161.0 505.0
410.0 433.0 427.0 426.0
294.0 288.0 307.0 288.0
203.0 180.0 214.0 183.0
97.0 500.0 114.0 499.0
276.0 402.0 292.0 398.0
183.0 500.0 198.0 500.0
128.0 173.0 141.0 179.0
130.0 524.0 148.0 524.0
224.0 546.0 240.0 545.0
200.0 549.0 217.0 549.0
176.0 316.0 190.0 317.0
220.0 232.0 230.0 232.0
306.0 330.0 320.0 328.0
133.0 304.0 147.0 305.0
189.0 209.0 201.0 213.0
183.0 501.0 198.0 500.0
26.0 463.0 43.0 463.0
147.0 260.0 162.0 261.0
244.0 276.0 258.0 276.0
223.0 261.0 236.0 261.0
275.0 362.0 290.0 361.0
129.0 525.0 148.0 524.0
154.0 549.0 171.0 547.0
204.0 361.0 217.0 360.0
27.0 461.0 43.0 463.0
111.0 270.0 127.0 273.0
410.0 434.0 427.0 426.0
398.0 579.0 417.0 575.0
296.0 362.0 310.0 361.0
140.0 541.0 157.0 541.0
139.0 542.0 157.0 541.0
224.0 545.0 240.0 545.0
331.0 502.0 347.0 497.0
142.0 506.0 161.0 505.0
17.0 474.0 33.0 476.0
97.0 501.0 114.0 499.0
204.0 179.0 214.0 183.0
201.0 548.0 217.0 549.0
202.0 548.0 217.0 549.0
113.0 270.0 127.0 273.0
222.0 581.0 237.0 578.0
332.0 503.0 347.0 497.0
113.0 269.0 127.0 273.0
306.0 331.0 320.0 328.0
130.0 525.0 148.0 524.0
220.0 492.0 238.0 491.0
224.0 261.0 236.0 261.0
125.0 426.0 141.0 425.0
282.0 381.0 299.0 378.0
154.0 548.0 171.0 547.0
266.0 537.0 283.0 535.0
126.0 426.0 141.0 425.0
270.0 634.0 289.0 631.0
409.0 434.0 426.0 426.0
274.0 363.0 290.0 361.0
129.0 524.0 148.0 524.0
264.0 538.0 283.0 535.0
17.0 475.0 33.0 476.0
295.0 362.0 309.0 360.0
313.0 450.0 330.0 446.0
223.0 545.0 240.0 545.0
204.0 360.0 217.0 360.0
331.0 503.0 347.0 497.0
296.0 363.0 309.0 361.0
411.0 434.0 427.0 426.0
264.0 537.0 283.0 535.0
102.0 394.0 118.0 392.0
330.0 502.0 347.0 497.0
314.0 450.0 330.0 446.0
142.0 48.0 154.0 53.0
307.0 330.0 320.0 328.0
296.0 361.0 310.0 361.0
17.0 476.0 33.0 476.0
102.0 420.0 122.0 419.0
143.0 48.0 154.0 53.0
103.0 420.0 122.0 419.0
51.0 95.0 66.0 102.0
411.0 433.0 427.0 426.0
295.0 361.0 309.0 360.0
263.0 537.0 283.0 535.0
62.0 23.0 75.0 31.0
339.0 309.0 351.0 305.0
104.0 420.0 122.0 419.0
61.0 23.0 75.0 31.0
133.0 303.0 147.0 305.0
339.0 308.0 353.0 303.0
330.0 503.0 347.0 497.0
142.0 47.0 154.0 53.0
272.0 593.0 293.0 591.0
410.0 435.0 426.0 426.0
152.0 430.0 166.0 429.0
134.0 304.0 148.0 305.0
332.0 502.0 347.0 497.0
251.0 277.0 262.0 276.0
179.0 434.0 194.0 433.0
373.0 578.0 393.0 573.0
51.0 94.0 66.0 102.0
263.0 538.0 283.0 535.0
16.0 476.0 33.0 476.0
100.0 609.0 119.0 607.0
27.0 463.0 43.0 463.0
338.0 308.0 351.0 305.0
27.0 462.0 43.0 463.0
219.0 493.0 238.0 491.0
148.0 260.0 162.0 261.0
209.0 204.0 218.0 205.0
148.0 261.0 162.0 261.0
283.0 381.0 299.0 378.0
101.0 610.0 119.0 607.0
178.0 434.0 194.0 433.0
122.0 323.0 136.0 325.0
205.0 361.0 217.0 360.0
420.0 340.0 435.0 333.0
203.0 404.0 217.0 403.0
225.0 546.0 240.0 545.0
219.0 492.0 238.0 491.0
340.0 581.0 358.0 576.0
52.0 95.0 66.0 102.0
232.0 246.0 245.0 245.0
144.0 47.0 154.0 53.0
372.0 578.0 393.0 573.0
148.0 259.0 162.0 261.0
340.0 582.0 358.0 576.0
338.0 309.0 351.0 305.0
122.0 322.0 136.0 325.0
143.0 47.0 154.0 53.0
134.0 303.0 148.0 305.0
196.0 346.0 209.0 346.0
203.0 179.0 214.0 183.0
195.0 94.0 208.0 99.0
16.0 475.0 33.0 476.0
157.0 177.0 170.0 181.0
196.0 94.0 208.0 99.0
156.0 18.0 166.0 24.0
233.0 246.0 245.0 245.0
398.0 578.0 417.0 575.0
142.0 46.0 154.0 53.0
194.0 93.0 208.0 99.0
62.0 22.0 77.0 32.0
315.0 450.0 330.0 446.0
143.0 46.0 154.0 53.0
100.0 610.0 119.0 607.0
122.0 321.0 136.0 325.0
373.0 579.0 393.0 573.0
232.0 245.0 245.0 245.0
337.0 309.0 351.0 305.0
185.0 402.0 199.0 401.0
63.0 23.0 77.0 32.0
135.0 303.0 148.0 305.0
153.0 430.0 166.0 429.0
136.0 195.0 151.0 198.0
338.0 310.0 351.0 305.0
372.0 579.0 393.0 573.0
290.0 499.0 309.0 495.0
155.0 17.0 166.0 24.0
195.0 93.0 208.0 99.0
149.0 260.0 162.0 261.0
448.0 72.0 457.0 69.0
233.0 245.0 245.0 245.0
184.0 402.0 199.0 401.0
202.0 404.0 217.0 403.0
186.0 170.0 199.0 173.0
149.0 259.0 162.0 261.0
186.0 402.0 199.0 401.0
339.0 582.0 357.0 575.0
133.0 247.0 147.0 253.0
447.0 72.0 457.0 69.0
427.0 358.0 442.0 352.0
210.0 520.0 227.0 523.0
211.0 520.0 227.0 523.0
161.0 84.0 172.0 89.0
154.0 430.0 167.0 429.0
314.0 533.0 331.0 529.0
133.0 248.0 147.0 253.0
40.0 152.0 56.0 158.0
272.0 594.0 293.0 591.0
134.0 249.0 147.0 253.0
445.0 364.0 463.0 355.0
427.0 359.0 442.0 352.0
41.0 153.0 56.0 158.0
99.0 610.0 119.0 607.0
160.0 159.0 173.0 163.0
123.0 322.0 136.0 325.0
428.0 358.0 442.0 352.0
134.0 248.0 147.0 253.0
386.0 360.0 399.0 355.0
386.0 359.0 399.0 355.0
186.0 403.0 199.0 401.0
345.0 532.0 363.0 526.0
426.0 359.0 442.0 352.0
428.0 359.0 442.0 352.0
162.0 84.0 172.0 89.0
426.0 358.0 442.0 352.0
385.0 360.0 399.0 355.0
163.0 255.0 179.0 256.0
185.0 403.0 199.0 401.0
41.0 152.0 56.0 158.0
158.0 177.0 170.0 181.0
385.0 359.0 399.0 355.0
12.0 150.0 28.0 157.0
161.0 160.0 173.0 163.0
41.0 151.0 56.0 158.0
161.0 159.0 173.0 163.0
170.0 106.0 180.0 110.0
446.0 363.0 463.0 355.0
12.0 149.0 28.0 157.0
184.0 403.0 199.0 401.0
158.0 176.0 170.0 181.0
42.0 152.0 56.0 158.0
302.0 423.0 322.0 421.0
271.0 594.0 293.0 591.0
446.0 364.0 463.0 355.0
133.0 246.0 147.0 253.0
123.0 321.0 137.0 325.0
445.0 363.0 463.0 355.0
169.0 105.0 179.0 111.0
134.0 247.0 147.0 253.0
39.0 152.0 56.0 158.0
163.0 141.0 174.0 144.0
159.0 176.0 170.0 181.0
134.0 246.0 147.0 253.0
40.0 151.0 56.0 158.0
159.0 177.0 170.0 181.0
169.0 104.0 179.0 109.0
135.0 248.0 147.0 253.0
170.0 105.0 180.0 110.0
163.0 140.0 174.0 144.0
168.0 317.0 188.0 316.0
159.0 178.0 170.0 181.0
135.0 247.0 147.0 253.0
164.0 141.0 174.0 144.0
164.0 140.0 174.0 144.0
160.0 177.0 170.0 181.0
192.0 169.0 199.0 173.0
309.0 378.0 326.0 374.0
167.0 317.0 188.0 316.0
26.0 556.0 42.0 545.0
167.0 316.0 188.0 316.0
164.0 142.0 174.0 144.0
159.0 403.0 172.0 400.0
160.0 404.0 172.0 400.0
160.0 403.0 172.0 400.0
39.0 609.0 58.0 605.0
40.0 608.0 58.0 605.0
154.0 221.0 170.0 227.0
38.0 609.0 58.0 605.0
39.0 608.0 58.0 605.0
139.0 344.0 146.0 344.0
38.0 608.0 58.0 605.0
155.0 220.0 170.0 227.0
433.0 481.0 452.0 473.0
9.0 173.0 22.0 187.0
316.0 411.0 335.0 411.0
140.0 344.0 146.0 344.0
154.0 220.0 170.0 227.0
432.0 481.0 452.0 473.0
433.0 482.0 452.0 473.0
302.0 463.0 315.0 469.0
153.0 220.0 170.0 227.0
141.0 344.0 146.0 344.0
315.0 411.0 334.0 412.0
315.0 410.0 334.0 412.0
432.0 482.0 452.0 473.0
142.0 344.0 146.0 344.0
457.0 464.0 474.0 456.0
431.0 482.0 452.0 473.0
432.0 483.0 452.0 473.0
434.0 464.0 452.0 473.0
433.0 464.0 452.0 473.0
446.0 490.0 452.0 473.0
