141.0 213.0 146.0 202.0
140.0 212.0 146.0 202.0
140.0 213.0 146.0 202.0
140.0 211.0 146.0 202.0
141.0 212.0 146.0 202.0
141.0 211.0 146.0 202.0
77.0 543.0 81.0 536.0
139.0 212.0 146.0 202.0
76.0 544.0 81.0 537.0
139.0 211.0 146.0 202.0
77.0 544.0 81.0 537.0
406.0 367.0 411.0 362.0
275.0 295.0 282.0 289.0
12.0 242.0 17.0 236.0
276.0 296.0 282.0 289.0
407.0 367.0 413.0 362.0
237.0 525.0 240.0 522.0
38.0 241.0 42.0 233.0
237.0 526.0 240.0 522.0
407.0 366.0 411.0 361.0
238.0 526.0 240.0 522.0
275.0 296.0 282.0 289.0
236.0 527.0 239.0 523.0
135.0 136.0 142.0 120.0
237.0 527.0 239.0 523.0
442.0 389.0 446.0 386.0
274.0 295.0 282.0 289.0
37.0 241.0 42.0 233.0
12.0 243.0 17.0 236.0
236.0 526.0 239.0 522.0
430.0 347.0 435.0 341.0
311.0 315.0 318.0 308.0
276.0 294.0 283.0 289.0
36.0 241.0 42.0 233.0
38.0 240.0 42.0 233.0
235.0 526.0 239.0 522.0
274.0 296.0 282.0 289.0
429.0 347.0 433.0 342.0
174.0 166.0 181.0 154.0
275.0 294.0 283.0 289.0
306.0 263.0 314.0 257.0
37.0 239.0 42.0 233.0
37.0 240.0 42.0 233.0
305.0 263.0 314.0 257.0
443.0 390.0 446.0 386.0
77.0 545.0 81.0 537.0
360.0 289.0 367.0 282.0
76.0 545.0 80.0 538.0
36.0 240.0 42.0 233.0
13.0 243.0 17.0 236.0
36.0 239.0 42.0 233.0
276.0 295.0 282.0 289.0
78.0 544.0 81.0 536.0
174.0 165.0 181.0 154.0
305.0 264.0 314.0 257.0
306.0 264.0 314.0 257.0
312.0 315.0 318.0 308.0
123.0 201.0 129.0 190.0
313.0 313.0 320.0 306.0
306.0 262.0 314.0 257.0
429.0 346.0 433.0 342.0
313.0 314.0 320.0 306.0
362.0 272.0 370.0 265.0
311.0 314.0 318.0 308.0
307.0 263.0 314.0 257.0
443.0 391.0 446.0 386.0
287.0 179.0 294.0 171.0
128.0 147.0 134.0 134.0
323.0 71.0 337.0 56.0
176.0 165.0 182.0 153.0
305.0 262.0 314.0 257.0
236.0 525.0 239.0 522.0
312.0 314.0 318.0 308.0
11.0 243.0 17.0 236.0
175.0 164.0 181.0 154.0
20.0 474.0 23.0 466.0
311.0 313.0 318.0 308.0
304.0 263.0 313.0 257.0
118.0 568.0 122.0 563.0
428.0 347.0 433.0 342.0
263.0 133.0 270.0 122.0
441.0 390.0 446.0 386.0
442.0 390.0 446.0 386.0
19.0 474.0 23.0 466.0
127.0 147.0 134.0 134.0
327.0 318.0 334.0 310.0
312.0 313.0 320.0 306.0
430.0 348.0 435.0 341.0
254.0 36.0 264.0 22.0
361.0 271.0 370.0 265.0
361.0 272.0 370.0 265.0
175.0 166.0 181.0 154.0
255.0 35.0 264.0 22.0
16.0 230.0 22.0 220.0
117.0 569.0 121.0 563.0
15.0 230.0 22.0 220.0
16.0 229.0 22.0 220.0
292.0 199.0 303.0 189.0
324.0 71.0 337.0 56.0
292.0 198.0 303.0 189.0
327.0 319.0 334.0 311.0
262.0 133.0 270.0 122.0
441.0 389.0 446.0 386.0
175.0 165.0 181.0 154.0
429.0 348.0 433.0 342.0
118.0 567.0 122.0 563.0
398.0 320.0 403.0 314.0
442.0 391.0 446.0 386.0
117.0 568.0 121.0 563.0
148.0 627.0 151.0 623.0
397.0 222.0 404.0 216.0
363.0 270.0 370.0 265.0
49.0 426.0 54.0 418.0
428.0 348.0 433.0 342.0
362.0 270.0 370.0 265.0
363.0 271.0 370.0 265.0
122.0 201.0 127.0 190.0
254.0 35.0 264.0 22.0
398.0 321.0 403.0 314.0
324.0 72.0 337.0 56.0
146.0 628.0 151.0 623.0
123.0 200.0 129.0 189.0
122.0 200.0 127.0 190.0
116.0 567.0 121.0 563.0
122.0 199.0 130.0 189.0
121.0 201.0 127.0 190.0
117.0 567.0 122.0 563.0
322.0 72.0 337.0 56.0
148.0 628.0 151.0 623.0
332.0 128.0 342.0 115.0
147.0 628.0 151.0 623.0
292.0 197.0 303.0 189.0
253.0 36.0 264.0 22.0
362.0 271.0 370.0 265.0
359.0 111.0 370.0 98.0
359.0 110.0 370.0 98.0
180.0 530.0 184.0 525.0
262.0 134.0 270.0 122.0
253.0 35.0 264.0 20.0
350.0 50.0 362.0 39.0
397.0 320.0 403.0 314.0
147.0 627.0 151.0 622.0
116.0 568.0 121.0 563.0
179.0 530.0 184.0 525.0
261.0 135.0 271.0 124.0
293.0 196.0 303.0 189.0
13.0 488.0 16.0 479.0
349.0 51.0 362.0 39.0
409.0 151.0 420.0 141.0
121.0 200.0 127.0 190.0
441.0 391.0 446.0 386.0
360.0 110.0 370.0 98.0
323.0 72.0 337.0 56.0
263.0 134.0 270.0 122.0
205.0 624.0 207.0 620.0
13.0 489.0 16.0 479.0
204.0 624.0 207.0 620.0
427.0 348.0 433.0 342.0
19.0 444.0 24.0 435.0
287.0 180.0 294.0 171.0
415.0 285.0 422.0 279.0
204.0 586.0 207.0 582.0
360.0 111.0 370.0 98.0
12.0 490.0 16.0 479.0
323.0 73.0 338.0 56.0
156.0 526.0 159.0 521.0
349.0 50.0 362.0 39.0
127.0 582.0 129.0 577.0
422.0 301.0 429.0 294.0
155.0 526.0 159.0 521.0
204.0 587.0 207.0 582.0
132.0 506.0 136.0 502.0
280.0 243.0 285.0 238.0
49.0 425.0 54.0 418.0
263.0 135.0 270.0 122.0
48.0 425.0 54.0 418.0
131.0 507.0 136.0 502.0
293.0 199.0 303.0 189.0
293.0 197.0 303.0 188.0
397.0 321.0 403.0 314.0
262.0 136.0 271.0 124.0
205.0 623.0 208.0 619.0
440.0 80.0 455.0 67.0
203.0 587.0 207.0 582.0
262.0 135.0 271.0 124.0
422.0 302.0 430.0 294.0
203.0 586.0 207.0 582.0
12.0 489.0 16.0 479.0
131.0 506.0 136.0 502.0
294.0 197.0 303.0 188.0
349.0 52.0 362.0 39.0
12.0 604.0 17.0 596.0
12.0 488.0 16.0 479.0
155.0 527.0 159.0 522.0
322.0 73.0 337.0 56.0
180.0 531.0 184.0 525.0
114.0 602.0 119.0 594.0
12.0 605.0 17.0 596.0
13.0 604.0 17.0 596.0
293.0 198.0 303.0 189.0
332.0 176.0 340.0 167.0
439.0 80.0 455.0 67.0
294.0 196.0 303.0 188.0
115.0 601.0 119.0 594.0
401.0 241.0 411.0 234.0
179.0 531.0 184.0 525.0
333.0 176.0 340.0 167.0
132.0 505.0 137.0 500.0
294.0 198.0 303.0 188.0
219.0 523.0 217.0 523.0
188.0 612.0 190.0 609.0
396.0 321.0 403.0 314.0
441.0 79.0 455.0 67.0
421.0 301.0 430.0 294.0
287.0 148.0 295.0 137.0
286.0 148.0 294.0 136.0
116.0 602.0 119.0 594.0
192.0 596.0 195.0 591.0
203.0 623.0 208.0 619.0
153.0 612.0 155.0 607.0
116.0 601.0 119.0 594.0
400.0 241.0 411.0 234.0
281.0 243.0 285.0 238.0
421.0 303.0 430.0 294.0
350.0 51.0 362.0 39.0
191.0 595.0 195.0 591.0
154.0 526.0 159.0 521.0
192.0 595.0 195.0 591.0
440.0 79.0 455.0 67.0
186.0 612.0 190.0 609.0
154.0 613.0 155.0 607.0
192.0 597.0 195.0 591.0
154.0 527.0 159.0 521.0
400.0 242.0 411.0 234.0
191.0 596.0 195.0 591.0
333.0 177.0 340.0 167.0
421.0 302.0 430.0 294.0
115.0 602.0 119.0 594.0
187.0 612.0 190.0 609.0
187.0 613.0 190.0 609.0
339.0 278.0 346.0 271.0
230.0 102.0 238.0 91.0
332.0 177.0 340.0 167.0
420.0 302.0 430.0 294.0
338.0 278.0 346.0 271.0
132.0 507.0 136.0 502.0
139.0 575.0 145.0 569.0
219.0 522.0 217.0 523.0
281.0 242.0 289.0 234.0
188.0 613.0 190.0 609.0
153.0 613.0 155.0 607.0
204.0 623.0 208.0 619.0
332.0 178.0 340.0 167.0
11.0 489.0 16.0 479.0
230.0 103.0 238.0 91.0
18.0 443.0 24.0 435.0
401.0 242.0 411.0 234.0
20.0 443.0 24.0 435.0
152.0 613.0 155.0 607.0
220.0 523.0 217.0 523.0
5.0 388.0 14.0 383.0
4.0 388.0 14.0 383.0
5.0 411.0 5.0 405.0
19.0 443.0 24.0 435.0
20.0 442.0 24.0 435.0
139.0 574.0 145.0 569.0
231.0 103.0 238.0 91.0
19.0 442.0 24.0 435.0
337.0 278.0 346.0 271.0
138.0 575.0 145.0 569.0
420.0 303.0 430.0 294.0
230.0 104.0 238.0 91.0
140.0 574.0 145.0 569.0
460.0 383.0 464.0 378.0
5.0 410.0 5.0 405.0
140.0 575.0 145.0 569.0
331.0 177.0 340.0 167.0
460.0 384.0 464.0 378.0
399.0 242.0 411.0 234.0
38.0 429.0 43.0 423.0
20.0 441.0 24.0 435.0
338.0 279.0 346.0 271.0
401.0 243.0 411.0 234.0
286.0 149.0 294.0 136.0
141.0 575.0 145.0 569.0
287.0 149.0 295.0 137.0
229.0 102.0 238.0 91.0
231.0 104.0 238.0 91.0
339.0 279.0 346.0 271.0
38.0 555.0 46.0 539.0
400.0 243.0 411.0 234.0
139.0 576.0 145.0 569.0
368.0 141.0 377.0 131.0
459.0 383.0 464.0 378.0
38.0 554.0 46.0 539.0
337.0 279.0 345.0 272.0
141.0 576.0 145.0 569.0
220.0 522.0 217.0 523.0
140.0 576.0 145.0 569.0
25.0 597.0 30.0 588.0
452.0 297.0 462.0 290.0
37.0 429.0 43.0 423.0
24.0 598.0 17.0 597.0
229.0 103.0 238.0 91.0
161.0 562.0 165.0 556.0
399.0 243.0 411.0 234.0
134.0 611.0 138.0 602.0
221.0 522.0 217.0 523.0
453.0 297.0 462.0 290.0
453.0 296.0 462.0 290.0
180.0 625.0 181.0 621.0
25.0 596.0 30.0 588.0
368.0 140.0 377.0 131.0
24.0 597.0 30.0 588.0
454.0 296.0 462.0 290.0
25.0 598.0 17.0 597.0
367.0 141.0 377.0 131.0
366.0 141.0 377.0 131.0
454.0 297.0 462.0 290.0
22.0 568.0 26.0 561.0
23.0 568.0 26.0 561.0
23.0 567.0 26.0 561.0
367.0 140.0 377.0 131.0
22.0 567.0 26.0 561.0
366.0 140.0 377.0 131.0
180.0 566.0 185.0 560.0
339.0 165.0 348.0 155.0
338.0 166.0 348.0 155.0
181.0 566.0 185.0 560.0
401.0 81.0 425.0 75.0
339.0 166.0 348.0 155.0
339.0 167.0 348.0 155.0
340.0 166.0 348.0 155.0
400.0 82.0 425.0 75.0
136.0 526.0 159.0 522.0
401.0 80.0 424.0 75.0
135.0 527.0 159.0 522.0
135.0 526.0 159.0 522.0
136.0 525.0 159.0 521.0
135.0 525.0 159.0 521.0
400.0 80.0 424.0 75.0
136.0 527.0 159.0 522.0
400.0 81.0 425.0 75.0
66.0 103.0 69.0 101.0
399.0 82.0 425.0 75.0
3.0 629.0 17.0 597.0
2.0 629.0 17.0 597.0
399.0 80.0 424.0 75.0
67.0 104.0 69.0 101.0
3.0 630.0 17.0 597.0
202.0 533.0 217.0 523.0
66.0 102.0 69.0 101.0
