320.0 109.0 304.0 118.0
320.0 110.0 304.0 118.0
352.0 301.0 337.0 310.0
320.0 107.0 304.0 117.0
240.0 269.0 227.0 278.0
319.0 109.0 303.0 118.0
353.0 300.0 337.0 310.0
321.0 109.0 304.0 118.0
352.0 300.0 337.0 310.0
321.0 108.0 304.0 117.0
333.0 569.0 320.0 580.0
333.0 568.0 320.0 580.0
320.0 108.0 304.0 117.0
188.0 263.0 173.0 274.0
319.0 108.0 303.0 118.0
357.0 197.0 342.0 207.0
352.0 299.0 337.0 310.0
239.0 269.0 226.0 278.0
358.0 197.0 342.0 208.0
416.0 243.0 400.0 255.0
354.0 236.0 340.0 249.0
283.0 295.0 270.0 305.0
353.0 299.0 337.0 310.0
416.0 244.0 400.0 255.0
417.0 244.0 400.0 254.0
283.0 294.0 270.0 305.0
365.0 401.0 353.0 409.0
306.0 98.0 291.0 108.0
415.0 203.0 398.0 212.0
415.0 202.0 398.0 212.0
358.0 198.0 343.0 208.0
189.0 262.0 173.0 274.0
417.0 242.0 401.0 253.0
90.0 564.0 80.0 578.0
365.0 402.0 353.0 409.0
83.0 306.0 70.0 315.0
240.0 270.0 227.0 278.0
160.0 264.0 145.0 274.0
160.0 262.0 146.0 273.0
354.0 237.0 340.0 249.0
100.0 449.0 91.0 458.0
146.0 314.0 132.0 322.0
335.0 219.0 320.0 228.0
357.0 198.0 342.0 208.0
160.0 263.0 145.0 274.0
363.0 385.0 349.0 390.0
417.0 243.0 400.0 254.0
362.0 386.0 349.0 390.0
335.0 218.0 320.0 228.0
189.0 263.0 173.0 274.0
147.0 314.0 132.0 322.0
85.0 540.0 75.0 550.0
238.0 270.0 226.0 279.0
298.0 253.0 281.0 258.0
353.0 236.0 340.0 249.0
284.0 294.0 270.0 305.0
138.0 176.0 125.0 186.0
284.0 295.0 270.0 305.0
353.0 237.0 340.0 249.0
416.0 242.0 400.0 254.0
366.0 402.0 353.0 409.0
357.0 199.0 343.0 208.0
147.0 313.0 132.0 322.0
159.0 263.0 145.0 274.0
297.0 253.0 281.0 258.0
160.0 265.0 145.0 274.0
363.0 386.0 349.0 390.0
306.0 97.0 291.0 107.0
90.0 565.0 80.0 578.0
82.0 306.0 70.0 315.0
147.0 315.0 132.0 322.0
365.0 403.0 353.0 409.0
239.0 270.0 226.0 278.0
137.0 176.0 125.0 186.0
356.0 198.0 342.0 208.0
159.0 264.0 145.0 274.0
311.0 27.0 297.0 37.0
415.0 243.0 400.0 254.0
83.0 307.0 70.0 315.0
311.0 28.0 297.0 37.0
161.0 264.0 145.0 274.0
101.0 449.0 91.0 458.0
146.0 313.0 132.0 322.0
138.0 178.0 125.0 186.0
289.0 140.0 274.0 148.0
85.0 541.0 75.0 550.0
352.0 458.0 340.0 464.0
411.0 453.0 397.0 461.0
406.0 432.0 394.0 441.0
306.0 96.0 291.0 107.0
138.0 177.0 125.0 186.0
89.0 565.0 80.0 578.0
362.0 387.0 349.0 390.0
307.0 270.0 294.0 277.0
244.0 189.0 232.0 195.0
86.0 540.0 75.0 550.0
298.0 254.0 281.0 258.0
284.0 93.0 268.0 99.0
150.0 493.0 138.0 506.0
289.0 141.0 274.0 148.0
161.0 263.0 145.0 274.0
240.0 271.0 227.0 278.0
100.0 450.0 91.0 458.0
410.0 453.0 396.0 462.0
416.0 202.0 398.0 212.0
288.0 141.0 274.0 148.0
179.0 370.0 165.0 379.0
305.0 97.0 291.0 107.0
146.0 315.0 132.0 322.0
369.0 98.0 355.0 109.0
363.0 387.0 349.0 390.0
86.0 541.0 75.0 550.0
94.0 146.0 82.0 154.0
239.0 271.0 226.0 278.0
297.0 254.0 281.0 258.0
310.0 27.0 297.0 37.0
415.0 244.0 400.0 255.0
363.0 388.0 349.0 390.0
146.0 316.0 132.0 322.0
150.0 494.0 138.0 506.0
137.0 177.0 125.0 186.0
351.0 460.0 338.0 465.0
123.0 307.0 110.0 314.0
123.0 306.0 110.0 314.0
319.0 585.0 308.0 595.0
364.0 386.0 349.0 390.0
150.0 517.0 138.0 528.0
145.0 315.0 132.0 322.0
81.0 307.0 70.0 315.0
297.0 255.0 281.0 259.0
82.0 307.0 70.0 315.0
318.0 585.0 308.0 595.0
364.0 402.0 353.0 409.0
190.0 262.0 174.0 274.0
145.0 314.0 132.0 322.0
305.0 96.0 291.0 107.0
334.0 218.0 320.0 228.0
352.0 459.0 340.0 464.0
288.0 140.0 274.0 148.0
151.0 494.0 138.0 506.0
190.0 261.0 174.0 274.0
335.0 217.0 320.0 228.0
334.0 126.0 319.0 136.0
101.0 450.0 91.0 458.0
333.0 126.0 318.0 135.0
318.0 298.0 305.0 307.0
382.0 260.0 366.0 274.0
95.0 145.0 82.0 154.0
179.0 371.0 165.0 379.0
180.0 370.0 165.0 379.0
243.0 189.0 232.0 195.0
319.0 584.0 308.0 595.0
151.0 517.0 138.0 528.0
122.0 307.0 110.0 314.0
82.0 308.0 70.0 315.0
85.0 62.0 71.0 71.0
138.0 175.0 125.0 186.0
137.0 178.0 125.0 186.0
298.0 255.0 281.0 258.0
435.0 90.0 418.0 101.0
289.0 139.0 274.0 148.0
93.0 146.0 82.0 154.0
328.0 607.0 315.0 618.0
162.0 477.0 149.0 491.0
369.0 248.0 355.0 258.0
83.0 93.0 69.0 103.0
180.0 369.0 165.0 379.0
86.0 62.0 71.0 72.0
86.0 539.0 76.0 551.0
94.0 145.0 82.0 154.0
307.0 269.0 295.0 278.0
180.0 371.0 165.0 379.0
328.0 608.0 315.0 619.0
368.0 250.0 355.0 258.0
299.0 254.0 281.0 258.0
85.0 61.0 71.0 71.0
351.0 461.0 338.0 465.0
95.0 144.0 82.0 154.0
287.0 141.0 274.0 148.0
84.0 93.0 71.0 103.0
266.0 587.0 256.0 599.0
318.0 584.0 308.0 595.0
266.0 586.0 256.0 599.0
435.0 91.0 418.0 102.0
273.0 601.0 265.0 613.0
134.0 203.0 123.0 212.0
304.0 596.0 295.0 606.0
274.0 600.0 265.0 613.0
83.0 94.0 69.0 103.0
274.0 601.0 265.0 613.0
327.0 608.0 315.0 619.0
244.0 190.0 232.0 195.0
87.0 61.0 72.0 71.0
150.0 518.0 138.0 528.0
353.0 459.0 340.0 464.0
318.0 297.0 305.0 307.0
436.0 90.0 418.0 101.0
353.0 458.0 340.0 464.0
149.0 495.0 138.0 506.0
334.0 217.0 319.0 227.0
149.0 496.0 138.0 507.0
86.0 61.0 71.0 71.0
96.0 621.0 86.0 635.0
360.0 405.0 346.0 410.0
366.0 126.0 350.0 135.0
175.0 430.0 162.0 436.0
317.0 298.0 305.0 307.0
96.0 620.0 86.0 635.0
333.0 125.0 318.0 135.0
436.0 91.0 418.0 102.0
82.0 93.0 69.0 103.0
96.0 619.0 86.0 635.0
94.0 144.0 82.0 154.0
353.0 460.0 340.0 464.0
335.0 125.0 319.0 136.0
382.0 259.0 366.0 274.0
150.0 495.0 138.0 506.0
75.0 193.0 54.0 202.0
359.0 405.0 346.0 410.0
151.0 495.0 140.0 507.0
352.0 460.0 338.0 465.0
93.0 144.0 82.0 154.0
97.0 620.0 86.0 635.0
93.0 145.0 82.0 154.0
243.0 190.0 232.0 195.0
85.0 60.0 71.0 71.0
175.0 431.0 162.0 436.0
149.0 518.0 138.0 528.0
83.0 92.0 71.0 103.0
183.0 285.0 169.0 298.0
265.0 587.0 256.0 599.0
365.0 125.0 350.0 135.0
87.0 540.0 75.0 551.0
306.0 269.0 294.0 277.0
317.0 585.0 308.0 595.0
182.0 285.0 169.0 299.0
97.0 619.0 86.0 635.0
265.0 586.0 256.0 599.0
352.0 461.0 338.0 465.0
94.0 625.0 86.0 635.0
383.0 260.0 366.0 274.0
86.0 60.0 71.0 71.0
383.0 259.0 366.0 274.0
305.0 596.0 294.0 607.0
334.0 125.0 318.0 135.0
334.0 124.0 318.0 135.0
368.0 249.0 355.0 258.0
75.0 192.0 54.0 202.0
119.0 472.0 107.0 480.0
82.0 92.0 69.0 103.0
181.0 370.0 165.0 379.0
360.0 406.0 346.0 410.0
376.0 438.0 364.0 447.0
435.0 92.0 418.0 102.0
288.0 139.0 274.0 148.0
436.0 92.0 418.0 102.0
368.0 248.0 354.0 258.0
317.0 584.0 308.0 595.0
163.0 476.0 149.0 491.0
327.0 609.0 315.0 619.0
328.0 609.0 315.0 619.0
151.0 496.0 140.0 507.0
372.0 371.0 356.0 388.0
94.0 143.0 82.0 153.0
151.0 518.0 138.0 528.0
363.0 265.0 348.0 273.0
438.0 248.0 422.0 258.0
372.0 372.0 356.0 388.0
305.0 597.0 294.0 607.0
373.0 371.0 356.0 388.0
76.0 192.0 54.0 202.0
84.0 94.0 71.0 103.0
359.0 406.0 346.0 410.0
182.0 284.0 169.0 298.0
150.0 496.0 138.0 507.0
181.0 371.0 165.0 379.0
264.0 587.0 256.0 599.0
438.0 247.0 422.0 258.0
264.0 586.0 256.0 599.0
76.0 193.0 54.0 202.0
120.0 472.0 107.0 480.0
439.0 247.0 422.0 256.0
307.0 268.0 295.0 278.0
306.0 268.0 294.0 277.0
367.0 251.0 354.0 258.0
183.0 284.0 169.0 298.0
438.0 246.0 421.0 256.0
365.0 126.0 350.0 135.0
367.0 250.0 354.0 258.0
439.0 246.0 422.0 256.0
376.0 440.0 364.0 447.0
333.0 124.0 318.0 135.0
119.0 473.0 107.0 480.0
372.0 370.0 356.0 388.0
317.0 297.0 305.0 307.0
376.0 439.0 364.0 447.0
95.0 143.0 82.0 154.0
305.0 598.0 294.0 607.0
174.0 430.0 162.0 436.0
373.0 370.0 356.0 388.0
174.0 431.0 162.0 436.0
175.0 432.0 162.0 436.0
364.0 265.0 348.0 273.0
306.0 597.0 294.0 607.0
45.0 525.0 35.0 539.0
304.0 597.0 294.0 607.0
230.0 589.0 220.0 603.0
45.0 524.0 35.0 537.0
101.0 25.0 88.0 34.0
161.0 552.0 154.0 559.0
102.0 24.0 89.0 34.0
417.0 52.0 401.0 69.0
306.0 598.0 294.0 607.0
85.0 34.0 71.0 43.0
174.0 432.0 162.0 436.0
304.0 598.0 294.0 607.0
230.0 590.0 220.0 603.0
447.0 136.0 427.0 150.0
46.0 523.0 35.0 537.0
101.0 24.0 88.0 34.0
229.0 590.0 214.0 605.0
46.0 524.0 35.0 537.0
229.0 589.0 220.0 603.0
438.0 276.0 422.0 286.0
45.0 523.0 34.0 538.0
284.0 288.0 270.0 305.0
101.0 23.0 88.0 34.0
102.0 23.0 89.0 34.0
447.0 137.0 427.0 150.0
346.0 285.0 324.0 294.0
286.0 225.0 267.0 229.0
422.0 21.0 410.0 22.0
421.0 20.0 410.0 22.0
285.0 288.0 270.0 305.0
286.0 226.0 267.0 229.0
440.0 218.0 422.0 228.0
160.0 553.0 154.0 559.0
160.0 552.0 154.0 559.0
421.0 21.0 410.0 22.0
439.0 217.0 422.0 228.0
420.0 22.0 410.0 22.0
440.0 217.0 422.0 228.0
44.0 524.0 34.0 538.0
420.0 21.0 410.0 22.0
49.0 85.0 38.0 96.0
50.0 84.0 38.0 96.0
50.0 85.0 38.0 96.0
421.0 22.0 410.0 22.0
420.0 20.0 410.0 22.0
440.0 216.0 422.0 228.0
51.0 84.0 38.0 96.0
50.0 86.0 38.0 96.0
284.0 287.0 270.0 305.0
286.0 287.0 270.0 305.0
285.0 287.0 270.0 305.0
441.0 217.0 422.0 228.0
49.0 86.0 38.0 96.0
86.0 368.0 63.0 368.0
159.0 552.0 154.0 559.0
51.0 85.0 38.0 96.0
433.0 265.0 422.0 285.0
441.0 216.0 422.0 228.0
159.0 553.0 154.0 559.0
434.0 265.0 422.0 285.0
196.0 612.0 242.0 618.0
87.0 368.0 63.0 368.0
181.0 397.0 165.0 395.0
51.0 86.0 38.0 96.0
86.0 369.0 63.0 368.0
474.0 139.0 456.0 150.0
169.0 598.0 221.0 604.0
139.0 608.0 187.0 614.0
138.0 607.0 188.0 615.0
178.0 361.0 165.0 379.0
85.0 369.0 63.0 368.0
168.0 598.0 221.0 604.0
139.0 606.0 187.0 614.0
137.0 608.0 188.0 615.0
433.0 264.0 422.0 285.0
139.0 607.0 187.0 614.0
137.0 607.0 188.0 615.0
55.0 400.0 48.0 408.0
57.0 400.0 48.0 408.0
55.0 401.0 48.0 408.0
168.0 597.0 221.0 604.0
138.0 608.0 187.0 614.0
138.0 606.0 188.0 614.0
434.0 264.0 422.0 285.0
339.0 107.0 305.0 119.0
76.0 25.0 55.0 7.0
339.0 108.0 305.0 119.0
390.0 216.0 371.0 215.0
56.0 400.0 48.0 408.0
389.0 216.0 371.0 215.0
56.0 401.0 48.0 408.0
436.0 13.0 410.0 22.0
33.0 381.0 34.0 422.0
436.0 14.0 410.0 22.0
437.0 13.0 410.0 22.0
