49.0 123.0 59.0 123.0
446.0 287.0 454.0 292.0
203.0 359.0 214.0 359.0
447.0 286.0 454.0 292.0
447.0 287.0 454.0 292.0
123.0 127.0 132.0 127.0
223.0 531.0 236.0 531.0
203.0 358.0 214.0 359.0
204.0 359.0 215.0 359.0
446.0 286.0 454.0 291.0
445.0 286.0 454.0 291.0
124.0 127.0 133.0 127.0
222.0 531.0 236.0 531.0
281.0 451.0 291.0 452.0
200.0 449.0 212.0 448.0
199.0 449.0 212.0 448.0
282.0 452.0 291.0 452.0
201.0 449.0 212.0 448.0
200.0 450.0 212.0 448.0
229.0 336.0 241.0 338.0
127.0 436.0 140.0 435.0
49.0 124.0 59.0 123.0
395.0 289.0 403.0 293.0
228.0 337.0 240.0 339.0
229.0 337.0 240.0 339.0
128.0 436.0 140.0 435.0
48.0 123.0 58.0 123.0
186.0 299.0 198.0 302.0
116.0 272.0 127.0 273.0
171.0 422.0 181.0 421.0
223.0 532.0 236.0 531.0
207.0 262.0 218.0 266.0
228.0 336.0 241.0 338.0
200.0 448.0 212.0 448.0
117.0 272.0 127.0 273.0
204.0 358.0 215.0 359.0
163.0 373.0 176.0 372.0
355.0 328.0 365.0 333.0
127.0 437.0 140.0 436.0
163.0 372.0 175.0 372.0
313.0 298.0 323.0 301.0
143.0 295.0 155.0 296.0
282.0 451.0 291.0 452.0
353.0 551.0 363.0 551.0
48.0 124.0 59.0 123.0
394.0 289.0 403.0 293.0
116.0 273.0 127.0 274.0
307.0 584.0 317.0 580.0
449.0 463.0 458.0 465.0
167.0 290.0 178.0 291.0
281.0 452.0 291.0 452.0
281.0 344.0 290.0 347.0
113.0 468.0 126.0 467.0
114.0 468.0 126.0 467.0
117.0 273.0 127.0 274.0
204.0 357.0 215.0 358.0
173.0 397.0 186.0 398.0
52.0 187.0 62.0 187.0
307.0 583.0 317.0 580.0
224.0 531.0 236.0 531.0
144.0 295.0 155.0 296.0
230.0 337.0 241.0 338.0
168.0 290.0 178.0 291.0
174.0 108.0 185.0 110.0
354.0 328.0 365.0 333.0
172.0 210.0 183.0 211.0
164.0 372.0 176.0 372.0
354.0 329.0 365.0 333.0
395.0 290.0 403.0 293.0
143.0 294.0 155.0 296.0
69.0 491.0 83.0 489.0
128.0 437.0 140.0 436.0
173.0 209.0 182.0 210.0
356.0 328.0 365.0 333.0
174.0 396.0 186.0 398.0
212.0 374.0 224.0 376.0
123.0 361.0 133.0 360.0
353.0 420.0 361.0 423.0
208.0 261.0 219.0 266.0
133.0 421.0 146.0 420.0
171.0 423.0 181.0 422.0
172.0 209.0 183.0 211.0
308.0 583.0 317.0 580.0
145.0 295.0 155.0 296.0
323.0 419.0 333.0 421.0
407.0 234.0 414.0 239.0
352.0 551.0 361.0 551.0
122.0 360.0 133.0 360.0
175.0 584.0 188.0 578.0
451.0 463.0 458.0 465.0
172.0 208.0 182.0 210.0
174.0 397.0 186.0 398.0
450.0 463.0 458.0 465.0
114.0 469.0 126.0 468.0
356.0 329.0 365.0 333.0
405.0 234.0 414.0 239.0
304.0 482.0 314.0 482.0
212.0 375.0 224.0 376.0
353.0 421.0 361.0 423.0
123.0 362.0 133.0 361.0
171.0 209.0 183.0 211.0
313.0 297.0 323.0 301.0
149.0 412.0 161.0 411.0
124.0 361.0 133.0 361.0
170.0 422.0 181.0 421.0
209.0 263.0 219.0 266.0
113.0 469.0 126.0 468.0
353.0 552.0 363.0 551.0
53.0 187.0 62.0 187.0
354.0 552.0 363.0 551.0
116.0 274.0 127.0 274.0
323.0 420.0 333.0 421.0
111.0 218.0 121.0 219.0
337.0 495.0 346.0 495.0
218.0 513.0 230.0 512.0
450.0 462.0 458.0 465.0
356.0 150.0 368.0 157.0
449.0 462.0 458.0 465.0
355.0 329.0 365.0 333.0
171.0 208.0 183.0 211.0
394.0 287.0 403.0 292.0
241.0 318.0 253.0 321.0
174.0 107.0 186.0 109.0
451.0 461.0 458.0 465.0
169.0 356.0 180.0 356.0
308.0 584.0 317.0 580.0
328.0 304.0 338.0 307.0
337.0 496.0 346.0 495.0
188.0 45.0 198.0 48.0
208.0 262.0 219.0 266.0
150.0 411.0 161.0 411.0
394.0 288.0 403.0 292.0
306.0 482.0 315.0 483.0
292.0 242.0 303.0 246.0
405.0 233.0 414.0 239.0
450.0 461.0 458.0 465.0
125.0 329.0 137.0 329.0
306.0 483.0 315.0 483.0
406.0 234.0 414.0 239.0
406.0 235.0 414.0 239.0
175.0 107.0 186.0 109.0
70.0 491.0 83.0 489.0
280.0 451.0 291.0 452.0
336.0 495.0 346.0 495.0
170.0 423.0 181.0 421.0
169.0 355.0 180.0 356.0
370.0 455.0 380.0 457.0
159.0 228.0 169.0 229.0
147.0 241.0 159.0 243.0
269.0 34.0 281.0 40.0
230.0 336.0 241.0 338.0
123.0 360.0 133.0 360.0
176.0 584.0 188.0 578.0
304.0 483.0 314.0 482.0
122.0 361.0 133.0 361.0
168.0 355.0 179.0 355.0
209.0 262.0 219.0 266.0
356.0 151.0 368.0 157.0
189.0 398.0 199.0 399.0
335.0 495.0 346.0 495.0
69.0 490.0 83.0 489.0
170.0 491.0 183.0 490.0
175.0 583.0 188.0 578.0
176.0 583.0 188.0 578.0
213.0 375.0 224.0 376.0
259.0 231.0 268.0 234.0
336.0 496.0 346.0 495.0
122.0 362.0 133.0 361.0
46.0 82.0 57.0 82.0
172.0 511.0 184.0 510.0
406.0 233.0 414.0 239.0
357.0 150.0 368.0 157.0
168.0 356.0 179.0 355.0
110.0 219.0 121.0 219.0
259.0 105.0 270.0 109.0
167.0 356.0 179.0 355.0
110.0 218.0 121.0 219.0
213.0 374.0 224.0 376.0
371.0 455.0 380.0 457.0
259.0 232.0 268.0 234.0
218.0 66.0 229.0 70.0
218.0 512.0 230.0 512.0
305.0 482.0 314.0 482.0
149.0 411.0 161.0 411.0
306.0 484.0 315.0 483.0
393.0 287.0 403.0 292.0
241.0 584.0 253.0 581.0
46.0 81.0 57.0 81.0
270.0 34.0 281.0 40.0
357.0 152.0 368.0 157.0
68.0 490.0 82.0 488.0
140.0 362.0 150.0 362.0
258.0 232.0 268.0 234.0
170.0 490.0 183.0 489.0
335.0 494.0 346.0 495.0
266.0 139.0 276.0 143.0
219.0 67.0 229.0 70.0
70.0 490.0 83.0 489.0
451.0 462.0 458.0 465.0
208.0 263.0 219.0 266.0
111.0 219.0 121.0 219.0
258.0 231.0 268.0 234.0
357.0 151.0 368.0 157.0
305.0 483.0 314.0 482.0
53.0 586.0 68.0 579.0
167.0 355.0 179.0 355.0
173.0 396.0 186.0 398.0
394.0 436.0 401.0 438.0
188.0 398.0 199.0 399.0
117.0 274.0 127.0 274.0
411.0 278.0 419.0 283.0
139.0 362.0 150.0 363.0
358.0 151.0 368.0 157.0
169.0 490.0 181.0 489.0
267.0 76.0 277.0 80.0
331.0 398.0 339.0 400.0
321.0 514.0 330.0 514.0
324.0 419.0 333.0 421.0
50.0 224.0 62.0 226.0
176.0 582.0 188.0 578.0
336.0 494.0 346.0 495.0
337.0 494.0 346.0 495.0
213.0 84.0 225.0 88.0
394.0 286.0 403.0 292.0
324.0 420.0 333.0 421.0
217.0 512.0 230.0 512.0
47.0 83.0 57.0 82.0
147.0 240.0 159.0 243.0
260.0 105.0 270.0 109.0
68.0 491.0 82.0 488.0
172.0 562.0 182.0 558.0
189.0 45.0 198.0 48.0
237.0 36.0 248.0 40.0
215.0 84.0 226.0 88.0
358.0 152.0 368.0 157.0
213.0 85.0 225.0 88.0
305.0 484.0 314.0 483.0
159.0 229.0 169.0 229.0
340.0 536.0 349.0 535.0
169.0 491.0 181.0 489.0
214.0 84.0 225.0 88.0
54.0 586.0 68.0 579.0
46.0 83.0 57.0 82.0
189.0 397.0 199.0 399.0
412.0 278.0 419.0 283.0
321.0 515.0 330.0 514.0
218.0 511.0 230.0 512.0
172.0 396.0 186.0 398.0
328.0 303.0 338.0 307.0
171.0 511.0 183.0 510.0
340.0 535.0 350.0 535.0
471.0 588.0 477.0 588.0
241.0 317.0 253.0 321.0
113.0 470.0 126.0 468.0
411.0 279.0 419.0 283.0
141.0 224.0 151.0 227.0
53.0 188.0 62.0 187.0
320.0 515.0 330.0 514.0
218.0 67.0 229.0 70.0
325.0 420.0 333.0 422.0
350.0 286.0 358.0 290.0
55.0 585.0 68.0 579.0
265.0 139.0 275.0 144.0
181.0 156.0 192.0 159.0
320.0 516.0 330.0 514.0
228.0 221.0 239.0 225.0
215.0 85.0 225.0 88.0
251.0 229.0 261.0 232.0
332.0 280.0 341.0 284.0
47.0 82.0 57.0 82.0
43.0 304.0 55.0 305.0
43.0 305.0 55.0 305.0
45.0 82.0 57.0 82.0
188.0 397.0 199.0 399.0
42.0 305.0 55.0 305.0
266.0 138.0 276.0 143.0
164.0 239.0 176.0 242.0
47.0 84.0 56.0 83.0
265.0 138.0 275.0 144.0
214.0 85.0 225.0 88.0
320.0 514.0 330.0 514.0
341.0 537.0 349.0 535.0
140.0 363.0 150.0 363.0
327.0 303.0 338.0 307.0
268.0 76.0 277.0 80.0
394.0 435.0 401.0 438.0
55.0 586.0 68.0 579.0
471.0 587.0 477.0 588.0
330.0 398.0 339.0 401.0
168.0 491.0 181.0 489.0
120.0 176.0 131.0 177.0
181.0 157.0 192.0 159.0
42.0 304.0 55.0 305.0
268.0 75.0 277.0 79.0
182.0 156.0 192.0 159.0
259.0 104.0 270.0 109.0
229.0 221.0 239.0 225.0
393.0 435.0 401.0 438.0
121.0 175.0 131.0 177.0
54.0 585.0 68.0 579.0
183.0 156.0 192.0 159.0
349.0 286.0 358.0 290.0
139.0 363.0 150.0 363.0
303.0 361.0 313.0 363.0
412.0 279.0 419.0 283.0
44.0 305.0 55.0 305.0
278.0 484.0 288.0 484.0
371.0 225.0 380.0 230.0
269.0 76.0 277.0 80.0
182.0 157.0 192.0 159.0
269.0 75.0 278.0 80.0
120.0 175.0 131.0 177.0
54.0 188.0 62.0 187.0
355.0 446.0 364.0 448.0
341.0 536.0 349.0 535.0
306.0 280.0 316.0 284.0
277.0 484.0 288.0 484.0
302.0 360.0 313.0 363.0
398.0 258.0 406.0 263.0
171.0 542.0 185.0 539.0
237.0 37.0 248.0 40.0
180.0 605.0 192.0 599.0
398.0 259.0 406.0 263.0
49.0 224.0 62.0 226.0
397.0 258.0 406.0 263.0
238.0 552.0 250.0 550.0
30.0 327.0 44.0 327.0
379.0 547.0 386.0 547.0
31.0 327.0 44.0 327.0
341.0 535.0 350.0 535.0
413.0 279.0 419.0 283.0
18.0 100.0 27.0 97.0
180.0 604.0 192.0 599.0
179.0 604.0 192.0 599.0
302.0 361.0 313.0 363.0
280.0 391.0 290.0 393.0
183.0 157.0 192.0 159.0
119.0 175.0 131.0 177.0
17.0 437.0 25.0 437.0
342.0 536.0 350.0 535.0
355.0 445.0 364.0 448.0
19.0 100.0 27.0 97.0
307.0 280.0 316.0 284.0
18.0 101.0 27.0 97.0
278.0 391.0 290.0 393.0
214.0 17.0 224.0 19.0
120.0 174.0 131.0 177.0
279.0 390.0 290.0 393.0
132.0 507.0 146.0 505.0
16.0 437.0 25.0 437.0
459.0 570.0 465.0 568.0
171.0 541.0 185.0 539.0
181.0 604.0 192.0 599.0
17.0 436.0 25.0 437.0
181.0 605.0 192.0 599.0
16.0 436.0 25.0 437.0
31.0 326.0 44.0 327.0
279.0 391.0 290.0 393.0
15.0 437.0 25.0 437.0
30.0 326.0 44.0 327.0
459.0 569.0 465.0 568.0
278.0 390.0 290.0 393.0
15.0 436.0 25.0 437.0
378.0 547.0 386.0 547.0
459.0 568.0 465.0 568.0
228.0 52.0 233.0 63.0
221.0 407.0 235.0 402.0
129.0 565.0 141.0 561.0
16.0 389.0 27.0 386.0
128.0 565.0 141.0 561.0
129.0 564.0 141.0 561.0
279.0 92.0 290.0 96.0
15.0 389.0 27.0 386.0
15.0 388.0 27.0 386.0
29.0 610.0 43.0 603.0
14.0 388.0 27.0 386.0
14.0 389.0 27.0 386.0
29.0 611.0 43.0 603.0
461.0 41.0 470.0 48.0
29.0 205.0 45.0 204.0
336.0 396.0 340.0 400.0
114.0 252.0 119.0 247.0
10.0 144.0 21.0 143.0
10.0 143.0 21.0 143.0
389.0 207.0 405.0 228.0
9.0 144.0 19.0 143.0
388.0 207.0 405.0 228.0
389.0 206.0 405.0 228.0
11.0 144.0 21.0 143.0
213.0 346.0 222.0 337.0
114.0 253.0 119.0 247.0
28.0 611.0 43.0 603.0
106.0 566.0 141.0 561.0
105.0 566.0 141.0 561.0
104.0 566.0 141.0 561.0
104.0 565.0 141.0 561.0
115.0 253.0 119.0 247.0
217.0 442.0 232.0 430.0
160.0 272.0 177.0 291.0
297.0 501.0 313.0 484.0
217.0 443.0 232.0 430.0
216.0 443.0 232.0 430.0
217.0 444.0 232.0 430.0
186.0 625.0 192.0 599.0
161.0 272.0 177.0 291.0
160.0 271.0 177.0 291.0
