154.0 99.0 152.0 107.0
143.0 211.0 143.0 217.0
325.0 130.0 322.0 132.0
326.0 130.0 322.0 132.0
270.0 417.0 273.0 415.0
325.0 129.0 322.0 132.0
325.0 131.0 322.0 133.0
137.0 260.0 138.0 265.0
324.0 130.0 322.0 133.0
326.0 129.0 322.0 132.0
154.0 100.0 152.0 107.0
269.0 417.0 273.0 415.0
324.0 129.0 322.0 133.0
136.0 260.0 138.0 265.0
142.0 211.0 143.0 217.0
460.0 29.0 452.0 33.0
137.0 261.0 138.0 265.0
136.0 261.0 138.0 265.0
187.0 130.0 186.0 137.0
459.0 28.0 452.0 33.0
330.0 467.0 333.0 463.0
269.0 418.0 273.0 415.0
119.0 99.0 118.0 108.0
187.0 131.0 186.0 137.0
367.0 401.0 368.0 396.0
268.0 417.0 273.0 415.0
75.0 218.0 77.0 224.0
102.0 215.0 103.0 221.0
329.0 467.0 333.0 463.0
108.0 143.0 109.0 150.0
270.0 418.0 273.0 415.0
84.0 528.0 92.0 533.0
460.0 30.0 452.0 33.0
76.0 218.0 77.0 224.0
143.0 210.0 143.0 217.0
34.0 201.0 36.0 210.0
101.0 216.0 103.0 221.0
460.0 28.0 452.0 33.0
198.0 431.0 202.0 430.0
136.0 259.0 138.0 265.0
142.0 210.0 143.0 217.0
108.0 144.0 108.0 151.0
459.0 29.0 452.0 33.0
76.0 217.0 77.0 223.0
85.0 528.0 93.0 533.0
459.0 30.0 452.0 33.0
62.0 494.0 69.0 500.0
198.0 163.0 197.0 169.0
451.0 168.0 446.0 168.0
119.0 100.0 118.0 108.0
240.0 397.0 243.0 397.0
366.0 401.0 368.0 396.0
451.0 169.0 446.0 168.0
205.0 36.0 202.0 44.0
186.0 131.0 186.0 137.0
75.0 217.0 77.0 223.0
186.0 87.0 184.0 94.0
115.0 204.0 116.0 209.0
109.0 144.0 108.0 151.0
233.0 6.0 229.0 13.0
240.0 396.0 243.0 396.0
233.0 7.0 229.0 13.0
34.0 200.0 36.0 210.0
186.0 88.0 184.0 94.0
108.0 145.0 108.0 151.0
439.0 218.0 437.0 215.0
234.0 6.0 229.0 14.0
266.0 478.0 270.0 477.0
241.0 396.0 243.0 396.0
164.0 190.0 164.0 196.0
64.0 494.0 70.0 499.0
367.0 402.0 368.0 397.0
11.0 194.0 13.0 204.0
198.0 162.0 197.0 170.0
461.0 29.0 452.0 33.0
198.0 430.0 202.0 430.0
109.0 145.0 108.0 151.0
197.0 430.0 202.0 430.0
329.0 468.0 333.0 463.0
204.0 36.0 202.0 44.0
440.0 219.0 437.0 215.0
221.0 306.0 223.0 307.0
109.0 143.0 109.0 150.0
187.0 89.0 184.0 96.0
330.0 468.0 333.0 463.0
205.0 37.0 202.0 44.0
64.0 495.0 69.0 500.0
186.0 89.0 185.0 95.0
114.0 204.0 116.0 209.0
440.0 217.0 437.0 215.0
257.0 629.0 265.0 626.0
187.0 88.0 185.0 95.0
289.0 493.0 297.0 489.0
164.0 196.0 164.0 202.0
220.0 139.0 219.0 143.0
199.0 164.0 197.0 170.0
268.0 418.0 273.0 415.0
85.0 527.0 92.0 532.0
366.0 402.0 367.0 397.0
186.0 90.0 184.0 96.0
187.0 90.0 185.0 96.0
199.0 163.0 197.0 169.0
63.0 494.0 69.0 500.0
332.0 442.0 335.0 435.0
77.0 483.0 83.0 488.0
118.0 100.0 117.0 108.0
11.0 195.0 13.0 204.0
101.0 215.0 103.0 221.0
449.0 169.0 445.0 168.0
440.0 218.0 437.0 215.0
438.0 218.0 437.0 215.0
438.0 219.0 437.0 215.0
267.0 478.0 270.0 477.0
113.0 204.0 116.0 209.0
100.0 216.0 103.0 221.0
439.0 219.0 437.0 215.0
100.0 215.0 103.0 221.0
221.0 139.0 219.0 143.0
439.0 217.0 437.0 215.0
163.0 190.0 164.0 196.0
450.0 168.0 445.0 168.0
450.0 169.0 445.0 168.0
198.0 164.0 197.0 169.0
220.0 138.0 219.0 142.0
365.0 401.0 367.0 397.0
78.0 30.0 77.0 42.0
197.0 431.0 202.0 431.0
218.0 151.0 216.0 155.0
240.0 395.0 243.0 396.0
104.0 91.0 102.0 101.0
92.0 146.0 92.0 153.0
218.0 150.0 216.0 155.0
63.0 495.0 70.0 501.0
163.0 189.0 164.0 196.0
221.0 138.0 219.0 142.0
91.0 146.0 92.0 153.0
115.0 205.0 116.0 209.0
285.0 464.0 291.0 461.0
114.0 205.0 116.0 209.0
83.0 91.0 83.0 100.0
91.0 496.0 97.0 501.0
221.0 495.0 226.0 494.0
112.0 347.0 115.0 351.0
73.0 146.0 73.0 154.0
301.0 390.0 303.0 386.0
472.0 243.0 471.0 239.0
332.0 441.0 335.0 435.0
104.0 90.0 102.0 101.0
302.0 390.0 303.0 386.0
473.0 243.0 471.0 239.0
164.0 189.0 164.0 196.0
331.0 441.0 335.0 435.0
63.0 493.0 70.0 499.0
211.0 590.0 218.0 589.0
132.0 128.0 132.0 140.0
91.0 145.0 92.0 153.0
164.0 197.0 164.0 202.0
474.0 242.0 471.0 239.0
96.0 484.0 102.0 488.0
222.0 494.0 226.0 494.0
76.0 482.0 83.0 488.0
472.0 242.0 471.0 239.0
158.0 544.0 165.0 545.0
158.0 543.0 165.0 545.0
302.0 391.0 303.0 386.0
112.0 348.0 115.0 351.0
365.0 402.0 367.0 397.0
302.0 417.0 304.0 413.0
83.0 92.0 83.0 100.0
84.0 90.0 83.0 100.0
59.0 107.0 59.0 116.0
473.0 242.0 471.0 239.0
84.0 91.0 83.0 100.0
83.0 90.0 83.0 100.0
64.0 493.0 70.0 499.0
62.0 493.0 69.0 500.0
212.0 589.0 218.0 589.0
164.0 132.0 163.0 141.0
142.0 402.0 147.0 406.0
113.0 348.0 115.0 351.0
310.0 586.0 317.0 583.0
310.0 587.0 317.0 583.0
199.0 408.0 203.0 408.0
199.0 407.0 203.0 408.0
191.0 25.0 189.0 31.0
78.0 29.0 77.0 42.0
311.0 585.0 317.0 582.0
16.0 380.0 22.0 389.0
16.0 382.0 22.0 389.0
309.0 587.0 317.0 583.0
271.0 609.0 276.0 606.0
82.0 347.0 85.0 351.0
146.0 156.0 145.0 161.0
46.0 398.0 50.0 404.0
270.0 610.0 276.0 606.0
103.0 90.0 102.0 101.0
270.0 609.0 276.0 606.0
303.0 417.0 305.0 413.0
301.0 391.0 303.0 386.0
211.0 589.0 218.0 588.0
17.0 382.0 22.0 389.0
79.0 30.0 77.0 42.0
91.0 495.0 97.0 501.0
29.0 429.0 34.0 436.0
79.0 29.0 77.0 42.0
81.0 347.0 85.0 351.0
200.0 407.0 203.0 408.0
221.0 496.0 226.0 494.0
154.0 426.0 160.0 427.0
111.0 540.0 119.0 541.0
311.0 586.0 317.0 583.0
82.0 348.0 85.0 351.0
212.0 590.0 218.0 589.0
16.0 381.0 22.0 389.0
78.0 188.0 80.0 196.0
192.0 23.0 189.0 31.0
472.0 241.0 471.0 239.0
17.0 381.0 22.0 389.0
200.0 406.0 203.0 408.0
221.0 497.0 226.0 495.0
193.0 24.0 190.0 31.0
192.0 25.0 190.0 31.0
192.0 24.0 190.0 31.0
134.0 362.0 138.0 366.0
191.0 23.0 189.0 31.0
311.0 587.0 317.0 583.0
265.0 442.0 269.0 439.0
65.0 381.0 74.0 388.0
111.0 539.0 119.0 541.0
271.0 610.0 276.0 606.0
319.0 549.0 324.0 545.0
84.0 110.0 85.0 119.0
85.0 109.0 85.0 118.0
191.0 24.0 189.0 31.0
34.0 565.0 41.0 572.0
154.0 427.0 160.0 428.0
146.0 154.0 145.0 160.0
42.0 203.0 37.0 209.0
320.0 549.0 324.0 545.0
203.0 57.0 200.0 64.0
85.0 110.0 85.0 119.0
475.0 74.0 468.0 78.0
154.0 392.0 158.0 396.0
476.0 74.0 468.0 78.0
220.0 497.0 226.0 495.0
264.0 441.0 268.0 439.0
477.0 74.0 468.0 78.0
90.0 496.0 97.0 501.0
135.0 361.0 139.0 366.0
336.0 557.0 341.0 551.0
164.0 134.0 163.0 140.0
153.0 426.0 160.0 427.0
86.0 110.0 86.0 119.0
60.0 208.0 62.0 216.0
146.0 155.0 145.0 161.0
85.0 111.0 85.0 119.0
265.0 441.0 269.0 439.0
476.0 73.0 468.0 78.0
335.0 557.0 341.0 551.0
135.0 362.0 138.0 366.0
145.0 527.0 150.0 529.0
33.0 565.0 41.0 572.0
302.0 418.0 305.0 414.0
110.0 540.0 119.0 541.0
64.0 381.0 74.0 388.0
200.0 408.0 203.0 408.0
154.0 394.0 158.0 396.0
126.0 458.0 131.0 461.0
476.0 75.0 468.0 78.0
477.0 75.0 468.0 78.0
45.0 382.0 50.0 388.0
26.0 405.0 30.0 413.0
127.0 458.0 131.0 461.0
265.0 440.0 269.0 439.0
154.0 393.0 158.0 396.0
455.0 59.0 448.0 62.0
264.0 440.0 268.0 439.0
454.0 58.0 448.0 62.0
161.0 309.0 164.0 313.0
46.0 467.0 51.0 473.0
155.0 393.0 158.0 396.0
143.0 527.0 150.0 529.0
145.0 526.0 150.0 529.0
64.0 380.0 73.0 388.0
145.0 155.0 145.0 161.0
90.0 417.0 96.0 421.0
153.0 427.0 160.0 428.0
31.0 457.0 37.0 464.0
90.0 416.0 96.0 421.0
26.0 406.0 30.0 413.0
64.0 382.0 74.0 388.0
28.0 429.0 34.0 436.0
153.0 393.0 158.0 396.0
320.0 550.0 324.0 545.0
89.0 416.0 96.0 421.0
456.0 58.0 448.0 62.0
60.0 207.0 62.0 216.0
237.0 589.0 245.0 586.0
455.0 58.0 448.0 62.0
59.0 207.0 62.0 215.0
125.0 458.0 129.0 461.0
319.0 550.0 324.0 545.0
28.0 427.0 34.0 436.0
335.0 556.0 341.0 551.0
144.0 527.0 150.0 529.0
196.0 30.0 190.0 31.0
207.0 313.0 209.0 316.0
144.0 526.0 150.0 529.0
145.0 154.0 145.0 161.0
197.0 29.0 190.0 31.0
140.0 471.0 146.0 473.0
207.0 314.0 208.0 316.0
476.0 188.0 469.0 188.0
139.0 470.0 146.0 473.0
319.0 551.0 324.0 545.0
197.0 545.0 200.0 552.0
89.0 417.0 96.0 421.0
475.0 188.0 469.0 188.0
152.0 426.0 160.0 427.0
455.0 57.0 448.0 62.0
318.0 550.0 324.0 545.0
28.0 428.0 34.0 436.0
476.0 189.0 469.0 188.0
475.0 189.0 469.0 188.0
320.0 551.0 324.0 545.0
456.0 57.0 448.0 62.0
169.0 4.0 165.0 13.0
170.0 5.0 165.0 13.0
198.0 346.0 205.0 341.0
318.0 551.0 324.0 545.0
161.0 564.0 170.0 572.0
14.0 567.0 21.0 574.0
170.0 4.0 165.0 13.0
169.0 5.0 165.0 13.0
127.0 153.0 128.0 159.0
197.0 30.0 190.0 31.0
125.0 457.0 129.0 461.0
128.0 153.0 128.0 159.0
31.0 456.0 37.0 464.0
127.0 152.0 128.0 159.0
14.0 566.0 21.0 574.0
172.0 464.0 180.0 468.0
15.0 566.0 21.0 574.0
173.0 463.0 180.0 468.0
126.0 457.0 129.0 461.0
117.0 363.0 121.0 368.0
15.0 567.0 21.0 574.0
145.0 99.0 152.0 107.0
198.0 347.0 205.0 341.0
117.0 362.0 121.0 368.0
198.0 545.0 200.0 552.0
116.0 362.0 121.0 368.0
23.0 623.0 31.0 629.0
189.0 433.0 201.0 432.0
197.0 31.0 190.0 31.0
22.0 623.0 31.0 629.0
116.0 363.0 121.0 368.0
31.0 455.0 37.0 464.0
22.0 622.0 31.0 629.0
128.0 151.0 128.0 159.0
128.0 152.0 128.0 159.0
101.0 347.0 115.0 351.0
21.0 622.0 31.0 628.0
199.0 546.0 201.0 552.0
2.0 486.0 9.0 493.0
24.0 622.0 31.0 629.0
145.0 629.0 143.0 624.0
106.0 597.0 116.0 603.0
117.0 402.0 119.0 414.0
117.0 403.0 119.0 414.0
23.0 622.0 31.0 629.0
118.0 403.0 119.0 414.0
198.0 546.0 201.0 552.0
199.0 545.0 200.0 552.0
106.0 598.0 116.0 603.0
38.0 381.0 50.0 388.0
22.0 621.0 31.0 628.0
229.0 304.0 223.0 307.0
172.0 463.0 180.0 468.0
230.0 304.0 223.0 307.0
146.0 629.0 143.0 624.0
173.0 462.0 180.0 468.0
23.0 621.0 31.0 629.0
171.0 464.0 180.0 468.0
2.0 487.0 9.0 493.0
3.0 487.0 9.0 493.0
118.0 402.0 119.0 414.0
205.0 49.0 200.0 63.0
430.0 48.0 424.0 53.0
230.0 303.0 223.0 307.0
431.0 47.0 424.0 53.0
431.0 48.0 424.0 53.0
172.0 462.0 180.0 468.0
98.0 252.0 92.0 258.0
98.0 251.0 92.0 258.0
99.0 252.0 92.0 258.0
216.0 569.0 218.0 587.0
