355.0 312.0 339.0 296.0
418.0 308.0 402.0 291.0
420.0 308.0 403.0 291.0
355.0 311.0 339.0 295.0
419.0 309.0 402.0 291.0
356.0 312.0 340.0 295.0
419.0 308.0 402.0 291.0
145.0 139.0 130.0 132.0
145.0 140.0 130.0 134.0
317.0 475.0 304.0 458.0
144.0 139.0 129.0 133.0
145.0 141.0 130.0 134.0
144.0 141.0 130.0 134.0
128.0 198.0 115.0 193.0
337.0 480.0 323.0 462.0
74.0 27.0 59.0 26.0
318.0 475.0 304.0 458.0
144.0 140.0 128.0 134.0
317.0 474.0 304.0 457.0
287.0 543.0 275.0 528.0
420.0 309.0 402.0 291.0
210.0 65.0 196.0 59.0
318.0 474.0 304.0 458.0
209.0 65.0 196.0 59.0
208.0 66.0 194.0 61.0
287.0 542.0 274.0 527.0
143.0 138.0 128.0 133.0
128.0 199.0 115.0 193.0
140.0 508.0 128.0 499.0
317.0 473.0 304.0 457.0
209.0 66.0 194.0 61.0
208.0 65.0 194.0 59.0
336.0 479.0 323.0 461.0
143.0 139.0 128.0 133.0
74.0 26.0 60.0 26.0
144.0 138.0 130.0 132.0
127.0 197.0 114.0 192.0
318.0 473.0 304.0 457.0
141.0 507.0 128.0 499.0
228.0 552.0 219.0 539.0
127.0 198.0 114.0 192.0
129.0 199.0 115.0 193.0
210.0 66.0 196.0 59.0
207.0 66.0 194.0 61.0
243.0 401.0 230.0 389.0
286.0 542.0 274.0 527.0
286.0 543.0 275.0 528.0
253.0 18.0 236.0 15.0
208.0 67.0 194.0 61.0
316.0 473.0 304.0 457.0
243.0 400.0 230.0 389.0
98.0 196.0 84.0 191.0
336.0 480.0 323.0 462.0
73.0 27.0 59.0 26.0
242.0 400.0 231.0 388.0
141.0 508.0 128.0 499.0
142.0 509.0 129.0 500.0
179.0 30.0 164.0 28.0
298.0 208.0 283.0 196.0
73.0 26.0 59.0 25.0
253.0 17.0 236.0 15.0
142.0 508.0 129.0 499.0
190.0 18.0 175.0 15.0
107.0 456.0 95.0 450.0
97.0 196.0 84.0 191.0
298.0 207.0 283.0 195.0
266.0 138.0 251.0 126.0
209.0 67.0 194.0 61.0
140.0 509.0 128.0 499.0
109.0 315.0 98.0 308.0
193.0 526.0 183.0 515.0
228.0 551.0 219.0 539.0
275.0 520.0 263.0 506.0
106.0 456.0 95.0 450.0
178.0 30.0 164.0 28.0
107.0 455.0 95.0 450.0
255.0 18.0 236.0 15.0
254.0 19.0 236.0 15.0
297.0 209.0 282.0 195.0
357.0 535.0 344.0 516.0
297.0 208.0 282.0 195.0
178.0 31.0 164.0 28.0
97.0 197.0 84.0 191.0
254.0 18.0 236.0 15.0
238.0 253.0 225.0 241.0
337.0 481.0 323.0 462.0
106.0 455.0 95.0 450.0
141.0 509.0 128.0 500.0
180.0 30.0 166.0 29.0
337.0 482.0 323.0 462.0
86.0 105.0 76.0 102.0
258.0 356.0 247.0 343.0
96.0 197.0 83.0 191.0
274.0 316.0 263.0 303.0
201.0 586.0 190.0 575.0
229.0 631.0 220.0 622.0
274.0 317.0 263.0 303.0
160.0 31.0 148.0 27.0
105.0 455.0 95.0 450.0
298.0 209.0 282.0 195.0
180.0 459.0 168.0 449.0
275.0 521.0 263.0 506.0
259.0 357.0 247.0 343.0
230.0 632.0 220.0 622.0
274.0 520.0 263.0 506.0
357.0 534.0 344.0 515.0
229.0 551.0 219.0 539.0
201.0 587.0 190.0 575.0
275.0 317.0 263.0 303.0
336.0 481.0 323.0 462.0
230.0 633.0 220.0 622.0
238.0 252.0 225.0 241.0
229.0 633.0 220.0 622.0
260.0 356.0 247.0 343.0
179.0 457.0 169.0 449.0
51.0 83.0 41.0 81.0
229.0 632.0 220.0 622.0
254.0 17.0 236.0 15.0
69.0 459.0 59.0 454.0
331.0 526.0 319.0 508.0
256.0 332.0 243.0 320.0
161.0 31.0 149.0 27.0
356.0 535.0 344.0 516.0
179.0 458.0 168.0 449.0
229.0 552.0 219.0 539.0
331.0 525.0 319.0 507.0
275.0 316.0 263.0 303.0
332.0 525.0 319.0 508.0
64.0 392.0 54.0 386.0
242.0 401.0 230.0 389.0
96.0 196.0 83.0 191.0
179.0 31.0 166.0 29.0
35.0 88.0 23.0 88.0
108.0 456.0 95.0 450.0
193.0 525.0 182.0 514.0
35.0 89.0 23.0 88.0
259.0 356.0 247.0 343.0
86.0 104.0 76.0 102.0
259.0 355.0 247.0 343.0
180.0 458.0 169.0 449.0
34.0 88.0 22.0 87.0
122.0 262.0 109.0 256.0
309.0 323.0 295.0 308.0
356.0 534.0 343.0 515.0
155.0 524.0 144.0 513.0
175.0 529.0 163.0 518.0
47.0 494.0 38.0 487.0
332.0 526.0 319.0 508.0
211.0 243.0 199.0 235.0
52.0 83.0 41.0 81.0
108.0 455.0 95.0 450.0
53.0 84.0 42.0 82.0
212.0 244.0 199.0 235.0
34.0 89.0 24.0 87.0
86.0 103.0 75.0 101.0
179.0 459.0 168.0 449.0
34.0 87.0 22.0 86.0
174.0 530.0 163.0 518.0
69.0 460.0 59.0 454.0
236.0 253.0 224.0 241.0
200.0 586.0 190.0 575.0
212.0 242.0 199.0 235.0
192.0 525.0 182.0 514.0
180.0 31.0 166.0 29.0
335.0 480.0 323.0 462.0
53.0 83.0 41.0 80.0
193.0 524.0 182.0 514.0
98.0 197.0 84.0 191.0
123.0 262.0 110.0 256.0
257.0 332.0 243.0 320.0
201.0 588.0 190.0 575.0
16.0 514.0 7.0 511.0
87.0 103.0 76.0 102.0
243.0 298.0 229.0 285.0
237.0 252.0 224.0 241.0
156.0 524.0 145.0 514.0
87.0 104.0 76.0 102.0
212.0 243.0 199.0 235.0
124.0 379.0 111.0 372.0
175.0 365.0 163.0 357.0
35.0 87.0 23.0 87.0
172.0 293.0 160.0 285.0
243.0 297.0 229.0 285.0
16.0 515.0 7.0 511.0
255.0 331.0 243.0 320.0
87.0 105.0 76.0 102.0
62.0 392.0 52.0 386.0
15.0 514.0 7.0 511.0
237.0 254.0 224.0 241.0
28.0 111.0 16.0 108.0
237.0 253.0 225.0 241.0
246.0 382.0 235.0 371.0
63.0 392.0 54.0 386.0
15.0 515.0 7.0 511.0
64.0 393.0 54.0 386.0
200.0 588.0 190.0 575.0
92.0 504.0 84.0 499.0
92.0 505.0 84.0 499.0
242.0 297.0 229.0 285.0
122.0 523.0 110.0 515.0
88.0 104.0 76.0 102.0
336.0 482.0 323.0 462.0
123.0 263.0 110.0 257.0
155.0 523.0 145.0 513.0
175.0 530.0 163.0 518.0
200.0 587.0 190.0 575.0
160.0 32.0 148.0 27.0
159.0 31.0 148.0 27.0
256.0 331.0 243.0 320.0
174.0 365.0 163.0 356.0
175.0 366.0 163.0 357.0
174.0 366.0 163.0 357.0
161.0 32.0 148.0 27.0
335.0 481.0 323.0 462.0
68.0 459.0 59.0 454.0
68.0 460.0 59.0 454.0
175.0 367.0 163.0 357.0
236.0 252.0 224.0 241.0
123.0 379.0 111.0 372.0
181.0 504.0 170.0 493.0
262.0 473.0 250.0 460.0
15.0 513.0 7.0 511.0
174.0 367.0 163.0 357.0
157.0 523.0 146.0 514.0
163.0 464.0 150.0 457.0
309.0 324.0 295.0 308.0
213.0 243.0 199.0 235.0
92.0 503.0 84.0 499.0
122.0 263.0 108.0 257.0
156.0 523.0 145.0 513.0
182.0 504.0 171.0 493.0
28.0 110.0 16.0 108.0
155.0 384.0 141.0 381.0
192.0 524.0 182.0 514.0
163.0 463.0 150.0 457.0
163.0 462.0 150.0 457.0
59.0 322.0 50.0 316.0
155.0 522.0 144.0 513.0
63.0 393.0 54.0 386.0
67.0 460.0 59.0 454.0
67.0 524.0 58.0 516.0
159.0 32.0 148.0 27.0
234.0 484.0 222.0 473.0
234.0 485.0 222.0 473.0
60.0 322.0 50.0 316.0
181.0 503.0 170.0 493.0
262.0 474.0 250.0 460.0
66.0 524.0 58.0 516.0
123.0 523.0 110.0 515.0
272.0 504.0 260.0 490.0
263.0 474.0 250.0 460.0
36.0 437.0 27.0 433.0
156.0 522.0 145.0 513.0
132.0 560.0 124.0 550.0
233.0 485.0 222.0 473.0
79.0 512.0 69.0 505.0
262.0 475.0 250.0 460.0
68.0 524.0 58.0 516.0
263.0 473.0 250.0 460.0
27.0 109.0 15.0 108.0
37.0 385.0 28.0 381.0
272.0 505.0 260.0 490.0
234.0 486.0 222.0 473.0
61.0 323.0 50.0 316.0
59.0 323.0 50.0 316.0
68.0 523.0 58.0 516.0
164.0 463.0 150.0 457.0
182.0 503.0 170.0 493.0
67.0 523.0 58.0 516.0
233.0 484.0 222.0 473.0
147.0 271.0 140.0 261.0
36.0 453.0 27.0 449.0
263.0 475.0 250.0 460.0
271.0 504.0 260.0 490.0
79.0 513.0 69.0 505.0
61.0 599.0 50.0 595.0
60.0 599.0 51.0 596.0
131.0 560.0 124.0 550.0
27.0 111.0 15.0 108.0
192.0 523.0 182.0 514.0
26.0 110.0 15.0 108.0
36.0 309.0 24.0 304.0
146.0 270.0 140.0 260.0
35.0 310.0 24.0 304.0
60.0 323.0 50.0 316.0
101.0 268.0 92.0 265.0
36.0 435.0 27.0 433.0
156.0 384.0 141.0 381.0
147.0 270.0 140.0 260.0
60.0 598.0 50.0 595.0
101.0 269.0 92.0 265.0
78.0 512.0 69.0 505.0
271.0 503.0 260.0 490.0
243.0 538.0 232.0 521.0
37.0 386.0 27.0 382.0
102.0 269.0 92.0 265.0
271.0 505.0 260.0 490.0
140.0 423.0 129.0 416.0
164.0 462.0 150.0 457.0
163.0 461.0 150.0 457.0
146.0 271.0 140.0 260.0
59.0 598.0 51.0 596.0
27.0 110.0 16.0 108.0
79.0 511.0 69.0 505.0
38.0 386.0 27.0 382.0
35.0 453.0 26.0 449.0
140.0 424.0 129.0 416.0
36.0 436.0 27.0 433.0
37.0 436.0 27.0 433.0
19.0 126.0 14.0 109.0
130.0 621.0 113.0 606.0
102.0 268.0 92.0 265.0
36.0 452.0 27.0 449.0
38.0 387.0 27.0 382.0
103.0 270.0 92.0 265.0
18.0 127.0 14.0 109.0
102.0 270.0 92.0 265.0
18.0 126.0 14.0 109.0
37.0 310.0 24.0 304.0
130.0 619.0 113.0 606.0
19.0 127.0 14.0 109.0
36.0 310.0 24.0 304.0
131.0 621.0 113.0 606.0
78.0 511.0 69.0 505.0
130.0 620.0 113.0 606.0
130.0 560.0 124.0 550.0
77.0 511.0 69.0 505.0
103.0 269.0 92.0 265.0
131.0 561.0 124.0 550.0
37.0 435.0 27.0 433.0
15.0 563.0 9.0 555.0
131.0 620.0 113.0 606.0
42.0 465.0 27.0 450.0
131.0 619.0 113.0 606.0
221.0 49.0 206.0 41.0
130.0 561.0 124.0 550.0
20.0 126.0 14.0 109.0
164.0 461.0 150.0 457.0
20.0 127.0 14.0 109.0
32.0 497.0 13.0 493.0
35.0 452.0 26.0 449.0
41.0 516.0 31.0 513.0
37.0 311.0 24.0 304.0
43.0 466.0 27.0 450.0
43.0 465.0 27.0 450.0
15.0 562.0 9.0 555.0
40.0 517.0 31.0 513.0
42.0 466.0 26.0 450.0
33.0 497.0 13.0 493.0
58.0 374.0 48.0 370.0
59.0 374.0 48.0 370.0
58.0 375.0 48.0 370.0
40.0 516.0 31.0 513.0
59.0 375.0 48.0 370.0
35.0 185.0 22.0 183.0
221.0 50.0 206.0 41.0
175.0 614.0 170.0 625.0
174.0 614.0 170.0 625.0
174.0 613.0 170.0 625.0
175.0 613.0 170.0 625.0
34.0 185.0 22.0 183.0
40.0 515.0 31.0 512.0
281.0 484.0 266.0 464.0
35.0 186.0 22.0 183.0
222.0 50.0 206.0 41.0
178.0 489.0 162.0 475.0
142.0 315.0 137.0 311.0
36.0 186.0 24.0 184.0
176.0 614.0 170.0 625.0
37.0 186.0 24.0 184.0
222.0 51.0 206.0 41.0
221.0 51.0 206.0 41.0
178.0 490.0 160.0 476.0
152.0 302.0 131.0 292.0
179.0 489.0 162.0 475.0
449.0 86.0 431.0 80.0
153.0 304.0 131.0 292.0
71.0 594.0 51.0 595.0
270.0 592.0 257.0 569.0
141.0 315.0 137.0 311.0
153.0 303.0 131.0 292.0
205.0 28.0 181.0 18.0
179.0 490.0 162.0 475.0
72.0 594.0 51.0 595.0
71.0 593.0 51.0 595.0
179.0 491.0 162.0 475.0
199.0 618.0 184.0 597.0
258.0 430.0 256.0 429.0
209.0 294.0 192.0 280.0
72.0 593.0 51.0 595.0
208.0 295.0 192.0 280.0
209.0 295.0 192.0 280.0
258.0 429.0 256.0 429.0
12.0 141.0 14.0 109.0
116.0 369.0 111.0 372.0
115.0 369.0 111.0 372.0
124.0 419.0 100.0 415.0
