412.0 352.0 401.0 356.0
413.0 352.0 401.0 356.0
98.0 594.0 85.0 598.0
383.0 389.0 371.0 394.0
413.0 351.0 401.0 356.0
203.0 147.0 192.0 149.0
204.0 146.0 192.0 149.0
413.0 353.0 400.0 356.0
236.0 335.0 224.0 339.0
11.0 454.0 10.0 455.0
240.0 209.0 229.0 211.0
113.0 57.0 111.0 58.0
203.0 146.0 192.0 149.0
386.0 562.0 374.0 565.0
12.0 453.0 10.0 455.0
383.0 370.0 371.0 374.0
387.0 562.0 374.0 566.0
240.0 210.0 229.0 211.0
386.0 563.0 374.0 566.0
11.0 453.0 10.0 455.0
414.0 353.0 401.0 356.0
204.0 147.0 192.0 149.0
10.0 453.0 10.0 455.0
205.0 147.0 192.0 149.0
238.0 185.0 228.0 187.0
387.0 563.0 374.0 566.0
14.0 314.0 12.0 314.0
404.0 557.0 393.0 559.0
99.0 593.0 85.0 597.0
383.0 390.0 371.0 394.0
239.0 207.0 229.0 211.0
31.0 54.0 29.0 53.0
14.0 606.0 10.0 606.0
239.0 209.0 228.0 212.0
411.0 390.0 397.0 394.0
239.0 184.0 228.0 187.0
238.0 184.0 228.0 187.0
98.0 593.0 85.0 597.0
422.0 422.0 409.0 426.0
295.0 518.0 283.0 519.0
204.0 148.0 192.0 149.0
414.0 352.0 401.0 356.0
13.0 453.0 10.0 455.0
405.0 556.0 393.0 559.0
62.0 312.0 52.0 314.0
422.0 424.0 409.0 426.0
238.0 183.0 228.0 187.0
425.0 401.0 412.0 404.0
404.0 556.0 393.0 559.0
239.0 183.0 228.0 187.0
30.0 54.0 29.0 53.0
239.0 208.0 228.0 212.0
203.0 216.0 191.0 217.0
393.0 321.0 381.0 324.0
394.0 321.0 381.0 324.0
237.0 184.0 228.0 187.0
240.0 211.0 229.0 211.0
405.0 557.0 393.0 559.0
294.0 518.0 283.0 519.0
421.0 422.0 409.0 426.0
239.0 211.0 229.0 213.0
10.0 602.0 9.0 605.0
239.0 185.0 228.0 187.0
388.0 33.0 378.0 38.0
295.0 517.0 283.0 519.0
394.0 320.0 381.0 324.0
421.0 424.0 409.0 427.0
61.0 311.0 52.0 314.0
9.0 602.0 9.0 605.0
421.0 423.0 409.0 427.0
241.0 231.0 230.0 234.0
388.0 32.0 378.0 38.0
411.0 309.0 398.0 314.0
296.0 516.0 283.0 519.0
239.0 210.0 228.0 212.0
412.0 37.0 399.0 43.0
202.0 216.0 191.0 217.0
425.0 400.0 413.0 404.0
296.0 517.0 283.0 519.0
414.0 351.0 401.0 356.0
61.0 312.0 52.0 314.0
422.0 423.0 409.0 426.0
423.0 424.0 409.0 426.0
369.0 30.0 356.0 36.0
378.0 279.0 366.0 281.0
5.0 312.0 11.0 314.0
314.0 512.0 302.0 514.0
240.0 212.0 229.0 211.0
418.0 65.0 406.0 70.0
242.0 231.0 230.0 234.0
379.0 279.0 366.0 281.0
420.0 422.0 409.0 427.0
393.0 320.0 381.0 324.0
424.0 401.0 412.0 405.0
392.0 267.0 381.0 270.0
22.0 453.0 20.0 453.0
294.0 517.0 282.0 520.0
203.0 217.0 192.0 218.0
238.0 209.0 228.0 212.0
204.0 217.0 192.0 218.0
241.0 232.0 230.0 234.0
392.0 321.0 379.0 324.0
412.0 36.0 399.0 43.0
391.0 268.0 380.0 271.0
390.0 209.0 380.0 213.0
417.0 64.0 406.0 70.0
380.0 278.0 367.0 282.0
391.0 209.0 380.0 213.0
202.0 193.0 191.0 195.0
392.0 320.0 380.0 324.0
423.0 423.0 409.0 426.0
202.0 194.0 191.0 195.0
202.0 217.0 191.0 217.0
416.0 262.0 404.0 266.0
240.0 232.0 230.0 234.0
411.0 310.0 398.0 314.0
177.0 194.0 166.0 195.0
241.0 230.0 230.0 234.0
410.0 391.0 397.0 394.0
201.0 216.0 191.0 217.0
423.0 401.0 412.0 405.0
240.0 184.0 228.0 187.0
416.0 263.0 404.0 266.0
389.0 209.0 380.0 213.0
428.0 316.0 414.0 319.0
357.0 190.0 347.0 194.0
415.0 352.0 401.0 356.0
240.0 231.0 229.0 233.0
178.0 194.0 166.0 195.0
368.0 31.0 356.0 36.0
420.0 424.0 409.0 427.0
239.0 160.0 229.0 164.0
306.0 563.0 292.0 568.0
239.0 161.0 229.0 164.0
417.0 65.0 406.0 70.0
430.0 75.0 417.0 80.0
177.0 216.0 168.0 217.0
179.0 216.0 168.0 217.0
60.0 450.0 59.0 450.0
410.0 37.0 398.0 43.0
74.0 55.0 80.0 57.0
9.0 601.0 9.0 605.0
305.0 563.0 292.0 568.0
379.0 277.0 366.0 281.0
379.0 278.0 366.0 281.0
139.0 167.0 125.0 168.0
412.0 391.0 397.0 394.0
409.0 309.0 398.0 314.0
178.0 215.0 168.0 217.0
179.0 194.0 166.0 195.0
420.0 423.0 409.0 427.0
410.0 309.0 398.0 314.0
23.0 453.0 20.0 453.0
411.0 37.0 399.0 43.0
428.0 317.0 415.0 320.0
418.0 66.0 406.0 70.0
73.0 55.0 80.0 57.0
239.0 162.0 229.0 164.0
408.0 391.0 394.0 394.0
429.0 318.0 415.0 321.0
408.0 390.0 396.0 394.0
417.0 66.0 406.0 70.0
429.0 316.0 414.0 319.0
409.0 390.0 397.0 394.0
411.0 391.0 397.0 394.0
378.0 278.0 366.0 281.0
178.0 216.0 168.0 217.0
325.0 487.0 310.0 490.0
305.0 564.0 292.0 568.0
410.0 310.0 398.0 314.0
411.0 36.0 399.0 43.0
441.0 614.0 427.0 619.0
74.0 56.0 80.0 57.0
357.0 191.0 347.0 194.0
73.0 56.0 80.0 57.0
59.0 449.0 59.0 450.0
178.0 217.0 168.0 219.0
358.0 191.0 347.0 194.0
72.0 56.0 80.0 57.0
312.0 542.0 299.0 545.0
59.0 450.0 59.0 450.0
410.0 390.0 397.0 394.0
410.0 36.0 398.0 43.0
308.0 414.0 298.0 417.0
140.0 168.0 125.0 168.0
409.0 391.0 396.0 394.0
240.0 159.0 229.0 163.0
140.0 167.0 125.0 168.0
306.0 564.0 292.0 568.0
313.0 542.0 300.0 545.0
239.0 159.0 229.0 163.0
393.0 109.0 381.0 114.0
312.0 541.0 300.0 545.0
307.0 564.0 294.0 568.0
359.0 190.0 347.0 194.0
211.0 267.0 201.0 269.0
240.0 230.0 230.0 234.0
82.0 247.0 69.0 247.0
416.0 65.0 406.0 70.0
178.0 193.0 166.0 195.0
394.0 109.0 381.0 114.0
307.0 563.0 294.0 568.0
431.0 74.0 417.0 80.0
139.0 168.0 125.0 168.0
441.0 615.0 427.0 619.0
211.0 268.0 201.0 269.0
314.0 542.0 300.0 545.0
429.0 317.0 415.0 320.0
179.0 193.0 166.0 195.0
138.0 167.0 125.0 168.0
211.0 266.0 201.0 269.0
240.0 160.0 229.0 163.0
34.0 451.0 37.0 453.0
409.0 310.0 398.0 314.0
97.0 312.0 73.0 313.0
437.0 367.0 426.0 370.0
83.0 247.0 69.0 247.0
453.0 355.0 441.0 359.0
41.0 451.0 37.0 453.0
358.0 190.0 347.0 194.0
201.0 195.0 191.0 196.0
96.0 312.0 73.0 313.0
240.0 161.0 229.0 164.0
72.0 55.0 80.0 57.0
322.0 525.0 307.0 527.0
438.0 368.0 426.0 370.0
454.0 355.0 441.0 359.0
52.0 450.0 37.0 453.0
81.0 247.0 69.0 247.0
314.0 541.0 300.0 545.0
201.0 193.0 191.0 195.0
210.0 267.0 201.0 269.0
393.0 110.0 381.0 114.0
83.0 246.0 69.0 247.0
40.0 452.0 37.0 453.0
9.0 54.0 3.0 53.0
210.0 268.0 201.0 269.0
417.0 263.0 404.0 266.0
96.0 311.0 73.0 313.0
358.0 189.0 347.0 194.0
212.0 267.0 201.0 269.0
9.0 53.0 3.0 53.0
97.0 311.0 73.0 313.0
307.0 414.0 298.0 417.0
138.0 168.0 125.0 168.0
313.0 541.0 300.0 545.0
430.0 317.0 416.0 320.0
81.0 246.0 69.0 247.0
404.0 169.0 392.0 174.0
82.0 246.0 69.0 247.0
201.0 194.0 191.0 195.0
431.0 113.0 419.0 119.0
307.0 415.0 298.0 417.0
439.0 368.0 426.0 370.0
455.0 355.0 441.0 359.0
374.0 143.0 364.0 147.0
403.0 170.0 392.0 174.0
439.0 367.0 426.0 370.0
8.0 54.0 3.0 53.0
39.0 451.0 37.0 453.0
107.0 136.0 109.0 141.0
423.0 129.0 411.0 135.0
8.0 52.0 3.0 53.0
40.0 451.0 37.0 453.0
404.0 171.0 393.0 175.0
137.0 168.0 125.0 168.0
32.0 150.0 16.0 149.0
421.0 260.0 404.0 266.0
359.0 189.0 347.0 194.0
376.0 145.0 364.0 147.0
394.0 110.0 381.0 114.0
314.0 540.0 300.0 545.0
428.0 135.0 416.0 140.0
47.0 513.0 34.0 514.0
7.0 53.0 3.0 53.0
438.0 367.0 426.0 370.0
375.0 144.0 364.0 147.0
428.0 136.0 416.0 140.0
8.0 53.0 3.0 53.0
52.0 449.0 37.0 453.0
438.0 366.0 426.0 370.0
47.0 512.0 34.0 514.0
403.0 171.0 393.0 175.0
405.0 169.0 392.0 174.0
442.0 614.0 427.0 618.0
305.0 414.0 294.0 418.0
375.0 143.0 364.0 147.0
306.0 415.0 294.0 418.0
377.0 144.0 364.0 147.0
15.0 57.0 3.0 53.0
405.0 170.0 393.0 175.0
15.0 56.0 3.0 53.0
48.0 512.0 34.0 514.0
33.0 151.0 16.0 149.0
33.0 150.0 16.0 149.0
210.0 266.0 201.0 269.0
404.0 170.0 393.0 175.0
442.0 615.0 427.0 618.0
7.0 54.0 3.0 53.0
315.0 541.0 300.0 545.0
430.0 113.0 419.0 119.0
442.0 553.0 428.0 556.0
306.0 413.0 294.0 418.0
383.0 274.0 366.0 282.0
405.0 171.0 393.0 176.0
442.0 613.0 427.0 618.0
430.0 112.0 419.0 119.0
200.0 194.0 191.0 195.0
427.0 136.0 416.0 140.0
34.0 151.0 16.0 149.0
376.0 144.0 364.0 147.0
441.0 554.0 428.0 556.0
323.0 524.0 307.0 527.0
376.0 143.0 364.0 147.0
441.0 553.0 428.0 556.0
427.0 135.0 415.0 140.0
443.0 614.0 427.0 618.0
200.0 195.0 190.0 196.0
429.0 113.0 419.0 119.0
445.0 120.0 433.0 125.0
426.0 135.0 415.0 140.0
444.0 121.0 433.0 125.0
306.0 414.0 294.0 418.0
443.0 615.0 427.0 618.0
34.0 150.0 16.0 149.0
375.0 142.0 365.0 147.0
465.0 477.0 450.0 481.0
28.0 311.0 12.0 314.0
444.0 120.0 433.0 125.0
423.0 259.0 404.0 266.0
422.0 259.0 404.0 266.0
32.0 227.0 14.0 227.0
461.0 105.0 448.0 111.0
442.0 554.0 428.0 556.0
438.0 250.0 425.0 254.0
475.0 42.0 462.0 49.0
375.0 141.0 365.0 145.0
437.0 250.0 425.0 254.0
445.0 119.0 433.0 124.0
422.0 260.0 404.0 266.0
446.0 120.0 433.0 125.0
474.0 42.0 462.0 49.0
38.0 243.0 25.0 245.0
31.0 227.0 14.0 227.0
475.0 43.0 462.0 49.0
446.0 119.0 433.0 125.0
445.0 121.0 433.0 125.0
474.0 43.0 462.0 49.0
39.0 244.0 25.0 245.0
32.0 226.0 14.0 227.0
461.0 106.0 448.0 111.0
376.0 142.0 365.0 147.0
465.0 478.0 450.0 481.0
426.0 136.0 416.0 140.0
26.0 227.0 14.0 227.0
460.0 107.0 448.0 111.0
464.0 478.0 450.0 481.0
460.0 105.0 448.0 111.0
459.0 106.0 448.0 111.0
401.0 17.0 390.0 25.0
25.0 227.0 14.0 227.0
464.0 477.0 450.0 481.0
29.0 311.0 12.0 314.0
466.0 478.0 451.0 481.0
437.0 249.0 425.0 254.0
376.0 141.0 365.0 145.0
26.0 226.0 14.0 227.0
460.0 106.0 448.0 111.0
450.0 551.0 436.0 554.0
40.0 243.0 25.0 245.0
466.0 477.0 451.0 481.0
450.0 552.0 436.0 554.0
301.0 359.0 283.0 366.0
39.0 242.0 25.0 245.0
301.0 360.0 283.0 366.0
39.0 243.0 25.0 245.0
40.0 242.0 25.0 245.0
324.0 524.0 307.0 527.0
451.0 552.0 436.0 554.0
451.0 551.0 436.0 554.0
400.0 17.0 390.0 25.0
469.0 493.0 456.0 496.0
25.0 226.0 13.0 226.0
442.0 329.0 428.0 332.0
467.0 493.0 455.0 497.0
401.0 16.0 390.0 25.0
452.0 13.0 442.0 18.0
468.0 493.0 455.0 496.0
393.0 376.0 372.0 374.0
24.0 227.0 13.0 226.0
402.0 15.0 390.0 25.0
441.0 328.0 428.0 332.0
466.0 240.0 453.0 243.0
466.0 239.0 453.0 243.0
453.0 12.0 442.0 18.0
453.0 13.0 442.0 18.0
454.0 12.0 442.0 18.0
400.0 16.0 390.0 25.0
442.0 328.0 428.0 332.0
302.0 360.0 283.0 366.0
454.0 13.0 442.0 18.0
472.0 60.0 459.0 67.0
455.0 12.0 442.0 18.0
472.0 61.0 459.0 67.0
467.0 238.0 453.0 243.0
455.0 13.0 442.0 18.0
401.0 15.0 390.0 25.0
131.0 227.0 121.0 229.0
454.0 14.0 442.0 18.0
460.0 322.0 448.0 326.0
63.0 242.0 68.0 246.0
64.0 242.0 68.0 246.0
470.0 367.0 469.0 378.0
471.0 366.0 469.0 378.0
470.0 366.0 469.0 378.0
467.0 240.0 453.0 243.0
467.0 239.0 453.0 243.0
468.0 238.0 453.0 243.0
37.0 313.0 12.0 314.0
394.0 376.0 372.0 374.0
37.0 312.0 12.0 314.0
461.0 322.0 448.0 326.0
468.0 239.0 453.0 243.0
407.0 339.0 401.0 355.0
406.0 339.0 401.0 355.0
428.0 363.0 426.0 371.0
407.0 338.0 401.0 355.0
469.0 93.0 448.0 111.0
478.0 342.0 474.0 342.0
406.0 338.0 401.0 355.0
40.0 137.0 15.0 149.0
408.0 338.0 401.0 355.0
42.0 137.0 15.0 149.0
42.0 138.0 15.0 149.0
103.0 449.0 59.0 450.0
41.0 137.0 15.0 149.0
102.0 448.0 59.0 450.0
102.0 449.0 59.0 450.0
469.0 301.0 455.0 305.0
40.0 136.0 15.0 149.0
41.0 136.0 15.0 149.0
469.0 300.0 455.0 305.0
469.0 302.0 455.0 305.0
