227.0 520.0 230.0 523.0
226.0 520.0 229.0 523.0
132.0 619.0 133.0 620.0
226.0 519.0 229.0 522.0
143.0 253.0 147.0 250.0
227.0 519.0 230.0 523.0
181.0 534.0 185.0 536.0
181.0 533.0 185.0 536.0
19.0 282.0 24.0 277.0
132.0 585.0 134.0 586.0
131.0 585.0 134.0 586.0
44.0 633.0 45.0 633.0
131.0 583.0 133.0 584.0
10.0 597.0 8.0 598.0
4.0 514.0 8.0 511.0
5.0 514.0 8.0 511.0
44.0 635.0 45.0 633.0
132.0 584.0 134.0 586.0
6.0 514.0 8.0 511.0
44.0 634.0 45.0 633.0
142.0 254.0 147.0 250.0
142.0 253.0 146.0 249.0
131.0 584.0 133.0 584.0
141.0 253.0 146.0 249.0
327.0 332.0 332.0 333.0
274.0 307.0 278.0 307.0
18.0 292.0 20.0 290.0
17.0 293.0 20.0 290.0
243.0 525.0 245.0 528.0
92.0 570.0 93.0 570.0
274.0 308.0 278.0 308.0
132.0 583.0 134.0 584.0
328.0 332.0 332.0 333.0
275.0 308.0 278.0 308.0
4.0 513.0 8.0 511.0
227.0 74.0 236.0 65.0
273.0 308.0 278.0 308.0
5.0 513.0 8.0 511.0
18.0 294.0 20.0 292.0
6.0 513.0 8.0 511.0
328.0 333.0 332.0 333.0
243.0 524.0 245.0 528.0
92.0 571.0 93.0 570.0
132.0 618.0 134.0 620.0
230.0 107.0 237.0 97.0
164.0 535.0 167.0 536.0
229.0 107.0 237.0 97.0
164.0 534.0 167.0 536.0
59.0 460.0 61.0 458.0
18.0 293.0 21.0 291.0
43.0 634.0 45.0 633.0
242.0 525.0 245.0 528.0
143.0 523.0 146.0 524.0
252.0 49.0 259.0 40.0
132.0 617.0 133.0 618.0
176.0 233.0 181.0 227.0
272.0 308.0 278.0 308.0
91.0 570.0 93.0 570.0
228.0 74.0 236.0 65.0
230.0 106.0 237.0 97.0
142.0 523.0 146.0 524.0
178.0 232.0 182.0 227.0
150.0 622.0 151.0 624.0
176.0 232.0 181.0 227.0
242.0 526.0 245.0 528.0
251.0 49.0 259.0 40.0
329.0 333.0 332.0 333.0
142.0 522.0 145.0 524.0
143.0 522.0 146.0 524.0
37.0 542.0 38.0 540.0
19.0 293.0 21.0 291.0
329.0 332.0 332.0 333.0
252.0 50.0 259.0 40.0
242.0 524.0 245.0 528.0
265.0 273.0 272.0 270.0
273.0 309.0 278.0 308.0
165.0 535.0 167.0 536.0
177.0 232.0 182.0 227.0
327.0 331.0 332.0 333.0
266.0 273.0 272.0 270.0
133.0 617.0 135.0 619.0
41.0 605.0 42.0 604.0
133.0 618.0 134.0 620.0
177.0 233.0 182.0 227.0
91.0 571.0 92.0 570.0
205.0 597.0 208.0 600.0
243.0 526.0 245.0 528.0
328.0 331.0 332.0 333.0
228.0 106.0 236.0 96.0
168.0 624.0 171.0 625.0
204.0 597.0 208.0 600.0
267.0 274.0 272.0 271.0
165.0 534.0 167.0 536.0
399.0 122.0 410.0 113.0
155.0 607.0 155.0 609.0
265.0 274.0 272.0 271.0
274.0 309.0 278.0 308.0
215.0 586.0 218.0 588.0
251.0 50.0 259.0 40.0
59.0 459.0 61.0 458.0
266.0 274.0 272.0 271.0
250.0 50.0 259.0 40.0
348.0 294.0 355.0 291.0
178.0 233.0 182.0 227.0
229.0 106.0 237.0 97.0
167.0 623.0 170.0 624.0
168.0 623.0 170.0 624.0
214.0 586.0 218.0 588.0
208.0 532.0 211.0 535.0
205.0 596.0 208.0 600.0
177.0 231.0 182.0 227.0
219.0 625.0 222.0 627.0
265.0 275.0 272.0 271.0
40.0 605.0 41.0 603.0
154.0 587.0 156.0 589.0
60.0 459.0 61.0 458.0
215.0 584.0 218.0 588.0
400.0 121.0 410.0 113.0
167.0 622.0 170.0 624.0
251.0 51.0 259.0 40.0
37.0 541.0 38.0 540.0
348.0 293.0 355.0 291.0
228.0 73.0 236.0 65.0
204.0 596.0 208.0 600.0
188.0 534.0 185.0 536.0
266.0 275.0 272.0 271.0
189.0 533.0 191.0 535.0
214.0 585.0 218.0 588.0
36.0 542.0 38.0 540.0
208.0 533.0 211.0 535.0
188.0 533.0 191.0 535.0
215.0 585.0 218.0 588.0
36.0 541.0 38.0 540.0
264.0 274.0 271.0 271.0
250.0 51.0 259.0 40.0
219.0 623.0 221.0 626.0
400.0 122.0 410.0 113.0
219.0 624.0 222.0 627.0
347.0 294.0 355.0 291.0
220.0 624.0 221.0 626.0
153.0 587.0 156.0 589.0
311.0 325.0 315.0 324.0
168.0 622.0 171.0 625.0
189.0 534.0 191.0 535.0
153.0 586.0 155.0 588.0
31.0 481.0 33.0 479.0
244.0 167.0 250.0 159.0
371.0 31.0 386.0 16.0
17.0 539.0 19.0 537.0
347.0 295.0 355.0 291.0
347.0 293.0 355.0 291.0
403.0 277.0 411.0 277.0
400.0 161.0 411.0 152.0
172.0 568.0 174.0 571.0
313.0 325.0 315.0 324.0
31.0 480.0 33.0 479.0
154.0 586.0 155.0 588.0
293.0 288.0 298.0 286.0
202.0 616.0 204.0 618.0
312.0 325.0 315.0 324.0
48.0 464.0 51.0 462.0
30.0 481.0 33.0 479.0
294.0 288.0 298.0 286.0
404.0 278.0 411.0 277.0
17.0 538.0 19.0 537.0
152.0 586.0 155.0 588.0
400.0 160.0 411.0 152.0
370.0 32.0 386.0 16.0
399.0 161.0 411.0 152.0
16.0 538.0 18.0 537.0
49.0 464.0 51.0 462.0
378.0 252.0 384.0 248.0
379.0 253.0 384.0 248.0
48.0 465.0 51.0 462.0
324.0 301.0 331.0 299.0
295.0 288.0 298.0 286.0
316.0 137.0 327.0 127.0
378.0 253.0 384.0 248.0
398.0 160.0 411.0 152.0
32.0 481.0 33.0 479.0
399.0 160.0 411.0 152.0
325.0 301.0 333.0 299.0
377.0 252.0 384.0 248.0
370.0 31.0 386.0 16.0
293.0 287.0 298.0 286.0
294.0 287.0 298.0 286.0
316.0 136.0 327.0 127.0
16.0 539.0 18.0 537.0
397.0 161.0 411.0 153.0
398.0 161.0 411.0 152.0
31.0 483.0 33.0 479.0
293.0 131.0 303.0 121.0
317.0 136.0 327.0 127.0
30.0 482.0 33.0 479.0
31.0 482.0 33.0 479.0
402.0 308.0 409.0 304.0
293.0 130.0 303.0 121.0
243.0 167.0 250.0 159.0
403.0 276.0 411.0 277.0
404.0 277.0 411.0 277.0
440.0 316.0 446.0 312.0
323.0 302.0 331.0 299.0
377.0 253.0 385.0 249.0
402.0 309.0 409.0 304.0
402.0 31.0 415.0 20.0
391.0 16.0 404.0 4.0
404.0 276.0 411.0 277.0
441.0 314.0 446.0 311.0
392.0 16.0 404.0 4.0
369.0 31.0 386.0 16.0
324.0 303.0 331.0 299.0
405.0 277.0 411.0 277.0
243.0 168.0 250.0 159.0
393.0 15.0 404.0 4.0
294.0 130.0 303.0 121.0
390.0 16.0 404.0 4.0
324.0 302.0 331.0 299.0
294.0 131.0 303.0 121.0
249.0 126.0 256.0 116.0
441.0 315.0 446.0 311.0
351.0 91.0 365.0 80.0
440.0 315.0 446.0 311.0
295.0 130.0 304.0 120.0
411.0 324.0 420.0 319.0
325.0 302.0 333.0 299.0
242.0 167.0 250.0 159.0
403.0 309.0 409.0 304.0
242.0 168.0 250.0 159.0
292.0 173.0 298.0 167.0
470.0 281.0 467.0 297.0
294.0 129.0 303.0 121.0
469.0 281.0 467.0 297.0
403.0 31.0 415.0 20.0
351.0 90.0 365.0 80.0
390.0 15.0 404.0 4.0
369.0 32.0 386.0 16.0
355.0 155.0 368.0 145.0
293.0 173.0 298.0 167.0
392.0 15.0 404.0 4.0
470.0 279.0 469.0 296.0
391.0 15.0 404.0 4.0
249.0 128.0 256.0 116.0
248.0 126.0 256.0 116.0
17.0 166.0 22.0 158.0
292.0 174.0 298.0 167.0
273.0 225.0 280.0 221.0
273.0 224.0 280.0 221.0
403.0 30.0 415.0 20.0
439.0 314.0 446.0 311.0
249.0 127.0 256.0 116.0
116.0 211.0 128.0 207.0
409.0 324.0 420.0 319.0
116.0 212.0 128.0 207.0
440.0 314.0 446.0 311.0
469.0 280.0 466.0 297.0
294.0 174.0 298.0 167.0
439.0 315.0 446.0 311.0
402.0 30.0 415.0 20.0
18.0 166.0 22.0 158.0
354.0 155.0 368.0 145.0
470.0 280.0 469.0 296.0
392.0 14.0 404.0 4.0
446.0 361.0 453.0 358.0
272.0 225.0 280.0 221.0
17.0 167.0 22.0 158.0
391.0 14.0 404.0 4.0
293.0 174.0 298.0 167.0
469.0 279.0 469.0 296.0
155.0 635.0 152.0 625.0
354.0 154.0 368.0 144.0
325.0 230.0 334.0 224.0
274.0 225.0 280.0 221.0
248.0 127.0 256.0 116.0
390.0 344.0 430.0 362.0
410.0 324.0 420.0 319.0
281.0 143.0 289.0 135.0
274.0 224.0 281.0 221.0
391.0 344.0 430.0 362.0
355.0 154.0 368.0 145.0
391.0 345.0 430.0 362.0
281.0 144.0 289.0 135.0
261.0 158.0 273.0 158.0
446.0 362.0 433.0 361.0
356.0 154.0 368.0 145.0
280.0 144.0 289.0 135.0
390.0 345.0 430.0 362.0
294.0 175.0 298.0 167.0
353.0 318.0 360.0 313.0
18.0 167.0 21.0 157.0
293.0 175.0 298.0 167.0
325.0 231.0 334.0 224.0
272.0 224.0 280.0 221.0
247.0 128.0 256.0 116.0
353.0 319.0 360.0 313.0
292.0 175.0 298.0 167.0
325.0 285.0 333.0 280.0
248.0 128.0 256.0 116.0
355.0 153.0 368.0 144.0
352.0 319.0 360.0 313.0
259.0 158.0 273.0 159.0
247.0 127.0 256.0 116.0
352.0 318.0 360.0 313.0
260.0 158.0 273.0 158.0
356.0 153.0 368.0 145.0
351.0 319.0 360.0 313.0
351.0 318.0 360.0 313.0
319.0 209.0 326.0 202.0
459.0 302.0 467.0 296.0
275.0 170.0 273.0 159.0
342.0 183.0 351.0 177.0
459.0 301.0 467.0 296.0
341.0 183.0 351.0 177.0
342.0 184.0 351.0 177.0
319.0 208.0 326.0 202.0
351.0 320.0 360.0 313.0
458.0 302.0 467.0 296.0
458.0 301.0 467.0 296.0
318.0 208.0 326.0 202.0
318.0 209.0 326.0 202.0
352.0 320.0 360.0 313.0
459.0 300.0 467.0 296.0
342.0 182.0 351.0 177.0
343.0 183.0 351.0 177.0
297.0 116.0 304.0 118.0
320.0 208.0 326.0 202.0
457.0 301.0 467.0 296.0
31.0 512.0 30.0 524.0
458.0 300.0 467.0 296.0
32.0 513.0 30.0 524.0
276.0 170.0 273.0 159.0
296.0 116.0 304.0 118.0
457.0 300.0 467.0 296.0
25.0 552.0 19.0 537.0
454.0 341.0 455.0 357.0
382.0 50.0 398.0 35.0
455.0 341.0 455.0 357.0
381.0 50.0 398.0 34.0
