96.0 19.0 94.0 30.0
97.0 20.0 94.0 30.0
318.0 474.0 313.0 486.0
96.0 20.0 94.0 30.0
201.0 202.0 196.0 210.0
319.0 474.0 313.0 486.0
200.0 202.0 196.0 210.0
319.0 473.0 313.0 486.0
318.0 473.0 313.0 486.0
401.0 528.0 396.0 541.0
397.0 319.0 390.0 331.0
342.0 518.0 336.0 531.0
350.0 204.0 342.0 215.0
299.0 468.0 292.0 482.0
341.0 518.0 335.0 532.0
348.0 203.0 342.0 215.0
389.0 218.0 384.0 230.0
340.0 519.0 335.0 532.0
401.0 527.0 396.0 541.0
390.0 218.0 385.0 230.0
341.0 519.0 335.0 532.0
397.0 320.0 390.0 332.0
342.0 519.0 336.0 531.0
340.0 520.0 335.0 532.0
350.0 203.0 342.0 215.0
390.0 217.0 385.0 230.0
396.0 320.0 390.0 331.0
349.0 203.0 342.0 215.0
470.0 258.0 463.0 271.0
300.0 469.0 292.0 482.0
396.0 319.0 390.0 331.0
201.0 201.0 196.0 210.0
299.0 469.0 292.0 482.0
379.0 310.0 372.0 323.0
269.0 450.0 262.0 461.0
299.0 502.0 291.0 514.0
293.0 176.0 289.0 189.0
348.0 202.0 342.0 215.0
268.0 449.0 262.0 461.0
298.0 502.0 291.0 514.0
378.0 311.0 372.0 323.0
333.0 410.0 327.0 421.0
395.0 320.0 390.0 331.0
269.0 449.0 262.0 461.0
401.0 526.0 396.0 541.0
254.0 193.0 249.0 205.0
378.0 310.0 372.0 323.0
390.0 216.0 384.0 231.0
294.0 178.0 290.0 189.0
293.0 178.0 289.0 190.0
349.0 202.0 342.0 215.0
298.0 501.0 291.0 514.0
269.0 448.0 262.0 461.0
389.0 217.0 384.0 230.0
200.0 201.0 196.0 210.0
430.0 246.0 425.0 260.0
20.0 218.0 17.0 225.0
456.0 201.0 451.0 214.0
332.0 410.0 326.0 421.0
300.0 468.0 292.0 482.0
430.0 247.0 425.0 260.0
298.0 503.0 291.0 515.0
299.0 503.0 291.0 515.0
321.0 102.0 316.0 117.0
391.0 217.0 385.0 230.0
365.0 331.0 359.0 342.0
270.0 448.0 262.0 461.0
412.0 307.0 406.0 320.0
254.0 194.0 249.0 205.0
393.0 470.0 387.0 482.0
293.0 177.0 289.0 189.0
341.0 520.0 335.0 532.0
398.0 320.0 390.0 332.0
412.0 308.0 406.0 320.0
321.0 103.0 316.0 117.0
270.0 449.0 262.0 461.0
458.0 202.0 451.0 214.0
457.0 202.0 451.0 214.0
470.0 259.0 463.0 271.0
380.0 347.0 373.0 359.0
284.0 485.0 278.0 498.0
298.0 469.0 292.0 482.0
364.0 331.0 359.0 342.0
116.0 28.0 95.0 30.0
294.0 177.0 290.0 188.0
365.0 330.0 359.0 342.0
332.0 351.0 327.0 363.0
402.0 526.0 396.0 541.0
377.0 311.0 372.0 323.0
302.0 282.0 296.0 294.0
377.0 310.0 372.0 323.0
300.0 384.0 293.0 395.0
379.0 311.0 372.0 323.0
89.0 480.0 81.0 490.0
299.0 470.0 292.0 482.0
322.0 101.0 316.0 117.0
69.0 477.0 61.0 485.0
294.0 176.0 290.0 188.0
264.0 542.0 257.0 554.0
253.0 193.0 249.0 205.0
402.0 527.0 396.0 541.0
265.0 166.0 259.0 179.0
20.0 217.0 17.0 225.0
284.0 486.0 278.0 498.0
333.0 409.0 327.0 421.0
255.0 192.0 249.0 205.0
285.0 485.0 278.0 497.0
325.0 554.0 319.0 567.0
285.0 486.0 278.0 498.0
254.0 192.0 249.0 205.0
68.0 477.0 60.0 486.0
332.0 409.0 326.0 421.0
381.0 347.0 373.0 359.0
284.0 488.0 278.0 498.0
302.0 283.0 296.0 294.0
382.0 490.0 377.0 500.0
286.0 485.0 278.0 497.0
457.0 201.0 451.0 214.0
285.0 484.0 278.0 497.0
458.0 201.0 451.0 214.0
392.0 235.0 387.0 250.0
200.0 65.0 196.0 78.0
364.0 330.0 359.0 342.0
268.0 448.0 262.0 461.0
333.0 408.0 327.0 421.0
341.0 521.0 335.0 532.0
324.0 554.0 317.0 568.0
397.0 321.0 390.0 332.0
126.0 487.0 119.0 496.0
457.0 200.0 451.0 214.0
297.0 504.0 291.0 515.0
325.0 553.0 319.0 567.0
381.0 348.0 373.0 359.0
396.0 321.0 390.0 332.0
378.0 347.0 371.0 359.0
298.0 504.0 291.0 515.0
284.0 487.0 278.0 498.0
255.0 193.0 249.0 205.0
264.0 543.0 257.0 554.0
21.0 218.0 17.0 225.0
263.0 542.0 257.0 554.0
406.0 297.0 398.0 309.0
332.0 350.0 327.0 363.0
299.0 384.0 293.0 395.0
342.0 520.0 336.0 531.0
117.0 28.0 95.0 30.0
379.0 347.0 371.0 359.0
297.0 503.0 291.0 515.0
126.0 489.0 118.0 497.0
219.0 207.0 215.0 217.0
126.0 488.0 119.0 496.0
392.0 399.0 386.0 410.0
322.0 102.0 317.0 117.0
395.0 321.0 390.0 332.0
297.0 502.0 291.0 514.0
265.0 167.0 259.0 179.0
285.0 487.0 278.0 498.0
366.0 330.0 359.0 342.0
379.0 348.0 373.0 359.0
258.0 184.0 254.0 194.0
263.0 543.0 257.0 554.0
380.0 348.0 373.0 359.0
382.0 489.0 377.0 500.0
46.0 472.0 46.0 481.0
202.0 94.0 198.0 106.0
351.0 412.0 346.0 425.0
125.0 488.0 119.0 496.0
218.0 206.0 214.0 217.0
37.0 168.0 33.0 176.0
264.0 168.0 259.0 179.0
391.0 400.0 386.0 410.0
342.0 521.0 335.0 533.0
364.0 329.0 359.0 342.0
264.0 166.0 259.0 179.0
255.0 194.0 249.0 205.0
164.0 76.0 160.0 88.0
391.0 399.0 386.0 410.0
286.0 486.0 278.0 498.0
448.0 525.0 442.0 538.0
242.0 539.0 237.0 551.0
93.0 267.0 90.0 272.0
383.0 489.0 377.0 500.0
127.0 488.0 119.0 496.0
21.0 217.0 17.0 225.0
405.0 297.0 398.0 309.0
314.0 427.0 307.0 438.0
264.0 167.0 259.0 179.0
218.0 207.0 214.0 217.0
331.0 78.0 326.0 91.0
306.0 406.0 301.0 416.0
324.0 555.0 319.0 567.0
250.0 112.0 244.0 124.0
447.0 525.0 442.0 538.0
431.0 246.0 425.0 260.0
127.0 487.0 119.0 496.0
75.0 261.0 54.0 260.0
126.0 58.0 124.0 70.0
183.0 195.0 179.0 205.0
363.0 330.0 359.0 342.0
105.0 483.0 97.0 492.0
332.0 77.0 326.0 91.0
392.0 400.0 386.0 411.0
30.0 362.0 25.0 369.0
406.0 296.0 398.0 309.0
268.0 156.0 263.0 168.0
332.0 78.0 326.0 91.0
405.0 296.0 398.0 309.0
126.0 59.0 124.0 70.0
298.0 470.0 292.0 482.0
219.0 206.0 215.0 217.0
105.0 482.0 97.0 492.0
68.0 476.0 61.0 485.0
365.0 329.0 359.0 342.0
331.0 351.0 327.0 363.0
299.0 385.0 293.0 395.0
332.0 408.0 326.0 421.0
31.0 362.0 25.0 369.0
165.0 76.0 160.0 88.0
401.0 275.0 395.0 286.0
256.0 192.0 249.0 205.0
390.0 401.0 386.0 411.0
243.0 539.0 238.0 551.0
391.0 401.0 386.0 411.0
200.0 64.0 196.0 78.0
475.0 279.0 468.0 294.0
218.0 208.0 214.0 217.0
447.0 526.0 442.0 538.0
268.0 157.0 263.0 168.0
136.0 35.0 115.0 37.0
250.0 111.0 244.0 124.0
474.0 279.0 468.0 294.0
383.0 490.0 377.0 501.0
314.0 428.0 307.0 439.0
37.0 167.0 33.0 176.0
313.0 428.0 307.0 439.0
136.0 36.0 115.0 37.0
388.0 579.0 382.0 593.0
298.0 385.0 293.0 395.0
331.0 77.0 326.0 91.0
137.0 35.0 115.0 37.0
51.0 473.0 46.0 480.0
38.0 168.0 33.0 176.0
249.0 112.0 244.0 124.0
410.0 393.0 402.0 400.0
422.0 425.0 415.0 439.0
313.0 429.0 307.0 439.0
400.0 275.0 395.0 286.0
421.0 425.0 415.0 439.0
21.0 466.0 15.0 475.0
38.0 167.0 33.0 176.0
410.0 392.0 402.0 400.0
331.0 76.0 326.0 91.0
300.0 385.0 293.0 395.0
420.0 425.0 415.0 437.0
383.0 488.0 377.0 500.0
75.0 262.0 54.0 260.0
93.0 266.0 90.0 272.0
173.0 192.0 161.0 199.0
93.0 265.0 71.0 267.0
249.0 111.0 244.0 124.0
40.0 249.0 28.0 253.0
400.0 276.0 395.0 287.0
307.0 405.0 301.0 416.0
352.0 413.0 347.0 425.0
421.0 424.0 414.0 436.0
307.0 406.0 301.0 416.0
387.0 579.0 382.0 593.0
52.0 573.0 44.0 582.0
22.0 467.0 15.0 475.0
104.0 482.0 97.0 492.0
475.0 280.0 468.0 294.0
23.0 569.0 16.0 577.0
21.0 467.0 15.0 475.0
165.0 77.0 160.0 88.0
137.0 36.0 115.0 37.0
164.0 77.0 160.0 88.0
248.0 111.0 244.0 124.0
422.0 426.0 415.0 439.0
421.0 426.0 415.0 439.0
474.0 280.0 468.0 294.0
331.0 430.0 325.0 442.0
22.0 466.0 15.0 475.0
422.0 424.0 415.0 439.0
306.0 407.0 301.0 416.0
259.0 184.0 254.0 194.0
182.0 569.0 176.0 580.0
331.0 431.0 326.0 442.0
352.0 412.0 347.0 425.0
52.0 473.0 46.0 480.0
313.0 427.0 307.0 439.0
386.0 253.0 380.0 265.0
23.0 336.0 18.0 344.0
135.0 452.0 128.0 462.0
183.0 568.0 177.0 580.0
411.0 392.0 402.0 400.0
453.0 30.0 445.0 49.0
74.0 262.0 54.0 260.0
330.0 430.0 325.0 442.0
248.0 112.0 244.0 124.0
23.0 337.0 18.0 344.0
23.0 466.0 16.0 474.0
183.0 569.0 177.0 580.0
137.0 182.0 133.0 191.0
352.0 411.0 347.0 425.0
330.0 431.0 325.0 442.0
453.0 29.0 445.0 49.0
299.0 386.0 293.0 395.0
306.0 408.0 302.0 417.0
33.0 427.0 27.0 433.0
452.0 31.0 445.0 49.0
411.0 393.0 402.0 400.0
330.0 432.0 325.0 442.0
386.0 254.0 380.0 265.0
182.0 568.0 176.0 580.0
316.0 250.0 307.0 266.0
32.0 427.0 26.0 433.0
315.0 250.0 307.0 266.0
353.0 413.0 347.0 425.0
91.0 593.0 81.0 605.0
307.0 407.0 302.0 417.0
387.0 253.0 380.0 265.0
452.0 30.0 445.0 49.0
22.0 337.0 18.0 344.0
32.0 426.0 26.0 433.0
194.0 622.0 188.0 633.0
75.0 263.0 54.0 260.0
183.0 567.0 176.0 580.0
353.0 411.0 347.0 425.0
353.0 412.0 347.0 425.0
22.0 465.0 16.0 474.0
194.0 623.0 188.0 633.0
195.0 623.0 188.0 633.0
316.0 249.0 307.0 266.0
195.0 622.0 188.0 633.0
8.0 566.0 15.0 578.0
194.0 624.0 188.0 633.0
9.0 566.0 15.0 578.0
184.0 568.0 177.0 580.0
138.0 182.0 133.0 191.0
315.0 249.0 307.0 266.0
32.0 425.0 26.0 433.0
23.0 465.0 16.0 474.0
387.0 254.0 380.0 265.0
23.0 338.0 18.0 344.0
314.0 249.0 307.0 266.0
210.0 240.0 203.0 258.0
22.0 338.0 18.0 344.0
137.0 181.0 133.0 191.0
64.0 370.0 57.0 376.0
33.0 426.0 26.0 433.0
45.0 8.0 20.0 9.0
471.0 38.0 464.0 56.0
402.0 462.0 388.0 481.0
44.0 7.0 20.0 9.0
210.0 239.0 203.0 258.0
45.0 7.0 20.0 9.0
44.0 8.0 20.0 9.0
33.0 425.0 26.0 433.0
116.0 461.0 109.0 472.0
31.0 339.0 18.0 343.0
117.0 462.0 109.0 472.0
21.0 247.0 28.0 253.0
117.0 461.0 109.0 472.0
118.0 461.0 109.0 472.0
116.0 462.0 109.0 472.0
238.0 583.0 230.0 595.0
31.0 340.0 18.0 343.0
21.0 248.0 28.0 253.0
238.0 584.0 230.0 595.0
131.0 464.0 128.0 462.0
132.0 465.0 128.0 462.0
132.0 464.0 128.0 462.0
238.0 585.0 230.0 595.0
99.0 168.0 124.0 189.0
80.0 626.0 72.0 636.0
80.0 627.0 72.0 636.0
79.0 627.0 72.0 636.0
79.0 626.0 72.0 636.0
148.0 422.0 146.0 416.0
391.0 361.0 373.0 359.0
391.0 360.0 373.0 359.0
79.0 628.0 72.0 636.0
390.0 361.0 373.0 359.0
147.0 423.0 146.0 416.0
147.0 422.0 146.0 416.0
391.0 362.0 373.0 359.0
394.0 512.0 395.0 542.0
395.0 511.0 395.0 541.0
447.0 224.0 451.0 214.0
396.0 511.0 395.0 541.0
395.0 510.0 395.0 541.0
