253.0 478.0 244.0 497.0
252.0 478.0 244.0 497.0
231.0 328.0 224.0 344.0
232.0 328.0 224.0 344.0
358.0 237.0 349.0 253.0
358.0 236.0 349.0 253.0
357.0 236.0 349.0 253.0
233.0 328.0 224.0 344.0
358.0 235.0 349.0 253.0
357.0 235.0 349.0 253.0
245.0 392.0 237.0 407.0
203.0 154.0 193.0 171.0
314.0 182.0 303.0 200.0
233.0 329.0 224.0 344.0
359.0 236.0 349.0 253.0
228.0 334.0 221.0 350.0
222.0 125.0 212.0 141.0
314.0 181.0 303.0 200.0
313.0 181.0 302.0 200.0
222.0 123.0 212.0 141.0
223.0 124.0 213.0 142.0
326.0 215.0 318.0 233.0
280.0 464.0 273.0 478.0
222.0 126.0 212.0 141.0
143.0 138.0 131.0 155.0
232.0 329.0 224.0 344.0
315.0 181.0 303.0 200.0
179.0 78.0 169.0 94.0
222.0 124.0 212.0 141.0
241.0 343.0 234.0 359.0
358.0 234.0 349.0 252.0
231.0 329.0 224.0 344.0
221.0 125.0 212.0 143.0
313.0 182.0 302.0 201.0
326.0 216.0 318.0 233.0
221.0 124.0 212.0 141.0
346.0 207.0 336.0 222.0
214.0 220.0 206.0 235.0
327.0 214.0 318.0 233.0
143.0 137.0 131.0 155.0
281.0 464.0 273.0 478.0
142.0 138.0 131.0 155.0
313.0 183.0 303.0 200.0
327.0 215.0 318.0 233.0
327.0 216.0 318.0 233.0
142.0 137.0 131.0 155.0
328.0 215.0 318.0 233.0
195.0 465.0 188.0 487.0
186.0 353.0 177.0 370.0
249.0 484.0 243.0 499.0
315.0 182.0 303.0 200.0
226.0 415.0 218.0 433.0
248.0 484.0 243.0 498.0
167.0 127.0 157.0 144.0
359.0 235.0 349.0 253.0
199.0 460.0 190.0 479.0
142.0 136.0 131.0 154.0
231.0 330.0 221.0 349.0
178.0 78.0 169.0 94.0
206.0 341.0 199.0 353.0
270.0 117.0 258.0 136.0
158.0 163.0 147.0 181.0
326.0 214.0 318.0 233.0
240.0 345.0 234.0 359.0
314.0 183.0 303.0 200.0
221.0 441.0 211.0 459.0
178.0 79.0 169.0 94.0
144.0 137.0 132.0 155.0
221.0 126.0 212.0 141.0
241.0 344.0 234.0 359.0
315.0 183.0 303.0 200.0
328.0 213.0 318.0 233.0
220.0 125.0 212.0 143.0
252.0 64.0 242.0 84.0
238.0 147.0 228.0 167.0
242.0 343.0 234.0 359.0
143.0 136.0 131.0 155.0
226.0 414.0 218.0 433.0
254.0 212.0 244.0 230.0
279.0 464.0 273.0 478.0
424.0 85.0 411.0 106.0
327.0 213.0 318.0 233.0
280.0 465.0 273.0 478.0
312.0 182.0 302.0 200.0
252.0 65.0 242.0 84.0
240.0 344.0 234.0 359.0
232.0 330.0 221.0 349.0
248.0 485.0 243.0 499.0
198.0 151.0 189.0 168.0
141.0 137.0 131.0 154.0
347.0 210.0 336.0 224.0
196.0 465.0 188.0 487.0
248.0 483.0 243.0 498.0
186.0 447.0 176.0 465.0
198.0 152.0 189.0 168.0
242.0 345.0 234.0 359.0
238.0 148.0 228.0 167.0
239.0 147.0 228.0 167.0
227.0 414.0 218.0 433.0
222.0 441.0 211.0 459.0
242.0 344.0 234.0 359.0
328.0 214.0 318.0 233.0
345.0 207.0 336.0 222.0
345.0 208.0 336.0 223.0
222.0 439.0 213.0 458.0
255.0 213.0 245.0 230.0
213.0 218.0 206.0 234.0
279.0 465.0 273.0 478.0
185.0 354.0 177.0 370.0
196.0 466.0 188.0 487.0
346.0 208.0 336.0 222.0
247.0 483.0 243.0 498.0
199.0 461.0 190.0 479.0
189.0 346.0 179.0 363.0
236.0 370.0 228.0 388.0
144.0 136.0 132.0 155.0
248.0 486.0 243.0 499.0
239.0 442.0 229.0 461.0
314.0 184.0 303.0 200.0
214.0 219.0 206.0 235.0
247.0 484.0 243.0 498.0
241.0 345.0 234.0 359.0
237.0 370.0 228.0 388.0
238.0 369.0 228.0 387.0
252.0 63.0 242.0 84.0
221.0 440.0 211.0 459.0
254.0 213.0 245.0 230.0
195.0 466.0 188.0 487.0
237.0 369.0 228.0 387.0
269.0 117.0 258.0 136.0
237.0 371.0 228.0 388.0
197.0 430.0 189.0 450.0
239.0 441.0 229.0 461.0
238.0 442.0 229.0 461.0
198.0 461.0 190.0 479.0
182.0 452.0 174.0 474.0
196.0 429.0 189.0 450.0
223.0 440.0 211.0 459.0
222.0 442.0 211.0 459.0
222.0 440.0 211.0 459.0
347.0 209.0 336.0 224.0
247.0 485.0 243.0 499.0
251.0 65.0 241.0 85.0
214.0 218.0 206.0 235.0
226.0 413.0 218.0 432.0
253.0 214.0 245.0 230.0
346.0 209.0 336.0 224.0
196.0 467.0 188.0 487.0
180.0 66.0 169.0 91.0
227.0 413.0 218.0 432.0
209.0 334.0 201.0 351.0
253.0 213.0 244.0 230.0
192.0 508.0 185.0 528.0
253.0 63.0 242.0 84.0
197.0 152.0 189.0 168.0
239.0 150.0 229.0 168.0
346.0 210.0 336.0 224.0
239.0 149.0 228.0 168.0
379.0 224.0 371.0 241.0
255.0 214.0 245.0 230.0
185.0 353.0 177.0 370.0
345.0 209.0 336.0 224.0
347.0 208.0 336.0 222.0
254.0 214.0 245.0 230.0
380.0 223.0 371.0 241.0
328.0 212.0 318.0 233.0
197.0 429.0 189.0 450.0
380.0 224.0 371.0 241.0
199.0 462.0 190.0 479.0
238.0 149.0 228.0 168.0
251.0 64.0 241.0 84.0
168.0 293.0 155.0 311.0
167.0 293.0 155.0 311.0
381.0 224.0 371.0 241.0
189.0 345.0 179.0 363.0
253.0 432.0 246.0 452.0
238.0 371.0 228.0 388.0
198.0 429.0 189.0 450.0
175.0 405.0 164.0 427.0
198.0 462.0 190.0 479.0
156.0 486.0 146.0 508.0
380.0 225.0 371.0 241.0
238.0 441.0 229.0 461.0
193.0 508.0 185.0 528.0
239.0 148.0 228.0 167.0
223.0 441.0 211.0 459.0
167.0 294.0 155.0 311.0
192.0 509.0 185.0 528.0
193.0 509.0 185.0 528.0
238.0 370.0 228.0 388.0
251.0 63.0 242.0 84.0
247.0 486.0 243.0 499.0
196.0 468.0 188.0 487.0
214.0 217.0 206.0 234.0
190.0 345.0 179.0 363.0
345.0 210.0 336.0 224.0
209.0 335.0 201.0 351.0
238.0 150.0 228.0 168.0
270.0 118.0 258.0 136.0
213.0 217.0 206.0 234.0
155.0 486.0 146.0 508.0
195.0 467.0 188.0 487.0
188.0 345.0 179.0 363.0
184.0 353.0 177.0 370.0
180.0 65.0 169.0 91.0
196.0 428.0 189.0 449.0
252.0 62.0 242.0 83.0
210.0 334.0 201.0 351.0
254.0 215.0 246.0 231.0
181.0 453.0 174.0 474.0
184.0 354.0 177.0 370.0
197.0 428.0 189.0 449.0
269.0 118.0 258.0 136.0
193.0 510.0 185.0 528.0
210.0 335.0 201.0 351.0
167.0 292.0 155.0 311.0
155.0 487.0 146.0 508.0
183.0 453.0 174.0 474.0
156.0 487.0 146.0 508.0
195.0 468.0 188.0 487.0
275.0 204.0 265.0 223.0
195.0 409.0 186.0 430.0
168.0 294.0 155.0 311.0
249.0 133.0 237.0 153.0
169.0 292.0 155.0 311.0
174.0 406.0 164.0 427.0
182.0 453.0 174.0 474.0
168.0 292.0 155.0 311.0
210.0 333.0 201.0 351.0
211.0 334.0 201.0 351.0
192.0 510.0 185.0 528.0
230.0 383.0 222.0 404.0
175.0 406.0 164.0 427.0
211.0 335.0 201.0 352.0
231.0 383.0 222.0 404.0
239.0 362.0 228.0 387.0
169.0 293.0 155.0 311.0
181.0 64.0 169.0 91.0
182.0 454.0 174.0 474.0
141.0 267.0 131.0 285.0
194.0 408.0 186.0 430.0
159.0 479.0 147.0 506.0
195.0 408.0 186.0 430.0
140.0 268.0 131.0 285.0
309.0 97.0 297.0 117.0
308.0 96.0 297.0 117.0
193.0 408.0 186.0 430.0
176.0 406.0 164.0 427.0
308.0 98.0 297.0 117.0
308.0 99.0 297.0 117.0
219.0 396.0 211.0 415.0
219.0 397.0 211.0 415.0
194.0 409.0 186.0 430.0
170.0 342.0 158.0 364.0
140.0 269.0 131.0 285.0
309.0 98.0 297.0 117.0
174.0 407.0 164.0 427.0
231.0 382.0 222.0 404.0
193.0 407.0 186.0 430.0
308.0 97.0 297.0 117.0
181.0 454.0 174.0 474.0
269.0 119.0 258.0 136.0
309.0 96.0 297.0 117.0
170.0 344.0 158.0 365.0
176.0 407.0 164.0 427.0
195.0 407.0 186.0 430.0
171.0 343.0 158.0 364.0
194.0 406.0 187.0 428.0
195.0 183.0 185.0 202.0
195.0 184.0 185.0 202.0
175.0 407.0 164.0 427.0
309.0 95.0 297.0 117.0
268.0 118.0 258.0 136.0
218.0 396.0 211.0 415.0
192.0 511.0 185.0 528.0
240.0 362.0 228.0 387.0
218.0 397.0 211.0 415.0
170.0 343.0 158.0 364.0
378.0 221.0 371.0 241.0
183.0 454.0 174.0 474.0
196.0 183.0 187.0 202.0
301.0 597.0 298.0 613.0
49.0 451.0 38.0 470.0
310.0 95.0 297.0 117.0
175.0 408.0 164.0 427.0
356.0 88.0 344.0 109.0
50.0 452.0 38.0 470.0
268.0 119.0 258.0 136.0
230.0 382.0 222.0 404.0
378.0 222.0 371.0 241.0
176.0 408.0 164.0 427.0
226.0 601.0 218.0 622.0
356.0 87.0 344.0 109.0
196.0 408.0 186.0 430.0
140.0 267.0 131.0 283.0
194.0 407.0 186.0 430.0
219.0 395.0 211.0 415.0
226.0 600.0 218.0 622.0
301.0 596.0 298.0 613.0
226.0 599.0 218.0 622.0
377.0 221.0 371.0 241.0
310.0 96.0 297.0 117.0
217.0 397.0 211.0 415.0
378.0 220.0 371.0 241.0
156.0 226.0 143.0 248.0
182.0 393.0 168.0 414.0
176.0 409.0 163.0 429.0
300.0 597.0 298.0 613.0
49.0 450.0 38.0 470.0
267.0 118.0 258.0 136.0
183.0 250.0 174.0 267.0
301.0 598.0 298.0 613.0
218.0 395.0 210.0 414.0
267.0 119.0 258.0 136.0
353.0 93.0 344.0 109.0
184.0 251.0 174.0 267.0
183.0 251.0 174.0 267.0
225.0 600.0 218.0 622.0
240.0 361.0 228.0 387.0
267.0 120.0 258.0 136.0
50.0 450.0 38.0 470.0
377.0 220.0 371.0 241.0
183.0 252.0 174.0 267.0
182.0 394.0 168.0 414.0
50.0 451.0 38.0 470.0
184.0 250.0 174.0 267.0
357.0 86.0 344.0 109.0
184.0 249.0 174.0 267.0
225.0 599.0 218.0 622.0
225.0 601.0 218.0 622.0
217.0 396.0 210.0 414.0
304.0 590.0 298.0 610.0
357.0 88.0 344.0 109.0
150.0 409.0 146.0 429.0
183.0 394.0 168.0 414.0
357.0 87.0 344.0 109.0
63.0 515.0 52.0 535.0
184.0 252.0 174.0 267.0
328.0 584.0 335.0 598.0
150.0 408.0 146.0 429.0
151.0 408.0 146.0 429.0
183.0 393.0 168.0 414.0
300.0 598.0 298.0 613.0
338.0 54.0 334.0 62.0
214.0 359.0 202.0 374.0
339.0 54.0 334.0 62.0
215.0 358.0 202.0 374.0
231.0 193.0 224.0 201.0
339.0 53.0 334.0 62.0
215.0 359.0 202.0 374.0
50.0 606.0 40.0 628.0
339.0 55.0 334.0 62.0
233.0 193.0 224.0 201.0
50.0 607.0 40.0 628.0
216.0 358.0 202.0 374.0
232.0 193.0 224.0 201.0
49.0 607.0 40.0 628.0
182.0 257.0 175.0 268.0
49.0 606.0 40.0 628.0
340.0 54.0 334.0 62.0
184.0 394.0 168.0 414.0
181.0 257.0 175.0 268.0
110.0 5.0 99.0 23.0
340.0 53.0 334.0 62.0
110.0 4.0 99.0 23.0
109.0 4.0 99.0 23.0
109.0 5.0 99.0 23.0
197.0 196.0 186.0 203.0
232.0 194.0 224.0 201.0
180.0 258.0 175.0 268.0
181.0 258.0 175.0 268.0
233.0 194.0 224.0 201.0
197.0 197.0 186.0 203.0
198.0 196.0 186.0 203.0
284.0 560.0 293.0 577.0
61.0 615.0 40.0 628.0
439.0 326.0 436.0 343.0
440.0 325.0 436.0 343.0
438.0 326.0 436.0 343.0
181.0 259.0 175.0 268.0
180.0 259.0 175.0 268.0
174.0 208.0 163.0 212.0
439.0 325.0 436.0 343.0
198.0 197.0 186.0 203.0
220.0 140.0 212.0 142.0
283.0 561.0 293.0 577.0
