466.0 585.0 466.0 584.0
240.0 606.0 243.0 602.0
454.0 568.0 454.0 568.0
467.0 585.0 467.0 585.0
273.0 450.0 275.0 450.0
437.0 274.0 439.0 280.0
438.0 275.0 439.0 280.0
454.0 567.0 454.0 567.0
273.0 451.0 275.0 451.0
444.0 457.0 444.0 458.0
445.0 457.0 445.0 458.0
241.0 606.0 243.0 602.0
26.0 206.0 28.0 205.0
167.0 104.0 169.0 106.0
25.0 207.0 27.0 206.0
438.0 274.0 439.0 280.0
204.0 80.0 206.0 81.0
297.0 483.0 299.0 482.0
346.0 553.0 347.0 552.0
437.0 275.0 439.0 280.0
204.0 79.0 207.0 81.0
240.0 607.0 243.0 602.0
361.0 497.0 363.0 497.0
395.0 497.0 395.0 497.0
205.0 80.0 207.0 81.0
240.0 605.0 243.0 602.0
25.0 206.0 26.0 205.0
241.0 607.0 243.0 602.0
438.0 276.0 438.0 281.0
346.0 554.0 347.0 552.0
444.0 456.0 445.0 458.0
177.0 296.0 180.0 298.0
328.0 495.0 330.0 495.0
437.0 276.0 438.0 281.0
327.0 495.0 330.0 495.0
327.0 494.0 330.0 494.0
205.0 79.0 207.0 81.0
467.0 493.0 467.0 495.0
362.0 497.0 363.0 497.0
24.0 207.0 26.0 205.0
385.0 277.0 387.0 283.0
193.0 356.0 197.0 356.0
329.0 495.0 330.0 495.0
27.0 206.0 28.0 205.0
26.0 207.0 28.0 205.0
443.0 457.0 444.0 458.0
455.0 567.0 454.0 567.0
396.0 497.0 395.0 497.0
322.0 392.0 324.0 393.0
468.0 494.0 467.0 495.0
361.0 496.0 363.0 497.0
167.0 26.0 170.0 26.0
17.0 109.0 16.0 107.0
242.0 509.0 245.0 509.0
384.0 278.0 386.0 283.0
242.0 510.0 245.0 509.0
243.0 510.0 245.0 509.0
133.0 294.0 136.0 294.0
311.0 516.0 313.0 515.0
204.0 374.0 207.0 375.0
328.0 494.0 330.0 493.0
168.0 26.0 170.0 26.0
297.0 484.0 299.0 482.0
318.0 295.0 320.0 299.0
243.0 509.0 245.0 509.0
274.0 451.0 275.0 451.0
134.0 294.0 136.0 294.0
16.0 110.0 16.0 107.0
241.0 57.0 243.0 60.0
197.0 257.0 201.0 258.0
362.0 496.0 363.0 497.0
17.0 110.0 16.0 107.0
269.0 386.0 271.0 387.0
43.0 127.0 44.0 125.0
468.0 493.0 467.0 495.0
43.0 126.0 44.0 125.0
109.0 273.0 111.0 272.0
347.0 553.0 347.0 552.0
167.0 27.0 170.0 26.0
328.0 493.0 330.0 493.0
194.0 357.0 197.0 356.0
167.0 105.0 169.0 106.0
203.0 374.0 207.0 375.0
192.0 315.0 195.0 316.0
108.0 272.0 111.0 272.0
112.0 174.0 115.0 175.0
311.0 517.0 313.0 515.0
378.0 194.0 381.0 201.0
42.0 127.0 44.0 125.0
385.0 278.0 387.0 283.0
5.0 147.0 7.0 147.0
167.0 25.0 170.0 26.0
269.0 387.0 270.0 389.0
197.0 256.0 201.0 258.0
386.0 277.0 387.0 283.0
194.0 356.0 197.0 356.0
196.0 256.0 201.0 258.0
240.0 57.0 242.0 61.0
296.0 484.0 298.0 483.0
108.0 273.0 111.0 272.0
240.0 56.0 242.0 61.0
235.0 362.0 239.0 364.0
248.0 427.0 249.0 428.0
347.0 554.0 347.0 552.0
205.0 374.0 208.0 375.0
198.0 256.0 201.0 258.0
321.0 424.0 323.0 425.0
5.0 148.0 7.0 147.0
123.0 208.0 126.0 208.0
240.0 58.0 242.0 61.0
268.0 484.0 270.0 483.0
185.0 479.0 191.0 479.0
296.0 483.0 298.0 483.0
379.0 194.0 381.0 201.0
168.0 25.0 170.0 26.0
266.0 502.0 269.0 501.0
6.0 148.0 7.0 147.0
124.0 208.0 126.0 208.0
184.0 479.0 191.0 479.0
385.0 429.0 387.0 432.0
109.0 272.0 111.0 272.0
299.0 588.0 301.0 585.0
467.0 494.0 467.0 495.0
213.0 56.0 214.0 57.0
298.0 588.0 301.0 585.0
113.0 174.0 115.0 175.0
268.0 483.0 270.0 483.0
395.0 221.0 397.0 227.0
112.0 175.0 115.0 175.0
201.0 333.0 204.0 334.0
348.0 141.0 349.0 145.0
247.0 428.0 249.0 428.0
65.0 258.0 69.0 257.0
229.0 30.0 230.0 33.0
235.0 363.0 238.0 365.0
42.0 126.0 44.0 125.0
27.0 207.0 28.0 205.0
329.0 494.0 330.0 493.0
204.0 373.0 207.0 374.0
228.0 30.0 230.0 33.0
236.0 363.0 239.0 364.0
395.0 222.0 397.0 227.0
192.0 316.0 195.0 316.0
228.0 31.0 230.0 33.0
194.0 355.0 197.0 356.0
239.0 58.0 242.0 61.0
185.0 478.0 191.0 479.0
124.0 207.0 126.0 208.0
197.0 255.0 201.0 258.0
177.0 235.0 180.0 236.0
190.0 448.0 194.0 449.0
107.0 274.0 110.0 273.0
167.0 106.0 169.0 106.0
107.0 273.0 111.0 272.0
268.0 387.0 270.0 388.0
227.0 30.0 230.0 33.0
184.0 478.0 191.0 479.0
159.0 354.0 162.0 354.0
108.0 274.0 110.0 273.0
343.0 415.0 345.0 417.0
258.0 407.0 260.0 408.0
386.0 278.0 387.0 283.0
265.0 502.0 269.0 501.0
160.0 393.0 165.0 394.0
270.0 149.0 271.0 152.0
148.0 199.0 150.0 199.0
320.0 424.0 322.0 425.0
319.0 295.0 320.0 299.0
123.0 425.0 126.0 423.0
312.0 515.0 314.0 514.0
212.0 56.0 214.0 57.0
239.0 57.0 242.0 60.0
229.0 31.0 230.0 33.0
257.0 67.0 261.0 70.0
268.0 386.0 270.0 388.0
258.0 66.0 261.0 70.0
394.0 222.0 396.0 227.0
191.0 315.0 195.0 316.0
17.0 111.0 16.0 107.0
220.0 332.0 223.0 333.0
394.0 221.0 397.0 227.0
258.0 67.0 261.0 70.0
148.0 198.0 150.0 199.0
132.0 294.0 136.0 294.0
220.0 331.0 223.0 333.0
142.0 323.0 146.0 323.0
344.0 416.0 345.0 417.0
248.0 428.0 249.0 428.0
344.0 415.0 345.0 417.0
227.0 555.0 230.0 554.0
190.0 449.0 194.0 450.0
448.0 28.0 450.0 34.0
220.0 333.0 223.0 334.0
41.0 86.0 42.0 84.0
143.0 324.0 146.0 323.0
378.0 195.0 381.0 201.0
209.0 532.0 213.0 532.0
378.0 86.0 380.0 92.0
70.0 293.0 73.0 293.0
428.0 105.0 432.0 109.0
219.0 332.0 223.0 333.0
188.0 448.0 194.0 449.0
143.0 323.0 146.0 323.0
111.0 174.0 115.0 175.0
157.0 288.0 160.0 289.0
257.0 66.0 261.0 70.0
219.0 331.0 222.0 333.0
41.0 87.0 42.0 84.0
188.0 449.0 194.0 449.0
389.0 244.0 391.0 251.0
449.0 28.0 450.0 34.0
173.0 557.0 176.0 554.0
267.0 484.0 270.0 483.0
270.0 148.0 271.0 152.0
118.0 511.0 124.0 509.0
74.0 235.0 78.0 235.0
298.0 589.0 301.0 585.0
122.0 424.0 126.0 423.0
226.0 554.0 230.0 554.0
195.0 356.0 198.0 356.0
209.0 533.0 213.0 532.0
40.0 87.0 42.0 84.0
312.0 516.0 314.0 514.0
137.0 237.0 137.0 238.0
313.0 516.0 314.0 514.0
343.0 416.0 345.0 417.0
428.0 106.0 432.0 109.0
319.0 296.0 320.0 299.0
208.0 532.0 213.0 532.0
118.0 510.0 125.0 509.0
159.0 355.0 162.0 354.0
312.0 517.0 314.0 514.0
339.0 275.0 341.0 280.0
339.0 276.0 341.0 280.0
189.0 448.0 194.0 449.0
313.0 515.0 314.0 514.0
270.0 150.0 271.0 152.0
471.0 449.0 472.0 451.0
226.0 555.0 230.0 554.0
220.0 500.0 223.0 500.0
157.0 289.0 160.0 289.0
147.0 199.0 150.0 199.0
161.0 393.0 165.0 394.0
41.0 88.0 42.0 84.0
158.0 289.0 160.0 289.0
269.0 150.0 271.0 152.0
347.0 442.0 348.0 443.0
286.0 330.0 290.0 333.0
257.0 65.0 261.0 70.0
40.0 88.0 42.0 84.0
219.0 500.0 223.0 500.0
131.0 223.0 133.0 224.0
344.0 414.0 345.0 416.0
320.0 423.0 323.0 425.0
123.0 424.0 126.0 423.0
124.0 424.0 126.0 423.0
201.0 332.0 204.0 333.0
160.0 392.0 165.0 394.0
117.0 440.0 122.0 439.0
173.0 152.0 176.0 155.0
45.0 189.0 48.0 188.0
388.0 245.0 390.0 252.0
379.0 86.0 380.0 92.0
158.0 288.0 160.0 289.0
139.0 413.0 144.0 412.0
319.0 423.0 322.0 425.0
299.0 589.0 301.0 585.0
116.0 440.0 122.0 439.0
389.0 245.0 390.0 252.0
348.0 139.0 350.0 144.0
449.0 27.0 450.0 34.0
210.0 532.0 213.0 532.0
448.0 27.0 450.0 34.0
388.0 244.0 390.0 251.0
227.0 554.0 230.0 554.0
118.0 440.0 122.0 439.0
147.0 200.0 150.0 199.0
348.0 140.0 349.0 145.0
10.0 376.0 10.0 375.0
189.0 449.0 194.0 449.0
472.0 449.0 472.0 451.0
116.0 329.0 118.0 328.0
73.0 235.0 78.0 235.0
210.0 533.0 213.0 532.0
182.0 395.0 185.0 395.0
318.0 296.0 320.0 299.0
471.0 448.0 472.0 451.0
472.0 448.0 472.0 451.0
267.0 483.0 270.0 483.0
347.0 443.0 348.0 443.0
174.0 557.0 177.0 555.0
142.0 324.0 146.0 323.0
131.0 224.0 134.0 225.0
93.0 456.0 99.0 456.0
160.0 424.0 165.0 425.0
279.0 519.0 281.0 517.0
161.0 425.0 165.0 425.0
111.0 361.0 115.0 361.0
138.0 413.0 143.0 412.0
378.0 87.0 380.0 92.0
174.0 558.0 177.0 555.0
402.0 265.0 403.0 272.0
112.0 361.0 115.0 361.0
158.0 355.0 162.0 354.0
257.0 407.0 260.0 407.0
379.0 87.0 380.0 92.0
76.0 397.0 80.0 396.0
402.0 266.0 403.0 272.0
137.0 238.0 137.0 238.0
448.0 26.0 450.0 34.0
401.0 266.0 403.0 272.0
56.0 496.0 61.0 494.0
269.0 151.0 271.0 152.0
202.0 333.0 204.0 334.0
112.0 362.0 115.0 361.0
175.0 557.0 177.0 554.0
174.0 153.0 176.0 155.0
401.0 265.0 403.0 272.0
111.0 363.0 115.0 362.0
111.0 362.0 115.0 361.0
117.0 441.0 122.0 439.0
137.0 413.0 143.0 411.0
115.0 329.0 118.0 328.0
322.0 271.0 323.0 275.0
347.0 140.0 349.0 145.0
116.0 330.0 118.0 328.0
112.0 363.0 115.0 361.0
347.0 139.0 350.0 144.0
115.0 330.0 118.0 328.0
161.0 424.0 165.0 425.0
183.0 394.0 185.0 395.0
202.0 332.0 204.0 333.0
20.0 298.0 27.0 297.0
157.0 546.0 164.0 543.0
101.0 471.0 108.0 468.0
344.0 260.0 346.0 265.0
183.0 395.0 185.0 395.0
54.0 497.0 60.0 495.0
100.0 470.0 108.0 468.0
157.0 547.0 164.0 543.0
250.0 96.0 250.0 99.0
114.0 329.0 118.0 328.0
20.0 299.0 27.0 297.0
101.0 470.0 108.0 468.0
100.0 471.0 108.0 468.0
323.0 272.0 325.0 275.0
173.0 153.0 176.0 155.0
343.0 260.0 346.0 265.0
343.0 259.0 346.0 265.0
41.0 596.0 47.0 592.0
129.0 363.0 133.0 364.0
323.0 271.0 325.0 275.0
129.0 362.0 133.0 364.0
157.0 493.0 161.0 492.0
55.0 497.0 61.0 494.0
344.0 259.0 346.0 264.0
15.0 624.0 22.0 617.0
42.0 596.0 47.0 592.0
156.0 547.0 164.0 543.0
156.0 546.0 164.0 543.0
15.0 625.0 22.0 617.0
74.0 576.0 79.0 572.0
251.0 96.0 250.0 99.0
56.0 497.0 61.0 494.0
75.0 577.0 79.0 572.0
200.0 406.0 203.0 405.0
344.0 261.0 346.0 265.0
16.0 623.0 22.0 617.0
16.0 624.0 22.0 617.0
156.0 493.0 161.0 492.0
151.0 439.0 156.0 440.0
75.0 576.0 79.0 572.0
343.0 261.0 346.0 265.0
74.0 577.0 79.0 572.0
199.0 406.0 203.0 405.0
153.0 571.0 159.0 566.0
151.0 438.0 156.0 440.0
17.0 623.0 22.0 617.0
199.0 407.0 203.0 405.0
323.0 270.0 324.0 275.0
152.0 438.0 156.0 440.0
89.0 348.0 94.0 346.0
156.0 545.0 164.0 543.0
324.0 271.0 325.0 275.0
124.0 573.0 128.0 569.0
41.0 597.0 47.0 592.0
185.0 389.0 185.0 395.0
22.0 328.0 25.0 328.0
42.0 597.0 47.0 592.0
185.0 390.0 185.0 395.0
89.0 347.0 94.0 346.0
186.0 390.0 185.0 395.0
123.0 572.0 128.0 569.0
124.0 572.0 128.0 569.0
56.0 579.0 63.0 574.0
22.0 329.0 25.0 328.0
21.0 329.0 25.0 329.0
123.0 573.0 128.0 569.0
186.0 389.0 185.0 395.0
55.0 579.0 62.0 574.0
56.0 578.0 63.0 574.0
22.0 330.0 25.0 329.0
21.0 330.0 25.0 329.0
55.0 578.0 63.0 574.0
261.0 29.0 259.0 27.0
360.0 296.0 372.0 294.0
97.0 574.0 81.0 573.0
309.0 17.0 319.0 30.0
97.0 575.0 102.0 570.0
98.0 574.0 81.0 573.0
359.0 295.0 372.0 294.0
266.0 6.0 259.0 25.0
99.0 575.0 102.0 570.0
359.0 296.0 372.0 294.0
208.0 62.0 215.0 58.0
382.0 497.0 395.0 498.0
382.0 498.0 395.0 498.0
79.0 595.0 66.0 608.0
98.0 575.0 102.0 570.0
79.0 594.0 66.0 608.0
319.0 40.0 319.0 31.0
208.0 63.0 215.0 58.0
381.0 497.0 395.0 498.0
188.0 21.0 195.0 28.0
101.0 218.0 101.0 225.0
319.0 41.0 319.0 31.0
381.0 498.0 395.0 498.0
405.0 237.0 397.0 227.0
319.0 42.0 319.0 31.0
188.0 20.0 195.0 28.0
380.0 498.0 395.0 498.0
187.0 21.0 195.0 28.0
163.0 524.0 164.0 513.0
