160.0 365.0 158.0 369.0
238.0 518.0 236.0 529.0
414.0 112.0 409.0 124.0
239.0 517.0 237.0 528.0
154.0 382.0 158.0 370.0
393.0 491.0 391.0 500.0
238.0 517.0 236.0 529.0
394.0 491.0 391.0 500.0
393.0 490.0 391.0 500.0
175.0 262.0 171.0 272.0
154.0 381.0 158.0 370.0
240.0 517.0 237.0 530.0
239.0 519.0 237.0 530.0
239.0 518.0 237.0 530.0
368.0 383.0 365.0 393.0
394.0 492.0 391.0 500.0
240.0 518.0 237.0 530.0
47.0 552.0 43.0 563.0
238.0 519.0 237.0 530.0
47.0 551.0 43.0 563.0
394.0 489.0 390.0 500.0
394.0 490.0 391.0 500.0
130.0 445.0 127.0 454.0
414.0 111.0 409.0 124.0
466.0 364.0 463.0 372.0
174.0 262.0 171.0 272.0
33.0 219.0 30.0 228.0
130.0 446.0 127.0 454.0
130.0 444.0 127.0 454.0
174.0 263.0 171.0 272.0
131.0 444.0 127.0 454.0
336.0 395.0 333.0 403.0
466.0 363.0 463.0 372.0
413.0 111.0 409.0 124.0
415.0 112.0 409.0 124.0
11.0 227.0 8.0 237.0
94.0 535.0 90.0 546.0
440.0 218.0 434.0 230.0
254.0 102.0 251.0 110.0
25.0 546.0 20.0 558.0
228.0 258.0 224.0 269.0
157.0 257.0 154.0 267.0
81.0 91.0 76.0 101.0
80.0 91.0 76.0 101.0
228.0 257.0 224.0 269.0
328.0 78.0 322.0 92.0
175.0 263.0 171.0 272.0
328.0 79.0 322.0 92.0
201.0 341.0 198.0 346.0
175.0 264.0 171.0 272.0
12.0 227.0 8.0 237.0
441.0 219.0 435.0 231.0
336.0 394.0 333.0 403.0
359.0 284.0 355.0 292.0
158.0 258.0 154.0 267.0
360.0 283.0 355.0 292.0
443.0 343.0 437.0 353.0
223.0 180.0 220.0 192.0
358.0 284.0 355.0 292.0
62.0 329.0 58.0 338.0
158.0 257.0 154.0 267.0
329.0 78.0 322.0 92.0
368.0 382.0 365.0 393.0
329.0 79.0 323.0 92.0
201.0 339.0 198.0 346.0
254.0 558.0 252.0 568.0
441.0 218.0 434.0 230.0
358.0 283.0 355.0 292.0
202.0 339.0 198.0 346.0
63.0 554.0 60.0 565.0
441.0 220.0 435.0 231.0
254.0 559.0 252.0 568.0
13.0 227.0 8.0 237.0
326.0 411.0 321.0 420.0
201.0 338.0 198.0 346.0
337.0 394.0 333.0 403.0
121.0 248.0 108.0 254.0
466.0 362.0 463.0 371.0
200.0 341.0 198.0 346.0
366.0 539.0 364.0 548.0
363.0 464.0 360.0 475.0
157.0 258.0 154.0 267.0
325.0 410.0 321.0 420.0
442.0 345.0 438.0 354.0
356.0 317.0 352.0 325.0
200.0 340.0 198.0 346.0
467.0 363.0 463.0 372.0
440.0 220.0 435.0 231.0
201.0 340.0 198.0 346.0
326.0 410.0 321.0 420.0
292.0 481.0 289.0 492.0
440.0 219.0 435.0 230.0
328.0 80.0 323.0 92.0
359.0 283.0 355.0 292.0
86.0 560.0 82.0 571.0
12.0 228.0 8.0 237.0
93.0 535.0 90.0 546.0
254.0 101.0 251.0 110.0
422.0 95.0 416.0 107.0
81.0 90.0 76.0 101.0
358.0 282.0 355.0 292.0
355.0 317.0 352.0 325.0
325.0 411.0 321.0 420.0
369.0 383.0 365.0 393.0
457.0 534.0 456.0 543.0
329.0 80.0 323.0 93.0
315.0 399.0 310.0 408.0
62.0 328.0 58.0 338.0
443.0 344.0 437.0 353.0
383.0 371.0 379.0 382.0
292.0 176.0 289.0 186.0
365.0 539.0 364.0 548.0
356.0 318.0 352.0 325.0
442.0 344.0 438.0 354.0
224.0 180.0 220.0 191.0
467.0 364.0 463.0 372.0
107.0 129.0 102.0 140.0
458.0 534.0 456.0 543.0
292.0 175.0 289.0 186.0
176.0 320.0 172.0 331.0
383.0 458.0 380.0 468.0
325.0 412.0 321.0 420.0
359.0 282.0 355.0 292.0
106.0 129.0 102.0 140.0
385.0 540.0 383.0 549.0
254.0 560.0 252.0 568.0
253.0 560.0 252.0 568.0
316.0 398.0 310.0 407.0
87.0 560.0 83.0 571.0
229.0 257.0 224.0 269.0
386.0 539.0 383.0 549.0
192.0 269.0 189.0 277.0
292.0 482.0 289.0 492.0
441.0 345.0 438.0 354.0
83.0 517.0 79.0 528.0
442.0 343.0 437.0 353.0
365.0 540.0 364.0 548.0
64.0 554.0 60.0 565.0
99.0 520.0 94.0 531.0
140.0 252.0 127.0 258.0
382.0 371.0 379.0 382.0
107.0 130.0 102.0 140.0
140.0 253.0 127.0 258.0
255.0 559.0 252.0 568.0
422.0 96.0 416.0 107.0
293.0 482.0 289.0 492.0
349.0 372.0 346.0 383.0
139.0 253.0 127.0 258.0
170.0 160.0 174.0 174.0
222.0 181.0 220.0 192.0
267.0 242.0 262.0 253.0
385.0 538.0 383.0 549.0
304.0 451.0 301.0 461.0
364.0 465.0 361.0 475.0
338.0 332.0 336.0 340.0
293.0 481.0 289.0 492.0
381.0 370.0 378.0 381.0
84.0 517.0 79.0 528.0
139.0 252.0 127.0 258.0
386.0 540.0 383.0 549.0
316.0 399.0 310.0 408.0
397.0 312.0 394.0 321.0
265.0 243.0 262.0 253.0
10.0 61.0 6.0 73.0
86.0 559.0 82.0 571.0
266.0 243.0 262.0 253.0
338.0 331.0 336.0 340.0
385.0 539.0 383.0 549.0
315.0 398.0 310.0 408.0
292.0 174.0 288.0 186.0
382.0 370.0 378.0 381.0
223.0 181.0 220.0 192.0
441.0 344.0 438.0 354.0
383.0 370.0 380.0 380.0
397.0 311.0 394.0 321.0
467.0 362.0 463.0 372.0
293.0 176.0 289.0 187.0
363.0 465.0 360.0 475.0
354.0 561.0 352.0 572.0
355.0 561.0 352.0 572.0
64.0 555.0 60.0 565.0
106.0 130.0 102.0 140.0
229.0 258.0 224.0 269.0
382.0 369.0 379.0 380.0
293.0 173.0 289.0 186.0
382.0 458.0 380.0 468.0
338.0 330.0 336.0 339.0
383.0 369.0 380.0 380.0
363.0 466.0 360.0 475.0
293.0 175.0 289.0 186.0
255.0 560.0 252.0 568.0
355.0 318.0 352.0 325.0
10.0 62.0 6.0 73.0
131.0 250.0 127.0 259.0
319.0 270.0 316.0 280.0
457.0 535.0 456.0 543.0
223.0 182.0 220.0 192.0
266.0 244.0 263.0 253.0
255.0 558.0 252.0 568.0
254.0 561.0 252.0 568.0
192.0 270.0 189.0 277.0
87.0 559.0 83.0 571.0
63.0 553.0 60.0 565.0
65.0 439.0 60.0 449.0
171.0 160.0 174.0 174.0
433.0 326.0 431.0 334.0
266.0 242.0 262.0 253.0
293.0 174.0 289.0 186.0
441.0 343.0 438.0 354.0
336.0 393.0 333.0 403.0
242.0 224.0 238.0 233.0
134.0 142.0 130.0 152.0
253.0 561.0 251.0 569.0
339.0 330.0 336.0 339.0
398.0 312.0 394.0 321.0
294.0 175.0 289.0 187.0
265.0 242.0 262.0 253.0
267.0 243.0 263.0 253.0
379.0 321.0 375.0 330.0
318.0 269.0 317.0 279.0
339.0 331.0 336.0 339.0
380.0 321.0 375.0 330.0
294.0 174.0 289.0 187.0
224.0 181.0 220.0 192.0
421.0 269.0 417.0 278.0
349.0 373.0 346.0 383.0
398.0 311.0 394.0 321.0
473.0 542.0 471.0 557.0
11.0 61.0 6.0 73.0
79.0 532.0 74.0 544.0
335.0 393.0 333.0 403.0
30.0 70.0 27.0 81.0
224.0 182.0 220.0 192.0
421.0 268.0 417.0 278.0
435.0 324.0 432.0 333.0
83.0 518.0 79.0 528.0
434.0 326.0 431.0 334.0
380.0 320.0 375.0 330.0
319.0 269.0 317.0 279.0
314.0 398.0 310.0 408.0
305.0 474.0 303.0 484.0
78.0 531.0 74.0 543.0
348.0 372.0 346.0 383.0
473.0 544.0 471.0 557.0
170.0 159.0 174.0 174.0
238.0 233.0 234.0 244.0
11.0 62.0 6.0 73.0
473.0 543.0 471.0 557.0
434.0 325.0 431.0 334.0
383.0 457.0 380.0 468.0
355.0 560.0 352.0 572.0
305.0 473.0 303.0 484.0
433.0 325.0 431.0 334.0
326.0 479.0 323.0 490.0
458.0 80.0 450.0 94.0
355.0 562.0 353.0 573.0
364.0 466.0 361.0 475.0
431.0 121.0 424.0 133.0
304.0 452.0 300.0 463.0
242.0 223.0 238.0 232.0
166.0 260.0 162.0 269.0
77.0 532.0 74.0 543.0
193.0 269.0 189.0 277.0
189.0 169.0 191.0 181.0
270.0 541.0 268.0 549.0
320.0 270.0 316.0 280.0
318.0 268.0 317.0 279.0
88.0 104.0 94.0 118.0
269.0 540.0 267.0 548.0
193.0 270.0 189.0 277.0
71.0 555.0 66.0 566.0
278.0 473.0 275.0 482.0
356.0 561.0 353.0 573.0
370.0 339.0 367.0 348.0
78.0 532.0 74.0 543.0
306.0 472.0 303.0 483.0
434.0 324.0 430.0 333.0
382.0 457.0 380.0 468.0
325.0 610.0 325.0 620.0
270.0 540.0 268.0 549.0
305.0 451.0 301.0 461.0
306.0 474.0 303.0 484.0
279.0 472.0 276.0 481.0
188.0 169.0 191.0 181.0
356.0 560.0 352.0 572.0
77.0 533.0 74.0 543.0
325.0 479.0 323.0 490.0
78.0 533.0 74.0 544.0
348.0 373.0 346.0 383.0
189.0 168.0 191.0 181.0
305.0 472.0 303.0 483.0
432.0 120.0 425.0 132.0
302.0 155.0 298.0 164.0
306.0 473.0 303.0 483.0
238.0 232.0 234.0 244.0
324.0 479.0 321.0 490.0
431.0 120.0 424.0 133.0
326.0 478.0 323.0 490.0
236.0 500.0 233.0 510.0
278.0 472.0 275.0 482.0
103.0 242.0 99.0 252.0
321.0 270.0 316.0 280.0
239.0 233.0 234.0 244.0
269.0 541.0 267.0 548.0
458.0 79.0 449.0 93.0
296.0 387.0 289.0 403.0
235.0 500.0 233.0 509.0
301.0 155.0 298.0 164.0
432.0 119.0 425.0 132.0
320.0 269.0 317.0 279.0
188.0 168.0 191.0 181.0
277.0 472.0 275.0 482.0
305.0 452.0 301.0 463.0
166.0 261.0 162.0 269.0
431.0 119.0 424.0 133.0
351.0 410.0 348.0 421.0
349.0 374.0 346.0 383.0
277.0 473.0 275.0 482.0
325.0 480.0 321.0 490.0
352.0 410.0 348.0 421.0
324.0 478.0 321.0 490.0
279.0 471.0 276.0 481.0
348.0 374.0 346.0 383.0
325.0 611.0 324.0 622.0
459.0 79.0 451.0 93.0
325.0 478.0 321.0 490.0
352.0 409.0 348.0 421.0
278.0 471.0 275.0 482.0
236.0 501.0 233.0 510.0
268.0 540.0 267.0 548.0
239.0 232.0 234.0 244.0
301.0 154.0 298.0 164.0
326.0 610.0 325.0 620.0
302.0 154.0 298.0 164.0
459.0 78.0 449.0 93.0
301.0 153.0 296.0 163.0
350.0 410.0 347.0 421.0
284.0 495.0 283.0 505.0
307.0 412.0 302.0 424.0
277.0 471.0 275.0 482.0
286.0 495.0 283.0 505.0
325.0 477.0 323.0 489.0
302.0 153.0 298.0 164.0
432.0 118.0 425.0 132.0
458.0 78.0 449.0 93.0
301.0 152.0 297.0 162.0
271.0 448.0 268.0 458.0
285.0 495.0 283.0 505.0
306.0 414.0 302.0 424.0
268.0 541.0 267.0 548.0
302.0 497.0 301.0 509.0
350.0 409.0 348.0 421.0
235.0 501.0 233.0 510.0
284.0 494.0 283.0 505.0
272.0 449.0 268.0 458.0
173.0 57.0 158.0 65.0
9.0 543.0 19.0 559.0
349.0 409.0 347.0 421.0
285.0 496.0 283.0 505.0
302.0 152.0 297.0 163.0
270.0 449.0 268.0 458.0
375.0 359.0 371.0 369.0
307.0 413.0 302.0 424.0
351.0 409.0 348.0 421.0
305.0 412.0 302.0 424.0
349.0 410.0 347.0 421.0
306.0 413.0 302.0 424.0
285.0 494.0 283.0 505.0
283.0 495.0 283.0 505.0
305.0 413.0 302.0 424.0
306.0 412.0 302.0 424.0
303.0 153.0 298.0 164.0
267.0 541.0 266.0 550.0
271.0 449.0 268.0 458.0
314.0 594.0 311.0 603.0
376.0 359.0 371.0 369.0
9.0 542.0 19.0 559.0
232.0 249.0 224.0 267.0
314.0 592.0 311.0 603.0
314.0 593.0 311.0 603.0
46.0 318.0 34.0 324.0
313.0 593.0 311.0 603.0
313.0 592.0 311.0 603.0
313.0 594.0 311.0 603.0
233.0 249.0 224.0 267.0
46.0 319.0 34.0 324.0
376.0 530.0 364.0 548.0
376.0 529.0 364.0 548.0
3.0 303.0 16.0 318.0
289.0 541.0 290.0 541.0
290.0 541.0 290.0 541.0
362.0 423.0 348.0 421.0
347.0 339.0 336.0 340.0
362.0 422.0 348.0 421.0
377.0 530.0 364.0 548.0
377.0 529.0 364.0 548.0
382.0 304.0 375.0 330.0
118.0 471.0 126.0 454.0
362.0 424.0 348.0 421.0
381.0 304.0 375.0 330.0
314.0 384.0 309.0 407.0
290.0 542.0 290.0 541.0
363.0 424.0 348.0 421.0
448.0 144.0 431.0 167.0
363.0 423.0 348.0 421.0
449.0 143.0 431.0 167.0
362.0 301.0 352.0 325.0
363.0 422.0 348.0 421.0
446.0 524.0 456.0 543.0
449.0 61.0 459.0 50.0
450.0 61.0 459.0 50.0
446.0 523.0 456.0 543.0
445.0 524.0 456.0 543.0
82.0 577.0 82.0 571.0
