203.0 401.0 184.0 388.0
225.0 517.0 209.0 501.0
203.0 400.0 184.0 388.0
202.0 400.0 184.0 388.0
202.0 401.0 184.0 388.0
225.0 518.0 209.0 502.0
201.0 400.0 184.0 388.0
224.0 516.0 209.0 501.0
212.0 176.0 186.0 162.0
224.0 517.0 209.0 502.0
201.0 401.0 184.0 388.0
214.0 176.0 186.0 162.0
213.0 176.0 186.0 162.0
133.0 508.0 118.0 498.0
212.0 177.0 186.0 162.0
134.0 507.0 118.0 498.0
259.0 60.0 230.0 50.0
142.0 279.0 116.0 266.0
213.0 177.0 186.0 162.0
214.0 177.0 186.0 162.0
141.0 278.0 115.0 266.0
260.0 61.0 230.0 51.0
133.0 506.0 119.0 498.0
382.0 247.0 357.0 237.0
162.0 375.0 143.0 363.0
143.0 279.0 116.0 266.0
383.0 247.0 357.0 237.0
142.0 278.0 116.0 266.0
162.0 374.0 143.0 363.0
133.0 507.0 118.0 498.0
260.0 60.0 230.0 50.0
180.0 402.0 159.0 388.0
383.0 248.0 357.0 237.0
132.0 506.0 118.0 498.0
132.0 507.0 118.0 498.0
141.0 279.0 116.0 266.0
180.0 403.0 159.0 388.0
244.0 539.0 229.0 523.0
162.0 376.0 143.0 363.0
77.0 420.0 51.0 413.0
260.0 59.0 230.0 50.0
261.0 60.0 230.0 50.0
76.0 420.0 51.0 413.0
140.0 278.0 115.0 266.0
68.0 612.0 52.0 606.0
118.0 417.0 96.0 408.0
76.0 592.0 60.0 585.0
176.0 544.0 162.0 532.0
363.0 634.0 356.0 621.0
390.0 220.0 365.0 209.0
364.0 634.0 357.0 622.0
161.0 374.0 143.0 363.0
77.0 593.0 60.0 585.0
364.0 633.0 357.0 622.0
261.0 61.0 230.0 51.0
117.0 417.0 96.0 408.0
363.0 633.0 356.0 621.0
345.0 233.0 322.0 221.0
161.0 375.0 143.0 363.0
76.0 593.0 60.0 585.0
162.0 377.0 143.0 363.0
90.0 554.0 72.0 546.0
365.0 633.0 357.0 622.0
161.0 376.0 143.0 363.0
67.0 612.0 52.0 606.0
345.0 232.0 322.0 221.0
80.0 295.0 50.0 285.0
77.0 592.0 60.0 585.0
75.0 593.0 60.0 585.0
177.0 545.0 162.0 532.0
80.0 294.0 50.0 285.0
261.0 59.0 230.0 50.0
243.0 539.0 229.0 523.0
117.0 416.0 96.0 408.0
75.0 419.0 51.0 413.0
391.0 220.0 365.0 209.0
161.0 377.0 142.0 363.0
87.0 501.0 68.0 493.0
90.0 553.0 72.0 546.0
183.0 389.0 162.0 374.0
346.0 233.0 322.0 221.0
75.0 420.0 51.0 413.0
79.0 294.0 49.0 285.0
262.0 59.0 230.0 50.0
76.0 419.0 51.0 413.0
75.0 421.0 51.0 413.0
262.0 60.0 230.0 50.0
307.0 243.0 292.0 236.0
118.0 416.0 96.0 408.0
76.0 421.0 51.0 413.0
152.0 411.0 135.0 395.0
77.0 421.0 51.0 413.0
309.0 243.0 293.0 235.0
89.0 501.0 68.0 493.0
175.0 543.0 162.0 532.0
44.0 624.0 30.0 618.0
176.0 545.0 162.0 532.0
159.0 344.0 139.0 332.0
286.0 613.0 275.0 595.0
107.0 585.0 91.0 578.0
43.0 625.0 30.0 618.0
160.0 377.0 142.0 363.0
286.0 611.0 275.0 595.0
44.0 625.0 30.0 618.0
175.0 544.0 162.0 532.0
160.0 376.0 143.0 363.0
160.0 375.0 142.0 363.0
86.0 501.0 68.0 493.0
353.0 410.0 341.0 401.0
109.0 586.0 92.0 577.0
243.0 540.0 229.0 523.0
271.0 637.0 260.0 620.0
244.0 540.0 229.0 523.0
270.0 636.0 260.0 620.0
151.0 411.0 135.0 395.0
270.0 635.0 260.0 620.0
271.0 635.0 260.0 620.0
159.0 343.0 139.0 332.0
87.0 502.0 68.0 493.0
271.0 636.0 260.0 620.0
175.0 358.0 153.0 345.0
108.0 586.0 91.0 579.0
108.0 585.0 92.0 577.0
270.0 637.0 260.0 620.0
263.0 59.0 230.0 50.0
286.0 612.0 276.0 595.0
352.0 637.0 353.0 637.0
88.0 501.0 68.0 493.0
41.0 624.0 30.0 618.0
42.0 624.0 30.0 618.0
76.0 422.0 51.0 413.0
285.0 611.0 275.0 595.0
285.0 612.0 275.0 595.0
89.0 554.0 72.0 546.0
89.0 502.0 68.0 493.0
74.0 420.0 51.0 413.0
88.0 502.0 68.0 493.0
147.0 385.0 124.0 374.0
151.0 412.0 135.0 395.0
308.0 243.0 292.0 236.0
109.0 585.0 92.0 577.0
86.0 502.0 68.0 493.0
43.0 624.0 30.0 618.0
106.0 585.0 91.0 578.0
42.0 625.0 30.0 618.0
107.0 584.0 92.0 577.0
89.0 553.0 72.0 546.0
175.0 385.0 161.0 374.0
108.0 584.0 92.0 577.0
146.0 386.0 124.0 374.0
42.0 623.0 30.0 618.0
107.0 586.0 91.0 578.0
352.0 410.0 339.0 401.0
175.0 384.0 161.0 374.0
115.0 222.0 85.0 209.0
263.0 60.0 230.0 51.0
89.0 552.0 72.0 546.0
175.0 357.0 153.0 345.0
175.0 360.0 153.0 345.0
174.0 358.0 153.0 345.0
88.0 503.0 68.0 493.0
106.0 584.0 91.0 578.0
77.0 276.0 49.0 268.0
168.0 580.0 148.0 564.0
145.0 385.0 123.0 373.0
175.0 545.0 162.0 532.0
87.0 503.0 68.0 493.0
352.0 408.0 340.0 400.0
88.0 553.0 72.0 546.0
353.0 408.0 340.0 400.0
175.0 359.0 153.0 345.0
147.0 386.0 124.0 374.0
176.0 360.0 153.0 345.0
352.0 409.0 340.0 400.0
176.0 359.0 153.0 345.0
311.0 450.0 294.0 437.0
77.0 452.0 55.0 446.0
310.0 450.0 294.0 437.0
137.0 373.0 109.0 362.0
192.0 630.0 189.0 627.0
351.0 410.0 340.0 400.0
146.0 385.0 124.0 374.0
176.0 358.0 153.0 345.0
174.0 359.0 151.0 345.0
136.0 373.0 109.0 362.0
353.0 409.0 342.0 400.0
35.0 604.0 18.0 599.0
310.0 449.0 294.0 437.0
123.0 531.0 102.0 520.0
122.0 531.0 102.0 520.0
148.0 386.0 124.0 374.0
34.0 605.0 18.0 599.0
351.0 409.0 340.0 400.0
219.0 637.0 205.0 615.0
146.0 384.0 124.0 374.0
310.0 448.0 294.0 437.0
136.0 372.0 109.0 362.0
309.0 449.0 294.0 437.0
309.0 448.0 294.0 437.0
123.0 386.0 99.0 380.0
311.0 449.0 294.0 437.0
76.0 276.0 49.0 268.0
361.0 239.0 333.0 225.0
128.0 459.0 102.0 444.0
34.0 606.0 18.0 599.0
36.0 606.0 18.0 599.0
137.0 372.0 109.0 362.0
218.0 636.0 205.0 615.0
217.0 637.0 205.0 615.0
191.0 629.0 189.0 627.0
218.0 637.0 205.0 615.0
77.0 453.0 55.0 446.0
21.0 481.0 8.0 474.0
76.0 453.0 55.0 446.0
35.0 605.0 18.0 599.0
35.0 606.0 18.0 599.0
67.0 620.0 51.0 606.0
22.0 481.0 8.0 474.0
67.0 619.0 51.0 606.0
168.0 581.0 149.0 565.0
191.0 630.0 189.0 627.0
20.0 482.0 8.0 474.0
121.0 531.0 102.0 520.0
36.0 605.0 18.0 599.0
123.0 532.0 102.0 520.0
21.0 480.0 8.0 474.0
35.0 607.0 18.0 599.0
68.0 620.0 51.0 606.0
21.0 482.0 8.0 474.0
122.0 532.0 102.0 520.0
165.0 601.0 151.0 591.0
20.0 481.0 8.0 474.0
23.0 481.0 8.0 474.0
129.0 459.0 102.0 444.0
77.0 521.0 51.0 511.0
122.0 533.0 102.0 520.0
121.0 532.0 101.0 521.0
77.0 454.0 55.0 446.0
66.0 620.0 51.0 606.0
76.0 454.0 55.0 446.0
35.0 608.0 18.0 599.0
147.0 384.0 124.0 374.0
77.0 522.0 51.0 511.0
164.0 601.0 151.0 591.0
129.0 460.0 102.0 444.0
77.0 520.0 51.0 511.0
22.0 482.0 8.0 474.0
144.0 580.0 126.0 567.0
190.0 629.0 189.0 627.0
123.0 533.0 102.0 520.0
460.0 535.0 447.0 519.0
460.0 534.0 447.0 519.0
78.0 521.0 51.0 511.0
139.0 391.0 123.0 374.0
48.0 599.0 33.0 593.0
145.0 580.0 126.0 567.0
78.0 520.0 51.0 511.0
189.0 629.0 189.0 627.0
78.0 522.0 51.0 511.0
140.0 391.0 124.0 374.0
49.0 599.0 33.0 593.0
140.0 392.0 124.0 374.0
461.0 534.0 447.0 519.0
460.0 533.0 447.0 519.0
145.0 581.0 126.0 567.0
190.0 630.0 189.0 627.0
461.0 535.0 446.0 518.0
21.0 615.0 17.0 600.0
189.0 630.0 189.0 627.0
51.0 599.0 33.0 593.0
461.0 536.0 446.0 518.0
22.0 615.0 17.0 600.0
261.0 600.0 249.0 584.0
262.0 600.0 249.0 584.0
50.0 599.0 33.0 593.0
262.0 601.0 249.0 584.0
38.0 492.0 25.0 486.0
29.0 478.0 8.0 474.0
400.0 474.0 370.0 439.0
266.0 606.0 251.0 586.0
39.0 492.0 25.0 486.0
46.0 495.0 25.0 486.0
261.0 601.0 249.0 584.0
51.0 600.0 33.0 593.0
46.0 494.0 25.0 486.0
50.0 600.0 33.0 593.0
132.0 599.0 117.0 590.0
462.0 535.0 446.0 518.0
157.0 224.0 138.0 213.0
267.0 607.0 251.0 586.0
87.0 392.0 60.0 375.0
266.0 607.0 251.0 586.0
266.0 608.0 251.0 586.0
462.0 536.0 446.0 518.0
52.0 600.0 33.0 594.0
148.0 356.0 132.0 349.0
267.0 608.0 251.0 586.0
33.0 537.0 15.0 532.0
33.0 536.0 15.0 532.0
156.0 223.0 138.0 212.0
129.0 637.0 108.0 607.0
129.0 636.0 108.0 607.0
52.0 601.0 33.0 594.0
147.0 356.0 131.0 349.0
130.0 637.0 108.0 607.0
32.0 536.0 14.0 531.0
130.0 636.0 108.0 607.0
