108.0 316.0 107.0 316.0
235.0 569.0 236.0 568.0
143.0 513.0 142.0 513.0
24.0 313.0 24.0 313.0
142.0 513.0 142.0 513.0
24.0 312.0 24.0 312.0
236.0 569.0 236.0 568.0
157.0 494.0 157.0 494.0
25.0 313.0 24.0 313.0
71.0 475.0 71.0 474.0
107.0 315.0 107.0 316.0
185.0 552.0 185.0 552.0
142.0 514.0 142.0 513.0
236.0 586.0 237.0 585.0
124.0 518.0 124.0 519.0
236.0 570.0 236.0 568.0
206.0 560.0 206.0 559.0
235.0 587.0 236.0 587.0
125.0 519.0 124.0 519.0
108.0 315.0 107.0 316.0
125.0 518.0 125.0 518.0
154.0 471.0 154.0 472.0
235.0 586.0 236.0 585.0
165.0 240.0 164.0 239.0
189.0 518.0 189.0 518.0
113.0 281.0 111.0 282.0
157.0 495.0 157.0 495.0
236.0 587.0 237.0 587.0
12.0 98.0 12.0 101.0
237.0 586.0 237.0 585.0
112.0 204.0 111.0 207.0
196.0 235.0 196.0 235.0
185.0 553.0 185.0 553.0
91.0 314.0 90.0 314.0
157.0 496.0 156.0 496.0
166.0 240.0 164.0 239.0
191.0 200.0 190.0 200.0
143.0 514.0 142.0 513.0
217.0 540.0 217.0 539.0
25.0 312.0 24.0 312.0
237.0 263.0 236.0 262.0
24.0 14.0 23.0 18.0
158.0 495.0 157.0 496.0
235.0 570.0 236.0 568.0
109.0 315.0 108.0 315.0
24.0 16.0 23.0 18.0
47.0 110.0 47.0 113.0
196.0 234.0 194.0 234.0
186.0 552.0 185.0 552.0
90.0 313.0 90.0 314.0
24.0 15.0 23.0 18.0
23.0 15.0 23.0 18.0
234.0 606.0 235.0 605.0
290.0 317.0 288.0 315.0
153.0 472.0 153.0 473.0
233.0 606.0 235.0 605.0
47.0 109.0 46.0 112.0
46.0 108.0 46.0 112.0
196.0 634.0 196.0 634.0
166.0 557.0 166.0 557.0
196.0 633.0 196.0 634.0
166.0 239.0 165.0 239.0
218.0 540.0 218.0 539.0
192.0 200.0 190.0 200.0
93.0 430.0 92.0 432.0
205.0 216.0 205.0 216.0
154.0 472.0 154.0 472.0
46.0 109.0 46.0 112.0
153.0 473.0 153.0 473.0
167.0 240.0 165.0 239.0
237.0 587.0 237.0 587.0
152.0 411.0 152.0 410.0
289.0 318.0 288.0 315.0
289.0 317.0 288.0 315.0
113.0 280.0 111.0 282.0
11.0 97.0 12.0 101.0
167.0 557.0 166.0 557.0
24.0 444.0 24.0 445.0
60.0 490.0 59.0 489.0
54.0 448.0 53.0 449.0
195.0 634.0 196.0 634.0
186.0 553.0 185.0 553.0
152.0 410.0 152.0 410.0
124.0 477.0 124.0 477.0
47.0 108.0 46.0 112.0
195.0 633.0 196.0 634.0
151.0 410.0 151.0 409.0
154.0 473.0 153.0 473.0
251.0 517.0 251.0 514.0
264.0 414.0 262.0 411.0
206.0 216.0 205.0 216.0
90.0 314.0 89.0 314.0
23.0 14.0 23.0 18.0
11.0 98.0 11.0 102.0
227.0 237.0 226.0 236.0
127.0 436.0 127.0 437.0
60.0 489.0 59.0 489.0
319.0 630.0 321.0 627.0
271.0 189.0 268.0 188.0
125.0 477.0 124.0 477.0
165.0 125.0 163.0 127.0
232.0 514.0 232.0 513.0
442.0 322.0 442.0 314.0
233.0 515.0 233.0 513.0
137.0 317.0 135.0 317.0
233.0 514.0 232.0 513.0
99.0 581.0 97.0 582.0
127.0 435.0 126.0 436.0
234.0 607.0 235.0 605.0
242.0 216.0 241.0 215.0
237.0 262.0 236.0 262.0
271.0 190.0 268.0 188.0
263.0 414.0 262.0 411.0
128.0 437.0 127.0 437.0
92.0 431.0 92.0 432.0
23.0 444.0 24.0 445.0
89.0 314.0 89.0 314.0
176.0 41.0 173.0 44.0
119.0 407.0 119.0 406.0
443.0 323.0 442.0 314.0
118.0 501.0 117.0 500.0
12.0 97.0 12.0 101.0
231.0 138.0 228.0 139.0
59.0 489.0 59.0 489.0
443.0 322.0 442.0 314.0
48.0 109.0 46.0 112.0
179.0 341.0 177.0 340.0
55.0 448.0 55.0 449.0
108.0 314.0 107.0 315.0
378.0 351.0 376.0 345.0
321.0 571.0 323.0 566.0
290.0 318.0 288.0 315.0
165.0 557.0 166.0 557.0
210.0 338.0 208.0 337.0
190.0 518.0 189.0 518.0
165.0 126.0 163.0 127.0
320.0 630.0 321.0 627.0
442.0 323.0 442.0 314.0
459.0 284.0 458.0 275.0
92.0 432.0 92.0 432.0
207.0 216.0 205.0 216.0
93.0 431.0 92.0 432.0
112.0 203.0 111.0 206.0
206.0 217.0 205.0 216.0
182.0 607.0 183.0 607.0
214.0 441.0 213.0 440.0
254.0 428.0 253.0 425.0
217.0 139.0 215.0 140.0
109.0 314.0 108.0 315.0
443.0 321.0 442.0 314.0
188.0 440.0 187.0 440.0
126.0 436.0 126.0 436.0
205.0 217.0 205.0 216.0
139.0 22.0 137.0 27.0
450.0 346.0 449.0 336.0
320.0 631.0 321.0 627.0
125.0 478.0 123.0 478.0
242.0 217.0 241.0 215.0
183.0 607.0 183.0 607.0
24.0 443.0 24.0 445.0
140.0 22.0 137.0 27.0
322.0 571.0 323.0 566.0
214.0 440.0 213.0 440.0
217.0 140.0 215.0 140.0
151.0 411.0 152.0 410.0
291.0 349.0 289.0 347.0
320.0 629.0 321.0 627.0
127.0 437.0 127.0 437.0
207.0 217.0 205.0 217.0
317.0 417.0 317.0 414.0
213.0 441.0 213.0 440.0
449.0 346.0 449.0 336.0
126.0 437.0 126.0 436.0
128.0 436.0 127.0 437.0
197.0 235.0 196.0 235.0
228.0 236.0 226.0 236.0
93.0 432.0 93.0 433.0
238.0 263.0 236.0 262.0
316.0 417.0 316.0 414.0
232.0 515.0 232.0 513.0
108.0 262.0 107.0 264.0
291.0 350.0 289.0 347.0
197.0 234.0 196.0 235.0
377.0 351.0 376.0 345.0
238.0 262.0 236.0 261.0
425.0 95.0 421.0 95.0
427.0 95.0 421.0 95.0
112.0 202.0 111.0 206.0
457.0 360.0 457.0 351.0
94.0 432.0 93.0 433.0
139.0 21.0 137.0 27.0
238.0 264.0 236.0 262.0
459.0 283.0 458.0 274.0
179.0 342.0 178.0 341.0
180.0 341.0 178.0 340.0
243.0 216.0 241.0 215.0
133.0 128.0 130.0 131.0
109.0 262.0 107.0 264.0
458.0 283.0 458.0 275.0
100.0 581.0 97.0 581.0
54.0 449.0 53.0 449.0
235.0 606.0 235.0 605.0
211.0 479.0 211.0 478.0
53.0 449.0 53.0 449.0
183.0 274.0 182.0 273.0
55.0 449.0 55.0 449.0
44.0 359.0 44.0 359.0
76.0 584.0 76.0 583.0
377.0 350.0 376.0 345.0
233.0 121.0 230.0 123.0
180.0 342.0 178.0 340.0
206.0 218.0 205.0 217.0
118.0 500.0 117.0 500.0
97.0 406.0 96.0 405.0
177.0 41.0 173.0 44.0
182.0 275.0 182.0 273.0
233.0 120.0 230.0 123.0
228.0 238.0 226.0 236.0
132.0 127.0 130.0 131.0
207.0 218.0 205.0 217.0
94.0 431.0 92.0 432.0
60.0 488.0 59.0 489.0
322.0 570.0 323.0 566.0
210.0 339.0 208.0 337.0
187.0 441.0 187.0 440.0
459.0 282.0 458.0 274.0
61.0 489.0 61.0 489.0
245.0 347.0 244.0 345.0
188.0 441.0 187.0 440.0
187.0 440.0 187.0 440.0
243.0 218.0 241.0 215.0
450.0 345.0 449.0 336.0
198.0 277.0 196.0 277.0
381.0 372.0 381.0 366.0
228.0 237.0 226.0 236.0
426.0 95.0 421.0 95.0
109.0 261.0 107.0 264.0
295.0 543.0 296.0 540.0
458.0 361.0 457.0 351.0
243.0 217.0 241.0 215.0
424.0 95.0 421.0 94.0
101.0 121.0 99.0 124.0
145.0 48.0 143.0 51.0
166.0 125.0 163.0 127.0
212.0 403.0 211.0 402.0
108.0 261.0 107.0 264.0
100.0 121.0 99.0 125.0
117.0 500.0 117.0 500.0
317.0 418.0 317.0 414.0
43.0 359.0 44.0 359.0
20.0 33.0 20.0 36.0
377.0 352.0 376.0 345.0
213.0 440.0 213.0 440.0
381.0 371.0 381.0 366.0
229.0 236.0 226.0 236.0
166.0 126.0 163.0 127.0
198.0 278.0 196.0 277.0
457.0 361.0 457.0 351.0
211.0 478.0 211.0 478.0
137.0 316.0 135.0 317.0
265.0 452.0 265.0 450.0
294.0 544.0 295.0 540.0
216.0 176.0 214.0 176.0
215.0 177.0 213.0 177.0
133.0 127.0 130.0 131.0
349.0 551.0 350.0 546.0
113.0 204.0 111.0 207.0
118.0 407.0 120.0 406.0
246.0 347.0 244.0 345.0
21.0 33.0 20.0 36.0
321.0 570.0 323.0 566.0
61.0 488.0 61.0 489.0
381.0 373.0 381.0 366.0
210.0 479.0 211.0 478.0
376.0 351.0 376.0 345.0
113.0 202.0 111.0 206.0
294.0 543.0 294.0 540.0
132.0 128.0 130.0 131.0
145.0 49.0 143.0 51.0
229.0 237.0 226.0 236.0
458.0 360.0 458.0 351.0
216.0 177.0 213.0 177.0
316.0 418.0 317.0 414.0
54.0 312.0 53.0 312.0
77.0 584.0 76.0 583.0
323.0 544.0 322.0 540.0
449.0 345.0 449.0 336.0
360.0 442.0 360.0 435.0
167.0 319.0 166.0 318.0
256.0 487.0 256.0 484.0
169.0 318.0 167.0 318.0
253.0 428.0 253.0 425.0
341.0 576.0 342.0 571.0
169.0 319.0 167.0 318.0
359.0 442.0 360.0 434.0
204.0 157.0 201.0 158.0
211.0 339.0 208.0 337.0
145.0 47.0 143.0 51.0
113.0 203.0 111.0 206.0
204.0 156.0 201.0 157.0
101.0 122.0 99.0 125.0
54.0 311.0 53.0 312.0
295.0 544.0 296.0 540.0
255.0 486.0 255.0 484.0
221.0 256.0 218.0 254.0
140.0 88.0 138.0 90.0
44.0 358.0 44.0 359.0
140.0 89.0 138.0 91.0
43.0 358.0 44.0 359.0
215.0 176.0 214.0 176.0
102.0 121.0 99.0 125.0
212.0 440.0 212.0 440.0
21.0 34.0 20.0 36.0
348.0 551.0 350.0 546.0
168.0 319.0 167.0 318.0
138.0 316.0 136.0 317.0
265.0 451.0 265.0 450.0
359.0 441.0 360.0 434.0
110.0 262.0 108.0 264.0
167.0 125.0 163.0 127.0
256.0 486.0 256.0 484.0
140.0 90.0 138.0 91.0
255.0 487.0 255.0 484.0
74.0 400.0 74.0 398.0
264.0 451.0 265.0 450.0
360.0 441.0 360.0 434.0
264.0 452.0 265.0 450.0
141.0 89.0 138.0 90.0
98.0 237.0 98.0 239.0
221.0 257.0 218.0 254.0
211.0 338.0 208.0 337.0
183.0 275.0 182.0 273.0
305.0 300.0 304.0 296.0
384.0 530.0 385.0 523.0
168.0 318.0 166.0 318.0
98.0 236.0 98.0 239.0
384.0 531.0 385.0 523.0
462.0 97.0 456.0 96.0
461.0 96.0 456.0 96.0
385.0 530.0 386.0 524.0
342.0 363.0 342.0 357.0
455.0 480.0 458.0 470.0
341.0 575.0 342.0 571.0
22.0 33.0 20.0 36.0
340.0 577.0 342.0 572.0
102.0 122.0 99.0 125.0
464.0 116.0 458.0 111.0
55.0 312.0 53.0 312.0
114.0 204.0 111.0 206.0
402.0 378.0 402.0 370.0
410.0 508.0 411.0 499.0
463.0 116.0 458.0 111.0
114.0 203.0 111.0 206.0
461.0 95.0 456.0 96.0
322.0 598.0 323.0 595.0
456.0 480.0 458.0 471.0
464.0 115.0 458.0 111.0
343.0 363.0 342.0 357.0
440.0 551.0 442.0 543.0
457.0 480.0 458.0 471.0
167.0 318.0 166.0 318.0
277.0 519.0 276.0 517.0
464.0 117.0 458.0 111.0
322.0 599.0 323.0 595.0
112.0 595.0 111.0 599.0
462.0 96.0 456.0 96.0
439.0 552.0 442.0 544.0
456.0 481.0 458.0 471.0
460.0 31.0 454.0 32.0
440.0 574.0 443.0 565.0
340.0 576.0 342.0 571.0
440.0 573.0 443.0 565.0
97.0 237.0 98.0 239.0
455.0 481.0 458.0 471.0
463.0 96.0 456.0 96.0
403.0 378.0 402.0 370.0
342.0 362.0 342.0 357.0
439.0 551.0 442.0 544.0
410.0 507.0 411.0 499.0
460.0 30.0 454.0 32.0
344.0 362.0 342.0 357.0
343.0 362.0 342.0 357.0
353.0 470.0 354.0 467.0
340.0 575.0 342.0 571.0
113.0 595.0 111.0 599.0
411.0 508.0 412.0 500.0
462.0 95.0 456.0 96.0
450.0 504.0 452.0 493.0
354.0 471.0 354.0 467.0
461.0 30.0 454.0 32.0
378.0 555.0 379.0 549.0
461.0 31.0 454.0 32.0
409.0 608.0 412.0 601.0
465.0 116.0 458.0 111.0
353.0 471.0 353.0 467.0
97.0 236.0 98.0 239.0
450.0 503.0 452.0 493.0
377.0 556.0 379.0 549.0
378.0 557.0 379.0 549.0
378.0 556.0 379.0 549.0
255.0 189.0 252.0 195.0
410.0 608.0 412.0 601.0
112.0 594.0 111.0 599.0
255.0 188.0 252.0 195.0
437.0 589.0 440.0 581.0
256.0 188.0 253.0 195.0
113.0 594.0 111.0 599.0
273.0 608.0 275.0 622.0
105.0 492.0 106.0 479.0
104.0 492.0 106.0 479.0
104.0 493.0 106.0 479.0
105.0 493.0 106.0 479.0
427.0 605.0 412.0 601.0
128.0 174.0 132.0 181.0
272.0 320.0 288.0 315.0
128.0 173.0 132.0 181.0
229.0 463.0 225.0 470.0
126.0 191.0 132.0 181.0
193.0 418.0 199.0 427.0
