260.0 235.0 242.0 242.0
182.0 235.0 164.0 241.0
347.0 293.0 325.0 305.0
346.0 293.0 325.0 305.0
259.0 235.0 241.0 242.0
347.0 292.0 325.0 304.0
226.0 178.0 209.0 186.0
182.0 236.0 164.0 241.0
182.0 237.0 165.0 242.0
226.0 180.0 209.0 187.0
184.0 216.0 166.0 221.0
288.0 26.0 270.0 34.0
346.0 292.0 325.0 305.0
226.0 179.0 209.0 187.0
344.0 276.0 323.0 288.0
227.0 179.0 209.0 187.0
343.0 276.0 323.0 288.0
382.0 290.0 361.0 302.0
249.0 307.0 230.0 316.0
363.0 273.0 341.0 286.0
225.0 180.0 207.0 187.0
346.0 294.0 325.0 305.0
184.0 217.0 166.0 222.0
381.0 290.0 361.0 302.0
95.0 308.0 74.0 318.0
288.0 25.0 270.0 34.0
289.0 25.0 270.0 34.0
290.0 25.0 271.0 34.0
301.0 293.0 281.0 303.0
289.0 26.0 271.0 34.0
183.0 235.0 164.0 241.0
78.0 207.0 61.0 213.0
257.0 269.0 239.0 277.0
80.0 207.0 63.0 213.0
96.0 309.0 75.0 319.0
234.0 287.0 217.0 294.0
345.0 292.0 325.0 305.0
223.0 345.0 204.0 357.0
363.0 274.0 341.0 286.0
383.0 290.0 361.0 302.0
95.0 307.0 75.0 318.0
131.0 305.0 108.0 317.0
79.0 207.0 61.0 212.0
301.0 335.0 281.0 346.0
258.0 269.0 240.0 277.0
183.0 236.0 164.0 241.0
184.0 218.0 166.0 223.0
183.0 217.0 166.0 221.0
345.0 471.0 325.0 481.0
345.0 473.0 325.0 482.0
97.0 309.0 75.0 319.0
362.0 273.0 342.0 287.0
345.0 293.0 325.0 305.0
221.0 346.0 204.0 357.0
222.0 345.0 204.0 357.0
254.0 150.0 237.0 158.0
257.0 268.0 239.0 277.0
97.0 307.0 76.0 318.0
288.0 24.0 270.0 34.0
225.0 179.0 209.0 186.0
184.0 219.0 165.0 224.0
255.0 149.0 237.0 158.0
130.0 305.0 108.0 317.0
222.0 346.0 204.0 357.0
255.0 347.0 238.0 357.0
322.0 68.0 303.0 81.0
97.0 237.0 81.0 244.0
346.0 472.0 325.0 481.0
96.0 308.0 74.0 318.0
98.0 531.0 76.0 545.0
362.0 313.0 339.0 324.0
255.0 346.0 238.0 357.0
344.0 277.0 323.0 288.0
78.0 208.0 61.0 214.0
195.0 72.0 177.0 78.0
234.0 286.0 216.0 294.0
348.0 494.0 328.0 504.0
183.0 218.0 166.0 222.0
343.0 277.0 323.0 288.0
96.0 307.0 76.0 318.0
289.0 24.0 270.0 34.0
345.0 472.0 325.0 481.0
302.0 335.0 282.0 346.0
96.0 237.0 80.0 244.0
347.0 492.0 328.0 504.0
417.0 116.0 397.0 127.0
221.0 345.0 204.0 357.0
97.0 308.0 76.0 318.0
196.0 71.0 181.0 77.0
347.0 494.0 328.0 504.0
238.0 324.0 220.0 333.0
183.0 219.0 165.0 224.0
301.0 294.0 281.0 303.0
417.0 114.0 397.0 127.0
346.0 471.0 325.0 481.0
348.0 492.0 328.0 504.0
322.0 69.0 302.0 82.0
347.0 493.0 328.0 504.0
321.0 69.0 302.0 82.0
81.0 208.0 63.0 214.0
348.0 493.0 328.0 504.0
307.0 429.0 289.0 433.0
254.0 151.0 237.0 158.0
255.0 150.0 237.0 158.0
344.0 471.0 325.0 482.0
324.0 430.0 308.0 438.0
248.0 307.0 230.0 316.0
362.0 274.0 342.0 287.0
307.0 430.0 289.0 433.0
130.0 306.0 108.0 317.0
302.0 293.0 281.0 303.0
181.0 309.0 163.0 318.0
80.0 208.0 63.0 214.0
95.0 237.0 80.0 244.0
417.0 115.0 397.0 127.0
343.0 278.0 323.0 288.0
300.0 335.0 281.0 346.0
248.0 308.0 230.0 316.0
79.0 208.0 63.0 214.0
180.0 309.0 163.0 318.0
344.0 473.0 324.0 482.0
250.0 7.0 231.0 13.0
361.0 313.0 339.0 324.0
79.0 209.0 61.0 214.0
96.0 306.0 75.0 318.0
80.0 209.0 63.0 214.0
332.0 393.0 315.0 402.0
96.0 236.0 81.0 243.0
257.0 347.0 238.0 357.0
238.0 325.0 220.0 333.0
256.0 347.0 238.0 357.0
277.0 326.0 259.0 335.0
250.0 8.0 231.0 13.0
256.0 150.0 237.0 158.0
344.0 472.0 325.0 482.0
332.0 392.0 315.0 402.0
239.0 324.0 220.0 333.0
342.0 276.0 322.0 289.0
416.0 116.0 395.0 127.0
255.0 345.0 238.0 357.0
332.0 394.0 315.0 402.0
264.0 197.0 246.0 207.0
99.0 530.0 78.0 545.0
321.0 68.0 302.0 82.0
323.0 429.0 308.0 438.0
357.0 179.0 337.0 191.0
271.0 258.0 250.0 268.0
81.0 346.0 60.0 353.0
302.0 294.0 281.0 303.0
270.0 258.0 250.0 268.0
99.0 531.0 78.0 545.0
271.0 259.0 250.0 268.0
342.0 277.0 322.0 289.0
270.0 259.0 250.0 268.0
248.0 306.0 230.0 316.0
247.0 307.0 229.0 316.0
333.0 393.0 315.0 402.0
300.0 336.0 281.0 346.0
256.0 269.0 239.0 277.0
306.0 430.0 289.0 433.0
306.0 429.0 289.0 433.0
257.0 346.0 238.0 357.0
255.0 151.0 237.0 158.0
416.0 115.0 395.0 127.0
383.0 7.0 369.0 14.0
323.0 430.0 308.0 438.0
270.0 260.0 250.0 268.0
383.0 6.0 369.0 14.0
239.0 325.0 220.0 333.0
277.0 327.0 259.0 335.0
256.0 346.0 238.0 357.0
360.0 313.0 339.0 324.0
271.0 260.0 250.0 268.0
247.0 308.0 230.0 316.0
324.0 431.0 308.0 438.0
362.0 275.0 341.0 286.0
331.0 393.0 315.0 402.0
256.0 345.0 238.0 357.0
256.0 151.0 237.0 158.0
301.0 336.0 281.0 346.0
80.0 347.0 60.0 353.0
81.0 347.0 60.0 353.0
361.0 274.0 342.0 287.0
181.0 310.0 163.0 318.0
358.0 179.0 337.0 191.0
264.0 198.0 246.0 207.0
81.0 348.0 60.0 353.0
80.0 346.0 60.0 353.0
263.0 198.0 246.0 207.0
343.0 111.0 323.0 125.0
336.0 250.0 314.0 259.0
335.0 250.0 314.0 259.0
100.0 531.0 78.0 545.0
180.0 311.0 163.0 319.0
323.0 431.0 308.0 438.0
79.0 347.0 60.0 353.0
264.0 199.0 246.0 207.0
179.0 310.0 163.0 319.0
179.0 311.0 163.0 319.0
299.0 336.0 281.0 346.0
34.0 618.0 18.0 631.0
181.0 311.0 163.0 318.0
61.0 511.0 42.0 520.0
336.0 251.0 314.0 259.0
263.0 199.0 246.0 207.0
30.0 589.0 11.0 601.0
303.0 293.0 281.0 303.0
262.0 199.0 246.0 207.0
180.0 310.0 163.0 318.0
69.0 335.0 49.0 344.0
465.0 249.0 445.0 262.0
30.0 588.0 11.0 601.0
335.0 251.0 314.0 259.0
241.0 114.0 224.0 124.0
68.0 335.0 49.0 344.0
411.0 443.0 390.0 454.0
61.0 510.0 42.0 520.0
29.0 588.0 11.0 601.0
35.0 618.0 18.0 631.0
241.0 115.0 224.0 124.0
29.0 589.0 11.0 601.0
262.0 198.0 246.0 207.0
299.0 337.0 281.0 346.0
357.0 36.0 335.0 48.0
30.0 590.0 11.0 601.0
240.0 115.0 224.0 124.0
466.0 249.0 445.0 262.0
240.0 114.0 223.0 123.0
35.0 617.0 18.0 631.0
28.0 589.0 11.0 601.0
357.0 35.0 335.0 48.0
382.0 6.0 369.0 14.0
67.0 336.0 49.0 344.0
382.0 7.0 369.0 14.0
34.0 617.0 18.0 631.0
31.0 589.0 11.0 601.0
467.0 249.0 446.0 262.0
69.0 336.0 49.0 344.0
36.0 618.0 18.0 631.0
301.0 401.0 283.0 401.0
311.0 45.0 289.0 57.0
374.0 193.0 355.0 206.0
68.0 336.0 49.0 344.0
70.0 336.0 49.0 344.0
29.0 590.0 11.0 601.0
303.0 294.0 281.0 303.0
358.0 35.0 336.0 48.0
104.0 348.0 82.0 359.0
373.0 193.0 355.0 206.0
104.0 347.0 82.0 359.0
302.0 401.0 284.0 401.0
311.0 46.0 289.0 57.0
312.0 45.0 289.0 57.0
313.0 46.0 290.0 57.0
312.0 46.0 290.0 57.0
313.0 45.0 289.0 57.0
301.0 402.0 283.0 401.0
30.0 177.0 13.0 181.0
369.0 289.0 345.0 305.0
374.0 194.0 355.0 206.0
301.0 403.0 283.0 401.0
303.0 402.0 284.0 401.0
373.0 194.0 355.0 206.0
36.0 617.0 18.0 631.0
302.0 402.0 284.0 401.0
29.0 177.0 13.0 181.0
103.0 348.0 82.0 359.0
277.0 620.0 255.0 636.0
388.0 307.0 357.0 315.0
30.0 176.0 13.0 181.0
20.0 32.0 4.0 19.0
372.0 193.0 355.0 206.0
14.0 13.0 4.0 19.0
16.0 14.0 4.0 19.0
28.0 177.0 13.0 181.0
369.0 288.0 345.0 305.0
16.0 13.0 4.0 19.0
15.0 14.0 4.0 19.0
424.0 236.0 398.0 253.0
372.0 194.0 355.0 206.0
20.0 33.0 4.0 19.0
241.0 100.0 225.0 106.0
302.0 403.0 284.0 401.0
241.0 99.0 225.0 106.0
29.0 178.0 13.0 181.0
16.0 12.0 4.0 19.0
424.0 235.0 398.0 253.0
15.0 13.0 4.0 19.0
21.0 32.0 4.0 19.0
41.0 229.0 34.0 237.0
446.0 482.0 463.0 473.0
464.0 54.0 449.0 62.0
42.0 229.0 34.0 237.0
21.0 33.0 4.0 19.0
113.0 310.0 77.0 318.0
310.0 387.0 284.0 401.0
41.0 230.0 34.0 237.0
28.0 178.0 13.0 181.0
310.0 386.0 284.0 401.0
42.0 228.0 34.0 237.0
310.0 388.0 284.0 401.0
341.0 29.0 317.0 43.0
41.0 228.0 34.0 237.0
341.0 30.0 317.0 43.0
43.0 229.0 34.0 237.0
340.0 30.0 317.0 43.0
298.0 432.0 289.0 432.0
311.0 387.0 284.0 401.0
23.0 227.0 34.0 237.0
40.0 229.0 34.0 237.0
465.0 55.0 449.0 62.0
447.0 221.0 424.0 232.0
465.0 54.0 449.0 62.0
241.0 101.0 225.0 106.0
116.0 239.0 82.0 243.0
293.0 488.0 282.0 489.0
24.0 227.0 34.0 237.0
115.0 238.0 82.0 243.0
447.0 220.0 424.0 232.0
117.0 356.0 90.0 357.0
293.0 489.0 282.0 489.0
445.0 481.0 463.0 473.0
116.0 356.0 90.0 357.0
293.0 487.0 282.0 489.0
342.0 29.0 317.0 43.0
274.0 112.0 246.0 127.0
445.0 482.0 463.0 473.0
323.0 16.0 295.0 31.0
116.0 357.0 90.0 357.0
448.0 220.0 426.0 232.0
292.0 487.0 282.0 489.0
444.0 122.0 417.0 139.0
444.0 121.0 417.0 139.0
116.0 238.0 82.0 243.0
258.0 637.0 254.0 636.0
292.0 488.0 282.0 489.0
258.0 636.0 254.0 636.0
117.0 358.0 90.0 357.0
117.0 357.0 90.0 357.0
292.0 490.0 282.0 489.0
257.0 637.0 254.0 636.0
116.0 358.0 82.0 361.0
292.0 489.0 282.0 489.0
275.0 113.0 246.0 127.0
291.0 490.0 282.0 489.0
468.0 73.0 460.0 86.0
467.0 72.0 459.0 86.0
275.0 112.0 246.0 127.0
467.0 73.0 460.0 86.0
324.0 15.0 293.0 32.0
