403.0 366.0 403.0 380.0
404.0 366.0 403.0 380.0
405.0 367.0 403.0 381.0
191.0 191.0 193.0 195.0
165.0 619.0 160.0 623.0
404.0 367.0 403.0 380.0
403.0 367.0 403.0 380.0
146.0 277.0 147.0 282.0
224.0 365.0 223.0 371.0
14.0 279.0 13.0 280.0
193.0 522.0 190.0 527.0
164.0 620.0 159.0 624.0
117.0 557.0 113.0 561.0
190.0 190.0 193.0 195.0
388.0 385.0 387.0 398.0
15.0 279.0 13.0 280.0
164.0 619.0 160.0 623.0
116.0 557.0 112.0 561.0
388.0 384.0 387.0 398.0
194.0 523.0 190.0 528.0
191.0 190.0 193.0 195.0
192.0 191.0 193.0 195.0
225.0 365.0 223.0 371.0
147.0 277.0 147.0 282.0
131.0 23.0 133.0 24.0
15.0 280.0 13.0 280.0
25.0 622.0 20.0 622.0
88.0 225.0 87.0 226.0
351.0 223.0 353.0 236.0
224.0 69.0 229.0 74.0
24.0 622.0 20.0 622.0
119.0 40.0 121.0 40.0
405.0 368.0 403.0 381.0
225.0 70.0 229.0 74.0
16.0 245.0 15.0 245.0
147.0 278.0 147.0 282.0
16.0 244.0 15.0 245.0
224.0 70.0 229.0 74.0
58.0 67.0 59.0 67.0
194.0 522.0 190.0 528.0
315.0 297.0 316.0 305.0
169.0 42.0 172.0 44.0
145.0 237.0 145.0 241.0
25.0 621.0 20.0 622.0
145.0 238.0 145.0 241.0
226.0 69.0 230.0 74.0
192.0 190.0 193.0 195.0
116.0 558.0 112.0 561.0
39.0 189.0 38.0 189.0
14.0 280.0 13.0 280.0
225.0 69.0 229.0 74.0
59.0 138.0 59.0 138.0
24.0 621.0 20.0 622.0
205.0 80.0 208.0 83.0
14.0 281.0 13.0 280.0
131.0 22.0 133.0 24.0
144.0 238.0 145.0 241.0
196.0 415.0 194.0 421.0
58.0 68.0 59.0 68.0
236.0 449.0 233.0 458.0
104.0 536.0 101.0 539.0
195.0 521.0 190.0 528.0
196.0 417.0 194.0 421.0
281.0 292.0 281.0 301.0
170.0 335.0 170.0 340.0
13.0 43.0 13.0 40.0
120.0 41.0 121.0 40.0
165.0 508.0 161.0 512.0
403.0 368.0 403.0 381.0
70.0 270.0 69.0 274.0
195.0 522.0 190.0 528.0
104.0 535.0 101.0 539.0
35.0 260.0 32.0 260.0
83.0 250.0 82.0 253.0
315.0 295.0 315.0 305.0
196.0 416.0 194.0 421.0
88.0 224.0 87.0 226.0
356.0 264.0 358.0 276.0
225.0 283.0 226.0 289.0
58.0 137.0 59.0 138.0
40.0 402.0 36.0 406.0
105.0 534.0 100.0 539.0
57.0 68.0 59.0 68.0
119.0 41.0 121.0 40.0
138.0 293.0 137.0 298.0
226.0 70.0 229.0 74.0
53.0 192.0 52.0 194.0
105.0 535.0 101.0 539.0
130.0 23.0 133.0 24.0
146.0 278.0 147.0 282.0
221.0 265.0 221.0 272.0
58.0 136.0 58.0 137.0
191.0 189.0 193.0 195.0
57.0 137.0 58.0 137.0
171.0 334.0 170.0 340.0
38.0 189.0 38.0 190.0
226.0 282.0 226.0 289.0
35.0 259.0 32.0 259.0
222.0 267.0 223.0 272.0
103.0 534.0 100.0 539.0
48.0 18.0 49.0 17.0
404.0 368.0 403.0 381.0
132.0 419.0 130.0 426.0
197.0 416.0 194.0 421.0
315.0 296.0 315.0 305.0
104.0 534.0 100.0 539.0
172.0 336.0 171.0 341.0
170.0 42.0 173.0 44.0
120.0 40.0 121.0 40.0
37.0 418.0 34.0 422.0
25.0 311.0 24.0 312.0
57.0 67.0 58.0 67.0
26.0 311.0 24.0 312.0
34.0 260.0 32.0 260.0
222.0 266.0 223.0 272.0
61.0 118.0 62.0 119.0
39.0 188.0 38.0 189.0
53.0 193.0 52.0 194.0
69.0 270.0 69.0 274.0
62.0 119.0 62.0 119.0
71.0 270.0 69.0 274.0
89.0 224.0 87.0 226.0
69.0 269.0 69.0 274.0
236.0 450.0 233.0 458.0
130.0 21.0 133.0 22.0
171.0 335.0 171.0 341.0
330.0 235.0 331.0 244.0
34.0 259.0 32.0 259.0
171.0 336.0 171.0 341.0
263.0 378.0 261.0 386.0
263.0 379.0 261.0 386.0
131.0 21.0 133.0 24.0
379.0 232.0 381.0 244.0
36.0 418.0 34.0 422.0
33.0 260.0 32.0 260.0
133.0 419.0 130.0 427.0
61.0 119.0 62.0 119.0
103.0 535.0 101.0 539.0
59.0 137.0 59.0 138.0
316.0 296.0 316.0 305.0
147.0 279.0 147.0 282.0
49.0 20.0 49.0 18.0
144.0 237.0 145.0 241.0
48.0 19.0 49.0 18.0
139.0 293.0 138.0 298.0
281.0 293.0 281.0 301.0
194.0 521.0 190.0 527.0
33.0 259.0 32.0 260.0
130.0 22.0 133.0 24.0
42.0 438.0 40.0 442.0
70.0 269.0 69.0 274.0
264.0 378.0 261.0 386.0
350.0 223.0 353.0 235.0
171.0 42.0 173.0 44.0
314.0 296.0 315.0 305.0
355.0 264.0 357.0 276.0
97.0 510.0 94.0 513.0
237.0 449.0 233.0 458.0
12.0 43.0 12.0 40.0
197.0 604.0 193.0 608.0
98.0 511.0 95.0 514.0
197.0 602.0 193.0 608.0
132.0 420.0 130.0 427.0
165.0 507.0 161.0 512.0
197.0 603.0 193.0 608.0
62.0 118.0 62.0 119.0
221.0 266.0 221.0 272.0
172.0 335.0 171.0 341.0
210.0 591.0 205.0 595.0
130.0 311.0 129.0 315.0
133.0 418.0 130.0 426.0
38.0 188.0 38.0 189.0
330.0 234.0 331.0 244.0
204.0 79.0 208.0 83.0
198.0 603.0 193.0 608.0
237.0 450.0 234.0 459.0
190.0 72.0 194.0 76.0
60.0 349.0 59.0 354.0
82.0 250.0 81.0 253.0
227.0 334.0 227.0 342.0
66.0 166.0 66.0 168.0
48.0 20.0 49.0 18.0
164.0 508.0 161.0 512.0
54.0 422.0 51.0 426.0
89.0 116.0 91.0 116.0
47.0 19.0 49.0 17.0
337.0 595.0 332.0 604.0
262.0 378.0 261.0 386.0
88.0 223.0 87.0 226.0
336.0 594.0 331.0 604.0
263.0 377.0 261.0 385.0
189.0 72.0 192.0 76.0
190.0 71.0 194.0 76.0
164.0 507.0 161.0 512.0
97.0 509.0 94.0 513.0
146.0 279.0 147.0 282.0
71.0 269.0 69.0 274.0
228.0 335.0 227.0 342.0
228.0 333.0 227.0 341.0
229.0 333.0 228.0 341.0
205.0 79.0 208.0 83.0
363.0 323.0 364.0 334.0
198.0 604.0 193.0 608.0
225.0 282.0 226.0 289.0
359.0 299.0 360.0 312.0
35.0 240.0 35.0 242.0
336.0 595.0 331.0 605.0
353.0 604.0 347.0 612.0
353.0 603.0 348.0 612.0
75.0 84.0 76.0 83.0
73.0 448.0 69.0 453.0
79.0 345.0 77.0 352.0
61.0 349.0 59.0 354.0
229.0 334.0 228.0 341.0
54.0 423.0 52.0 426.0
75.0 83.0 76.0 83.0
228.0 334.0 227.0 341.0
82.0 460.0 79.0 465.0
8.0 27.0 8.0 24.0
222.0 265.0 221.0 272.0
124.0 274.0 123.0 278.0
38.0 419.0 34.0 422.0
63.0 119.0 63.0 118.0
198.0 602.0 193.0 608.0
98.0 510.0 94.0 513.0
71.0 448.0 69.0 453.0
84.0 250.0 82.0 253.0
62.0 349.0 60.0 354.0
130.0 310.0 130.0 314.0
372.0 307.0 373.0 320.0
337.0 596.0 332.0 605.0
354.0 602.0 348.0 612.0
353.0 602.0 348.0 612.0
98.0 509.0 94.0 513.0
216.0 463.0 213.0 470.0
89.0 223.0 87.0 226.0
356.0 248.0 358.0 260.0
189.0 71.0 194.0 76.0
37.0 419.0 34.0 422.0
186.0 52.0 189.0 54.0
67.0 575.0 63.0 577.0
61.0 348.0 60.0 354.0
123.0 273.0 123.0 278.0
36.0 419.0 34.0 422.0
185.0 52.0 189.0 54.0
72.0 448.0 69.0 453.0
197.0 417.0 194.0 421.0
7.0 27.0 8.0 24.0
216.0 462.0 213.0 470.0
63.0 313.0 62.0 315.0
138.0 294.0 137.0 298.0
210.0 590.0 205.0 595.0
124.0 273.0 123.0 278.0
229.0 335.0 227.0 342.0
390.0 266.0 392.0 283.0
68.0 575.0 63.0 577.0
209.0 590.0 205.0 595.0
280.0 355.0 279.0 364.0
63.0 312.0 62.0 315.0
62.0 313.0 62.0 315.0
186.0 51.0 189.0 54.0
83.0 249.0 82.0 252.0
185.0 51.0 189.0 54.0
73.0 447.0 69.0 453.0
68.0 574.0 63.0 577.0
34.0 240.0 34.0 242.0
337.0 594.0 332.0 604.0
7.0 28.0 8.0 24.0
55.0 423.0 52.0 425.0
336.0 596.0 332.0 605.0
443.0 588.0 434.0 591.0
67.0 574.0 63.0 577.0
141.0 162.0 142.0 166.0
139.0 294.0 138.0 298.0
279.0 355.0 279.0 364.0
33.0 150.0 32.0 151.0
56.0 369.0 54.0 375.0
55.0 395.0 54.0 399.0
190.0 116.0 193.0 120.0
442.0 588.0 434.0 591.0
141.0 161.0 142.0 166.0
79.0 344.0 77.0 352.0
89.0 222.0 87.0 226.0
366.0 414.0 364.0 425.0
69.0 574.0 63.0 577.0
62.0 311.0 62.0 315.0
191.0 241.0 189.0 249.0
372.0 308.0 373.0 320.0
35.0 473.0 34.0 477.0
37.0 372.0 36.0 376.0
123.0 274.0 123.0 278.0
210.0 589.0 205.0 595.0
32.0 150.0 32.0 151.0
128.0 244.0 128.0 247.0
81.0 460.0 79.0 465.0
356.0 247.0 358.0 260.0
365.0 413.0 364.0 425.0
355.0 247.0 357.0 259.0
139.0 75.0 141.0 76.0
379.0 226.0 381.0 244.0
80.0 345.0 77.0 352.0
190.0 117.0 193.0 120.0
72.0 447.0 69.0 453.0
190.0 243.0 189.0 249.0
250.0 549.0 246.0 557.0
189.0 242.0 189.0 249.0
364.0 413.0 363.0 426.0
40.0 354.0 40.0 358.0
204.0 78.0 208.0 83.0
164.0 420.0 162.0 426.0
378.0 226.0 381.0 244.0
36.0 420.0 34.0 422.0
332.0 159.0 334.0 167.0
139.0 74.0 141.0 76.0
56.0 394.0 53.0 399.0
62.0 312.0 62.0 315.0
364.0 414.0 363.0 426.0
163.0 420.0 161.0 426.0
44.0 600.0 40.0 601.0
35.0 474.0 34.0 477.0
44.0 599.0 40.0 601.0
211.0 590.0 206.0 596.0
64.0 312.0 62.0 315.0
379.0 225.0 382.0 244.0
63.0 311.0 62.0 315.0
356.0 246.0 358.0 259.0
191.0 242.0 189.0 249.0
42.0 354.0 40.0 358.0
379.0 293.0 380.0 306.0
101.0 297.0 100.0 302.0
36.0 473.0 34.0 477.0
205.0 78.0 209.0 83.0
365.0 414.0 364.0 425.0
128.0 245.0 128.0 247.0
38.0 371.0 36.0 374.0
140.0 74.0 141.0 76.0
56.0 395.0 54.0 399.0
209.0 589.0 205.0 595.0
41.0 353.0 40.0 358.0
279.0 356.0 279.0 364.0
37.0 371.0 36.0 374.0
378.0 292.0 380.0 306.0
187.0 51.0 190.0 54.0
38.0 370.0 36.0 374.0
45.0 600.0 41.0 600.0
210.0 588.0 205.0 595.0
145.0 319.0 144.0 324.0
269.0 335.0 268.0 344.0
102.0 297.0 100.0 302.0
45.0 599.0 41.0 600.0
36.0 474.0 33.0 478.0
379.0 292.0 380.0 306.0
353.0 601.0 348.0 612.0
56.0 370.0 54.0 375.0
37.0 420.0 34.0 422.0
380.0 292.0 380.0 306.0
42.0 353.0 40.0 358.0
57.0 370.0 54.0 375.0
250.0 548.0 246.0 557.0
357.0 247.0 358.0 259.0
145.0 320.0 144.0 324.0
251.0 549.0 246.0 557.0
38.0 372.0 36.0 374.0
99.0 510.0 95.0 514.0
190.0 242.0 189.0 249.0
56.0 371.0 54.0 375.0
80.0 344.0 77.0 352.0
41.0 354.0 40.0 358.0
251.0 548.0 247.0 556.0
129.0 245.0 128.0 247.0
190.0 241.0 189.0 248.0
144.0 319.0 144.0 324.0
207.0 62.0 211.0 66.0
198.0 275.0 200.0 286.0
40.0 353.0 40.0 358.0
211.0 589.0 206.0 596.0
109.0 436.0 103.0 444.0
211.0 588.0 206.0 596.0
161.0 111.0 163.0 114.0
378.0 225.0 382.0 244.0
162.0 111.0 163.0 114.0
92.0 547.0 87.0 552.0
179.0 156.0 181.0 160.0
160.0 111.0 163.0 114.0
197.0 274.0 200.0 286.0
93.0 548.0 87.0 552.0
198.0 274.0 200.0 286.0
161.0 112.0 163.0 114.0
208.0 62.0 211.0 66.0
103.0 338.0 102.0 343.0
178.0 155.0 181.0 160.0
179.0 155.0 181.0 160.0
110.0 436.0 103.0 444.0
309.0 615.0 303.0 624.0
106.0 397.0 102.0 405.0
28.0 518.0 26.0 516.0
92.0 549.0 87.0 552.0
92.0 548.0 87.0 552.0
91.0 548.0 87.0 552.0
105.0 399.0 102.0 405.0
309.0 617.0 303.0 624.0
106.0 398.0 102.0 405.0
196.0 99.0 201.0 102.0
308.0 616.0 303.0 624.0
197.0 99.0 201.0 102.0
105.0 398.0 102.0 405.0
207.0 61.0 211.0 66.0
208.0 61.0 211.0 66.0
309.0 616.0 303.0 624.0
28.0 519.0 26.0 516.0
105.0 397.0 102.0 405.0
197.0 98.0 201.0 102.0
196.0 98.0 201.0 102.0
32.0 25.0 20.0 13.0
104.0 398.0 102.0 405.0
149.0 134.0 149.0 136.0
148.0 133.0 149.0 136.0
149.0 133.0 149.0 136.0
148.0 134.0 149.0 136.0
149.0 135.0 149.0 136.0
14.0 430.0 8.0 423.0
108.0 577.0 112.0 561.0
119.0 605.0 130.0 596.0
113.0 339.0 102.0 343.0
128.0 152.0 142.0 166.0
10.0 172.0 17.0 159.0
