135.0 216.0 141.0 213.0
135.0 217.0 140.0 213.0
136.0 216.0 141.0 213.0
135.0 215.0 141.0 213.0
32.0 243.0 37.0 239.0
188.0 164.0 194.0 159.0
33.0 244.0 37.0 241.0
134.0 216.0 140.0 213.0
33.0 246.0 37.0 241.0
229.0 523.0 237.0 526.0
127.0 506.0 131.0 506.0
113.0 567.0 116.0 567.0
134.0 215.0 140.0 213.0
113.0 568.0 116.0 567.0
33.0 245.0 37.0 241.0
136.0 215.0 141.0 213.0
114.0 567.0 116.0 567.0
11.0 607.0 12.0 604.0
113.0 566.0 116.0 567.0
23.0 599.0 24.0 597.0
128.0 506.0 131.0 506.0
23.0 600.0 24.0 597.0
32.0 245.0 37.0 241.0
188.0 165.0 193.0 159.0
127.0 505.0 131.0 506.0
32.0 244.0 36.0 241.0
128.0 505.0 131.0 506.0
230.0 522.0 237.0 525.0
230.0 524.0 238.0 526.0
32.0 246.0 37.0 241.0
213.0 518.0 220.0 523.0
214.0 519.0 221.0 522.0
299.0 265.0 305.0 262.0
298.0 265.0 305.0 263.0
230.0 523.0 238.0 526.0
117.0 203.0 122.0 199.0
116.0 203.0 122.0 199.0
231.0 523.0 238.0 526.0
187.0 164.0 193.0 159.0
156.0 137.0 162.0 130.0
231.0 524.0 237.0 527.0
73.0 545.0 76.0 544.0
285.0 201.0 292.0 198.0
213.0 519.0 220.0 522.0
116.0 202.0 122.0 199.0
214.0 518.0 221.0 522.0
11.0 235.0 15.0 230.0
146.0 626.0 147.0 628.0
115.0 202.0 122.0 199.0
120.0 179.0 126.0 173.0
112.0 601.0 114.0 602.0
145.0 626.0 147.0 628.0
11.0 234.0 15.0 230.0
453.0 384.0 459.0 383.0
298.0 264.0 305.0 262.0
144.0 626.0 147.0 628.0
299.0 264.0 305.0 262.0
186.0 164.0 193.0 159.0
112.0 602.0 114.0 602.0
113.0 601.0 114.0 602.0
144.0 627.0 147.0 628.0
111.0 602.0 114.0 602.0
145.0 627.0 147.0 628.0
117.0 204.0 122.0 199.0
305.0 316.0 311.0 315.0
298.0 263.0 305.0 262.0
74.0 545.0 76.0 544.0
156.0 135.0 162.0 130.0
305.0 317.0 311.0 315.0
305.0 315.0 313.0 314.0
145.0 625.0 148.0 627.0
231.0 522.0 237.0 525.0
111.0 600.0 114.0 602.0
268.0 297.0 274.0 296.0
306.0 316.0 311.0 315.0
187.0 165.0 193.0 159.0
454.0 384.0 459.0 383.0
304.0 315.0 313.0 314.0
186.0 165.0 193.0 159.0
304.0 316.0 311.0 315.0
128.0 504.0 131.0 506.0
286.0 201.0 293.0 199.0
120.0 180.0 126.0 173.0
435.0 392.0 442.0 391.0
144.0 625.0 148.0 627.0
149.0 525.0 154.0 527.0
285.0 199.0 293.0 199.0
112.0 600.0 114.0 602.0
112.0 599.0 115.0 601.0
72.0 545.0 76.0 544.0
285.0 200.0 293.0 199.0
303.0 316.0 311.0 315.0
115.0 204.0 122.0 201.0
146.0 625.0 148.0 627.0
111.0 601.0 114.0 602.0
179.0 188.0 187.0 184.0
113.0 600.0 114.0 602.0
150.0 525.0 154.0 527.0
115.0 203.0 122.0 200.0
452.0 385.0 459.0 383.0
300.0 264.0 305.0 262.0
180.0 187.0 188.0 183.0
17.0 446.0 19.0 444.0
73.0 546.0 76.0 544.0
195.0 531.0 202.0 534.0
269.0 295.0 274.0 295.0
435.0 391.0 441.0 390.0
452.0 386.0 460.0 384.0
188.0 166.0 193.0 159.0
196.0 531.0 202.0 534.0
268.0 296.0 274.0 295.0
286.0 200.0 293.0 197.0
116.0 205.0 122.0 200.0
198.0 584.0 203.0 586.0
156.0 136.0 162.0 130.0
304.0 317.0 311.0 315.0
46.0 427.0 48.0 425.0
17.0 445.0 19.0 444.0
20.0 508.0 25.0 507.0
116.0 204.0 122.0 200.0
198.0 583.0 203.0 586.0
20.0 509.0 25.0 507.0
287.0 200.0 293.0 197.0
180.0 188.0 187.0 184.0
269.0 297.0 274.0 296.0
269.0 296.0 274.0 295.0
131.0 525.0 136.0 526.0
119.0 180.0 125.0 174.0
179.0 189.0 187.0 184.0
454.0 385.0 459.0 383.0
186.0 166.0 193.0 159.0
272.0 245.0 280.0 243.0
187.0 166.0 193.0 159.0
16.0 445.0 18.0 443.0
73.0 544.0 76.0 544.0
286.0 199.0 293.0 197.0
199.0 584.0 203.0 586.0
17.0 447.0 19.0 444.0
306.0 315.0 313.0 313.0
119.0 179.0 125.0 173.0
453.0 385.0 459.0 383.0
10.0 234.0 15.0 230.0
72.0 546.0 76.0 544.0
201.0 621.0 204.0 624.0
16.0 446.0 19.0 444.0
21.0 569.0 22.0 568.0
20.0 569.0 22.0 568.0
132.0 525.0 136.0 526.0
46.0 428.0 48.0 425.0
286.0 198.0 293.0 197.0
156.0 560.0 161.0 562.0
9.0 248.0 11.0 243.0
270.0 296.0 276.0 295.0
198.0 582.0 203.0 586.0
131.0 524.0 136.0 526.0
421.0 349.0 427.0 348.0
287.0 199.0 294.0 196.0
270.0 295.0 276.0 295.0
434.0 391.0 441.0 390.0
130.0 525.0 136.0 526.0
273.0 245.0 280.0 243.0
155.0 136.0 162.0 130.0
357.0 145.0 368.0 141.0
199.0 583.0 203.0 586.0
413.0 305.0 422.0 301.0
413.0 304.0 421.0 302.0
420.0 349.0 427.0 348.0
361.0 326.0 366.0 324.0
270.0 297.0 276.0 295.0
150.0 524.0 154.0 527.0
10.0 247.0 12.0 242.0
272.0 246.0 280.0 243.0
390.0 246.0 401.0 242.0
180.0 189.0 187.0 184.0
329.0 254.0 335.0 251.0
328.0 254.0 335.0 251.0
200.0 622.0 204.0 624.0
158.0 527.0 156.0 526.0
149.0 524.0 154.0 527.0
356.0 146.0 368.0 141.0
330.0 254.0 335.0 251.0
130.0 524.0 136.0 526.0
411.0 305.0 420.0 302.0
390.0 247.0 401.0 242.0
358.0 145.0 368.0 141.0
411.0 304.0 420.0 302.0
271.0 245.0 280.0 243.0
354.0 272.0 362.0 271.0
20.0 570.0 22.0 568.0
391.0 246.0 401.0 242.0
21.0 570.0 22.0 568.0
446.0 299.0 452.0 297.0
141.0 593.0 142.0 594.0
162.0 598.0 165.0 599.0
10.0 248.0 13.0 243.0
197.0 583.0 203.0 586.0
357.0 146.0 368.0 141.0
420.0 350.0 427.0 348.0
273.0 246.0 281.0 243.0
391.0 247.0 401.0 243.0
16.0 447.0 19.0 444.0
181.0 188.0 188.0 183.0
10.0 235.0 15.0 230.0
162.0 599.0 165.0 599.0
392.0 247.0 401.0 243.0
390.0 323.0 397.0 321.0
445.0 300.0 452.0 297.0
359.0 146.0 368.0 141.0
359.0 145.0 368.0 141.0
19.0 507.0 27.0 507.0
200.0 621.0 204.0 624.0
163.0 598.0 165.0 599.0
421.0 350.0 427.0 348.0
412.0 304.0 420.0 302.0
256.0 114.0 262.0 110.0
131.0 526.0 136.0 527.0
328.0 255.0 335.0 251.0
181.0 189.0 187.0 184.0
392.0 246.0 401.0 242.0
387.0 89.0 400.0 80.0
324.0 183.0 333.0 177.0
255.0 113.0 262.0 110.0
137.0 574.0 141.0 575.0
279.0 154.0 286.0 148.0
256.0 115.0 262.0 110.0
279.0 155.0 286.0 148.0
445.0 298.0 452.0 297.0
358.0 146.0 368.0 141.0
140.0 593.0 142.0 594.0
271.0 246.0 280.0 243.0
255.0 114.0 262.0 110.0
444.0 300.0 452.0 297.0
389.0 323.0 397.0 321.0
163.0 599.0 165.0 599.0
278.0 154.0 286.0 148.0
316.0 270.0 325.0 268.0
422.0 350.0 427.0 348.0
317.0 270.0 325.0 268.0
388.0 88.0 400.0 80.0
388.0 89.0 399.0 81.0
324.0 182.0 333.0 177.0
136.0 573.0 140.0 575.0
135.0 575.0 141.0 575.0
445.0 299.0 452.0 297.0
444.0 299.0 452.0 297.0
35.0 432.0 38.0 429.0
329.0 255.0 335.0 251.0
444.0 298.0 452.0 297.0
187.0 593.0 191.0 595.0
183.0 610.0 186.0 612.0
45.0 427.0 48.0 425.0
200.0 620.0 204.0 624.0
21.0 571.0 22.0 568.0
390.0 324.0 397.0 321.0
317.0 269.0 325.0 268.0
318.0 63.0 330.0 56.0
391.0 323.0 397.0 321.0
176.0 140.0 182.0 134.0
255.0 115.0 260.0 110.0
245.0 44.0 254.0 35.0
175.0 141.0 181.0 135.0
443.0 299.0 452.0 297.0
405.0 289.0 415.0 285.0
35.0 431.0 38.0 429.0
253.0 114.0 260.0 110.0
390.0 322.0 397.0 321.0
354.0 271.0 362.0 271.0
412.0 305.0 421.0 302.0
339.0 59.0 350.0 51.0
19.0 508.0 25.0 507.0
222.0 109.0 230.0 102.0
339.0 58.0 350.0 51.0
254.0 115.0 260.0 110.0
278.0 155.0 286.0 148.0
136.0 574.0 141.0 575.0
187.0 592.0 191.0 595.0
270.0 246.0 280.0 243.0
355.0 272.0 363.0 270.0
36.0 431.0 38.0 429.0
256.0 113.0 262.0 110.0
254.0 114.0 260.0 110.0
254.0 113.0 262.0 110.0
140.0 594.0 142.0 594.0
315.0 79.0 322.0 73.0
361.0 327.0 366.0 324.0
136.0 575.0 141.0 575.0
244.0 43.0 253.0 35.0
355.0 270.0 363.0 270.0
175.0 138.0 182.0 134.0
443.0 300.0 452.0 297.0
222.0 108.0 230.0 102.0
318.0 64.0 330.0 56.0
355.0 271.0 363.0 270.0
135.0 574.0 140.0 575.0
389.0 88.0 401.0 80.0
139.0 593.0 142.0 594.0
19.0 509.0 25.0 507.0
141.0 594.0 142.0 594.0
244.0 44.0 254.0 35.0
340.0 59.0 350.0 51.0
360.0 326.0 366.0 324.0
340.0 57.0 350.0 51.0
314.0 79.0 322.0 73.0
313.0 79.0 322.0 73.0
186.0 592.0 191.0 595.0
319.0 63.0 330.0 56.0
363.0 183.0 372.0 179.0
186.0 593.0 191.0 595.0
221.0 109.0 229.0 103.0
340.0 58.0 350.0 51.0
356.0 271.0 363.0 270.0
319.0 64.0 330.0 56.0
375.0 65.0 389.0 59.0
116.0 147.0 127.0 147.0
405.0 288.0 415.0 285.0
377.0 66.0 389.0 59.0
387.0 88.0 400.0 80.0
67.0 104.0 68.0 100.0
319.0 65.0 330.0 56.0
253.0 115.0 260.0 110.0
254.0 141.0 261.0 135.0
176.0 139.0 182.0 134.0
363.0 184.0 372.0 179.0
279.0 183.0 287.0 179.0
356.0 270.0 363.0 270.0
255.0 142.0 261.0 135.0
255.0 141.0 261.0 135.0
350.0 115.0 359.0 111.0
223.0 108.0 230.0 102.0
312.0 79.0 322.0 73.0
279.0 184.0 287.0 180.0
360.0 327.0 366.0 324.0
277.0 155.0 286.0 148.0
318.0 65.0 329.0 55.0
406.0 288.0 415.0 285.0
465.0 287.0 474.0 285.0
314.0 80.0 322.0 73.0
467.0 286.0 474.0 285.0
376.0 65.0 389.0 59.0
175.0 139.0 182.0 134.0
175.0 140.0 181.0 134.0
406.0 289.0 415.0 285.0
67.0 103.0 68.0 100.0
222.0 110.0 230.0 104.0
341.0 57.0 350.0 51.0
341.0 58.0 350.0 51.0
351.0 114.0 360.0 111.0
351.0 115.0 360.0 111.0
465.0 286.0 474.0 285.0
466.0 286.0 474.0 285.0
353.0 292.0 360.0 289.0
325.0 182.0 333.0 177.0
312.0 81.0 322.0 73.0
313.0 80.0 322.0 73.0
331.0 170.0 338.0 166.0
280.0 183.0 287.0 179.0
223.0 109.0 230.0 102.0
254.0 140.0 261.0 135.0
68.0 104.0 68.0 100.0
174.0 140.0 181.0 134.0
376.0 66.0 389.0 59.0
362.0 185.0 372.0 179.0
336.0 194.0 342.0 190.0
428.0 86.0 440.0 79.0
280.0 184.0 287.0 179.0
265.0 70.0 272.0 62.0
464.0 287.0 474.0 285.0
255.0 140.0 261.0 135.0
265.0 69.0 272.0 62.0
254.0 142.0 261.0 135.0
336.0 195.0 342.0 190.0
68.0 101.0 68.0 100.0
67.0 101.0 68.0 100.0
335.0 194.0 342.0 190.0
67.0 102.0 68.0 100.0
68.0 103.0 68.0 100.0
223.0 110.0 230.0 102.0
354.0 292.0 360.0 289.0
335.0 195.0 342.0 190.0
265.0 71.0 272.0 62.0
466.0 287.0 474.0 285.0
407.0 288.0 415.0 285.0
256.0 141.0 261.0 135.0
253.0 140.0 261.0 135.0
375.0 66.0 389.0 59.0
467.0 287.0 474.0 285.0
362.0 183.0 372.0 179.0
406.0 287.0 415.0 285.0
68.0 102.0 68.0 100.0
312.0 80.0 322.0 73.0
407.0 287.0 415.0 285.0
362.0 184.0 372.0 179.0
353.0 293.0 360.0 289.0
466.0 288.0 474.0 285.0
354.0 293.0 360.0 289.0
224.0 109.0 230.0 102.0
352.0 115.0 360.0 111.0
69.0 101.0 68.0 100.0
264.0 69.0 272.0 62.0
68.0 100.0 68.0 100.0
405.0 199.0 416.0 201.0
69.0 102.0 68.0 100.0
407.0 199.0 416.0 201.0
264.0 70.0 272.0 62.0
361.0 184.0 372.0 179.0
352.0 114.0 360.0 111.0
297.0 157.0 305.0 151.0
296.0 157.0 305.0 151.0
330.0 283.0 337.0 278.0
116.0 146.0 127.0 147.0
263.0 70.0 272.0 62.0
352.0 116.0 360.0 111.0
361.0 183.0 372.0 179.0
69.0 103.0 68.0 100.0
406.0 199.0 416.0 201.0
253.0 141.0 261.0 135.0
330.0 281.0 337.0 278.0
331.0 281.0 337.0 278.0
264.0 71.0 272.0 62.0
407.0 198.0 416.0 201.0
351.0 116.0 360.0 111.0
330.0 282.0 337.0 278.0
329.0 282.0 337.0 278.0
255.0 94.0 263.0 87.0
406.0 198.0 416.0 201.0
331.0 282.0 337.0 278.0
353.0 114.0 360.0 110.0
443.0 320.0 452.0 297.0
443.0 321.0 452.0 297.0
442.0 320.0 452.0 297.0
367.0 206.0 381.0 192.0
466.0 244.0 474.0 285.0
367.0 207.0 381.0 192.0
402.0 124.0 359.0 110.0
404.0 165.0 409.0 151.0
405.0 165.0 409.0 151.0
404.0 164.0 409.0 151.0
366.0 206.0 381.0 192.0
403.0 124.0 359.0 110.0
405.0 164.0 409.0 151.0
366.0 207.0 381.0 192.0
406.0 164.0 409.0 151.0
402.0 125.0 359.0 110.0
165.0 587.0 165.0 599.0
401.0 125.0 359.0 110.0
406.0 165.0 409.0 151.0
115.0 521.0 135.0 525.0
403.0 125.0 359.0 110.0
158.0 181.0 174.0 165.0
459.0 225.0 475.0 284.0
460.0 225.0 475.0 284.0
158.0 182.0 174.0 165.0
