369.0 410.0 363.0 406.0
325.0 31.0 324.0 28.0
325.0 32.0 324.0 28.0
270.0 148.0 267.0 143.0
326.0 31.0 324.0 28.0
440.0 277.0 434.0 274.0
269.0 150.0 266.0 145.0
216.0 129.0 214.0 121.0
441.0 276.0 434.0 274.0
326.0 32.0 324.0 28.0
269.0 148.0 267.0 143.0
368.0 409.0 363.0 406.0
217.0 128.0 214.0 121.0
322.0 332.0 317.0 329.0
258.0 371.0 252.0 366.0
216.0 128.0 214.0 121.0
321.0 333.0 317.0 329.0
270.0 149.0 267.0 143.0
354.0 168.0 351.0 165.0
439.0 277.0 434.0 274.0
217.0 127.0 214.0 121.0
327.0 351.0 321.0 347.0
269.0 149.0 267.0 143.0
381.0 220.0 377.0 217.0
270.0 150.0 267.0 145.0
217.0 129.0 214.0 121.0
440.0 276.0 434.0 273.0
321.0 332.0 317.0 329.0
354.0 169.0 351.0 165.0
406.0 383.0 400.0 379.0
328.0 351.0 321.0 347.0
326.0 33.0 324.0 28.0
353.0 169.0 351.0 165.0
382.0 220.0 377.0 217.0
271.0 150.0 267.0 145.0
353.0 170.0 351.0 165.0
316.0 540.0 308.0 534.0
440.0 275.0 434.0 273.0
353.0 168.0 350.0 165.0
379.0 538.0 370.0 532.0
382.0 221.0 378.0 217.0
352.0 169.0 349.0 165.0
322.0 333.0 317.0 329.0
79.0 201.0 77.0 194.0
390.0 265.0 384.0 262.0
271.0 149.0 267.0 145.0
80.0 201.0 77.0 194.0
316.0 539.0 308.0 534.0
193.0 325.0 189.0 320.0
42.0 321.0 32.0 313.0
428.0 417.0 423.0 414.0
194.0 323.0 190.0 319.0
406.0 382.0 400.0 379.0
331.0 490.0 322.0 484.0
322.0 368.0 317.0 364.0
323.0 332.0 317.0 329.0
323.0 333.0 318.0 329.0
327.0 31.0 324.0 28.0
194.0 325.0 189.0 320.0
428.0 418.0 421.0 415.0
185.0 253.0 179.0 245.0
428.0 419.0 421.0 415.0
193.0 324.0 190.0 319.0
194.0 324.0 190.0 319.0
193.0 323.0 190.0 319.0
389.0 138.0 386.0 134.0
370.0 176.0 366.0 173.0
327.0 32.0 324.0 28.0
369.0 175.0 366.0 173.0
195.0 324.0 190.0 320.0
371.0 176.0 367.0 173.0
389.0 265.0 384.0 262.0
389.0 137.0 386.0 134.0
429.0 419.0 421.0 415.0
439.0 276.0 434.0 273.0
40.0 321.0 32.0 313.0
407.0 382.0 400.0 379.0
388.0 195.0 385.0 193.0
161.0 345.0 156.0 337.0
41.0 321.0 32.0 313.0
368.0 175.0 366.0 173.0
79.0 202.0 77.0 194.0
441.0 47.0 438.0 45.0
302.0 501.0 294.0 497.0
370.0 175.0 367.0 173.0
429.0 418.0 422.0 415.0
317.0 539.0 308.0 533.0
372.0 335.0 368.0 332.0
78.0 203.0 77.0 194.0
42.0 322.0 32.0 313.0
229.0 307.0 225.0 302.0
390.0 264.0 384.0 262.0
369.0 176.0 366.0 173.0
322.0 369.0 317.0 364.0
380.0 538.0 370.0 532.0
331.0 489.0 322.0 484.0
420.0 14.0 418.0 10.0
330.0 490.0 322.0 484.0
251.0 338.0 246.0 333.0
322.0 367.0 317.0 363.0
250.0 338.0 246.0 333.0
398.0 364.0 391.0 361.0
407.0 383.0 400.0 379.0
185.0 252.0 179.0 245.0
330.0 489.0 322.0 484.0
78.0 202.0 77.0 194.0
228.0 306.0 225.0 302.0
420.0 13.0 418.0 10.0
41.0 322.0 32.0 313.0
352.0 168.0 350.0 165.0
408.0 383.0 401.0 380.0
370.0 190.0 366.0 187.0
402.0 581.0 394.0 576.0
64.0 79.0 66.0 74.0
380.0 537.0 370.0 532.0
389.0 264.0 385.0 261.0
406.0 451.0 400.0 449.0
390.0 137.0 386.0 134.0
383.0 220.0 378.0 218.0
317.0 540.0 308.0 534.0
372.0 336.0 368.0 332.0
465.0 14.0 463.0 13.0
319.0 388.0 313.0 384.0
312.0 446.0 306.0 442.0
162.0 344.0 156.0 337.0
397.0 364.0 391.0 361.0
330.0 488.0 322.0 484.0
229.0 306.0 225.0 302.0
362.0 357.0 357.0 353.0
307.0 348.0 301.0 344.0
160.0 344.0 155.0 337.0
381.0 537.0 371.0 532.0
363.0 356.0 357.0 353.0
420.0 12.0 418.0 10.0
461.0 579.0 451.0 574.0
318.0 388.0 313.0 384.0
162.0 345.0 156.0 337.0
265.0 610.0 256.0 605.0
461.0 578.0 451.0 574.0
204.0 290.0 199.0 285.0
397.0 365.0 391.0 361.0
378.0 319.0 372.0 308.0
383.0 221.0 378.0 218.0
373.0 336.0 368.0 332.0
347.0 517.0 340.0 513.0
421.0 13.0 418.0 10.0
229.0 305.0 225.0 302.0
323.0 368.0 317.0 364.0
460.0 579.0 451.0 574.0
265.0 609.0 256.0 605.0
440.0 47.0 437.0 45.0
460.0 578.0 451.0 574.0
161.0 344.0 156.0 337.0
249.0 240.0 245.0 233.0
440.0 48.0 438.0 45.0
139.0 337.0 134.0 332.0
265.0 608.0 256.0 603.0
451.0 75.0 446.0 72.0
441.0 48.0 438.0 45.0
389.0 136.0 386.0 134.0
421.0 12.0 418.0 10.0
301.0 501.0 294.0 497.0
450.0 74.0 446.0 72.0
316.0 538.0 308.0 533.0
397.0 363.0 391.0 361.0
249.0 239.0 245.0 233.0
248.0 239.0 245.0 233.0
362.0 356.0 357.0 353.0
459.0 578.0 451.0 574.0
465.0 15.0 462.0 14.0
408.0 382.0 401.0 379.0
464.0 15.0 462.0 14.0
394.0 182.0 392.0 179.0
464.0 14.0 462.0 13.0
323.0 367.0 318.0 363.0
323.0 369.0 317.0 364.0
379.0 537.0 370.0 532.0
303.0 502.0 294.0 497.0
406.0 452.0 400.0 449.0
203.0 290.0 199.0 285.0
347.0 516.0 340.0 513.0
294.0 454.0 288.0 449.0
372.0 337.0 368.0 332.0
302.0 502.0 294.0 497.0
248.0 240.0 245.0 233.0
460.0 577.0 451.0 574.0
202.0 299.0 197.0 294.0
264.0 610.0 256.0 605.0
250.0 239.0 245.0 233.0
448.0 36.0 447.0 34.0
230.0 307.0 225.0 302.0
459.0 577.0 451.0 574.0
250.0 240.0 245.0 233.0
184.0 253.0 179.0 245.0
390.0 136.0 386.0 134.0
185.0 251.0 179.0 245.0
295.0 454.0 288.0 449.0
324.0 368.0 317.0 364.0
230.0 306.0 225.0 302.0
315.0 539.0 308.0 533.0
294.0 455.0 288.0 449.0
183.0 252.0 179.0 245.0
417.0 115.0 413.0 111.0
381.0 536.0 370.0 532.0
66.0 78.0 64.0 68.0
333.0 460.0 326.0 457.0
184.0 252.0 179.0 245.0
263.0 609.0 256.0 605.0
202.0 300.0 197.0 294.0
373.0 122.0 371.0 119.0
264.0 609.0 256.0 603.0
65.0 78.0 64.0 68.0
338.0 290.0 334.0 286.0
264.0 608.0 256.0 605.0
303.0 501.0 294.0 497.0
343.0 431.0 339.0 428.0
365.0 504.0 357.0 501.0
317.0 492.0 310.0 487.0
184.0 251.0 179.0 245.0
343.0 432.0 339.0 428.0
312.0 447.0 306.0 442.0
347.0 514.0 339.0 510.0
396.0 364.0 391.0 361.0
344.0 432.0 339.0 428.0
338.0 291.0 334.0 286.0
307.0 349.0 301.0 344.0
365.0 505.0 356.0 501.0
344.0 431.0 339.0 428.0
345.0 432.0 339.0 428.0
276.0 573.0 268.0 568.0
332.0 459.0 326.0 455.0
347.0 515.0 340.0 513.0
313.0 447.0 306.0 442.0
301.0 502.0 294.0 497.0
401.0 582.0 394.0 576.0
403.0 582.0 394.0 576.0
402.0 582.0 394.0 576.0
338.0 292.0 334.0 286.0
361.0 357.0 356.0 353.0
408.0 451.0 401.0 448.0
448.0 35.0 447.0 34.0
263.0 608.0 256.0 605.0
302.0 503.0 294.0 497.0
243.0 532.0 236.0 528.0
407.0 451.0 400.0 448.0
115.0 380.0 111.0 373.0
42.0 191.0 50.0 189.0
339.0 291.0 334.0 286.0
59.0 197.0 50.0 189.0
431.0 398.0 425.0 395.0
317.0 493.0 310.0 487.0
331.0 459.0 325.0 455.0
43.0 190.0 50.0 189.0
201.0 299.0 197.0 294.0
380.0 536.0 370.0 532.0
407.0 452.0 400.0 449.0
264.0 607.0 256.0 603.0
318.0 492.0 310.0 487.0
324.0 369.0 317.0 364.0
337.0 295.0 334.0 287.0
230.0 305.0 225.0 302.0
242.0 532.0 236.0 527.0
362.0 355.0 356.0 353.0
318.0 493.0 310.0 487.0
361.0 356.0 356.0 353.0
339.0 289.0 334.0 286.0
114.0 379.0 111.0 373.0
344.0 430.0 337.0 427.0
106.0 556.0 96.0 552.0
339.0 290.0 334.0 286.0
345.0 431.0 339.0 428.0
431.0 397.0 425.0 395.0
345.0 430.0 339.0 428.0
409.0 568.0 401.0 563.0
201.0 300.0 197.0 294.0
364.0 505.0 356.0 501.0
67.0 619.0 60.0 611.0
332.0 460.0 325.0 456.0
408.0 568.0 401.0 563.0
230.0 594.0 223.0 589.0
346.0 516.0 340.0 513.0
402.0 583.0 394.0 576.0
432.0 397.0 425.0 395.0
106.0 557.0 96.0 552.0
396.0 365.0 391.0 361.0
346.0 515.0 339.0 510.0
68.0 620.0 60.0 612.0
346.0 514.0 339.0 510.0
408.0 452.0 401.0 448.0
42.0 190.0 50.0 189.0
374.0 299.0 369.0 295.0
41.0 192.0 30.0 184.0
59.0 198.0 50.0 189.0
106.0 558.0 96.0 552.0
375.0 299.0 369.0 295.0
331.0 460.0 324.0 456.0
330.0 460.0 324.0 456.0
343.0 430.0 337.0 427.0
105.0 559.0 96.0 552.0
390.0 120.0 387.0 116.0
344.0 429.0 337.0 427.0
115.0 379.0 111.0 373.0
431.0 399.0 425.0 395.0
409.0 567.0 401.0 563.0
308.0 382.0 303.0 378.0
410.0 567.0 401.0 563.0
41.0 191.0 50.0 189.0
410.0 568.0 401.0 563.0
307.0 382.0 302.0 379.0
30.0 416.0 25.0 410.0
439.0 612.0 430.0 612.0
105.0 558.0 96.0 552.0
330.0 459.0 325.0 455.0
222.0 573.0 215.0 567.0
16.0 60.0 13.0 49.0
17.0 59.0 13.0 49.0
105.0 557.0 96.0 552.0
292.0 534.0 285.0 529.0
115.0 613.0 107.0 607.0
439.0 611.0 430.0 612.0
147.0 399.0 142.0 392.0
432.0 399.0 425.0 395.0
98.0 585.0 88.0 578.0
432.0 398.0 425.0 395.0
307.0 381.0 303.0 378.0
396.0 366.0 391.0 361.0
292.0 533.0 285.0 529.0
116.0 614.0 108.0 607.0
115.0 378.0 111.0 373.0
63.0 633.0 56.0 626.0
308.0 381.0 303.0 378.0
63.0 632.0 56.0 626.0
329.0 459.0 325.0 455.0
17.0 60.0 13.0 49.0
148.0 399.0 142.0 392.0
230.0 595.0 223.0 589.0
16.0 59.0 13.0 49.0
30.0 415.0 25.0 410.0
97.0 585.0 87.0 577.0
355.0 591.0 346.0 586.0
114.0 378.0 111.0 373.0
284.0 607.0 276.0 600.0
328.0 460.0 325.0 455.0
229.0 595.0 223.0 589.0
329.0 460.0 325.0 455.0
114.0 614.0 107.0 607.0
115.0 614.0 108.0 607.0
142.0 104.0 156.0 103.0
285.0 607.0 276.0 600.0
147.0 397.0 142.0 391.0
62.0 633.0 56.0 626.0
200.0 426.0 198.0 426.0
62.0 632.0 56.0 626.0
172.0 409.0 168.0 405.0
231.0 595.0 223.0 589.0
172.0 412.0 168.0 405.0
148.0 398.0 142.0 392.0
44.0 73.0 35.0 63.0
147.0 398.0 142.0 391.0
172.0 407.0 168.0 405.0
141.0 104.0 156.0 104.0
172.0 408.0 168.0 405.0
355.0 592.0 346.0 586.0
284.0 606.0 276.0 600.0
293.0 535.0 285.0 529.0
292.0 535.0 285.0 529.0
44.0 72.0 34.0 57.0
354.0 591.0 345.0 585.0
199.0 425.0 198.0 426.0
328.0 459.0 325.0 455.0
283.0 606.0 276.0 600.0
293.0 534.0 285.0 529.0
327.0 459.0 325.0 455.0
254.0 221.0 249.0 214.0
115.0 615.0 108.0 607.0
354.0 592.0 346.0 586.0
45.0 72.0 34.0 57.0
94.0 330.0 80.0 323.0
266.0 541.0 258.0 533.0
322.0 423.0 316.0 419.0
255.0 221.0 250.0 215.0
322.0 424.0 316.0 419.0
254.0 220.0 249.0 214.0
147.0 338.0 136.0 332.0
148.0 397.0 142.0 392.0
36.0 418.0 25.0 410.0
255.0 220.0 250.0 215.0
413.0 86.0 409.0 83.0
21.0 186.0 30.0 184.0
17.0 417.0 25.0 410.0
412.0 86.0 409.0 83.0
413.0 87.0 409.0 83.0
323.0 423.0 318.0 420.0
253.0 220.0 249.0 214.0
36.0 419.0 25.0 410.0
323.0 424.0 318.0 420.0
412.0 87.0 409.0 83.0
147.0 339.0 136.0 332.0
254.0 219.0 249.0 214.0
315.0 333.0 316.0 328.0
253.0 219.0 249.0 214.0
130.0 336.0 134.0 331.0
414.0 88.0 410.0 85.0
414.0 87.0 409.0 83.0
414.0 86.0 409.0 83.0
301.0 369.0 299.0 355.0
9.0 186.0 29.0 183.0
456.0 570.0 450.0 573.0
112.0 529.0 96.0 552.0
8.0 186.0 29.0 183.0
115.0 95.0 156.0 104.0
112.0 528.0 96.0 552.0
451.0 9.0 462.0 12.0
113.0 528.0 96.0 552.0
337.0 352.0 322.0 347.0
113.0 527.0 96.0 552.0
113.0 529.0 96.0 552.0
114.0 528.0 96.0 552.0
112.0 527.0 96.0 552.0
337.0 353.0 322.0 347.0
450.0 9.0 462.0 12.0
48.0 419.0 25.0 410.0
48.0 418.0 25.0 410.0
