229.0 192.0 237.0 195.0
117.0 570.0 130.0 572.0
118.0 570.0 130.0 572.0
463.0 35.0 464.0 33.0
313.0 156.0 320.0 155.0
463.0 34.0 464.0 33.0
117.0 569.0 130.0 572.0
302.0 410.0 315.0 405.0
134.0 567.0 148.0 570.0
180.0 350.0 190.0 352.0
212.0 597.0 226.0 597.0
302.0 409.0 315.0 405.0
463.0 36.0 464.0 33.0
229.0 193.0 237.0 196.0
462.0 34.0 464.0 33.0
462.0 36.0 464.0 33.0
431.0 110.0 435.0 108.0
213.0 597.0 227.0 597.0
303.0 409.0 315.0 405.0
73.0 537.0 83.0 542.0
467.0 19.0 469.0 19.0
467.0 20.0 469.0 19.0
134.0 568.0 148.0 570.0
72.0 537.0 83.0 542.0
462.0 35.0 464.0 33.0
415.0 36.0 418.0 36.0
336.0 101.0 342.0 100.0
116.0 569.0 130.0 572.0
460.0 81.0 463.0 78.0
336.0 100.0 342.0 100.0
396.0 17.0 398.0 18.0
466.0 20.0 469.0 19.0
301.0 409.0 313.0 405.0
140.0 527.0 153.0 528.0
468.0 20.0 469.0 19.0
336.0 99.0 341.0 99.0
179.0 350.0 190.0 351.0
135.0 567.0 148.0 570.0
230.0 193.0 237.0 196.0
313.0 157.0 320.0 155.0
303.0 410.0 315.0 405.0
460.0 80.0 463.0 77.0
71.0 537.0 83.0 542.0
125.0 262.0 136.0 266.0
245.0 326.0 254.0 325.0
459.0 81.0 463.0 78.0
465.0 103.0 469.0 101.0
460.0 79.0 463.0 77.0
113.0 321.0 124.0 324.0
72.0 536.0 83.0 542.0
337.0 100.0 342.0 100.0
270.0 499.0 283.0 497.0
461.0 35.0 464.0 33.0
415.0 35.0 418.0 36.0
318.0 446.0 331.0 442.0
113.0 320.0 124.0 324.0
230.0 192.0 237.0 195.0
180.0 349.0 191.0 351.0
468.0 19.0 469.0 19.0
414.0 36.0 418.0 36.0
72.0 538.0 83.0 542.0
460.0 146.0 463.0 144.0
71.0 538.0 83.0 542.0
459.0 146.0 463.0 144.0
126.0 263.0 136.0 266.0
458.0 80.0 463.0 77.0
114.0 321.0 124.0 324.0
459.0 80.0 463.0 77.0
312.0 156.0 320.0 155.0
209.0 437.0 220.0 436.0
414.0 35.0 418.0 36.0
246.0 326.0 254.0 325.0
319.0 115.0 324.0 118.0
422.0 176.0 428.0 172.0
318.0 115.0 324.0 118.0
213.0 596.0 226.0 597.0
312.0 157.0 320.0 155.0
396.0 18.0 398.0 18.0
179.0 349.0 190.0 351.0
245.0 325.0 254.0 325.0
269.0 499.0 283.0 497.0
141.0 528.0 154.0 528.0
112.0 501.0 125.0 505.0
112.0 502.0 125.0 505.0
135.0 568.0 148.0 570.0
319.0 114.0 324.0 118.0
465.0 102.0 469.0 101.0
431.0 25.0 434.0 26.0
422.0 175.0 428.0 172.0
270.0 500.0 283.0 497.0
226.0 341.0 236.0 340.0
302.0 408.0 315.0 405.0
137.0 433.0 148.0 435.0
140.0 528.0 153.0 528.0
335.0 100.0 341.0 101.0
212.0 596.0 226.0 597.0
67.0 107.0 76.0 116.0
377.0 559.0 390.0 552.0
366.0 406.0 378.0 399.0
41.0 161.0 49.0 171.0
125.0 263.0 136.0 266.0
131.0 203.0 142.0 208.0
132.0 203.0 142.0 208.0
246.0 325.0 255.0 325.0
137.0 434.0 148.0 435.0
147.0 219.0 156.0 222.0
211.0 596.0 226.0 597.0
432.0 127.0 437.0 125.0
269.0 500.0 283.0 497.0
431.0 24.0 434.0 26.0
303.0 431.0 315.0 428.0
302.0 432.0 315.0 428.0
132.0 202.0 142.0 208.0
173.0 438.0 186.0 438.0
206.0 90.0 211.0 95.0
130.0 74.0 138.0 83.0
26.0 34.0 32.0 48.0
423.0 175.0 428.0 172.0
131.0 202.0 142.0 207.0
459.0 79.0 463.0 77.0
173.0 437.0 186.0 438.0
422.0 177.0 428.0 173.0
424.0 175.0 428.0 172.0
397.0 17.0 398.0 18.0
225.0 342.0 236.0 341.0
458.0 146.0 463.0 144.0
458.0 81.0 463.0 78.0
107.0 293.0 117.0 297.0
136.0 568.0 148.0 570.0
128.0 74.0 138.0 83.0
302.0 431.0 315.0 428.0
365.0 407.0 377.0 400.0
209.0 436.0 220.0 436.0
93.0 541.0 106.0 543.0
459.0 145.0 463.0 144.0
25.0 34.0 32.0 48.0
170.0 248.0 176.0 249.0
129.0 74.0 138.0 83.0
397.0 18.0 399.0 18.0
136.0 552.0 150.0 555.0
423.0 176.0 428.0 172.0
433.0 127.0 437.0 125.0
92.0 540.0 105.0 543.0
71.0 536.0 83.0 542.0
136.0 433.0 148.0 435.0
130.0 75.0 138.0 83.0
25.0 33.0 32.0 48.0
459.0 147.0 463.0 144.0
67.0 106.0 76.0 116.0
207.0 426.0 218.0 426.0
107.0 294.0 117.0 297.0
108.0 292.0 118.0 296.0
366.0 407.0 378.0 399.0
365.0 406.0 377.0 400.0
55.0 487.0 66.0 492.0
131.0 201.0 142.0 207.0
55.0 486.0 66.0 492.0
376.0 559.0 390.0 552.0
129.0 75.0 138.0 83.0
145.0 409.0 157.0 412.0
147.0 264.0 156.0 269.0
67.0 628.0 80.0 631.0
223.0 317.0 231.0 317.0
147.0 220.0 155.0 222.0
129.0 76.0 138.0 83.0
113.0 502.0 125.0 505.0
145.0 410.0 157.0 412.0
172.0 437.0 186.0 438.0
303.0 432.0 315.0 428.0
205.0 90.0 211.0 96.0
375.0 560.0 390.0 552.0
146.0 409.0 157.0 412.0
398.0 17.0 399.0 18.0
128.0 75.0 138.0 83.0
450.0 107.0 455.0 107.0
93.0 540.0 106.0 543.0
423.0 177.0 429.0 172.0
94.0 541.0 106.0 543.0
432.0 126.0 437.0 125.0
147.0 265.0 157.0 269.0
135.0 433.0 148.0 435.0
146.0 265.0 156.0 269.0
210.0 436.0 220.0 436.0
109.0 293.0 118.0 298.0
166.0 497.0 180.0 498.0
226.0 342.0 236.0 340.0
108.0 293.0 118.0 296.0
146.0 410.0 157.0 412.0
146.0 264.0 156.0 269.0
450.0 108.0 455.0 107.0
318.0 114.0 324.0 118.0
144.0 409.0 157.0 412.0
375.0 559.0 390.0 552.0
376.0 560.0 390.0 552.0
424.0 176.0 428.0 172.0
108.0 294.0 118.0 298.0
149.0 96.0 156.0 104.0
368.0 431.0 381.0 425.0
210.0 437.0 220.0 436.0
37.0 495.0 48.0 499.0
170.0 249.0 176.0 249.0
67.0 629.0 80.0 631.0
374.0 560.0 390.0 552.0
206.0 89.0 211.0 95.0
146.0 218.0 155.0 222.0
433.0 126.0 437.0 125.0
66.0 139.0 75.0 149.0
171.0 249.0 176.0 249.0
24.0 33.0 32.0 48.0
432.0 110.0 436.0 109.0
146.0 219.0 155.0 222.0
78.0 187.0 86.0 193.0
304.0 431.0 315.0 428.0
451.0 108.0 455.0 107.0
147.0 218.0 155.0 222.0
40.0 161.0 49.0 171.0
205.0 89.0 211.0 95.0
144.0 410.0 157.0 412.0
137.0 552.0 150.0 555.0
189.0 261.0 199.0 263.0
136.0 434.0 148.0 435.0
214.0 197.0 221.0 199.0
24.0 34.0 32.0 48.0
374.0 561.0 390.0 552.0
36.0 496.0 48.0 499.0
147.0 266.0 156.0 269.0
92.0 539.0 105.0 543.0
206.0 426.0 218.0 426.0
147.0 217.0 156.0 221.0
369.0 432.0 381.0 425.0
145.0 411.0 157.0 412.0
40.0 162.0 49.0 171.0
112.0 9.0 117.0 20.0
36.0 495.0 48.0 499.0
78.0 186.0 86.0 193.0
148.0 265.0 156.0 269.0
65.0 49.0 72.0 60.0
66.0 49.0 74.0 59.0
458.0 147.0 463.0 144.0
65.0 50.0 72.0 60.0
79.0 187.0 87.0 194.0
102.0 107.0 109.0 115.0
122.0 472.0 134.0 475.0
433.0 125.0 437.0 125.0
93.0 539.0 106.0 543.0
112.0 217.0 122.0 221.0
431.0 109.0 436.0 108.0
37.0 496.0 48.0 499.0
102.0 108.0 109.0 115.0
146.0 217.0 154.0 222.0
68.0 107.0 76.0 116.0
124.0 473.0 136.0 475.0
205.0 88.0 211.0 95.0
123.0 473.0 134.0 475.0
176.0 478.0 189.0 478.0
214.0 196.0 221.0 199.0
373.0 561.0 390.0 552.0
165.0 497.0 180.0 498.0
32.0 472.0 45.0 477.0
368.0 432.0 380.0 425.0
45.0 452.0 57.0 459.0
66.0 50.0 74.0 59.0
111.0 9.0 117.0 20.0
169.0 249.0 176.0 249.0
374.0 515.0 387.0 509.0
68.0 106.0 76.0 116.0
79.0 186.0 86.0 193.0
18.0 461.0 31.0 466.0
172.0 438.0 186.0 438.0
123.0 472.0 134.0 475.0
170.0 250.0 176.0 249.0
19.0 462.0 31.0 466.0
124.0 472.0 136.0 475.0
41.0 162.0 49.0 171.0
368.0 433.0 380.0 425.0
31.0 471.0 44.0 477.0
19.0 461.0 31.0 466.0
33.0 471.0 45.0 477.0
451.0 107.0 455.0 107.0
176.0 479.0 189.0 478.0
35.0 559.0 46.0 564.0
34.0 558.0 45.0 564.0
32.0 471.0 45.0 477.0
135.0 434.0 148.0 435.0
86.0 222.0 96.0 228.0
66.0 138.0 75.0 149.0
122.0 490.0 134.0 493.0
106.0 46.0 113.0 55.0
301.0 377.0 312.0 373.0
436.0 196.0 444.0 190.0
177.0 478.0 190.0 478.0
122.0 491.0 134.0 494.0
432.0 109.0 436.0 108.0
367.0 432.0 380.0 425.0
33.0 472.0 45.0 477.0
35.0 558.0 46.0 564.0
68.0 108.0 76.0 116.0
111.0 216.0 122.0 220.0
367.0 433.0 380.0 425.0
269.0 403.0 282.0 401.0
171.0 250.0 176.0 249.0
196.0 403.0 207.0 403.0
301.0 376.0 312.0 373.0
46.0 453.0 58.0 459.0
366.0 432.0 379.0 425.0
367.0 431.0 380.0 425.0
111.0 215.0 121.0 221.0
19.0 460.0 31.0 466.0
87.0 222.0 96.0 228.0
270.0 403.0 282.0 401.0
67.0 139.0 75.0 149.0
45.0 453.0 57.0 459.0
339.0 587.0 355.0 580.0
327.0 373.0 339.0 368.0
69.0 108.0 76.0 116.0
48.0 52.0 54.0 61.0
340.0 588.0 355.0 580.0
69.0 107.0 76.0 116.0
74.0 451.0 88.0 455.0
106.0 45.0 113.0 55.0
437.0 197.0 445.0 190.0
106.0 44.0 113.0 55.0
375.0 515.0 387.0 509.0
62.0 191.0 73.0 198.0
47.0 52.0 54.0 61.0
95.0 448.0 107.0 453.0
48.0 53.0 54.0 61.0
175.0 479.0 189.0 478.0
67.0 138.0 75.0 149.0
408.0 78.0 411.0 78.0
450.0 188.0 457.0 184.0
5.0 275.0 19.0 282.0
105.0 46.0 113.0 55.0
6.0 275.0 19.0 282.0
4.0 275.0 19.0 282.0
105.0 45.0 113.0 55.0
339.0 588.0 355.0 580.0
374.0 516.0 387.0 509.0
449.0 188.0 457.0 184.0
112.0 216.0 122.0 220.0
326.0 373.0 339.0 368.0
36.0 230.0 45.0 239.0
436.0 198.0 444.0 190.0
47.0 53.0 54.0 61.0
55.0 587.0 69.0 591.0
16.0 624.0 27.0 633.0
326.0 372.0 339.0 368.0
165.0 145.0 172.0 151.0
112.0 215.0 122.0 220.0
327.0 372.0 339.0 368.0
84.0 136.0 93.0 146.0
4.0 276.0 19.0 282.0
121.0 405.0 131.0 409.0
5.0 276.0 19.0 282.0
16.0 623.0 28.0 633.0
213.0 188.0 220.0 198.0
17.0 623.0 28.0 633.0
56.0 587.0 69.0 591.0
375.0 516.0 387.0 509.0
436.0 197.0 444.0 190.0
338.0 588.0 355.0 580.0
84.0 135.0 93.0 146.0
63.0 191.0 73.0 198.0
450.0 189.0 457.0 184.0
17.0 624.0 28.0 633.0
63.0 192.0 73.0 198.0
449.0 189.0 457.0 184.0
182.0 378.0 201.0 379.0
435.0 197.0 444.0 190.0
121.0 406.0 131.0 409.0
408.0 77.0 411.0 78.0
451.0 188.0 457.0 184.0
409.0 78.0 411.0 78.0
113.0 216.0 122.0 221.0
191.0 459.0 198.0 462.0
52.0 393.0 55.0 396.0
181.0 378.0 201.0 379.0
330.0 418.0 340.0 411.0
122.0 406.0 131.0 409.0
330.0 417.0 340.0 411.0
64.0 192.0 73.0 199.0
329.0 418.0 340.0 411.0
191.0 457.0 198.0 462.0
184.0 260.0 199.0 263.0
64.0 193.0 73.0 199.0
190.0 458.0 198.0 462.0
191.0 458.0 198.0 462.0
192.0 459.0 198.0 462.0
192.0 458.0 198.0 462.0
75.0 277.0 84.0 290.0
75.0 278.0 84.0 290.0
183.0 260.0 199.0 263.0
192.0 457.0 198.0 462.0
150.0 450.0 160.0 463.0
150.0 449.0 160.0 463.0
148.0 331.0 162.0 316.0
188.0 337.0 191.0 351.0
224.0 575.0 227.0 567.0
64.0 600.0 69.0 593.0
188.0 336.0 191.0 351.0
187.0 336.0 191.0 351.0
147.0 331.0 162.0 316.0
64.0 602.0 69.0 593.0
189.0 335.0 191.0 351.0
188.0 335.0 191.0 351.0
189.0 336.0 191.0 351.0
