223.0 418.0 203.0 400.0
223.0 417.0 203.0 400.0
191.0 68.0 159.0 54.0
222.0 417.0 203.0 400.0
194.0 401.0 175.0 385.0
123.0 143.0 93.0 129.0
223.0 419.0 203.0 400.0
123.0 142.0 93.0 129.0
293.0 71.0 261.0 59.0
285.0 221.0 257.0 205.0
192.0 67.0 160.0 54.0
122.0 143.0 93.0 129.0
192.0 68.0 160.0 55.0
224.0 418.0 203.0 400.0
196.0 374.0 176.0 359.0
285.0 222.0 257.0 205.0
222.0 418.0 203.0 400.0
193.0 68.0 161.0 53.0
224.0 419.0 203.0 400.0
122.0 142.0 92.0 129.0
295.0 71.0 263.0 60.0
196.0 375.0 176.0 359.0
286.0 222.0 257.0 205.0
194.0 400.0 175.0 385.0
191.0 67.0 160.0 54.0
143.0 236.0 115.0 222.0
197.0 376.0 176.0 359.0
193.0 67.0 161.0 53.0
195.0 374.0 175.0 358.0
142.0 235.0 115.0 222.0
193.0 400.0 175.0 385.0
196.0 376.0 175.0 358.0
191.0 66.0 160.0 54.0
374.0 427.0 353.0 409.0
296.0 71.0 263.0 59.0
143.0 235.0 115.0 222.0
332.0 472.0 311.0 449.0
333.0 473.0 311.0 449.0
192.0 66.0 160.0 54.0
284.0 221.0 257.0 205.0
333.0 472.0 311.0 449.0
334.0 473.0 311.0 449.0
196.0 377.0 176.0 359.0
197.0 377.0 176.0 359.0
142.0 236.0 115.0 222.0
197.0 375.0 176.0 359.0
195.0 376.0 174.0 359.0
284.0 222.0 257.0 205.0
200.0 420.0 180.0 403.0
142.0 237.0 115.0 222.0
195.0 375.0 174.0 359.0
200.0 419.0 180.0 403.0
170.0 426.0 151.0 411.0
171.0 425.0 151.0 411.0
192.0 561.0 177.0 545.0
222.0 419.0 203.0 401.0
170.0 425.0 151.0 411.0
143.0 237.0 115.0 222.0
285.0 223.0 257.0 205.0
334.0 472.0 311.0 449.0
190.0 561.0 175.0 544.0
192.0 560.0 177.0 545.0
199.0 419.0 180.0 403.0
199.0 418.0 180.0 403.0
101.0 287.0 76.0 276.0
191.0 560.0 175.0 544.0
375.0 428.0 353.0 410.0
191.0 561.0 175.0 544.0
183.0 391.0 162.0 376.0
190.0 560.0 175.0 544.0
192.0 562.0 175.0 544.0
334.0 256.0 307.0 243.0
199.0 420.0 180.0 403.0
102.0 287.0 77.0 276.0
166.0 293.0 141.0 279.0
101.0 288.0 77.0 276.0
375.0 427.0 353.0 409.0
102.0 288.0 77.0 276.0
191.0 562.0 175.0 544.0
183.0 390.0 162.0 376.0
167.0 294.0 141.0 279.0
375.0 426.0 353.0 409.0
335.0 256.0 307.0 243.0
185.0 392.0 162.0 376.0
184.0 391.0 162.0 376.0
184.0 390.0 162.0 376.0
88.0 601.0 76.0 592.0
284.0 223.0 257.0 205.0
376.0 428.0 353.0 410.0
84.0 346.0 62.0 336.0
139.0 432.0 117.0 416.0
168.0 293.0 143.0 279.0
63.0 499.0 46.0 494.0
240.0 536.0 225.0 518.0
376.0 429.0 353.0 410.0
140.0 433.0 118.0 417.0
69.0 499.0 53.0 493.0
89.0 601.0 76.0 592.0
83.0 346.0 62.0 336.0
167.0 293.0 142.0 278.0
139.0 433.0 118.0 417.0
140.0 432.0 117.0 416.0
168.0 294.0 142.0 278.0
83.0 345.0 62.0 336.0
376.0 427.0 353.0 409.0
97.0 350.0 75.0 341.0
89.0 602.0 76.0 592.0
353.0 636.0 352.0 637.0
353.0 637.0 352.0 637.0
63.0 500.0 46.0 494.0
168.0 401.0 146.0 385.0
103.0 306.0 79.0 294.0
136.0 544.0 122.0 531.0
204.0 408.0 183.0 389.0
354.0 637.0 352.0 637.0
96.0 350.0 74.0 341.0
102.0 259.0 77.0 246.0
106.0 219.0 77.0 206.0
149.0 475.0 129.0 460.0
102.0 306.0 79.0 294.0
88.0 602.0 76.0 592.0
105.0 511.0 88.0 501.0
141.0 433.0 118.0 417.0
139.0 431.0 117.0 416.0
137.0 544.0 122.0 531.0
103.0 307.0 79.0 294.0
104.0 562.0 90.0 554.0
89.0 603.0 76.0 592.0
103.0 562.0 90.0 554.0
104.0 259.0 77.0 246.0
83.0 622.0 67.0 620.0
102.0 307.0 79.0 294.0
103.0 563.0 90.0 554.0
84.0 623.0 67.0 620.0
103.0 259.0 77.0 246.0
83.0 624.0 67.0 620.0
46.0 483.0 29.0 478.0
141.0 432.0 118.0 417.0
82.0 624.0 67.0 620.0
90.0 603.0 76.0 592.0
83.0 623.0 67.0 620.0
35.0 529.0 19.0 522.0
63.0 498.0 46.0 494.0
104.0 563.0 90.0 554.0
62.0 499.0 46.0 494.0
104.0 564.0 90.0 554.0
84.0 345.0 62.0 336.0
149.0 476.0 129.0 460.0
96.0 433.0 76.0 421.0
150.0 476.0 129.0 460.0
89.0 604.0 76.0 592.0
84.0 622.0 67.0 620.0
106.0 220.0 77.0 206.0
167.0 401.0 145.0 385.0
85.0 346.0 62.0 336.0
88.0 603.0 76.0 592.0
167.0 400.0 145.0 385.0
137.0 543.0 122.0 531.0
104.0 510.0 86.0 501.0
136.0 543.0 122.0 531.0
90.0 604.0 76.0 592.0
62.0 498.0 46.0 494.0
105.0 218.0 77.0 206.0
105.0 564.0 90.0 554.0
95.0 431.0 75.0 420.0
46.0 484.0 29.0 478.0
135.0 542.0 122.0 531.0
46.0 482.0 29.0 478.0
62.0 497.0 39.0 492.0
137.0 542.0 122.0 531.0
96.0 432.0 76.0 421.0
62.0 500.0 46.0 494.0
150.0 477.0 129.0 460.0
105.0 510.0 88.0 501.0
103.0 260.0 77.0 247.0
102.0 260.0 77.0 247.0
34.0 528.0 19.0 522.0
113.0 243.0 86.0 232.0
95.0 432.0 76.0 421.0
96.0 431.0 76.0 421.0
35.0 528.0 19.0 522.0
135.0 543.0 122.0 531.0
105.0 563.0 90.0 554.0
45.0 483.0 29.0 478.0
64.0 608.0 51.0 600.0
105.0 219.0 77.0 206.0
36.0 528.0 19.0 522.0
78.0 256.0 53.0 249.0
47.0 483.0 29.0 478.0
104.0 219.0 77.0 206.0
105.0 509.0 88.0 501.0
136.0 542.0 122.0 531.0
106.0 510.0 88.0 501.0
61.0 498.0 46.0 494.0
106.0 564.0 90.0 554.0
50.0 545.0 33.0 536.0
34.0 628.0 42.0 624.0
145.0 612.0 132.0 599.0
63.0 609.0 51.0 600.0
47.0 482.0 29.0 478.0
105.0 220.0 77.0 206.0
64.0 609.0 52.0 601.0
63.0 608.0 51.0 600.0
104.0 220.0 77.0 206.0
35.0 628.0 42.0 624.0
62.0 608.0 51.0 600.0
33.0 628.0 42.0 624.0
47.0 484.0 29.0 478.0
104.0 218.0 77.0 206.0
144.0 612.0 132.0 599.0
63.0 607.0 51.0 600.0
78.0 257.0 53.0 249.0
62.0 607.0 51.0 600.0
106.0 509.0 88.0 501.0
112.0 244.0 86.0 233.0
50.0 544.0 33.0 536.0
97.0 431.0 77.0 420.0
39.0 469.0 22.0 465.0
144.0 611.0 132.0 599.0
34.0 629.0 42.0 624.0
40.0 488.0 22.0 482.0
136.0 541.0 122.0 531.0
110.0 309.0 80.0 295.0
158.0 618.0 132.0 599.0
97.0 432.0 77.0 420.0
143.0 611.0 132.0 599.0
38.0 469.0 21.0 464.0
35.0 629.0 42.0 624.0
144.0 613.0 132.0 599.0
48.0 483.0 29.0 478.0
39.0 488.0 22.0 482.0
40.0 487.0 22.0 482.0
143.0 612.0 132.0 599.0
46.0 616.0 35.0 605.0
51.0 544.0 33.0 536.0
48.0 484.0 29.0 478.0
143.0 521.0 132.0 506.0
143.0 613.0 132.0 599.0
113.0 244.0 86.0 233.0
39.0 468.0 22.0 465.0
37.0 469.0 21.0 464.0
39.0 487.0 22.0 482.0
51.0 545.0 33.0 536.0
110.0 310.0 80.0 295.0
77.0 255.0 53.0 249.0
98.0 432.0 77.0 420.0
111.0 245.0 86.0 233.0
142.0 402.0 123.0 386.0
38.0 468.0 21.0 464.0
112.0 245.0 79.0 246.0
160.0 618.0 147.0 601.0
47.0 615.0 35.0 605.0
159.0 620.0 132.0 599.0
47.0 616.0 35.0 605.0
134.0 627.0 129.0 637.0
159.0 619.0 132.0 599.0
159.0 618.0 132.0 599.0
159.0 617.0 132.0 599.0
98.0 433.0 76.0 421.0
160.0 619.0 147.0 601.0
97.0 433.0 76.0 421.0
77.0 256.0 53.0 249.0
133.0 627.0 129.0 637.0
179.0 618.0 164.0 601.0
32.0 589.0 21.0 580.0
11.0 576.0 8.0 557.0
10.0 576.0 8.0 557.0
458.0 521.0 460.0 535.0
113.0 245.0 79.0 246.0
160.0 617.0 147.0 601.0
157.0 609.0 147.0 601.0
32.0 590.0 21.0 580.0
77.0 257.0 53.0 249.0
77.0 258.0 51.0 249.0
458.0 520.0 460.0 535.0
10.0 577.0 8.0 557.0
33.0 588.0 21.0 580.0
143.0 522.0 132.0 506.0
12.0 576.0 8.0 557.0
33.0 589.0 21.0 580.0
11.0 617.0 21.0 615.0
142.0 521.0 132.0 506.0
32.0 588.0 21.0 580.0
13.0 577.0 8.0 557.0
87.0 527.0 77.0 522.0
11.0 616.0 21.0 615.0
33.0 590.0 21.0 580.0
144.0 410.0 125.0 401.0
145.0 409.0 125.0 401.0
457.0 520.0 460.0 535.0
11.0 577.0 8.0 557.0
51.0 590.0 38.0 584.0
76.0 256.0 51.0 249.0
139.0 581.0 128.0 572.0
86.0 528.0 77.0 522.0
33.0 241.0 6.0 236.0
142.0 522.0 132.0 506.0
12.0 577.0 8.0 557.0
10.0 616.0 21.0 615.0
33.0 242.0 6.0 236.0
86.0 527.0 77.0 522.0
110.0 395.0 87.0 392.0
33.0 508.0 15.0 501.0
142.0 523.0 132.0 506.0
50.0 591.0 38.0 584.0
12.0 578.0 8.0 557.0
177.0 377.0 148.0 356.0
11.0 578.0 8.0 557.0
51.0 591.0 38.0 584.0
51.0 592.0 38.0 584.0
109.0 394.0 87.0 392.0
86.0 526.0 77.0 522.0
110.0 394.0 87.0 392.0
32.0 507.0 15.0 501.0
141.0 521.0 132.0 506.0
30.0 508.0 15.0 501.0
31.0 507.0 15.0 501.0
85.0 527.0 77.0 522.0
76.0 257.0 51.0 249.0
52.0 591.0 38.0 584.0
32.0 508.0 15.0 502.0
30.0 507.0 15.0 501.0
144.0 409.0 123.0 386.0
31.0 508.0 15.0 501.0
87.0 526.0 77.0 522.0
180.0 589.0 168.0 580.0
141.0 523.0 132.0 506.0
34.0 242.0 6.0 236.0
100.0 625.0 67.0 619.0
34.0 243.0 6.0 236.0
179.0 588.0 168.0 580.0
33.0 243.0 6.0 236.0
141.0 522.0 132.0 506.0
180.0 588.0 168.0 580.0
101.0 624.0 67.0 619.0
34.0 219.0 7.0 215.0
34.0 220.0 7.0 215.0
97.0 478.0 75.0 476.0
101.0 623.0 67.0 619.0
79.0 94.0 44.0 98.0
101.0 625.0 67.0 619.0
35.0 220.0 7.0 215.0
34.0 218.0 7.0 215.0
101.0 626.0 67.0 619.0
158.0 531.0 133.0 508.0
36.0 219.0 9.0 214.0
98.0 478.0 75.0 476.0
97.0 476.0 75.0 476.0
80.0 94.0 44.0 98.0
35.0 218.0 9.0 214.0
96.0 476.0 75.0 476.0
