282.0 91.0 278.0 86.0
374.0 249.0 369.0 248.0
373.0 249.0 368.0 248.0
373.0 250.0 368.0 248.0
374.0 251.0 368.0 248.0
282.0 90.0 278.0 86.0
154.0 142.0 151.0 133.0
283.0 90.0 278.0 86.0
375.0 249.0 369.0 248.0
89.0 212.0 85.0 205.0
133.0 146.0 131.0 140.0
375.0 250.0 369.0 248.0
374.0 250.0 369.0 248.0
413.0 118.0 409.0 118.0
281.0 91.0 278.0 86.0
153.0 142.0 151.0 133.0
176.0 145.0 174.0 138.0
133.0 148.0 131.0 141.0
30.0 172.0 30.0 161.0
86.0 237.0 82.0 228.0
90.0 211.0 85.0 205.0
247.0 624.0 236.0 618.0
151.0 197.0 147.0 190.0
85.0 236.0 82.0 228.0
452.0 238.0 447.0 236.0
160.0 102.0 158.0 96.0
132.0 75.0 130.0 66.0
236.0 443.0 227.0 435.0
249.0 33.0 248.0 29.0
32.0 172.0 30.0 161.0
63.0 110.0 63.0 100.0
90.0 212.0 85.0 205.0
98.0 111.0 97.0 102.0
14.0 182.0 12.0 173.0
31.0 172.0 30.0 161.0
85.0 237.0 82.0 228.0
89.0 211.0 85.0 205.0
63.0 111.0 63.0 100.0
375.0 251.0 369.0 248.0
134.0 148.0 131.0 141.0
133.0 147.0 131.0 141.0
452.0 237.0 446.0 236.0
419.0 41.0 414.0 39.0
152.0 197.0 147.0 190.0
281.0 90.0 278.0 86.0
151.0 196.0 147.0 190.0
82.0 85.0 82.0 78.0
99.0 111.0 97.0 102.0
218.0 260.0 212.0 254.0
248.0 624.0 236.0 618.0
105.0 136.0 104.0 127.0
304.0 75.0 301.0 71.0
106.0 137.0 105.0 127.0
133.0 77.0 131.0 66.0
420.0 40.0 414.0 39.0
414.0 118.0 409.0 118.0
262.0 14.0 261.0 10.0
304.0 74.0 301.0 70.0
420.0 41.0 414.0 39.0
248.0 625.0 236.0 618.0
219.0 260.0 212.0 254.0
237.0 443.0 227.0 435.0
453.0 237.0 447.0 236.0
13.0 183.0 12.0 173.0
219.0 259.0 212.0 254.0
134.0 147.0 131.0 141.0
237.0 442.0 227.0 435.0
133.0 76.0 130.0 66.0
414.0 117.0 409.0 118.0
169.0 287.0 163.0 281.0
142.0 52.0 141.0 45.0
262.0 13.0 261.0 10.0
14.0 183.0 12.0 173.0
250.0 33.0 248.0 29.0
150.0 197.0 147.0 190.0
173.0 145.0 173.0 138.0
169.0 288.0 163.0 281.0
263.0 14.0 261.0 10.0
236.0 442.0 227.0 435.0
62.0 111.0 63.0 100.0
247.0 625.0 236.0 618.0
151.0 198.0 147.0 190.0
218.0 259.0 212.0 254.0
250.0 32.0 248.0 29.0
421.0 40.0 414.0 39.0
60.0 531.0 51.0 522.0
86.0 238.0 82.0 228.0
75.0 50.0 73.0 43.0
111.0 305.0 107.0 297.0
99.0 110.0 97.0 102.0
455.0 186.0 450.0 187.0
246.0 624.0 236.0 618.0
85.0 238.0 82.0 228.0
168.0 287.0 163.0 281.0
85.0 543.0 76.0 534.0
174.0 145.0 173.0 138.0
456.0 185.0 450.0 187.0
59.0 530.0 51.0 522.0
141.0 52.0 141.0 45.0
456.0 186.0 450.0 187.0
32.0 171.0 30.0 161.0
132.0 76.0 130.0 66.0
263.0 571.0 251.0 565.0
304.0 73.0 301.0 70.0
153.0 143.0 151.0 134.0
106.0 136.0 105.0 127.0
282.0 89.0 278.0 86.0
131.0 75.0 130.0 67.0
111.0 304.0 107.0 297.0
305.0 73.0 301.0 70.0
169.0 286.0 163.0 279.0
281.0 89.0 278.0 86.0
455.0 187.0 450.0 187.0
399.0 116.0 395.0 115.0
436.0 214.0 429.0 212.0
74.0 50.0 73.0 42.0
305.0 74.0 301.0 70.0
456.0 187.0 450.0 187.0
98.0 109.0 97.0 102.0
106.0 135.0 105.0 127.0
185.0 279.0 180.0 273.0
31.0 171.0 30.0 161.0
132.0 77.0 130.0 67.0
293.0 110.0 289.0 105.0
128.0 367.0 123.0 360.0
185.0 280.0 180.0 273.0
142.0 53.0 141.0 45.0
262.0 15.0 261.0 10.0
306.0 74.0 301.0 70.0
130.0 367.0 124.0 361.0
148.0 531.0 140.0 523.0
215.0 153.0 212.0 147.0
453.0 238.0 447.0 236.0
59.0 531.0 51.0 522.0
85.0 544.0 76.0 534.0
129.0 368.0 124.0 361.0
435.0 212.0 429.0 212.0
286.0 125.0 282.0 121.0
98.0 110.0 97.0 102.0
435.0 213.0 429.0 212.0
305.0 75.0 301.0 71.0
172.0 145.0 173.0 138.0
26.0 198.0 23.0 190.0
93.0 47.0 93.0 38.0
86.0 542.0 76.0 534.0
93.0 46.0 93.0 38.0
49.0 224.0 46.0 214.0
148.0 530.0 140.0 523.0
74.0 51.0 73.0 43.0
49.0 222.0 47.0 213.0
436.0 213.0 429.0 212.0
31.0 170.0 31.0 159.0
287.0 125.0 282.0 121.0
292.0 110.0 289.0 105.0
214.0 154.0 211.0 147.0
142.0 275.0 137.0 267.0
129.0 366.0 124.0 361.0
76.0 102.0 76.0 95.0
436.0 212.0 429.0 212.0
141.0 275.0 137.0 267.0
292.0 109.0 289.0 105.0
331.0 65.0 329.0 62.0
437.0 213.0 429.0 212.0
167.0 286.0 163.0 281.0
148.0 529.0 140.0 523.0
129.0 367.0 124.0 361.0
234.0 155.0 232.0 149.0
76.0 103.0 76.0 95.0
294.0 110.0 289.0 105.0
140.0 275.0 137.0 267.0
168.0 286.0 163.0 281.0
149.0 513.0 142.0 506.0
148.0 513.0 142.0 506.0
110.0 189.0 107.0 181.0
214.0 153.0 212.0 147.0
234.0 154.0 231.0 149.0
131.0 76.0 130.0 67.0
32.0 170.0 31.0 159.0
77.0 103.0 76.0 95.0
98.0 440.0 92.0 432.0
168.0 288.0 163.0 281.0
97.0 110.0 97.0 102.0
94.0 46.0 93.0 38.0
172.0 144.0 173.0 138.0
24.0 460.0 18.0 449.0
140.0 274.0 137.0 267.0
141.0 274.0 137.0 267.0
263.0 572.0 251.0 565.0
49.0 223.0 46.0 213.0
215.0 154.0 212.0 147.0
167.0 287.0 163.0 281.0
332.0 65.0 329.0 62.0
81.0 85.0 82.0 77.0
3.0 149.0 2.0 141.0
2.0 150.0 2.0 141.0
209.0 175.0 206.0 170.0
264.0 572.0 251.0 565.0
252.0 159.0 250.0 154.0
184.0 280.0 180.0 273.0
106.0 30.0 107.0 23.0
151.0 14.0 151.0 9.0
3.0 150.0 2.0 141.0
294.0 109.0 290.0 105.0
137.0 101.0 136.0 94.0
94.0 47.0 93.0 38.0
106.0 29.0 107.0 23.0
86.0 543.0 76.0 534.0
216.0 58.0 215.0 52.0
24.0 459.0 18.0 449.0
59.0 532.0 51.0 522.0
2.0 149.0 2.0 141.0
77.0 102.0 76.0 95.0
32.0 218.0 30.0 208.0
150.0 14.0 151.0 9.0
58.0 531.0 51.0 522.0
97.0 439.0 92.0 432.0
24.0 431.0 18.0 420.0
159.0 401.0 154.0 392.0
75.0 51.0 73.0 43.0
49.0 161.0 47.0 154.0
31.0 169.0 31.0 159.0
24.0 458.0 18.0 449.0
150.0 15.0 151.0 9.0
86.0 544.0 76.0 534.0
399.0 115.0 395.0 115.0
160.0 401.0 154.0 392.0
169.0 212.0 166.0 204.0
26.0 199.0 23.0 190.0
33.0 218.0 31.0 208.0
23.0 459.0 18.0 449.0
50.0 223.0 47.0 213.0
332.0 64.0 329.0 62.0
253.0 159.0 250.0 154.0
207.0 294.0 206.0 298.0
398.0 115.0 395.0 115.0
23.0 460.0 18.0 449.0
50.0 224.0 46.0 214.0
261.0 107.0 259.0 102.0
49.0 163.0 47.0 154.0
213.0 306.0 206.0 298.0
151.0 15.0 151.0 9.0
95.0 47.0 93.0 38.0
138.0 100.0 136.0 94.0
25.0 199.0 23.0 190.0
209.0 176.0 206.0 170.0
25.0 430.0 18.0 420.0
184.0 279.0 180.0 273.0
175.0 546.0 165.0 538.0
169.0 213.0 166.0 204.0
262.0 105.0 259.0 102.0
32.0 169.0 31.0 159.0
78.0 102.0 76.0 95.0
293.0 109.0 289.0 105.0
170.0 212.0 166.0 204.0
49.0 162.0 47.0 154.0
138.0 101.0 136.0 94.0
129.0 501.0 123.0 493.0
23.0 430.0 18.0 420.0
197.0 268.0 193.0 262.0
50.0 162.0 48.0 153.0
24.0 430.0 18.0 420.0
188.0 220.0 185.0 212.0
25.0 200.0 23.0 192.0
64.0 85.0 63.0 77.0
261.0 106.0 259.0 101.0
30.0 550.0 23.0 540.0
23.0 458.0 18.0 449.0
190.0 221.0 186.0 213.0
262.0 106.0 259.0 102.0
170.0 26.0 169.0 18.0
170.0 25.0 169.0 18.0
148.0 514.0 142.0 506.0
65.0 85.0 64.0 76.0
209.0 177.0 206.0 170.0
399.0 114.0 395.0 115.0
150.0 13.0 151.0 9.0
469.0 212.0 462.0 213.0
197.0 269.0 192.0 263.0
207.0 293.0 206.0 298.0
26.0 200.0 23.0 192.0
198.0 269.0 193.0 263.0
64.0 86.0 63.0 77.0
468.0 212.0 462.0 213.0
188.0 221.0 185.0 212.0
105.0 29.0 107.0 23.0
128.0 501.0 122.0 493.0
175.0 545.0 165.0 538.0
149.0 530.0 140.0 523.0
32.0 217.0 30.0 207.0
88.0 20.0 80.0 21.0
198.0 268.0 193.0 262.0
149.0 514.0 142.0 506.0
31.0 217.0 29.0 207.0
78.0 103.0 76.0 95.0
105.0 28.0 107.0 23.0
189.0 222.0 186.0 213.0
32.0 215.0 30.0 206.0
469.0 211.0 462.0 213.0
30.0 551.0 23.0 540.0
189.0 221.0 186.0 213.0
50.0 163.0 48.0 153.0
33.0 217.0 30.0 207.0
174.0 545.0 165.0 538.0
186.0 16.0 185.0 10.0
129.0 502.0 123.0 493.0
32.0 216.0 30.0 206.0
65.0 86.0 64.0 76.0
189.0 219.0 186.0 213.0
206.0 293.0 206.0 298.0
467.0 212.0 462.0 213.0
59.0 433.0 51.0 424.0
253.0 162.0 250.0 156.0
31.0 215.0 29.0 206.0
190.0 220.0 186.0 213.0
33.0 216.0 30.0 206.0
189.0 220.0 186.0 213.0
169.0 25.0 169.0 18.0
34.0 217.0 30.0 207.0
24.0 429.0 18.0 420.0
468.0 211.0 462.0 212.0
169.0 26.0 169.0 18.0
36.0 503.0 29.0 494.0
253.0 161.0 250.0 156.0
207.0 292.0 206.0 298.0
31.0 216.0 30.0 206.0
31.0 550.0 23.0 540.0
23.0 429.0 18.0 420.0
138.0 102.0 136.0 94.0
170.0 213.0 166.0 204.0
253.0 160.0 250.0 156.0
185.0 16.0 185.0 10.0
149.0 515.0 142.0 506.0
186.0 15.0 185.0 10.0
128.0 502.0 122.0 493.0
169.0 27.0 169.0 18.0
468.0 210.0 462.0 212.0
214.0 306.0 206.0 298.0
175.0 544.0 165.0 538.0
86.0 606.0 77.0 597.0
59.0 434.0 51.0 425.0
206.0 292.0 206.0 298.0
467.0 211.0 462.0 212.0
252.0 160.0 250.0 156.0
193.0 413.0 189.0 409.0
185.0 15.0 185.0 9.0
190.0 494.0 182.0 487.0
31.0 551.0 23.0 540.0
36.0 502.0 29.0 494.0
184.0 16.0 185.0 10.0
58.0 433.0 51.0 424.0
87.0 606.0 77.0 597.0
193.0 412.0 189.0 409.0
242.0 213.0 239.0 207.0
252.0 161.0 250.0 156.0
185.0 14.0 185.0 9.0
168.0 26.0 169.0 18.0
174.0 544.0 165.0 538.0
86.0 605.0 77.0 597.0
120.0 539.0 110.0 531.0
58.0 434.0 51.0 425.0
193.0 411.0 189.0 409.0
42.0 509.0 36.0 498.0
65.0 134.0 63.0 132.0
65.0 136.0 63.0 132.0
119.0 539.0 110.0 531.0
42.0 508.0 36.0 498.0
65.0 135.0 63.0 132.0
64.0 134.0 63.0 132.0
64.0 135.0 63.0 132.0
64.0 136.0 63.0 132.0
113.0 281.0 107.0 282.0
200.0 9.0 185.0 9.0
470.0 423.0 461.0 420.0
470.0 422.0 461.0 420.0
471.0 424.0 461.0 420.0
301.0 125.0 290.0 106.0
215.0 247.0 212.0 254.0
471.0 422.0 461.0 420.0
472.0 423.0 461.0 420.0
215.0 246.0 212.0 254.0
471.0 423.0 461.0 420.0
113.0 280.0 107.0 282.0
77.0 437.0 77.0 435.0
214.0 247.0 212.0 254.0
214.0 246.0 212.0 254.0
472.0 422.0 461.0 420.0
139.0 412.0 117.0 406.0
181.0 191.0 172.0 178.0
154.0 456.0 152.0 437.0
139.0 411.0 117.0 406.0
140.0 412.0 117.0 406.0
375.0 153.0 366.0 145.0
140.0 411.0 117.0 406.0
174.0 391.0 154.0 393.0
174.0 392.0 154.0 393.0
