57.0 301.0 70.0 332.0
58.0 301.0 70.0 332.0
57.0 302.0 70.0 332.0
58.0 302.0 70.0 332.0
141.0 196.0 153.0 230.0
233.0 432.0 244.0 464.0
284.0 190.0 291.0 222.0
280.0 467.0 291.0 499.0
50.0 265.0 64.0 296.0
278.0 467.0 291.0 499.0
279.0 467.0 291.0 499.0
140.0 196.0 153.0 230.0
278.0 468.0 291.0 499.0
141.0 197.0 153.0 230.0
142.0 196.0 153.0 230.0
51.0 264.0 64.0 296.0
299.0 190.0 306.0 221.0
51.0 265.0 64.0 296.0
140.0 197.0 153.0 230.0
97.0 150.0 108.0 183.0
97.0 151.0 108.0 183.0
283.0 190.0 290.0 221.0
67.0 206.0 80.0 237.0
295.0 377.0 306.0 407.0
144.0 330.0 155.0 361.0
60.0 171.0 70.0 202.0
279.0 468.0 291.0 499.0
145.0 331.0 155.0 361.0
298.0 190.0 306.0 221.0
280.0 468.0 291.0 499.0
324.0 148.0 333.0 177.0
68.0 206.0 80.0 237.0
300.0 385.0 310.0 415.0
50.0 266.0 64.0 297.0
324.0 147.0 333.0 177.0
59.0 172.0 70.0 202.0
299.0 384.0 309.0 414.0
140.0 232.0 153.0 265.0
144.0 331.0 155.0 361.0
68.0 205.0 80.0 237.0
324.0 149.0 333.0 178.0
68.0 207.0 80.0 237.0
233.0 431.0 244.0 464.0
277.0 189.0 286.0 221.0
68.0 208.0 80.0 237.0
115.0 75.0 127.0 110.0
67.0 207.0 80.0 237.0
299.0 191.0 306.0 221.0
51.0 266.0 64.0 297.0
57.0 303.0 70.0 332.0
58.0 303.0 70.0 332.0
60.0 172.0 70.0 202.0
280.0 469.0 291.0 499.0
325.0 149.0 333.0 178.0
279.0 469.0 291.0 499.0
232.0 431.0 244.0 464.0
325.0 147.0 333.0 177.0
277.0 190.0 287.0 221.0
67.0 208.0 80.0 237.0
299.0 385.0 309.0 414.0
141.0 231.0 153.0 265.0
141.0 195.0 153.0 230.0
157.0 220.0 167.0 255.0
140.0 231.0 153.0 265.0
278.0 469.0 291.0 499.0
210.0 211.0 219.0 242.0
325.0 148.0 333.0 177.0
115.0 74.0 127.0 110.0
108.0 226.0 122.0 257.0
209.0 211.0 219.0 242.0
278.0 190.0 289.0 221.0
95.0 115.0 105.0 150.0
59.0 302.0 71.0 332.0
139.0 224.0 151.0 258.0
59.0 301.0 71.0 332.0
140.0 195.0 153.0 230.0
299.0 386.0 309.0 415.0
141.0 232.0 153.0 265.0
69.0 207.0 80.0 237.0
98.0 151.0 108.0 183.0
156.0 220.0 167.0 255.0
140.0 230.0 152.0 265.0
314.0 337.0 324.0 368.0
300.0 386.0 310.0 415.0
295.0 378.0 306.0 407.0
166.0 383.0 178.0 415.0
382.0 248.0 395.0 282.0
298.0 191.0 306.0 221.0
231.0 432.0 244.0 464.0
116.0 74.0 127.0 110.0
69.0 208.0 80.0 237.0
109.0 227.0 122.0 257.0
141.0 230.0 153.0 265.0
59.0 303.0 71.0 332.0
232.0 432.0 244.0 464.0
166.0 384.0 178.0 415.0
278.0 189.0 289.0 221.0
109.0 226.0 122.0 257.0
98.0 150.0 108.0 182.0
231.0 431.0 244.0 464.0
232.0 430.0 244.0 464.0
121.0 113.0 131.0 147.0
35.0 336.0 44.0 366.0
383.0 248.0 395.0 282.0
382.0 247.0 395.0 282.0
89.0 134.0 101.0 168.0
69.0 206.0 80.0 237.0
52.0 266.0 64.0 296.0
52.0 265.0 64.0 296.0
156.0 219.0 167.0 255.0
121.0 164.0 133.0 198.0
60.0 173.0 70.0 202.0
372.0 525.0 388.0 562.0
168.0 384.0 180.0 415.0
320.0 132.0 330.0 160.0
167.0 382.0 180.0 415.0
36.0 337.0 44.0 366.0
115.0 76.0 127.0 111.0
35.0 335.0 44.0 366.0
145.0 293.0 156.0 310.0
166.0 382.0 178.0 415.0
314.0 336.0 324.0 367.0
69.0 205.0 80.0 237.0
61.0 172.0 70.0 202.0
121.0 165.0 133.0 198.0
68.0 209.0 80.0 237.0
140.0 229.0 151.0 259.0
116.0 75.0 127.0 110.0
157.0 219.0 167.0 255.0
383.0 247.0 395.0 282.0
59.0 173.0 70.0 202.0
373.0 525.0 388.0 562.0
74.0 232.0 84.0 262.0
89.0 133.0 101.0 168.0
168.0 383.0 180.0 415.0
54.0 281.0 67.0 312.0
341.0 69.0 350.0 101.0
74.0 233.0 84.0 262.0
145.0 294.0 156.0 310.0
36.0 335.0 45.0 365.0
74.0 230.0 84.0 261.0
313.0 338.0 324.0 369.0
37.0 336.0 45.0 365.0
90.0 134.0 101.0 168.0
279.0 189.0 289.0 221.0
143.0 88.0 155.0 124.0
116.0 77.0 127.0 112.0
36.0 336.0 45.0 365.0
326.0 148.0 333.0 177.0
37.0 335.0 45.0 365.0
143.0 89.0 155.0 124.0
90.0 132.0 100.0 167.0
167.0 384.0 178.0 415.0
167.0 383.0 178.0 415.0
110.0 226.0 122.0 257.0
142.0 89.0 155.0 124.0
143.0 90.0 155.0 124.0
312.0 277.0 321.0 309.0
58.0 304.0 70.0 332.0
228.0 212.0 233.0 243.0
179.0 179.0 191.0 212.0
178.0 180.0 191.0 212.0
320.0 131.0 330.0 160.0
313.0 336.0 323.0 367.0
90.0 133.0 101.0 168.0
36.0 334.0 45.0 365.0
61.0 173.0 70.0 202.0
156.0 218.0 167.0 255.0
110.0 227.0 122.0 257.0
341.0 70.0 350.0 101.0
300.0 387.0 310.0 415.0
320.0 130.0 330.0 160.0
191.0 205.0 199.0 234.0
91.0 132.0 100.0 167.0
342.0 519.0 357.0 554.0
55.0 281.0 68.0 313.0
302.0 185.0 306.0 220.0
138.0 224.0 151.0 258.0
302.0 184.0 306.0 220.0
190.0 205.0 199.0 234.0
117.0 75.0 127.0 110.0
36.0 136.0 48.0 167.0
302.0 183.0 308.0 211.0
36.0 137.0 48.0 167.0
313.0 337.0 324.0 368.0
15.0 273.0 27.0 305.0
326.0 147.0 333.0 177.0
322.0 517.0 336.0 551.0
54.0 280.0 67.0 312.0
116.0 76.0 127.0 111.0
342.0 69.0 350.0 101.0
91.0 133.0 101.0 168.0
74.0 231.0 84.0 261.0
121.0 112.0 131.0 147.0
110.0 228.0 122.0 257.0
341.0 518.0 357.0 554.0
142.0 90.0 154.0 125.0
31.0 275.0 42.0 305.0
313.0 277.0 321.0 309.0
312.0 276.0 321.0 309.0
30.0 273.0 42.0 304.0
228.0 213.0 233.0 244.0
340.0 518.0 356.0 554.0
341.0 519.0 357.0 554.0
111.0 227.0 122.0 257.0
142.0 88.0 155.0 124.0
37.0 138.0 48.0 167.0
229.0 213.0 233.0 244.0
313.0 335.0 323.0 367.0
155.0 218.0 167.0 255.0
60.0 174.0 70.0 202.0
322.0 518.0 336.0 551.0
29.0 274.0 41.0 306.0
313.0 276.0 321.0 309.0
120.0 112.0 131.0 147.0
30.0 274.0 42.0 305.0
30.0 275.0 41.0 306.0
293.0 223.0 301.0 251.0
258.0 188.0 266.0 220.0
38.0 137.0 48.0 167.0
37.0 139.0 48.0 167.0
31.0 274.0 42.0 305.0
179.0 180.0 191.0 212.0
36.0 138.0 48.0 167.0
90.0 104.0 100.0 135.0
91.0 104.0 100.0 135.0
29.0 275.0 41.0 306.0
312.0 336.0 323.0 367.0
37.0 137.0 48.0 167.0
10.0 272.0 19.0 304.0
341.0 520.0 357.0 554.0
229.0 212.0 233.0 243.0
341.0 71.0 350.0 101.0
432.0 512.0 449.0 547.0
294.0 223.0 301.0 251.0
244.0 525.0 252.0 546.0
319.0 133.0 330.0 160.0
303.0 185.0 306.0 220.0
111.0 226.0 122.0 257.0
342.0 70.0 350.0 101.0
303.0 184.0 306.0 220.0
293.0 224.0 301.0 251.0
323.0 517.0 336.0 551.0
117.0 76.0 127.0 110.0
120.0 111.0 131.0 147.0
38.0 138.0 48.0 167.0
432.0 510.0 451.0 547.0
312.0 278.0 321.0 309.0
433.0 512.0 451.0 547.0
245.0 525.0 252.0 546.0
244.0 524.0 252.0 546.0
319.0 131.0 327.0 160.0
446.0 496.0 464.0 534.0
7.0 272.0 19.0 304.0
433.0 511.0 451.0 547.0
319.0 132.0 330.0 160.0
152.0 171.0 170.0 207.0
8.0 272.0 19.0 304.0
38.0 139.0 48.0 167.0
9.0 272.0 19.0 304.0
258.0 189.0 266.0 220.0
9.0 271.0 19.0 304.0
433.0 510.0 451.0 547.0
342.0 520.0 357.0 554.0
153.0 171.0 170.0 207.0
257.0 186.0 267.0 219.0
184.0 175.0 191.0 211.0
312.0 335.0 323.0 367.0
303.0 183.0 308.0 211.0
178.0 181.0 191.0 213.0
294.0 224.0 301.0 251.0
245.0 526.0 252.0 546.0
180.0 180.0 191.0 212.0
322.0 519.0 336.0 551.0
9.0 273.0 19.0 304.0
432.0 511.0 451.0 547.0
431.0 511.0 449.0 547.0
8.0 271.0 19.0 304.0
245.0 524.0 252.0 546.0
135.0 169.0 147.0 207.0
191.0 206.0 199.0 234.0
342.0 71.0 350.0 101.0
257.0 187.0 266.0 220.0
343.0 70.0 350.0 101.0
192.0 206.0 199.0 234.0
340.0 519.0 356.0 554.0
91.0 105.0 100.0 135.0
179.0 181.0 191.0 213.0
245.0 527.0 252.0 546.0
431.0 510.0 451.0 547.0
258.0 187.0 266.0 220.0
153.0 170.0 170.0 207.0
189.0 206.0 199.0 234.0
152.0 170.0 170.0 207.0
292.0 224.0 301.0 251.0
190.0 206.0 199.0 234.0
134.0 169.0 147.0 207.0
244.0 526.0 252.0 546.0
123.0 148.0 132.0 178.0
180.0 181.0 191.0 212.0
292.0 225.0 301.0 251.0
153.0 169.0 170.0 207.0
293.0 225.0 301.0 251.0
122.0 149.0 132.0 178.0
189.0 207.0 199.0 234.0
122.0 122.0 131.0 150.0
323.0 518.0 336.0 551.0
223.0 181.0 230.0 214.0
190.0 207.0 199.0 234.0
152.0 169.0 170.0 207.0
151.0 170.0 170.0 207.0
294.0 225.0 301.0 251.0
134.0 168.0 147.0 207.0
323.0 519.0 336.0 551.0
445.0 493.0 464.0 532.0
122.0 123.0 131.0 150.0
224.0 182.0 230.0 214.0
323.0 520.0 336.0 551.0
151.0 169.0 170.0 207.0
29.0 316.0 42.0 349.0
446.0 495.0 464.0 534.0
18.0 165.0 28.0 198.0
223.0 182.0 230.0 214.0
445.0 495.0 464.0 534.0
446.0 494.0 465.0 533.0
28.0 318.0 42.0 350.0
27.0 317.0 42.0 350.0
18.0 164.0 28.0 198.0
444.0 495.0 464.0 534.0
121.0 122.0 131.0 150.0
190.0 208.0 199.0 234.0
282.0 555.0 291.0 581.0
28.0 317.0 42.0 350.0
29.0 318.0 42.0 350.0
444.0 493.0 464.0 532.0
191.0 207.0 199.0 234.0
445.0 494.0 465.0 533.0
444.0 494.0 464.0 532.0
30.0 318.0 42.0 350.0
30.0 317.0 42.0 349.0
28.0 316.0 42.0 349.0
29.0 317.0 42.0 350.0
123.0 149.0 132.0 178.0
17.0 164.0 28.0 198.0
192.0 207.0 199.0 234.0
17.0 165.0 28.0 198.0
444.0 492.0 464.0 532.0
191.0 208.0 199.0 234.0
16.0 164.0 27.0 199.0
282.0 556.0 290.0 581.0
121.0 123.0 131.0 150.0
16.0 165.0 27.0 199.0
324.0 519.0 336.0 551.0
346.0 51.0 349.0 100.0
192.0 208.0 199.0 234.0
282.0 557.0 290.0 581.0
346.0 50.0 348.0 100.0
347.0 50.0 348.0 100.0
10.0 144.0 25.0 179.0
10.0 145.0 25.0 179.0
347.0 49.0 348.0 100.0
346.0 49.0 348.0 100.0
283.0 557.0 290.0 581.0
9.0 144.0 24.0 180.0
9.0 145.0 24.0 180.0
251.0 542.0 252.0 546.0
251.0 543.0 252.0 546.0
283.0 558.0 290.0 581.0
346.0 48.0 348.0 100.0
251.0 541.0 252.0 546.0
415.0 27.0 418.0 36.0
414.0 25.0 418.0 36.0
415.0 26.0 418.0 36.0
415.0 25.0 418.0 36.0
252.0 543.0 252.0 546.0
252.0 542.0 252.0 546.0
252.0 541.0 252.0 546.0
399.0 21.0 401.0 24.0
414.0 26.0 418.0 36.0
252.0 544.0 252.0 546.0
399.0 22.0 401.0 24.0
400.0 22.0 401.0 24.0
253.0 543.0 252.0 546.0
253.0 542.0 252.0 546.0
371.0 8.0 377.0 19.0
371.0 7.0 377.0 19.0
253.0 544.0 252.0 546.0
399.0 23.0 401.0 24.0
271.0 528.0 290.0 579.0
