221.0 492.0 237.0 480.0
221.0 493.0 237.0 480.0
220.0 492.0 237.0 480.0
222.0 493.0 238.0 481.0
79.0 122.0 90.0 117.0
220.0 493.0 237.0 481.0
222.0 492.0 238.0 480.0
78.0 121.0 89.0 116.0
78.0 122.0 89.0 117.0
214.0 400.0 227.0 394.0
77.0 122.0 89.0 116.0
76.0 122.0 89.0 116.0
203.0 114.0 218.0 108.0
139.0 247.0 151.0 242.0
138.0 246.0 151.0 242.0
138.0 248.0 151.0 242.0
151.0 179.0 165.0 174.0
150.0 179.0 164.0 174.0
77.0 121.0 89.0 116.0
215.0 400.0 229.0 394.0
216.0 401.0 228.0 395.0
213.0 401.0 227.0 394.0
202.0 114.0 217.0 108.0
137.0 247.0 151.0 242.0
76.0 79.0 86.0 73.0
215.0 401.0 229.0 394.0
138.0 247.0 151.0 242.0
76.0 78.0 86.0 72.0
63.0 322.0 81.0 315.0
240.0 374.0 253.0 367.0
239.0 374.0 253.0 367.0
363.0 530.0 377.0 522.0
75.0 78.0 86.0 72.0
386.0 167.0 403.0 163.0
205.0 504.0 223.0 493.0
362.0 531.0 377.0 522.0
386.0 166.0 403.0 163.0
76.0 80.0 87.0 74.0
382.0 338.0 402.0 332.0
75.0 79.0 86.0 72.0
266.0 48.0 280.0 45.0
364.0 530.0 381.0 517.0
229.0 446.0 245.0 438.0
363.0 531.0 377.0 522.0
385.0 166.0 402.0 163.0
384.0 167.0 402.0 163.0
230.0 446.0 245.0 438.0
381.0 338.0 402.0 332.0
146.0 464.0 160.0 456.0
230.0 447.0 245.0 438.0
122.0 211.0 134.0 207.0
384.0 166.0 402.0 163.0
41.0 89.0 51.0 81.0
214.0 401.0 229.0 394.0
294.0 71.0 308.0 67.0
229.0 447.0 245.0 438.0
385.0 167.0 402.0 163.0
60.0 203.0 72.0 198.0
241.0 374.0 253.0 367.0
63.0 323.0 81.0 315.0
240.0 375.0 253.0 367.0
382.0 339.0 402.0 332.0
38.0 141.0 50.0 134.0
37.0 141.0 50.0 134.0
106.0 482.0 122.0 470.0
152.0 445.0 166.0 437.0
64.0 323.0 81.0 315.0
241.0 375.0 253.0 367.0
39.0 140.0 50.0 134.0
380.0 338.0 401.0 332.0
197.0 355.0 210.0 348.0
258.0 340.0 271.0 336.0
214.0 402.0 228.0 395.0
64.0 324.0 81.0 315.0
228.0 447.0 245.0 438.0
204.0 504.0 223.0 493.0
204.0 503.0 222.0 492.0
293.0 72.0 308.0 67.0
86.0 430.0 102.0 419.0
146.0 463.0 160.0 456.0
294.0 72.0 308.0 67.0
86.0 429.0 102.0 419.0
349.0 422.0 367.0 414.0
364.0 531.0 377.0 522.0
107.0 481.0 122.0 470.0
106.0 481.0 122.0 470.0
107.0 482.0 122.0 470.0
215.0 402.0 228.0 395.0
39.0 141.0 50.0 134.0
192.0 274.0 207.0 266.0
121.0 212.0 134.0 207.0
87.0 429.0 102.0 419.0
114.0 388.0 126.0 380.0
307.0 449.0 320.0 440.0
42.0 89.0 51.0 81.0
104.0 481.0 121.0 471.0
105.0 481.0 122.0 470.0
230.0 448.0 245.0 438.0
38.0 140.0 50.0 134.0
239.0 375.0 253.0 367.0
359.0 494.0 373.0 484.0
152.0 444.0 166.0 437.0
60.0 202.0 72.0 198.0
113.0 387.0 126.0 380.0
267.0 48.0 280.0 45.0
152.0 128.0 167.0 123.0
62.0 589.0 78.0 576.0
229.0 448.0 245.0 438.0
106.0 480.0 122.0 470.0
203.0 503.0 222.0 492.0
197.0 354.0 210.0 348.0
349.0 423.0 367.0 414.0
151.0 444.0 166.0 437.0
147.0 464.0 160.0 456.0
293.0 505.0 312.0 493.0
203.0 505.0 222.0 492.0
151.0 445.0 166.0 437.0
63.0 589.0 78.0 576.0
105.0 482.0 122.0 470.0
113.0 388.0 126.0 380.0
293.0 506.0 312.0 493.0
147.0 463.0 160.0 456.0
352.0 428.0 367.0 415.0
267.0 49.0 280.0 45.0
62.0 590.0 78.0 576.0
122.0 213.0 134.0 208.0
63.0 324.0 81.0 315.0
329.0 571.0 341.0 558.0
422.0 239.0 438.0 237.0
146.0 462.0 160.0 455.0
41.0 90.0 51.0 81.0
147.0 462.0 160.0 456.0
63.0 590.0 78.0 576.0
122.0 212.0 134.0 207.0
391.0 428.0 405.0 420.0
268.0 48.0 280.0 45.0
152.0 129.0 167.0 123.0
328.0 571.0 341.0 558.0
198.0 355.0 210.0 348.0
192.0 275.0 207.0 266.0
381.0 339.0 402.0 332.0
307.0 450.0 320.0 440.0
423.0 240.0 438.0 237.0
353.0 428.0 367.0 415.0
228.0 167.0 243.0 162.0
114.0 387.0 126.0 380.0
360.0 493.0 373.0 484.0
203.0 504.0 222.0 492.0
198.0 354.0 212.0 348.0
358.0 493.0 372.0 484.0
305.0 394.0 320.0 386.0
259.0 341.0 271.0 336.0
121.0 213.0 134.0 207.0
83.0 186.0 94.0 181.0
330.0 571.0 342.0 558.0
153.0 128.0 167.0 123.0
359.0 493.0 373.0 484.0
59.0 203.0 72.0 198.0
82.0 186.0 94.0 180.0
154.0 128.0 168.0 122.0
258.0 341.0 271.0 336.0
172.0 443.0 187.0 436.0
380.0 339.0 402.0 332.0
264.0 547.0 277.0 538.0
305.0 393.0 320.0 386.0
308.0 450.0 320.0 440.0
82.0 185.0 94.0 180.0
61.0 434.0 74.0 427.0
359.0 492.0 373.0 484.0
153.0 129.0 168.0 122.0
259.0 340.0 271.0 336.0
303.0 482.0 313.0 475.0
256.0 404.0 273.0 398.0
422.0 240.0 438.0 237.0
421.0 239.0 438.0 237.0
265.0 547.0 277.0 538.0
59.0 202.0 71.0 198.0
83.0 185.0 94.0 180.0
303.0 483.0 313.0 475.0
31.0 527.0 47.0 516.0
306.0 393.0 320.0 386.0
23.0 156.0 35.0 149.0
183.0 409.0 200.0 399.0
280.0 76.0 292.0 73.0
171.0 443.0 187.0 436.0
306.0 394.0 320.0 386.0
255.0 404.0 273.0 398.0
49.0 366.0 66.0 357.0
253.0 389.0 269.0 381.0
378.0 447.0 395.0 438.0
252.0 389.0 269.0 381.0
31.0 526.0 47.0 516.0
391.0 427.0 405.0 420.0
23.0 155.0 35.0 149.0
90.0 532.0 105.0 519.0
49.0 365.0 66.0 357.0
281.0 76.0 292.0 73.0
342.0 512.0 354.0 505.0
42.0 435.0 56.0 428.0
17.0 289.0 32.0 286.0
48.0 366.0 66.0 357.0
62.0 434.0 74.0 427.0
360.0 492.0 373.0 484.0
252.0 390.0 269.0 381.0
37.0 278.0 53.0 272.0
255.0 403.0 273.0 398.0
421.0 240.0 437.0 238.0
182.0 409.0 200.0 399.0
217.0 52.0 230.0 47.0
89.0 532.0 105.0 519.0
43.0 434.0 56.0 428.0
36.0 278.0 53.0 272.0
377.0 448.0 395.0 438.0
183.0 408.0 200.0 399.0
44.0 322.0 55.0 318.0
101.0 553.0 115.0 540.0
63.0 434.0 74.0 427.0
307.0 394.0 320.0 386.0
382.0 86.0 398.0 82.0
343.0 512.0 354.0 505.0
307.0 393.0 320.0 386.0
76.0 521.0 89.0 509.0
342.0 513.0 354.0 505.0
378.0 448.0 395.0 438.0
363.0 68.0 383.0 64.0
48.0 365.0 66.0 357.0
30.0 526.0 47.0 516.0
355.0 403.0 373.0 395.0
218.0 52.0 230.0 47.0
342.0 514.0 354.0 505.0
16.0 290.0 32.0 286.0
42.0 434.0 56.0 428.0
35.0 278.0 53.0 272.0
432.0 248.0 437.0 238.0
253.0 70.0 267.0 65.0
44.0 323.0 55.0 318.0
289.0 151.0 306.0 150.0
41.0 434.0 56.0 428.0
67.0 398.0 81.0 389.0
343.0 513.0 354.0 505.0
41.0 435.0 56.0 428.0
35.0 279.0 53.0 272.0
181.0 409.0 200.0 398.0
102.0 553.0 115.0 540.0
64.0 434.0 75.0 428.0
20.0 170.0 34.0 161.0
343.0 514.0 354.0 505.0
45.0 323.0 55.0 318.0
182.0 408.0 201.0 398.0
42.0 433.0 56.0 428.0
363.0 69.0 383.0 64.0
46.0 323.0 55.0 318.0
18.0 290.0 32.0 286.0
290.0 151.0 306.0 150.0
362.0 68.0 382.0 64.0
17.0 290.0 32.0 286.0
76.0 520.0 89.0 509.0
289.0 150.0 306.0 150.0
68.0 398.0 81.0 389.0
36.0 279.0 53.0 272.0
67.0 397.0 81.0 389.0
40.0 435.0 56.0 428.0
432.0 249.0 437.0 238.0
45.0 322.0 55.0 318.0
46.0 322.0 55.0 318.0
382.0 87.0 398.0 82.0
17.0 291.0 32.0 286.0
103.0 552.0 130.0 540.0
273.0 142.0 283.0 136.0
102.0 552.0 130.0 540.0
362.0 69.0 383.0 64.0
433.0 248.0 437.0 238.0
68.0 397.0 81.0 389.0
77.0 520.0 89.0 510.0
433.0 249.0 437.0 238.0
17.0 517.0 29.0 508.0
16.0 291.0 32.0 286.0
16.0 517.0 29.0 508.0
16.0 518.0 29.0 508.0
15.0 519.0 29.0 508.0
408.0 88.0 416.0 80.0
4.0 412.0 17.0 404.0
15.0 518.0 29.0 508.0
409.0 88.0 416.0 80.0
17.0 518.0 29.0 508.0
69.0 397.0 81.0 389.0
4.0 411.0 17.0 404.0
17.0 519.0 29.0 508.0
16.0 519.0 29.0 508.0
5.0 411.0 17.0 404.0
4.0 410.0 17.0 404.0
296.0 151.0 306.0 150.0
262.0 471.0 274.0 455.0
296.0 150.0 306.0 150.0
439.0 291.0 457.0 287.0
179.0 459.0 187.0 436.0
285.0 507.0 313.0 492.0
447.0 277.0 465.0 272.0
263.0 471.0 274.0 455.0
9.0 187.0 34.0 163.0
179.0 246.0 195.0 254.0
439.0 292.0 457.0 287.0
446.0 278.0 465.0 273.0
446.0 277.0 465.0 273.0
15.0 217.0 15.0 213.0
360.0 54.0 383.0 63.0
447.0 278.0 465.0 272.0
359.0 54.0 383.0 63.0
438.0 291.0 457.0 287.0
10.0 186.0 34.0 163.0
179.0 245.0 195.0 254.0
16.0 217.0 15.0 213.0
438.0 292.0 457.0 287.0
180.0 460.0 187.0 436.0
9.0 186.0 34.0 163.0
193.0 371.0 211.0 349.0
178.0 245.0 195.0 254.0
437.0 292.0 457.0 287.0
180.0 459.0 187.0 436.0
233.0 480.0 238.0 480.0
