331.0 113.0 332.0 140.0
204.0 539.0 218.0 569.0
205.0 539.0 218.0 569.0
205.0 538.0 218.0 569.0
332.0 114.0 332.0 140.0
205.0 540.0 218.0 570.0
332.0 113.0 332.0 138.0
192.0 268.0 197.0 291.0
435.0 202.0 437.0 222.0
191.0 267.0 197.0 291.0
435.0 201.0 437.0 220.0
92.0 141.0 96.0 172.0
204.0 538.0 218.0 569.0
204.0 540.0 219.0 571.0
333.0 113.0 332.0 138.0
206.0 541.0 219.0 571.0
244.0 484.0 256.0 509.0
317.0 151.0 318.0 174.0
192.0 267.0 197.0 291.0
206.0 539.0 219.0 569.0
93.0 142.0 96.0 172.0
191.0 268.0 197.0 291.0
317.0 152.0 318.0 174.0
92.0 142.0 96.0 172.0
78.0 103.0 83.0 132.0
358.0 337.0 366.0 358.0
79.0 103.0 83.0 132.0
92.0 144.0 97.0 174.0
191.0 266.0 197.0 291.0
91.0 142.0 96.0 172.0
259.0 142.0 261.0 163.0
244.0 483.0 256.0 509.0
173.0 248.0 179.0 271.0
79.0 102.0 83.0 132.0
174.0 247.0 179.0 271.0
404.0 83.0 403.0 107.0
303.0 287.0 307.0 307.0
92.0 143.0 96.0 172.0
93.0 143.0 97.0 174.0
174.0 248.0 179.0 271.0
316.0 151.0 318.0 173.0
206.0 540.0 218.0 570.0
93.0 144.0 97.0 174.0
173.0 246.0 179.0 271.0
190.0 267.0 197.0 291.0
173.0 247.0 179.0 271.0
92.0 145.0 97.0 174.0
403.0 83.0 402.0 107.0
257.0 505.0 270.0 529.0
135.0 465.0 147.0 494.0
93.0 141.0 96.0 172.0
233.0 189.0 237.0 212.0
316.0 152.0 318.0 173.0
258.0 142.0 261.0 163.0
434.0 200.0 437.0 220.0
245.0 484.0 256.0 509.0
91.0 143.0 96.0 172.0
318.0 152.0 318.0 174.0
256.0 505.0 270.0 530.0
256.0 504.0 270.0 530.0
358.0 336.0 366.0 358.0
207.0 242.0 213.0 265.0
281.0 317.0 288.0 338.0
258.0 505.0 270.0 529.0
303.0 288.0 307.0 307.0
91.0 144.0 97.0 174.0
258.0 140.0 261.0 163.0
260.0 141.0 262.0 164.0
434.0 202.0 437.0 222.0
358.0 338.0 366.0 358.0
255.0 504.0 270.0 530.0
78.0 102.0 82.0 133.0
434.0 203.0 437.0 222.0
118.0 519.0 131.0 549.0
359.0 338.0 367.0 358.0
259.0 141.0 262.0 164.0
453.0 215.0 457.0 236.0
403.0 84.0 402.0 108.0
258.0 141.0 261.0 163.0
359.0 337.0 367.0 358.0
136.0 465.0 147.0 494.0
404.0 84.0 403.0 107.0
255.0 505.0 270.0 530.0
191.0 405.0 202.0 431.0
257.0 504.0 270.0 529.0
281.0 316.0 288.0 338.0
434.0 201.0 437.0 220.0
237.0 449.0 249.0 472.0
453.0 214.0 457.0 236.0
190.0 266.0 197.0 291.0
207.0 241.0 213.0 265.0
403.0 85.0 402.0 108.0
280.0 315.0 288.0 338.0
404.0 85.0 402.0 108.0
112.0 170.0 118.0 197.0
191.0 265.0 197.0 291.0
113.0 170.0 118.0 197.0
192.0 403.0 202.0 429.0
113.0 169.0 118.0 196.0
215.0 452.0 227.0 481.0
253.0 551.0 269.0 579.0
246.0 320.0 253.0 343.0
208.0 242.0 213.0 265.0
260.0 140.0 262.0 164.0
192.0 404.0 202.0 429.0
192.0 266.0 197.0 291.0
119.0 519.0 131.0 549.0
191.0 404.0 202.0 431.0
174.0 249.0 180.0 272.0
235.0 449.0 248.0 473.0
246.0 319.0 253.0 343.0
112.0 169.0 118.0 196.0
208.0 241.0 213.0 265.0
256.0 550.0 270.0 578.0
77.0 103.0 82.0 133.0
280.0 317.0 288.0 338.0
179.0 369.0 189.0 397.0
303.0 286.0 307.0 307.0
280.0 316.0 288.0 338.0
92.0 146.0 97.0 174.0
257.0 176.0 259.0 197.0
454.0 216.0 457.0 236.0
302.0 287.0 307.0 307.0
245.0 320.0 253.0 343.0
302.0 286.0 307.0 307.0
304.0 289.0 309.0 308.0
158.0 469.0 170.0 497.0
433.0 201.0 437.0 221.0
208.0 240.0 213.0 265.0
454.0 215.0 457.0 235.0
208.0 243.0 214.0 268.0
191.0 403.0 202.0 429.0
259.0 140.0 262.0 164.0
322.0 318.0 328.0 337.0
165.0 300.0 173.0 324.0
77.0 101.0 82.0 132.0
118.0 518.0 131.0 549.0
260.0 139.0 262.0 164.0
236.0 449.0 248.0 473.0
155.0 356.0 165.0 383.0
454.0 214.0 457.0 235.0
112.0 168.0 118.0 196.0
155.0 355.0 165.0 383.0
247.0 320.0 253.0 343.0
304.0 287.0 310.0 307.0
155.0 357.0 165.0 383.0
78.0 101.0 82.0 133.0
209.0 243.0 213.0 265.0
77.0 102.0 82.0 133.0
111.0 168.0 118.0 196.0
111.0 169.0 118.0 196.0
321.0 317.0 328.0 337.0
113.0 168.0 118.0 196.0
179.0 370.0 189.0 397.0
215.0 453.0 227.0 481.0
364.0 56.0 362.0 81.0
164.0 173.0 170.0 202.0
149.0 486.0 163.0 513.0
155.0 358.0 164.0 383.0
208.0 244.0 214.0 268.0
363.0 53.0 362.0 81.0
149.0 484.0 163.0 513.0
209.0 241.0 213.0 265.0
165.0 299.0 173.0 324.0
244.0 319.0 253.0 343.0
209.0 242.0 213.0 265.0
156.0 357.0 165.0 383.0
304.0 288.0 308.0 309.0
207.0 240.0 213.0 265.0
305.0 288.0 309.0 308.0
455.0 215.0 458.0 235.0
359.0 336.0 367.0 358.0
362.0 56.0 362.0 81.0
301.0 287.0 307.0 307.0
190.0 265.0 197.0 291.0
358.0 335.0 366.0 358.0
303.0 289.0 307.0 307.0
264.0 230.0 269.0 251.0
326.0 138.0 326.0 155.0
209.0 244.0 214.0 268.0
156.0 358.0 165.0 383.0
252.0 552.0 269.0 579.0
191.0 402.0 202.0 429.0
150.0 486.0 163.0 514.0
91.0 145.0 97.0 174.0
164.0 172.0 170.0 201.0
207.0 239.0 213.0 265.0
259.0 139.0 261.0 163.0
363.0 56.0 362.0 81.0
302.0 288.0 307.0 307.0
150.0 484.0 163.0 513.0
149.0 485.0 163.0 513.0
135.0 464.0 147.0 492.0
321.0 319.0 328.0 337.0
301.0 288.0 307.0 307.0
231.0 182.0 235.0 206.0
362.0 53.0 362.0 81.0
339.0 306.0 347.0 329.0
338.0 307.0 347.0 329.0
179.0 371.0 189.0 397.0
322.0 319.0 328.0 337.0
321.0 320.0 329.0 340.0
339.0 307.0 347.0 329.0
433.0 202.0 437.0 221.0
327.0 138.0 327.0 155.0
258.0 177.0 259.0 197.0
339.0 308.0 347.0 329.0
192.0 406.0 203.0 432.0
402.0 85.0 402.0 108.0
155.0 218.0 160.0 245.0
245.0 319.0 253.0 343.0
361.0 55.0 361.0 80.0
111.0 170.0 118.0 197.0
322.0 320.0 329.0 340.0
252.0 551.0 269.0 579.0
196.0 334.0 206.0 357.0
130.0 262.0 138.0 287.0
257.0 177.0 259.0 197.0
321.0 318.0 328.0 337.0
340.0 307.0 347.0 329.0
302.0 289.0 307.0 307.0
378.0 323.0 386.0 345.0
379.0 325.0 386.0 345.0
320.0 319.0 328.0 337.0
362.0 55.0 361.0 80.0
165.0 173.0 170.0 202.0
192.0 405.0 203.0 432.0
363.0 54.0 362.0 81.0
258.0 178.0 259.0 197.0
165.0 172.0 170.0 201.0
364.0 54.0 362.0 81.0
166.0 173.0 170.0 202.0
150.0 487.0 163.0 514.0
362.0 54.0 362.0 81.0
251.0 237.0 256.0 258.0
164.0 171.0 170.0 201.0
374.0 321.0 382.0 341.0
150.0 485.0 163.0 514.0
364.0 55.0 362.0 81.0
164.0 299.0 173.0 324.0
379.0 324.0 386.0 345.0
150.0 488.0 163.0 514.0
165.0 171.0 170.0 201.0
264.0 232.0 269.0 251.0
166.0 172.0 170.0 201.0
361.0 54.0 361.0 80.0
379.0 323.0 386.0 345.0
363.0 55.0 362.0 81.0
251.0 236.0 256.0 258.0
165.0 298.0 173.0 324.0
166.0 300.0 173.0 324.0
131.0 262.0 138.0 287.0
147.0 330.0 156.0 356.0
154.0 218.0 160.0 245.0
257.0 178.0 259.0 197.0
166.0 171.0 170.0 201.0
327.0 139.0 326.0 155.0
326.0 139.0 326.0 155.0
338.0 306.0 347.0 329.0
338.0 305.0 347.0 329.0
166.0 299.0 173.0 324.0
130.0 263.0 138.0 287.0
339.0 305.0 347.0 329.0
326.0 140.0 326.0 155.0
147.0 329.0 156.0 356.0
251.0 231.0 256.0 257.0
253.0 482.0 269.0 516.0
142.0 292.0 150.0 316.0
294.0 271.0 299.0 287.0
328.0 139.0 326.0 155.0
192.0 468.0 203.0 492.0
146.0 328.0 156.0 356.0
164.0 298.0 173.0 324.0
131.0 187.0 136.0 210.0
131.0 263.0 138.0 287.0
166.0 298.0 173.0 324.0
294.0 270.0 299.0 287.0
251.0 230.0 256.0 257.0
328.0 140.0 326.0 155.0
147.0 328.0 156.0 356.0
327.0 140.0 326.0 155.0
146.0 330.0 156.0 356.0
165.0 170.0 170.0 201.0
131.0 264.0 139.0 292.0
109.0 271.0 114.0 289.0
253.0 481.0 269.0 516.0
146.0 329.0 156.0 356.0
252.0 482.0 269.0 516.0
131.0 188.0 136.0 210.0
109.0 272.0 114.0 289.0
192.0 469.0 203.0 492.0
221.0 316.0 232.0 342.0
118.0 200.0 126.0 232.0
193.0 468.0 203.0 492.0
460.0 12.0 455.0 32.0
252.0 481.0 269.0 516.0
117.0 199.0 126.0 232.0
132.0 188.0 136.0 210.0
118.0 199.0 126.0 232.0
221.0 315.0 232.0 342.0
193.0 469.0 203.0 492.0
194.0 469.0 203.0 492.0
3.0 638.0 15.0 637.0
215.0 564.0 229.0 592.0
3.0 637.0 15.0 637.0
171.0 458.0 185.0 490.0
220.0 316.0 232.0 342.0
153.0 227.0 161.0 245.0
251.0 481.0 269.0 516.0
147.0 170.0 153.0 208.0
117.0 198.0 126.0 232.0
252.0 480.0 269.0 516.0
148.0 169.0 153.0 208.0
236.0 504.0 241.0 529.0
220.0 315.0 232.0 342.0
193.0 470.0 203.0 492.0
171.0 457.0 185.0 490.0
152.0 227.0 161.0 245.0
153.0 228.0 161.0 245.0
147.0 169.0 153.0 208.0
166.0 316.0 173.0 325.0
175.0 467.0 185.0 491.0
194.0 470.0 203.0 492.0
167.0 316.0 173.0 325.0
167.0 315.0 173.0 325.0
166.0 317.0 173.0 325.0
148.0 168.0 153.0 208.0
168.0 315.0 173.0 325.0
426.0 42.0 424.0 63.0
189.0 568.0 206.0 601.0
214.0 600.0 231.0 633.0
190.0 569.0 206.0 601.0
211.0 446.0 227.0 481.0
90.0 268.0 103.0 312.0
147.0 168.0 153.0 208.0
426.0 41.0 424.0 63.0
168.0 316.0 173.0 325.0
146.0 168.0 153.0 208.0
264.0 126.0 262.0 164.0
264.0 124.0 262.0 164.0
167.0 317.0 173.0 325.0
168.0 317.0 173.0 325.0
260.0 330.0 273.0 345.0
264.0 125.0 262.0 164.0
260.0 331.0 272.0 346.0
147.0 167.0 153.0 208.0
426.0 40.0 424.0 63.0
189.0 569.0 204.0 602.0
427.0 41.0 424.0 63.0
179.0 357.0 188.0 390.0
189.0 570.0 204.0 602.0
180.0 356.0 188.0 390.0
265.0 125.0 262.0 164.0
164.0 194.0 168.0 232.0
148.0 167.0 153.0 208.0
190.0 570.0 204.0 602.0
91.0 268.0 103.0 312.0
191.0 570.0 206.0 601.0
427.0 40.0 424.0 63.0
259.0 330.0 272.0 346.0
215.0 600.0 231.0 633.0
211.0 445.0 227.0 481.0
188.0 569.0 204.0 602.0
90.0 267.0 103.0 312.0
137.0 241.0 134.0 269.0
214.0 599.0 231.0 633.0
146.0 167.0 153.0 208.0
188.0 568.0 204.0 602.0
279.0 1.0 278.0 15.0
188.0 570.0 204.0 602.0
279.0 2.0 278.0 15.0
278.0 2.0 278.0 15.0
91.0 267.0 103.0 312.0
90.0 266.0 103.0 312.0
180.0 355.0 188.0 390.0
215.0 599.0 231.0 633.0
270.0 541.0 269.0 517.0
179.0 356.0 188.0 390.0
214.0 598.0 231.0 633.0
137.0 242.0 134.0 269.0
187.0 569.0 204.0 602.0
179.0 355.0 188.0 390.0
139.0 240.0 134.0 269.0
138.0 241.0 134.0 269.0
127.0 230.0 134.0 269.0
274.0 594.0 291.0 623.0
196.0 588.0 204.0 602.0
138.0 242.0 134.0 269.0
100.0 157.0 97.0 175.0
102.0 156.0 97.0 175.0
101.0 156.0 97.0 175.0
101.0 157.0 97.0 175.0
275.0 594.0 291.0 622.0
196.0 587.0 204.0 602.0
