162.0 290.0 130.0 350.0
129.0 259.0 102.0 314.0
130.0 258.0 102.0 313.0
129.0 258.0 102.0 313.0
195.0 243.0 170.0 298.0
194.0 242.0 170.0 298.0
308.0 285.0 283.0 342.0
195.0 242.0 170.0 298.0
162.0 289.0 130.0 350.0
308.0 286.0 283.0 342.0
196.0 243.0 171.0 298.0
313.0 80.0 288.0 145.0
307.0 285.0 283.0 342.0
166.0 262.0 136.0 319.0
180.0 519.0 150.0 585.0
313.0 81.0 288.0 145.0
196.0 242.0 171.0 298.0
312.0 80.0 288.0 145.0
182.0 519.0 150.0 585.0
197.0 222.0 170.0 280.0
167.0 262.0 137.0 319.0
307.0 286.0 283.0 342.0
166.0 263.0 136.0 319.0
171.0 245.0 142.0 302.0
181.0 519.0 150.0 585.0
110.0 119.0 84.0 169.0
312.0 81.0 288.0 145.0
313.0 82.0 288.0 145.0
111.0 121.0 84.0 169.0
171.0 356.0 141.0 418.0
110.0 121.0 84.0 169.0
180.0 520.0 150.0 585.0
167.0 263.0 137.0 320.0
198.0 222.0 170.0 280.0
171.0 244.0 142.0 302.0
110.0 120.0 84.0 169.0
196.0 223.0 170.0 280.0
388.0 422.0 366.0 491.0
109.0 120.0 84.0 169.0
181.0 520.0 150.0 585.0
289.0 255.0 261.0 319.0
195.0 223.0 169.0 280.0
171.0 357.0 141.0 418.0
170.0 245.0 142.0 302.0
170.0 244.0 142.0 302.0
312.0 82.0 288.0 145.0
110.0 122.0 84.0 169.0
197.0 223.0 170.0 280.0
306.0 285.0 283.0 342.0
223.0 329.0 193.0 388.0
314.0 238.0 291.0 302.0
306.0 286.0 283.0 342.0
140.0 507.0 106.0 570.0
389.0 421.0 366.0 490.0
311.0 82.0 288.0 145.0
170.0 358.0 141.0 418.0
388.0 421.0 366.0 490.0
122.0 430.0 84.0 488.0
170.0 357.0 141.0 418.0
171.0 358.0 141.0 418.0
307.0 287.0 283.0 342.0
223.0 328.0 193.0 388.0
170.0 356.0 141.0 418.0
389.0 422.0 366.0 491.0
109.0 121.0 84.0 169.0
312.0 83.0 288.0 145.0
123.0 430.0 84.0 488.0
224.0 328.0 193.0 388.0
118.0 281.0 89.0 331.0
154.0 508.0 121.0 571.0
222.0 328.0 193.0 388.0
327.0 343.0 306.0 404.0
118.0 280.0 89.0 331.0
169.0 173.0 148.0 237.0
154.0 507.0 121.0 571.0
139.0 508.0 106.0 570.0
196.0 177.0 170.0 241.0
361.0 92.0 337.0 161.0
169.0 174.0 148.0 237.0
328.0 342.0 306.0 404.0
123.0 431.0 84.0 488.0
139.0 507.0 106.0 570.0
119.0 280.0 89.0 331.0
328.0 343.0 306.0 404.0
108.0 338.0 74.0 396.0
154.0 509.0 121.0 571.0
223.0 326.0 193.0 388.0
193.0 361.0 164.0 424.0
170.0 174.0 148.0 237.0
224.0 327.0 193.0 388.0
155.0 508.0 121.0 571.0
169.0 175.0 148.0 237.0
313.0 238.0 291.0 302.0
136.0 237.0 106.0 290.0
168.0 174.0 148.0 237.0
223.0 327.0 193.0 388.0
81.0 52.0 60.0 103.0
170.0 175.0 148.0 237.0
124.0 431.0 84.0 488.0
196.0 176.0 175.0 233.0
137.0 236.0 106.0 289.0
313.0 318.0 290.0 374.0
311.0 317.0 290.0 374.0
137.0 237.0 106.0 290.0
312.0 317.0 290.0 374.0
136.0 355.0 103.0 414.0
302.0 350.0 277.0 411.0
312.0 316.0 290.0 374.0
312.0 318.0 290.0 374.0
313.0 317.0 290.0 374.0
331.0 390.0 303.0 459.0
330.0 390.0 303.0 459.0
137.0 238.0 106.0 290.0
102.0 513.0 65.0 571.0
303.0 350.0 277.0 411.0
310.0 317.0 290.0 374.0
137.0 175.0 109.0 236.0
101.0 513.0 65.0 571.0
302.0 351.0 277.0 411.0
80.0 52.0 60.0 103.0
202.0 331.0 171.0 391.0
243.0 42.0 211.0 105.0
303.0 351.0 277.0 411.0
203.0 332.0 171.0 391.0
243.0 43.0 211.0 105.0
328.0 390.0 303.0 459.0
146.0 325.0 125.0 380.0
112.0 162.0 84.0 216.0
171.0 497.0 139.0 557.0
137.0 174.0 109.0 236.0
211.0 293.0 185.0 347.0
80.0 51.0 60.0 103.0
203.0 331.0 171.0 391.0
213.0 293.0 185.0 347.0
212.0 293.0 185.0 347.0
138.0 174.0 109.0 236.0
138.0 175.0 109.0 236.0
302.0 352.0 277.0 411.0
204.0 331.0 171.0 391.0
329.0 391.0 303.0 459.0
329.0 390.0 303.0 459.0
170.0 496.0 139.0 557.0
112.0 161.0 84.0 216.0
202.0 332.0 170.0 391.0
139.0 175.0 109.0 236.0
327.0 391.0 303.0 460.0
132.0 146.0 108.0 201.0
130.0 148.0 108.0 201.0
225.0 538.0 194.0 607.0
170.0 383.0 133.0 450.0
204.0 332.0 171.0 391.0
131.0 147.0 108.0 201.0
244.0 44.0 211.0 105.0
215.0 288.0 185.0 347.0
102.0 514.0 65.0 571.0
130.0 427.0 83.0 487.0
171.0 382.0 133.0 450.0
113.0 161.0 84.0 216.0
130.0 426.0 83.0 487.0
101.0 83.0 80.0 132.0
104.0 352.0 66.0 414.0
139.0 174.0 109.0 236.0
81.0 51.0 60.0 103.0
212.0 294.0 185.0 347.0
225.0 539.0 194.0 607.0
211.0 294.0 185.0 347.0
226.0 538.0 194.0 607.0
102.0 83.0 80.0 132.0
244.0 43.0 211.0 105.0
80.0 353.0 47.0 414.0
101.0 82.0 80.0 132.0
224.0 539.0 194.0 607.0
226.0 539.0 194.0 607.0
102.0 81.0 80.0 132.0
170.0 497.0 139.0 557.0
105.0 352.0 66.0 414.0
177.0 158.0 150.0 215.0
178.0 156.0 150.0 215.0
104.0 353.0 66.0 414.0
170.0 498.0 139.0 557.0
104.0 351.0 66.0 414.0
284.0 262.0 260.0 319.0
225.0 540.0 194.0 608.0
172.0 382.0 133.0 450.0
131.0 148.0 108.0 201.0
102.0 82.0 80.0 132.0
178.0 158.0 150.0 215.0
103.0 82.0 80.0 132.0
131.0 426.0 83.0 487.0
84.0 77.0 63.0 123.0
80.0 352.0 47.0 414.0
131.0 427.0 83.0 487.0
382.0 225.0 358.0 294.0
178.0 157.0 150.0 215.0
104.0 350.0 66.0 414.0
88.0 150.0 64.0 188.0
296.0 397.0 277.0 464.0
81.0 352.0 47.0 414.0
79.0 353.0 47.0 414.0
179.0 156.0 150.0 215.0
283.0 262.0 260.0 319.0
132.0 147.0 108.0 201.0
179.0 157.0 150.0 215.0
177.0 157.0 150.0 215.0
88.0 151.0 64.0 188.0
201.0 40.0 179.0 104.0
295.0 397.0 277.0 464.0
84.0 78.0 63.0 123.0
79.0 352.0 47.0 414.0
77.0 303.0 43.0 357.0
201.0 41.0 179.0 104.0
77.0 304.0 43.0 357.0
26.0 134.0 13.0 179.0
26.0 133.0 13.0 179.0
91.0 180.0 74.0 230.0
159.0 274.0 137.0 320.0
179.0 158.0 150.0 215.0
88.0 152.0 64.0 188.0
91.0 181.0 74.0 230.0
78.0 380.0 38.0 443.0
158.0 273.0 137.0 320.0
27.0 133.0 13.0 179.0
78.0 304.0 43.0 357.0
103.0 233.0 74.0 293.0
85.0 77.0 63.0 123.0
270.0 175.0 249.0 224.0
203.0 385.0 157.0 449.0
78.0 381.0 38.0 443.0
101.0 311.0 71.0 357.0
169.0 498.0 139.0 557.0
79.0 380.0 38.0 443.0
102.0 311.0 71.0 357.0
79.0 382.0 38.0 443.0
91.0 182.0 74.0 230.0
72.0 37.0 52.0 91.0
138.0 187.0 108.0 236.0
103.0 232.0 74.0 293.0
78.0 382.0 38.0 443.0
102.0 232.0 74.0 293.0
158.0 274.0 137.0 320.0
78.0 303.0 43.0 357.0
77.0 381.0 38.0 443.0
77.0 382.0 38.0 443.0
100.0 311.0 71.0 357.0
79.0 381.0 38.0 443.0
218.0 309.0 180.0 367.0
90.0 181.0 74.0 230.0
229.0 216.0 186.0 281.0
348.0 401.0 305.0 461.0
