404.0 299.0 400.0 283.0
306.0 331.0 300.0 308.0
305.0 331.0 300.0 308.0
404.0 298.0 400.0 283.0
305.0 330.0 300.0 308.0
306.0 330.0 300.0 308.0
405.0 299.0 400.0 281.0
404.0 297.0 400.0 281.0
415.0 175.0 414.0 157.0
305.0 329.0 299.0 307.0
307.0 330.0 300.0 308.0
414.0 175.0 414.0 157.0
138.0 233.0 134.0 207.0
405.0 298.0 400.0 281.0
414.0 174.0 414.0 157.0
306.0 328.0 300.0 308.0
415.0 172.0 414.0 154.0
306.0 329.0 300.0 308.0
294.0 160.0 294.0 140.0
415.0 173.0 414.0 154.0
414.0 172.0 414.0 154.0
198.0 365.0 192.0 340.0
90.0 582.0 81.0 553.0
324.0 326.0 318.0 306.0
26.0 236.0 25.0 208.0
148.0 368.0 143.0 342.0
415.0 174.0 414.0 157.0
120.0 331.0 114.0 303.0
138.0 234.0 134.0 207.0
323.0 328.0 318.0 306.0
119.0 332.0 114.0 303.0
199.0 365.0 193.0 341.0
293.0 158.0 292.0 133.0
293.0 159.0 292.0 133.0
409.0 158.0 409.0 141.0
413.0 174.0 414.0 157.0
90.0 583.0 81.0 553.0
409.0 157.0 409.0 141.0
118.0 331.0 114.0 303.0
175.0 114.0 175.0 90.0
324.0 328.0 318.0 306.0
324.0 329.0 318.0 307.0
405.0 297.0 400.0 281.0
198.0 364.0 192.0 340.0
294.0 159.0 292.0 133.0
198.0 366.0 192.0 340.0
267.0 95.0 268.0 69.0
138.0 232.0 134.0 207.0
178.0 209.0 175.0 185.0
413.0 173.0 414.0 154.0
91.0 581.0 81.0 552.0
119.0 331.0 114.0 303.0
91.0 582.0 81.0 552.0
200.0 364.0 193.0 341.0
324.0 327.0 318.0 306.0
293.0 530.0 280.0 504.0
15.0 308.0 13.0 281.0
200.0 365.0 193.0 341.0
37.0 536.0 31.0 503.0
410.0 157.0 409.0 141.0
307.0 329.0 300.0 308.0
91.0 583.0 81.0 553.0
196.0 224.0 195.0 201.0
37.0 535.0 31.0 503.0
148.0 367.0 143.0 342.0
292.0 158.0 292.0 133.0
149.0 368.0 143.0 342.0
325.0 329.0 318.0 307.0
142.0 579.0 131.0 549.0
199.0 364.0 192.0 340.0
178.0 208.0 175.0 186.0
120.0 332.0 114.0 303.0
14.0 245.0 11.0 219.0
140.0 233.0 134.0 207.0
199.0 366.0 193.0 341.0
323.0 327.0 318.0 306.0
147.0 369.0 142.0 343.0
98.0 202.0 95.0 175.0
149.0 369.0 143.0 343.0
27.0 235.0 25.0 208.0
270.0 205.0 268.0 178.0
307.0 328.0 300.0 308.0
307.0 309.0 302.0 287.0
96.0 202.0 95.0 175.0
325.0 327.0 318.0 306.0
292.0 529.0 280.0 504.0
139.0 234.0 134.0 207.0
414.0 173.0 414.0 154.0
121.0 292.0 115.0 265.0
26.0 235.0 25.0 208.0
409.0 156.0 409.0 141.0
97.0 202.0 95.0 175.0
139.0 233.0 134.0 207.0
307.0 310.0 302.0 287.0
121.0 291.0 115.0 265.0
148.0 369.0 143.0 343.0
38.0 535.0 31.0 503.0
90.0 581.0 81.0 553.0
292.0 530.0 280.0 504.0
122.0 291.0 115.0 265.0
147.0 367.0 143.0 342.0
175.0 113.0 175.0 90.0
270.0 206.0 268.0 178.0
142.0 580.0 131.0 549.0
14.0 246.0 11.0 219.0
122.0 290.0 116.0 265.0
294.0 158.0 292.0 133.0
38.0 536.0 31.0 503.0
271.0 205.0 268.0 178.0
291.0 529.0 280.0 504.0
175.0 112.0 176.0 85.0
121.0 290.0 115.0 265.0
325.0 328.0 318.0 306.0
200.0 366.0 193.0 341.0
139.0 232.0 134.0 207.0
96.0 201.0 95.0 175.0
308.0 309.0 302.0 287.0
97.0 201.0 95.0 175.0
308.0 308.0 302.0 287.0
267.0 94.0 268.0 69.0
26.0 234.0 25.0 208.0
266.0 94.0 267.0 70.0
197.0 224.0 195.0 201.0
127.0 134.0 125.0 107.0
408.0 157.0 408.0 140.0
197.0 223.0 195.0 201.0
266.0 95.0 267.0 70.0
147.0 368.0 143.0 342.0
306.0 309.0 301.0 287.0
306.0 308.0 301.0 287.0
134.0 152.0 133.0 126.0
176.0 111.0 176.0 85.0
408.0 158.0 408.0 141.0
98.0 201.0 95.0 175.0
176.0 188.0 175.0 163.0
295.0 159.0 292.0 133.0
176.0 110.0 176.0 85.0
27.0 234.0 25.0 208.0
179.0 277.0 174.0 254.0
176.0 112.0 176.0 85.0
40.0 580.0 33.0 550.0
186.0 235.0 182.0 209.0
14.0 247.0 11.0 219.0
40.0 581.0 33.0 550.0
122.0 289.0 116.0 265.0
217.0 302.0 211.0 278.0
186.0 234.0 182.0 209.0
185.0 235.0 182.0 209.0
15.0 309.0 13.0 281.0
307.0 308.0 302.0 287.0
218.0 303.0 211.0 278.0
308.0 310.0 302.0 288.0
14.0 310.0 13.0 281.0
97.0 200.0 95.0 175.0
15.0 310.0 13.0 281.0
118.0 330.0 114.0 303.0
408.0 156.0 408.0 140.0
141.0 579.0 131.0 549.0
234.0 235.0 231.0 211.0
121.0 289.0 115.0 265.0
157.0 233.0 153.0 207.0
290.0 530.0 278.0 504.0
139.0 231.0 134.0 207.0
40.0 579.0 33.0 550.0
179.0 278.0 174.0 254.0
195.0 224.0 195.0 201.0
140.0 232.0 134.0 207.0
216.0 302.0 211.0 278.0
230.0 341.0 224.0 318.0
109.0 588.0 100.0 555.0
73.0 237.0 70.0 209.0
177.0 364.0 172.0 338.0
110.0 588.0 100.0 555.0
267.0 93.0 268.0 69.0
217.0 303.0 211.0 278.0
230.0 342.0 224.0 318.0
178.0 277.0 174.0 254.0
39.0 579.0 33.0 550.0
120.0 330.0 114.0 303.0
15.0 246.0 11.0 219.0
199.0 295.0 196.0 272.0
177.0 111.0 176.0 85.0
119.0 330.0 114.0 303.0
39.0 580.0 33.0 550.0
14.0 248.0 11.0 219.0
185.0 234.0 182.0 209.0
270.0 502.0 257.0 475.0
38.0 534.0 31.0 503.0
200.0 296.0 196.0 272.0
291.0 530.0 278.0 504.0
235.0 235.0 231.0 211.0
127.0 135.0 126.0 107.0
301.0 206.0 300.0 184.0
217.0 356.0 210.0 333.0
178.0 279.0 174.0 254.0
301.0 208.0 300.0 184.0
200.0 294.0 195.0 271.0
268.0 501.0 257.0 475.0
133.0 152.0 133.0 126.0
92.0 237.0 90.0 210.0
178.0 278.0 174.0 254.0
270.0 207.0 268.0 178.0
176.0 364.0 171.0 338.0
301.0 207.0 300.0 184.0
271.0 206.0 268.0 178.0
177.0 110.0 176.0 85.0
292.0 531.0 280.0 504.0
73.0 236.0 70.0 209.0
269.0 501.0 257.0 475.0
39.0 535.0 31.0 503.0
287.0 250.0 282.0 227.0
14.0 309.0 12.0 282.0
231.0 340.0 225.0 318.0
300.0 208.0 299.0 184.0
157.0 232.0 153.0 207.0
217.0 301.0 211.0 278.0
199.0 294.0 195.0 271.0
14.0 308.0 12.0 282.0
241.0 272.0 236.0 251.0
96.0 200.0 95.0 175.0
175.0 364.0 172.0 338.0
15.0 247.0 11.0 219.0
295.0 158.0 292.0 133.0
251.0 72.0 253.0 45.0
39.0 536.0 31.0 503.0
230.0 340.0 224.0 319.0
232.0 341.0 225.0 318.0
217.0 300.0 211.0 278.0
268.0 502.0 257.0 475.0
110.0 589.0 100.0 556.0
38.0 579.0 32.0 550.0
177.0 363.0 171.0 337.0
200.0 295.0 196.0 272.0
266.0 93.0 267.0 70.0
15.0 311.0 13.0 281.0
132.0 152.0 132.0 125.0
217.0 355.0 210.0 333.0
176.0 365.0 172.0 338.0
218.0 301.0 211.0 278.0
231.0 341.0 224.0 319.0
134.0 151.0 133.0 126.0
234.0 549.0 224.0 524.0
218.0 302.0 211.0 278.0
269.0 502.0 257.0 475.0
286.0 251.0 282.0 227.0
158.0 233.0 154.0 208.0
267.0 92.0 267.0 70.0
91.0 236.0 90.0 211.0
119.0 108.0 119.0 78.0
391.0 207.0 388.0 189.0
68.0 535.0 58.0 503.0
216.0 301.0 211.0 278.0
269.0 503.0 257.0 475.0
291.0 531.0 278.0 504.0
286.0 252.0 282.0 227.0
232.0 342.0 224.0 319.0
252.0 72.0 253.0 45.0
92.0 236.0 90.0 211.0
275.0 478.0 264.0 451.0
218.0 300.0 212.0 277.0
133.0 151.0 133.0 126.0
132.0 151.0 132.0 125.0
119.0 109.0 118.0 79.0
231.0 342.0 224.0 318.0
276.0 478.0 264.0 451.0
390.0 207.0 388.0 189.0
252.0 71.0 253.0 45.0
287.0 251.0 282.0 227.0
218.0 484.0 208.0 460.0
287.0 253.0 282.0 227.0
231.0 343.0 224.0 319.0
92.0 235.0 90.0 211.0
287.0 252.0 282.0 227.0
290.0 531.0 278.0 504.0
251.0 71.0 253.0 45.0
232.0 254.0 229.0 227.0
175.0 363.0 172.0 338.0
266.0 92.0 267.0 70.0
216.0 357.0 210.0 333.0
109.0 589.0 100.0 555.0
301.0 209.0 299.0 183.0
120.0 109.0 118.0 79.0
176.0 363.0 171.0 337.0
176.0 362.0 171.0 337.0
233.0 549.0 224.0 524.0
250.0 71.0 252.0 45.0
391.0 208.0 388.0 189.0
91.0 235.0 90.0 211.0
233.0 550.0 224.0 524.0
390.0 208.0 388.0 189.0
204.0 508.0 196.0 481.0
216.0 355.0 210.0 333.0
252.0 70.0 253.0 45.0
175.0 362.0 170.0 337.0
244.0 492.0 236.0 474.0
245.0 492.0 236.0 474.0
232.0 255.0 229.0 227.0
247.0 503.0 237.0 476.0
247.0 502.0 237.0 476.0
250.0 70.0 252.0 45.0
221.0 476.0 208.0 460.0
391.0 209.0 388.0 189.0
244.0 491.0 236.0 474.0
251.0 70.0 253.0 45.0
95.0 305.0 97.0 282.0
94.0 306.0 97.0 282.0
251.0 69.0 253.0 45.0
221.0 475.0 208.0 460.0
390.0 209.0 388.0 189.0
247.0 504.0 237.0 476.0
250.0 69.0 252.0 45.0
245.0 491.0 236.0 474.0
244.0 490.0 236.0 474.0
201.0 550.0 197.0 523.0
201.0 551.0 197.0 523.0
94.0 305.0 97.0 282.0
95.0 304.0 97.0 282.0
315.0 147.0 315.0 122.0
390.0 210.0 388.0 189.0
164.0 438.0 164.0 432.0
182.0 595.0 171.0 565.0
200.0 551.0 197.0 523.0
200.0 550.0 197.0 523.0
164.0 439.0 164.0 432.0
181.0 595.0 171.0 565.0
315.0 148.0 315.0 122.0
93.0 305.0 97.0 282.0
314.0 148.0 315.0 122.0
94.0 304.0 97.0 282.0
249.0 43.0 250.0 17.0
95.0 303.0 97.0 282.0
27.0 256.0 25.0 208.0
248.0 43.0 250.0 17.0
249.0 44.0 250.0 17.0
314.0 149.0 315.0 122.0
247.0 44.0 250.0 17.0
94.0 303.0 97.0 282.0
27.0 257.0 25.0 208.0
182.0 91.0 189.0 71.0
171.0 221.0 174.0 187.0
248.0 45.0 250.0 17.0
248.0 44.0 250.0 17.0
171.0 222.0 174.0 187.0
232.0 536.0 219.0 503.0
422.0 158.0 409.0 140.0
183.0 90.0 189.0 71.0
422.0 159.0 409.0 140.0
232.0 537.0 278.0 504.0
94.0 302.0 97.0 282.0
182.0 90.0 189.0 71.0
117.0 129.0 125.0 106.0
426.0 266.0 420.0 263.0
93.0 304.0 97.0 282.0
66.0 319.0 57.0 285.0
423.0 158.0 409.0 140.0
423.0 159.0 409.0 140.0
132.0 610.0 119.0 576.0
132.0 611.0 119.0 576.0
424.0 159.0 409.0 140.0
102.0 329.0 114.0 306.0
424.0 158.0 409.0 140.0
67.0 319.0 80.0 288.0
67.0 320.0 80.0 288.0
38.0 557.0 30.0 505.0
133.0 611.0 119.0 576.0
299.0 194.0 300.0 182.0
190.0 519.0 196.0 481.0
