187.0 627.0 187.0 627.0
55.0 169.0 67.0 160.0
178.0 162.0 192.0 158.0
313.0 274.0 324.0 275.0
178.0 163.0 192.0 158.0
98.0 624.0 98.0 622.0
98.0 625.0 98.0 622.0
312.0 275.0 324.0 276.0
179.0 163.0 193.0 158.0
179.0 162.0 194.0 158.0
311.0 274.0 324.0 276.0
56.0 170.0 67.0 160.0
314.0 275.0 324.0 276.0
55.0 170.0 67.0 160.0
186.0 627.0 187.0 627.0
313.0 275.0 324.0 276.0
180.0 162.0 194.0 158.0
180.0 164.0 194.0 158.0
218.0 520.0 221.0 521.0
122.0 569.0 124.0 566.0
179.0 164.0 193.0 158.0
312.0 274.0 324.0 276.0
314.0 276.0 324.0 276.0
73.0 186.0 86.0 178.0
218.0 521.0 221.0 522.0
54.0 169.0 67.0 160.0
122.0 568.0 124.0 566.0
210.0 609.0 211.0 609.0
122.0 567.0 124.0 563.0
54.0 170.0 67.0 160.0
322.0 218.0 335.0 217.0
135.0 550.0 138.0 548.0
323.0 218.0 336.0 217.0
380.0 227.0 392.0 227.0
355.0 125.0 371.0 124.0
329.0 216.0 343.0 217.0
311.0 275.0 322.0 276.0
97.0 625.0 98.0 622.0
211.0 609.0 211.0 609.0
180.0 163.0 193.0 158.0
237.0 511.0 240.0 512.0
72.0 187.0 86.0 178.0
236.0 511.0 240.0 512.0
310.0 275.0 322.0 276.0
178.0 164.0 192.0 158.0
328.0 217.0 343.0 217.0
313.0 276.0 324.0 276.0
55.0 171.0 67.0 161.0
329.0 218.0 343.0 217.0
379.0 227.0 392.0 227.0
99.0 625.0 98.0 622.0
217.0 520.0 221.0 522.0
312.0 276.0 322.0 276.0
159.0 145.0 172.0 139.0
123.0 569.0 125.0 565.0
163.0 635.0 162.0 634.0
311.0 276.0 322.0 276.0
134.0 552.0 136.0 549.0
134.0 550.0 136.0 549.0
354.0 126.0 371.0 124.0
329.0 217.0 343.0 217.0
53.0 170.0 67.0 160.0
189.0 508.0 192.0 508.0
135.0 552.0 138.0 548.0
381.0 226.0 394.0 226.0
54.0 171.0 67.0 160.0
135.0 551.0 138.0 548.0
72.0 186.0 86.0 178.0
205.0 516.0 208.0 516.0
349.0 241.0 363.0 241.0
154.0 599.0 156.0 598.0
98.0 626.0 98.0 622.0
158.0 145.0 172.0 139.0
217.0 521.0 221.0 522.0
123.0 568.0 124.0 566.0
322.0 217.0 335.0 217.0
128.0 536.0 131.0 533.0
134.0 551.0 136.0 549.0
379.0 226.0 392.0 227.0
182.0 73.0 199.0 65.0
155.0 599.0 156.0 598.0
214.0 571.0 217.0 572.0
378.0 227.0 392.0 227.0
71.0 380.0 78.0 373.0
378.0 226.0 392.0 227.0
129.0 535.0 131.0 533.0
213.0 571.0 217.0 572.0
71.0 186.0 84.0 178.0
154.0 598.0 156.0 598.0
182.0 74.0 199.0 65.0
124.0 567.0 125.0 565.0
352.0 294.0 363.0 295.0
381.0 227.0 392.0 227.0
153.0 599.0 156.0 598.0
136.0 551.0 138.0 548.0
172.0 539.0 174.0 538.0
211.0 608.0 212.0 608.0
206.0 516.0 208.0 516.0
350.0 240.0 365.0 241.0
128.0 534.0 130.0 531.0
159.0 146.0 172.0 139.0
73.0 185.0 84.0 177.0
160.0 146.0 172.0 139.0
185.0 605.0 186.0 604.0
128.0 535.0 131.0 533.0
129.0 618.0 129.0 616.0
88.0 501.0 91.0 497.0
129.0 536.0 131.0 533.0
128.0 618.0 127.0 614.0
380.0 226.0 392.0 227.0
194.0 593.0 195.0 593.0
72.0 185.0 84.0 177.0
330.0 217.0 344.0 217.0
160.0 145.0 172.0 139.0
72.0 184.0 84.0 177.0
210.0 608.0 212.0 608.0
352.0 293.0 363.0 295.0
136.0 550.0 138.0 548.0
128.0 617.0 127.0 614.0
123.0 567.0 125.0 563.0
188.0 507.0 192.0 508.0
128.0 619.0 127.0 614.0
129.0 534.0 130.0 531.0
351.0 293.0 363.0 295.0
89.0 501.0 91.0 497.0
212.0 608.0 212.0 608.0
349.0 240.0 363.0 241.0
252.0 515.0 256.0 518.0
71.0 185.0 84.0 177.0
338.0 108.0 356.0 105.0
181.0 74.0 199.0 65.0
90.0 502.0 92.0 497.0
127.0 617.0 127.0 614.0
158.0 146.0 172.0 139.0
171.0 503.0 174.0 501.0
160.0 147.0 172.0 139.0
72.0 379.0 78.0 373.0
253.0 516.0 256.0 518.0
89.0 502.0 91.0 497.0
184.0 604.0 186.0 604.0
237.0 510.0 240.0 512.0
379.0 225.0 392.0 227.0
70.0 379.0 78.0 373.0
214.0 572.0 217.0 572.0
380.0 225.0 394.0 226.0
351.0 294.0 363.0 295.0
27.0 589.0 28.0 580.0
153.0 600.0 156.0 598.0
171.0 501.0 174.0 501.0
70.0 380.0 78.0 373.0
71.0 184.0 84.0 177.0
330.0 218.0 343.0 217.0
236.0 510.0 240.0 512.0
384.0 265.0 399.0 266.0
90.0 501.0 92.0 497.0
188.0 508.0 192.0 508.0
172.0 538.0 174.0 537.0
194.0 592.0 195.0 592.0
47.0 185.0 58.0 177.0
252.0 514.0 256.0 517.0
127.0 618.0 127.0 614.0
150.0 499.0 155.0 497.0
171.0 538.0 174.0 537.0
150.0 498.0 155.0 497.0
205.0 515.0 207.0 515.0
157.0 145.0 172.0 139.0
211.0 607.0 212.0 608.0
126.0 617.0 127.0 614.0
124.0 568.0 125.0 565.0
186.0 604.0 186.0 604.0
127.0 619.0 127.0 615.0
151.0 499.0 155.0 497.0
350.0 241.0 363.0 241.0
185.0 604.0 186.0 604.0
46.0 187.0 58.0 177.0
46.0 184.0 58.0 177.0
384.0 264.0 399.0 266.0
171.0 502.0 174.0 501.0
351.0 240.0 365.0 241.0
339.0 108.0 356.0 105.0
251.0 515.0 256.0 518.0
26.0 590.0 26.0 581.0
46.0 185.0 58.0 177.0
47.0 186.0 58.0 177.0
88.0 503.0 91.0 497.0
89.0 503.0 91.0 497.0
171.0 613.0 172.0 612.0
188.0 509.0 192.0 508.0
71.0 379.0 78.0 373.0
253.0 515.0 256.0 518.0
171.0 539.0 174.0 538.0
90.0 503.0 92.0 497.0
350.0 294.0 362.0 294.0
127.0 535.0 131.0 533.0
385.0 265.0 399.0 266.0
210.0 607.0 212.0 608.0
384.0 266.0 399.0 266.0
376.0 85.0 394.0 83.0
376.0 84.0 394.0 82.0
131.0 477.0 134.0 474.0
172.0 613.0 172.0 612.0
186.0 605.0 186.0 604.0
350.0 293.0 362.0 294.0
33.0 544.0 35.0 537.0
351.0 241.0 365.0 241.0
374.0 84.0 393.0 82.0
152.0 599.0 153.0 598.0
252.0 517.0 256.0 518.0
213.0 572.0 217.0 572.0
149.0 545.0 153.0 545.0
45.0 185.0 58.0 177.0
88.0 502.0 91.0 497.0
149.0 546.0 153.0 545.0
26.0 589.0 26.0 580.0
252.0 516.0 256.0 518.0
200.0 577.0 202.0 578.0
383.0 265.0 399.0 266.0
170.0 503.0 174.0 501.0
159.0 147.0 172.0 139.0
46.0 186.0 58.0 177.0
170.0 501.0 174.0 501.0
151.0 547.0 153.0 545.0
375.0 83.0 394.0 82.0
235.0 511.0 239.0 512.0
45.0 184.0 58.0 177.0
27.0 590.0 27.0 581.0
151.0 498.0 155.0 497.0
339.0 109.0 356.0 105.0
169.0 501.0 174.0 502.0
25.0 589.0 26.0 580.0
170.0 502.0 174.0 501.0
376.0 83.0 394.0 82.0
171.0 612.0 172.0 612.0
350.0 295.0 362.0 294.0
150.0 545.0 153.0 545.0
150.0 546.0 153.0 545.0
126.0 618.0 127.0 614.0
350.0 242.0 363.0 241.0
150.0 547.0 153.0 545.0
171.0 540.0 174.0 538.0
34.0 544.0 35.0 537.0
157.0 146.0 172.0 139.0
25.0 590.0 26.0 581.0
151.0 546.0 153.0 545.0
385.0 266.0 398.0 267.0
375.0 84.0 394.0 83.0
148.0 474.0 152.0 473.0
383.0 266.0 399.0 267.0
45.0 186.0 58.0 177.0
169.0 502.0 174.0 502.0
352.0 240.0 365.0 241.0
195.0 593.0 195.0 592.0
147.0 474.0 152.0 473.0
375.0 85.0 394.0 83.0
158.0 147.0 172.0 139.0
159.0 148.0 172.0 139.0
24.0 590.0 26.0 581.0
235.0 510.0 239.0 512.0
436.0 361.0 443.0 363.0
151.0 545.0 153.0 545.0
34.0 543.0 35.0 536.0
187.0 508.0 192.0 508.0
195.0 592.0 195.0 592.0
17.0 448.0 21.0 438.0
26.0 591.0 26.0 581.0
147.0 475.0 152.0 473.0
30.0 437.0 34.0 429.0
24.0 589.0 25.0 581.0
157.0 147.0 171.0 139.0
187.0 509.0 192.0 508.0
21.0 549.0 23.0 542.0
435.0 360.0 443.0 363.0
13.0 363.0 19.0 353.0
436.0 362.0 443.0 363.0
29.0 436.0 34.0 429.0
34.0 517.0 36.0 508.0
21.0 550.0 23.0 542.0
435.0 361.0 443.0 363.0
164.0 79.0 186.0 75.0
29.0 437.0 34.0 429.0
165.0 78.0 186.0 74.0
158.0 148.0 172.0 139.0
437.0 362.0 443.0 363.0
365.0 113.0 378.0 110.0
20.0 550.0 23.0 542.0
164.0 78.0 186.0 74.0
25.0 591.0 26.0 581.0
34.0 542.0 35.0 536.0
20.0 549.0 23.0 542.0
17.0 449.0 21.0 438.0
436.0 360.0 443.0 363.0
382.0 265.0 398.0 267.0
27.0 326.0 36.0 317.0
30.0 436.0 34.0 429.0
33.0 517.0 36.0 508.0
437.0 361.0 443.0 363.0
36.0 423.0 42.0 416.0
27.0 327.0 36.0 317.0
436.0 359.0 443.0 363.0
437.0 360.0 443.0 363.0
4.0 262.0 16.0 253.0
37.0 424.0 42.0 416.0
5.0 262.0 16.0 253.0
29.0 435.0 34.0 428.0
36.0 424.0 42.0 416.0
35.0 542.0 35.0 536.0
163.0 78.0 186.0 75.0
5.0 264.0 16.0 253.0
366.0 113.0 378.0 110.0
4.0 264.0 16.0 253.0
5.0 263.0 16.0 253.0
434.0 112.0 448.0 113.0
16.0 448.0 21.0 438.0
4.0 263.0 16.0 253.0
164.0 77.0 186.0 74.0
434.0 111.0 448.0 113.0
433.0 112.0 448.0 113.0
433.0 111.0 448.0 113.0
188.0 553.0 195.0 547.0
188.0 554.0 195.0 547.0
435.0 111.0 448.0 113.0
16.0 449.0 21.0 438.0
366.0 112.0 378.0 110.0
32.0 490.0 34.0 487.0
163.0 77.0 186.0 74.0
187.0 553.0 195.0 547.0
43.0 457.0 47.0 449.0
42.0 390.0 47.0 383.0
43.0 458.0 47.0 449.0
41.0 390.0 46.0 384.0
432.0 111.0 448.0 113.0
41.0 391.0 47.0 383.0
31.0 46.0 47.0 33.0
432.0 112.0 448.0 113.0
40.0 391.0 46.0 384.0
32.0 489.0 34.0 487.0
39.0 391.0 46.0 384.0
9.0 416.0 13.0 407.0
31.0 45.0 47.0 33.0
43.0 456.0 47.0 449.0
38.0 392.0 46.0 384.0
9.0 417.0 13.0 407.0
7.0 416.0 13.0 407.0
8.0 416.0 13.0 407.0
39.0 392.0 46.0 384.0
462.0 294.0 473.0 298.0
8.0 417.0 13.0 407.0
42.0 457.0 47.0 449.0
42.0 458.0 47.0 449.0
431.0 112.0 448.0 113.0
33.0 488.0 34.0 487.0
30.0 44.0 47.0 33.0
8.0 418.0 13.0 407.0
30.0 45.0 47.0 33.0
30.0 46.0 47.0 33.0
461.0 294.0 473.0 298.0
7.0 417.0 13.0 407.0
31.0 44.0 47.0 33.0
462.0 296.0 473.0 298.0
32.0 488.0 34.0 487.0
462.0 295.0 473.0 298.0
29.0 45.0 47.0 33.0
29.0 46.0 47.0 33.0
448.0 205.0 462.0 208.0
461.0 295.0 473.0 298.0
448.0 206.0 462.0 208.0
460.0 295.0 473.0 298.0
460.0 294.0 473.0 298.0
42.0 456.0 47.0 449.0
30.0 61.0 47.0 49.0
461.0 296.0 473.0 298.0
2.0 75.0 3.0 78.0
1.0 75.0 3.0 78.0
30.0 62.0 47.0 49.0
18.0 428.0 34.0 429.0
29.0 62.0 47.0 49.0
135.0 491.0 135.0 476.0
24.0 343.0 35.0 318.0
469.0 389.0 443.0 363.0
24.0 342.0 35.0 318.0
17.0 428.0 34.0 429.0
135.0 492.0 135.0 476.0
470.0 389.0 443.0 363.0
469.0 388.0 443.0 363.0
470.0 388.0 443.0 363.0
134.0 492.0 135.0 476.0
36.0 14.0 30.0 14.0
470.0 390.0 443.0 363.0
469.0 390.0 443.0 363.0
25.0 197.0 35.0 172.0
204.0 560.0 195.0 547.0
471.0 388.0 443.0 363.0
471.0 389.0 443.0 363.0
191.0 150.0 194.0 156.0
23.0 360.0 20.0 353.0
