90.0 131.0 73.0 126.0
91.0 131.0 73.0 126.0
237.0 46.0 222.0 43.0
90.0 132.0 73.0 126.0
91.0 132.0 73.0 126.0
209.0 172.0 192.0 166.0
208.0 172.0 192.0 165.0
89.0 131.0 72.0 127.0
156.0 227.0 140.0 221.0
189.0 235.0 173.0 228.0
190.0 234.0 174.0 227.0
210.0 172.0 193.0 165.0
189.0 234.0 173.0 227.0
236.0 46.0 222.0 44.0
138.0 243.0 122.0 238.0
396.0 468.0 374.0 452.0
99.0 209.0 81.0 204.0
332.0 192.0 315.0 182.0
209.0 173.0 193.0 165.0
237.0 45.0 222.0 43.0
209.0 171.0 192.0 165.0
115.0 107.0 98.0 102.0
236.0 45.0 222.0 43.0
207.0 173.0 192.0 166.0
208.0 171.0 192.0 165.0
144.0 122.0 128.0 116.0
208.0 173.0 192.0 166.0
99.0 210.0 82.0 204.0
210.0 363.0 193.0 354.0
332.0 193.0 315.0 182.0
155.0 227.0 140.0 221.0
209.0 363.0 193.0 354.0
98.0 210.0 81.0 205.0
188.0 234.0 173.0 227.0
133.0 47.0 118.0 42.0
143.0 122.0 128.0 116.0
155.0 228.0 140.0 221.0
98.0 106.0 81.0 101.0
331.0 192.0 315.0 182.0
236.0 47.0 222.0 44.0
116.0 107.0 100.0 102.0
165.0 304.0 149.0 299.0
154.0 227.0 139.0 221.0
207.0 172.0 191.0 166.0
100.0 210.0 82.0 204.0
333.0 192.0 315.0 182.0
367.0 275.0 349.0 264.0
97.0 209.0 81.0 205.0
235.0 45.0 221.0 43.0
74.0 191.0 54.0 189.0
73.0 192.0 54.0 189.0
237.0 47.0 222.0 43.0
242.0 564.0 224.0 553.0
264.0 444.0 247.0 432.0
235.0 46.0 222.0 44.0
429.0 419.0 410.0 403.0
410.0 577.0 389.0 559.0
101.0 210.0 83.0 205.0
73.0 191.0 54.0 189.0
411.0 576.0 389.0 559.0
144.0 121.0 128.0 116.0
265.0 443.0 247.0 432.0
265.0 444.0 247.0 432.0
241.0 564.0 224.0 553.0
140.0 28.0 125.0 25.0
411.0 577.0 389.0 560.0
189.0 233.0 173.0 227.0
346.0 201.0 330.0 191.0
97.0 106.0 81.0 101.0
117.0 107.0 100.0 102.0
115.0 106.0 98.0 102.0
347.0 201.0 330.0 191.0
266.0 444.0 247.0 432.0
332.0 48.0 313.0 45.0
396.0 469.0 374.0 452.0
154.0 228.0 140.0 221.0
166.0 305.0 149.0 299.0
394.0 469.0 374.0 452.0
206.0 512.0 188.0 503.0
143.0 121.0 128.0 116.0
202.0 561.0 184.0 550.0
202.0 560.0 184.0 550.0
142.0 121.0 128.0 116.0
188.0 233.0 173.0 227.0
138.0 371.0 122.0 361.0
428.0 390.0 409.0 375.0
132.0 432.0 113.0 425.0
96.0 106.0 81.0 101.0
339.0 586.0 320.0 570.0
139.0 28.0 125.0 25.0
142.0 120.0 128.0 116.0
411.0 578.0 389.0 560.0
80.0 547.0 61.0 541.0
139.0 27.0 125.0 25.0
264.0 443.0 247.0 432.0
242.0 565.0 224.0 553.0
97.0 105.0 81.0 101.0
165.0 305.0 149.0 299.0
340.0 586.0 321.0 571.0
428.0 419.0 410.0 403.0
137.0 370.0 121.0 362.0
206.0 511.0 188.0 503.0
167.0 305.0 150.0 299.0
116.0 106.0 99.0 102.0
202.0 562.0 185.0 552.0
395.0 468.0 374.0 452.0
266.0 443.0 247.0 432.0
172.0 460.0 154.0 452.0
346.0 200.0 330.0 191.0
81.0 547.0 61.0 541.0
412.0 577.0 390.0 559.0
203.0 561.0 185.0 551.0
117.0 106.0 100.0 102.0
166.0 304.0 149.0 299.0
203.0 562.0 185.0 552.0
333.0 47.0 313.0 45.0
143.0 120.0 128.0 116.0
172.0 461.0 154.0 452.0
144.0 120.0 128.0 116.0
145.0 245.0 129.0 239.0
265.0 442.0 247.0 432.0
205.0 512.0 188.0 503.0
171.0 461.0 154.0 452.0
119.0 410.0 103.0 402.0
184.0 298.0 167.0 291.0
391.0 364.0 370.0 351.0
205.0 511.0 188.0 503.0
150.0 469.0 133.0 463.0
183.0 297.0 166.0 291.0
395.0 469.0 374.0 452.0
391.0 365.0 370.0 351.0
120.0 409.0 103.0 402.0
276.0 57.0 262.0 58.0
137.0 371.0 122.0 361.0
151.0 469.0 134.0 462.0
132.0 433.0 113.0 425.0
120.0 410.0 103.0 402.0
242.0 278.0 226.0 270.0
412.0 576.0 390.0 559.0
394.0 468.0 374.0 452.0
204.0 561.0 185.0 551.0
121.0 410.0 103.0 402.0
137.0 372.0 122.0 363.0
333.0 46.0 313.0 44.0
162.0 590.0 145.0 581.0
150.0 470.0 133.0 463.0
241.0 277.0 225.0 270.0
277.0 58.0 262.0 58.0
412.0 578.0 390.0 559.0
121.0 409.0 103.0 402.0
129.0 498.0 111.0 492.0
277.0 57.0 262.0 58.0
171.0 350.0 155.0 342.0
332.0 47.0 313.0 44.0
340.0 587.0 321.0 571.0
130.0 498.0 111.0 492.0
166.0 306.0 149.0 299.0
122.0 342.0 102.0 335.0
237.0 420.0 220.0 410.0
129.0 499.0 111.0 492.0
331.0 48.0 313.0 45.0
356.0 383.0 337.0 369.0
133.0 433.0 114.0 425.0
204.0 562.0 185.0 552.0
176.0 67.0 161.0 62.0
163.0 591.0 146.0 581.0
240.0 277.0 224.0 270.0
241.0 278.0 225.0 270.0
237.0 421.0 220.0 410.0
122.0 343.0 102.0 335.0
136.0 371.0 122.0 363.0
136.0 370.0 121.0 362.0
69.0 221.0 53.0 216.0
240.0 278.0 225.0 270.0
177.0 67.0 161.0 62.0
173.0 461.0 154.0 452.0
239.0 277.0 224.0 269.0
58.0 280.0 44.0 275.0
161.0 590.0 145.0 581.0
162.0 591.0 145.0 582.0
357.0 383.0 337.0 369.0
238.0 420.0 220.0 411.0
238.0 421.0 220.0 411.0
177.0 66.0 161.0 62.0
221.0 420.0 204.0 411.0
84.0 616.0 66.0 606.0
240.0 279.0 225.0 270.0
163.0 590.0 146.0 581.0
84.0 617.0 66.0 606.0
176.0 66.0 161.0 62.0
262.0 314.0 243.0 305.0
128.0 498.0 111.0 491.0
278.0 57.0 262.0 58.0
85.0 617.0 66.0 606.0
191.0 57.0 179.0 50.0
123.0 342.0 102.0 335.0
332.0 46.0 313.0 44.0
130.0 499.0 111.0 492.0
83.0 617.0 66.0 606.0
177.0 68.0 161.0 62.0
164.0 494.0 149.0 487.0
83.0 616.0 66.0 606.0
277.0 56.0 262.0 58.0
123.0 343.0 102.0 335.0
178.0 67.0 161.0 62.0
187.0 614.0 170.0 604.0
262.0 315.0 243.0 305.0
331.0 47.0 313.0 44.0
296.0 558.0 278.0 544.0
151.0 470.0 133.0 463.0
58.0 279.0 44.0 275.0
86.0 539.0 67.0 531.0
106.0 536.0 91.0 527.0
123.0 341.0 102.0 335.0
241.0 279.0 226.0 270.0
85.0 539.0 67.0 531.0
66.0 138.0 48.0 133.0
257.0 589.0 237.0 575.0
67.0 138.0 48.0 133.0
164.0 493.0 149.0 487.0
291.0 593.0 275.0 579.0
188.0 614.0 170.0 604.0
188.0 615.0 170.0 604.0
297.0 558.0 278.0 544.0
57.0 280.0 44.0 275.0
377.0 405.0 360.0 389.0
221.0 421.0 204.0 411.0
41.0 372.0 23.0 362.0
178.0 66.0 161.0 62.0
187.0 615.0 170.0 604.0
191.0 56.0 179.0 50.0
378.0 403.0 360.0 389.0
296.0 557.0 278.0 544.0
40.0 373.0 23.0 362.0
289.0 623.0 271.0 609.0
222.0 420.0 204.0 411.0
63.0 546.0 44.0 539.0
331.0 46.0 313.0 44.0
110.0 264.0 95.0 260.0
177.0 65.0 161.0 62.0
40.0 372.0 23.0 362.0
379.0 403.0 360.0 389.0
115.0 474.0 97.0 468.0
40.0 371.0 23.0 362.0
62.0 546.0 44.0 539.0
377.0 404.0 360.0 389.0
298.0 72.0 282.0 70.0
187.0 616.0 170.0 604.0
379.0 404.0 360.0 389.0
41.0 373.0 23.0 362.0
290.0 624.0 272.0 609.0
61.0 546.0 44.0 539.0
291.0 592.0 274.0 579.0
79.0 257.0 61.0 252.0
124.0 341.0 102.0 335.0
291.0 624.0 272.0 609.0
261.0 403.0 243.0 392.0
207.0 58.0 195.0 54.0
290.0 625.0 272.0 609.0
290.0 623.0 271.0 609.0
57.0 279.0 41.0 275.0
63.0 545.0 44.0 539.0
258.0 590.0 237.0 575.0
378.0 404.0 360.0 389.0
330.0 47.0 313.0 44.0
64.0 546.0 44.0 539.0
330.0 46.0 313.0 44.0
124.0 342.0 102.0 335.0
62.0 545.0 44.0 539.0
42.0 372.0 23.0 362.0
207.0 59.0 195.0 54.0
64.0 545.0 44.0 537.0
258.0 589.0 237.0 575.0
215.0 444.0 202.0 429.0
289.0 624.0 272.0 609.0
222.0 421.0 204.0 411.0
42.0 480.0 25.0 478.0
38.0 480.0 18.0 477.0
41.0 480.0 25.0 478.0
49.0 195.0 32.0 190.0
80.0 257.0 61.0 252.0
289.0 625.0 272.0 609.0
292.0 593.0 275.0 579.0
216.0 444.0 202.0 429.0
297.0 72.0 282.0 70.0
42.0 373.0 22.0 363.0
49.0 194.0 32.0 190.0
79.0 258.0 61.0 252.0
81.0 257.0 61.0 252.0
133.0 292.0 112.0 291.0
341.0 604.0 323.0 589.0
134.0 292.0 112.0 291.0
39.0 480.0 18.0 477.0
40.0 481.0 18.0 477.0
80.0 258.0 61.0 252.0
81.0 258.0 61.0 252.0
40.0 480.0 25.0 478.0
215.0 445.0 202.0 429.0
32.0 453.0 14.0 450.0
212.0 308.0 190.0 302.0
212.0 309.0 190.0 302.0
38.0 96.0 21.0 86.0
190.0 578.0 164.0 565.0
191.0 578.0 164.0 565.0
341.0 605.0 323.0 589.0
340.0 604.0 323.0 589.0
216.0 445.0 202.0 429.0
50.0 195.0 32.0 190.0
39.0 96.0 21.0 87.0
340.0 605.0 323.0 589.0
50.0 194.0 32.0 190.0
179.0 294.0 166.0 291.0
213.0 307.0 190.0 302.0
32.0 630.0 16.0 626.0
32.0 452.0 14.0 450.0
51.0 298.0 30.0 293.0
20.0 489.0 18.0 478.0
213.0 308.0 190.0 302.0
21.0 488.0 18.0 477.0
213.0 309.0 190.0 302.0
20.0 490.0 18.0 478.0
38.0 97.0 21.0 86.0
33.0 630.0 16.0 626.0
21.0 489.0 18.0 478.0
39.0 97.0 21.0 86.0
33.0 629.0 16.0 626.0
20.0 488.0 18.0 478.0
21.0 490.0 18.0 478.0
22.0 489.0 18.0 477.0
214.0 308.0 190.0 302.0
413.0 613.0 393.0 595.0
87.0 481.0 79.0 472.0
412.0 613.0 393.0 595.0
159.0 302.0 149.0 299.0
22.0 490.0 18.0 478.0
33.0 631.0 15.0 627.0
413.0 614.0 393.0 595.0
414.0 614.0 393.0 595.0
86.0 481.0 79.0 472.0
24.0 547.0 17.0 540.0
412.0 614.0 393.0 595.0
414.0 613.0 393.0 595.0
121.0 24.0 125.0 25.0
23.0 546.0 17.0 540.0
86.0 480.0 79.0 472.0
78.0 460.0 49.0 450.0
78.0 461.0 49.0 450.0
120.0 25.0 125.0 25.0
356.0 23.0 302.0 33.0
120.0 24.0 125.0 25.0
318.0 389.0 300.0 365.0
158.0 303.0 149.0 299.0
23.0 547.0 17.0 540.0
319.0 389.0 300.0 365.0
158.0 302.0 149.0 299.0
98.0 427.0 78.0 410.0
79.0 460.0 49.0 450.0
97.0 427.0 78.0 410.0
469.0 177.0 447.0 169.0
79.0 459.0 49.0 450.0
40.0 311.0 30.0 293.0
