162.0 374.0 154.0 369.0
222.0 162.0 217.0 159.0
160.0 153.0 154.0 148.0
254.0 42.0 251.0 38.0
162.0 375.0 154.0 369.0
241.0 164.0 236.0 161.0
254.0 43.0 251.0 38.0
242.0 164.0 236.0 161.0
227.0 270.0 222.0 266.0
222.0 163.0 217.0 159.0
384.0 254.0 378.0 254.0
300.0 273.0 294.0 270.0
383.0 255.0 378.0 254.0
301.0 273.0 294.0 270.0
159.0 153.0 154.0 148.0
97.0 250.0 90.0 244.0
220.0 68.0 216.0 64.0
302.0 273.0 294.0 270.0
254.0 41.0 251.0 38.0
242.0 165.0 236.0 161.0
121.0 180.0 114.0 173.0
301.0 274.0 294.0 270.0
98.0 250.0 90.0 244.0
402.0 160.0 398.0 160.0
286.0 100.0 282.0 96.0
100.0 223.0 94.0 219.0
302.0 274.0 294.0 270.0
101.0 222.0 94.0 219.0
160.0 154.0 154.0 148.0
385.0 256.0 379.0 254.0
402.0 161.0 398.0 160.0
221.0 67.0 216.0 64.0
97.0 251.0 90.0 244.0
220.0 67.0 216.0 64.0
228.0 271.0 222.0 266.0
384.0 256.0 378.0 254.0
384.0 255.0 378.0 254.0
223.0 163.0 218.0 160.0
161.0 154.0 155.0 149.0
385.0 254.0 379.0 253.0
101.0 223.0 94.0 219.0
121.0 179.0 114.0 173.0
159.0 154.0 154.0 148.0
228.0 270.0 222.0 266.0
385.0 255.0 379.0 253.0
160.0 155.0 154.0 148.0
286.0 98.0 282.0 95.0
383.0 256.0 378.0 254.0
98.0 251.0 90.0 244.0
171.0 36.0 168.0 33.0
402.0 162.0 398.0 160.0
100.0 222.0 94.0 219.0
336.0 71.0 333.0 70.0
221.0 68.0 216.0 64.0
401.0 160.0 398.0 160.0
301.0 272.0 294.0 269.0
287.0 98.0 283.0 96.0
241.0 165.0 236.0 161.0
105.0 557.0 94.0 551.0
287.0 100.0 282.0 97.0
243.0 165.0 237.0 161.0
222.0 68.0 216.0 64.0
253.0 42.0 251.0 38.0
286.0 99.0 282.0 96.0
242.0 166.0 236.0 161.0
267.0 115.0 262.0 111.0
120.0 179.0 114.0 173.0
293.0 135.0 288.0 130.0
425.0 48.0 420.0 45.0
221.0 163.0 217.0 159.0
336.0 72.0 333.0 70.0
222.0 67.0 216.0 64.0
121.0 178.0 114.0 173.0
172.0 37.0 170.0 33.0
172.0 36.0 170.0 33.0
204.0 20.0 201.0 16.0
426.0 48.0 421.0 45.0
102.0 223.0 94.0 219.0
144.0 112.0 139.0 109.0
386.0 255.0 379.0 253.0
242.0 577.0 230.0 571.0
298.0 118.0 292.0 115.0
217.0 187.0 211.0 182.0
403.0 161.0 398.0 160.0
292.0 135.0 287.0 131.0
224.0 317.0 216.0 312.0
104.0 557.0 94.0 551.0
401.0 161.0 398.0 160.0
102.0 222.0 94.0 219.0
98.0 252.0 90.0 244.0
287.0 99.0 283.0 96.0
223.0 164.0 218.0 160.0
173.0 36.0 170.0 33.0
179.0 299.0 173.0 294.0
242.0 578.0 230.0 572.0
300.0 118.0 292.0 115.0
335.0 72.0 333.0 70.0
241.0 576.0 230.0 571.0
106.0 557.0 94.0 551.0
223.0 316.0 216.0 312.0
241.0 577.0 230.0 571.0
165.0 460.0 155.0 454.0
203.0 19.0 201.0 16.0
446.0 217.0 438.0 216.0
253.0 41.0 251.0 38.0
218.0 187.0 211.0 182.0
309.0 82.0 305.0 80.0
400.0 161.0 396.0 160.0
229.0 271.0 222.0 266.0
10.0 164.0 6.0 157.0
12.0 164.0 6.0 157.0
186.0 583.0 175.0 578.0
222.0 164.0 217.0 159.0
204.0 18.0 201.0 16.0
104.0 558.0 94.0 551.0
10.0 165.0 6.0 157.0
171.0 344.0 162.0 339.0
115.0 453.0 107.0 448.0
424.0 49.0 420.0 45.0
203.0 20.0 201.0 16.0
208.0 280.0 201.0 275.0
106.0 284.0 96.0 277.0
299.0 118.0 292.0 115.0
172.0 35.0 170.0 33.0
204.0 19.0 201.0 16.0
253.0 43.0 249.0 38.0
11.0 164.0 6.0 157.0
445.0 217.0 438.0 216.0
446.0 218.0 438.0 216.0
161.0 155.0 155.0 149.0
179.0 300.0 173.0 294.0
144.0 113.0 139.0 109.0
105.0 559.0 94.0 551.0
164.0 460.0 155.0 454.0
180.0 300.0 173.0 294.0
241.0 578.0 230.0 572.0
180.0 298.0 173.0 294.0
85.0 115.0 80.0 110.0
401.0 162.0 398.0 161.0
79.0 545.0 67.0 539.0
143.0 113.0 139.0 109.0
268.0 115.0 262.0 111.0
78.0 545.0 67.0 539.0
425.0 49.0 420.0 45.0
203.0 18.0 201.0 16.0
99.0 59.0 95.0 53.0
84.0 115.0 80.0 110.0
299.0 119.0 292.0 115.0
99.0 60.0 95.0 53.0
105.0 558.0 94.0 551.0
300.0 119.0 294.0 115.0
179.0 298.0 173.0 294.0
106.0 558.0 94.0 551.0
225.0 316.0 216.0 311.0
447.0 216.0 438.0 216.0
180.0 299.0 173.0 294.0
78.0 544.0 67.0 539.0
447.0 218.0 439.0 216.0
138.0 460.0 128.0 455.0
402.0 118.0 399.0 117.0
142.0 161.0 136.0 156.0
99.0 58.0 95.0 53.0
153.0 26.0 150.0 21.0
100.0 59.0 95.0 53.0
154.0 26.0 150.0 21.0
224.0 316.0 216.0 311.0
446.0 216.0 438.0 216.0
426.0 49.0 420.0 45.0
229.0 270.0 222.0 266.0
223.0 315.0 216.0 311.0
260.0 170.0 254.0 166.0
335.0 71.0 333.0 70.0
75.0 449.0 65.0 444.0
260.0 172.0 254.0 166.0
209.0 281.0 201.0 275.0
138.0 459.0 128.0 455.0
141.0 161.0 136.0 156.0
98.0 59.0 94.0 53.0
74.0 449.0 64.0 444.0
59.0 238.0 53.0 231.0
143.0 397.0 134.0 393.0
59.0 237.0 53.0 231.0
143.0 398.0 134.0 393.0
447.0 217.0 438.0 216.0
224.0 315.0 216.0 311.0
142.0 160.0 136.0 156.0
146.0 64.0 142.0 59.0
170.0 344.0 162.0 339.0
262.0 171.0 254.0 166.0
69.0 123.0 65.0 116.0
26.0 576.0 15.0 569.0
116.0 453.0 107.0 448.0
69.0 122.0 65.0 116.0
198.0 232.0 192.0 226.0
74.0 448.0 65.0 444.0
100.0 60.0 95.0 53.0
402.0 117.0 399.0 117.0
217.0 188.0 211.0 182.0
71.0 99.0 66.0 93.0
261.0 171.0 254.0 166.0
169.0 344.0 162.0 339.0
181.0 299.0 173.0 294.0
145.0 64.0 142.0 59.0
209.0 280.0 202.0 276.0
11.0 165.0 6.0 157.0
260.0 171.0 254.0 166.0
156.0 612.0 144.0 605.0
22.0 198.0 18.0 192.0
170.0 343.0 162.0 339.0
154.0 288.0 146.0 282.0
261.0 172.0 254.0 166.0
69.0 121.0 65.0 116.0
253.0 454.0 242.0 449.0
268.0 116.0 262.0 111.0
403.0 117.0 399.0 117.0
261.0 170.0 254.0 166.0
60.0 238.0 53.0 231.0
84.0 116.0 80.0 110.0
403.0 118.0 399.0 117.0
73.0 448.0 64.0 444.0
161.0 209.0 155.0 204.0
197.0 291.0 190.0 287.0
100.0 58.0 95.0 53.0
373.0 192.0 368.0 191.0
12.0 165.0 6.0 157.0
73.0 449.0 64.0 444.0
198.0 231.0 192.0 226.0
154.0 25.0 150.0 21.0
373.0 193.0 368.0 191.0
374.0 192.0 368.0 191.0
79.0 546.0 68.0 539.0
116.0 454.0 106.0 448.0
78.0 546.0 68.0 539.0
267.0 116.0 263.0 111.0
209.0 507.0 198.0 502.0
74.0 450.0 64.0 444.0
142.0 397.0 134.0 393.0
27.0 576.0 15.0 569.0
218.0 188.0 211.0 182.0
60.0 239.0 52.0 231.0
188.0 27.0 184.0 23.0
138.0 555.0 127.0 548.0
154.0 287.0 146.0 282.0
266.0 116.0 262.0 112.0
140.0 555.0 129.0 548.0
127.0 207.0 122.0 201.0
183.0 157.0 175.0 151.0
252.0 454.0 242.0 449.0
124.0 86.0 119.0 81.0
23.0 198.0 18.0 192.0
22.0 197.0 18.0 192.0
187.0 26.0 184.0 22.0
84.0 44.0 81.0 38.0
267.0 117.0 262.0 112.0
253.0 455.0 242.0 449.0
210.0 280.0 202.0 276.0
167.0 140.0 163.0 136.0
169.0 343.0 162.0 339.0
210.0 281.0 202.0 276.0
199.0 230.0 193.0 227.0
155.0 613.0 144.0 605.0
141.0 160.0 136.0 156.0
153.0 286.0 145.0 281.0
85.0 116.0 80.0 110.0
160.0 209.0 155.0 204.0
117.0 454.0 106.0 448.0
187.0 27.0 184.0 22.0
70.0 122.0 65.0 116.0
156.0 613.0 144.0 605.0
167.0 526.0 158.0 521.0
132.0 492.0 124.0 487.0
199.0 231.0 193.0 227.0
45.0 232.0 38.0 225.0
24.0 198.0 18.0 192.0
11.0 166.0 6.0 157.0
127.0 567.0 116.0 561.0
262.0 170.0 254.0 166.0
167.0 141.0 163.0 136.0
161.0 210.0 154.0 205.0
168.0 527.0 158.0 522.0
84.0 235.0 77.0 230.0
127.0 566.0 116.0 561.0
160.0 210.0 154.0 205.0
70.0 123.0 65.0 116.0
139.0 555.0 127.0 548.0
209.0 508.0 198.0 502.0
153.0 287.0 146.0 282.0
168.0 141.0 163.0 136.0
121.0 204.0 114.0 197.0
161.0 211.0 154.0 205.0
23.0 197.0 18.0 192.0
108.0 621.0 96.0 616.0
26.0 577.0 15.0 569.0
84.0 236.0 77.0 230.0
199.0 232.0 193.0 227.0
200.0 232.0 193.0 227.0
286.0 586.0 273.0 581.0
464.0 241.0 455.0 240.0
24.0 197.0 18.0 192.0
252.0 455.0 242.0 450.0
285.0 586.0 273.0 581.0
463.0 241.0 455.0 240.0
138.0 554.0 127.0 548.0
27.0 577.0 15.0 569.0
45.0 231.0 38.0 225.0
188.0 26.0 184.0 22.0
463.0 189.0 457.0 189.0
126.0 566.0 116.0 561.0
132.0 491.0 124.0 487.0
462.0 188.0 457.0 189.0
186.0 26.0 183.0 22.0
188.0 25.0 184.0 22.0
462.0 241.0 455.0 240.0
140.0 554.0 127.0 548.0
108.0 622.0 96.0 616.0
463.0 187.0 457.0 189.0
184.0 157.0 175.0 151.0
139.0 554.0 127.0 548.0
200.0 231.0 193.0 227.0
463.0 188.0 457.0 189.0
43.0 232.0 37.0 224.0
44.0 231.0 37.0 224.0
43.0 230.0 37.0 224.0
44.0 232.0 38.0 225.0
44.0 230.0 37.0 224.0
462.0 187.0 457.0 189.0
83.0 44.0 81.0 38.0
120.0 203.0 114.0 197.0
121.0 203.0 114.0 197.0
114.0 521.0 104.0 515.0
28.0 577.0 15.0 569.0
152.0 287.0 145.0 281.0
286.0 587.0 274.0 582.0
369.0 146.0 370.0 148.0
223.0 210.0 218.0 207.0
187.0 25.0 184.0 22.0
153.0 288.0 146.0 282.0
123.0 85.0 119.0 81.0
43.0 231.0 37.0 224.0
59.0 177.0 53.0 171.0
59.0 176.0 53.0 171.0
27.0 578.0 15.0 569.0
224.0 210.0 218.0 207.0
225.0 210.0 218.0 207.0
169.0 546.0 158.0 540.0
251.0 222.0 244.0 219.0
285.0 587.0 274.0 582.0
58.0 177.0 52.0 170.0
41.0 186.0 36.0 177.0
38.0 446.0 30.0 440.0
224.0 211.0 218.0 207.0
126.0 567.0 116.0 561.0
58.0 176.0 52.0 170.0
14.0 632.0 3.0 628.0
168.0 545.0 158.0 540.0
223.0 211.0 218.0 207.0
167.0 545.0 158.0 540.0
14.0 633.0 3.0 628.0
168.0 546.0 158.0 540.0
224.0 212.0 218.0 207.0
39.0 446.0 30.0 440.0
123.0 86.0 119.0 81.0
225.0 211.0 218.0 207.0
35.0 214.0 30.0 208.0
38.0 447.0 30.0 440.0
41.0 185.0 36.0 177.0
42.0 185.0 36.0 177.0
168.0 544.0 158.0 540.0
73.0 149.0 69.0 142.0
380.0 157.0 372.0 149.0
39.0 447.0 30.0 440.0
169.0 545.0 158.0 540.0
13.0 632.0 3.0 628.0
13.0 633.0 3.0 628.0
169.0 544.0 158.0 540.0
381.0 157.0 372.0 149.0
369.0 147.0 370.0 148.0
73.0 148.0 69.0 142.0
167.0 544.0 158.0 540.0
35.0 213.0 30.0 208.0
475.0 213.0 471.0 212.0
475.0 212.0 471.0 212.0
35.0 215.0 30.0 208.0
476.0 213.0 471.0 212.0
36.0 214.0 30.0 208.0
210.0 289.0 201.0 276.0
41.0 184.0 36.0 177.0
42.0 183.0 36.0 177.0
26.0 481.0 15.0 476.0
40.0 469.0 31.0 465.0
26.0 480.0 15.0 476.0
36.0 215.0 30.0 208.0
381.0 158.0 372.0 149.0
25.0 481.0 15.0 476.0
210.0 288.0 201.0 276.0
36.0 213.0 30.0 208.0
193.0 454.0 184.0 449.0
368.0 147.0 370.0 148.0
42.0 184.0 36.0 177.0
194.0 455.0 184.0 449.0
39.0 469.0 31.0 465.0
40.0 470.0 31.0 465.0
27.0 480.0 15.0 476.0
367.0 147.0 370.0 148.0
25.0 479.0 15.0 476.0
367.0 146.0 370.0 148.0
25.0 480.0 15.0 476.0
27.0 481.0 15.0 476.0
217.0 178.0 212.0 182.0
26.0 479.0 15.0 476.0
38.0 469.0 31.0 465.0
39.0 470.0 31.0 465.0
55.0 517.0 45.0 512.0
55.0 518.0 45.0 512.0
38.0 470.0 29.0 465.0
56.0 518.0 45.0 512.0
190.0 202.0 183.0 190.0
144.0 381.0 135.0 393.0
190.0 203.0 189.0 207.0
54.0 142.0 49.0 147.0
258.0 235.0 245.0 219.0
62.0 522.0 45.0 512.0
152.0 470.0 155.0 455.0
258.0 236.0 245.0 219.0
7.0 209.0 16.0 191.0
151.0 471.0 155.0 455.0
152.0 471.0 155.0 455.0
75.0 228.0 77.0 230.0
62.0 523.0 45.0 511.0
76.0 228.0 77.0 230.0
