263.0 579.0 278.0 568.0
238.0 571.0 252.0 560.0
263.0 577.0 279.0 568.0
368.0 95.0 384.0 85.0
368.0 93.0 383.0 85.0
263.0 578.0 278.0 568.0
368.0 94.0 384.0 85.0
170.0 220.0 188.0 214.0
262.0 577.0 278.0 568.0
369.0 93.0 384.0 86.0
262.0 579.0 278.0 569.0
369.0 94.0 384.0 86.0
169.0 221.0 188.0 214.0
367.0 95.0 383.0 85.0
169.0 220.0 188.0 214.0
237.0 570.0 252.0 560.0
170.0 221.0 188.0 214.0
237.0 571.0 252.0 560.0
171.0 220.0 188.0 214.0
170.0 222.0 188.0 214.0
262.0 578.0 278.0 568.0
169.0 222.0 187.0 214.0
238.0 570.0 252.0 560.0
384.0 283.0 401.0 274.0
367.0 94.0 383.0 85.0
338.0 62.0 354.0 53.0
414.0 273.0 428.0 266.0
383.0 283.0 401.0 274.0
168.0 221.0 187.0 214.0
366.0 95.0 383.0 85.0
383.0 284.0 401.0 274.0
168.0 222.0 187.0 214.0
322.0 315.0 337.0 308.0
413.0 273.0 428.0 267.0
134.0 253.0 151.0 246.0
384.0 284.0 401.0 274.0
172.0 249.0 190.0 241.0
234.0 403.0 251.0 397.0
171.0 249.0 189.0 241.0
133.0 253.0 151.0 246.0
172.0 246.0 190.0 241.0
239.0 571.0 252.0 560.0
288.0 26.0 303.0 18.0
135.0 253.0 151.0 246.0
134.0 252.0 151.0 246.0
174.0 269.0 192.0 261.0
377.0 349.0 391.0 344.0
366.0 94.0 383.0 85.0
237.0 569.0 252.0 560.0
340.0 357.0 355.0 351.0
338.0 61.0 354.0 52.0
390.0 403.0 404.0 396.0
235.0 403.0 251.0 397.0
376.0 347.0 390.0 342.0
171.0 246.0 189.0 241.0
334.0 246.0 349.0 239.0
101.0 256.0 121.0 249.0
377.0 348.0 391.0 342.0
337.0 62.0 354.0 53.0
414.0 272.0 429.0 266.0
172.0 247.0 190.0 241.0
316.0 184.0 332.0 177.0
288.0 25.0 303.0 18.0
173.0 247.0 190.0 241.0
144.0 305.0 160.0 299.0
171.0 247.0 189.0 241.0
377.0 347.0 390.0 342.0
357.0 346.0 373.0 339.0
170.0 247.0 189.0 241.0
173.0 269.0 192.0 261.0
358.0 346.0 373.0 339.0
389.0 402.0 404.0 396.0
357.0 347.0 373.0 339.0
339.0 612.0 353.0 603.0
347.0 81.0 362.0 73.0
238.0 569.0 252.0 560.0
171.0 248.0 189.0 241.0
287.0 26.0 303.0 18.0
323.0 314.0 337.0 308.0
172.0 248.0 190.0 241.0
376.0 348.0 391.0 343.0
315.0 87.0 332.0 79.0
144.0 306.0 161.0 299.0
322.0 314.0 337.0 308.0
145.0 304.0 161.0 298.0
145.0 305.0 161.0 299.0
430.0 533.0 443.0 527.0
396.0 55.0 409.0 47.0
174.0 268.0 192.0 261.0
143.0 304.0 160.0 297.0
441.0 515.0 452.0 509.0
287.0 25.0 303.0 18.0
316.0 183.0 332.0 177.0
143.0 305.0 160.0 299.0
341.0 357.0 355.0 350.0
234.0 402.0 250.0 396.0
102.0 255.0 121.0 249.0
315.0 184.0 332.0 177.0
144.0 304.0 160.0 299.0
391.0 402.0 405.0 396.0
356.0 346.0 372.0 339.0
239.0 570.0 252.0 560.0
286.0 27.0 303.0 18.0
253.0 539.0 269.0 527.0
171.0 199.0 189.0 190.0
102.0 254.0 122.0 248.0
319.0 26.0 335.0 18.0
357.0 345.0 373.0 339.0
299.0 228.0 314.0 221.0
298.0 228.0 314.0 221.0
320.0 27.0 335.0 18.0
234.0 401.0 250.0 396.0
297.0 228.0 314.0 221.0
170.0 248.0 189.0 241.0
390.0 402.0 404.0 396.0
298.0 229.0 314.0 221.0
363.0 298.0 378.0 291.0
287.0 27.0 303.0 18.0
102.0 256.0 122.0 249.0
286.0 26.0 303.0 18.0
356.0 347.0 372.0 339.0
338.0 612.0 353.0 603.0
355.0 347.0 372.0 339.0
362.0 297.0 376.0 291.0
101.0 255.0 122.0 249.0
356.0 348.0 372.0 339.0
289.0 26.0 303.0 18.0
364.0 388.0 377.0 380.0
339.0 611.0 353.0 603.0
395.0 55.0 409.0 47.0
413.0 272.0 429.0 266.0
391.0 403.0 404.0 396.0
340.0 612.0 353.0 603.0
235.0 402.0 251.0 397.0
317.0 183.0 332.0 177.0
355.0 346.0 372.0 339.0
361.0 298.0 376.0 291.0
299.0 229.0 314.0 221.0
415.0 63.0 430.0 56.0
323.0 313.0 337.0 308.0
38.0 177.0 39.0 171.0
101.0 254.0 122.0 248.0
250.0 618.0 265.0 609.0
253.0 538.0 269.0 527.0
100.0 255.0 122.0 249.0
288.0 27.0 303.0 18.0
239.0 569.0 252.0 560.0
394.0 55.0 409.0 47.0
286.0 28.0 303.0 18.0
103.0 254.0 122.0 248.0
136.0 181.0 153.0 176.0
362.0 388.0 377.0 381.0
348.0 80.0 362.0 73.0
396.0 56.0 409.0 47.0
251.0 618.0 265.0 610.0
344.0 413.0 357.0 405.0
255.0 565.0 272.0 554.0
173.0 268.0 192.0 261.0
340.0 611.0 354.0 602.0
287.0 28.0 303.0 18.0
363.0 388.0 377.0 381.0
338.0 303.0 352.0 297.0
337.0 61.0 354.0 51.0
429.0 533.0 443.0 527.0
174.0 267.0 192.0 261.0
37.0 177.0 39.0 171.0
332.0 149.0 348.0 140.0
362.0 298.0 378.0 291.0
415.0 64.0 430.0 56.0
336.0 62.0 353.0 52.0
99.0 232.0 124.0 225.0
395.0 56.0 409.0 47.0
361.0 299.0 376.0 291.0
429.0 532.0 443.0 527.0
436.0 409.0 448.0 402.0
415.0 82.0 430.0 75.0
135.0 182.0 152.0 176.0
369.0 174.0 385.0 165.0
435.0 409.0 448.0 402.0
434.0 410.0 447.0 403.0
435.0 410.0 448.0 402.0
363.0 297.0 378.0 291.0
314.0 183.0 332.0 177.0
37.0 176.0 39.0 171.0
235.0 384.0 250.0 380.0
36.0 177.0 39.0 171.0
394.0 56.0 409.0 47.0
441.0 514.0 452.0 509.0
439.0 427.0 450.0 421.0
315.0 183.0 332.0 177.0
99.0 231.0 124.0 225.0
235.0 401.0 250.0 396.0
416.0 63.0 430.0 56.0
355.0 348.0 372.0 339.0
436.0 410.0 448.0 403.0
375.0 438.0 387.0 431.0
314.0 184.0 332.0 177.0
136.0 182.0 152.0 176.0
288.0 28.0 303.0 18.0
36.0 176.0 39.0 171.0
100.0 232.0 124.0 225.0
137.0 182.0 153.0 176.0
435.0 408.0 448.0 402.0
369.0 172.0 385.0 165.0
38.0 176.0 39.0 171.0
136.0 183.0 152.0 176.0
361.0 297.0 376.0 291.0
250.0 619.0 265.0 610.0
435.0 411.0 448.0 402.0
441.0 427.0 450.0 421.0
331.0 149.0 348.0 140.0
440.0 515.0 452.0 509.0
337.0 304.0 352.0 297.0
428.0 534.0 441.0 526.0
250.0 620.0 265.0 610.0
137.0 183.0 152.0 176.0
415.0 84.0 431.0 75.0
440.0 427.0 450.0 421.0
434.0 409.0 447.0 403.0
441.0 428.0 450.0 421.0
332.0 150.0 348.0 140.0
348.0 81.0 362.0 73.0
337.0 303.0 352.0 296.0
439.0 428.0 450.0 421.0
132.0 230.0 148.0 225.0
434.0 408.0 448.0 402.0
252.0 619.0 265.0 610.0
338.0 304.0 352.0 297.0
429.0 534.0 443.0 527.0
336.0 304.0 351.0 297.0
345.0 413.0 357.0 405.0
336.0 303.0 351.0 297.0
135.0 183.0 152.0 176.0
416.0 64.0 430.0 56.0
370.0 173.0 385.0 165.0
133.0 229.0 148.0 224.0
428.0 533.0 443.0 527.0
416.0 65.0 430.0 56.0
362.0 296.0 376.0 291.0
35.0 176.0 39.0 171.0
251.0 621.0 265.0 610.0
371.0 173.0 385.0 166.0
36.0 175.0 39.0 171.0
252.0 620.0 265.0 610.0
345.0 208.0 362.0 201.0
415.0 83.0 431.0 75.0
131.0 231.0 148.0 225.0
440.0 428.0 450.0 421.0
251.0 619.0 265.0 610.0
437.0 428.0 450.0 421.0
173.0 267.0 192.0 261.0
133.0 230.0 148.0 225.0
101.0 232.0 124.0 225.0
251.0 620.0 265.0 610.0
344.0 412.0 357.0 405.0
346.0 207.0 362.0 201.0
331.0 150.0 348.0 140.0
234.0 384.0 250.0 380.0
100.0 231.0 124.0 225.0
416.0 83.0 431.0 75.0
363.0 389.0 377.0 381.0
134.0 230.0 148.0 224.0
252.0 621.0 265.0 610.0
338.0 302.0 352.0 297.0
254.0 566.0 272.0 554.0
64.0 202.0 84.0 196.0
361.0 388.0 377.0 381.0
65.0 202.0 84.0 196.0
436.0 428.0 450.0 421.0
368.0 173.0 384.0 166.0
372.0 460.0 387.0 453.0
369.0 173.0 384.0 166.0
344.0 411.0 357.0 405.0
254.0 565.0 272.0 554.0
361.0 389.0 376.0 381.0
423.0 517.0 433.0 511.0
345.0 411.0 357.0 405.0
362.0 389.0 377.0 381.0
372.0 459.0 387.0 453.0
115.0 185.0 134.0 179.0
416.0 84.0 431.0 75.0
63.0 202.0 82.0 197.0
416.0 82.0 431.0 75.0
341.0 21.0 355.0 13.0
134.0 229.0 148.0 224.0
337.0 302.0 352.0 296.0
370.0 172.0 385.0 165.0
133.0 231.0 148.0 225.0
373.0 458.0 387.0 453.0
116.0 185.0 134.0 179.0
65.0 203.0 84.0 196.0
64.0 203.0 84.0 196.0
346.0 208.0 362.0 201.0
117.0 186.0 134.0 179.0
132.0 231.0 148.0 225.0
416.0 81.0 431.0 75.0
349.0 81.0 362.0 73.0
421.0 518.0 433.0 511.0
436.0 147.0 451.0 140.0
66.0 202.0 84.0 196.0
424.0 518.0 433.0 511.0
423.0 519.0 433.0 511.0
369.0 171.0 384.0 165.0
373.0 459.0 387.0 453.0
422.0 518.0 433.0 511.0
436.0 148.0 451.0 140.0
345.0 412.0 357.0 405.0
253.0 565.0 272.0 554.0
338.0 148.0 355.0 139.0
422.0 517.0 433.0 511.0
330.0 149.0 348.0 140.0
345.0 209.0 362.0 201.0
423.0 518.0 433.0 511.0
435.0 147.0 451.0 140.0
422.0 519.0 433.0 511.0
347.0 208.0 362.0 201.0
417.0 82.0 431.0 75.0
435.0 148.0 451.0 140.0
114.0 185.0 134.0 179.0
101.0 231.0 124.0 225.0
439.0 371.0 453.0 364.0
349.0 80.0 362.0 73.0
457.0 34.0 470.0 27.0
368.0 172.0 384.0 165.0
346.0 209.0 361.0 202.0
417.0 84.0 431.0 75.0
347.0 207.0 362.0 201.0
420.0 334.0 434.0 328.0
456.0 34.0 470.0 27.0
418.0 335.0 433.0 329.0
419.0 334.0 433.0 329.0
341.0 22.0 355.0 13.0
348.0 207.0 362.0 201.0
434.0 147.0 451.0 140.0
253.0 566.0 272.0 554.0
417.0 83.0 431.0 75.0
350.0 79.0 362.0 73.0
419.0 335.0 433.0 329.0
350.0 80.0 362.0 73.0
418.0 334.0 433.0 329.0
414.0 101.0 429.0 93.0
389.0 57.0 408.0 48.0
434.0 148.0 451.0 140.0
337.0 148.0 350.0 141.0
423.0 605.0 436.0 597.0
438.0 371.0 453.0 364.0
369.0 294.0 378.0 291.0
424.0 605.0 436.0 597.0
404.0 594.0 410.0 588.0
386.0 159.0 399.0 153.0
457.0 35.0 470.0 27.0
423.0 606.0 436.0 597.0
455.0 36.0 470.0 27.0
424.0 606.0 436.0 597.0
456.0 35.0 470.0 27.0
255.0 596.0 272.0 586.0
422.0 605.0 436.0 597.0
256.0 596.0 272.0 586.0
455.0 35.0 470.0 27.0
178.0 179.0 190.0 190.0
370.0 293.0 378.0 291.0
257.0 597.0 273.0 587.0
370.0 294.0 378.0 291.0
425.0 604.0 436.0 597.0
414.0 102.0 429.0 93.0
414.0 100.0 429.0 93.0
425.0 605.0 436.0 597.0
387.0 158.0 399.0 153.0
437.0 371.0 453.0 364.0
415.0 101.0 429.0 93.0
456.0 36.0 470.0 27.0
415.0 100.0 429.0 93.0
424.0 604.0 436.0 597.0
415.0 102.0 429.0 93.0
255.0 597.0 272.0 586.0
405.0 594.0 410.0 591.0
371.0 293.0 378.0 291.0
423.0 604.0 436.0 597.0
459.0 598.0 458.0 595.0
461.0 597.0 458.0 595.0
257.0 596.0 273.0 587.0
460.0 597.0 458.0 595.0
404.0 593.0 410.0 588.0
256.0 597.0 272.0 586.0
406.0 594.0 410.0 591.0
460.0 598.0 458.0 595.0
459.0 597.0 458.0 595.0
255.0 599.0 272.0 586.0
255.0 598.0 272.0 586.0
405.0 593.0 410.0 588.0
244.0 543.0 266.0 541.0
256.0 598.0 272.0 586.0
387.0 159.0 399.0 153.0
406.0 592.0 410.0 588.0
405.0 592.0 410.0 588.0
244.0 542.0 266.0 541.0
406.0 593.0 410.0 588.0
252.0 458.0 263.0 451.0
252.0 457.0 263.0 451.0
410.0 141.0 417.0 137.0
388.0 159.0 399.0 153.0
411.0 141.0 417.0 137.0
363.0 428.0 387.0 431.0
411.0 142.0 417.0 137.0
422.0 389.0 436.0 394.0
410.0 142.0 417.0 137.0
243.0 542.0 268.0 527.0
253.0 456.0 263.0 451.0
253.0 457.0 263.0 451.0
253.0 459.0 263.0 451.0
253.0 458.0 263.0 451.0
438.0 532.0 443.0 527.0
363.0 427.0 387.0 431.0
423.0 388.0 436.0 395.0
422.0 388.0 436.0 394.0
410.0 140.0 417.0 137.0
362.0 428.0 387.0 431.0
254.0 456.0 263.0 451.0
254.0 458.0 263.0 451.0
254.0 457.0 263.0 451.0
421.0 388.0 436.0 394.0
422.0 387.0 436.0 394.0
451.0 145.0 451.0 140.0
362.0 427.0 387.0 431.0
333.0 280.0 336.0 282.0
452.0 145.0 451.0 140.0
