408.0 299.0 398.0 298.0
356.0 616.0 352.0 614.0
355.0 616.0 352.0 614.0
409.0 299.0 398.0 298.0
356.0 615.0 353.0 613.0
174.0 156.0 161.0 156.0
175.0 156.0 161.0 156.0
355.0 614.0 352.0 614.0
355.0 615.0 352.0 614.0
408.0 300.0 398.0 298.0
95.0 182.0 82.0 183.0
332.0 399.0 323.0 402.0
174.0 381.0 164.0 379.0
333.0 399.0 324.0 402.0
333.0 400.0 324.0 402.0
236.0 222.0 223.0 222.0
175.0 157.0 161.0 156.0
222.0 255.0 213.0 257.0
174.0 382.0 164.0 379.0
400.0 561.0 395.0 561.0
354.0 615.0 352.0 614.0
417.0 553.0 412.0 555.0
237.0 221.0 224.0 223.0
426.0 506.0 420.0 507.0
174.0 157.0 161.0 156.0
237.0 222.0 223.0 223.0
332.0 398.0 323.0 402.0
237.0 223.0 223.0 223.0
332.0 400.0 323.0 402.0
430.0 626.0 427.0 627.0
418.0 554.0 413.0 555.0
176.0 156.0 161.0 156.0
83.0 575.0 76.0 579.0
331.0 398.0 323.0 402.0
417.0 554.0 413.0 555.0
113.0 624.0 107.0 628.0
95.0 183.0 82.0 183.0
354.0 637.0 353.0 637.0
94.0 182.0 82.0 183.0
236.0 223.0 223.0 223.0
430.0 627.0 427.0 627.0
426.0 505.0 420.0 507.0
416.0 554.0 412.0 555.0
162.0 71.0 152.0 79.0
236.0 221.0 224.0 223.0
221.0 575.0 214.0 572.0
113.0 623.0 107.0 627.0
354.0 636.0 353.0 637.0
331.0 399.0 323.0 402.0
400.0 562.0 395.0 561.0
98.0 259.0 89.0 259.0
431.0 626.0 427.0 627.0
177.0 157.0 163.0 156.0
453.0 435.0 446.0 434.0
235.0 222.0 223.0 222.0
351.0 397.0 341.0 398.0
175.0 382.0 164.0 379.0
454.0 434.0 446.0 432.0
222.0 575.0 214.0 572.0
417.0 555.0 413.0 555.0
162.0 70.0 152.0 79.0
175.0 381.0 164.0 379.0
94.0 519.0 85.0 520.0
223.0 624.0 217.0 620.0
99.0 259.0 89.0 259.0
177.0 611.0 171.0 611.0
163.0 70.0 152.0 79.0
454.0 435.0 446.0 434.0
176.0 382.0 165.0 380.0
138.0 337.0 127.0 336.0
175.0 383.0 164.0 380.0
142.0 550.0 134.0 551.0
94.0 183.0 82.0 183.0
350.0 207.0 337.0 211.0
224.0 623.0 217.0 620.0
178.0 612.0 171.0 611.0
223.0 255.0 213.0 257.0
114.0 185.0 101.0 186.0
107.0 428.0 97.0 429.0
84.0 575.0 76.0 579.0
176.0 157.0 163.0 156.0
224.0 624.0 217.0 620.0
333.0 398.0 324.0 402.0
455.0 435.0 446.0 432.0
405.0 616.0 402.0 617.0
76.0 253.0 64.0 254.0
455.0 434.0 446.0 432.0
211.0 54.0 199.0 61.0
350.0 396.0 342.0 398.0
351.0 396.0 342.0 398.0
122.0 206.0 109.0 207.0
114.0 624.0 107.0 627.0
114.0 184.0 101.0 185.0
108.0 429.0 97.0 429.0
418.0 553.0 412.0 555.0
83.0 576.0 76.0 579.0
212.0 54.0 199.0 61.0
98.0 258.0 89.0 259.0
64.0 153.0 51.0 155.0
453.0 434.0 446.0 432.0
69.0 380.0 59.0 381.0
76.0 252.0 64.0 254.0
163.0 71.0 152.0 79.0
63.0 154.0 51.0 155.0
137.0 337.0 126.0 335.0
113.0 183.0 100.0 184.0
431.0 627.0 427.0 627.0
224.0 625.0 217.0 620.0
138.0 336.0 126.0 335.0
284.0 209.0 273.0 210.0
64.0 154.0 51.0 155.0
225.0 625.0 217.0 620.0
123.0 206.0 109.0 207.0
137.0 336.0 126.0 335.0
283.0 209.0 273.0 211.0
462.0 484.0 454.0 483.0
350.0 397.0 342.0 399.0
283.0 235.0 271.0 239.0
139.0 336.0 128.0 335.0
75.0 253.0 64.0 254.0
139.0 337.0 127.0 336.0
67.0 381.0 59.0 381.0
421.0 112.0 408.0 114.0
254.0 610.0 248.0 607.0
122.0 207.0 109.0 207.0
235.0 223.0 223.0 223.0
178.0 611.0 171.0 611.0
282.0 235.0 271.0 239.0
351.0 395.0 342.0 398.0
121.0 207.0 109.0 207.0
220.0 575.0 214.0 572.0
282.0 236.0 271.0 239.0
225.0 624.0 217.0 620.0
67.0 380.0 58.0 381.0
404.0 615.0 402.0 617.0
121.0 206.0 109.0 207.0
422.0 112.0 408.0 114.0
224.0 626.0 217.0 620.0
67.0 379.0 58.0 381.0
110.0 586.0 102.0 588.0
123.0 207.0 110.0 207.0
84.0 576.0 76.0 579.0
142.0 551.0 134.0 551.0
289.0 435.0 283.0 437.0
132.0 359.0 121.0 357.0
93.0 518.0 85.0 520.0
114.0 540.0 106.0 541.0
68.0 379.0 58.0 381.0
152.0 588.0 142.0 588.0
68.0 381.0 59.0 381.0
351.0 422.0 342.0 424.0
106.0 427.0 97.0 427.0
255.0 610.0 248.0 607.0
285.0 209.0 274.0 211.0
113.0 186.0 100.0 186.0
108.0 587.0 101.0 588.0
63.0 153.0 51.0 155.0
94.0 518.0 85.0 520.0
113.0 185.0 100.0 186.0
388.0 513.0 383.0 515.0
109.0 587.0 102.0 588.0
68.0 380.0 58.0 381.0
462.0 485.0 454.0 483.0
97.0 259.0 89.0 259.0
109.0 586.0 102.0 588.0
131.0 359.0 121.0 357.0
59.0 486.0 50.0 490.0
109.0 585.0 102.0 588.0
210.0 54.0 199.0 61.0
421.0 111.0 408.0 114.0
241.0 576.0 236.0 572.0
254.0 611.0 248.0 607.0
225.0 626.0 217.0 620.0
405.0 614.0 402.0 617.0
16.0 618.0 10.0 623.0
106.0 428.0 97.0 428.0
422.0 111.0 408.0 114.0
420.0 112.0 408.0 114.0
405.0 615.0 402.0 617.0
256.0 611.0 248.0 607.0
114.0 623.0 107.0 627.0
113.0 184.0 99.0 186.0
16.0 619.0 10.0 623.0
242.0 575.0 235.0 571.0
98.0 386.0 89.0 386.0
282.0 234.0 271.0 239.0
153.0 587.0 142.0 588.0
115.0 624.0 107.0 627.0
93.0 519.0 85.0 520.0
178.0 610.0 171.0 611.0
110.0 585.0 102.0 588.0
404.0 614.0 402.0 617.0
144.0 378.0 135.0 376.0
352.0 397.0 343.0 399.0
284.0 208.0 273.0 210.0
283.0 208.0 273.0 210.0
461.0 485.0 454.0 483.0
132.0 358.0 121.0 357.0
255.0 611.0 248.0 607.0
462.0 486.0 454.0 483.0
463.0 486.0 454.0 483.0
107.0 429.0 97.0 429.0
406.0 615.0 402.0 617.0
93.0 517.0 85.0 519.0
288.0 434.0 282.0 436.0
115.0 540.0 106.0 541.0
66.0 380.0 58.0 381.0
145.0 378.0 135.0 376.0
58.0 488.0 49.0 490.0
287.0 435.0 281.0 436.0
288.0 435.0 283.0 437.0
281.0 235.0 271.0 239.0
108.0 586.0 101.0 588.0
97.0 258.0 89.0 259.0
255.0 612.0 248.0 607.0
115.0 541.0 106.0 541.0
58.0 486.0 49.0 490.0
114.0 539.0 106.0 540.0
58.0 487.0 49.0 490.0
131.0 357.0 122.0 356.0
352.0 396.0 343.0 398.0
145.0 379.0 135.0 376.0
59.0 487.0 50.0 490.0
133.0 359.0 121.0 357.0
131.0 358.0 121.0 357.0
16.0 617.0 10.0 623.0
130.0 358.0 121.0 357.0
463.0 485.0 454.0 483.0
112.0 184.0 99.0 185.0
17.0 619.0 10.0 623.0
281.0 236.0 271.0 239.0
141.0 550.0 134.0 551.0
17.0 618.0 10.0 623.0
99.0 386.0 89.0 386.0
107.0 586.0 101.0 588.0
112.0 185.0 99.0 185.0
140.0 550.0 134.0 551.0
106.0 429.0 97.0 429.0
351.0 423.0 342.0 424.0
108.0 585.0 102.0 588.0
243.0 576.0 236.0 572.0
463.0 484.0 454.0 483.0
94.0 495.0 86.0 496.0
144.0 379.0 135.0 376.0
244.0 576.0 237.0 572.0
282.0 208.0 273.0 210.0
406.0 614.0 402.0 617.0
110.0 497.0 101.0 498.0
152.0 587.0 142.0 588.0
59.0 488.0 49.0 490.0
352.0 395.0 343.0 398.0
95.0 495.0 86.0 496.0
243.0 575.0 237.0 571.0
151.0 587.0 142.0 588.0
350.0 423.0 341.0 425.0
210.0 55.0 199.0 62.0
207.0 631.0 201.0 629.0
242.0 576.0 236.0 572.0
111.0 497.0 102.0 498.0
111.0 496.0 102.0 498.0
160.0 552.0 153.0 552.0
100.0 606.0 95.0 609.0
128.0 296.0 117.0 297.0
101.0 605.0 95.0 609.0
95.0 493.0 86.0 495.0
95.0 494.0 86.0 496.0
94.0 494.0 86.0 495.0
19.0 327.0 9.0 330.0
82.0 582.0 76.0 580.0
206.0 630.0 201.0 629.0
128.0 297.0 117.0 297.0
20.0 326.0 9.0 330.0
116.0 609.0 109.0 610.0
141.0 551.0 134.0 551.0
94.0 493.0 86.0 495.0
110.0 496.0 102.0 498.0
207.0 632.0 201.0 629.0
99.0 605.0 95.0 609.0
100.0 605.0 95.0 609.0
152.0 586.0 142.0 588.0
46.0 159.0 33.0 161.0
206.0 631.0 201.0 629.0
44.0 159.0 33.0 161.0
208.0 632.0 201.0 629.0
206.0 632.0 201.0 629.0
99.0 604.0 95.0 609.0
18.0 244.0 8.0 248.0
92.0 518.0 85.0 520.0
110.0 495.0 102.0 498.0
20.0 327.0 9.0 330.0
45.0 158.0 33.0 161.0
64.0 547.0 57.0 550.0
17.0 617.0 10.0 623.0
44.0 129.0 32.0 131.0
111.0 495.0 102.0 498.0
45.0 159.0 33.0 161.0
47.0 573.0 39.0 577.0
18.0 245.0 8.0 248.0
19.0 245.0 8.0 248.0
45.0 444.0 37.0 446.0
100.0 604.0 95.0 609.0
46.0 444.0 37.0 446.0
19.0 246.0 8.0 248.0
45.0 603.0 39.0 607.0
18.0 246.0 8.0 248.0
64.0 546.0 57.0 550.0
18.0 618.0 10.0 623.0
101.0 604.0 95.0 609.0
45.0 443.0 37.0 446.0
63.0 546.0 57.0 550.0
46.0 445.0 37.0 446.0
100.0 603.0 95.0 609.0
64.0 545.0 57.0 550.0
63.0 547.0 57.0 550.0
229.0 257.0 215.0 257.0
32.0 268.0 20.0 271.0
46.0 603.0 39.0 607.0
47.0 603.0 39.0 607.0
64.0 353.0 54.0 355.0
32.0 269.0 20.0 271.0
152.0 620.0 151.0 622.0
63.0 545.0 56.0 549.0
20.0 246.0 8.0 248.0
46.0 443.0 37.0 446.0
46.0 602.0 38.0 606.0
17.0 245.0 8.0 248.0
21.0 327.0 9.0 330.0
21.0 326.0 9.0 330.0
474.0 402.0 468.0 380.0
38.0 248.0 26.0 252.0
475.0 402.0 468.0 380.0
474.0 401.0 468.0 380.0
474.0 403.0 470.0 380.0
62.0 546.0 55.0 549.0
39.0 248.0 28.0 253.0
44.0 128.0 32.0 131.0
39.0 247.0 28.0 253.0
151.0 620.0 151.0 622.0
147.0 60.0 151.0 79.0
40.0 247.0 28.0 253.0
266.0 258.0 263.0 266.0
38.0 247.0 26.0 252.0
40.0 248.0 28.0 253.0
94.0 540.0 88.0 547.0
39.0 249.0 28.0 253.0
29.0 192.0 18.0 196.0
29.0 191.0 18.0 196.0
38.0 409.0 29.0 412.0
147.0 61.0 121.0 59.0
265.0 258.0 263.0 266.0
38.0 410.0 29.0 412.0
41.0 409.0 29.0 412.0
40.0 249.0 28.0 253.0
41.0 410.0 29.0 412.0
21.0 205.0 10.0 208.0
94.0 539.0 88.0 547.0
39.0 410.0 29.0 412.0
93.0 539.0 88.0 547.0
265.0 257.0 263.0 266.0
22.0 205.0 10.0 208.0
25.0 591.0 15.0 594.0
39.0 409.0 29.0 412.0
24.0 591.0 15.0 594.0
40.0 409.0 29.0 412.0
23.0 591.0 15.0 594.0
25.0 590.0 15.0 594.0
40.0 408.0 29.0 412.0
378.0 14.0 366.0 30.0
26.0 591.0 15.0 594.0
93.0 538.0 88.0 547.0
421.0 485.0 420.0 506.0
24.0 590.0 15.0 594.0
40.0 410.0 29.0 412.0
377.0 14.0 366.0 30.0
378.0 13.0 366.0 30.0
420.0 484.0 420.0 506.0
13.0 167.0 6.0 151.0
12.0 167.0 6.0 151.0
377.0 13.0 366.0 30.0
342.0 230.0 347.0 241.0
12.0 168.0 6.0 151.0
13.0 168.0 6.0 151.0
343.0 230.0 347.0 241.0
446.0 399.0 446.0 432.0
196.0 93.0 169.0 87.0
378.0 362.0 339.0 317.0
197.0 94.0 169.0 87.0
196.0 94.0 169.0 87.0
50.0 583.0 39.0 577.0
446.0 398.0 446.0 432.0
343.0 231.0 347.0 241.0
50.0 584.0 39.0 577.0
447.0 399.0 446.0 432.0
13.0 169.0 6.0 151.0
362.0 196.0 337.0 211.0
447.0 398.0 446.0 432.0
30.0 328.0 9.0 330.0
51.0 584.0 39.0 577.0
431.0 434.0 454.0 483.0
197.0 93.0 169.0 87.0
448.0 399.0 446.0 432.0
431.0 433.0 454.0 483.0
404.0 543.0 395.0 561.0
448.0 398.0 446.0 432.0
