332.0 162.0 332.0 187.0
332.0 163.0 332.0 187.0
332.0 161.0 332.0 186.0
331.0 162.0 332.0 187.0
333.0 163.0 332.0 187.0
333.0 161.0 332.0 186.0
333.0 162.0 332.0 187.0
240.0 235.0 244.0 259.0
220.0 291.0 225.0 316.0
211.0 455.0 223.0 480.0
275.0 125.0 276.0 149.0
275.0 124.0 275.0 149.0
219.0 291.0 225.0 316.0
220.0 290.0 225.0 316.0
265.0 190.0 267.0 214.0
276.0 124.0 276.0 149.0
211.0 454.0 223.0 480.0
276.0 125.0 276.0 149.0
219.0 290.0 225.0 316.0
267.0 176.0 268.0 201.0
263.0 189.0 266.0 214.0
317.0 331.0 323.0 352.0
240.0 236.0 244.0 259.0
239.0 235.0 244.0 259.0
264.0 193.0 266.0 214.0
265.0 191.0 266.0 214.0
220.0 289.0 225.0 316.0
264.0 189.0 266.0 214.0
268.0 177.0 269.0 201.0
264.0 192.0 266.0 214.0
263.0 191.0 265.0 214.0
203.0 316.0 210.0 340.0
264.0 191.0 266.0 214.0
239.0 236.0 244.0 259.0
264.0 190.0 266.0 214.0
265.0 192.0 266.0 214.0
213.0 457.0 224.0 483.0
219.0 289.0 225.0 316.0
125.0 229.0 130.0 258.0
241.0 236.0 244.0 259.0
339.0 363.0 345.0 381.0
263.0 190.0 266.0 214.0
204.0 316.0 210.0 339.0
276.0 123.0 276.0 148.0
173.0 228.0 178.0 256.0
174.0 227.0 178.0 256.0
152.0 293.0 158.0 318.0
125.0 228.0 130.0 258.0
271.0 511.0 286.0 539.0
174.0 228.0 178.0 256.0
376.0 381.0 383.0 399.0
375.0 381.0 383.0 399.0
395.0 366.0 403.0 386.0
218.0 290.0 224.0 315.0
318.0 332.0 323.0 352.0
240.0 237.0 244.0 260.0
339.0 364.0 345.0 381.0
151.0 293.0 158.0 318.0
124.0 229.0 130.0 258.0
204.0 314.0 210.0 339.0
153.0 293.0 158.0 318.0
203.0 315.0 210.0 340.0
267.0 177.0 268.0 201.0
153.0 294.0 158.0 318.0
204.0 315.0 210.0 339.0
219.0 288.0 225.0 312.0
124.0 228.0 130.0 258.0
272.0 510.0 286.0 539.0
396.0 367.0 403.0 386.0
467.0 637.0 474.0 638.0
150.0 294.0 157.0 319.0
241.0 237.0 244.0 260.0
186.0 295.0 192.0 321.0
271.0 510.0 286.0 539.0
218.0 287.0 225.0 312.0
212.0 454.0 223.0 480.0
173.0 227.0 178.0 256.0
205.0 315.0 210.0 339.0
219.0 287.0 225.0 312.0
102.0 204.0 108.0 237.0
218.0 289.0 225.0 314.0
317.0 332.0 323.0 352.0
220.0 288.0 225.0 315.0
152.0 294.0 158.0 318.0
272.0 509.0 286.0 539.0
272.0 511.0 286.0 539.0
212.0 453.0 223.0 480.0
204.0 317.0 210.0 340.0
213.0 517.0 226.0 547.0
203.0 314.0 210.0 340.0
213.0 518.0 226.0 547.0
338.0 363.0 345.0 381.0
239.0 229.0 243.0 257.0
283.0 544.0 299.0 573.0
267.0 178.0 268.0 201.0
173.0 229.0 178.0 256.0
186.0 298.0 192.0 321.0
218.0 527.0 230.0 554.0
186.0 297.0 192.0 321.0
395.0 367.0 403.0 386.0
87.0 163.0 92.0 192.0
202.0 315.0 210.0 340.0
376.0 380.0 383.0 399.0
186.0 296.0 192.0 321.0
151.0 294.0 158.0 318.0
205.0 316.0 210.0 339.0
212.0 456.0 224.0 483.0
316.0 331.0 322.0 353.0
239.0 228.0 243.0 257.0
213.0 456.0 224.0 483.0
87.0 164.0 92.0 192.0
240.0 238.0 244.0 260.0
466.0 637.0 474.0 638.0
466.0 638.0 474.0 638.0
396.0 368.0 403.0 387.0
152.0 295.0 158.0 318.0
460.0 264.0 463.0 282.0
212.0 455.0 223.0 481.0
271.0 509.0 286.0 539.0
375.0 380.0 383.0 399.0
395.0 368.0 403.0 387.0
139.0 222.0 145.0 251.0
466.0 636.0 474.0 638.0
342.0 118.0 340.0 140.0
215.0 518.0 229.0 552.0
376.0 379.0 383.0 399.0
357.0 105.0 355.0 129.0
140.0 223.0 146.0 252.0
338.0 362.0 345.0 381.0
185.0 296.0 192.0 321.0
284.0 545.0 299.0 573.0
185.0 297.0 192.0 321.0
213.0 454.0 224.0 480.0
63.0 94.0 66.0 125.0
125.0 230.0 130.0 258.0
140.0 224.0 146.0 252.0
213.0 455.0 224.0 483.0
357.0 106.0 355.0 131.0
139.0 223.0 146.0 252.0
260.0 367.0 270.0 392.0
103.0 204.0 107.0 236.0
238.0 229.0 243.0 257.0
151.0 295.0 158.0 318.0
238.0 228.0 243.0 257.0
185.0 295.0 192.0 321.0
103.0 203.0 107.0 236.0
337.0 363.0 344.0 381.0
163.0 355.0 171.0 379.0
214.0 517.0 226.0 547.0
102.0 203.0 107.0 236.0
124.0 230.0 130.0 259.0
239.0 227.0 243.0 257.0
172.0 228.0 178.0 256.0
337.0 362.0 345.0 381.0
261.0 279.0 267.0 305.0
375.0 379.0 383.0 399.0
358.0 107.0 355.0 131.0
338.0 364.0 345.0 381.0
88.0 163.0 92.0 192.0
63.0 95.0 66.0 125.0
261.0 367.0 270.0 392.0
260.0 281.0 267.0 305.0
100.0 48.0 101.0 79.0
359.0 108.0 355.0 131.0
100.0 49.0 101.0 79.0
261.0 278.0 267.0 305.0
260.0 280.0 267.0 305.0
359.0 107.0 355.0 131.0
103.0 202.0 107.0 236.0
316.0 332.0 323.0 352.0
214.0 518.0 226.0 547.0
99.0 49.0 101.0 79.0
102.0 202.0 107.0 236.0
102.0 201.0 107.0 236.0
174.0 542.0 188.0 572.0
67.0 124.0 73.0 162.0
262.0 281.0 267.0 305.0
360.0 107.0 357.0 130.0
237.0 507.0 252.0 539.0
359.0 106.0 357.0 130.0
358.0 106.0 355.0 131.0
104.0 203.0 107.0 236.0
99.0 47.0 101.0 79.0
99.0 48.0 101.0 79.0
459.0 264.0 463.0 282.0
261.0 366.0 270.0 392.0
260.0 279.0 267.0 305.0
261.0 281.0 267.0 305.0
164.0 355.0 171.0 379.0
261.0 368.0 271.0 393.0
461.0 256.0 463.0 282.0
238.0 507.0 252.0 539.0
98.0 48.0 101.0 79.0
286.0 560.0 300.0 585.0
103.0 201.0 107.0 236.0
175.0 542.0 189.0 572.0
262.0 366.0 270.0 392.0
261.0 280.0 267.0 305.0
262.0 367.0 270.0 392.0
262.0 280.0 267.0 305.0
164.0 278.0 171.0 304.0
375.0 378.0 383.0 399.0
167.0 270.0 173.0 296.0
164.0 277.0 170.0 303.0
337.0 365.0 345.0 384.0
358.0 105.0 356.0 130.0
260.0 40.0 257.0 68.0
418.0 87.0 415.0 110.0
139.0 224.0 146.0 252.0
338.0 365.0 345.0 383.0
258.0 40.0 257.0 68.0
260.0 41.0 257.0 68.0
286.0 561.0 300.0 585.0
259.0 41.0 257.0 68.0
287.0 17.0 286.0 34.0
67.0 123.0 73.0 162.0
315.0 331.0 322.0 353.0
174.0 544.0 188.0 572.0
174.0 543.0 188.0 572.0
176.0 543.0 189.0 572.0
259.0 40.0 257.0 68.0
175.0 541.0 189.0 572.0
67.0 122.0 73.0 162.0
259.0 39.0 257.0 68.0
285.0 16.0 286.0 34.0
174.0 545.0 188.0 572.0
176.0 542.0 189.0 572.0
418.0 88.0 415.0 110.0
418.0 89.0 415.0 110.0
354.0 350.0 361.0 370.0
285.0 19.0 284.0 46.0
359.0 105.0 356.0 130.0
174.0 541.0 188.0 572.0
354.0 351.0 361.0 370.0
285.0 17.0 286.0 34.0
315.0 332.0 322.0 353.0
165.0 278.0 171.0 304.0
66.0 124.0 73.0 162.0
284.0 19.0 284.0 46.0
286.0 16.0 286.0 34.0
175.0 543.0 189.0 572.0
281.0 361.0 289.0 386.0
175.0 544.0 189.0 572.0
337.0 364.0 345.0 383.0
419.0 87.0 415.0 110.0
360.0 106.0 357.0 130.0
286.0 17.0 286.0 34.0
197.0 421.0 207.0 446.0
262.0 279.0 267.0 305.0
285.0 18.0 284.0 46.0
175.0 545.0 189.0 572.0
179.0 348.0 188.0 373.0
284.0 18.0 284.0 46.0
284.0 17.0 286.0 34.0
287.0 16.0 286.0 34.0
354.0 349.0 361.0 370.0
164.0 279.0 171.0 304.0
419.0 88.0 415.0 110.0
353.0 350.0 361.0 370.0
461.0 255.0 463.0 282.0
66.0 122.0 73.0 162.0
314.0 331.0 322.0 353.0
180.0 348.0 188.0 373.0
197.0 422.0 207.0 446.0
353.0 349.0 361.0 370.0
180.0 347.0 188.0 373.0
167.0 271.0 173.0 296.0
354.0 352.0 361.0 370.0
286.0 18.0 286.0 34.0
66.0 123.0 73.0 162.0
181.0 349.0 188.0 373.0
168.0 271.0 173.0 296.0
419.0 89.0 415.0 110.0
180.0 349.0 188.0 373.0
353.0 348.0 361.0 370.0
174.0 405.0 184.0 438.0
173.0 405.0 184.0 438.0
352.0 349.0 361.0 370.0
174.0 404.0 184.0 438.0
172.0 403.0 184.0 438.0
181.0 348.0 188.0 373.0
173.0 404.0 184.0 438.0
173.0 403.0 184.0 438.0
281.0 360.0 289.0 386.0
353.0 347.0 361.0 370.0
198.0 422.0 207.0 446.0
162.0 378.0 170.0 401.0
67.0 39.0 70.0 73.0
21.0 2.0 22.0 12.0
163.0 378.0 171.0 402.0
236.0 332.0 245.0 349.0
236.0 333.0 245.0 369.0
162.0 377.0 170.0 401.0
67.0 37.0 70.0 73.0
66.0 38.0 70.0 73.0
67.0 38.0 70.0 73.0
66.0 37.0 70.0 73.0
163.0 377.0 171.0 402.0
66.0 36.0 70.0 73.0
162.0 376.0 170.0 401.0
388.0 26.0 381.0 49.0
235.0 334.0 245.0 369.0
282.0 357.0 289.0 386.0
388.0 25.0 381.0 49.0
163.0 376.0 170.0 401.0
387.0 26.0 381.0 49.0
298.0 628.0 314.0 626.0
235.0 333.0 245.0 349.0
25.0 30.0 28.0 66.0
253.0 365.0 270.0 392.0
297.0 628.0 314.0 626.0
297.0 629.0 314.0 626.0
25.0 32.0 29.0 69.0
26.0 32.0 29.0 69.0
24.0 30.0 28.0 65.0
295.0 628.0 314.0 626.0
296.0 629.0 314.0 626.0
296.0 628.0 314.0 626.0
25.0 29.0 28.0 65.0
24.0 29.0 28.0 65.0
26.0 31.0 29.0 69.0
25.0 31.0 28.0 66.0
26.0 29.0 28.0 66.0
387.0 25.0 381.0 49.0
155.0 226.0 147.0 252.0
178.0 239.0 179.0 256.0
156.0 226.0 147.0 252.0
179.0 239.0 179.0 256.0
26.0 30.0 29.0 69.0
156.0 227.0 147.0 252.0
195.0 515.0 198.0 553.0
195.0 514.0 198.0 553.0
183.0 364.0 189.0 376.0
178.0 240.0 179.0 256.0
184.0 365.0 189.0 376.0
195.0 513.0 198.0 553.0
182.0 365.0 189.0 376.0
183.0 365.0 189.0 376.0
157.0 226.0 147.0 252.0
177.0 240.0 179.0 256.0
196.0 513.0 198.0 553.0
238.0 33.0 236.0 65.0
179.0 240.0 179.0 256.0
183.0 366.0 189.0 376.0
239.0 33.0 236.0 65.0
196.0 514.0 198.0 553.0
238.0 32.0 236.0 65.0
238.0 34.0 236.0 65.0
287.0 608.0 314.0 626.0
256.0 517.0 261.0 553.0
181.0 12.0 159.0 30.0
286.0 609.0 314.0 626.0
239.0 32.0 236.0 65.0
286.0 608.0 314.0 626.0
239.0 30.0 178.0 42.0
179.0 12.0 159.0 30.0
256.0 518.0 261.0 553.0
180.0 12.0 159.0 30.0
239.0 31.0 236.0 65.0
138.0 186.0 139.0 188.0
198.0 406.0 207.0 444.0
143.0 580.0 172.0 596.0
256.0 516.0 261.0 553.0
137.0 186.0 139.0 188.0
328.0 181.0 332.0 187.0
238.0 31.0 236.0 65.0
