446.0 64.0 446.0 75.0
307.0 91.0 308.0 100.0
341.0 463.0 345.0 476.0
444.0 64.0 444.0 75.0
316.0 511.0 320.0 524.0
341.0 464.0 345.0 477.0
252.0 355.0 254.0 363.0
308.0 91.0 308.0 100.0
255.0 457.0 257.0 469.0
277.0 270.0 278.0 279.0
446.0 65.0 445.0 76.0
277.0 271.0 278.0 279.0
251.0 354.0 253.0 363.0
445.0 65.0 445.0 76.0
252.0 354.0 254.0 363.0
454.0 458.0 459.0 469.0
444.0 65.0 444.0 75.0
445.0 64.0 446.0 75.0
277.0 269.0 278.0 278.0
214.0 25.0 214.0 33.0
251.0 355.0 254.0 363.0
308.0 90.0 308.0 100.0
233.0 220.0 234.0 228.0
214.0 24.0 214.0 33.0
298.0 200.0 298.0 207.0
354.0 461.0 358.0 472.0
298.0 199.0 298.0 207.0
213.0 25.0 214.0 33.0
278.0 270.0 279.0 278.0
307.0 90.0 308.0 100.0
276.0 271.0 278.0 279.0
354.0 460.0 358.0 472.0
214.0 26.0 215.0 34.0
309.0 91.0 308.0 100.0
213.0 26.0 214.0 33.0
342.0 464.0 346.0 477.0
267.0 469.0 269.0 482.0
268.0 470.0 270.0 482.0
170.0 339.0 171.0 347.0
297.0 198.0 298.0 207.0
255.0 456.0 257.0 469.0
281.0 324.0 282.0 333.0
223.0 399.0 223.0 409.0
278.0 271.0 278.0 279.0
244.0 207.0 244.0 216.0
171.0 338.0 172.0 346.0
342.0 463.0 346.0 476.0
281.0 323.0 282.0 333.0
356.0 156.0 357.0 165.0
247.0 407.0 248.0 417.0
300.0 374.0 302.0 384.0
299.0 199.0 298.0 207.0
254.0 455.0 257.0 468.0
254.0 456.0 257.0 468.0
299.0 460.0 302.0 472.0
366.0 475.0 368.0 487.0
276.0 270.0 278.0 279.0
234.0 220.0 234.0 228.0
247.0 405.0 248.0 417.0
455.0 458.0 459.0 469.0
245.0 206.0 245.0 215.0
245.0 207.0 245.0 216.0
246.0 405.0 248.0 417.0
280.0 324.0 282.0 333.0
172.0 338.0 172.0 345.0
280.0 186.0 280.0 193.0
223.0 398.0 223.0 409.0
244.0 206.0 244.0 216.0
297.0 199.0 298.0 207.0
298.0 198.0 298.0 207.0
299.0 459.0 302.0 472.0
453.0 457.0 459.0 469.0
263.0 330.0 265.0 338.0
213.0 24.0 214.0 33.0
246.0 406.0 248.0 417.0
281.0 186.0 281.0 194.0
277.0 272.0 278.0 279.0
99.0 378.0 101.0 386.0
172.0 339.0 173.0 346.0
171.0 339.0 171.0 347.0
255.0 455.0 257.0 468.0
454.0 456.0 459.0 468.0
222.0 399.0 223.0 410.0
356.0 157.0 357.0 165.0
454.0 457.0 459.0 469.0
113.0 418.0 114.0 428.0
264.0 330.0 265.0 338.0
312.0 189.0 312.0 196.0
221.0 399.0 223.0 410.0
170.0 338.0 171.0 347.0
264.0 331.0 266.0 339.0
455.0 457.0 459.0 469.0
434.0 450.0 440.0 463.0
299.0 297.0 300.0 306.0
299.0 198.0 298.0 207.0
281.0 187.0 281.0 194.0
298.0 459.0 301.0 471.0
366.0 473.0 368.0 485.0
300.0 375.0 302.0 386.0
312.0 188.0 312.0 196.0
283.0 373.0 285.0 384.0
298.0 460.0 301.0 472.0
222.0 398.0 223.0 409.0
62.0 401.0 65.0 410.0
270.0 248.0 271.0 256.0
417.0 268.0 420.0 277.0
286.0 150.0 286.0 160.0
270.0 247.0 271.0 256.0
234.0 219.0 235.0 228.0
267.0 470.0 269.0 482.0
221.0 398.0 223.0 409.0
246.0 407.0 248.0 417.0
264.0 329.0 265.0 338.0
339.0 128.0 340.0 138.0
280.0 323.0 282.0 333.0
247.0 406.0 248.0 417.0
63.0 401.0 65.0 410.0
242.0 279.0 243.0 289.0
357.0 157.0 357.0 165.0
280.0 187.0 281.0 194.0
365.0 475.0 368.0 487.0
300.0 297.0 300.0 306.0
433.0 449.0 440.0 463.0
263.0 329.0 265.0 338.0
98.0 378.0 101.0 386.0
311.0 188.0 312.0 196.0
243.0 279.0 243.0 289.0
63.0 400.0 65.0 410.0
108.0 455.0 112.0 467.0
100.0 379.0 101.0 386.0
114.0 418.0 115.0 428.0
243.0 280.0 243.0 289.0
366.0 474.0 368.0 485.0
433.0 450.0 440.0 463.0
269.0 67.0 268.0 76.0
256.0 456.0 257.0 469.0
113.0 417.0 115.0 428.0
256.0 457.0 257.0 469.0
417.0 267.0 420.0 277.0
268.0 64.0 269.0 75.0
435.0 434.0 440.0 446.0
269.0 247.0 271.0 256.0
62.0 400.0 65.0 410.0
300.0 376.0 302.0 386.0
114.0 416.0 115.0 428.0
378.0 61.0 372.0 77.0
436.0 434.0 440.0 446.0
417.0 269.0 420.0 277.0
203.0 327.0 204.0 336.0
435.0 435.0 440.0 446.0
226.0 256.0 228.0 263.0
296.0 267.0 297.0 276.0
269.0 65.0 270.0 76.0
436.0 435.0 440.0 446.0
432.0 449.0 438.0 464.0
267.0 64.0 268.0 76.0
129.0 44.0 128.0 50.0
204.0 329.0 204.0 336.0
295.0 267.0 297.0 276.0
285.0 150.0 286.0 160.0
268.0 65.0 269.0 77.0
108.0 453.0 112.0 467.0
267.0 471.0 270.0 483.0
297.0 459.0 301.0 472.0
72.0 442.0 74.0 453.0
114.0 417.0 115.0 428.0
148.0 342.0 149.0 351.0
371.0 169.0 372.0 178.0
99.0 379.0 101.0 386.0
64.0 401.0 65.0 410.0
100.0 378.0 101.0 386.0
299.0 296.0 300.0 306.0
372.0 169.0 372.0 178.0
269.0 66.0 269.0 77.0
109.0 454.0 112.0 467.0
295.0 266.0 297.0 276.0
371.0 168.0 372.0 178.0
108.0 454.0 112.0 467.0
300.0 296.0 300.0 306.0
203.0 328.0 204.0 336.0
370.0 169.0 372.0 177.0
71.0 443.0 74.0 453.0
64.0 400.0 66.0 410.0
416.0 267.0 420.0 277.0
418.0 269.0 420.0 277.0
464.0 232.0 467.0 242.0
268.0 66.0 268.0 76.0
365.0 474.0 368.0 485.0
271.0 248.0 271.0 256.0
418.0 268.0 420.0 277.0
264.0 374.0 267.0 383.0
131.0 126.0 132.0 135.0
170.0 33.0 170.0 43.0
267.0 65.0 268.0 76.0
365.0 473.0 368.0 485.0
463.0 232.0 467.0 242.0
148.0 343.0 149.0 351.0
132.0 126.0 133.0 134.0
227.0 255.0 228.0 263.0
109.0 453.0 112.0 467.0
204.0 328.0 204.0 336.0
209.0 246.0 210.0 254.0
401.0 34.0 402.0 43.0
226.0 254.0 227.0 263.0
130.0 44.0 128.0 50.0
379.0 61.0 372.0 77.0
418.0 267.0 420.0 277.0
72.0 443.0 74.0 453.0
171.0 34.0 171.0 43.0
463.0 233.0 467.0 243.0
98.0 379.0 101.0 386.0
54.0 462.0 56.0 473.0
147.0 342.0 149.0 351.0
227.0 256.0 228.0 263.0
115.0 417.0 115.0 428.0
226.0 273.0 226.0 283.0
170.0 34.0 170.0 43.0
171.0 35.0 171.0 43.0
226.0 255.0 228.0 263.0
264.0 373.0 266.0 383.0
54.0 463.0 56.0 473.0
401.0 32.0 402.0 43.0
432.0 450.0 438.0 464.0
286.0 104.0 287.0 114.0
72.0 444.0 73.0 453.0
129.0 45.0 128.0 50.0
204.0 327.0 204.0 336.0
34.0 267.0 36.0 274.0
402.0 34.0 402.0 43.0
401.0 33.0 402.0 43.0
416.0 268.0 420.0 277.0
34.0 266.0 36.0 274.0
402.0 32.0 402.0 43.0
171.0 33.0 171.0 43.0
131.0 125.0 132.0 135.0
106.0 104.0 107.0 113.0
217.0 369.0 218.0 379.0
147.0 343.0 149.0 351.0
182.0 354.0 183.0 363.0
132.0 125.0 133.0 134.0
339.0 398.0 341.0 410.0
182.0 353.0 183.0 362.0
339.0 399.0 341.0 410.0
286.0 103.0 287.0 113.0
106.0 105.0 107.0 113.0
183.0 354.0 183.0 363.0
33.0 266.0 36.0 274.0
129.0 43.0 128.0 50.0
462.0 233.0 467.0 243.0
338.0 400.0 341.0 411.0
35.0 266.0 36.0 274.0
218.0 369.0 218.0 379.0
132.0 124.0 133.0 134.0
297.0 130.0 297.0 138.0
160.0 307.0 161.0 315.0
225.0 273.0 226.0 283.0
161.0 306.0 161.0 314.0
131.0 124.0 133.0 134.0
55.0 462.0 56.0 473.0
462.0 232.0 467.0 242.0
160.0 306.0 161.0 315.0
337.0 399.0 341.0 410.0
132.0 127.0 133.0 136.0
181.0 354.0 183.0 363.0
182.0 355.0 183.0 363.0
213.0 279.0 213.0 288.0
338.0 399.0 341.0 410.0
187.0 325.0 188.0 332.0
212.0 280.0 213.0 288.0
298.0 129.0 297.0 138.0
297.0 129.0 297.0 138.0
402.0 33.0 402.0 43.0
208.0 247.0 210.0 254.0
399.0 284.0 401.0 294.0
224.0 273.0 225.0 283.0
285.0 103.0 287.0 113.0
187.0 324.0 188.0 332.0
225.0 274.0 226.0 283.0
213.0 280.0 213.0 288.0
218.0 370.0 220.0 378.0
183.0 353.0 183.0 362.0
181.0 353.0 183.0 362.0
297.0 128.0 297.0 138.0
53.0 463.0 56.0 473.0
212.0 279.0 213.0 288.0
224.0 274.0 225.0 283.0
398.0 284.0 401.0 294.0
25.0 609.0 26.0 616.0
24.0 608.0 26.0 616.0
53.0 462.0 56.0 473.0
186.0 324.0 188.0 332.0
399.0 285.0 401.0 294.0
25.0 608.0 26.0 616.0
407.0 427.0 412.0 441.0
338.0 398.0 341.0 410.0
181.0 355.0 183.0 363.0
187.0 326.0 187.0 334.0
398.0 285.0 401.0 294.0
186.0 325.0 188.0 332.0
220.0 294.0 221.0 303.0
399.0 283.0 401.0 294.0
398.0 340.0 400.0 350.0
24.0 609.0 26.0 616.0
109.0 476.0 111.0 486.0
16.0 304.0 18.0 314.0
226.0 380.0 228.0 390.0
397.0 341.0 400.0 352.0
397.0 340.0 400.0 352.0
221.0 293.0 221.0 302.0
227.0 380.0 228.0 389.0
186.0 326.0 187.0 334.0
221.0 294.0 221.0 303.0
226.0 379.0 228.0 390.0
11.0 526.0 14.0 533.0
16.0 305.0 18.0 314.0
220.0 293.0 221.0 302.0
155.0 302.0 159.0 314.0
397.0 339.0 400.0 350.0
400.0 284.0 401.0 294.0
226.0 381.0 228.0 390.0
44.0 496.0 46.0 505.0
225.0 381.0 228.0 390.0
17.0 305.0 18.0 314.0
386.0 314.0 392.0 321.0
28.0 485.0 32.0 490.0
396.0 340.0 400.0 352.0
44.0 497.0 46.0 506.0
110.0 476.0 111.0 486.0
17.0 304.0 18.0 314.0
109.0 475.0 111.0 486.0
396.0 339.0 400.0 352.0
12.0 528.0 14.0 533.0
400.0 283.0 401.0 294.0
227.0 381.0 228.0 390.0
10.0 328.0 10.0 334.0
339.0 44.0 339.0 55.0
136.0 360.0 139.0 366.0
106.0 617.0 108.0 632.0
137.0 359.0 139.0 366.0
45.0 497.0 46.0 506.0
45.0 498.0 46.0 506.0
137.0 360.0 139.0 366.0
10.0 329.0 10.0 334.0
137.0 361.0 139.0 366.0
45.0 496.0 46.0 506.0
219.0 294.0 221.0 303.0
22.0 544.0 23.0 554.0
356.0 328.0 354.0 344.0
138.0 360.0 139.0 366.0
110.0 475.0 111.0 486.0
28.0 486.0 32.0 490.0
225.0 380.0 228.0 390.0
339.0 43.0 339.0 55.0
22.0 545.0 23.0 554.0
111.0 475.0 111.0 486.0
106.0 616.0 108.0 632.0
9.0 330.0 10.0 334.0
105.0 616.0 108.0 632.0
355.0 328.0 354.0 344.0
9.0 328.0 10.0 334.0
9.0 329.0 10.0 334.0
105.0 617.0 108.0 632.0
356.0 329.0 354.0 344.0
7.0 449.0 10.0 455.0
6.0 449.0 10.0 455.0
343.0 581.0 348.0 594.0
10.0 330.0 10.0 334.0
110.0 474.0 111.0 486.0
23.0 544.0 23.0 554.0
8.0 448.0 10.0 455.0
308.0 113.0 316.0 128.0
7.0 448.0 10.0 455.0
6.0 448.0 10.0 455.0
106.0 615.0 108.0 632.0
357.0 329.0 354.0 344.0
344.0 582.0 348.0 594.0
343.0 582.0 348.0 594.0
328.0 589.0 332.0 600.0
105.0 615.0 108.0 632.0
357.0 328.0 354.0 344.0
328.0 588.0 332.0 600.0
308.0 112.0 316.0 128.0
113.0 587.0 115.0 586.0
110.0 571.0 115.0 586.0
329.0 588.0 332.0 600.0
315.0 324.0 308.0 341.0
307.0 113.0 316.0 128.0
110.0 570.0 115.0 586.0
114.0 587.0 115.0 586.0
115.0 587.0 115.0 586.0
316.0 324.0 308.0 341.0
159.0 622.0 164.0 636.0
307.0 112.0 316.0 128.0
372.0 621.0 377.0 633.0
275.0 222.0 284.0 242.0
372.0 620.0 377.0 633.0
169.0 287.0 161.0 314.0
2.0 630.0 2.0 615.0
116.0 387.0 123.0 389.0
170.0 286.0 161.0 314.0
3.0 631.0 2.0 615.0
275.0 221.0 284.0 242.0
2.0 631.0 2.0 615.0
222.0 626.0 164.0 636.0
368.0 428.0 376.0 450.0
