92.0 338.0 99.0 340.0
93.0 338.0 99.0 340.0
82.0 34.0 96.0 37.0
81.0 34.0 96.0 37.0
181.0 475.0 185.0 478.0
92.0 337.0 99.0 340.0
93.0 337.0 100.0 340.0
151.0 509.0 155.0 510.0
303.0 537.0 304.0 553.0
11.0 441.0 17.0 436.0
283.0 556.0 284.0 570.0
304.0 537.0 304.0 553.0
282.0 557.0 284.0 570.0
136.0 528.0 139.0 527.0
304.0 536.0 304.0 553.0
303.0 536.0 304.0 553.0
282.0 556.0 284.0 570.0
11.0 440.0 17.0 436.0
11.0 439.0 17.0 436.0
303.0 535.0 304.0 553.0
182.0 475.0 185.0 478.0
144.0 600.0 145.0 599.0
83.0 499.0 88.0 494.0
83.0 498.0 88.0 494.0
10.0 441.0 17.0 436.0
142.0 426.0 146.0 427.0
142.0 425.0 146.0 427.0
302.0 536.0 304.0 553.0
147.0 472.0 151.0 474.0
147.0 471.0 151.0 474.0
146.0 471.0 150.0 474.0
169.0 542.0 172.0 544.0
168.0 542.0 172.0 544.0
146.0 473.0 150.0 474.0
167.0 542.0 172.0 544.0
180.0 153.0 192.0 166.0
199.0 567.0 202.0 570.0
213.0 409.0 219.0 419.0
143.0 425.0 146.0 427.0
147.0 473.0 151.0 474.0
84.0 498.0 89.0 493.0
168.0 541.0 172.0 544.0
281.0 556.0 284.0 570.0
10.0 440.0 17.0 436.0
146.0 472.0 151.0 474.0
227.0 431.0 232.0 441.0
148.0 472.0 151.0 474.0
171.0 332.0 178.0 341.0
84.0 499.0 88.0 494.0
259.0 427.0 261.0 439.0
141.0 426.0 146.0 427.0
258.0 426.0 261.0 439.0
141.0 425.0 146.0 427.0
167.0 541.0 172.0 544.0
281.0 557.0 284.0 570.0
259.0 426.0 261.0 439.0
258.0 427.0 261.0 440.0
337.0 514.0 338.0 530.0
137.0 452.0 141.0 452.0
181.0 153.0 192.0 166.0
227.0 430.0 232.0 441.0
186.0 186.0 195.0 202.0
106.0 272.0 114.0 281.0
213.0 408.0 219.0 419.0
181.0 152.0 192.0 166.0
106.0 271.0 114.0 281.0
352.0 179.0 358.0 206.0
182.0 481.0 185.0 478.0
186.0 187.0 195.0 202.0
187.0 361.0 191.0 366.0
137.0 453.0 141.0 453.0
137.0 451.0 141.0 452.0
180.0 152.0 192.0 166.0
94.0 574.0 97.0 572.0
105.0 272.0 114.0 282.0
103.0 148.0 116.0 154.0
207.0 393.0 211.0 401.0
351.0 179.0 358.0 206.0
206.0 394.0 211.0 401.0
219.0 411.0 219.0 419.0
251.0 103.0 259.0 124.0
336.0 514.0 338.0 530.0
187.0 360.0 191.0 366.0
351.0 178.0 358.0 206.0
186.0 360.0 191.0 366.0
308.0 235.0 316.0 253.0
94.0 573.0 97.0 572.0
186.0 359.0 191.0 366.0
296.0 517.0 299.0 529.0
207.0 394.0 211.0 401.0
250.0 102.0 259.0 124.0
136.0 452.0 141.0 452.0
282.0 95.0 292.0 112.0
102.0 149.0 116.0 154.0
177.0 403.0 182.0 407.0
352.0 178.0 358.0 206.0
283.0 95.0 292.0 112.0
105.0 271.0 114.0 281.0
309.0 234.0 316.0 253.0
166.0 392.0 171.0 396.0
250.0 104.0 259.0 124.0
206.0 393.0 211.0 401.0
93.0 574.0 96.0 572.0
465.0 332.0 468.0 361.0
353.0 178.0 358.0 206.0
93.0 573.0 96.0 571.0
250.0 103.0 259.0 124.0
309.0 235.0 316.0 253.0
234.0 123.0 243.0 143.0
296.0 518.0 299.0 529.0
116.0 21.0 130.0 27.0
186.0 361.0 191.0 366.0
262.0 421.0 265.0 434.0
353.0 179.0 358.0 206.0
218.0 157.0 228.0 171.0
421.0 312.0 419.0 336.0
234.0 122.0 243.0 143.0
104.0 148.0 116.0 154.0
408.0 456.0 407.0 482.0
233.0 123.0 243.0 143.0
341.0 383.0 345.0 403.0
309.0 236.0 316.0 253.0
421.0 313.0 419.0 336.0
220.0 411.0 219.0 419.0
407.0 457.0 407.0 482.0
367.0 303.0 370.0 328.0
219.0 158.0 228.0 171.0
465.0 331.0 467.0 361.0
342.0 383.0 345.0 403.0
342.0 384.0 345.0 403.0
104.0 149.0 116.0 154.0
221.0 83.0 232.0 101.0
221.0 82.0 232.0 101.0
427.0 514.0 429.0 535.0
222.0 82.0 232.0 101.0
103.0 149.0 116.0 154.0
310.0 235.0 316.0 253.0
466.0 331.0 468.0 361.0
366.0 302.0 370.0 328.0
103.0 150.0 116.0 154.0
422.0 312.0 419.0 336.0
427.0 513.0 429.0 535.0
142.0 242.0 151.0 254.0
222.0 84.0 232.0 101.0
161.0 207.0 172.0 218.0
233.0 122.0 243.0 143.0
463.0 354.0 464.0 379.0
117.0 21.0 130.0 27.0
242.0 92.0 253.0 108.0
116.0 22.0 130.0 27.0
366.0 303.0 370.0 328.0
337.0 258.0 342.0 276.0
223.0 83.0 232.0 101.0
465.0 330.0 468.0 361.0
428.0 513.0 429.0 535.0
104.0 150.0 116.0 154.0
266.0 268.0 274.0 281.0
218.0 158.0 228.0 171.0
338.0 258.0 342.0 276.0
160.0 206.0 172.0 218.0
428.0 514.0 429.0 535.0
141.0 243.0 152.0 255.0
466.0 330.0 468.0 361.0
401.0 348.0 404.0 371.0
222.0 83.0 232.0 101.0
267.0 269.0 276.0 282.0
141.0 242.0 151.0 254.0
142.0 243.0 152.0 255.0
462.0 355.0 463.0 379.0
109.0 132.0 123.0 140.0
339.0 259.0 342.0 276.0
337.0 259.0 342.0 276.0
110.0 132.0 123.0 140.0
334.0 225.0 341.0 243.0
266.0 269.0 275.0 282.0
218.0 159.0 228.0 171.0
338.0 259.0 342.0 276.0
199.0 231.0 208.0 253.0
198.0 231.0 208.0 253.0
219.0 159.0 228.0 171.0
335.0 226.0 341.0 244.0
181.0 234.0 192.0 247.0
56.0 134.0 65.0 127.0
124.0 230.0 134.0 234.0
461.0 355.0 463.0 379.0
334.0 226.0 340.0 245.0
199.0 232.0 208.0 253.0
161.0 206.0 172.0 218.0
123.0 231.0 134.0 234.0
102.0 591.0 101.0 578.0
388.0 210.0 389.0 235.0
182.0 234.0 192.0 247.0
387.0 209.0 389.0 235.0
111.0 132.0 123.0 140.0
317.0 83.0 324.0 105.0
55.0 133.0 65.0 127.0
318.0 82.0 324.0 105.0
317.0 82.0 324.0 105.0
411.0 187.0 415.0 213.0
373.0 337.0 377.0 362.0
374.0 337.0 377.0 362.0
103.0 591.0 101.0 578.0
396.0 250.0 399.0 282.0
124.0 231.0 134.0 234.0
316.0 82.0 324.0 105.0
424.0 483.0 420.0 511.0
162.0 206.0 172.0 218.0
449.0 337.0 453.0 362.0
396.0 251.0 399.0 282.0
373.0 336.0 377.0 362.0
316.0 83.0 324.0 105.0
430.0 286.0 433.0 311.0
161.0 205.0 172.0 218.0
131.0 149.0 143.0 157.0
55.0 134.0 65.0 127.0
450.0 337.0 453.0 362.0
103.0 590.0 101.0 578.0
318.0 83.0 324.0 105.0
416.0 272.0 414.0 305.0
374.0 336.0 377.0 362.0
434.0 470.0 436.0 498.0
449.0 338.0 453.0 362.0
321.0 142.0 331.0 171.0
435.0 470.0 436.0 498.0
431.0 286.0 433.0 311.0
374.0 335.0 377.0 362.0
450.0 338.0 453.0 362.0
411.0 186.0 415.0 213.0
216.0 120.0 226.0 141.0
320.0 142.0 331.0 171.0
215.0 120.0 226.0 141.0
434.0 469.0 436.0 498.0
435.0 471.0 436.0 498.0
435.0 469.0 436.0 498.0
134.0 133.0 143.0 142.0
434.0 471.0 436.0 498.0
430.0 287.0 433.0 311.0
410.0 97.0 416.0 128.0
410.0 187.0 415.0 213.0
395.0 250.0 399.0 282.0
410.0 96.0 416.0 128.0
303.0 99.0 311.0 120.0
409.0 96.0 416.0 128.0
134.0 134.0 143.0 142.0
409.0 97.0 416.0 128.0
137.0 364.0 147.0 380.0
385.0 295.0 388.0 320.0
216.0 119.0 226.0 141.0
417.0 272.0 414.0 305.0
313.0 172.0 324.0 193.0
372.0 212.0 373.0 231.0
215.0 119.0 226.0 141.0
313.0 173.0 324.0 193.0
314.0 173.0 324.0 193.0
247.0 219.0 254.0 234.0
384.0 296.0 388.0 320.0
374.0 130.0 379.0 145.0
248.0 219.0 254.0 234.0
410.0 186.0 415.0 213.0
314.0 172.0 324.0 193.0
137.0 363.0 147.0 380.0
303.0 100.0 311.0 120.0
375.0 129.0 379.0 145.0
383.0 294.0 387.0 318.0
383.0 295.0 387.0 318.0
248.0 220.0 254.0 234.0
214.0 271.0 223.0 282.0
93.0 17.0 96.0 36.0
384.0 295.0 388.0 320.0
92.0 17.0 96.0 36.0
207.0 194.0 210.0 218.0
144.0 259.0 151.0 256.0
249.0 235.0 255.0 256.0
92.0 16.0 96.0 36.0
375.0 130.0 379.0 145.0
