415.0 253.0 412.0 244.0
469.0 195.0 467.0 189.0
107.0 281.0 102.0 264.0
108.0 282.0 101.0 265.0
174.0 471.0 164.0 457.0
107.0 282.0 101.0 265.0
107.0 280.0 102.0 264.0
412.0 142.0 411.0 130.0
416.0 253.0 412.0 244.0
469.0 196.0 467.0 189.0
150.0 235.0 145.0 219.0
174.0 472.0 164.0 457.0
68.0 269.0 63.0 252.0
149.0 233.0 145.0 218.0
108.0 281.0 102.0 264.0
270.0 480.0 261.0 465.0
415.0 252.0 412.0 244.0
416.0 252.0 412.0 244.0
190.0 183.0 186.0 167.0
150.0 233.0 145.0 218.0
468.0 195.0 467.0 189.0
271.0 481.0 261.0 466.0
394.0 268.0 390.0 259.0
149.0 187.0 146.0 171.0
270.0 481.0 261.0 466.0
411.0 141.0 411.0 130.0
149.0 235.0 145.0 219.0
108.0 283.0 101.0 265.0
150.0 234.0 145.0 219.0
395.0 269.0 390.0 259.0
470.0 195.0 467.0 189.0
67.0 269.0 63.0 252.0
149.0 186.0 145.0 170.0
270.0 482.0 261.0 466.0
393.0 268.0 390.0 259.0
205.0 257.0 202.0 242.0
164.0 185.0 163.0 167.0
415.0 251.0 412.0 244.0
394.0 267.0 390.0 259.0
207.0 317.0 202.0 301.0
148.0 187.0 145.0 170.0
207.0 318.0 202.0 302.0
291.0 119.0 289.0 107.0
395.0 268.0 390.0 259.0
394.0 269.0 390.0 259.0
208.0 318.0 203.0 302.0
290.0 120.0 289.0 107.0
86.0 479.0 80.0 462.0
149.0 234.0 145.0 219.0
68.0 270.0 63.0 253.0
412.0 141.0 411.0 130.0
291.0 120.0 289.0 107.0
292.0 289.0 288.0 276.0
86.0 480.0 80.0 463.0
175.0 472.0 164.0 457.0
85.0 479.0 80.0 463.0
456.0 227.0 453.0 220.0
67.0 270.0 63.0 253.0
148.0 186.0 145.0 170.0
148.0 234.0 145.0 218.0
122.0 183.0 118.0 164.0
123.0 183.0 118.0 164.0
164.0 184.0 163.0 167.0
53.0 501.0 47.0 483.0
291.0 122.0 289.0 107.0
53.0 502.0 47.0 484.0
87.0 479.0 80.0 462.0
291.0 121.0 289.0 107.0
163.0 184.0 162.0 166.0
454.0 227.0 453.0 220.0
413.0 141.0 411.0 130.0
162.0 316.0 157.0 300.0
266.0 190.0 263.0 175.0
267.0 189.0 263.0 175.0
393.0 267.0 390.0 259.0
393.0 266.0 390.0 259.0
167.0 236.0 164.0 218.0
168.0 233.0 164.0 218.0
393.0 269.0 390.0 259.0
206.0 257.0 203.0 242.0
188.0 498.0 179.0 481.0
147.0 187.0 145.0 170.0
85.0 478.0 80.0 462.0
147.0 186.0 144.0 170.0
122.0 182.0 118.0 164.0
87.0 478.0 80.0 462.0
290.0 121.0 289.0 107.0
392.0 268.0 390.0 259.0
311.0 291.0 307.0 279.0
205.0 258.0 202.0 242.0
454.0 226.0 452.0 219.0
163.0 185.0 162.0 166.0
455.0 226.0 453.0 220.0
108.0 246.0 104.0 231.0
162.0 545.0 154.0 528.0
290.0 122.0 289.0 107.0
122.0 184.0 118.0 164.0
53.0 500.0 47.0 483.0
168.0 237.0 164.0 218.0
455.0 228.0 453.0 220.0
167.0 235.0 164.0 218.0
292.0 290.0 288.0 276.0
218.0 300.0 213.0 287.0
225.0 210.0 221.0 195.0
168.0 234.0 164.0 218.0
162.0 544.0 154.0 526.0
167.0 234.0 164.0 218.0
206.0 258.0 203.0 242.0
406.0 128.0 406.0 119.0
163.0 315.0 158.0 299.0
293.0 288.0 288.0 274.0
86.0 478.0 80.0 462.0
168.0 235.0 164.0 218.0
293.0 289.0 288.0 276.0
109.0 245.0 104.0 231.0
171.0 167.0 168.0 152.0
51.0 477.0 45.0 459.0
301.0 137.0 301.0 124.0
406.0 127.0 406.0 119.0
109.0 246.0 105.0 231.0
267.0 188.0 263.0 175.0
267.0 190.0 263.0 175.0
163.0 316.0 158.0 299.0
142.0 118.0 141.0 103.0
455.0 227.0 453.0 220.0
269.0 480.0 261.0 465.0
407.0 127.0 406.0 119.0
208.0 317.0 203.0 302.0
407.0 128.0 406.0 119.0
54.0 502.0 47.0 484.0
168.0 236.0 164.0 218.0
293.0 290.0 288.0 276.0
95.0 575.0 86.0 556.0
454.0 228.0 453.0 220.0
206.0 259.0 203.0 242.0
121.0 183.0 118.0 164.0
167.0 237.0 164.0 218.0
296.0 272.0 291.0 260.0
453.0 227.0 452.0 219.0
206.0 256.0 203.0 241.0
188.0 322.0 184.0 307.0
86.0 477.0 79.0 461.0
161.0 545.0 154.0 528.0
224.0 211.0 220.0 195.0
312.0 290.0 307.0 279.0
110.0 246.0 105.0 231.0
392.0 267.0 390.0 259.0
109.0 247.0 105.0 231.0
54.0 501.0 47.0 484.0
218.0 301.0 213.0 287.0
51.0 478.0 45.0 459.0
188.0 499.0 179.0 481.0
224.0 210.0 220.0 195.0
266.0 189.0 263.0 175.0
103.0 94.0 100.0 75.0
161.0 544.0 154.0 526.0
163.0 317.0 158.0 300.0
171.0 168.0 168.0 152.0
295.0 273.0 291.0 260.0
164.0 316.0 158.0 299.0
405.0 128.0 406.0 119.0
104.0 94.0 100.0 75.0
311.0 290.0 307.0 279.0
164.0 317.0 158.0 300.0
50.0 477.0 45.0 459.0
110.0 245.0 105.0 231.0
94.0 576.0 85.0 557.0
188.0 321.0 184.0 307.0
421.0 128.0 421.0 122.0
296.0 271.0 291.0 259.0
189.0 322.0 184.0 307.0
295.0 271.0 291.0 259.0
102.0 94.0 100.0 75.0
164.0 315.0 158.0 299.0
269.0 481.0 261.0 466.0
421.0 129.0 421.0 122.0
95.0 576.0 86.0 557.0
294.0 289.0 288.0 276.0
224.0 209.0 221.0 195.0
54.0 500.0 47.0 483.0
70.0 525.0 64.0 506.0
187.0 321.0 184.0 307.0
171.0 166.0 168.0 152.0
453.0 228.0 453.0 220.0
420.0 128.0 421.0 122.0
218.0 302.0 213.0 287.0
217.0 300.0 213.0 287.0
83.0 254.0 78.0 238.0
128.0 104.0 125.0 86.0
228.0 454.0 221.0 440.0
295.0 272.0 291.0 260.0
71.0 524.0 64.0 506.0
70.0 526.0 63.0 506.0
311.0 289.0 307.0 279.0
420.0 129.0 421.0 122.0
265.0 189.0 263.0 175.0
94.0 575.0 85.0 557.0
160.0 545.0 154.0 528.0
296.0 273.0 291.0 260.0
412.0 140.0 411.0 130.0
172.0 167.0 168.0 152.0
110.0 247.0 105.0 232.0
269.0 482.0 261.0 466.0
310.0 289.0 306.0 279.0
128.0 105.0 125.0 86.0
83.0 252.0 78.0 238.0
294.0 271.0 291.0 259.0
171.0 165.0 168.0 152.0
50.0 478.0 45.0 459.0
207.0 258.0 203.0 242.0
228.0 455.0 221.0 440.0
266.0 188.0 263.0 175.0
94.0 574.0 85.0 557.0
71.0 525.0 64.0 506.0
50.0 479.0 45.0 459.0
228.0 188.0 226.0 174.0
93.0 575.0 85.0 557.0
83.0 253.0 78.0 238.0
229.0 187.0 226.0 174.0
181.0 355.0 175.0 339.0
227.0 453.0 219.0 439.0
228.0 187.0 226.0 174.0
421.0 130.0 421.0 122.0
301.0 136.0 301.0 124.0
51.0 479.0 45.0 459.0
172.0 166.0 168.0 152.0
172.0 165.0 168.0 152.0
207.0 256.0 203.0 242.0
49.0 478.0 45.0 459.0
197.0 228.0 193.0 211.0
309.0 257.0 305.0 245.0
111.0 555.0 103.0 539.0
294.0 272.0 291.0 260.0
143.0 119.0 141.0 103.0
217.0 301.0 213.0 287.0
91.0 529.0 82.0 512.0
207.0 257.0 203.0 242.0
79.0 175.0 76.0 159.0
265.0 188.0 263.0 175.0
405.0 127.0 406.0 119.0
143.0 118.0 141.0 103.0
93.0 576.0 85.0 557.0
112.0 555.0 103.0 538.0
72.0 525.0 64.0 506.0
80.0 174.0 76.0 159.0
173.0 66.0 172.0 49.0
406.0 126.0 406.0 119.0
71.0 526.0 64.0 506.0
174.0 66.0 173.0 49.0
79.0 174.0 76.0 159.0
227.0 455.0 221.0 440.0
104.0 95.0 100.0 75.0
103.0 95.0 100.0 75.0
111.0 554.0 102.0 537.0
94.0 577.0 85.0 557.0
173.0 65.0 172.0 48.0
90.0 528.0 82.0 512.0
72.0 526.0 64.0 506.0
172.0 65.0 172.0 48.0
123.0 528.0 114.0 510.0
160.0 544.0 154.0 526.0
91.0 530.0 82.0 512.0
90.0 529.0 82.0 512.0
80.0 175.0 77.0 158.0
112.0 554.0 102.0 538.0
123.0 529.0 115.0 511.0
236.0 434.0 227.0 420.0
124.0 591.0 114.0 572.0
174.0 65.0 172.0 48.0
227.0 454.0 219.0 439.0
19.0 200.0 13.0 180.0
298.0 153.0 296.0 140.0
123.0 591.0 114.0 572.0
173.0 64.0 172.0 48.0
90.0 531.0 82.0 512.0
147.0 143.0 145.0 123.0
172.0 64.0 172.0 48.0
89.0 529.0 81.0 511.0
77.0 557.0 69.0 538.0
310.0 256.0 305.0 245.0
339.0 92.0 338.0 78.0
235.0 434.0 227.0 420.0
472.0 250.0 468.0 243.0
90.0 530.0 82.0 512.0
122.0 85.0 120.0 67.0
124.0 592.0 114.0 572.0
337.0 92.0 337.0 78.0
338.0 91.0 337.0 78.0
71.0 551.0 63.0 532.0
129.0 104.0 125.0 86.0
43.0 243.0 39.0 226.0
235.0 435.0 227.0 420.0
159.0 544.0 154.0 526.0
472.0 249.0 468.0 243.0
103.0 96.0 100.0 75.0
338.0 92.0 337.0 78.0
60.0 570.0 52.0 552.0
81.0 174.0 77.0 158.0
44.0 242.0 39.0 226.0
123.0 592.0 114.0 573.0
93.0 577.0 85.0 557.0
148.0 143.0 145.0 123.0
338.0 93.0 337.0 78.0
186.0 573.0 176.0 555.0
337.0 91.0 337.0 78.0
471.0 249.0 468.0 243.0
134.0 320.0 129.0 304.0
186.0 572.0 176.0 555.0
111.0 553.0 102.0 537.0
135.0 320.0 129.0 304.0
44.0 244.0 39.0 226.0
45.0 243.0 39.0 226.0
89.0 530.0 81.0 511.0
339.0 93.0 337.0 78.0
134.0 319.0 129.0 304.0
188.0 435.0 181.0 420.0
185.0 573.0 176.0 555.0
89.0 531.0 81.0 511.0
186.0 574.0 176.0 556.0
135.0 319.0 129.0 304.0
21.0 491.0 14.0 479.0
44.0 243.0 39.0 226.0
125.0 592.0 114.0 572.0
203.0 427.0 196.0 412.0
203.0 426.0 196.0 412.0
122.0 528.0 114.0 510.0
90.0 148.0 86.0 130.0
75.0 150.0 72.0 134.0
71.0 550.0 63.0 532.0
45.0 242.0 39.0 226.0
75.0 151.0 72.0 134.0
188.0 436.0 181.0 420.0
234.0 433.0 227.0 420.0
297.0 153.0 296.0 140.0
76.0 151.0 72.0 134.0
123.0 593.0 114.0 573.0
93.0 126.0 88.0 111.0
234.0 434.0 227.0 421.0
91.0 148.0 86.0 130.0
124.0 593.0 114.0 573.0
148.0 144.0 145.0 123.0
234.0 435.0 227.0 421.0
268.0 481.0 261.0 466.0
125.0 593.0 114.0 573.0
203.0 425.0 196.0 411.0
189.0 250.0 185.0 235.0
19.0 556.0 11.0 536.0
204.0 45.0 205.0 29.0
235.0 433.0 227.0 420.0
202.0 426.0 196.0 412.0
205.0 45.0 205.0 29.0
204.0 44.0 205.0 29.0
187.0 435.0 181.0 420.0
93.0 125.0 88.0 111.0
187.0 436.0 181.0 420.0
190.0 251.0 185.0 235.0
188.0 434.0 181.0 420.0
205.0 44.0 205.0 29.0
202.0 427.0 196.0 412.0
45.0 244.0 39.0 226.0
148.0 145.0 145.0 123.0
92.0 126.0 88.0 111.0
18.0 186.0 13.0 179.0
59.0 570.0 52.0 552.0
19.0 554.0 11.0 536.0
23.0 524.0 15.0 499.0
91.0 149.0 86.0 130.0
19.0 557.0 11.0 536.0
18.0 554.0 11.0 536.0
24.0 524.0 15.0 499.0
52.0 263.0 46.0 243.0
24.0 523.0 15.0 499.0
18.0 185.0 13.0 179.0
23.0 523.0 15.0 499.0
233.0 584.0 221.0 564.0
232.0 584.0 221.0 564.0
20.0 556.0 11.0 536.0
18.0 555.0 11.0 536.0
18.0 556.0 11.0 536.0
19.0 555.0 11.0 536.0
189.0 49.0 189.0 37.0
232.0 585.0 221.0 564.0
188.0 50.0 189.0 37.0
233.0 585.0 221.0 564.0
187.0 434.0 181.0 420.0
19.0 185.0 13.0 179.0
188.0 49.0 189.0 37.0
190.0 250.0 185.0 235.0
20.0 554.0 11.0 536.0
189.0 50.0 189.0 37.0
196.0 220.0 193.0 211.0
251.0 22.0 250.0 9.0
20.0 555.0 11.0 536.0
189.0 51.0 188.0 37.0
78.0 609.0 69.0 591.0
53.0 264.0 46.0 243.0
252.0 25.0 252.0 9.0
188.0 51.0 188.0 37.0
251.0 25.0 252.0 9.0
251.0 23.0 250.0 9.0
252.0 23.0 250.0 9.0
250.0 24.0 250.0 9.0
250.0 23.0 250.0 9.0
6.0 254.0 10.0 225.0
41.0 611.0 34.0 593.0
197.0 220.0 193.0 211.0
41.0 610.0 34.0 593.0
251.0 24.0 250.0 9.0
41.0 609.0 34.0 593.0
6.0 255.0 10.0 225.0
252.0 24.0 252.0 9.0
42.0 609.0 35.0 593.0
40.0 610.0 34.0 593.0
42.0 610.0 34.0 593.0
92.0 260.0 79.0 241.0
203.0 471.0 194.0 447.0
93.0 262.0 79.0 241.0
92.0 261.0 79.0 241.0
202.0 471.0 194.0 447.0
202.0 472.0 194.0 447.0
116.0 536.0 115.0 511.0
93.0 261.0 79.0 241.0
117.0 537.0 115.0 511.0
92.0 262.0 79.0 241.0
117.0 536.0 115.0 511.0
117.0 535.0 115.0 511.0
203.0 472.0 194.0 447.0
118.0 536.0 115.0 511.0
43.0 173.0 31.0 144.0
43.0 172.0 31.0 144.0
187.0 461.0 164.0 457.0
7.0 635.0 3.0 636.0
187.0 460.0 164.0 457.0
143.0 480.0 145.0 471.0
430.0 192.0 427.0 157.0
