330.0 138.0 329.0 134.0
92.0 208.0 92.0 208.0
331.0 138.0 329.0 134.0
91.0 208.0 92.0 208.0
111.0 198.0 111.0 198.0
91.0 209.0 92.0 208.0
331.0 139.0 329.0 134.0
140.0 206.0 140.0 206.0
330.0 139.0 329.0 134.0
72.0 209.0 73.0 209.0
111.0 197.0 111.0 198.0
110.0 196.0 110.0 197.0
329.0 138.0 329.0 134.0
226.0 139.0 224.0 137.0
141.0 206.0 141.0 206.0
330.0 140.0 328.0 136.0
308.0 510.0 313.0 497.0
222.0 316.0 223.0 310.0
111.0 196.0 111.0 196.0
181.0 215.0 180.0 214.0
73.0 208.0 73.0 209.0
141.0 207.0 140.0 206.0
110.0 197.0 110.0 197.0
241.0 154.0 239.0 150.0
84.0 238.0 85.0 240.0
84.0 239.0 85.0 240.0
83.0 239.0 84.0 240.0
331.0 140.0 329.0 134.0
160.0 85.0 158.0 86.0
240.0 155.0 239.0 152.0
73.0 210.0 73.0 209.0
137.0 256.0 139.0 255.0
252.0 446.0 255.0 436.0
29.0 182.0 30.0 185.0
251.0 445.0 255.0 436.0
83.0 238.0 84.0 240.0
72.0 208.0 73.0 209.0
160.0 86.0 159.0 87.0
73.0 209.0 73.0 209.0
251.0 446.0 255.0 436.0
226.0 140.0 224.0 137.0
252.0 445.0 255.0 436.0
109.0 197.0 110.0 197.0
90.0 208.0 91.0 208.0
329.0 139.0 329.0 134.0
137.0 255.0 138.0 254.0
161.0 86.0 159.0 87.0
162.0 186.0 162.0 185.0
163.0 193.0 163.0 192.0
241.0 155.0 239.0 150.0
74.0 179.0 74.0 178.0
308.0 509.0 313.0 497.0
162.0 185.0 162.0 185.0
180.0 215.0 180.0 213.0
240.0 154.0 239.0 150.0
63.0 613.0 69.0 613.0
70.0 346.0 73.0 345.0
138.0 256.0 139.0 255.0
27.0 539.0 33.0 540.0
147.0 146.0 146.0 146.0
222.0 152.0 221.0 149.0
251.0 444.0 255.0 436.0
110.0 198.0 111.0 198.0
138.0 255.0 139.0 255.0
163.0 187.0 162.0 185.0
240.0 153.0 239.0 150.0
163.0 186.0 162.0 185.0
161.0 85.0 159.0 87.0
194.0 78.0 193.0 78.0
200.0 162.0 199.0 162.0
71.0 347.0 73.0 345.0
163.0 185.0 162.0 185.0
137.0 254.0 138.0 254.0
241.0 153.0 239.0 150.0
250.0 445.0 255.0 436.0
222.0 317.0 222.0 311.0
75.0 178.0 76.0 179.0
467.0 72.0 463.0 68.0
351.0 444.0 354.0 431.0
194.0 77.0 192.0 78.0
239.0 155.0 239.0 152.0
239.0 154.0 239.0 152.0
25.0 592.0 32.0 592.0
438.0 250.0 439.0 239.0
29.0 181.0 30.0 185.0
250.0 446.0 255.0 436.0
225.0 139.0 224.0 137.0
18.0 142.0 18.0 146.0
74.0 178.0 74.0 178.0
351.0 445.0 354.0 432.0
386.0 113.0 382.0 109.0
467.0 73.0 463.0 68.0
82.0 238.0 83.0 240.0
201.0 162.0 200.0 161.0
75.0 177.0 75.0 177.0
308.0 507.0 313.0 496.0
90.0 67.0 88.0 72.0
222.0 151.0 221.0 149.0
19.0 142.0 18.0 146.0
194.0 79.0 193.0 78.0
308.0 508.0 313.0 496.0
147.0 145.0 146.0 146.0
89.0 67.0 88.0 72.0
466.0 102.0 464.0 100.0
148.0 146.0 146.0 146.0
387.0 111.0 382.0 109.0
224.0 414.0 226.0 409.0
71.0 132.0 71.0 134.0
195.0 78.0 193.0 78.0
439.0 250.0 439.0 239.0
90.0 68.0 88.0 72.0
71.0 346.0 73.0 345.0
195.0 79.0 193.0 78.0
386.0 112.0 382.0 109.0
438.0 251.0 439.0 239.0
119.0 291.0 121.0 291.0
307.0 508.0 313.0 497.0
468.0 73.0 463.0 68.0
119.0 293.0 120.0 292.0
109.0 68.0 108.0 72.0
87.0 92.0 86.0 95.0
439.0 251.0 439.0 240.0
193.0 78.0 192.0 78.0
201.0 163.0 200.0 161.0
88.0 68.0 87.0 73.0
223.0 414.0 226.0 409.0
26.0 539.0 33.0 540.0
74.0 177.0 75.0 177.0
110.0 68.0 108.0 72.0
148.0 145.0 147.0 145.0
200.0 163.0 199.0 162.0
59.0 523.0 64.0 524.0
128.0 84.0 127.0 86.0
178.0 442.0 182.0 438.0
26.0 540.0 33.0 540.0
223.0 415.0 226.0 409.0
224.0 415.0 226.0 409.0
87.0 93.0 86.0 96.0
89.0 66.0 88.0 72.0
14.0 607.0 21.0 609.0
71.0 131.0 72.0 133.0
75.0 176.0 75.0 177.0
89.0 68.0 87.0 73.0
86.0 93.0 86.0 96.0
109.0 67.0 108.0 71.0
129.0 555.0 135.0 554.0
193.0 79.0 193.0 78.0
135.0 122.0 134.0 123.0
19.0 141.0 18.0 146.0
13.0 607.0 21.0 609.0
437.0 250.0 438.0 240.0
178.0 443.0 182.0 438.0
15.0 608.0 21.0 609.0
110.0 67.0 108.0 72.0
387.0 112.0 382.0 109.0
245.0 468.0 249.0 459.0
86.0 92.0 86.0 95.0
468.0 72.0 463.0 68.0
128.0 555.0 135.0 554.0
118.0 292.0 121.0 291.0
14.0 608.0 21.0 609.0
119.0 292.0 121.0 291.0
136.0 431.0 140.0 428.0
122.0 272.0 123.0 271.0
72.0 131.0 72.0 133.0
18.0 141.0 18.0 146.0
278.0 622.0 284.0 611.0
437.0 251.0 438.0 240.0
199.0 323.0 198.0 319.0
15.0 607.0 21.0 609.0
72.0 132.0 71.0 134.0
30.0 370.0 33.0 372.0
74.0 176.0 75.0 177.0
91.0 133.0 91.0 134.0
30.0 369.0 33.0 372.0
387.0 113.0 382.0 109.0
111.0 67.0 108.0 72.0
277.0 623.0 284.0 611.0
407.0 78.0 402.0 76.0
59.0 524.0 64.0 524.0
138.0 254.0 138.0 254.0
469.0 73.0 463.0 68.0
407.0 77.0 402.0 76.0
10.0 370.0 12.0 371.0
31.0 370.0 34.0 371.0
278.0 623.0 284.0 611.0
31.0 384.0 33.0 386.0
198.0 323.0 198.0 319.0
206.0 10.0 202.0 10.0
206.0 9.0 202.0 10.0
58.0 524.0 64.0 524.0
6.0 175.0 8.0 178.0
6.0 174.0 7.0 178.0
40.0 488.0 43.0 488.0
244.0 468.0 248.0 459.0
199.0 322.0 198.0 319.0
59.0 525.0 64.0 524.0
16.0 607.0 21.0 609.0
7.0 175.0 8.0 178.0
31.0 369.0 34.0 371.0
469.0 72.0 463.0 68.0
90.0 348.0 93.0 346.0
129.0 556.0 135.0 554.0
88.0 67.0 87.0 73.0
245.0 469.0 249.0 460.0
192.0 126.0 190.0 126.0
268.0 455.0 271.0 446.0
215.0 48.0 212.0 47.0
192.0 125.0 190.0 125.0
24.0 592.0 32.0 592.0
130.0 555.0 135.0 554.0
61.0 84.0 60.0 88.0
207.0 10.0 203.0 12.0
109.0 131.0 109.0 132.0
10.0 369.0 12.0 371.0
98.0 41.0 95.0 46.0
25.0 539.0 33.0 540.0
128.0 556.0 135.0 554.0
179.0 442.0 182.0 438.0
130.0 556.0 135.0 554.0
193.0 36.0 191.0 36.0
19.0 140.0 18.0 146.0
38.0 489.0 44.0 489.0
194.0 35.0 191.0 36.0
30.0 384.0 33.0 386.0
438.0 249.0 439.0 239.0
117.0 532.0 122.0 530.0
267.0 454.0 271.0 446.0
128.0 557.0 135.0 554.0
135.0 115.0 134.0 116.0
408.0 78.0 402.0 76.0
127.0 84.0 127.0 86.0
194.0 36.0 191.0 38.0
215.0 47.0 212.0 47.0
207.0 9.0 202.0 10.0
461.0 191.0 459.0 184.0
264.0 497.0 268.0 489.0
66.0 491.0 72.0 491.0
81.0 12.0 80.0 17.0
214.0 47.0 212.0 47.0
40.0 489.0 45.0 489.0
129.0 557.0 135.0 554.0
110.0 131.0 109.0 132.0
38.0 488.0 44.0 489.0
31.0 383.0 34.0 385.0
111.0 419.0 115.0 417.0
195.0 36.0 192.0 36.0
39.0 489.0 44.0 489.0
306.0 532.0 311.0 519.0
195.0 35.0 192.0 36.0
67.0 492.0 72.0 491.0
305.0 532.0 311.0 519.0
18.0 140.0 18.0 146.0
193.0 126.0 191.0 125.0
213.0 317.0 214.0 312.0
129.0 142.0 129.0 143.0
306.0 531.0 311.0 519.0
194.0 37.0 191.0 38.0
267.0 455.0 271.0 446.0
219.0 26.0 215.0 26.0
57.0 477.0 62.0 477.0
470.0 72.0 463.0 68.0
67.0 491.0 72.0 491.0
168.0 125.0 167.0 125.0
468.0 107.0 464.0 100.0
408.0 77.0 402.0 76.0
112.0 85.0 111.0 87.0
39.0 488.0 43.0 488.0
468.0 106.0 464.0 100.0
66.0 492.0 72.0 491.0
83.0 545.0 90.0 544.0
114.0 499.0 118.0 497.0
82.0 12.0 80.0 17.0
244.0 469.0 248.0 459.0
470.0 73.0 463.0 68.0
113.0 500.0 118.0 497.0
86.0 455.0 91.0 453.0
193.0 125.0 191.0 125.0
99.0 384.0 101.0 384.0
220.0 26.0 216.0 26.0
67.0 490.0 72.0 491.0
276.0 624.0 284.0 611.0
138.0 398.0 142.0 395.0
114.0 500.0 118.0 497.0
277.0 624.0 284.0 611.0
100.0 385.0 101.0 385.0
81.0 11.0 80.0 17.0
331.0 83.0 327.0 83.0
109.0 132.0 109.0 133.0
129.0 141.0 129.0 143.0
138.0 397.0 142.0 395.0
320.0 86.0 316.0 86.0
54.0 370.0 57.0 372.0
111.0 418.0 115.0 417.0
196.0 516.0 201.0 511.0
113.0 499.0 118.0 497.0
31.0 382.0 34.0 385.0
68.0 492.0 72.0 492.0
85.0 456.0 91.0 453.0
210.0 16.0 203.0 12.0
126.0 84.0 127.0 85.0
118.0 532.0 122.0 530.0
110.0 132.0 110.0 133.0
64.0 441.0 68.0 441.0
339.0 86.0 336.0 85.0
112.0 84.0 111.0 87.0
113.0 85.0 111.0 87.0
68.0 491.0 72.0 491.0
26.0 456.0 30.0 458.0
462.0 192.0 459.0 184.0
55.0 370.0 57.0 372.0
320.0 85.0 316.0 85.0
339.0 85.0 336.0 85.0
83.0 11.0 80.0 17.0
86.0 456.0 91.0 453.0
46.0 407.0 49.0 411.0
113.0 84.0 111.0 87.0
53.0 370.0 58.0 372.0
48.0 456.0 53.0 457.0
27.0 456.0 30.0 458.0
73.0 411.0 77.0 411.0
462.0 191.0 459.0 184.0
137.0 397.0 142.0 395.0
54.0 371.0 58.0 372.0
72.0 410.0 76.0 411.0
100.0 384.0 101.0 384.0
30.0 383.0 33.0 386.0
103.0 360.0 105.0 359.0
84.0 546.0 90.0 544.0
82.0 11.0 80.0 17.0
128.0 141.0 129.0 143.0
139.0 398.0 142.0 395.0
10.0 391.0 13.0 394.0
49.0 457.0 53.0 457.0
101.0 402.0 104.0 401.0
340.0 86.0 336.0 85.0
83.0 546.0 90.0 544.0
65.0 441.0 68.0 442.0
55.0 371.0 58.0 372.0
220.0 25.0 216.0 26.0
53.0 371.0 58.0 372.0
139.0 397.0 142.0 395.0
102.0 360.0 105.0 359.0
340.0 85.0 336.0 85.0
137.0 398.0 142.0 395.0
47.0 425.0 50.0 426.0
49.0 456.0 53.0 457.0
99.0 385.0 101.0 385.0
45.0 407.0 49.0 411.0
102.0 402.0 104.0 401.0
48.0 457.0 53.0 457.0
101.0 401.0 104.0 401.0
244.0 470.0 248.0 460.0
285.0 449.0 288.0 439.0
103.0 359.0 105.0 359.0
45.0 406.0 49.0 411.0
286.0 450.0 288.0 439.0
286.0 449.0 288.0 439.0
47.0 457.0 53.0 457.0
115.0 499.0 119.0 497.0
72.0 411.0 76.0 411.0
88.0 372.0 89.0 372.0
285.0 450.0 288.0 439.0
102.0 401.0 104.0 401.0
89.0 372.0 89.0 372.0
89.0 373.0 89.0 372.0
48.0 458.0 52.0 458.0
110.0 419.0 115.0 417.0
35.0 184.0 30.0 185.0
110.0 418.0 115.0 417.0
36.0 184.0 30.0 185.0
36.0 183.0 30.0 185.0
115.0 602.0 122.0 598.0
88.0 30.0 88.0 35.0
103.0 461.0 108.0 460.0
340.0 84.0 336.0 85.0
130.0 119.0 133.0 117.0
44.0 407.0 48.0 410.0
87.0 30.0 88.0 35.0
83.0 547.0 90.0 544.0
116.0 602.0 122.0 598.0
31.0 605.0 22.0 609.0
32.0 605.0 22.0 609.0
130.0 597.0 142.0 595.0
31.0 604.0 22.0 609.0
99.0 348.0 93.0 346.0
32.0 604.0 22.0 609.0
129.0 597.0 142.0 595.0
33.0 604.0 22.0 609.0
335.0 48.0 336.0 54.0
217.0 40.0 212.0 47.0
129.0 596.0 142.0 595.0
348.0 46.0 337.0 54.0
132.0 620.0 137.0 617.0
133.0 620.0 137.0 617.0
306.0 597.0 311.0 585.0
349.0 46.0 337.0 54.0
133.0 621.0 137.0 617.0
305.0 597.0 311.0 585.0
80.0 49.0 67.0 53.0
80.0 48.0 67.0 53.0
134.0 620.0 137.0 617.0
134.0 621.0 137.0 617.0
81.0 49.0 67.0 53.0
3.0 570.0 9.0 584.0
62.0 509.0 64.0 523.0
452.0 30.0 462.0 23.0
318.0 122.0 328.0 133.0
44.0 32.0 49.0 20.0
451.0 30.0 462.0 23.0
318.0 121.0 328.0 133.0
61.0 509.0 64.0 523.0
170.0 155.0 173.0 162.0
