89.0 101.0 87.0 98.0
10.0 380.0 11.0 378.0
11.0 380.0 12.0 378.0
10.0 381.0 11.0 378.0
243.0 186.0 240.0 179.0
428.0 313.0 429.0 299.0
162.0 16.0 158.0 15.0
91.0 145.0 90.0 142.0
10.0 379.0 11.0 378.0
162.0 15.0 158.0 15.0
244.0 186.0 241.0 179.0
88.0 101.0 87.0 98.0
163.0 15.0 158.0 15.0
428.0 311.0 429.0 299.0
21.0 186.0 20.0 185.0
428.0 312.0 429.0 299.0
16.0 414.0 16.0 414.0
202.0 462.0 203.0 451.0
91.0 144.0 90.0 142.0
89.0 102.0 87.0 99.0
92.0 145.0 90.0 142.0
37.0 77.0 35.0 77.0
20.0 186.0 20.0 185.0
16.0 413.0 16.0 414.0
244.0 185.0 241.0 179.0
21.0 185.0 20.0 185.0
225.0 183.0 223.0 177.0
84.0 225.0 84.0 221.0
15.0 414.0 16.0 414.0
223.0 32.0 220.0 29.0
330.0 175.0 329.0 166.0
329.0 178.0 328.0 167.0
329.0 176.0 328.0 167.0
20.0 185.0 20.0 185.0
68.0 224.0 66.0 221.0
17.0 413.0 16.0 414.0
26.0 85.0 23.0 85.0
88.0 102.0 87.0 98.0
330.0 178.0 329.0 169.0
25.0 86.0 22.0 86.0
429.0 312.0 429.0 299.0
24.0 84.0 22.0 85.0
68.0 225.0 67.0 222.0
331.0 178.0 330.0 169.0
225.0 182.0 223.0 177.0
330.0 176.0 328.0 167.0
429.0 313.0 429.0 299.0
229.0 169.0 226.0 162.0
58.0 83.0 55.0 82.0
331.0 521.0 333.0 504.0
90.0 102.0 87.0 99.0
90.0 145.0 89.0 142.0
91.0 336.0 92.0 333.0
330.0 177.0 328.0 167.0
57.0 82.0 55.0 82.0
229.0 170.0 227.0 163.0
331.0 520.0 333.0 504.0
25.0 85.0 22.0 85.0
18.0 621.0 21.0 619.0
201.0 462.0 203.0 451.0
24.0 85.0 22.0 85.0
201.0 461.0 203.0 451.0
329.0 177.0 328.0 167.0
429.0 311.0 429.0 299.0
15.0 413.0 16.0 414.0
85.0 225.0 84.0 221.0
202.0 463.0 203.0 453.0
52.0 373.0 52.0 369.0
94.0 68.0 92.0 67.0
135.0 227.0 136.0 223.0
331.0 177.0 330.0 168.0
223.0 33.0 220.0 29.0
37.0 10.0 34.0 11.0
201.0 463.0 203.0 451.0
84.0 226.0 84.0 221.0
67.0 225.0 67.0 222.0
51.0 373.0 52.0 370.0
25.0 84.0 23.0 85.0
163.0 14.0 158.0 15.0
224.0 182.0 223.0 177.0
136.0 227.0 136.0 223.0
36.0 10.0 34.0 11.0
430.0 313.0 431.0 299.0
52.0 372.0 52.0 369.0
331.0 176.0 330.0 168.0
121.0 274.0 121.0 270.0
224.0 183.0 223.0 177.0
222.0 32.0 220.0 29.0
51.0 372.0 52.0 369.0
28.0 529.0 31.0 525.0
26.0 84.0 23.0 85.0
30.0 529.0 32.0 526.0
17.0 621.0 21.0 619.0
29.0 529.0 31.0 526.0
27.0 528.0 31.0 525.0
28.0 528.0 31.0 525.0
209.0 356.0 210.0 349.0
233.0 46.0 229.0 42.0
26.0 547.0 29.0 544.0
69.0 193.0 68.0 190.0
68.0 192.0 68.0 189.0
58.0 82.0 55.0 82.0
94.0 69.0 92.0 67.0
27.0 529.0 31.0 525.0
76.0 144.0 74.0 141.0
63.0 36.0 60.0 36.0
29.0 528.0 31.0 525.0
62.0 35.0 60.0 36.0
101.0 26.0 97.0 26.0
430.0 312.0 431.0 299.0
69.0 191.0 68.0 189.0
160.0 207.0 159.0 203.0
85.0 226.0 84.0 221.0
100.0 27.0 97.0 26.0
100.0 26.0 97.0 26.0
235.0 564.0 237.0 552.0
118.0 95.0 117.0 92.0
95.0 69.0 92.0 67.0
52.0 371.0 52.0 369.0
55.0 518.0 58.0 514.0
94.0 67.0 92.0 67.0
236.0 564.0 237.0 552.0
117.0 68.0 114.0 68.0
101.0 27.0 97.0 26.0
56.0 519.0 58.0 514.0
70.0 191.0 68.0 189.0
280.0 586.0 283.0 570.0
18.0 622.0 21.0 619.0
111.0 291.0 111.0 288.0
26.0 546.0 29.0 544.0
67.0 372.0 68.0 369.0
53.0 373.0 53.0 370.0
55.0 520.0 58.0 514.0
70.0 192.0 68.0 189.0
67.0 373.0 68.0 369.0
430.0 311.0 431.0 299.0
95.0 68.0 92.0 67.0
57.0 81.0 55.0 82.0
50.0 23.0 47.0 25.0
63.0 35.0 60.0 36.0
55.0 519.0 58.0 514.0
136.0 228.0 136.0 223.0
135.0 228.0 136.0 223.0
22.0 437.0 25.0 436.0
16.0 137.0 17.0 132.0
208.0 356.0 208.0 349.0
62.0 36.0 60.0 36.0
74.0 247.0 72.0 245.0
72.0 248.0 72.0 245.0
160.0 208.0 159.0 203.0
73.0 247.0 72.0 245.0
17.0 622.0 21.0 620.0
226.0 68.0 223.0 64.0
20.0 475.0 22.0 474.0
56.0 520.0 58.0 514.0
90.0 6.0 89.0 7.0
137.0 228.0 136.0 223.0
111.0 289.0 111.0 286.0
161.0 208.0 159.0 203.0
95.0 67.0 92.0 67.0
111.0 290.0 111.0 288.0
281.0 586.0 283.0 570.0
219.0 528.0 222.0 514.0
110.0 289.0 111.0 288.0
105.0 215.0 103.0 212.0
82.0 381.0 84.0 378.0
117.0 69.0 114.0 68.0
73.0 248.0 72.0 245.0
25.0 547.0 29.0 544.0
225.0 69.0 223.0 64.0
161.0 207.0 159.0 203.0
83.0 381.0 84.0 378.0
70.0 142.0 68.0 140.0
20.0 474.0 22.0 474.0
226.0 69.0 223.0 64.0
69.0 192.0 68.0 189.0
115.0 428.0 117.0 423.0
185.0 98.0 182.0 94.0
161.0 209.0 159.0 203.0
51.0 23.0 48.0 26.0
186.0 357.0 187.0 349.0
281.0 585.0 283.0 570.0
10.0 508.0 12.0 504.0
16.0 138.0 17.0 132.0
64.0 36.0 60.0 36.0
120.0 94.0 117.0 92.0
53.0 372.0 53.0 370.0
15.0 137.0 17.0 132.0
118.0 94.0 117.0 92.0
104.0 216.0 103.0 212.0
119.0 95.0 117.0 92.0
410.0 123.0 406.0 115.0
184.0 97.0 182.0 94.0
225.0 68.0 223.0 64.0
91.0 6.0 89.0 7.0
25.0 546.0 28.0 543.0
91.0 7.0 89.0 7.0
171.0 144.0 168.0 140.0
68.0 372.0 68.0 369.0
166.0 100.0 163.0 97.0
204.0 51.0 203.0 47.0
21.0 474.0 22.0 474.0
327.0 139.0 324.0 133.0
9.0 507.0 12.0 504.0
92.0 6.0 89.0 7.0
280.0 587.0 283.0 570.0
20.0 476.0 22.0 474.0
92.0 7.0 89.0 7.0
281.0 587.0 283.0 570.0
21.0 475.0 22.0 474.0
22.0 438.0 25.0 436.0
119.0 94.0 117.0 92.0
219.0 527.0 222.0 514.0
171.0 143.0 169.0 139.0
105.0 217.0 103.0 212.0
69.0 142.0 67.0 140.0
227.0 505.0 230.0 492.0
184.0 98.0 182.0 94.0
9.0 508.0 12.0 504.0
51.0 24.0 48.0 26.0
111.0 292.0 111.0 288.0
68.0 191.0 68.0 188.0
115.0 429.0 117.0 423.0
105.0 216.0 103.0 212.0
74.0 248.0 72.0 245.0
206.0 50.0 203.0 47.0
120.0 95.0 117.0 92.0
163.0 121.0 161.0 116.0
234.0 46.0 229.0 42.0
110.0 290.0 111.0 288.0
218.0 528.0 222.0 514.0
104.0 215.0 103.0 212.0
160.0 209.0 159.0 203.0
106.0 313.0 107.0 308.0
105.0 312.0 106.0 307.0
105.0 311.0 106.0 307.0
205.0 50.0 203.0 47.0
373.0 90.0 370.0 82.0
203.0 99.0 198.0 95.0
63.0 438.0 65.0 435.0
69.0 143.0 67.0 140.0
203.0 98.0 199.0 93.0
172.0 144.0 168.0 140.0
35.0 398.0 36.0 399.0
110.0 291.0 111.0 288.0
226.0 504.0 229.0 491.0
8.0 507.0 12.0 504.0
409.0 122.0 406.0 115.0
235.0 46.0 229.0 42.0
170.0 144.0 168.0 140.0
21.0 476.0 22.0 474.0
177.0 197.0 176.0 190.0
106.0 312.0 106.0 307.0
64.0 35.0 60.0 36.0
234.0 45.0 229.0 40.0
184.0 96.0 182.0 94.0
218.0 527.0 222.0 514.0
236.0 563.0 237.0 552.0
8.0 509.0 12.0 504.0
372.0 90.0 369.0 81.0
178.0 197.0 176.0 190.0
202.0 100.0 198.0 95.0
221.0 24.0 220.0 27.0
94.0 596.0 99.0 591.0
51.0 429.0 52.0 427.0
171.0 145.0 168.0 140.0
202.0 98.0 199.0 93.0
166.0 101.0 164.0 97.0
81.0 373.0 82.0 367.0
68.0 373.0 68.0 369.0
327.0 138.0 324.0 133.0
227.0 504.0 229.0 491.0
187.0 357.0 187.0 349.0
95.0 595.0 99.0 589.0
136.0 229.0 136.0 223.0
70.0 143.0 68.0 140.0
170.0 143.0 169.0 139.0
280.0 585.0 283.0 570.0
15.0 138.0 17.0 132.0
167.0 100.0 164.0 96.0
25.0 548.0 29.0 544.0
21.0 438.0 25.0 436.0
177.0 196.0 176.0 190.0
62.0 439.0 65.0 435.0
190.0 81.0 187.0 78.0
218.0 529.0 222.0 514.0
34.0 399.0 36.0 399.0
94.0 595.0 99.0 590.0
50.0 428.0 52.0 426.0
48.0 578.0 52.0 572.0
147.0 164.0 145.0 160.0
147.0 163.0 145.0 159.0
185.0 97.0 182.0 94.0
167.0 101.0 164.0 97.0
8.0 508.0 12.0 504.0
328.0 138.0 324.0 133.0
116.0 428.0 117.0 423.0
205.0 51.0 203.0 47.0
106.0 311.0 106.0 307.0
68.0 561.0 71.0 556.0
202.0 99.0 198.0 95.0
9.0 509.0 12.0 504.0
201.0 98.0 199.0 93.0
51.0 428.0 52.0 425.0
226.0 503.0 229.0 491.0
201.0 99.0 198.0 95.0
221.0 23.0 220.0 27.0
220.0 24.0 220.0 27.0
32.0 103.0 29.0 103.0
469.0 250.0 467.0 237.0
50.0 429.0 52.0 426.0
50.0 430.0 52.0 427.0
93.0 597.0 99.0 591.0
68.0 562.0 71.0 556.0
34.0 398.0 36.0 399.0
218.0 526.0 222.0 514.0
109.0 145.0 107.0 143.0
63.0 439.0 65.0 435.0
178.0 196.0 176.0 190.0
94.0 597.0 99.0 591.0
153.0 482.0 155.0 474.0
78.0 403.0 80.0 401.0
95.0 596.0 99.0 591.0
164.0 121.0 161.0 116.0
62.0 393.0 67.0 387.0
110.0 145.0 107.0 143.0
227.0 502.0 229.0 491.0
94.0 598.0 99.0 591.0
82.0 533.0 85.0 528.0
95.0 597.0 99.0 591.0
163.0 578.0 168.0 569.0
471.0 82.0 469.0 73.0
28.0 585.0 31.0 582.0
227.0 503.0 229.0 491.0
106.0 216.0 103.0 212.0
63.0 440.0 65.0 435.0
469.0 251.0 467.0 237.0
28.0 586.0 31.0 582.0
472.0 83.0 469.0 73.0
67.0 561.0 71.0 556.0
83.0 532.0 86.0 527.0
83.0 533.0 85.0 528.0
77.0 405.0 79.0 402.0
472.0 82.0 469.0 73.0
186.0 358.0 187.0 349.0
350.0 105.0 348.0 99.0
78.0 406.0 80.0 401.0
78.0 405.0 80.0 401.0
48.0 579.0 52.0 572.0
37.0 457.0 40.0 455.0
148.0 164.0 145.0 160.0
351.0 106.0 348.0 99.0
163.0 579.0 168.0 570.0
179.0 197.0 177.0 190.0
82.0 534.0 85.0 529.0
61.0 393.0 67.0 387.0
269.0 6.0 266.0 3.0
139.0 334.0 139.0 330.0
153.0 483.0 155.0 474.0
38.0 457.0 40.0 455.0
79.0 404.0 80.0 401.0
280.0 588.0 283.0 571.0
270.0 7.0 266.0 3.0
271.0 7.0 266.0 3.0
270.0 6.0 266.0 3.0
77.0 404.0 79.0 402.0
27.0 586.0 31.0 582.0
83.0 534.0 85.0 529.0
78.0 404.0 80.0 401.0
38.0 458.0 40.0 456.0
179.0 196.0 177.0 190.0
351.0 104.0 348.0 99.0
37.0 458.0 40.0 456.0
350.0 104.0 348.0 99.0
351.0 105.0 348.0 99.0
67.0 562.0 71.0 556.0
148.0 165.0 145.0 160.0
148.0 163.0 145.0 160.0
185.0 358.0 187.0 349.0
139.0 335.0 139.0 330.0
198.0 74.0 197.0 66.0
86.0 444.0 90.0 438.0
111.0 463.0 117.0 455.0
87.0 443.0 90.0 438.0
47.0 579.0 52.0 572.0
82.0 535.0 85.0 529.0
48.0 580.0 52.0 572.0
87.0 444.0 90.0 438.0
196.0 148.0 192.0 143.0
352.0 104.0 348.0 99.0
197.0 75.0 197.0 66.0
352.0 105.0 349.0 99.0
47.0 580.0 51.0 572.0
197.0 74.0 197.0 66.0
350.0 64.0 353.0 67.0
47.0 581.0 51.0 572.0
137.0 138.0 135.0 127.0
149.0 364.0 150.0 349.0
47.0 195.0 37.0 190.0
27.0 50.0 19.0 63.0
202.0 159.0 192.0 143.0
202.0 158.0 192.0 143.0
132.0 133.0 135.0 127.0
203.0 158.0 192.0 143.0
202.0 160.0 192.0 143.0
36.0 622.0 21.0 619.0
26.0 50.0 19.0 63.0
37.0 623.0 21.0 619.0
37.0 622.0 21.0 619.0
203.0 160.0 192.0 143.0
203.0 159.0 192.0 143.0
195.0 133.0 192.0 143.0
26.0 49.0 19.0 63.0
48.0 196.0 37.0 191.0
27.0 49.0 19.0 63.0
459.0 95.0 469.0 73.0
128.0 274.0 121.0 270.0
48.0 194.0 37.0 190.0
195.0 132.0 192.0 143.0
459.0 96.0 469.0 73.0
128.0 275.0 121.0 270.0
48.0 195.0 37.0 190.0
