319.0 92.0 304.0 95.0
218.0 166.0 204.0 170.0
320.0 91.0 304.0 94.0
369.0 244.0 353.0 242.0
319.0 91.0 304.0 94.0
328.0 228.0 313.0 228.0
329.0 228.0 313.0 228.0
261.0 100.0 247.0 104.0
318.0 91.0 303.0 94.0
152.0 160.0 140.0 164.0
266.0 190.0 252.0 192.0
92.0 317.0 82.0 323.0
91.0 317.0 82.0 323.0
266.0 189.0 252.0 192.0
319.0 90.0 303.0 94.0
153.0 159.0 140.0 164.0
92.0 316.0 82.0 323.0
265.0 189.0 252.0 191.0
265.0 190.0 252.0 192.0
320.0 90.0 303.0 94.0
91.0 316.0 82.0 323.0
287.0 74.0 272.0 79.0
286.0 73.0 272.0 79.0
286.0 75.0 272.0 79.0
153.0 160.0 140.0 164.0
269.0 60.0 255.0 66.0
287.0 73.0 272.0 79.0
152.0 159.0 140.0 164.0
369.0 245.0 353.0 242.0
268.0 60.0 255.0 66.0
149.0 202.0 138.0 208.0
25.0 233.0 25.0 243.0
142.0 265.0 130.0 270.0
241.0 267.0 230.0 270.0
268.0 61.0 255.0 66.0
337.0 317.0 323.0 316.0
152.0 158.0 140.0 164.0
217.0 167.0 203.0 170.0
328.0 229.0 313.0 228.0
242.0 235.0 230.0 236.0
329.0 229.0 313.0 228.0
286.0 74.0 272.0 79.0
241.0 236.0 230.0 236.0
242.0 234.0 230.0 236.0
240.0 268.0 229.0 270.0
420.0 385.0 405.0 378.0
143.0 264.0 131.0 269.0
148.0 202.0 138.0 208.0
143.0 266.0 130.0 270.0
420.0 384.0 405.0 378.0
240.0 269.0 229.0 270.0
211.0 273.0 200.0 275.0
241.0 268.0 230.0 270.0
212.0 222.0 199.0 226.0
210.0 273.0 198.0 274.0
429.0 313.0 413.0 307.0
143.0 265.0 130.0 270.0
383.0 314.0 367.0 310.0
212.0 223.0 199.0 226.0
336.0 317.0 323.0 316.0
285.0 74.0 272.0 79.0
241.0 235.0 230.0 236.0
337.0 316.0 323.0 316.0
383.0 621.0 369.0 612.0
211.0 272.0 198.0 274.0
363.0 457.0 350.0 451.0
213.0 223.0 199.0 226.0
117.0 298.0 105.0 302.0
244.0 207.0 232.0 209.0
240.0 267.0 229.0 270.0
428.0 314.0 413.0 307.0
142.0 266.0 130.0 270.0
316.0 238.0 301.0 239.0
428.0 313.0 413.0 307.0
421.0 385.0 405.0 379.0
351.0 440.0 334.0 434.0
260.0 518.0 250.0 518.0
403.0 367.0 388.0 360.0
218.0 603.0 209.0 602.0
117.0 297.0 105.0 302.0
240.0 235.0 230.0 236.0
315.0 239.0 301.0 239.0
231.0 380.0 221.0 382.0
455.0 76.0 439.0 77.0
336.0 316.0 323.0 315.0
241.0 234.0 230.0 236.0
218.0 604.0 209.0 602.0
428.0 312.0 413.0 307.0
384.0 621.0 369.0 612.0
235.0 194.0 222.0 197.0
260.0 519.0 250.0 518.0
456.0 76.0 440.0 77.0
212.0 272.0 199.0 274.0
267.0 474.0 256.0 472.0
316.0 237.0 301.0 239.0
304.0 336.0 291.0 335.0
118.0 297.0 105.0 302.0
315.0 238.0 301.0 239.0
403.0 366.0 388.0 360.0
259.0 518.0 250.0 518.0
213.0 222.0 199.0 226.0
212.0 273.0 200.0 275.0
350.0 440.0 333.0 434.0
266.0 475.0 255.0 472.0
155.0 589.0 147.0 594.0
249.0 472.0 238.0 470.0
152.0 534.0 143.0 537.0
455.0 77.0 439.0 77.0
297.0 405.0 284.0 402.0
232.0 380.0 221.0 382.0
351.0 439.0 333.0 434.0
118.0 296.0 105.0 302.0
231.0 379.0 221.0 382.0
457.0 77.0 440.0 77.0
456.0 77.0 439.0 77.0
302.0 551.0 289.0 549.0
304.0 338.0 290.0 335.0
384.0 620.0 369.0 612.0
298.0 405.0 284.0 402.0
151.0 534.0 143.0 537.0
151.0 535.0 143.0 537.0
303.0 337.0 290.0 335.0
232.0 379.0 221.0 382.0
358.0 622.0 346.0 616.0
243.0 207.0 232.0 209.0
359.0 623.0 346.0 616.0
304.0 337.0 290.0 335.0
404.0 366.0 389.0 360.0
259.0 519.0 250.0 518.0
250.0 472.0 238.0 470.0
217.0 603.0 209.0 602.0
426.0 489.0 411.0 479.0
426.0 488.0 411.0 479.0
266.0 474.0 255.0 472.0
350.0 439.0 333.0 434.0
243.0 208.0 232.0 209.0
259.0 443.0 246.0 441.0
404.0 367.0 388.0 360.0
402.0 501.0 388.0 493.0
288.0 356.0 274.0 356.0
155.0 588.0 147.0 594.0
173.0 335.0 164.0 338.0
385.0 620.0 369.0 612.0
314.0 238.0 301.0 239.0
357.0 623.0 346.0 616.0
358.0 623.0 346.0 616.0
221.0 417.0 210.0 415.0
357.0 622.0 346.0 616.0
385.0 510.0 372.0 504.0
246.0 521.0 237.0 518.0
457.0 76.0 440.0 77.0
174.0 336.0 164.0 338.0
427.0 488.0 411.0 479.0
218.0 433.0 206.0 434.0
258.0 443.0 246.0 441.0
315.0 237.0 301.0 239.0
34.0 15.0 26.0 20.0
427.0 489.0 411.0 479.0
319.0 435.0 306.0 432.0
145.0 562.0 136.0 568.0
301.0 551.0 289.0 549.0
287.0 356.0 274.0 356.0
259.0 436.0 247.0 441.0
211.0 60.0 200.0 65.0
217.0 602.0 209.0 602.0
237.0 453.0 227.0 452.0
121.0 269.0 109.0 274.0
305.0 337.0 290.0 335.0
238.0 562.0 229.0 559.0
100.0 249.0 92.0 254.0
400.0 347.0 384.0 343.0
399.0 568.0 387.0 561.0
399.0 567.0 388.0 562.0
260.0 436.0 247.0 441.0
120.0 270.0 109.0 275.0
99.0 250.0 92.0 254.0
150.0 43.0 135.0 51.0
98.0 249.0 91.0 254.0
297.0 406.0 284.0 402.0
173.0 337.0 164.0 338.0
121.0 270.0 109.0 275.0
319.0 434.0 306.0 432.0
156.0 588.0 147.0 594.0
289.0 357.0 274.0 356.0
265.0 475.0 255.0 472.0
220.0 417.0 210.0 415.0
220.0 418.0 209.0 416.0
239.0 561.0 229.0 559.0
398.0 568.0 387.0 561.0
221.0 418.0 209.0 416.0
120.0 269.0 109.0 275.0
405.0 367.0 389.0 360.0
433.0 630.0 421.0 621.0
99.0 249.0 92.0 254.0
385.0 511.0 372.0 504.0
289.0 356.0 274.0 356.0
33.0 16.0 26.0 20.0
51.0 626.0 47.0 636.0
173.0 336.0 164.0 338.0
172.0 336.0 164.0 338.0
33.0 15.0 26.0 20.0
265.0 474.0 255.0 472.0
218.0 432.0 206.0 434.0
237.0 452.0 227.0 452.0
98.0 250.0 91.0 254.0
211.0 59.0 200.0 65.0
238.0 560.0 229.0 559.0
156.0 587.0 147.0 594.0
420.0 621.0 407.0 611.0
420.0 620.0 407.0 611.0
146.0 562.0 136.0 568.0
421.0 620.0 407.0 611.0
386.0 510.0 372.0 504.0
287.0 357.0 274.0 356.0
386.0 511.0 373.0 504.0
274.0 361.0 257.0 360.0
419.0 620.0 407.0 611.0
400.0 568.0 388.0 562.0
318.0 435.0 306.0 432.0
54.0 241.0 44.0 247.0
34.0 16.0 26.0 20.0
288.0 357.0 274.0 356.0
134.0 584.0 123.0 589.0
146.0 561.0 136.0 568.0
236.0 453.0 227.0 452.0
238.0 561.0 229.0 559.0
236.0 452.0 227.0 452.0
276.0 516.0 267.0 513.0
155.0 587.0 147.0 594.0
298.0 406.0 284.0 402.0
55.0 241.0 45.0 246.0
344.0 493.0 323.0 484.0
400.0 567.0 388.0 562.0
309.0 355.0 299.0 354.0
134.0 583.0 123.0 589.0
275.0 517.0 266.0 515.0
237.0 561.0 229.0 559.0
458.0 28.0 442.0 30.0
225.0 547.0 215.0 548.0
243.0 74.0 224.0 80.0
459.0 28.0 442.0 30.0
290.0 357.0 274.0 356.0
344.0 494.0 323.0 484.0
237.0 562.0 229.0 559.0
55.0 240.0 45.0 246.0
303.0 602.0 293.0 600.0
54.0 578.0 49.0 587.0
318.0 434.0 305.0 431.0
56.0 241.0 45.0 246.0
145.0 561.0 136.0 568.0
52.0 625.0 47.0 636.0
218.0 497.0 209.0 498.0
460.0 523.0 440.0 509.0
54.0 579.0 49.0 587.0
345.0 493.0 324.0 483.0
243.0 73.0 224.0 80.0
62.0 544.0 55.0 550.0
55.0 578.0 49.0 587.0
55.0 577.0 49.0 587.0
276.0 517.0 266.0 515.0
52.0 626.0 47.0 636.0
217.0 433.0 206.0 434.0
218.0 498.0 209.0 498.0
52.0 627.0 47.0 636.0
331.0 611.0 317.0 606.0
225.0 549.0 215.0 548.0
135.0 583.0 123.0 589.0
460.0 524.0 439.0 510.0
310.0 355.0 299.0 354.0
330.0 611.0 317.0 606.0
238.0 403.0 231.0 401.0
225.0 548.0 215.0 548.0
217.0 432.0 206.0 434.0
333.0 488.0 323.0 484.0
310.0 354.0 299.0 354.0
62.0 545.0 55.0 550.0
311.0 355.0 299.0 354.0
244.0 74.0 224.0 80.0
61.0 545.0 55.0 550.0
218.0 496.0 209.0 498.0
330.0 612.0 317.0 606.0
184.0 501.0 172.0 508.0
217.0 498.0 209.0 498.0
311.0 354.0 299.0 354.0
388.0 529.0 381.0 520.0
241.0 470.0 237.0 470.0
302.0 602.0 293.0 600.0
388.0 530.0 381.0 520.0
53.0 626.0 47.0 636.0
394.0 28.0 368.0 19.0
244.0 73.0 224.0 80.0
224.0 549.0 215.0 548.0
385.0 557.0 374.0 542.0
217.0 497.0 209.0 498.0
345.0 494.0 323.0 484.0
331.0 612.0 317.0 606.0
184.0 500.0 172.0 508.0
61.0 546.0 55.0 550.0
332.0 488.0 322.0 484.0
237.0 403.0 231.0 401.0
224.0 548.0 215.0 548.0
386.0 557.0 374.0 542.0
332.0 487.0 323.0 484.0
217.0 496.0 209.0 498.0
204.0 497.0 194.0 502.0
11.0 4.0 25.0 20.0
12.0 4.0 26.0 21.0
203.0 497.0 194.0 502.0
37.0 596.0 28.0 605.0
421.0 564.0 402.0 549.0
227.0 348.0 215.0 341.0
37.0 595.0 28.0 605.0
38.0 595.0 28.0 605.0
421.0 565.0 402.0 549.0
204.0 496.0 194.0 502.0
276.0 595.0 275.0 599.0
422.0 564.0 402.0 549.0
38.0 596.0 28.0 605.0
203.0 496.0 194.0 502.0
120.0 277.0 109.0 275.0
37.0 597.0 28.0 605.0
236.0 404.0 214.0 400.0
237.0 404.0 231.0 401.0
236.0 403.0 214.0 401.0
121.0 278.0 109.0 275.0
120.0 278.0 109.0 275.0
393.0 635.0 369.0 612.0
394.0 635.0 369.0 612.0
264.0 80.0 246.0 103.0
394.0 636.0 369.0 612.0
184.0 474.0 181.0 473.0
184.0 475.0 181.0 473.0
320.0 427.0 305.0 430.0
367.0 28.0 366.0 19.0
