318.0 93.0 329.0 99.0
186.0 299.0 202.0 302.0
317.0 92.0 329.0 99.0
218.0 108.0 233.0 115.0
318.0 91.0 330.0 98.0
318.0 92.0 329.0 99.0
317.0 91.0 329.0 99.0
115.0 131.0 131.0 133.0
317.0 90.0 329.0 99.0
114.0 131.0 131.0 133.0
86.0 208.0 103.0 211.0
185.0 299.0 202.0 302.0
186.0 300.0 202.0 302.0
219.0 109.0 234.0 115.0
355.0 59.0 367.0 66.0
220.0 109.0 234.0 115.0
317.0 93.0 329.0 99.0
85.0 207.0 103.0 211.0
185.0 300.0 202.0 302.0
316.0 90.0 329.0 99.0
356.0 58.0 368.0 66.0
356.0 59.0 368.0 66.0
220.0 108.0 234.0 114.0
355.0 58.0 368.0 66.0
219.0 108.0 234.0 115.0
230.0 404.0 244.0 406.0
86.0 209.0 103.0 211.0
85.0 208.0 103.0 211.0
316.0 91.0 329.0 99.0
85.0 209.0 103.0 211.0
140.0 166.0 156.0 171.0
355.0 57.0 368.0 66.0
86.0 153.0 104.0 157.0
86.0 154.0 104.0 157.0
316.0 92.0 329.0 99.0
316.0 93.0 329.0 99.0
87.0 154.0 104.0 157.0
356.0 57.0 368.0 66.0
141.0 166.0 156.0 171.0
85.0 153.0 104.0 157.0
231.0 404.0 244.0 406.0
229.0 404.0 242.0 406.0
284.0 532.0 294.0 535.0
315.0 91.0 328.0 99.0
140.0 168.0 156.0 171.0
84.0 153.0 102.0 156.0
108.0 317.0 123.0 319.0
85.0 154.0 104.0 157.0
100.0 76.0 117.0 83.0
283.0 532.0 294.0 535.0
315.0 92.0 328.0 99.0
141.0 168.0 156.0 171.0
186.0 410.0 199.0 410.0
218.0 453.0 232.0 455.0
99.0 76.0 116.0 82.0
84.0 207.0 103.0 211.0
283.0 533.0 294.0 536.0
284.0 533.0 294.0 536.0
357.0 57.0 368.0 66.0
140.0 167.0 156.0 171.0
87.0 153.0 104.0 157.0
139.0 166.0 156.0 171.0
357.0 59.0 369.0 66.0
218.0 454.0 232.0 455.0
185.0 410.0 199.0 410.0
357.0 60.0 369.0 66.0
99.0 75.0 116.0 82.0
139.0 167.0 156.0 171.0
282.0 532.0 294.0 536.0
210.0 476.0 224.0 478.0
56.0 140.0 74.0 145.0
141.0 167.0 156.0 171.0
187.0 409.0 199.0 410.0
88.0 153.0 104.0 157.0
108.0 382.0 123.0 382.0
357.0 58.0 368.0 66.0
186.0 409.0 199.0 410.0
220.0 453.0 232.0 455.0
107.0 318.0 122.0 320.0
100.0 75.0 117.0 83.0
211.0 476.0 224.0 477.0
185.0 409.0 199.0 410.0
282.0 533.0 294.0 536.0
106.0 381.0 122.0 382.0
106.0 382.0 122.0 382.0
281.0 556.0 291.0 558.0
109.0 382.0 123.0 382.0
108.0 383.0 122.0 383.0
98.0 76.0 116.0 82.0
121.0 139.0 138.0 144.0
104.0 461.0 120.0 459.0
107.0 381.0 122.0 382.0
84.0 208.0 103.0 211.0
98.0 75.0 116.0 82.0
221.0 526.0 235.0 526.0
105.0 461.0 120.0 459.0
184.0 409.0 200.0 410.0
114.0 265.0 130.0 266.0
107.0 317.0 122.0 319.0
107.0 382.0 122.0 382.0
114.0 264.0 130.0 266.0
161.0 600.0 175.0 597.0
219.0 454.0 232.0 455.0
211.0 475.0 224.0 477.0
204.0 89.0 215.0 95.0
108.0 381.0 122.0 382.0
262.0 437.0 274.0 440.0
106.0 318.0 122.0 320.0
432.0 246.0 439.0 255.0
358.0 59.0 369.0 66.0
124.0 357.0 140.0 359.0
430.0 245.0 438.0 254.0
280.0 557.0 291.0 558.0
219.0 453.0 232.0 455.0
220.0 454.0 232.0 455.0
56.0 139.0 74.0 144.0
54.0 139.0 74.0 145.0
280.0 556.0 291.0 558.0
150.0 527.0 165.0 523.0
185.0 408.0 199.0 410.0
83.0 207.0 103.0 211.0
293.0 507.0 304.0 509.0
294.0 507.0 304.0 509.0
358.0 58.0 369.0 66.0
57.0 139.0 75.0 144.0
432.0 247.0 439.0 255.0
221.0 525.0 235.0 526.0
55.0 139.0 74.0 145.0
108.0 399.0 122.0 399.0
279.0 555.0 291.0 558.0
125.0 358.0 140.0 359.0
107.0 399.0 122.0 399.0
205.0 89.0 215.0 95.0
222.0 526.0 235.0 526.0
292.0 507.0 304.0 509.0
281.0 555.0 291.0 558.0
429.0 246.0 438.0 255.0
279.0 556.0 291.0 558.0
160.0 600.0 175.0 597.0
431.0 247.0 438.0 254.0
120.0 131.0 132.0 134.0
150.0 528.0 165.0 523.0
291.0 507.0 304.0 509.0
143.0 282.0 158.0 286.0
430.0 246.0 438.0 254.0
125.0 357.0 140.0 359.0
431.0 246.0 438.0 254.0
124.0 358.0 140.0 359.0
106.0 317.0 122.0 319.0
106.0 399.0 122.0 399.0
115.0 264.0 130.0 266.0
429.0 245.0 438.0 254.0
115.0 265.0 130.0 266.0
126.0 357.0 140.0 359.0
138.0 428.0 146.0 429.0
281.0 554.0 291.0 557.0
202.0 520.0 218.0 517.0
292.0 508.0 304.0 509.0
45.0 393.0 61.0 390.0
109.0 399.0 122.0 399.0
106.0 400.0 122.0 399.0
107.0 400.0 122.0 399.0
55.0 138.0 72.0 143.0
133.0 240.0 154.0 243.0
108.0 400.0 122.0 399.0
133.0 241.0 154.0 243.0
125.0 359.0 140.0 359.0
291.0 508.0 303.0 510.0
207.0 517.0 219.0 517.0
280.0 555.0 291.0 558.0
430.0 247.0 438.0 254.0
138.0 427.0 146.0 429.0
60.0 74.0 81.0 77.0
139.0 427.0 146.0 429.0
257.0 611.0 268.0 612.0
290.0 507.0 303.0 509.0
45.0 394.0 61.0 390.0
45.0 392.0 61.0 390.0
121.0 3.0 137.0 10.0
222.0 525.0 235.0 526.0
107.0 414.0 121.0 414.0
126.0 358.0 140.0 359.0
108.0 416.0 121.0 415.0
132.0 241.0 154.0 243.0
46.0 393.0 61.0 390.0
46.0 394.0 63.0 390.0
97.0 75.0 116.0 82.0
257.0 610.0 268.0 612.0
127.0 358.0 140.0 359.0
202.0 521.0 218.0 517.0
132.0 240.0 154.0 243.0
126.0 359.0 140.0 359.0
128.0 619.0 145.0 614.0
151.0 528.0 165.0 523.0
180.0 548.0 193.0 543.0
108.0 415.0 122.0 415.0
208.0 517.0 220.0 517.0
60.0 75.0 81.0 77.0
305.0 467.0 315.0 470.0
107.0 415.0 122.0 415.0
25.0 318.0 35.0 317.0
46.0 392.0 61.0 390.0
121.0 132.0 132.0 134.0
263.0 468.0 271.0 469.0
47.0 393.0 61.0 390.0
59.0 75.0 81.0 77.0
180.0 549.0 193.0 543.0
109.0 415.0 122.0 415.0
193.0 101.0 215.0 110.0
41.0 325.0 58.0 325.0
59.0 76.0 81.0 77.0
24.0 152.0 42.0 155.0
467.0 188.0 475.0 197.0
150.0 529.0 165.0 523.0
262.0 468.0 271.0 469.0
139.0 426.0 146.0 429.0
68.0 524.0 83.0 518.0
39.0 325.0 58.0 325.0
121.0 131.0 132.0 134.0
40.0 325.0 58.0 325.0
55.0 505.0 75.0 499.0
58.0 75.0 81.0 77.0
67.0 524.0 83.0 518.0
468.0 188.0 471.0 192.0
54.0 504.0 75.0 499.0
467.0 187.0 475.0 197.0
163.0 299.0 178.0 302.0
68.0 523.0 83.0 518.0
23.0 152.0 42.0 155.0
248.0 481.0 260.0 487.0
25.0 152.0 42.0 155.0
121.0 430.0 143.0 430.0
92.0 479.0 106.0 479.0
40.0 326.0 58.0 325.0
68.0 525.0 83.0 518.0
47.0 392.0 61.0 390.0
67.0 525.0 83.0 518.0
58.0 76.0 81.0 77.0
306.0 467.0 315.0 471.0
53.0 505.0 75.0 499.0
20.0 534.0 36.0 529.0
54.0 505.0 75.0 499.0
248.0 482.0 260.0 487.0
468.0 187.0 471.0 192.0
121.0 429.0 143.0 430.0
24.0 151.0 42.0 155.0
461.0 185.0 471.0 192.0
120.0 429.0 143.0 430.0
23.0 151.0 42.0 155.0
26.0 151.0 42.0 155.0
25.0 151.0 42.0 155.0
97.0 462.0 119.0 459.0
461.0 184.0 471.0 192.0
192.0 101.0 215.0 110.0
69.0 584.0 87.0 578.0
460.0 185.0 471.0 192.0
250.0 482.0 260.0 487.0
20.0 533.0 36.0 529.0
54.0 506.0 75.0 499.0
305.0 466.0 315.0 470.0
249.0 482.0 260.0 487.0
460.0 184.0 471.0 192.0
67.0 526.0 83.0 518.0
25.0 150.0 43.0 155.0
249.0 481.0 260.0 487.0
21.0 533.0 36.0 529.0
120.0 430.0 143.0 430.0
69.0 585.0 87.0 578.0
22.0 532.0 36.0 528.0
20.0 532.0 36.0 529.0
192.0 100.0 215.0 110.0
24.0 150.0 42.0 155.0
70.0 548.0 87.0 542.0
68.0 585.0 87.0 578.0
21.0 532.0 36.0 529.0
22.0 533.0 36.0 528.0
68.0 584.0 87.0 578.0
71.0 548.0 87.0 542.0
325.0 464.0 345.0 472.0
22.0 534.0 36.0 528.0
116.0 19.0 133.0 25.0
21.0 531.0 36.0 529.0
21.0 534.0 36.0 529.0
72.0 548.0 87.0 542.0
325.0 463.0 345.0 472.0
191.0 101.0 215.0 110.0
324.0 464.0 345.0 472.0
116.0 18.0 133.0 25.0
151.0 368.0 166.0 363.0
152.0 368.0 166.0 363.0
70.0 549.0 87.0 542.0
117.0 18.0 133.0 25.0
324.0 463.0 345.0 472.0
72.0 549.0 87.0 542.0
19.0 334.0 37.0 333.0
71.0 549.0 87.0 542.0
115.0 18.0 133.0 25.0
79.0 376.0 101.0 375.0
191.0 100.0 215.0 110.0
191.0 538.0 193.0 543.0
71.0 550.0 87.0 542.0
79.0 375.0 101.0 375.0
35.0 350.0 52.0 349.0
34.0 350.0 52.0 349.0
17.0 335.0 37.0 333.0
323.0 463.0 345.0 472.0
32.0 376.0 49.0 377.0
18.0 334.0 37.0 333.0
17.0 334.0 37.0 333.0
224.0 482.0 225.0 477.0
19.0 335.0 37.0 333.0
18.0 335.0 37.0 333.0
152.0 369.0 166.0 363.0
151.0 266.0 165.0 267.0
223.0 482.0 225.0 477.0
70.0 550.0 87.0 542.0
192.0 539.0 193.0 543.0
33.0 349.0 52.0 349.0
32.0 350.0 52.0 349.0
34.0 351.0 52.0 349.0
77.0 41.0 100.0 48.0
34.0 349.0 52.0 348.0
15.0 428.0 35.0 422.0
33.0 350.0 52.0 349.0
223.0 483.0 225.0 477.0
33.0 351.0 52.0 349.0
32.0 351.0 52.0 349.0
232.0 509.0 251.0 505.0
76.0 40.0 100.0 48.0
233.0 509.0 251.0 505.0
76.0 41.0 100.0 48.0
33.0 436.0 52.0 435.0
33.0 435.0 52.0 435.0
224.0 483.0 225.0 477.0
75.0 40.0 100.0 48.0
231.0 509.0 251.0 505.0
7.0 382.0 16.0 374.0
7.0 383.0 15.0 374.0
75.0 41.0 100.0 49.0
139.0 71.0 145.0 60.0
74.0 41.0 100.0 49.0
268.0 497.0 259.0 486.0
76.0 611.0 93.0 623.0
