418.0 5.0 418.0 10.0
418.0 6.0 418.0 10.0
419.0 5.0 418.0 10.0
308.0 28.0 305.0 27.0
418.0 4.0 418.0 10.0
419.0 4.0 418.0 10.0
222.0 439.0 198.0 447.0
307.0 28.0 305.0 27.0
326.0 22.0 324.0 23.0
145.0 622.0 115.0 625.0
417.0 59.0 414.0 65.0
222.0 440.0 198.0 447.0
143.0 622.0 115.0 625.0
144.0 621.0 115.0 625.0
284.0 33.0 278.0 32.0
144.0 622.0 115.0 625.0
143.0 621.0 115.0 625.0
207.0 541.0 178.0 549.0
221.0 442.0 198.0 447.0
221.0 439.0 198.0 447.0
307.0 29.0 305.0 27.0
221.0 440.0 198.0 447.0
145.0 621.0 115.0 625.0
251.0 430.0 227.0 437.0
208.0 540.0 179.0 548.0
306.0 28.0 304.0 27.0
454.0 84.0 450.0 92.0
221.0 441.0 198.0 447.0
251.0 431.0 227.0 437.0
207.0 540.0 178.0 548.0
306.0 29.0 305.0 27.0
325.0 22.0 324.0 23.0
417.0 60.0 414.0 65.0
222.0 441.0 198.0 447.0
92.0 482.0 65.0 481.0
225.0 141.0 216.0 139.0
308.0 29.0 305.0 27.0
93.0 483.0 65.0 481.0
68.0 102.0 67.0 102.0
418.0 59.0 414.0 65.0
418.0 60.0 414.0 65.0
419.0 60.0 415.0 66.0
447.0 19.0 444.0 27.0
227.0 141.0 216.0 139.0
340.0 552.0 314.0 564.0
418.0 58.0 414.0 65.0
252.0 431.0 227.0 437.0
312.0 63.0 306.0 64.0
226.0 141.0 216.0 139.0
213.0 376.0 193.0 381.0
250.0 431.0 226.0 437.0
340.0 553.0 314.0 564.0
206.0 540.0 178.0 548.0
206.0 539.0 178.0 548.0
207.0 539.0 178.0 548.0
206.0 541.0 178.0 548.0
339.0 552.0 314.0 564.0
238.0 450.0 213.0 458.0
445.0 20.0 444.0 27.0
252.0 124.0 244.0 124.0
226.0 142.0 216.0 139.0
208.0 541.0 178.0 548.0
455.0 84.0 450.0 92.0
311.0 64.0 306.0 64.0
92.0 483.0 65.0 481.0
446.0 19.0 444.0 27.0
124.0 368.0 100.0 367.0
253.0 124.0 244.0 124.0
305.0 29.0 304.0 27.0
102.0 498.0 77.0 499.0
311.0 63.0 306.0 64.0
44.0 238.0 27.0 230.0
285.0 406.0 265.0 415.0
214.0 376.0 193.0 381.0
447.0 18.0 444.0 27.0
131.0 437.0 107.0 437.0
446.0 20.0 444.0 27.0
67.0 240.0 50.0 233.0
91.0 482.0 65.0 481.0
237.0 450.0 213.0 458.0
454.0 85.0 450.0 92.0
123.0 368.0 100.0 367.0
132.0 437.0 107.0 437.0
92.0 481.0 65.0 481.0
419.0 59.0 414.0 65.0
237.0 449.0 213.0 458.0
44.0 239.0 27.0 230.0
213.0 377.0 193.0 381.0
358.0 136.0 352.0 144.0
215.0 376.0 193.0 381.0
310.0 64.0 306.0 64.0
214.0 375.0 193.0 381.0
442.0 36.0 442.0 44.0
170.0 436.0 146.0 440.0
67.0 241.0 49.0 233.0
445.0 18.0 444.0 27.0
101.0 499.0 76.0 498.0
212.0 377.0 193.0 381.0
101.0 498.0 76.0 498.0
266.0 58.0 261.0 54.0
265.0 58.0 261.0 54.0
446.0 18.0 444.0 27.0
266.0 57.0 260.0 54.0
445.0 19.0 444.0 27.0
310.0 63.0 306.0 64.0
361.0 17.0 358.0 18.0
443.0 36.0 442.0 44.0
66.0 240.0 49.0 233.0
102.0 499.0 76.0 498.0
237.0 534.0 210.0 542.0
103.0 499.0 77.0 499.0
444.0 37.0 442.0 44.0
286.0 406.0 265.0 415.0
358.0 135.0 352.0 144.0
237.0 533.0 210.0 542.0
442.0 38.0 442.0 44.0
236.0 533.0 210.0 542.0
67.0 239.0 50.0 232.0
133.0 437.0 108.0 438.0
360.0 17.0 358.0 18.0
442.0 37.0 442.0 44.0
455.0 85.0 450.0 92.0
214.0 377.0 193.0 381.0
236.0 450.0 213.0 458.0
265.0 57.0 260.0 54.0
443.0 37.0 442.0 44.0
177.0 436.0 149.0 439.0
454.0 86.0 450.0 93.0
237.0 451.0 213.0 458.0
443.0 38.0 442.0 44.0
252.0 123.0 244.0 124.0
312.0 62.0 307.0 62.0
357.0 136.0 352.0 144.0
444.0 36.0 442.0 44.0
296.0 50.0 291.0 49.0
253.0 123.0 244.0 124.0
124.0 369.0 100.0 367.0
284.0 407.0 264.0 416.0
238.0 533.0 210.0 542.0
227.0 142.0 216.0 139.0
66.0 239.0 50.0 232.0
311.0 62.0 306.0 64.0
359.0 16.0 357.0 18.0
238.0 534.0 210.0 542.0
65.0 240.0 47.0 233.0
235.0 450.0 212.0 458.0
309.0 63.0 306.0 64.0
359.0 17.0 358.0 18.0
102.0 500.0 76.0 498.0
253.0 122.0 244.0 124.0
123.0 369.0 100.0 367.0
235.0 534.0 210.0 542.0
66.0 241.0 49.0 233.0
361.0 16.0 357.0 18.0
444.0 38.0 442.0 44.0
103.0 498.0 77.0 499.0
236.0 449.0 213.0 458.0
122.0 368.0 100.0 367.0
103.0 500.0 76.0 498.0
170.0 437.0 146.0 440.0
176.0 435.0 149.0 439.0
274.0 382.0 254.0 389.0
236.0 534.0 210.0 542.0
244.0 511.0 215.0 524.0
420.0 58.0 416.0 65.0
419.0 58.0 414.0 65.0
318.0 141.0 309.0 143.0
65.0 241.0 47.0 233.0
349.0 78.0 344.0 80.0
357.0 135.0 352.0 144.0
295.0 51.0 292.0 49.0
360.0 16.0 357.0 18.0
348.0 78.0 344.0 80.0
286.0 407.0 265.0 415.0
67.0 339.0 46.0 334.0
295.0 50.0 291.0 49.0
284.0 406.0 264.0 416.0
193.0 31.0 189.0 23.0
310.0 62.0 306.0 64.0
65.0 239.0 48.0 232.0
276.0 382.0 255.0 390.0
245.0 511.0 215.0 524.0
123.0 370.0 100.0 367.0
318.0 140.0 309.0 143.0
317.0 141.0 309.0 143.0
347.0 79.0 344.0 80.0
277.0 381.0 256.0 389.0
122.0 369.0 100.0 367.0
243.0 510.0 215.0 524.0
294.0 51.0 291.0 50.0
347.0 78.0 344.0 80.0
349.0 79.0 344.0 80.0
348.0 79.0 344.0 80.0
285.0 407.0 265.0 415.0
66.0 339.0 46.0 334.0
252.0 122.0 244.0 124.0
274.0 381.0 254.0 389.0
213.0 418.0 188.0 424.0
169.0 436.0 146.0 440.0
285.0 408.0 265.0 417.0
68.0 339.0 46.0 334.0
79.0 516.0 51.0 515.0
317.0 142.0 309.0 143.0
178.0 435.0 154.0 438.0
85.0 396.0 62.0 393.0
319.0 141.0 309.0 143.0
213.0 417.0 188.0 424.0
141.0 169.0 140.0 164.0
275.0 382.0 254.0 389.0
93.0 516.0 65.0 515.0
178.0 436.0 149.0 439.0
84.0 395.0 62.0 393.0
275.0 381.0 255.0 389.0
85.0 395.0 62.0 393.0
311.0 61.0 307.0 62.0
177.0 435.0 149.0 439.0
287.0 407.0 265.0 415.0
250.0 82.0 244.0 81.0
79.0 517.0 51.0 515.0
286.0 408.0 265.0 415.0
409.0 83.0 406.0 88.0
214.0 417.0 188.0 424.0
85.0 394.0 62.0 392.0
295.0 424.0 274.0 432.0
294.0 424.0 274.0 432.0
296.0 423.0 274.0 432.0
350.0 78.0 344.0 80.0
282.0 156.0 276.0 159.0
214.0 418.0 188.0 424.0
244.0 510.0 215.0 524.0
83.0 395.0 62.0 393.0
295.0 423.0 274.0 432.0
310.0 61.0 307.0 62.0
245.0 510.0 215.0 524.0
250.0 83.0 244.0 81.0
169.0 437.0 146.0 440.0
193.0 32.0 189.0 23.0
79.0 515.0 51.0 515.0
348.0 80.0 344.0 80.0
121.0 368.0 100.0 367.0
93.0 514.0 65.0 514.0
235.0 449.0 212.0 458.0
93.0 515.0 65.0 515.0
140.0 169.0 140.0 164.0
215.0 417.0 188.0 424.0
295.0 422.0 274.0 432.0
276.0 381.0 255.0 389.0
410.0 82.0 406.0 88.0
214.0 419.0 188.0 424.0
294.0 423.0 274.0 432.0
409.0 82.0 406.0 88.0
78.0 517.0 51.0 515.0
249.0 82.0 243.0 81.0
75.0 433.0 50.0 431.0
291.0 96.0 284.0 95.0
130.0 568.0 102.0 570.0
332.0 151.0 325.0 158.0
293.0 423.0 274.0 432.0
348.0 110.0 341.0 113.0
294.0 422.0 274.0 432.0
331.0 152.0 325.0 158.0
290.0 96.0 284.0 95.0
249.0 83.0 244.0 81.0
293.0 422.0 274.0 432.0
289.0 95.0 284.0 95.0
78.0 516.0 51.0 515.0
244.0 509.0 215.0 524.0
74.0 433.0 50.0 431.0
348.0 111.0 341.0 113.0
97.0 438.0 68.0 436.0
313.0 600.0 286.0 612.0
363.0 50.0 361.0 54.0
365.0 50.0 361.0 54.0
312.0 600.0 286.0 612.0
86.0 395.0 62.0 393.0
289.0 96.0 284.0 95.0
75.0 434.0 50.0 431.0
92.0 514.0 65.0 514.0
248.0 82.0 243.0 81.0
215.0 418.0 188.0 424.0
347.0 111.0 341.0 113.0
265.0 157.0 257.0 160.0
74.0 434.0 50.0 431.0
263.0 157.0 257.0 160.0
215.0 419.0 188.0 424.0
92.0 515.0 65.0 514.0
331.0 82.0 327.0 85.0
291.0 142.0 284.0 143.0
262.0 65.0 261.0 54.0
290.0 94.0 284.0 95.0
346.0 110.0 341.0 113.0
216.0 418.0 188.0 424.0
330.0 151.0 325.0 158.0
292.0 142.0 284.0 143.0
346.0 111.0 341.0 113.0
347.0 110.0 341.0 113.0
364.0 50.0 359.0 54.0
319.0 499.0 294.0 510.0
261.0 65.0 261.0 54.0
331.0 151.0 325.0 158.0
140.0 168.0 140.0 164.0
291.0 95.0 284.0 95.0
51.0 483.0 25.0 481.0
264.0 157.0 257.0 160.0
290.0 95.0 284.0 95.0
276.0 119.0 265.0 119.0
289.0 143.0 283.0 144.0
310.0 85.0 304.0 85.0
319.0 498.0 294.0 510.0
249.0 84.0 243.0 81.0
317.0 499.0 294.0 510.0
248.0 83.0 243.0 81.0
331.0 150.0 325.0 158.0
51.0 484.0 25.0 481.0
330.0 150.0 325.0 158.0
318.0 499.0 294.0 510.0
318.0 500.0 294.0 510.0
310.0 86.0 304.0 85.0
228.0 603.0 197.0 612.0
66.0 533.0 39.0 531.0
336.0 135.0 330.0 136.0
290.0 142.0 283.0 143.0
317.0 498.0 294.0 510.0
68.0 533.0 40.0 532.0
245.0 509.0 215.0 524.0
67.0 532.0 40.0 532.0
78.0 515.0 51.0 515.0
336.0 134.0 330.0 136.0
309.0 85.0 304.0 85.0
52.0 484.0 25.0 481.0
67.0 534.0 40.0 532.0
289.0 94.0 284.0 95.0
308.0 86.0 304.0 85.0
333.0 82.0 328.0 85.0
337.0 135.0 330.0 136.0
337.0 134.0 330.0 136.0
310.0 87.0 304.0 88.0
318.0 498.0 294.0 510.0
67.0 533.0 40.0 532.0
332.0 82.0 327.0 85.0
261.0 66.0 261.0 54.0
275.0 119.0 265.0 119.0
308.0 85.0 304.0 85.0
309.0 87.0 304.0 88.0
274.0 119.0 265.0 119.0
317.0 500.0 294.0 510.0
290.0 143.0 283.0 144.0
229.0 603.0 197.0 612.0
66.0 534.0 39.0 531.0
52.0 485.0 25.0 481.0
288.0 95.0 284.0 95.0
51.0 485.0 25.0 481.0
271.0 83.0 266.0 81.0
77.0 516.0 51.0 515.0
291.0 143.0 283.0 144.0
271.0 82.0 266.0 81.0
270.0 83.0 264.0 81.0
277.0 119.0 265.0 119.0
52.0 483.0 25.0 481.0
309.0 86.0 304.0 85.0
332.0 83.0 327.0 85.0
272.0 83.0 266.0 81.0
70.0 483.0 44.0 480.0
338.0 135.0 330.0 136.0
271.0 84.0 266.0 81.0
77.0 515.0 51.0 515.0
271.0 81.0 266.0 81.0
308.0 87.0 304.0 88.0
270.0 82.0 264.0 81.0
260.0 65.0 261.0 54.0
73.0 533.0 40.0 532.0
292.0 143.0 283.0 144.0
337.0 136.0 330.0 136.0
78.0 514.0 51.0 515.0
272.0 82.0 266.0 81.0
333.0 83.0 327.0 85.0
228.0 602.0 197.0 612.0
71.0 483.0 44.0 480.0
229.0 602.0 197.0 612.0
270.0 81.0 264.0 81.0
303.0 116.0 299.0 115.0
230.0 602.0 197.0 612.0
290.0 144.0 283.0 144.0
74.0 533.0 40.0 532.0
70.0 484.0 44.0 480.0
345.0 36.0 338.0 47.0
291.0 144.0 283.0 144.0
53.0 484.0 25.0 481.0
269.0 82.0 264.0 81.0
32.0 330.0 9.0 322.0
31.0 329.0 9.0 322.0
304.0 115.0 299.0 115.0
344.0 36.0 338.0 47.0
302.0 115.0 299.0 115.0
292.0 144.0 283.0 144.0
304.0 116.0 299.0 115.0
303.0 115.0 299.0 115.0
230.0 601.0 197.0 612.0
71.0 484.0 44.0 480.0
303.0 114.0 299.0 115.0
49.0 598.0 20.0 597.0
345.0 35.0 338.0 47.0
302.0 114.0 299.0 115.0
70.0 485.0 44.0 480.0
256.0 581.0 226.0 592.0
304.0 114.0 299.0 115.0
260.0 66.0 261.0 54.0
89.0 357.0 60.0 354.0
256.0 582.0 226.0 592.0
50.0 598.0 20.0 597.0
49.0 599.0 20.0 597.0
60.0 569.0 29.0 569.0
61.0 570.0 31.0 568.0
89.0 356.0 60.0 354.0
60.0 570.0 29.0 569.0
90.0 357.0 60.0 354.0
58.0 570.0 29.0 569.0
345.0 34.0 338.0 47.0
59.0 570.0 29.0 569.0
61.0 569.0 31.0 568.0
60.0 571.0 29.0 569.0
17.0 325.0 9.0 322.0
90.0 356.0 60.0 354.0
18.0 325.0 9.0 322.0
59.0 569.0 29.0 569.0
55.0 250.0 46.0 232.0
59.0 571.0 29.0 569.0
18.0 324.0 9.0 322.0
288.0 61.0 291.0 50.0
268.0 44.0 277.0 32.0
55.0 249.0 46.0 232.0
17.0 324.0 9.0 322.0
54.0 250.0 46.0 232.0
54.0 249.0 46.0 232.0
53.0 249.0 46.0 232.0
265.0 421.0 227.0 437.0
383.0 87.0 361.0 85.0
16.0 324.0 9.0 322.0
42.0 576.0 13.0 575.0
17.0 323.0 9.0 322.0
266.0 422.0 226.0 438.0
43.0 577.0 13.0 575.0
110.0 606.0 83.0 617.0
