188.0 215.0 204.0 209.0
188.0 214.0 204.0 209.0
188.0 213.0 204.0 209.0
152.0 176.0 169.0 171.0
187.0 213.0 204.0 209.0
187.0 214.0 204.0 209.0
251.0 397.0 267.0 388.0
384.0 85.0 401.0 77.0
152.0 177.0 169.0 171.0
189.0 214.0 204.0 209.0
160.0 298.0 178.0 291.0
189.0 241.0 205.0 234.0
151.0 177.0 169.0 171.0
153.0 177.0 169.0 171.0
383.0 87.0 401.0 77.0
193.0 259.0 209.0 255.0
252.0 560.0 270.0 550.0
187.0 215.0 204.0 209.0
189.0 215.0 204.0 209.0
383.0 86.0 401.0 77.0
250.0 397.0 267.0 388.0
151.0 176.0 169.0 171.0
153.0 176.0 169.0 171.0
383.0 85.0 401.0 77.0
190.0 241.0 206.0 234.0
384.0 86.0 401.0 77.0
193.0 260.0 209.0 255.0
278.0 568.0 296.0 557.0
279.0 569.0 296.0 558.0
194.0 260.0 209.0 255.0
190.0 240.0 205.0 234.0
278.0 569.0 296.0 557.0
190.0 242.0 205.0 236.0
121.0 249.0 137.0 243.0
400.0 275.0 417.0 270.0
252.0 561.0 270.0 551.0
192.0 260.0 208.0 255.0
273.0 587.0 291.0 577.0
382.0 85.0 400.0 77.0
401.0 274.0 417.0 270.0
160.0 297.0 178.0 291.0
273.0 586.0 291.0 577.0
192.0 261.0 208.0 255.0
279.0 568.0 296.0 557.0
390.0 342.0 410.0 333.0
193.0 262.0 208.0 257.0
382.0 86.0 400.0 77.0
401.0 275.0 417.0 270.0
191.0 241.0 206.0 235.0
250.0 396.0 267.0 388.0
251.0 560.0 270.0 550.0
402.0 274.0 417.0 270.0
337.0 308.0 355.0 301.0
373.0 339.0 390.0 332.0
382.0 87.0 400.0 77.0
189.0 240.0 204.0 235.0
161.0 299.0 178.0 292.0
251.0 396.0 267.0 388.0
374.0 338.0 390.0 332.0
272.0 587.0 289.0 577.0
373.0 338.0 390.0 332.0
160.0 299.0 178.0 292.0
251.0 561.0 270.0 550.0
124.0 226.0 138.0 220.0
193.0 261.0 209.0 255.0
374.0 339.0 390.0 332.0
374.0 340.0 390.0 333.0
273.0 585.0 291.0 577.0
372.0 339.0 390.0 332.0
272.0 586.0 289.0 577.0
192.0 262.0 208.0 257.0
250.0 561.0 268.0 551.0
123.0 225.0 138.0 220.0
252.0 562.0 270.0 551.0
336.0 308.0 353.0 301.0
373.0 340.0 390.0 333.0
123.0 226.0 138.0 220.0
403.0 274.0 417.0 270.0
190.0 239.0 205.0 234.0
191.0 240.0 206.0 234.0
151.0 246.0 169.0 240.0
161.0 298.0 178.0 292.0
191.0 239.0 206.0 234.0
390.0 343.0 409.0 334.0
391.0 342.0 410.0 333.0
122.0 247.0 137.0 243.0
189.0 190.0 204.0 187.0
279.0 567.0 296.0 557.0
124.0 225.0 138.0 220.0
159.0 297.0 178.0 291.0
159.0 298.0 178.0 291.0
122.0 249.0 139.0 243.0
280.0 568.0 296.0 557.0
391.0 344.0 409.0 334.0
150.0 224.0 166.0 219.0
122.0 248.0 137.0 243.0
191.0 242.0 206.0 235.0
123.0 248.0 139.0 243.0
186.0 366.0 201.0 361.0
134.0 179.0 154.0 175.0
412.0 332.0 428.0 323.0
149.0 224.0 166.0 219.0
151.0 224.0 166.0 219.0
355.0 350.0 372.0 343.0
391.0 343.0 410.0 333.0
332.0 79.0 348.0 70.0
150.0 246.0 169.0 240.0
250.0 562.0 268.0 551.0
58.0 170.0 74.0 166.0
148.0 224.0 166.0 219.0
356.0 349.0 372.0 343.0
121.0 248.0 137.0 243.0
67.0 258.0 92.0 252.0
186.0 367.0 201.0 361.0
191.0 189.0 204.0 186.0
190.0 189.0 204.0 186.0
411.0 332.0 428.0 323.0
331.0 78.0 348.0 70.0
68.0 258.0 92.0 252.0
186.0 368.0 201.0 361.0
123.0 247.0 139.0 243.0
314.0 221.0 330.0 213.0
332.0 78.0 348.0 70.0
192.0 263.0 208.0 257.0
251.0 562.0 270.0 551.0
332.0 177.0 348.0 166.0
330.0 176.0 347.0 166.0
346.0 420.0 362.0 414.0
58.0 171.0 74.0 166.0
57.0 170.0 74.0 166.0
187.0 367.0 201.0 361.0
331.0 175.0 347.0 166.0
190.0 192.0 203.0 188.0
185.0 367.0 201.0 363.0
355.0 349.0 372.0 343.0
185.0 368.0 201.0 363.0
331.0 177.0 348.0 166.0
354.0 51.0 371.0 44.0
356.0 350.0 372.0 344.0
67.0 259.0 90.0 253.0
355.0 351.0 372.0 344.0
354.0 350.0 372.0 343.0
57.0 171.0 74.0 166.0
354.0 349.0 372.0 343.0
384.0 453.0 400.0 447.0
411.0 331.0 428.0 323.0
191.0 190.0 204.0 186.0
381.0 86.0 400.0 77.0
411.0 330.0 428.0 323.0
332.0 176.0 348.0 166.0
353.0 603.0 371.0 593.0
404.0 396.0 423.0 388.0
412.0 331.0 428.0 323.0
333.0 78.0 348.0 70.0
330.0 175.0 347.0 166.0
355.0 51.0 371.0 44.0
190.0 191.0 204.0 186.0
384.0 452.0 400.0 447.0
192.0 240.0 206.0 235.0
403.0 396.0 423.0 388.0
331.0 176.0 348.0 166.0
190.0 190.0 204.0 186.0
332.0 175.0 348.0 166.0
354.0 602.0 372.0 593.0
68.0 259.0 90.0 253.0
385.0 453.0 400.0 447.0
57.0 172.0 74.0 166.0
353.0 602.0 372.0 593.0
412.0 330.0 428.0 323.0
354.0 52.0 371.0 44.0
354.0 603.0 372.0 594.0
405.0 396.0 423.0 388.0
355.0 602.0 372.0 594.0
192.0 242.0 206.0 235.0
370.0 436.0 386.0 430.0
404.0 395.0 423.0 388.0
192.0 241.0 206.0 235.0
378.0 291.0 395.0 284.0
387.0 431.0 409.0 423.0
403.0 395.0 423.0 388.0
69.0 259.0 90.0 253.0
354.0 53.0 371.0 44.0
270.0 528.0 286.0 519.0
384.0 454.0 400.0 447.0
269.0 527.0 286.0 519.0
388.0 431.0 409.0 423.0
331.0 174.0 348.0 166.0
82.0 196.0 99.0 192.0
389.0 431.0 409.0 423.0
405.0 395.0 423.0 388.0
409.0 46.0 429.0 39.0
82.0 197.0 99.0 192.0
250.0 380.0 267.0 370.0
387.0 432.0 409.0 423.0
353.0 52.0 371.0 44.0
388.0 432.0 409.0 423.0
332.0 174.0 348.0 166.0
316.0 221.0 331.0 214.0
409.0 588.0 425.0 582.0
149.0 225.0 166.0 219.0
410.0 46.0 429.0 39.0
383.0 453.0 400.0 447.0
385.0 452.0 400.0 447.0
83.0 197.0 99.0 192.0
355.0 52.0 371.0 44.0
413.0 331.0 428.0 323.0
410.0 48.0 429.0 39.0
356.0 52.0 371.0 44.0
409.0 48.0 429.0 39.0
408.0 48.0 429.0 39.0
385.0 166.0 403.0 158.0
386.0 454.0 400.0 447.0
355.0 12.0 374.0 6.0
361.0 201.0 379.0 192.0
386.0 453.0 400.0 447.0
362.0 201.0 379.0 192.0
355.0 139.0 371.0 131.0
357.0 405.0 376.0 398.0
148.0 225.0 166.0 219.0
333.0 176.0 348.0 166.0
377.0 291.0 395.0 284.0
83.0 196.0 100.0 191.0
361.0 202.0 380.0 193.0
376.0 291.0 395.0 284.0
435.0 510.0 456.0 503.0
84.0 197.0 99.0 192.0
249.0 380.0 267.0 370.0
84.0 196.0 99.0 192.0
383.0 454.0 399.0 447.0
356.0 405.0 376.0 398.0
410.0 47.0 429.0 39.0
443.0 526.0 461.0 517.0
434.0 512.0 456.0 503.0
435.0 511.0 456.0 503.0
408.0 47.0 429.0 39.0
409.0 47.0 429.0 39.0
383.0 455.0 399.0 447.0
387.0 453.0 400.0 447.0
362.0 200.0 379.0 192.0
410.0 588.0 425.0 582.0
354.0 54.0 371.0 44.0
251.0 380.0 267.0 370.0
436.0 511.0 456.0 503.0
356.0 13.0 374.0 6.0
385.0 454.0 400.0 447.0
442.0 526.0 460.0 517.0
268.0 527.0 286.0 519.0
443.0 527.0 461.0 518.0
409.0 589.0 425.0 582.0
361.0 200.0 378.0 193.0
355.0 13.0 374.0 6.0
386.0 452.0 400.0 447.0
436.0 510.0 456.0 503.0
356.0 12.0 374.0 6.0
442.0 527.0 460.0 518.0
410.0 589.0 425.0 582.0
355.0 140.0 371.0 131.0
355.0 53.0 371.0 44.0
434.0 510.0 456.0 503.0
438.0 597.0 456.0 589.0
350.0 141.0 369.0 133.0
441.0 526.0 460.0 518.0
377.0 292.0 395.0 284.0
376.0 292.0 395.0 284.0
409.0 590.0 425.0 582.0
384.0 166.0 403.0 158.0
385.0 165.0 403.0 158.0
109.0 176.0 135.0 173.0
434.0 511.0 456.0 503.0
410.0 590.0 425.0 582.0
357.0 406.0 376.0 399.0
384.0 165.0 403.0 158.0
110.0 177.0 135.0 173.0
355.0 54.0 371.0 44.0
265.0 609.0 284.0 599.0
410.0 591.0 425.0 582.0
88.0 175.0 112.0 171.0
433.0 511.0 456.0 503.0
109.0 177.0 135.0 173.0
110.0 178.0 135.0 173.0
356.0 406.0 376.0 399.0
263.0 610.0 284.0 599.0
264.0 609.0 284.0 599.0
417.0 139.0 434.0 131.0
265.0 610.0 284.0 599.0
437.0 597.0 454.0 590.0
416.0 138.0 434.0 131.0
263.0 609.0 284.0 599.0
416.0 139.0 434.0 131.0
438.0 279.0 459.0 270.0
87.0 175.0 112.0 171.0
89.0 176.0 112.0 171.0
438.0 278.0 459.0 270.0
429.0 266.0 449.0 258.0
428.0 267.0 449.0 258.0
417.0 137.0 434.0 131.0
399.0 153.0 420.0 143.0
417.0 138.0 434.0 131.0
108.0 177.0 112.0 171.0
437.0 278.0 459.0 270.0
109.0 178.0 135.0 173.0
264.0 610.0 284.0 599.0
436.0 597.0 454.0 590.0
264.0 611.0 284.0 599.0
427.0 267.0 449.0 258.0
428.0 265.0 449.0 258.0
393.0 392.0 405.0 377.0
87.0 176.0 112.0 171.0
266.0 541.0 278.0 523.0
428.0 266.0 449.0 258.0
416.0 137.0 434.0 131.0
427.0 266.0 449.0 258.0
437.0 279.0 459.0 270.0
88.0 176.0 112.0 171.0
349.0 142.0 369.0 133.0
39.0 171.0 22.0 163.0
436.0 279.0 459.0 270.0
38.0 171.0 22.0 163.0
349.0 141.0 369.0 133.0
392.0 392.0 405.0 377.0
426.0 267.0 449.0 258.0
378.0 380.0 405.0 377.0
391.0 392.0 405.0 377.0
379.0 381.0 405.0 377.0
447.0 404.0 468.0 395.0
418.0 384.0 435.0 377.0
31.0 84.0 24.0 81.0
15.0 279.0 32.0 273.0
40.0 172.0 22.0 163.0
40.0 171.0 22.0 163.0
349.0 140.0 369.0 133.0
32.0 84.0 24.0 81.0
30.0 84.0 24.0 81.0
448.0 403.0 468.0 396.0
266.0 542.0 278.0 523.0
15.0 278.0 32.0 273.0
447.0 403.0 468.0 396.0
435.0 328.0 452.0 320.0
449.0 404.0 468.0 396.0
420.0 384.0 436.0 376.0
348.0 401.0 376.0 399.0
31.0 85.0 24.0 81.0
392.0 393.0 405.0 377.0
432.0 75.0 453.0 64.0
432.0 74.0 453.0 64.0
448.0 404.0 468.0 396.0
377.0 380.0 405.0 377.0
418.0 383.0 435.0 377.0
32.0 85.0 24.0 81.0
448.0 402.0 468.0 396.0
14.0 279.0 32.0 273.0
348.0 142.0 369.0 133.0
419.0 384.0 436.0 376.0
449.0 403.0 468.0 396.0
30.0 85.0 24.0 81.0
434.0 329.0 452.0 320.0
14.0 277.0 32.0 273.0
430.0 75.0 453.0 64.0
263.0 451.0 285.0 442.0
431.0 75.0 453.0 64.0
14.0 278.0 32.0 273.0
348.0 141.0 369.0 133.0
342.0 68.0 349.0 70.0
431.0 74.0 453.0 64.0
433.0 329.0 452.0 320.0
434.0 328.0 452.0 320.0
378.0 381.0 405.0 377.0
273.0 555.0 296.0 557.0
419.0 383.0 435.0 377.0
431.0 76.0 453.0 64.0
420.0 383.0 436.0 376.0
430.0 74.0 453.0 64.0
433.0 328.0 452.0 320.0
13.0 279.0 32.0 273.0
391.0 393.0 405.0 377.0
343.0 67.0 349.0 70.0
450.0 509.0 473.0 498.0
13.0 278.0 32.0 273.0
348.0 140.0 369.0 133.0
452.0 509.0 473.0 498.0
274.0 554.0 296.0 557.0
344.0 67.0 349.0 70.0
68.0 198.0 99.0 192.0
347.0 401.0 376.0 399.0
263.0 452.0 285.0 442.0
267.0 542.0 278.0 523.0
451.0 140.0 470.0 128.0
451.0 508.0 473.0 498.0
451.0 509.0 473.0 498.0
12.0 278.0 32.0 273.0
343.0 68.0 370.0 44.0
378.0 382.0 405.0 377.0
262.0 451.0 285.0 442.0
344.0 68.0 370.0 44.0
377.0 381.0 405.0 377.0
432.0 329.0 452.0 320.0
432.0 328.0 452.0 320.0
273.0 554.0 296.0 557.0
263.0 453.0 286.0 442.0
272.0 554.0 296.0 557.0
262.0 452.0 285.0 442.0
17.0 261.0 33.0 272.0
261.0 452.0 284.0 442.0
262.0 453.0 285.0 442.0
376.0 381.0 405.0 377.0
18.0 261.0 33.0 272.0
377.0 382.0 405.0 377.0
19.0 261.0 33.0 272.0
