245.0 219.0 254.0 211.0
245.0 220.0 254.0 211.0
246.0 219.0 254.0 211.0
246.0 218.0 254.0 212.0
244.0 219.0 254.0 211.0
245.0 218.0 254.0 211.0
465.0 626.0 467.0 624.0
245.0 217.0 254.0 212.0
47.0 326.0 52.0 322.0
244.0 217.0 254.0 212.0
46.0 466.0 50.0 460.0
463.0 561.0 466.0 558.0
34.0 322.0 39.0 320.0
244.0 218.0 254.0 211.0
243.0 218.0 254.0 211.0
245.0 167.0 254.0 162.0
246.0 169.0 254.0 163.0
181.0 227.0 192.0 221.0
11.0 65.0 10.0 59.0
242.0 192.0 253.0 185.0
245.0 168.0 254.0 162.0
318.0 574.0 323.0 567.0
11.0 66.0 5.0 63.0
207.0 155.0 214.0 151.0
208.0 155.0 214.0 151.0
207.0 154.0 216.0 152.0
454.0 373.0 460.0 369.0
318.0 573.0 323.0 567.0
244.0 192.0 253.0 185.0
317.0 574.0 322.0 566.0
245.0 170.0 254.0 163.0
207.0 156.0 214.0 151.0
12.0 66.0 5.0 63.0
338.0 582.0 348.0 574.0
368.0 310.0 376.0 305.0
432.0 265.0 442.0 256.0
208.0 156.0 214.0 151.0
245.0 169.0 254.0 163.0
242.0 191.0 253.0 187.0
180.0 227.0 192.0 221.0
12.0 65.0 10.0 59.0
464.0 626.0 467.0 624.0
243.0 193.0 253.0 185.0
319.0 574.0 323.0 567.0
244.0 191.0 253.0 185.0
209.0 155.0 214.0 151.0
181.0 226.0 192.0 221.0
206.0 224.0 216.0 219.0
208.0 154.0 216.0 152.0
377.0 36.0 383.0 30.0
464.0 625.0 467.0 622.0
318.0 572.0 323.0 567.0
338.0 583.0 348.0 574.0
243.0 192.0 253.0 185.0
244.0 168.0 254.0 163.0
207.0 224.0 216.0 219.0
244.0 167.0 254.0 162.0
317.0 573.0 323.0 567.0
10.0 328.0 15.0 322.0
243.0 190.0 254.0 186.0
319.0 573.0 323.0 567.0
433.0 264.0 442.0 256.0
455.0 373.0 460.0 369.0
207.0 225.0 216.0 219.0
456.0 252.0 459.0 250.0
463.0 562.0 466.0 558.0
464.0 627.0 467.0 624.0
243.0 191.0 253.0 187.0
244.0 169.0 254.0 163.0
34.0 321.0 39.0 320.0
244.0 170.0 254.0 163.0
368.0 311.0 376.0 305.0
180.0 226.0 192.0 221.0
249.0 240.0 255.0 233.0
455.0 253.0 459.0 250.0
368.0 309.0 377.0 304.0
206.0 225.0 216.0 219.0
79.0 257.0 92.0 252.0
456.0 373.0 460.0 369.0
432.0 266.0 442.0 257.0
337.0 582.0 348.0 574.0
433.0 265.0 442.0 256.0
242.0 190.0 253.0 187.0
455.0 252.0 459.0 250.0
182.0 226.0 192.0 221.0
179.0 227.0 191.0 220.0
434.0 265.0 444.0 257.0
179.0 204.0 191.0 196.0
46.0 66.0 50.0 63.0
413.0 19.0 421.0 13.0
433.0 267.0 442.0 257.0
454.0 253.0 459.0 250.0
319.0 572.0 323.0 567.0
248.0 239.0 255.0 233.0
435.0 265.0 444.0 257.0
326.0 552.0 333.0 546.0
434.0 264.0 444.0 257.0
265.0 149.0 276.0 143.0
412.0 19.0 421.0 13.0
380.0 291.0 385.0 287.0
332.0 535.0 339.0 528.0
248.0 240.0 255.0 233.0
326.0 553.0 333.0 546.0
181.0 204.0 191.0 196.0
366.0 359.0 372.0 353.0
434.0 266.0 443.0 258.0
422.0 564.0 427.0 560.0
368.0 308.0 376.0 305.0
208.0 224.0 216.0 219.0
306.0 528.0 310.0 521.0
325.0 553.0 333.0 546.0
381.0 582.0 385.0 577.0
326.0 554.0 333.0 546.0
428.0 314.0 429.0 310.0
381.0 581.0 385.0 577.0
79.0 256.0 92.0 252.0
332.0 536.0 339.0 528.0
306.0 526.0 310.0 521.0
20.0 621.0 4.0 608.0
9.0 328.0 15.0 322.0
423.0 565.0 426.0 561.0
379.0 291.0 385.0 287.0
423.0 564.0 427.0 560.0
306.0 527.0 310.0 521.0
181.0 205.0 191.0 198.0
421.0 564.0 427.0 560.0
205.0 203.0 215.0 197.0
205.0 204.0 215.0 197.0
180.0 204.0 191.0 196.0
456.0 372.0 460.0 369.0
424.0 38.0 428.0 35.0
433.0 266.0 442.0 257.0
332.0 534.0 339.0 528.0
469.0 13.0 471.0 10.0
140.0 176.0 149.0 172.0
13.0 66.0 5.0 63.0
327.0 552.0 334.0 545.0
307.0 526.0 311.0 521.0
382.0 582.0 385.0 577.0
383.0 582.0 386.0 577.0
80.0 257.0 92.0 252.0
208.0 225.0 215.0 221.0
180.0 205.0 191.0 198.0
423.0 563.0 427.0 560.0
461.0 246.0 460.0 249.0
307.0 527.0 310.0 521.0
243.0 168.0 254.0 163.0
182.0 204.0 192.0 197.0
467.0 13.0 471.0 10.0
382.0 581.0 385.0 577.0
10.0 327.0 15.0 322.0
209.0 154.0 216.0 152.0
455.0 372.0 460.0 369.0
382.0 583.0 385.0 577.0
422.0 565.0 426.0 561.0
379.0 292.0 385.0 287.0
422.0 563.0 427.0 560.0
424.0 564.0 427.0 560.0
421.0 565.0 426.0 561.0
468.0 13.0 471.0 10.0
413.0 20.0 421.0 13.0
46.0 65.0 50.0 63.0
140.0 177.0 149.0 172.0
397.0 37.0 397.0 41.0
380.0 292.0 385.0 287.0
462.0 246.0 460.0 249.0
446.0 320.0 455.0 322.0
9.0 327.0 15.0 322.0
305.0 526.0 310.0 521.0
206.0 203.0 215.0 197.0
81.0 256.0 92.0 252.0
449.0 564.0 450.0 559.0
247.0 239.0 255.0 233.0
247.0 238.0 255.0 232.0
463.0 247.0 460.0 249.0
204.0 203.0 215.0 197.0
80.0 256.0 92.0 252.0
381.0 583.0 385.0 577.0
412.0 20.0 421.0 13.0
462.0 247.0 460.0 249.0
242.0 343.0 250.0 342.0
461.0 248.0 460.0 249.0
248.0 238.0 255.0 232.0
26.0 66.0 33.0 60.0
462.0 248.0 460.0 249.0
141.0 177.0 149.0 172.0
246.0 238.0 255.0 232.0
25.0 66.0 33.0 60.0
327.0 553.0 334.0 545.0
448.0 564.0 450.0 560.0
341.0 79.0 350.0 73.0
121.0 152.0 132.0 147.0
469.0 14.0 471.0 10.0
246.0 239.0 255.0 232.0
412.0 21.0 421.0 13.0
469.0 560.0 467.0 557.0
247.0 240.0 255.0 233.0
62.0 253.0 91.0 251.0
20.0 622.0 4.0 608.0
206.0 202.0 215.0 197.0
461.0 247.0 460.0 249.0
468.0 14.0 471.0 10.0
448.0 320.0 455.0 323.0
246.0 240.0 255.0 233.0
120.0 152.0 132.0 147.0
447.0 322.0 455.0 323.0
398.0 38.0 397.0 41.0
457.0 372.0 460.0 369.0
81.0 257.0 92.0 252.0
342.0 80.0 350.0 73.0
45.0 64.0 56.0 58.0
446.0 321.0 455.0 323.0
404.0 571.0 407.0 566.0
403.0 571.0 407.0 566.0
470.0 560.0 467.0 557.0
449.0 322.0 455.0 323.0
82.0 256.0 92.0 252.0
447.0 323.0 455.0 323.0
448.0 321.0 455.0 323.0
447.0 320.0 455.0 322.0
442.0 406.0 447.0 403.0
446.0 322.0 455.0 323.0
61.0 253.0 91.0 251.0
142.0 177.0 149.0 172.0
411.0 19.0 421.0 13.0
426.0 343.0 431.0 339.0
141.0 178.0 149.0 172.0
305.0 527.0 310.0 521.0
142.0 178.0 149.0 172.0
141.0 176.0 149.0 172.0
448.0 323.0 455.0 323.0
448.0 322.0 455.0 323.0
380.0 293.0 386.0 288.0
444.0 53.0 449.0 48.0
81.0 255.0 93.0 251.0
342.0 81.0 350.0 73.0
304.0 527.0 310.0 521.0
215.0 275.0 221.0 270.0
447.0 321.0 455.0 323.0
205.0 202.0 215.0 197.0
340.0 80.0 350.0 73.0
27.0 67.0 33.0 60.0
469.0 306.0 476.0 299.0
216.0 275.0 221.0 270.0
398.0 37.0 397.0 41.0
470.0 559.0 467.0 557.0
444.0 54.0 449.0 48.0
341.0 80.0 350.0 73.0
403.0 572.0 407.0 566.0
467.0 14.0 471.0 10.0
26.0 67.0 33.0 60.0
142.0 176.0 149.0 172.0
62.0 252.0 75.0 247.0
443.0 405.0 447.0 403.0
217.0 275.0 221.0 270.0
63.0 252.0 75.0 247.0
425.0 396.0 427.0 388.0
25.0 67.0 33.0 60.0
340.0 81.0 350.0 73.0
411.0 20.0 421.0 13.0
398.0 36.0 397.0 41.0
444.0 405.0 447.0 403.0
341.0 81.0 350.0 73.0
426.0 344.0 431.0 340.0
379.0 293.0 385.0 287.0
444.0 407.0 447.0 403.0
443.0 407.0 447.0 403.0
470.0 306.0 476.0 299.0
410.0 435.0 415.0 433.0
143.0 177.0 151.0 172.0
469.0 307.0 476.0 299.0
7.0 626.0 4.0 608.0
444.0 406.0 447.0 403.0
424.0 397.0 427.0 388.0
424.0 396.0 427.0 388.0
425.0 344.0 431.0 340.0
443.0 406.0 447.0 403.0
6.0 626.0 4.0 608.0
403.0 573.0 406.0 566.0
82.0 257.0 92.0 252.0
41.0 148.0 51.0 144.0
399.0 38.0 397.0 41.0
470.0 307.0 476.0 299.0
41.0 149.0 51.0 144.0
443.0 55.0 449.0 48.0
425.0 397.0 427.0 388.0
22.0 326.0 39.0 320.0
68.0 66.0 50.0 63.0
438.0 429.0 442.0 424.0
426.0 397.0 427.0 388.0
143.0 176.0 149.0 172.0
468.0 307.0 476.0 299.0
404.0 572.0 407.0 566.0
29.0 161.0 37.0 157.0
315.0 497.0 319.0 492.0
399.0 37.0 397.0 41.0
471.0 559.0 467.0 557.0
471.0 560.0 467.0 557.0
411.0 21.0 421.0 13.0
411.0 22.0 421.0 13.0
442.0 407.0 447.0 403.0
438.0 428.0 442.0 424.0
216.0 276.0 221.0 270.0
445.0 406.0 447.0 403.0
216.0 274.0 221.0 270.0
411.0 437.0 415.0 433.0
437.0 429.0 442.0 424.0
309.0 493.0 319.0 493.0
421.0 289.0 427.0 286.0
437.0 428.0 442.0 424.0
399.0 36.0 397.0 41.0
443.0 53.0 449.0 48.0
404.0 573.0 407.0 566.0
28.0 161.0 37.0 157.0
438.0 430.0 442.0 424.0
410.0 436.0 415.0 433.0
273.0 192.0 283.0 200.0
443.0 54.0 449.0 48.0
439.0 429.0 442.0 424.0
92.0 240.0 114.0 235.0
411.0 436.0 415.0 433.0
438.0 427.0 442.0 424.0
427.0 397.0 427.0 388.0
411.0 435.0 415.0 433.0
422.0 289.0 427.0 286.0
431.0 67.0 434.0 66.0
409.0 436.0 415.0 433.0
217.0 274.0 221.0 270.0
442.0 53.0 449.0 48.0
439.0 428.0 442.0 424.0
282.0 473.0 289.0 467.0
406.0 271.0 410.0 270.0
405.0 273.0 410.0 270.0
404.0 395.0 408.0 390.0
28.0 160.0 37.0 157.0
68.0 65.0 50.0 63.0
388.0 331.0 401.0 323.0
469.0 308.0 476.0 299.0
410.0 437.0 415.0 433.0
431.0 66.0 434.0 66.0
442.0 54.0 449.0 48.0
470.0 308.0 476.0 299.0
397.0 232.0 403.0 227.0
439.0 427.0 442.0 424.0
421.0 290.0 427.0 286.0
326.0 522.0 331.0 513.0
27.0 161.0 37.0 157.0
405.0 271.0 410.0 270.0
327.0 521.0 332.0 514.0
430.0 67.0 434.0 66.0
429.0 65.0 434.0 66.0
326.0 521.0 331.0 513.0
317.0 423.0 323.0 416.0
325.0 522.0 331.0 513.0
405.0 272.0 410.0 270.0
396.0 233.0 403.0 227.0
325.0 521.0 331.0 513.0
326.0 520.0 331.0 513.0
430.0 68.0 434.0 66.0
431.0 65.0 434.0 66.0
429.0 66.0 434.0 66.0
441.0 53.0 444.0 46.0
406.0 272.0 410.0 270.0
430.0 66.0 434.0 66.0
444.0 77.0 450.0 73.0
429.0 67.0 434.0 66.0
430.0 65.0 434.0 66.0
396.0 231.0 403.0 227.0
319.0 423.0 325.0 417.0
444.0 76.0 450.0 71.0
90.0 240.0 114.0 235.0
318.0 422.0 323.0 416.0
317.0 424.0 323.0 416.0
318.0 424.0 323.0 416.0
406.0 273.0 410.0 270.0
432.0 356.0 430.0 340.0
318.0 423.0 323.0 416.0
441.0 54.0 449.0 48.0
443.0 77.0 450.0 73.0
462.0 121.0 467.0 116.0
396.0 232.0 403.0 227.0
443.0 78.0 450.0 73.0
461.0 121.0 467.0 116.0
461.0 120.0 467.0 116.0
418.0 175.0 424.0 170.0
443.0 75.0 450.0 71.0
443.0 76.0 450.0 72.0
395.0 231.0 403.0 227.0
442.0 77.0 450.0 73.0
461.0 122.0 467.0 116.0
433.0 356.0 430.0 340.0
126.0 178.0 149.0 172.0
460.0 120.0 467.0 116.0
395.0 232.0 403.0 227.0
416.0 173.0 423.0 169.0
395.0 233.0 403.0 227.0
418.0 174.0 424.0 170.0
442.0 76.0 450.0 73.0
417.0 175.0 422.0 171.0
460.0 121.0 467.0 116.0
417.0 174.0 423.0 169.0
416.0 174.0 423.0 169.0
431.0 356.0 430.0 340.0
416.0 175.0 422.0 171.0
125.0 178.0 149.0 172.0
460.0 122.0 467.0 116.0
417.0 173.0 423.0 169.0
248.0 150.0 254.0 162.0
415.0 175.0 422.0 171.0
459.0 121.0 466.0 117.0
385.0 148.0 392.0 142.0
76.0 241.0 114.0 235.0
459.0 122.0 467.0 116.0
432.0 357.0 430.0 340.0
418.0 499.0 416.0 462.0
75.0 241.0 114.0 235.0
