248.0 185.0 248.0 189.0
430.0 244.0 431.0 250.0
448.0 255.0 449.0 260.0
449.0 254.0 450.0 259.0
7.0 421.0 6.0 427.0
362.0 224.0 363.0 227.0
200.0 237.0 200.0 243.0
449.0 255.0 450.0 259.0
200.0 238.0 200.0 243.0
331.0 343.0 331.0 347.0
7.0 420.0 6.0 427.0
331.0 342.0 331.0 347.0
363.0 224.0 363.0 227.0
446.0 233.0 447.0 237.0
445.0 234.0 446.0 238.0
471.0 276.0 472.0 282.0
232.0 149.0 232.0 155.0
233.0 149.0 232.0 155.0
450.0 255.0 450.0 259.0
356.0 594.0 358.0 601.0
446.0 234.0 446.0 238.0
62.0 627.0 63.0 632.0
218.0 501.0 221.0 507.0
219.0 501.0 221.0 507.0
355.0 593.0 358.0 601.0
400.0 276.0 401.0 280.0
399.0 275.0 401.0 280.0
356.0 593.0 358.0 601.0
341.0 452.0 342.0 457.0
232.0 150.0 232.0 155.0
399.0 276.0 401.0 280.0
445.0 232.0 446.0 237.0
400.0 275.0 401.0 280.0
446.0 232.0 447.0 237.0
355.0 368.0 357.0 374.0
233.0 150.0 232.0 155.0
322.0 316.0 323.0 319.0
244.0 446.0 245.0 451.0
432.0 322.0 433.0 327.0
355.0 370.0 356.0 374.0
218.0 500.0 220.0 506.0
471.0 277.0 472.0 282.0
200.0 236.0 200.0 243.0
234.0 149.0 232.0 155.0
363.0 223.0 363.0 227.0
356.0 369.0 357.0 374.0
193.0 611.0 194.0 617.0
433.0 322.0 433.0 327.0
445.0 233.0 446.0 237.0
194.0 611.0 194.0 617.0
219.0 500.0 221.0 507.0
354.0 369.0 356.0 374.0
355.0 369.0 357.0 374.0
244.0 447.0 245.0 451.0
355.0 594.0 358.0 601.0
245.0 123.0 245.0 128.0
84.0 441.0 84.0 446.0
443.0 438.0 445.0 444.0
62.0 626.0 63.0 632.0
131.0 595.0 133.0 602.0
429.0 243.0 431.0 250.0
432.0 323.0 433.0 327.0
336.0 527.0 338.0 533.0
317.0 378.0 318.0 383.0
322.0 317.0 323.0 319.0
354.0 370.0 356.0 374.0
234.0 150.0 232.0 155.0
342.0 451.0 343.0 457.0
231.0 409.0 232.0 415.0
453.0 73.0 453.0 78.0
245.0 446.0 245.0 451.0
362.0 223.0 363.0 227.0
341.0 451.0 342.0 457.0
230.0 409.0 232.0 415.0
330.0 342.0 331.0 347.0
274.0 138.0 274.0 141.0
342.0 452.0 343.0 458.0
310.0 59.0 309.0 65.0
437.0 609.0 441.0 617.0
464.0 598.0 467.0 608.0
358.0 492.0 360.0 497.0
193.0 610.0 194.0 617.0
438.0 610.0 441.0 617.0
232.0 62.0 232.0 68.0
464.0 599.0 467.0 608.0
336.0 526.0 338.0 533.0
274.0 137.0 274.0 141.0
453.0 72.0 453.0 78.0
291.0 212.0 292.0 217.0
337.0 527.0 339.0 533.0
130.0 596.0 132.0 603.0
453.0 71.0 453.0 78.0
388.0 183.0 388.0 189.0
386.0 183.0 388.0 188.0
356.0 368.0 357.0 374.0
125.0 574.0 127.0 578.0
437.0 608.0 441.0 617.0
299.0 480.0 300.0 486.0
438.0 608.0 441.0 617.0
438.0 609.0 441.0 617.0
359.0 493.0 361.0 498.0
127.0 573.0 127.0 578.0
131.0 597.0 133.0 603.0
357.0 492.0 360.0 497.0
400.0 274.0 401.0 280.0
318.0 378.0 318.0 383.0
330.0 343.0 331.0 348.0
245.0 445.0 245.0 451.0
321.0 316.0 323.0 319.0
84.0 440.0 84.0 446.0
341.0 453.0 343.0 458.0
85.0 441.0 84.0 446.0
131.0 596.0 133.0 603.0
387.0 183.0 389.0 188.0
443.0 439.0 445.0 444.0
337.0 526.0 339.0 533.0
357.0 493.0 360.0 497.0
336.0 525.0 338.0 533.0
309.0 58.0 308.0 65.0
245.0 447.0 245.0 451.0
249.0 113.0 248.0 117.0
231.0 62.0 232.0 68.0
357.0 593.0 359.0 601.0
273.0 137.0 273.0 141.0
463.0 597.0 467.0 607.0
273.0 138.0 273.0 141.0
297.0 481.0 298.0 485.0
309.0 59.0 308.0 65.0
298.0 480.0 299.0 484.0
194.0 162.0 194.0 167.0
347.0 315.0 347.0 319.0
335.0 527.0 338.0 533.0
335.0 526.0 338.0 533.0
244.0 123.0 245.0 128.0
126.0 573.0 127.0 578.0
127.0 574.0 127.0 578.0
463.0 598.0 467.0 607.0
451.0 517.0 453.0 523.0
318.0 379.0 318.0 383.0
371.0 206.0 371.0 211.0
317.0 379.0 318.0 383.0
132.0 596.0 133.0 603.0
451.0 516.0 453.0 523.0
348.0 279.0 349.0 285.0
463.0 599.0 467.0 607.0
321.0 317.0 323.0 319.0
442.0 439.0 445.0 444.0
346.0 316.0 347.0 319.0
372.0 439.0 372.0 444.0
368.0 185.0 369.0 190.0
85.0 440.0 84.0 446.0
232.0 63.0 232.0 68.0
348.0 280.0 349.0 285.0
362.0 222.0 363.0 227.0
273.0 136.0 273.0 141.0
334.0 299.0 335.0 302.0
320.0 35.0 319.0 40.0
358.0 493.0 361.0 498.0
76.0 414.0 76.0 418.0
231.0 63.0 231.0 68.0
269.0 372.0 271.0 375.0
126.0 574.0 127.0 578.0
297.0 480.0 299.0 484.0
334.0 298.0 335.0 302.0
47.0 601.0 46.0 607.0
406.0 219.0 407.0 223.0
369.0 186.0 369.0 190.0
383.0 279.0 385.0 285.0
76.0 413.0 76.0 418.0
244.0 122.0 245.0 128.0
371.0 205.0 372.0 210.0
166.0 586.0 167.0 591.0
298.0 481.0 300.0 486.0
358.0 330.0 359.0 333.0
194.0 609.0 194.0 616.0
292.0 212.0 292.0 217.0
81.0 402.0 80.0 407.0
370.0 206.0 371.0 211.0
333.0 299.0 335.0 303.0
328.0 168.0 328.0 172.0
347.0 316.0 347.0 319.0
405.0 219.0 407.0 223.0
193.0 609.0 194.0 616.0
195.0 162.0 194.0 167.0
369.0 290.0 369.0 294.0
309.0 60.0 308.0 65.0
368.0 186.0 369.0 190.0
74.0 606.0 74.0 611.0
318.0 380.0 319.0 385.0
298.0 479.0 299.0 484.0
464.0 118.0 464.0 126.0
230.0 62.0 231.0 68.0
73.0 607.0 74.0 611.0
383.0 394.0 383.0 400.0
348.0 315.0 347.0 319.0
384.0 394.0 384.0 399.0
450.0 516.0 453.0 523.0
194.0 164.0 194.0 167.0
265.0 349.0 266.0 353.0
194.0 610.0 194.0 617.0
195.0 164.0 194.0 167.0
308.0 59.0 308.0 65.0
257.0 463.0 258.0 468.0
278.0 513.0 281.0 518.0
148.0 575.0 149.0 580.0
256.0 463.0 258.0 467.0
405.0 218.0 407.0 223.0
346.0 315.0 347.0 319.0
328.0 167.0 328.0 172.0
264.0 349.0 266.0 353.0
383.0 393.0 384.0 399.0
120.0 558.0 120.0 563.0
30.0 574.0 30.0 580.0
195.0 163.0 194.0 167.0
77.0 414.0 76.0 418.0
292.0 213.0 292.0 217.0
371.0 439.0 372.0 444.0
147.0 575.0 148.0 580.0
308.0 60.0 308.0 65.0
462.0 598.0 467.0 607.0
309.0 497.0 309.0 502.0
119.0 558.0 120.0 563.0
335.0 298.0 335.0 302.0
358.0 329.0 359.0 333.0
125.0 573.0 127.0 578.0
320.0 36.0 319.0 40.0
274.0 136.0 273.0 141.0
265.0 348.0 266.0 353.0
264.0 348.0 266.0 353.0
329.0 169.0 328.0 172.0
120.0 557.0 120.0 563.0
412.0 89.0 412.0 95.0
428.0 243.0 431.0 250.0
359.0 329.0 359.0 333.0
348.0 316.0 347.0 319.0
379.0 267.0 379.0 271.0
147.0 576.0 149.0 580.0
277.0 237.0 279.0 240.0
119.0 557.0 119.0 563.0
73.0 606.0 74.0 611.0
30.0 573.0 30.0 580.0
165.0 585.0 167.0 591.0
334.0 297.0 335.0 302.0
47.0 600.0 46.0 607.0
450.0 518.0 453.0 523.0
349.0 280.0 349.0 284.0
194.0 163.0 194.0 167.0
137.0 521.0 138.0 526.0
349.0 279.0 349.0 284.0
257.0 462.0 258.0 468.0
411.0 620.0 414.0 627.0
370.0 290.0 370.0 294.0
329.0 168.0 328.0 172.0
138.0 521.0 138.0 526.0
413.0 89.0 413.0 94.0
316.0 520.0 318.0 527.0
370.0 205.0 371.0 210.0
333.0 298.0 335.0 302.0
46.0 600.0 46.0 608.0
297.0 374.0 300.0 378.0
277.0 513.0 281.0 518.0
450.0 517.0 453.0 523.0
358.0 328.0 359.0 333.0
410.0 620.0 414.0 627.0
279.0 433.0 281.0 438.0
193.0 556.0 194.0 561.0
256.0 462.0 257.0 467.0
369.0 185.0 369.0 190.0
30.0 575.0 31.0 581.0
464.0 119.0 464.0 126.0
278.0 512.0 281.0 518.0
81.0 401.0 80.0 407.0
138.0 520.0 138.0 526.0
29.0 574.0 30.0 580.0
352.0 245.0 352.0 250.0
406.0 218.0 408.0 222.0
297.0 479.0 299.0 484.0
272.0 137.0 273.0 141.0
364.0 261.0 365.0 266.0
252.0 389.0 252.0 394.0
293.0 295.0 293.0 298.0
333.0 297.0 335.0 302.0
278.0 237.0 279.0 240.0
293.0 293.0 293.0 298.0
468.0 65.0 467.0 70.0
166.0 585.0 167.0 591.0
309.0 496.0 311.0 500.0
83.0 569.0 82.0 576.0
308.0 497.0 309.0 502.0
369.0 289.0 369.0 294.0
294.0 293.0 293.0 298.0
463.0 295.0 464.0 301.0
308.0 496.0 311.0 500.0
345.0 315.0 347.0 319.0
291.0 213.0 292.0 217.0
256.0 461.0 258.0 467.0
193.0 557.0 194.0 561.0
167.0 585.0 167.0 591.0
449.0 517.0 453.0 523.0
330.0 168.0 328.0 172.0
138.0 522.0 138.0 526.0
192.0 557.0 193.0 563.0
90.0 417.0 92.0 422.0
411.0 619.0 414.0 627.0
278.0 433.0 280.0 438.0
92.0 417.0 92.0 422.0
465.0 119.0 465.0 125.0
272.0 136.0 273.0 141.0
139.0 520.0 138.0 526.0
466.0 7.0 465.0 11.0
195.0 539.0 196.0 545.0
251.0 389.0 251.0 394.0
370.0 289.0 370.0 294.0
466.0 6.0 465.0 11.0
91.0 416.0 92.0 422.0
468.0 64.0 467.0 70.0
29.0 573.0 30.0 580.0
320.0 37.0 319.0 40.0
294.0 292.0 293.0 297.0
91.0 417.0 92.0 422.0
270.0 371.0 271.0 375.0
299.0 353.0 299.0 358.0
192.0 556.0 193.0 563.0
467.0 8.0 465.0 11.0
307.0 497.0 309.0 502.0
456.0 440.0 458.0 445.0
271.0 371.0 272.0 374.0
82.0 569.0 82.0 576.0
82.0 568.0 82.0 576.0
258.0 462.0 258.0 468.0
462.0 295.0 464.0 300.0
464.0 120.0 464.0 126.0
410.0 595.0 412.0 604.0
139.0 521.0 138.0 526.0
270.0 373.0 272.0 376.0
462.0 296.0 464.0 301.0
258.0 430.0 259.0 435.0
462.0 297.0 464.0 301.0
455.0 440.0 458.0 445.0
91.0 418.0 92.0 422.0
252.0 388.0 251.0 394.0
92.0 418.0 92.0 422.0
271.0 373.0 272.0 376.0
194.0 540.0 196.0 545.0
379.0 490.0 381.0 494.0
363.0 261.0 365.0 266.0
145.0 502.0 145.0 509.0
270.0 372.0 271.0 376.0
380.0 490.0 381.0 494.0
380.0 489.0 381.0 494.0
465.0 120.0 465.0 125.0
153.0 600.0 154.0 606.0
369.0 206.0 371.0 211.0
299.0 354.0 299.0 358.0
152.0 599.0 152.0 606.0
467.0 6.0 465.0 11.0
380.0 491.0 381.0 494.0
166.0 584.0 167.0 591.0
412.0 596.0 414.0 604.0
257.0 461.0 258.0 467.0
153.0 599.0 154.0 606.0
152.0 600.0 152.0 606.0
463.0 296.0 464.0 301.0
271.0 372.0 272.0 376.0
379.0 266.0 379.0 271.0
194.0 538.0 196.0 545.0
436.0 173.0 436.0 178.0
467.0 7.0 465.0 11.0
363.0 260.0 365.0 266.0
363.0 262.0 365.0 266.0
467.0 64.0 467.0 70.0
279.0 432.0 280.0 438.0
412.0 595.0 414.0 604.0
29.0 575.0 30.0 580.0
411.0 595.0 414.0 603.0
258.0 431.0 259.0 435.0
259.0 430.0 259.0 435.0
398.0 491.0 400.0 496.0
399.0 491.0 400.0 496.0
145.0 503.0 145.0 510.0
146.0 502.0 145.0 509.0
400.0 492.0 401.0 496.0
194.0 539.0 196.0 545.0
193.0 539.0 195.0 545.0
410.0 619.0 414.0 627.0
411.0 596.0 414.0 604.0
225.0 456.0 221.0 455.0
369.0 205.0 371.0 210.0
362.0 261.0 365.0 266.0
362.0 260.0 365.0 266.0
399.0 490.0 401.0 496.0
259.0 431.0 259.0 435.0
146.0 503.0 145.0 509.0
405.0 439.0 401.0 444.0
399.0 492.0 401.0 496.0
361.0 429.0 355.0 443.0
300.0 353.0 299.0 358.0
300.0 354.0 299.0 358.0
112.0 512.0 107.0 523.0
342.0 544.0 344.0 552.0
406.0 439.0 402.0 444.0
342.0 541.0 344.0 550.0
112.0 511.0 107.0 523.0
400.0 491.0 401.0 496.0
342.0 543.0 344.0 550.0
342.0 542.0 344.0 550.0
274.0 248.0 278.0 241.0
275.0 248.0 278.0 241.0
350.0 286.0 349.0 285.0
350.0 287.0 349.0 285.0
307.0 519.0 318.0 527.0
337.0 212.0 346.0 216.0
277.0 391.0 286.0 386.0
276.0 391.0 286.0 385.0
277.0 392.0 286.0 386.0
307.0 518.0 318.0 527.0
276.0 392.0 286.0 386.0
397.0 241.0 390.0 255.0
189.0 496.0 203.0 503.0
353.0 476.0 360.0 497.0
312.0 303.0 305.0 321.0
475.0 456.0 460.0 454.0
474.0 456.0 460.0 454.0
357.0 202.0 370.0 191.0
343.0 236.0 352.0 250.0
382.0 621.0 414.0 628.0
474.0 457.0 460.0 454.0
475.0 457.0 460.0 454.0
382.0 620.0 414.0 628.0
