439.0 185.0 436.0 163.0
415.0 228.0 412.0 211.0
415.0 227.0 412.0 211.0
275.0 317.0 267.0 292.0
414.0 228.0 412.0 211.0
415.0 230.0 413.0 212.0
145.0 92.0 143.0 62.0
254.0 170.0 251.0 145.0
359.0 414.0 348.0 391.0
415.0 229.0 412.0 211.0
360.0 416.0 349.0 391.0
146.0 93.0 143.0 62.0
220.0 320.0 211.0 296.0
414.0 227.0 412.0 211.0
414.0 229.0 412.0 211.0
359.0 415.0 349.0 391.0
343.0 420.0 331.0 395.0
275.0 316.0 267.0 292.0
255.0 171.0 252.0 145.0
150.0 386.0 142.0 363.0
255.0 170.0 252.0 145.0
342.0 421.0 332.0 397.0
456.0 354.0 449.0 334.0
299.0 327.0 290.0 304.0
164.0 338.0 156.0 313.0
146.0 92.0 143.0 62.0
360.0 415.0 349.0 391.0
179.0 476.0 170.0 449.0
425.0 274.0 420.0 258.0
414.0 230.0 411.0 212.0
425.0 275.0 420.0 258.0
150.0 387.0 142.0 362.0
299.0 328.0 290.0 304.0
456.0 353.0 449.0 334.0
371.0 265.0 365.0 243.0
270.0 456.0 258.0 431.0
233.0 468.0 223.0 440.0
234.0 468.0 223.0 442.0
163.0 338.0 155.0 310.0
235.0 469.0 223.0 442.0
164.0 337.0 155.0 310.0
438.0 185.0 436.0 163.0
342.0 422.0 331.0 395.0
348.0 221.0 344.0 198.0
347.0 222.0 344.0 198.0
344.0 421.0 332.0 397.0
171.0 381.0 159.0 355.0
150.0 388.0 142.0 362.0
219.0 322.0 211.0 297.0
457.0 354.0 449.0 334.0
276.0 316.0 267.0 292.0
347.0 221.0 344.0 198.0
254.0 169.0 250.0 145.0
253.0 455.0 241.0 429.0
207.0 182.0 204.0 157.0
171.0 380.0 159.0 355.0
372.0 265.0 365.0 243.0
163.0 337.0 155.0 310.0
276.0 317.0 267.0 292.0
234.0 467.0 223.0 440.0
220.0 321.0 211.0 297.0
454.0 288.0 449.0 268.0
253.0 454.0 241.0 429.0
348.0 222.0 344.0 198.0
343.0 421.0 332.0 397.0
255.0 169.0 252.0 145.0
372.0 264.0 365.0 243.0
219.0 321.0 211.0 297.0
263.0 438.0 253.0 412.0
344.0 422.0 332.0 397.0
321.0 299.0 315.0 274.0
171.0 382.0 159.0 355.0
234.0 469.0 223.0 442.0
276.0 315.0 267.0 292.0
371.0 264.0 365.0 243.0
155.0 438.0 144.0 409.0
151.0 388.0 142.0 362.0
220.0 322.0 211.0 297.0
124.0 307.0 115.0 283.0
219.0 320.0 211.0 297.0
270.0 455.0 258.0 431.0
264.0 438.0 253.0 412.0
339.0 399.0 330.0 375.0
252.0 455.0 241.0 429.0
455.0 288.0 449.0 268.0
340.0 399.0 330.0 375.0
207.0 181.0 204.0 157.0
229.0 396.0 220.0 368.0
172.0 381.0 159.0 355.0
172.0 382.0 159.0 355.0
234.0 471.0 224.0 442.0
234.0 470.0 224.0 442.0
458.0 354.0 449.0 334.0
207.0 183.0 204.0 157.0
154.0 437.0 144.0 409.0
145.0 91.0 143.0 62.0
343.0 422.0 332.0 397.0
202.0 205.0 197.0 175.0
271.0 456.0 258.0 431.0
424.0 243.0 420.0 226.0
423.0 243.0 420.0 226.0
133.0 411.0 123.0 383.0
206.0 182.0 204.0 157.0
458.0 351.0 449.0 334.0
164.0 336.0 155.0 310.0
331.0 219.0 326.0 196.0
132.0 411.0 123.0 383.0
202.0 206.0 195.0 176.0
151.0 386.0 142.0 362.0
133.0 435.0 124.0 408.0
132.0 413.0 123.0 385.0
188.0 120.0 184.0 89.0
201.0 205.0 195.0 176.0
424.0 275.0 420.0 258.0
201.0 204.0 196.0 175.0
207.0 184.0 204.0 157.0
170.0 381.0 159.0 355.0
342.0 423.0 332.0 397.0
163.0 159.0 158.0 130.0
156.0 438.0 144.0 409.0
155.0 437.0 144.0 409.0
263.0 437.0 253.0 412.0
264.0 437.0 253.0 412.0
457.0 353.0 449.0 334.0
265.0 438.0 253.0 412.0
233.0 469.0 223.0 442.0
154.0 438.0 144.0 409.0
263.0 439.0 253.0 412.0
343.0 423.0 332.0 397.0
264.0 440.0 253.0 412.0
424.0 274.0 420.0 258.0
100.0 431.0 90.0 404.0
316.0 285.0 310.0 262.0
250.0 148.0 248.0 122.0
458.0 352.0 449.0 334.0
151.0 387.0 142.0 362.0
322.0 297.0 315.0 273.0
206.0 183.0 204.0 157.0
218.0 320.0 211.0 297.0
321.0 298.0 315.0 274.0
162.0 337.0 155.0 310.0
322.0 298.0 315.0 274.0
264.0 439.0 253.0 412.0
330.0 219.0 326.0 196.0
203.0 206.0 195.0 176.0
206.0 379.0 197.0 354.0
265.0 439.0 253.0 412.0
339.0 398.0 330.0 375.0
155.0 439.0 144.0 409.0
218.0 321.0 211.0 297.0
180.0 335.0 174.0 310.0
250.0 149.0 248.0 122.0
133.0 413.0 123.0 385.0
188.0 121.0 184.0 89.0
457.0 352.0 449.0 334.0
163.0 336.0 155.0 310.0
265.0 437.0 253.0 412.0
346.0 220.0 344.0 198.0
458.0 353.0 449.0 334.0
170.0 382.0 159.0 355.0
180.0 334.0 174.0 310.0
446.0 253.0 441.0 236.0
233.0 470.0 224.0 442.0
162.0 336.0 155.0 310.0
424.0 244.0 421.0 227.0
321.0 297.0 315.0 274.0
229.0 395.0 220.0 368.0
133.0 434.0 124.0 408.0
163.0 335.0 155.0 310.0
258.0 346.0 249.0 320.0
133.0 412.0 123.0 385.0
340.0 398.0 330.0 375.0
189.0 120.0 185.0 90.0
124.0 308.0 115.0 283.0
425.0 244.0 421.0 227.0
199.0 309.0 191.0 283.0
205.0 380.0 197.0 354.0
187.0 382.0 178.0 356.0
338.0 398.0 330.0 374.0
315.0 286.0 310.0 262.0
259.0 346.0 249.0 320.0
249.0 148.0 248.0 122.0
347.0 220.0 344.0 198.0
201.0 206.0 196.0 176.0
315.0 285.0 309.0 262.0
257.0 329.0 250.0 304.0
101.0 431.0 91.0 403.0
101.0 433.0 90.0 404.0
340.0 397.0 330.0 375.0
189.0 121.0 185.0 90.0
80.0 333.0 70.0 307.0
314.0 284.0 309.0 262.0
132.0 412.0 123.0 385.0
209.0 338.0 201.0 309.0
315.0 284.0 309.0 262.0
257.0 328.0 250.0 304.0
257.0 327.0 250.0 304.0
213.0 470.0 202.0 441.0
214.0 469.0 203.0 442.0
209.0 337.0 201.0 309.0
205.0 379.0 197.0 354.0
269.0 455.0 258.0 430.0
123.0 307.0 115.0 283.0
249.0 147.0 248.0 122.0
188.0 218.0 184.0 193.0
80.0 334.0 70.0 307.0
259.0 347.0 249.0 320.0
314.0 285.0 309.0 262.0
291.0 300.0 283.0 274.0
209.0 336.0 202.0 308.0
178.0 476.0 170.0 449.0
188.0 122.0 184.0 89.0
124.0 309.0 115.0 283.0
423.0 244.0 421.0 227.0
210.0 336.0 201.0 309.0
209.0 335.0 202.0 308.0
210.0 337.0 201.0 309.0
100.0 432.0 90.0 404.0
250.0 147.0 248.0 122.0
464.0 311.0 457.0 292.0
296.0 499.0 286.0 476.0
215.0 469.0 203.0 441.0
208.0 335.0 202.0 308.0
264.0 436.0 253.0 412.0
214.0 470.0 203.0 442.0
123.0 308.0 115.0 283.0
424.0 245.0 420.0 228.0
133.0 433.0 124.0 408.0
258.0 347.0 249.0 320.0
181.0 335.0 174.0 310.0
189.0 122.0 185.0 90.0
339.0 397.0 330.0 374.0
291.0 299.0 283.0 274.0
447.0 253.0 441.0 236.0
187.0 381.0 178.0 356.0
330.0 218.0 326.0 196.0
245.0 400.0 236.0 373.0
331.0 218.0 326.0 196.0
65.0 239.0 60.0 218.0
101.0 432.0 90.0 404.0
314.0 286.0 309.0 262.0
295.0 498.0 285.0 475.0
464.0 312.0 457.0 293.0
181.0 334.0 174.0 310.0
295.0 499.0 286.0 476.0
114.0 427.0 104.0 399.0
214.0 471.0 203.0 442.0
322.0 299.0 315.0 274.0
246.0 399.0 237.0 372.0
208.0 336.0 202.0 308.0
188.0 217.0 184.0 193.0
136.0 220.0 129.0 189.0
181.0 336.0 174.0 310.0
464.0 310.0 457.0 292.0
186.0 381.0 178.0 356.0
347.0 219.0 344.0 198.0
190.0 120.0 185.0 90.0
339.0 396.0 330.0 373.0
292.0 299.0 283.0 273.0
205.0 378.0 197.0 353.0
176.0 176.0 171.0 147.0
338.0 397.0 330.0 374.0
190.0 121.0 185.0 90.0
246.0 400.0 237.0 372.0
323.0 298.0 315.0 274.0
176.0 177.0 171.0 147.0
187.0 380.0 178.0 356.0
64.0 238.0 60.0 218.0
141.0 270.0 129.0 241.0
330.0 217.0 326.0 196.0
245.0 399.0 237.0 372.0
123.0 309.0 115.0 283.0
178.0 475.0 170.0 449.0
247.0 400.0 237.0 372.0
246.0 398.0 237.0 372.0
174.0 254.0 163.0 222.0
114.0 428.0 104.0 399.0
208.0 337.0 201.0 309.0
100.0 430.0 91.0 403.0
247.0 399.0 237.0 372.0
190.0 122.0 185.0 90.0
141.0 269.0 129.0 241.0
186.0 380.0 178.0 356.0
256.0 328.0 250.0 304.0
189.0 322.0 183.0 297.0
115.0 428.0 104.0 399.0
176.0 178.0 171.0 148.0
64.0 239.0 60.0 218.0
64.0 237.0 60.0 218.0
215.0 470.0 203.0 441.0
188.0 216.0 184.0 193.0
465.0 310.0 457.0 292.0
205.0 377.0 197.0 353.0
216.0 471.0 203.0 442.0
247.0 398.0 237.0 372.0
116.0 427.0 104.0 398.0
258.0 348.0 249.0 320.0
115.0 427.0 104.0 398.0
65.0 238.0 60.0 218.0
100.0 343.0 92.0 318.0
100.0 344.0 92.0 318.0
215.0 471.0 203.0 443.0
465.0 312.0 457.0 292.0
465.0 311.0 457.0 292.0
215.0 472.0 203.0 443.0
65.0 237.0 60.0 218.0
220.0 33.0 206.0 25.0
220.0 32.0 206.0 25.0
250.0 328.0 238.0 306.0
308.0 66.0 308.0 42.0
308.0 67.0 309.0 42.0
44.0 364.0 35.0 335.0
45.0 372.0 35.0 335.0
308.0 68.0 309.0 42.0
44.0 365.0 35.0 335.0
139.0 286.0 133.0 266.0
251.0 328.0 249.0 304.0
307.0 67.0 308.0 42.0
142.0 269.0 129.0 241.0
307.0 68.0 309.0 42.0
251.0 329.0 238.0 306.0
307.0 66.0 308.0 42.0
142.0 270.0 129.0 241.0
45.0 373.0 35.0 335.0
43.0 364.0 35.0 335.0
46.0 371.0 35.0 335.0
269.0 50.0 269.0 24.0
268.0 50.0 268.0 23.0
178.0 112.0 185.0 88.0
46.0 373.0 35.0 335.0
46.0 372.0 35.0 335.0
449.0 333.0 448.0 334.0
47.0 371.0 35.0 335.0
268.0 51.0 268.0 23.0
175.0 220.0 165.0 187.0
268.0 52.0 268.0 23.0
50.0 432.0 38.0 399.0
139.0 285.0 133.0 266.0
269.0 51.0 269.0 24.0
140.0 285.0 133.0 266.0
178.0 111.0 185.0 88.0
50.0 431.0 38.0 398.0
47.0 373.0 35.0 335.0
50.0 433.0 38.0 399.0
47.0 372.0 35.0 335.0
449.0 332.0 448.0 334.0
51.0 432.0 38.0 398.0
260.0 65.0 248.0 54.0
449.0 331.0 448.0 334.0
450.0 333.0 448.0 334.0
138.0 285.0 133.0 266.0
451.0 332.0 448.0 334.0
450.0 332.0 448.0 334.0
260.0 66.0 248.0 54.0
450.0 331.0 448.0 334.0
300.0 613.0 254.0 625.0
300.0 614.0 254.0 625.0
429.0 228.0 413.0 212.0
176.0 297.0 167.0 260.0
51.0 433.0 38.0 398.0
160.0 466.0 154.0 449.0
450.0 330.0 448.0 334.0
176.0 298.0 167.0 260.0
36.0 431.0 37.0 399.0
301.0 613.0 254.0 625.0
124.0 265.0 121.0 231.0
301.0 615.0 254.0 625.0
60.0 31.0 42.0 28.0
301.0 614.0 254.0 625.0
160.0 465.0 154.0 449.0
59.0 30.0 42.0 28.0
35.0 430.0 37.0 399.0
124.0 266.0 121.0 231.0
59.0 31.0 42.0 28.0
302.0 614.0 254.0 625.0
58.0 30.0 42.0 28.0
35.0 431.0 37.0 399.0
302.0 615.0 254.0 625.0
34.0 431.0 37.0 399.0
302.0 613.0 254.0 625.0
266.0 362.0 250.0 325.0
34.0 430.0 37.0 399.0
60.0 32.0 43.0 29.0
265.0 363.0 250.0 325.0
236.0 319.0 237.0 305.0
59.0 32.0 42.0 28.0
60.0 33.0 43.0 29.0
266.0 363.0 250.0 325.0
177.0 298.0 167.0 260.0
58.0 31.0 42.0 28.0
235.0 318.0 237.0 305.0
