241.0 438.0 224.0 419.0
216.0 436.0 200.0 419.0
216.0 437.0 199.0 420.0
239.0 438.0 222.0 419.0
215.0 435.0 199.0 419.0
240.0 437.0 223.0 419.0
222.0 81.0 192.0 66.0
216.0 435.0 200.0 419.0
215.0 436.0 200.0 419.0
239.0 437.0 223.0 419.0
239.0 439.0 222.0 419.0
240.0 438.0 223.0 419.0
77.0 504.0 61.0 498.0
241.0 439.0 224.0 419.0
222.0 80.0 192.0 66.0
392.0 448.0 376.0 428.0
222.0 82.0 192.0 66.0
223.0 83.0 192.0 66.0
240.0 439.0 223.0 419.0
350.0 636.0 354.0 637.0
350.0 637.0 354.0 637.0
223.0 82.0 193.0 67.0
201.0 409.0 185.0 392.0
76.0 504.0 61.0 498.0
202.0 409.0 185.0 392.0
202.0 408.0 185.0 392.0
201.0 576.0 190.0 560.0
321.0 83.0 293.0 71.0
202.0 576.0 190.0 560.0
77.0 505.0 61.0 498.0
77.0 503.0 61.0 498.0
201.0 408.0 185.0 392.0
126.0 402.0 109.0 394.0
392.0 447.0 376.0 428.0
223.0 81.0 193.0 67.0
201.0 577.0 190.0 561.0
390.0 447.0 374.0 427.0
391.0 448.0 376.0 429.0
202.0 410.0 185.0 392.0
127.0 402.0 109.0 394.0
224.0 82.0 193.0 67.0
391.0 447.0 376.0 427.0
78.0 505.0 62.0 499.0
345.0 491.0 333.0 472.0
201.0 410.0 185.0 392.0
341.0 484.0 333.0 472.0
320.0 82.0 293.0 71.0
90.0 557.0 76.0 550.0
346.0 491.0 333.0 472.0
78.0 503.0 62.0 498.0
342.0 485.0 333.0 472.0
347.0 491.0 334.0 472.0
196.0 393.0 177.0 377.0
320.0 83.0 293.0 71.0
345.0 490.0 333.0 472.0
202.0 577.0 191.0 561.0
78.0 504.0 62.0 498.0
126.0 401.0 109.0 394.0
346.0 492.0 333.0 472.0
88.0 154.0 61.0 146.0
341.0 485.0 333.0 472.0
89.0 153.0 61.0 146.0
102.0 143.0 76.0 135.0
127.0 403.0 109.0 394.0
319.0 82.0 293.0 71.0
203.0 409.0 185.0 392.0
104.0 143.0 76.0 135.0
347.0 490.0 334.0 472.0
103.0 143.0 76.0 135.0
188.0 307.0 167.0 294.0
390.0 446.0 374.0 427.0
221.0 424.0 204.0 408.0
220.0 423.0 204.0 408.0
224.0 83.0 193.0 67.0
321.0 82.0 293.0 71.0
148.0 554.0 137.0 542.0
147.0 553.0 136.0 541.0
220.0 424.0 204.0 408.0
346.0 490.0 333.0 472.0
127.0 401.0 109.0 394.0
391.0 446.0 376.0 427.0
128.0 403.0 109.0 394.0
214.0 391.0 197.0 376.0
188.0 306.0 167.0 294.0
392.0 446.0 376.0 428.0
214.0 392.0 197.0 376.0
88.0 153.0 61.0 146.0
213.0 391.0 197.0 376.0
221.0 423.0 204.0 408.0
108.0 102.0 79.0 94.0
128.0 401.0 109.0 394.0
342.0 484.0 333.0 472.0
171.0 214.0 147.0 204.0
392.0 445.0 376.0 428.0
214.0 393.0 197.0 376.0
189.0 307.0 167.0 294.0
213.0 392.0 196.0 376.0
129.0 606.0 122.0 597.0
160.0 415.0 142.0 402.0
391.0 445.0 376.0 427.0
75.0 614.0 62.0 608.0
148.0 555.0 137.0 543.0
155.0 532.0 142.0 521.0
112.0 438.0 96.0 431.0
319.0 81.0 293.0 71.0
137.0 254.0 113.0 243.0
202.0 411.0 185.0 392.0
130.0 605.0 122.0 597.0
128.0 402.0 109.0 394.0
153.0 622.0 143.0 611.0
74.0 614.0 62.0 608.0
153.0 623.0 143.0 611.0
203.0 410.0 185.0 392.0
109.0 102.0 79.0 94.0
215.0 391.0 197.0 376.0
146.0 555.0 136.0 543.0
109.0 103.0 79.0 94.0
155.0 533.0 142.0 521.0
220.0 258.0 202.0 244.0
319.0 84.0 293.0 71.0
89.0 152.0 61.0 146.0
190.0 307.0 168.0 293.0
150.0 622.0 143.0 611.0
215.0 392.0 197.0 376.0
98.0 610.0 90.0 604.0
215.0 393.0 197.0 376.0
130.0 604.0 122.0 597.0
147.0 556.0 137.0 543.0
151.0 622.0 143.0 611.0
152.0 624.0 143.0 611.0
154.0 532.0 142.0 521.0
75.0 615.0 62.0 608.0
151.0 621.0 143.0 611.0
151.0 623.0 143.0 611.0
147.0 555.0 137.0 543.0
112.0 439.0 96.0 431.0
46.0 512.0 32.0 508.0
146.0 554.0 135.0 542.0
196.0 394.0 177.0 377.0
129.0 604.0 122.0 597.0
42.0 633.0 33.0 628.0
152.0 622.0 143.0 611.0
74.0 615.0 62.0 608.0
165.0 249.0 142.0 237.0
152.0 621.0 143.0 611.0
73.0 614.0 62.0 608.0
107.0 102.0 79.0 94.0
129.0 605.0 122.0 597.0
152.0 623.0 143.0 611.0
154.0 533.0 142.0 521.0
112.0 441.0 96.0 432.0
319.0 83.0 293.0 71.0
160.0 579.0 148.0 565.0
45.0 512.0 32.0 508.0
99.0 610.0 90.0 604.0
23.0 621.0 11.0 617.0
150.0 621.0 143.0 611.0
147.0 554.0 137.0 543.0
42.0 634.0 33.0 628.0
92.0 629.0 82.0 624.0
24.0 620.0 11.0 617.0
185.0 415.0 168.0 401.0
23.0 620.0 11.0 617.0
92.0 630.0 82.0 624.0
99.0 609.0 90.0 604.0
24.0 621.0 11.0 617.0
113.0 440.0 96.0 431.0
91.0 630.0 82.0 624.0
136.0 254.0 113.0 243.0
115.0 572.0 105.0 564.0
55.0 491.0 39.0 488.0
162.0 426.0 145.0 409.0
73.0 615.0 62.0 608.0
197.0 394.0 177.0 377.0
116.0 357.0 96.0 350.0
90.0 630.0 82.0 624.0
159.0 579.0 148.0 565.0
220.0 257.0 202.0 244.0
24.0 622.0 11.0 617.0
91.0 629.0 82.0 624.0
160.0 580.0 148.0 565.0
112.0 440.0 96.0 431.0
25.0 621.0 11.0 617.0
113.0 439.0 96.0 431.0
56.0 491.0 39.0 488.0
161.0 426.0 144.0 410.0
56.0 492.0 40.0 488.0
160.0 578.0 148.0 565.0
161.0 579.0 148.0 565.0
219.0 258.0 202.0 244.0
159.0 578.0 148.0 565.0
99.0 264.0 76.0 256.0
116.0 572.0 105.0 564.0
318.0 82.0 293.0 71.0
100.0 610.0 90.0 604.0
153.0 533.0 142.0 521.0
111.0 438.0 95.0 431.0
115.0 571.0 105.0 564.0
186.0 415.0 168.0 401.0
100.0 609.0 90.0 604.0
117.0 517.0 105.0 510.0
128.0 604.0 122.0 596.0
74.0 616.0 62.0 608.0
128.0 605.0 122.0 596.0
117.0 516.0 106.0 509.0
99.0 263.0 76.0 256.0
111.0 440.0 95.0 431.0
129.0 603.0 122.0 597.0
115.0 357.0 96.0 350.0
116.0 571.0 105.0 564.0
34.0 376.0 14.0 374.0
318.0 83.0 293.0 71.0
78.0 296.0 59.0 295.0
118.0 517.0 106.0 509.0
66.0 557.0 50.0 545.0
184.0 414.0 167.0 400.0
161.0 580.0 148.0 565.0
185.0 414.0 167.0 400.0
43.0 595.0 33.0 589.0
219.0 257.0 202.0 244.0
161.0 427.0 144.0 410.0
55.0 472.0 39.0 469.0
111.0 439.0 95.0 431.0
127.0 604.0 121.0 598.0
220.0 256.0 202.0 244.0
118.0 516.0 106.0 509.0
42.0 595.0 33.0 589.0
114.0 572.0 105.0 564.0
54.0 472.0 39.0 469.0
100.0 265.0 78.0 256.0
100.0 264.0 78.0 256.0
101.0 263.0 78.0 256.0
100.0 263.0 78.0 256.0
67.0 557.0 51.0 545.0
119.0 516.0 106.0 509.0
54.0 473.0 39.0 469.0
98.0 533.0 85.0 527.0
62.0 367.0 43.0 362.0
23.0 578.0 13.0 577.0
114.0 570.0 103.0 562.0
128.0 603.0 122.0 596.0
35.0 376.0 14.0 374.0
114.0 571.0 105.0 564.0
34.0 377.0 14.0 374.0
25.0 577.0 13.0 577.0
43.0 596.0 33.0 589.0
63.0 367.0 43.0 362.0
117.0 518.0 105.0 510.0
101.0 264.0 78.0 256.0
119.0 517.0 106.0 509.0
24.0 578.0 13.0 577.0
162.0 485.0 150.0 477.0
25.0 578.0 13.0 577.0
115.0 570.0 103.0 562.0
59.0 620.0 47.0 615.0
35.0 377.0 14.0 374.0
36.0 376.0 14.0 374.0
118.0 518.0 105.0 510.0
110.0 439.0 95.0 431.0
66.0 558.0 50.0 545.0
113.0 571.0 103.0 563.0
99.0 533.0 85.0 527.0
115.0 339.0 97.0 328.0
60.0 620.0 47.0 615.0
23.0 577.0 13.0 577.0
76.0 165.0 48.0 158.0
116.0 339.0 97.0 328.0
99.0 534.0 85.0 527.0
55.0 473.0 39.0 469.0
97.0 534.0 85.0 527.0
75.0 165.0 47.0 158.0
123.0 178.0 96.0 170.0
113.0 570.0 103.0 563.0
63.0 368.0 43.0 362.0
36.0 377.0 14.0 374.0
42.0 596.0 33.0 589.0
116.0 338.0 97.0 328.0
41.0 596.0 33.0 589.0
56.0 472.0 39.0 469.0
64.0 368.0 43.0 362.0
136.0 233.0 106.0 220.0
42.0 597.0 33.0 589.0
121.0 316.0 102.0 307.0
76.0 166.0 48.0 158.0
75.0 166.0 47.0 158.0
64.0 367.0 43.0 362.0
24.0 577.0 13.0 577.0
98.0 534.0 85.0 527.0
156.0 168.0 127.0 161.0
65.0 368.0 43.0 362.0
67.0 558.0 50.0 545.0
74.0 526.0 53.0 523.0
121.0 315.0 102.0 307.0
60.0 621.0 62.0 608.0
122.0 179.0 96.0 170.0
117.0 335.0 97.0 328.0
155.0 168.0 127.0 161.0
74.0 527.0 53.0 523.0
157.0 168.0 127.0 161.0
61.0 222.0 36.0 219.0
62.0 223.0 36.0 219.0
59.0 621.0 47.0 615.0
121.0 314.0 102.0 307.0
137.0 232.0 106.0 220.0
102.0 352.0 83.0 346.0
18.0 598.0 10.0 616.0
100.0 352.0 83.0 346.0
98.0 535.0 85.0 527.0
17.0 599.0 10.0 616.0
64.0 369.0 43.0 362.0
101.0 352.0 83.0 346.0
122.0 178.0 96.0 170.0
18.0 599.0 10.0 616.0
94.0 598.0 88.0 603.0
157.0 167.0 127.0 161.0
61.0 223.0 36.0 219.0
157.0 166.0 127.0 161.0
145.0 427.0 128.0 417.0
61.0 224.0 36.0 219.0
102.0 353.0 83.0 346.0
156.0 166.0 127.0 161.0
101.0 353.0 83.0 346.0
137.0 233.0 106.0 220.0
120.0 316.0 102.0 307.0
163.0 604.0 155.0 593.0
156.0 167.0 127.0 161.0
58.0 313.0 36.0 310.0
155.0 167.0 127.0 161.0
169.0 616.0 160.0 618.0
59.0 313.0 36.0 310.0
100.0 353.0 83.0 346.0
16.0 598.0 10.0 616.0
60.0 223.0 36.0 219.0
189.0 601.0 180.0 589.0
18.0 597.0 10.0 616.0
17.0 598.0 10.0 616.0
155.0 166.0 127.0 161.0
60.0 224.0 35.0 220.0
189.0 602.0 180.0 589.0
77.0 592.0 52.0 591.0
120.0 315.0 102.0 307.0
50.0 534.0 35.0 529.0
120.0 314.0 102.0 307.0
190.0 602.0 180.0 589.0
190.0 603.0 180.0 589.0
34.0 221.0 10.0 217.0
104.0 540.0 87.0 527.0
33.0 221.0 10.0 217.0
34.0 220.0 10.0 217.0
189.0 603.0 180.0 589.0
59.0 245.0 34.0 242.0
58.0 245.0 33.0 243.0
188.0 601.0 180.0 589.0
60.0 244.0 34.0 242.0
188.0 602.0 180.0 589.0
35.0 221.0 10.0 217.0
35.0 220.0 10.0 217.0
50.0 535.0 35.0 529.0
36.0 221.0 10.0 217.0
188.0 603.0 180.0 589.0
59.0 244.0 34.0 242.0
60.0 245.0 34.0 242.0
51.0 534.0 35.0 529.0
58.0 244.0 33.0 243.0
59.0 243.0 34.0 242.0
51.0 535.0 35.0 529.0
34.0 279.0 16.0 264.0
77.0 591.0 52.0 591.0
36.0 220.0 10.0 217.0
51.0 328.0 28.0 325.0
33.0 279.0 17.0 264.0
51.0 329.0 28.0 325.0
58.0 243.0 34.0 242.0
51.0 330.0 28.0 325.0
156.0 481.0 149.0 476.0
33.0 280.0 17.0 264.0
179.0 588.0 179.0 588.0
20.0 375.0 13.0 374.0
26.0 351.0 3.0 349.0
19.0 375.0 13.0 374.0
187.0 610.0 179.0 618.0
19.0 374.0 13.0 374.0
20.0 374.0 13.0 374.0
26.0 350.0 3.0 349.0
156.0 480.0 149.0 476.0
188.0 610.0 179.0 618.0
178.0 588.0 179.0 588.0
18.0 375.0 13.0 374.0
187.0 609.0 179.0 618.0
19.0 376.0 13.0 374.0
188.0 609.0 179.0 588.0
1.0 596.0 10.0 577.0
178.0 589.0 179.0 588.0
52.0 328.0 28.0 325.0
52.0 329.0 28.0 325.0
186.0 609.0 179.0 618.0
