46.0 24.0 46.0 24.0
59.0 33.0 59.0 33.0
45.0 23.0 45.0 22.0
46.0 23.0 45.0 22.0
71.0 41.0 71.0 41.0
83.0 41.0 83.0 41.0
70.0 42.0 70.0 41.0
91.0 62.0 90.0 61.0
54.0 79.0 55.0 79.0
332.0 156.0 331.0 149.0
55.0 78.0 55.0 77.0
90.0 61.0 90.0 61.0
59.0 34.0 59.0 33.0
242.0 167.0 242.0 162.0
46.0 22.0 45.0 22.0
70.0 41.0 70.0 41.0
55.0 79.0 55.0 79.0
58.0 34.0 58.0 34.0
91.0 63.0 90.0 61.0
83.0 42.0 83.0 41.0
113.0 63.0 112.0 61.0
91.0 61.0 91.0 61.0
242.0 166.0 242.0 162.0
90.0 62.0 90.0 61.0
91.0 64.0 91.0 62.0
90.0 63.0 90.0 61.0
71.0 42.0 71.0 41.0
113.0 62.0 112.0 61.0
47.0 23.0 46.0 23.0
177.0 227.0 179.0 220.0
34.0 75.0 35.0 75.0
331.0 156.0 330.0 150.0
40.0 49.0 40.0 49.0
68.0 132.0 69.0 130.0
90.0 64.0 90.0 62.0
35.0 74.0 36.0 74.0
331.0 155.0 330.0 148.0
58.0 33.0 58.0 33.0
332.0 157.0 331.0 149.0
177.0 226.0 179.0 220.0
69.0 133.0 70.0 130.0
47.0 22.0 46.0 22.0
331.0 157.0 331.0 149.0
330.0 158.0 330.0 150.0
330.0 157.0 330.0 150.0
394.0 130.0 391.0 122.0
35.0 75.0 35.0 75.0
393.0 131.0 391.0 122.0
289.0 549.0 295.0 533.0
330.0 156.0 330.0 148.0
242.0 168.0 242.0 162.0
394.0 131.0 393.0 123.0
433.0 283.0 434.0 270.0
60.0 34.0 59.0 33.0
433.0 284.0 435.0 271.0
346.0 50.0 343.0 47.0
348.0 91.0 345.0 86.0
86.0 92.0 86.0 90.0
68.0 133.0 70.0 130.0
87.0 93.0 87.0 91.0
331.0 158.0 330.0 149.0
329.0 157.0 329.0 149.0
87.0 92.0 87.0 91.0
289.0 548.0 295.0 533.0
114.0 63.0 113.0 62.0
348.0 92.0 346.0 87.0
34.0 74.0 35.0 74.0
68.0 134.0 70.0 130.0
47.0 24.0 46.0 23.0
330.0 155.0 330.0 148.0
76.0 240.0 79.0 237.0
434.0 284.0 435.0 271.0
208.0 438.0 213.0 429.0
34.0 142.0 35.0 142.0
15.0 134.0 16.0 133.0
347.0 91.0 345.0 86.0
434.0 285.0 435.0 271.0
16.0 133.0 16.0 133.0
86.0 93.0 87.0 91.0
87.0 94.0 87.0 91.0
347.0 92.0 345.0 86.0
346.0 51.0 343.0 47.0
290.0 549.0 295.0 533.0
435.0 283.0 435.0 270.0
393.0 129.0 391.0 122.0
227.0 153.0 226.0 146.0
176.0 226.0 179.0 220.0
349.0 91.0 346.0 86.0
14.0 134.0 16.0 133.0
289.0 550.0 295.0 534.0
137.0 214.0 139.0 209.0
348.0 90.0 345.0 86.0
227.0 31.0 226.0 27.0
15.0 133.0 16.0 133.0
434.0 283.0 435.0 270.0
393.0 130.0 391.0 122.0
227.0 152.0 227.0 146.0
75.0 240.0 79.0 237.0
15.0 385.0 21.0 382.0
226.0 153.0 226.0 146.0
33.0 142.0 35.0 142.0
347.0 90.0 345.0 86.0
228.0 31.0 226.0 27.0
136.0 215.0 138.0 210.0
207.0 439.0 213.0 429.0
161.0 110.0 161.0 107.0
243.0 535.0 251.0 520.0
34.0 143.0 36.0 143.0
345.0 51.0 343.0 47.0
86.0 94.0 87.0 91.0
434.0 282.0 435.0 270.0
287.0 572.0 293.0 557.0
435.0 284.0 435.0 270.0
207.0 438.0 213.0 429.0
161.0 111.0 161.0 107.0
316.0 139.0 317.0 134.0
137.0 216.0 138.0 210.0
317.0 139.0 317.0 134.0
75.0 239.0 79.0 237.0
468.0 216.0 465.0 206.0
345.0 50.0 343.0 47.0
205.0 335.0 207.0 327.0
227.0 151.0 227.0 146.0
226.0 151.0 227.0 146.0
208.0 439.0 214.0 430.0
214.0 13.0 212.0 9.0
208.0 437.0 213.0 429.0
136.0 214.0 138.0 210.0
33.0 143.0 35.0 142.0
204.0 335.0 207.0 327.0
205.0 336.0 207.0 327.0
69.0 214.0 70.0 210.0
20.0 497.0 26.0 492.0
226.0 152.0 226.0 146.0
207.0 437.0 213.0 429.0
286.0 572.0 293.0 557.0
117.0 86.0 116.0 83.0
324.0 85.0 323.0 83.0
467.0 216.0 465.0 206.0
468.0 217.0 465.0 206.0
325.0 85.0 323.0 83.0
137.0 215.0 138.0 210.0
214.0 12.0 212.0 9.0
74.0 240.0 78.0 236.0
182.0 295.0 185.0 287.0
287.0 570.0 293.0 556.0
316.0 138.0 317.0 134.0
68.0 215.0 70.0 210.0
325.0 86.0 323.0 83.0
337.0 487.0 342.0 469.0
324.0 86.0 323.0 83.0
235.0 476.0 240.0 463.0
19.0 497.0 26.0 492.0
182.0 294.0 185.0 287.0
467.0 217.0 465.0 207.0
75.0 241.0 79.0 237.0
69.0 215.0 71.0 210.0
160.0 194.0 161.0 190.0
410.0 88.0 410.0 81.0
118.0 86.0 116.0 83.0
117.0 87.0 116.0 83.0
212.0 336.0 215.0 328.0
20.0 496.0 26.0 492.0
222.0 166.0 223.0 159.0
136.0 216.0 138.0 210.0
410.0 87.0 410.0 81.0
161.0 462.0 168.0 453.0
169.0 130.0 169.0 126.0
68.0 214.0 70.0 210.0
164.0 90.0 164.0 86.0
59.0 561.0 68.0 554.0
164.0 89.0 164.0 86.0
204.0 336.0 207.0 327.0
15.0 135.0 16.0 133.0
186.0 69.0 185.0 65.0
435.0 282.0 435.0 270.0
19.0 496.0 26.0 492.0
160.0 109.0 161.0 107.0
161.0 194.0 163.0 189.0
197.0 85.0 197.0 81.0
135.0 127.0 136.0 123.0
163.0 90.0 164.0 86.0
15.0 386.0 21.0 383.0
118.0 87.0 116.0 83.0
287.0 571.0 293.0 556.0
15.0 387.0 21.0 383.0
337.0 488.0 342.0 469.0
16.0 386.0 21.0 383.0
175.0 559.0 182.0 548.0
162.0 461.0 168.0 453.0
190.0 339.0 191.0 333.0
235.0 475.0 240.0 463.0
36.0 532.0 44.0 528.0
57.0 359.0 63.0 353.0
160.0 110.0 161.0 107.0
57.0 358.0 63.0 353.0
223.0 166.0 223.0 159.0
361.0 88.0 358.0 83.0
168.0 131.0 169.0 126.0
168.0 130.0 169.0 126.0
60.0 561.0 68.0 554.0
234.0 476.0 240.0 463.0
190.0 340.0 191.0 333.0
163.0 89.0 163.0 86.0
129.0 86.0 127.0 83.0
212.0 337.0 215.0 328.0
201.0 38.0 200.0 35.0
286.0 570.0 293.0 557.0
169.0 131.0 169.0 126.0
146.0 153.0 147.0 148.0
114.0 278.0 117.0 274.0
114.0 279.0 117.0 274.0
69.0 182.0 73.0 178.0
286.0 571.0 293.0 557.0
198.0 86.0 197.0 81.0
316.0 137.0 317.0 134.0
221.0 54.0 219.0 50.0
60.0 560.0 68.0 554.0
358.0 50.0 356.0 47.0
106.0 413.0 114.0 403.0
189.0 340.0 191.0 333.0
123.0 412.0 128.0 405.0
30.0 463.0 36.0 459.0
189.0 341.0 191.0 333.0
123.0 262.0 126.0 258.0
69.0 181.0 73.0 178.0
198.0 84.0 197.0 81.0
220.0 55.0 219.0 50.0
36.0 534.0 44.0 528.0
36.0 533.0 44.0 528.0
235.0 474.0 240.0 463.0
160.0 111.0 160.0 107.0
174.0 557.0 182.0 547.0
107.0 136.0 109.0 133.0
145.0 152.0 147.0 147.0
355.0 107.0 353.0 103.0
199.0 84.0 197.0 81.0
37.0 533.0 44.0 528.0
130.0 86.0 128.0 82.0
175.0 558.0 182.0 548.0
122.0 262.0 126.0 258.0
468.0 63.0 465.0 57.0
57.0 360.0 63.0 353.0
174.0 559.0 182.0 548.0
199.0 86.0 198.0 81.0
187.0 69.0 185.0 65.0
123.0 263.0 126.0 258.0
202.0 39.0 200.0 35.0
37.0 484.0 44.0 482.0
17.0 372.0 22.0 369.0
359.0 50.0 356.0 47.0
186.0 70.0 185.0 65.0
122.0 263.0 126.0 258.0
30.0 464.0 36.0 459.0
201.0 39.0 200.0 35.0
17.0 371.0 22.0 369.0
123.0 413.0 128.0 405.0
223.0 167.0 223.0 159.0
198.0 85.0 197.0 81.0
221.0 56.0 219.0 50.0
59.0 560.0 68.0 554.0
124.0 412.0 128.0 405.0
104.0 204.0 108.0 200.0
221.0 55.0 219.0 50.0
29.0 464.0 36.0 459.0
122.0 412.0 128.0 405.0
175.0 557.0 182.0 548.0
52.0 418.0 64.0 414.0
37.0 534.0 44.0 528.0
361.0 87.0 358.0 83.0
174.0 558.0 182.0 548.0
70.0 181.0 73.0 178.0
201.0 40.0 200.0 35.0
85.0 214.0 89.0 210.0
131.0 263.0 133.0 258.0
468.0 62.0 465.0 57.0
131.0 86.0 128.0 83.0
49.0 497.0 55.0 494.0
108.0 135.0 109.0 133.0
31.0 463.0 36.0 459.0
193.0 133.0 193.0 128.0
199.0 85.0 197.0 81.0
109.0 136.0 110.0 133.0
222.0 167.0 223.0 159.0
130.0 264.0 133.0 259.0
131.0 264.0 133.0 259.0
160.0 193.0 161.0 189.0
108.0 136.0 109.0 133.0
130.0 263.0 133.0 258.0
146.0 151.0 147.0 147.0
108.0 134.0 109.0 133.0
109.0 135.0 109.0 133.0
360.0 88.0 358.0 83.0
202.0 38.0 200.0 35.0
105.0 204.0 108.0 200.0
22.0 180.0 25.0 178.0
49.0 498.0 55.0 494.0
107.0 135.0 109.0 133.0
173.0 558.0 182.0 547.0
122.0 413.0 128.0 405.0
104.0 205.0 108.0 200.0
22.0 181.0 25.0 178.0
105.0 206.0 108.0 200.0
86.0 214.0 89.0 210.0
106.0 205.0 108.0 200.0
85.0 215.0 89.0 210.0
109.0 300.0 113.0 295.0
355.0 106.0 353.0 103.0
115.0 220.0 119.0 217.0
468.0 61.0 465.0 57.0
116.0 220.0 119.0 217.0
150.0 495.0 156.0 486.0
467.0 62.0 465.0 57.0
16.0 372.0 22.0 369.0
105.0 205.0 108.0 200.0
360.0 87.0 358.0 83.0
21.0 180.0 25.0 178.0
50.0 497.0 55.0 494.0
57.0 362.0 63.0 355.0
57.0 361.0 63.0 353.0
135.0 119.0 136.0 116.0
223.0 168.0 223.0 159.0
146.0 152.0 147.0 147.0
193.0 134.0 193.0 129.0
16.0 373.0 22.0 369.0
16.0 371.0 22.0 369.0
170.0 608.0 181.0 592.0
150.0 496.0 156.0 486.0
193.0 135.0 193.0 129.0
7.0 460.0 15.0 456.0
104.0 206.0 108.0 200.0
136.0 119.0 136.0 116.0
121.0 413.0 128.0 405.0
49.0 499.0 55.0 494.0
468.0 223.0 465.0 207.0
467.0 223.0 465.0 207.0
30.0 430.0 37.0 425.0
106.0 206.0 108.0 200.0
91.0 518.0 100.0 509.0
192.0 134.0 192.0 129.0
92.0 516.0 101.0 507.0
96.0 431.0 101.0 423.0
30.0 429.0 37.0 425.0
50.0 498.0 55.0 494.0
83.0 395.0 90.0 388.0
91.0 517.0 100.0 508.0
92.0 517.0 101.0 509.0
95.0 431.0 101.0 423.0
38.0 482.0 44.0 482.0
83.0 394.0 90.0 388.0
38.0 483.0 44.0 482.0
218.0 19.0 212.0 9.0
467.0 42.0 461.0 35.0
166.0 422.0 174.0 407.0
93.0 516.0 101.0 507.0
467.0 41.0 461.0 35.0
95.0 430.0 101.0 423.0
92.0 518.0 100.0 509.0
155.0 87.0 162.0 85.0
94.0 517.0 102.0 508.0
81.0 417.0 87.0 412.0
84.0 394.0 90.0 388.0
166.0 421.0 174.0 407.0
82.0 394.0 90.0 388.0
96.0 430.0 101.0 423.0
93.0 518.0 100.0 509.0
217.0 19.0 212.0 9.0
29.0 430.0 37.0 425.0
167.0 422.0 174.0 407.0
166.0 423.0 174.0 407.0
83.0 393.0 90.0 388.0
167.0 421.0 174.0 407.0
80.0 417.0 87.0 412.0
93.0 517.0 101.0 509.0
166.0 424.0 174.0 407.0
39.0 483.0 44.0 482.0
82.0 393.0 90.0 388.0
29.0 429.0 37.0 425.0
84.0 393.0 90.0 388.0
468.0 41.0 461.0 35.0
468.0 42.0 461.0 35.0
154.0 87.0 162.0 85.0
81.0 418.0 87.0 412.0
142.0 321.0 146.0 315.0
218.0 20.0 212.0 9.0
167.0 423.0 174.0 407.0
217.0 20.0 212.0 9.0
37.0 186.0 32.0 181.0
80.0 418.0 87.0 412.0
142.0 322.0 146.0 315.0
154.0 88.0 162.0 85.0
37.0 187.0 32.0 181.0
38.0 186.0 32.0 181.0
40.0 60.0 40.0 49.0
74.0 443.0 81.0 436.0
77.0 545.0 88.0 534.0
78.0 543.0 88.0 534.0
79.0 544.0 88.0 534.0
78.0 545.0 88.0 534.0
38.0 573.0 48.0 566.0
38.0 187.0 32.0 181.0
79.0 543.0 88.0 534.0
218.0 21.0 212.0 9.0
39.0 396.0 39.0 400.0
74.0 442.0 81.0 436.0
79.0 542.0 88.0 534.0
31.0 610.0 19.0 629.0
38.0 572.0 48.0 566.0
39.0 395.0 39.0 400.0
39.0 574.0 48.0 566.0
29.0 103.0 22.0 113.0
80.0 419.0 87.0 412.0
29.0 104.0 22.0 113.0
217.0 21.0 212.0 9.0
30.0 610.0 19.0 629.0
78.0 544.0 88.0 534.0
86.0 3.0 94.0 22.0
86.0 4.0 94.0 22.0
30.0 609.0 19.0 629.0
29.0 610.0 19.0 629.0
30.0 611.0 19.0 629.0
30.0 103.0 22.0 113.0
30.0 104.0 22.0 113.0
103.0 367.0 113.0 368.0
87.0 4.0 94.0 22.0
87.0 3.0 94.0 22.0
86.0 359.0 94.0 364.0
86.0 358.0 94.0 364.0
87.0 358.0 94.0 364.0
173.0 171.0 178.0 176.0
174.0 170.0 178.0 176.0
87.0 359.0 94.0 364.0
103.0 366.0 113.0 368.0
104.0 366.0 113.0 368.0
173.0 170.0 178.0 176.0
172.0 171.0 178.0 176.0
