125.0 596.0 114.0 595.0
42.0 425.0 34.0 423.0
41.0 424.0 34.0 423.0
41.0 423.0 34.0 423.0
401.0 163.0 393.0 162.0
53.0 203.0 48.0 200.0
42.0 424.0 34.0 423.0
60.0 204.0 63.0 204.0
418.0 276.0 410.0 274.0
59.0 205.0 49.0 201.0
61.0 427.0 52.0 425.0
378.0 180.0 369.0 178.0
58.0 204.0 48.0 200.0
59.0 204.0 48.0 200.0
60.0 427.0 52.0 425.0
60.0 205.0 49.0 201.0
387.0 613.0 379.0 609.0
387.0 612.0 379.0 609.0
440.0 99.0 431.0 98.0
419.0 276.0 410.0 274.0
170.0 121.0 162.0 118.0
53.0 202.0 48.0 200.0
349.0 344.0 340.0 343.0
170.0 120.0 162.0 117.0
58.0 205.0 49.0 201.0
378.0 179.0 369.0 178.0
379.0 180.0 369.0 178.0
285.0 383.0 277.0 381.0
297.0 162.0 289.0 161.0
43.0 424.0 34.0 423.0
285.0 384.0 277.0 381.0
230.0 302.0 222.0 301.0
230.0 303.0 222.0 301.0
190.0 355.0 180.0 354.0
190.0 356.0 180.0 354.0
189.0 356.0 180.0 354.0
52.0 202.0 48.0 200.0
230.0 304.0 222.0 301.0
439.0 99.0 431.0 98.0
438.0 99.0 431.0 98.0
93.0 94.0 90.0 92.0
413.0 556.0 403.0 552.0
296.0 162.0 288.0 160.0
413.0 555.0 403.0 552.0
377.0 180.0 369.0 178.0
438.0 97.0 430.0 96.0
42.0 423.0 34.0 423.0
126.0 595.0 114.0 595.0
295.0 162.0 288.0 160.0
189.0 355.0 180.0 354.0
71.0 549.0 62.0 547.0
295.0 163.0 288.0 161.0
79.0 208.0 64.0 203.0
108.0 215.0 97.0 211.0
389.0 612.0 379.0 609.0
439.0 98.0 430.0 97.0
397.0 203.0 389.0 201.0
439.0 97.0 430.0 97.0
348.0 344.0 340.0 343.0
297.0 163.0 288.0 161.0
16.0 544.0 14.0 544.0
270.0 32.0 263.0 30.0
410.0 610.0 400.0 606.0
418.0 277.0 410.0 274.0
376.0 180.0 369.0 178.0
398.0 425.0 390.0 422.0
438.0 98.0 431.0 98.0
410.0 609.0 400.0 606.0
349.0 345.0 340.0 343.0
388.0 612.0 379.0 609.0
409.0 231.0 400.0 229.0
388.0 613.0 379.0 609.0
72.0 549.0 62.0 547.0
396.0 202.0 389.0 201.0
377.0 179.0 369.0 178.0
362.0 505.0 352.0 502.0
399.0 425.0 390.0 422.0
409.0 610.0 400.0 606.0
284.0 383.0 277.0 381.0
72.0 548.0 62.0 547.0
410.0 231.0 400.0 229.0
79.0 209.0 64.0 203.0
362.0 506.0 352.0 502.0
400.0 425.0 390.0 422.0
171.0 120.0 162.0 117.0
350.0 344.0 340.0 343.0
166.0 446.0 157.0 446.0
43.0 423.0 34.0 423.0
231.0 302.0 222.0 301.0
296.0 163.0 288.0 161.0
231.0 304.0 223.0 301.0
80.0 209.0 64.0 203.0
166.0 447.0 157.0 446.0
412.0 556.0 403.0 552.0
93.0 95.0 90.0 92.0
350.0 345.0 340.0 342.0
107.0 215.0 97.0 211.0
107.0 214.0 97.0 211.0
270.0 31.0 263.0 30.0
440.0 98.0 430.0 97.0
335.0 362.0 326.0 359.0
17.0 544.0 14.0 544.0
211.0 264.0 203.0 261.0
271.0 30.0 263.0 30.0
394.0 188.0 386.0 186.0
399.0 424.0 390.0 422.0
363.0 506.0 352.0 502.0
419.0 277.0 410.0 274.0
242.0 144.0 235.0 139.0
271.0 31.0 263.0 30.0
409.0 230.0 400.0 229.0
188.0 355.0 180.0 354.0
415.0 149.0 406.0 147.0
106.0 215.0 97.0 211.0
190.0 354.0 179.0 353.0
166.0 448.0 157.0 446.0
272.0 31.0 263.0 28.0
438.0 397.0 431.0 394.0
394.0 186.0 386.0 186.0
388.0 614.0 379.0 609.0
107.0 216.0 97.0 211.0
137.0 564.0 127.0 560.0
108.0 216.0 97.0 211.0
389.0 613.0 379.0 609.0
412.0 555.0 403.0 552.0
395.0 187.0 386.0 186.0
167.0 446.0 157.0 446.0
145.0 625.0 134.0 623.0
176.0 409.0 166.0 406.0
271.0 32.0 263.0 30.0
231.0 303.0 223.0 301.0
394.0 187.0 386.0 186.0
167.0 448.0 157.0 446.0
171.0 121.0 162.0 117.0
390.0 370.0 383.0 367.0
243.0 143.0 235.0 139.0
379.0 531.0 369.0 529.0
167.0 447.0 157.0 446.0
379.0 532.0 369.0 530.0
284.0 384.0 277.0 381.0
409.0 609.0 400.0 606.0
243.0 142.0 235.0 139.0
348.0 345.0 340.0 343.0
390.0 369.0 383.0 367.0
211.0 265.0 203.0 261.0
210.0 265.0 203.0 262.0
94.0 95.0 90.0 92.0
307.0 531.0 299.0 528.0
400.0 424.0 390.0 422.0
79.0 210.0 63.0 204.0
210.0 264.0 203.0 261.0
395.0 186.0 386.0 186.0
408.0 609.0 400.0 606.0
242.0 143.0 235.0 139.0
97.0 630.0 88.0 627.0
349.0 508.0 338.0 505.0
242.0 142.0 235.0 138.0
72.0 207.0 63.0 204.0
439.0 397.0 431.0 394.0
145.0 624.0 134.0 623.0
144.0 625.0 134.0 623.0
413.0 557.0 403.0 552.0
270.0 33.0 263.0 30.0
307.0 530.0 299.0 528.0
176.0 408.0 166.0 406.0
442.0 124.0 433.0 123.0
351.0 439.0 343.0 436.0
396.0 203.0 389.0 201.0
415.0 148.0 406.0 147.0
397.0 522.0 388.0 519.0
443.0 124.0 433.0 123.0
71.0 207.0 63.0 204.0
414.0 557.0 403.0 553.0
379.0 533.0 369.0 530.0
416.0 148.0 406.0 147.0
346.0 554.0 335.0 549.0
123.0 598.0 114.0 595.0
99.0 631.0 88.0 628.0
408.0 230.0 400.0 229.0
189.0 354.0 179.0 353.0
414.0 148.0 406.0 147.0
363.0 475.0 352.0 472.0
331.0 517.0 322.0 515.0
414.0 555.0 403.0 552.0
13.0 191.0 5.0 187.0
98.0 630.0 88.0 627.0
316.0 510.0 306.0 509.0
144.0 626.0 134.0 623.0
416.0 149.0 406.0 147.0
441.0 397.0 431.0 394.0
212.0 264.0 203.0 261.0
18.0 544.0 14.0 544.0
408.0 231.0 400.0 229.0
200.0 422.0 192.0 419.0
308.0 531.0 299.0 528.0
271.0 33.0 263.0 30.0
176.0 410.0 166.0 406.0
336.0 396.0 327.0 393.0
362.0 475.0 352.0 472.0
97.0 631.0 88.0 627.0
228.0 311.0 220.0 309.0
98.0 631.0 88.0 628.0
401.0 133.0 391.0 132.0
373.0 445.0 365.0 443.0
398.0 424.0 390.0 422.0
228.0 312.0 220.0 309.0
365.0 306.0 356.0 306.0
271.0 34.0 263.0 30.0
366.0 301.0 357.0 299.0
352.0 438.0 343.0 436.0
350.0 438.0 343.0 436.0
374.0 445.0 366.0 443.0
465.0 57.0 458.0 57.0
316.0 511.0 306.0 509.0
393.0 186.0 386.0 186.0
221.0 335.0 213.0 333.0
416.0 147.0 406.0 146.0
14.0 191.0 5.0 187.0
392.0 370.0 383.0 367.0
221.0 336.0 212.0 334.0
349.0 509.0 339.0 506.0
417.0 148.0 406.0 146.0
146.0 625.0 135.0 623.0
145.0 626.0 134.0 623.0
177.0 409.0 166.0 407.0
348.0 509.0 339.0 506.0
440.0 397.0 431.0 394.0
351.0 438.0 342.0 435.0
414.0 556.0 403.0 552.0
19.0 36.0 11.0 32.0
351.0 437.0 342.0 435.0
400.0 134.0 390.0 133.0
90.0 211.0 97.0 211.0
373.0 446.0 365.0 443.0
200.0 423.0 192.0 419.0
260.0 610.0 251.0 607.0
75.0 336.0 62.0 332.0
348.0 508.0 338.0 505.0
347.0 555.0 335.0 549.0
41.0 199.0 48.0 200.0
294.0 626.0 285.0 625.0
336.0 395.0 327.0 393.0
17.0 36.0 9.0 31.0
221.0 337.0 212.0 334.0
465.0 58.0 457.0 58.0
346.0 555.0 335.0 549.0
279.0 231.0 271.0 229.0
102.0 98.0 90.0 92.0
374.0 446.0 366.0 443.0
279.0 232.0 271.0 229.0
415.0 147.0 406.0 147.0
416.0 131.0 409.0 130.0
222.0 337.0 213.0 335.0
18.0 36.0 9.0 31.0
261.0 610.0 251.0 607.0
465.0 59.0 457.0 58.0
400.0 133.0 391.0 132.0
351.0 381.0 343.0 379.0
260.0 609.0 250.0 606.0
416.0 130.0 409.0 130.0
379.0 530.0 369.0 529.0
18.0 37.0 10.0 32.0
350.0 381.0 343.0 379.0
469.0 288.0 462.0 287.0
40.0 199.0 48.0 200.0
212.0 265.0 203.0 261.0
222.0 336.0 213.0 333.0
391.0 369.0 383.0 367.0
19.0 37.0 10.0 32.0
417.0 131.0 409.0 130.0
261.0 609.0 251.0 607.0
101.0 98.0 90.0 92.0
428.0 378.0 418.0 377.0
201.0 423.0 192.0 419.0
351.0 382.0 343.0 379.0
133.0 108.0 127.0 105.0
132.0 108.0 127.0 105.0
392.0 369.0 383.0 367.0
352.0 382.0 344.0 379.0
414.0 147.0 406.0 147.0
321.0 550.0 313.0 547.0
361.0 475.0 352.0 472.0
331.0 518.0 322.0 515.0
470.0 288.0 462.0 287.0
276.0 251.0 267.0 249.0
133.0 107.0 127.0 105.0
335.0 396.0 327.0 393.0
391.0 370.0 383.0 367.0
335.0 395.0 327.0 393.0
353.0 438.0 344.0 436.0
399.0 134.0 390.0 133.0
42.0 199.0 48.0 200.0
362.0 474.0 352.0 472.0
375.0 446.0 366.0 443.0
322.0 550.0 313.0 547.0
469.0 289.0 462.0 287.0
443.0 125.0 433.0 123.0
295.0 627.0 285.0 625.0
146.0 626.0 134.0 623.0
353.0 382.0 344.0 379.0
426.0 176.0 418.0 174.0
20.0 37.0 11.0 32.0
352.0 381.0 343.0 379.0
323.0 550.0 313.0 547.0
378.0 531.0 369.0 529.0
476.0 85.0 466.0 84.0
280.0 233.0 272.0 231.0
280.0 232.0 271.0 229.0
396.0 522.0 388.0 520.0
284.0 529.0 274.0 526.0
466.0 58.0 457.0 58.0
200.0 424.0 192.0 419.0
315.0 485.0 306.0 482.0
145.0 627.0 134.0 623.0
347.0 556.0 335.0 549.0
132.0 107.0 127.0 105.0
461.0 434.0 451.0 432.0
346.0 556.0 335.0 549.0
283.0 528.0 274.0 526.0
378.0 530.0 369.0 529.0
315.0 486.0 306.0 482.0
146.0 627.0 134.0 623.0
295.0 626.0 285.0 625.0
470.0 289.0 462.0 287.0
315.0 487.0 306.0 482.0
201.0 424.0 192.0 421.0
461.0 433.0 451.0 431.0
466.0 57.0 458.0 57.0
314.0 486.0 306.0 482.0
276.0 252.0 267.0 250.0
220.0 336.0 213.0 334.0
415.0 131.0 409.0 130.0
399.0 133.0 391.0 132.0
143.0 539.0 133.0 540.0
280.0 231.0 271.0 229.0
467.0 57.0 458.0 57.0
7.0 417.0 13.0 418.0
46.0 80.0 37.0 75.0
323.0 551.0 313.0 547.0
396.0 521.0 388.0 520.0
46.0 79.0 37.0 75.0
398.0 599.0 390.0 595.0
143.0 538.0 133.0 540.0
296.0 627.0 286.0 624.0
6.0 417.0 13.0 418.0
462.0 433.0 452.0 431.0
322.0 552.0 313.0 547.0
347.0 508.0 338.0 505.0
256.0 318.0 247.0 316.0
415.0 130.0 409.0 130.0
256.0 319.0 247.0 316.0
462.0 434.0 452.0 431.0
321.0 552.0 313.0 547.0
45.0 80.0 37.0 75.0
296.0 626.0 286.0 624.0
470.0 287.0 462.0 287.0
399.0 599.0 390.0 595.0
295.0 625.0 286.0 623.0
283.0 529.0 274.0 526.0
322.0 551.0 313.0 547.0
44.0 79.0 37.0 75.0
471.0 288.0 462.0 287.0
400.0 598.0 390.0 595.0
399.0 598.0 390.0 595.0
315.0 623.0 305.0 621.0
316.0 623.0 305.0 621.0
275.0 252.0 266.0 249.0
316.0 624.0 305.0 621.0
224.0 327.0 215.0 326.0
362.0 416.0 353.0 413.0
275.0 251.0 266.0 249.0
378.0 532.0 369.0 529.0
6.0 416.0 13.0 418.0
321.0 551.0 313.0 547.0
330.0 517.0 322.0 515.0
467.0 58.0 458.0 57.0
255.0 318.0 247.0 316.0
398.0 598.0 390.0 595.0
466.0 59.0 457.0 58.0
45.0 79.0 37.0 75.0
399.0 600.0 390.0 595.0
255.0 319.0 247.0 316.0
400.0 599.0 390.0 595.0
330.0 518.0 322.0 515.0
223.0 328.0 215.0 326.0
401.0 599.0 390.0 595.0
24.0 420.0 32.0 422.0
125.0 220.0 97.0 211.0
6.0 418.0 13.0 418.0
7.0 418.0 13.0 418.0
464.0 415.0 456.0 412.0
425.0 176.0 418.0 174.0
255.0 605.0 250.0 606.0
467.0 59.0 458.0 57.0
22.0 419.0 13.0 418.0
282.0 529.0 274.0 526.0
23.0 420.0 32.0 422.0
255.0 604.0 250.0 606.0
465.0 415.0 456.0 412.0
24.0 419.0 32.0 422.0
325.0 574.0 315.0 574.0
294.0 555.0 287.0 553.0
23.0 419.0 32.0 422.0
222.0 327.0 215.0 326.0
406.0 323.0 400.0 329.0
464.0 413.0 454.0 411.0
406.0 324.0 400.0 329.0
223.0 327.0 215.0 326.0
254.0 605.0 250.0 606.0
464.0 412.0 454.0 411.0
23.0 418.0 32.0 422.0
464.0 414.0 456.0 412.0
36.0 520.0 36.0 520.0
405.0 323.0 400.0 329.0
24.0 418.0 32.0 422.0
465.0 414.0 456.0 412.0
465.0 413.0 456.0 412.0
296.0 557.0 287.0 553.0
295.0 555.0 287.0 553.0
296.0 555.0 287.0 553.0
466.0 415.0 456.0 412.0
254.0 604.0 250.0 606.0
296.0 556.0 287.0 553.0
294.0 556.0 287.0 553.0
295.0 556.0 287.0 553.0
466.0 414.0 456.0 412.0
333.0 372.0 325.0 359.0
445.0 590.0 436.0 585.0
466.0 413.0 456.0 412.0
295.0 557.0 286.0 553.0
355.0 445.0 343.0 436.0
446.0 589.0 438.0 585.0
445.0 589.0 436.0 585.0
356.0 445.0 344.0 436.0
23.0 194.0 48.0 200.0
337.0 468.0 333.0 459.0
308.0 590.0 296.0 573.0
22.0 194.0 5.0 187.0
337.0 469.0 333.0 459.0
326.0 374.0 325.0 359.0
308.0 351.0 301.0 334.0
