93.0 208.0 93.0 208.0
91.0 208.0 93.0 208.0
92.0 208.0 93.0 208.0
92.0 209.0 93.0 208.0
181.0 214.0 181.0 212.0
76.0 179.0 76.0 179.0
75.0 179.0 75.0 179.0
75.0 178.0 75.0 179.0
140.0 206.0 139.0 205.0
354.0 431.0 357.0 418.0
141.0 205.0 140.0 204.0
76.0 178.0 75.0 179.0
141.0 206.0 140.0 204.0
140.0 205.0 140.0 204.0
181.0 213.0 182.0 212.0
122.0 272.0 123.0 271.0
73.0 209.0 74.0 209.0
180.0 214.0 181.0 212.0
111.0 198.0 111.0 198.0
85.0 241.0 86.0 241.0
123.0 271.0 124.0 271.0
84.0 241.0 86.0 241.0
75.0 177.0 75.0 178.0
73.0 208.0 74.0 209.0
354.0 430.0 357.0 418.0
84.0 239.0 85.0 240.0
123.0 272.0 124.0 271.0
83.0 240.0 84.0 241.0
336.0 54.0 332.0 55.0
85.0 239.0 85.0 240.0
111.0 197.0 111.0 197.0
355.0 430.0 357.0 418.0
73.0 210.0 74.0 209.0
221.0 149.0 220.0 147.0
163.0 184.0 162.0 183.0
138.0 256.0 139.0 255.0
112.0 197.0 111.0 197.0
122.0 271.0 123.0 271.0
138.0 255.0 139.0 254.0
91.0 134.0 91.0 135.0
180.0 213.0 181.0 212.0
74.0 178.0 75.0 179.0
382.0 109.0 379.0 105.0
110.0 133.0 108.0 133.0
192.0 79.0 189.0 79.0
226.0 103.0 224.0 102.0
354.0 432.0 357.0 419.0
151.0 86.0 148.0 87.0
158.0 87.0 156.0 88.0
203.0 12.0 198.0 13.0
109.0 133.0 107.0 134.0
18.0 148.0 17.0 151.0
254.0 435.0 258.0 429.0
353.0 431.0 357.0 419.0
108.0 72.0 106.0 75.0
17.0 147.0 17.0 151.0
162.0 184.0 161.0 183.0
355.0 431.0 357.0 418.0
162.0 185.0 162.0 185.0
72.0 209.0 74.0 209.0
74.0 209.0 74.0 209.0
84.0 240.0 85.0 240.0
337.0 54.0 332.0 55.0
192.0 78.0 189.0 79.0
138.0 254.0 139.0 254.0
110.0 132.0 108.0 133.0
72.0 133.0 71.0 134.0
71.0 132.0 71.0 134.0
139.0 255.0 139.0 254.0
202.0 12.0 199.0 13.0
382.0 108.0 379.0 104.0
271.0 446.0 274.0 437.0
137.0 254.0 139.0 254.0
108.0 71.0 106.0 75.0
202.0 10.0 197.0 12.0
381.0 108.0 378.0 104.0
85.0 240.0 85.0 240.0
93.0 346.0 95.0 344.0
254.0 436.0 258.0 429.0
255.0 436.0 258.0 429.0
74.0 210.0 74.0 209.0
381.0 109.0 378.0 104.0
69.0 612.0 76.0 611.0
189.0 110.0 187.0 110.0
72.0 134.0 71.0 134.0
220.0 149.0 220.0 147.0
191.0 79.0 189.0 79.0
18.0 147.0 17.0 151.0
192.0 80.0 190.0 79.0
123.0 270.0 124.0 271.0
147.0 145.0 145.0 146.0
7.0 178.0 8.0 180.0
71.0 133.0 71.0 134.0
60.0 87.0 59.0 90.0
272.0 447.0 274.0 437.0
12.0 371.0 9.0 373.0
64.0 524.0 69.0 523.0
122.0 270.0 123.0 271.0
137.0 255.0 139.0 254.0
224.0 136.0 222.0 134.0
166.0 124.0 164.0 126.0
190.0 126.0 189.0 124.0
6.0 372.0 9.0 373.0
147.0 147.0 145.0 147.0
36.0 154.0 35.0 158.0
64.0 525.0 69.0 523.0
198.0 320.0 200.0 316.0
158.0 86.0 156.0 88.0
157.0 87.0 156.0 88.0
198.0 319.0 202.0 315.0
90.0 134.0 90.0 136.0
328.0 136.0 327.0 132.0
255.0 435.0 258.0 429.0
35.0 154.0 35.0 158.0
74.0 355.0 76.0 355.0
203.0 11.0 198.0 13.0
178.0 171.0 177.0 171.0
202.0 11.0 198.0 13.0
224.0 137.0 222.0 135.0
178.0 172.0 177.0 171.0
382.0 107.0 378.0 104.0
8.0 178.0 8.0 180.0
59.0 373.0 61.0 373.0
193.0 78.0 189.0 79.0
64.0 523.0 69.0 523.0
111.0 196.0 111.0 196.0
200.0 319.0 202.0 315.0
437.0 241.0 437.0 231.0
199.0 319.0 202.0 315.0
327.0 134.0 326.0 131.0
71.0 134.0 71.0 134.0
13.0 371.0 9.0 373.0
65.0 524.0 69.0 523.0
65.0 523.0 69.0 523.0
200.0 161.0 199.0 159.0
328.0 134.0 326.0 130.0
110.0 198.0 111.0 198.0
328.0 135.0 327.0 132.0
270.0 446.0 274.0 437.0
29.0 185.0 30.0 187.0
179.0 171.0 177.0 170.0
438.0 241.0 439.0 231.0
159.0 87.0 156.0 88.0
147.0 146.0 145.0 147.0
193.0 79.0 189.0 79.0
92.0 346.0 94.0 344.0
18.0 146.0 18.0 151.0
262.0 401.0 266.0 393.0
30.0 458.0 34.0 458.0
193.0 80.0 190.0 79.0
109.0 132.0 108.0 133.0
473.0 117.0 472.0 114.0
129.0 143.0 127.0 143.0
328.0 133.0 326.0 130.0
110.0 197.0 110.0 197.0
311.0 519.0 316.0 507.0
59.0 372.0 61.0 373.0
254.0 437.0 258.0 429.0
151.0 345.0 155.0 343.0
200.0 318.0 202.0 315.0
73.0 345.0 75.0 344.0
88.0 72.0 85.0 75.0
199.0 161.0 199.0 158.0
30.0 185.0 30.0 187.0
166.0 125.0 164.0 126.0
146.0 146.0 145.0 147.0
68.0 613.0 76.0 611.0
167.0 125.0 164.0 126.0
179.0 213.0 181.0 212.0
159.0 88.0 156.0 88.0
189.0 109.0 187.0 110.0
272.0 446.0 274.0 437.0
148.0 147.0 147.0 147.0
147.0 13.0 144.0 15.0
178.0 170.0 177.0 170.0
199.0 162.0 199.0 159.0
60.0 88.0 59.0 90.0
289.0 439.0 293.0 430.0
53.0 90.0 51.0 95.0
95.0 47.0 92.0 50.0
226.0 409.0 230.0 402.0
472.0 116.0 472.0 114.0
329.0 135.0 327.0 132.0
167.0 124.0 164.0 126.0
58.0 373.0 61.0 373.0
473.0 116.0 472.0 114.0
146.0 147.0 145.0 147.0
255.0 437.0 258.0 429.0
327.0 135.0 326.0 131.0
95.0 46.0 92.0 50.0
61.0 87.0 59.0 90.0
58.0 372.0 61.0 373.0
329.0 134.0 326.0 130.0
46.0 489.0 50.0 489.0
212.0 47.0 209.0 47.0
91.0 417.0 95.0 416.0
190.0 125.0 188.0 125.0
7.0 177.0 8.0 180.0
472.0 115.0 472.0 114.0
44.0 488.0 49.0 487.0
200.0 162.0 199.0 159.0
77.0 411.0 80.0 411.0
439.0 240.0 439.0 231.0
473.0 115.0 472.0 114.0
311.0 518.0 316.0 507.0
154.0 345.0 155.0 343.0
288.0 439.0 293.0 430.0
227.0 409.0 230.0 402.0
270.0 445.0 274.0 437.0
88.0 71.0 85.0 74.0
101.0 385.0 105.0 384.0
135.0 553.0 140.0 547.0
57.0 372.0 61.0 373.0
61.0 88.0 59.0 90.0
262.0 400.0 266.0 393.0
153.0 345.0 155.0 343.0
86.0 96.0 85.0 97.0
311.0 496.0 317.0 483.0
62.0 476.0 66.0 476.0
70.0 612.0 76.0 611.0
70.0 613.0 76.0 611.0
69.0 614.0 76.0 611.0
437.0 240.0 437.0 231.0
69.0 613.0 76.0 611.0
29.0 184.0 30.0 187.0
37.0 153.0 36.0 157.0
313.0 496.0 317.0 483.0
248.0 459.0 254.0 451.0
57.0 373.0 61.0 373.0
249.0 460.0 254.0 451.0
438.0 240.0 439.0 231.0
44.0 489.0 49.0 488.0
62.0 477.0 66.0 476.0
22.0 608.0 28.0 608.0
23.0 608.0 29.0 608.0
216.0 26.0 212.0 27.0
101.0 384.0 105.0 384.0
8.0 177.0 8.0 180.0
87.0 72.0 85.0 75.0
312.0 496.0 317.0 483.0
87.0 71.0 85.0 75.0
135.0 554.0 140.0 547.0
43.0 488.0 49.0 487.0
86.0 95.0 85.0 97.0
226.0 408.0 229.0 401.0
191.0 125.0 189.0 124.0
72.0 492.0 77.0 490.0
30.0 184.0 30.0 187.0
72.0 490.0 77.0 490.0
87.0 73.0 85.0 76.0
87.0 96.0 85.0 97.0
43.0 489.0 48.0 488.0
110.0 86.0 107.0 89.0
225.0 409.0 228.0 401.0
313.0 497.0 317.0 485.0
22.0 609.0 29.0 610.0
312.0 497.0 317.0 485.0
147.0 148.0 145.0 147.0
312.0 495.0 317.0 483.0
249.0 459.0 254.0 451.0
72.0 491.0 77.0 490.0
152.0 344.0 155.0 343.0
102.0 384.0 105.0 384.0
133.0 117.0 128.0 121.0
152.0 345.0 155.0 343.0
21.0 609.0 28.0 609.0
183.0 605.0 191.0 599.0
313.0 495.0 317.0 483.0
447.0 47.0 443.0 46.0
111.0 86.0 107.0 89.0
87.0 95.0 85.0 97.0
110.0 87.0 107.0 89.0
327.0 83.0 323.0 84.0
148.0 13.0 144.0 15.0
249.0 458.0 254.0 451.0
142.0 395.0 144.0 392.0
71.0 491.0 77.0 490.0
458.0 183.0 455.0 176.0
69.0 386.0 73.0 386.0
45.0 489.0 49.0 488.0
248.0 460.0 254.0 451.0
76.0 411.0 80.0 411.0
104.0 359.0 108.0 357.0
105.0 359.0 108.0 357.0
148.0 12.0 144.0 15.0
89.0 542.0 95.0 541.0
21.0 608.0 28.0 608.0
61.0 476.0 66.0 476.0
458.0 184.0 455.0 176.0
271.0 445.0 274.0 437.0
462.0 69.0 458.0 66.0
54.0 90.0 51.0 95.0
141.0 395.0 144.0 392.0
312.0 498.0 317.0 485.0
459.0 184.0 455.0 176.0
105.0 360.0 108.0 357.0
437.0 239.0 439.0 231.0
458.0 182.0 455.0 176.0
102.0 385.0 105.0 384.0
439.0 239.0 439.0 231.0
462.0 23.0 458.0 23.0
78.0 18.0 76.0 23.0
311.0 495.0 317.0 483.0
438.0 239.0 439.0 231.0
123.0 530.0 129.0 527.0
79.0 18.0 76.0 23.0
61.0 477.0 66.0 476.0
182.0 438.0 187.0 433.0
104.0 360.0 108.0 357.0
284.0 612.0 292.0 602.0
135.0 552.0 140.0 547.0
201.0 509.0 207.0 501.0
182.0 607.0 191.0 599.0
127.0 85.0 123.0 87.0
216.0 25.0 212.0 27.0
315.0 85.0 310.0 85.0
284.0 611.0 291.0 602.0
183.0 606.0 191.0 599.0
215.0 26.0 212.0 27.0
315.0 86.0 310.0 85.0
90.0 544.0 95.0 541.0
134.0 117.0 128.0 121.0
311.0 585.0 319.0 573.0
134.0 123.0 128.0 122.0
123.0 529.0 129.0 527.0
111.0 87.0 107.0 89.0
283.0 612.0 292.0 602.0
128.0 86.0 124.0 87.0
122.0 530.0 129.0 527.0
182.0 606.0 191.0 598.0
70.0 385.0 73.0 385.0
200.0 509.0 207.0 501.0
91.0 454.0 95.0 451.0
201.0 510.0 207.0 501.0
183.0 607.0 191.0 599.0
89.0 544.0 95.0 541.0
13.0 394.0 16.0 396.0
311.0 584.0 319.0 573.0
79.0 17.0 76.0 23.0
312.0 584.0 319.0 573.0
463.0 69.0 458.0 66.0
118.0 497.0 124.0 493.0
181.0 438.0 187.0 433.0
200.0 510.0 207.0 501.0
136.0 552.0 140.0 547.0
78.0 17.0 76.0 23.0
183.0 437.0 187.0 433.0
90.0 543.0 95.0 541.0
87.0 6.0 83.0 11.0
135.0 551.0 140.0 547.0
182.0 437.0 187.0 433.0
91.0 453.0 95.0 451.0
51.0 426.0 55.0 426.0
448.0 48.0 443.0 46.0
472.0 59.0 467.0 58.0
115.0 417.0 118.0 415.0
68.0 442.0 72.0 441.0
448.0 47.0 443.0 46.0
316.0 85.0 310.0 85.0
89.0 543.0 95.0 541.0
473.0 59.0 467.0 58.0
104.0 3.0 101.0 9.0
34.0 372.0 37.0 372.0
316.0 86.0 310.0 85.0
122.0 529.0 129.0 527.0
200.0 511.0 207.0 501.0
191.0 38.0 188.0 38.0
201.0 511.0 207.0 501.0
182.0 439.0 187.0 433.0
52.0 426.0 55.0 426.0
68.0 441.0 72.0 441.0
34.0 371.0 37.0 372.0
191.0 37.0 188.0 38.0
122.0 473.0 125.0 470.0
33.0 372.0 37.0 372.0
134.0 116.0 128.0 121.0
51.0 427.0 54.0 427.0
80.0 17.0 76.0 23.0
33.0 386.0 37.0 387.0
108.0 460.0 112.0 457.0
142.0 595.0 149.0 590.0
127.0 86.0 123.0 87.0
108.0 459.0 112.0 457.0
192.0 35.0 188.0 38.0
192.0 37.0 188.0 38.0
34.0 386.0 37.0 387.0
463.0 68.0 458.0 66.0
33.0 385.0 37.0 387.0
121.0 473.0 125.0 470.0
88.0 544.0 95.0 541.0
119.0 496.0 124.0 493.0
135.0 116.0 128.0 121.0
192.0 36.0 188.0 38.0
50.0 426.0 55.0 426.0
33.0 371.0 36.0 372.0
48.0 410.0 46.0 412.0
162.0 192.0 162.0 185.0
191.0 36.0 188.0 38.0
69.0 442.0 72.0 441.0
140.0 428.0 143.0 425.0
34.0 385.0 37.0 387.0
119.0 497.0 124.0 493.0
48.0 411.0 46.0 412.0
133.0 261.0 139.0 255.0
163.0 192.0 162.0 185.0
135.0 124.0 128.0 122.0
107.0 459.0 112.0 455.0
107.0 460.0 112.0 457.0
449.0 47.0 443.0 45.0
449.0 48.0 443.0 46.0
173.0 163.0 177.0 170.0
464.0 100.0 472.0 113.0
105.0 402.0 104.0 406.0
104.0 401.0 104.0 406.0
173.0 162.0 177.0 170.0
49.0 411.0 46.0 412.0
113.0 618.0 125.0 628.0
335.0 86.0 323.0 84.0
335.0 85.0 323.0 84.0
402.0 76.0 391.0 75.0
88.0 35.0 92.0 49.0
120.0 291.0 123.0 271.0
121.0 291.0 124.0 272.0
336.0 85.0 323.0 84.0
336.0 86.0 323.0 84.0
121.0 292.0 124.0 272.0
120.0 292.0 123.0 271.0
120.0 293.0 123.0 271.0
121.0 293.0 124.0 272.0
268.0 487.0 266.0 473.0
267.0 488.0 266.0 473.0
67.0 53.0 77.0 58.0
268.0 488.0 266.0 473.0
