187.0 189.0 204.0 166.0
186.0 189.0 203.0 166.0
294.0 337.0 313.0 317.0
187.0 188.0 204.0 166.0
332.0 403.0 352.0 380.0
157.0 139.0 175.0 115.0
270.0 305.0 289.0 283.0
186.0 188.0 203.0 166.0
268.0 306.0 287.0 283.0
269.0 305.0 289.0 283.0
254.0 178.0 272.0 156.0
294.0 336.0 313.0 315.0
271.0 306.0 289.0 283.0
253.0 178.0 272.0 156.0
99.0 112.0 119.0 84.0
270.0 307.0 289.0 283.0
270.0 306.0 289.0 283.0
295.0 337.0 313.0 317.0
269.0 306.0 289.0 283.0
253.0 177.0 272.0 156.0
188.0 188.0 204.0 166.0
100.0 113.0 121.0 83.0
330.0 403.0 349.0 381.0
331.0 403.0 350.0 380.0
254.0 177.0 272.0 156.0
264.0 349.0 283.0 324.0
74.0 526.0 97.0 491.0
121.0 453.0 144.0 426.0
100.0 111.0 121.0 82.0
282.0 356.0 299.0 333.0
252.0 177.0 271.0 156.0
264.0 348.0 283.0 324.0
282.0 355.0 300.0 333.0
73.0 527.0 97.0 491.0
295.0 336.0 313.0 315.0
100.0 112.0 120.0 84.0
188.0 187.0 204.0 166.0
269.0 307.0 289.0 283.0
74.0 527.0 98.0 492.0
254.0 176.0 272.0 156.0
111.0 93.0 130.0 65.0
241.0 365.0 259.0 341.0
156.0 139.0 175.0 115.0
253.0 176.0 272.0 155.0
90.0 357.0 111.0 334.0
281.0 356.0 299.0 333.0
309.0 323.0 333.0 297.0
122.0 454.0 143.0 426.0
283.0 355.0 300.0 333.0
221.0 227.0 239.0 206.0
263.0 348.0 283.0 324.0
296.0 336.0 313.0 315.0
83.0 313.0 103.0 289.0
263.0 349.0 283.0 324.0
240.0 364.0 258.0 340.0
91.0 357.0 111.0 334.0
264.0 347.0 283.0 324.0
122.0 274.0 142.0 251.0
55.0 362.0 76.0 335.0
376.0 345.0 395.0 324.0
122.0 455.0 143.0 426.0
241.0 364.0 258.0 340.0
335.0 356.0 354.0 333.0
333.0 356.0 353.0 333.0
252.0 178.0 271.0 156.0
240.0 365.0 258.0 340.0
377.0 344.0 395.0 324.0
120.0 454.0 142.0 427.0
111.0 92.0 130.0 65.0
221.0 228.0 239.0 206.0
55.0 361.0 76.0 335.0
377.0 345.0 395.0 324.0
121.0 455.0 143.0 426.0
377.0 343.0 395.0 324.0
71.0 178.0 86.0 158.0
296.0 335.0 313.0 315.0
295.0 335.0 313.0 315.0
334.0 356.0 353.0 333.0
127.0 382.0 146.0 357.0
334.0 355.0 354.0 333.0
121.0 454.0 143.0 426.0
334.0 357.0 353.0 333.0
25.0 118.0 41.0 94.0
333.0 357.0 353.0 333.0
110.0 93.0 130.0 65.0
73.0 528.0 97.0 492.0
215.0 202.0 234.0 179.0
57.0 359.0 76.0 335.0
72.0 179.0 86.0 158.0
335.0 357.0 354.0 334.0
121.0 456.0 142.0 427.0
211.0 179.0 230.0 157.0
216.0 201.0 234.0 179.0
76.0 373.0 99.0 347.0
77.0 373.0 100.0 347.0
171.0 363.0 190.0 338.0
84.0 313.0 103.0 289.0
215.0 203.0 234.0 179.0
24.0 118.0 41.0 94.0
91.0 358.0 111.0 334.0
376.0 344.0 395.0 324.0
25.0 117.0 41.0 94.0
362.0 81.0 386.0 54.0
90.0 358.0 111.0 334.0
100.0 162.0 117.0 139.0
25.0 119.0 41.0 94.0
171.0 362.0 190.0 338.0
128.0 229.0 149.0 205.0
71.0 179.0 86.0 158.0
25.0 120.0 41.0 94.0
222.0 227.0 239.0 206.0
126.0 382.0 146.0 356.0
120.0 455.0 142.0 427.0
56.0 360.0 76.0 335.0
202.0 295.0 221.0 271.0
127.0 381.0 146.0 356.0
216.0 202.0 234.0 179.0
70.0 179.0 86.0 158.0
222.0 226.0 239.0 206.0
156.0 331.0 176.0 306.0
89.0 358.0 111.0 334.0
216.0 203.0 234.0 179.0
83.0 312.0 103.0 289.0
203.0 295.0 221.0 271.0
24.0 119.0 41.0 94.0
75.0 373.0 99.0 347.0
170.0 362.0 190.0 338.0
212.0 179.0 230.0 157.0
26.0 118.0 41.0 94.0
222.0 228.0 239.0 206.0
121.0 274.0 142.0 251.0
172.0 362.0 190.0 338.0
100.0 161.0 117.0 139.0
85.0 313.0 103.0 289.0
217.0 201.0 234.0 179.0
122.0 275.0 142.0 251.0
128.0 230.0 149.0 205.0
127.0 229.0 149.0 205.0
101.0 160.0 117.0 139.0
26.0 119.0 41.0 94.0
100.0 160.0 117.0 139.0
108.0 552.0 133.0 514.0
362.0 80.0 386.0 54.0
76.0 374.0 100.0 347.0
171.0 361.0 191.0 338.0
99.0 161.0 117.0 139.0
84.0 312.0 103.0 289.0
77.0 374.0 100.0 347.0
217.0 202.0 234.0 179.0
89.0 359.0 111.0 334.0
267.0 193.0 286.0 179.0
126.0 381.0 146.0 356.0
90.0 359.0 111.0 334.0
153.0 160.0 173.0 133.0
210.0 179.0 230.0 157.0
85.0 312.0 103.0 289.0
120.0 274.0 142.0 251.0
105.0 245.0 127.0 224.0
75.0 374.0 99.0 347.0
422.0 366.0 441.0 346.0
172.0 361.0 191.0 338.0
106.0 245.0 129.0 222.0
121.0 275.0 142.0 251.0
212.0 178.0 230.0 157.0
361.0 80.0 386.0 54.0
105.0 246.0 127.0 224.0
361.0 81.0 386.0 54.0
187.0 414.0 212.0 383.0
106.0 246.0 129.0 222.0
211.0 178.0 230.0 157.0
422.0 367.0 441.0 346.0
120.0 275.0 142.0 251.0
210.0 178.0 230.0 157.0
76.0 375.0 100.0 347.0
156.0 330.0 177.0 304.0
170.0 361.0 190.0 338.0
127.0 230.0 149.0 205.0
44.0 297.0 67.0 273.0
75.0 375.0 100.0 347.0
223.0 227.0 239.0 206.0
99.0 380.0 126.0 351.0
423.0 368.0 441.0 346.0
126.0 230.0 149.0 205.0
106.0 247.0 129.0 222.0
423.0 367.0 441.0 346.0
127.0 231.0 149.0 205.0
105.0 247.0 127.0 224.0
422.0 368.0 441.0 346.0
208.0 361.0 227.0 334.0
268.0 193.0 286.0 179.0
380.0 484.0 387.0 462.0
431.0 351.0 450.0 332.0
267.0 192.0 286.0 179.0
431.0 353.0 449.0 333.0
132.0 262.0 153.0 238.0
431.0 352.0 449.0 333.0
45.0 339.0 67.0 312.0
381.0 485.0 388.0 463.0
86.0 518.0 99.0 491.0
380.0 485.0 388.0 463.0
423.0 369.0 441.0 346.0
444.0 363.0 461.0 343.0
207.0 361.0 227.0 334.0
133.0 262.0 153.0 238.0
207.0 360.0 227.0 334.0
381.0 484.0 387.0 462.0
430.0 352.0 449.0 333.0
430.0 353.0 449.0 333.0
268.0 192.0 286.0 179.0
207.0 362.0 227.0 334.0
430.0 351.0 449.0 333.0
43.0 298.0 67.0 273.0
44.0 339.0 67.0 312.0
45.0 340.0 67.0 312.0
43.0 297.0 67.0 273.0
429.0 352.0 449.0 333.0
45.0 341.0 67.0 312.0
143.0 305.0 158.0 280.0
86.0 517.0 99.0 491.0
445.0 362.0 461.0 343.0
42.0 297.0 67.0 273.0
87.0 517.0 99.0 491.0
57.0 35.0 71.0 9.0
57.0 36.0 71.0 9.0
444.0 362.0 461.0 343.0
55.0 35.0 71.0 9.0
429.0 353.0 449.0 333.0
206.0 362.0 227.0 334.0
55.0 36.0 71.0 9.0
44.0 340.0 67.0 312.0
56.0 35.0 71.0 9.0
56.0 37.0 71.0 9.0
56.0 36.0 71.0 9.0
65.0 161.0 84.0 132.0
42.0 298.0 67.0 273.0
206.0 361.0 227.0 334.0
391.0 131.0 416.0 106.0
29.0 333.0 51.0 306.0
143.0 306.0 158.0 280.0
17.0 172.0 34.0 147.0
29.0 332.0 51.0 306.0
18.0 172.0 34.0 147.0
450.0 391.0 469.0 368.0
392.0 132.0 416.0 106.0
390.0 132.0 416.0 106.0
449.0 390.0 467.0 369.0
391.0 132.0 416.0 106.0
448.0 390.0 467.0 369.0
449.0 391.0 467.0 369.0
28.0 334.0 51.0 306.0
208.0 619.0 226.0 581.0
29.0 334.0 51.0 306.0
391.0 133.0 416.0 107.0
28.0 332.0 51.0 306.0
27.0 333.0 51.0 306.0
28.0 333.0 51.0 306.0
448.0 391.0 467.0 369.0
209.0 619.0 226.0 582.0
381.0 52.0 410.0 44.0
237.0 388.0 247.0 365.0
390.0 133.0 416.0 107.0
27.0 334.0 51.0 306.0
237.0 389.0 247.0 365.0
208.0 620.0 226.0 581.0
20.0 199.0 41.0 183.0
21.0 199.0 41.0 183.0
64.0 20.0 71.0 9.0
20.0 200.0 41.0 183.0
21.0 200.0 41.0 183.0
20.0 198.0 41.0 183.0
380.0 53.0 410.0 44.0
141.0 379.0 147.0 357.0
21.0 198.0 41.0 183.0
65.0 21.0 71.0 9.0
140.0 276.0 169.0 242.0
143.0 379.0 170.0 342.0
381.0 53.0 411.0 44.0
140.0 277.0 169.0 242.0
64.0 21.0 71.0 9.0
140.0 278.0 169.0 242.0
303.0 394.0 306.0 373.0
388.0 65.0 411.0 44.0
303.0 393.0 306.0 373.0
388.0 66.0 411.0 44.0
64.0 22.0 71.0 9.0
460.0 374.0 461.0 343.0
127.0 535.0 135.0 512.0
127.0 536.0 135.0 512.0
