129.0 163.0 126.0 167.0
99.0 94.0 95.0 97.0
133.0 534.0 132.0 532.0
130.0 163.0 126.0 167.0
133.0 535.0 131.0 533.0
44.0 552.0 42.0 557.0
141.0 592.0 141.0 594.0
44.0 553.0 42.0 557.0
141.0 591.0 142.0 592.0
18.0 607.0 18.0 610.0
70.0 325.0 68.0 326.0
142.0 592.0 142.0 594.0
43.0 553.0 42.0 557.0
71.0 325.0 68.0 326.0
10.0 22.0 7.0 25.0
21.0 591.0 20.0 593.0
71.0 324.0 68.0 326.0
18.0 608.0 18.0 610.0
44.0 554.0 42.0 558.0
140.0 591.0 141.0 594.0
97.0 484.0 96.0 488.0
45.0 553.0 42.0 558.0
72.0 325.0 68.0 326.0
20.0 591.0 20.0 593.0
71.0 326.0 68.0 326.0
19.0 608.0 18.0 610.0
20.0 590.0 20.0 592.0
97.0 485.0 96.0 488.0
21.0 590.0 20.0 593.0
11.0 22.0 7.0 25.0
198.0 559.0 194.0 557.0
19.0 606.0 18.0 610.0
63.0 614.0 63.0 618.0
98.0 485.0 97.0 488.0
342.0 606.0 337.0 602.0
197.0 560.0 194.0 557.0
198.0 561.0 194.0 557.0
197.0 559.0 194.0 557.0
35.0 606.0 36.0 608.0
99.0 485.0 97.0 488.0
19.0 607.0 18.0 610.0
198.0 560.0 194.0 557.0
98.0 486.0 97.0 488.0
289.0 304.0 283.0 303.0
35.0 607.0 36.0 608.0
99.0 486.0 97.0 488.0
98.0 484.0 96.0 488.0
97.0 303.0 94.0 306.0
341.0 606.0 336.0 602.0
261.0 77.0 254.0 81.0
340.0 605.0 336.0 602.0
288.0 304.0 283.0 303.0
432.0 74.0 415.0 72.0
197.0 561.0 194.0 557.0
35.0 605.0 35.0 608.0
341.0 605.0 336.0 602.0
97.0 302.0 94.0 306.0
121.0 270.0 118.0 272.0
260.0 77.0 254.0 81.0
122.0 270.0 118.0 272.0
269.0 349.0 261.0 347.0
196.0 170.0 190.0 174.0
273.0 393.0 268.0 389.0
98.0 294.0 95.0 297.0
99.0 275.0 97.0 277.0
432.0 73.0 415.0 72.0
284.0 540.0 281.0 538.0
99.0 484.0 97.0 488.0
127.0 207.0 124.0 209.0
233.0 464.0 229.0 464.0
268.0 348.0 261.0 347.0
337.0 583.0 334.0 580.0
196.0 169.0 190.0 174.0
122.0 269.0 118.0 272.0
197.0 170.0 190.0 174.0
36.0 607.0 36.0 608.0
273.0 394.0 268.0 389.0
285.0 540.0 281.0 538.0
268.0 349.0 261.0 347.0
292.0 235.0 286.0 236.0
274.0 393.0 268.0 389.0
98.0 302.0 94.0 306.0
127.0 206.0 124.0 209.0
98.0 303.0 94.0 306.0
284.0 541.0 281.0 538.0
99.0 276.0 97.0 277.0
336.0 582.0 333.0 579.0
197.0 169.0 190.0 174.0
433.0 73.0 415.0 72.0
188.0 65.0 183.0 70.0
277.0 501.0 273.0 499.0
245.0 393.0 241.0 388.0
99.0 294.0 95.0 297.0
244.0 67.0 238.0 70.0
98.0 295.0 95.0 297.0
121.0 269.0 118.0 272.0
267.0 349.0 261.0 347.0
100.0 276.0 97.0 277.0
79.0 254.0 76.0 257.0
100.0 275.0 97.0 277.0
293.0 235.0 286.0 236.0
98.0 71.0 94.0 73.0
98.0 70.0 94.0 73.0
193.0 522.0 188.0 518.0
292.0 233.0 286.0 235.0
267.0 348.0 261.0 347.0
79.0 255.0 76.0 257.0
188.0 64.0 183.0 69.0
36.0 606.0 36.0 608.0
292.0 234.0 286.0 235.0
232.0 464.0 229.0 464.0
92.0 368.0 90.0 370.0
187.0 65.0 183.0 70.0
209.0 111.0 203.0 114.0
187.0 64.0 183.0 70.0
274.0 394.0 269.0 389.0
245.0 190.0 238.0 193.0
337.0 582.0 334.0 580.0
92.0 367.0 90.0 369.0
433.0 74.0 415.0 72.0
233.0 463.0 229.0 464.0
154.0 338.0 150.0 342.0
92.0 366.0 90.0 369.0
342.0 33.0 330.0 36.0
98.0 69.0 94.0 73.0
181.0 392.0 179.0 391.0
93.0 367.0 90.0 369.0
243.0 67.0 238.0 70.0
36.0 605.0 35.0 608.0
246.0 393.0 242.0 389.0
246.0 392.0 242.0 389.0
290.0 349.0 285.0 348.0
293.0 233.0 286.0 235.0
246.0 394.0 242.0 389.0
80.0 255.0 77.0 257.0
433.0 75.0 415.0 72.0
182.0 391.0 179.0 391.0
293.0 234.0 286.0 235.0
202.0 316.0 195.0 319.0
181.0 391.0 179.0 391.0
314.0 600.0 308.0 599.0
314.0 599.0 308.0 599.0
68.0 357.0 67.0 358.0
341.0 31.0 330.0 36.0
63.0 598.0 63.0 601.0
315.0 477.0 306.0 475.0
371.0 522.0 363.0 519.0
155.0 338.0 150.0 342.0
209.0 110.0 203.0 114.0
93.0 366.0 90.0 369.0
194.0 275.0 185.0 277.0
272.0 440.0 268.0 437.0
403.0 297.0 394.0 295.0
210.0 111.0 203.0 114.0
337.0 581.0 333.0 579.0
316.0 504.0 309.0 501.0
180.0 391.0 179.0 391.0
306.0 224.0 299.0 224.0
222.0 552.0 218.0 549.0
221.0 552.0 217.0 549.0
222.0 551.0 218.0 549.0
194.0 276.0 185.0 277.0
316.0 505.0 310.0 501.0
64.0 598.0 63.0 601.0
290.0 348.0 285.0 348.0
63.0 597.0 63.0 601.0
221.0 551.0 217.0 549.0
260.0 506.0 257.0 505.0
232.0 463.0 229.0 464.0
291.0 349.0 285.0 348.0
314.0 476.0 307.0 474.0
37.0 589.0 37.0 591.0
291.0 348.0 285.0 348.0
181.0 390.0 179.0 391.0
306.0 225.0 299.0 224.0
193.0 276.0 185.0 277.0
69.0 357.0 67.0 358.0
315.0 600.0 308.0 599.0
315.0 599.0 308.0 599.0
307.0 224.0 299.0 224.0
247.0 393.0 242.0 388.0
403.0 298.0 393.0 296.0
64.0 597.0 63.0 601.0
294.0 94.0 286.0 97.0
193.0 275.0 185.0 277.0
280.0 287.0 275.0 286.0
316.0 503.0 309.0 501.0
313.0 477.0 306.0 475.0
279.0 287.0 274.0 285.0
168.0 505.0 165.0 507.0
163.0 508.0 161.0 510.0
314.0 477.0 306.0 475.0
37.0 590.0 37.0 592.0
168.0 504.0 166.0 506.0
221.0 269.0 217.0 271.0
168.0 503.0 166.0 506.0
155.0 337.0 150.0 342.0
38.0 589.0 37.0 591.0
274.0 582.0 275.0 585.0
433.0 30.0 418.0 36.0
243.0 511.0 241.0 508.0
319.0 569.0 320.0 570.0
169.0 505.0 166.0 506.0
295.0 94.0 286.0 97.0
68.0 358.0 67.0 358.0
315.0 504.0 309.0 501.0
379.0 623.0 370.0 613.0
169.0 504.0 166.0 506.0
200.0 390.0 196.0 390.0
280.0 288.0 275.0 286.0
307.0 225.0 300.0 225.0
279.0 288.0 274.0 285.0
242.0 436.0 236.0 434.0
194.0 274.0 185.0 277.0
315.0 503.0 309.0 501.0
434.0 30.0 418.0 36.0
378.0 622.0 370.0 613.0
329.0 427.0 324.0 424.0
284.0 472.0 274.0 468.0
433.0 29.0 418.0 36.0
378.0 621.0 370.0 613.0
378.0 623.0 370.0 613.0
167.0 504.0 165.0 507.0
319.0 570.0 320.0 570.0
294.0 95.0 286.0 97.0
295.0 95.0 286.0 97.0
69.0 358.0 67.0 358.0
186.0 500.0 184.0 501.0
313.0 476.0 307.0 474.0
38.0 588.0 37.0 591.0
127.0 51.0 122.0 56.0
200.0 391.0 196.0 390.0
193.0 274.0 185.0 277.0
402.0 298.0 394.0 295.0
434.0 29.0 418.0 36.0
215.0 80.0 206.0 86.0
215.0 81.0 206.0 86.0
128.0 51.0 122.0 56.0
326.0 520.0 319.0 518.0
69.0 359.0 67.0 359.0
383.0 549.0 371.0 547.0
328.0 427.0 324.0 424.0
186.0 499.0 184.0 501.0
163.0 275.0 159.0 276.0
383.0 550.0 371.0 547.0
162.0 275.0 159.0 276.0
434.0 28.0 418.0 36.0
273.0 582.0 275.0 586.0
242.0 437.0 236.0 434.0
274.0 581.0 275.0 586.0
206.0 311.0 195.0 319.0
221.0 237.0 216.0 238.0
216.0 80.0 206.0 86.0
453.0 327.0 437.0 321.0
127.0 50.0 122.0 56.0
200.0 389.0 196.0 390.0
381.0 549.0 371.0 547.0
216.0 81.0 206.0 86.0
126.0 51.0 122.0 56.0
382.0 550.0 371.0 547.0
318.0 569.0 320.0 570.0
220.0 269.0 217.0 271.0
381.0 550.0 371.0 547.0
314.0 308.0 308.0 307.0
318.0 570.0 320.0 570.0
452.0 326.0 437.0 321.0
453.0 326.0 437.0 321.0
216.0 79.0 206.0 86.0
314.0 309.0 309.0 308.0
452.0 327.0 437.0 321.0
219.0 482.0 217.0 482.0
399.0 490.0 385.0 485.0
317.0 569.0 320.0 570.0
399.0 489.0 385.0 485.0
220.0 237.0 216.0 238.0
219.0 483.0 217.0 482.0
382.0 549.0 371.0 547.0
251.0 354.0 243.0 349.0
207.0 311.0 195.0 319.0
218.0 482.0 217.0 482.0
273.0 581.0 275.0 585.0
218.0 483.0 217.0 482.0
125.0 221.0 124.0 210.0
219.0 481.0 217.0 482.0
399.0 488.0 385.0 485.0
217.0 446.0 214.0 444.0
218.0 446.0 214.0 444.0
126.0 222.0 124.0 210.0
126.0 221.0 124.0 210.0
219.0 446.0 214.0 444.0
317.0 570.0 320.0 570.0
398.0 489.0 384.0 485.0
186.0 498.0 184.0 501.0
219.0 447.0 214.0 444.0
251.0 355.0 243.0 349.0
325.0 481.0 324.0 480.0
244.0 436.0 236.0 434.0
201.0 498.0 198.0 497.0
313.0 309.0 309.0 308.0
218.0 447.0 214.0 444.0
202.0 498.0 199.0 497.0
252.0 354.0 243.0 349.0
218.0 481.0 217.0 482.0
217.0 447.0 214.0 444.0
253.0 637.0 200.0 634.0
313.0 308.0 308.0 307.0
199.0 292.0 185.0 277.0
383.0 462.0 373.0 456.0
202.0 497.0 198.0 497.0
371.0 365.0 361.0 361.0
370.0 365.0 361.0 361.0
252.0 355.0 243.0 349.0
402.0 598.0 386.0 589.0
198.0 292.0 185.0 277.0
217.0 482.0 216.0 482.0
395.0 368.0 388.0 364.0
395.0 369.0 388.0 364.0
382.0 463.0 373.0 456.0
396.0 369.0 388.0 364.0
383.0 463.0 373.0 456.0
384.0 463.0 374.0 456.0
198.0 293.0 185.0 277.0
201.0 497.0 198.0 497.0
396.0 368.0 388.0 364.0
403.0 598.0 386.0 589.0
384.0 464.0 374.0 456.0
383.0 464.0 374.0 456.0
395.0 370.0 388.0 364.0
198.0 202.0 200.0 190.0
238.0 105.0 222.0 121.0
198.0 201.0 200.0 190.0
238.0 104.0 222.0 121.0
