349.0 393.0 338.0 370.0
350.0 392.0 338.0 370.0
349.0 392.0 337.0 370.0
184.0 89.0 183.0 62.0
330.0 375.0 319.0 351.0
224.0 443.0 213.0 416.0
348.0 393.0 337.0 371.0
254.0 415.0 243.0 388.0
142.0 410.0 134.0 383.0
330.0 376.0 319.0 351.0
332.0 396.0 320.0 372.0
185.0 90.0 183.0 62.0
224.0 442.0 213.0 416.0
225.0 442.0 213.0 416.0
332.0 397.0 321.0 373.0
129.0 189.0 124.0 162.0
185.0 88.0 183.0 62.0
420.0 226.0 416.0 209.0
349.0 391.0 338.0 370.0
253.0 413.0 243.0 388.0
254.0 414.0 243.0 388.0
185.0 89.0 183.0 62.0
331.0 395.0 320.0 371.0
348.0 392.0 337.0 371.0
331.0 398.0 320.0 374.0
330.0 374.0 319.0 351.0
255.0 415.0 243.0 388.0
252.0 147.0 250.0 122.0
255.0 414.0 243.0 388.0
128.0 189.0 124.0 162.0
253.0 414.0 243.0 388.0
331.0 396.0 320.0 372.0
143.0 411.0 134.0 383.0
224.0 441.0 213.0 416.0
224.0 440.0 213.0 415.0
269.0 170.0 267.0 144.0
186.0 89.0 183.0 62.0
254.0 413.0 243.0 388.0
156.0 310.0 148.0 287.0
143.0 410.0 134.0 383.0
156.0 313.0 148.0 287.0
123.0 408.0 116.0 381.0
255.0 413.0 244.0 388.0
331.0 397.0 320.0 373.0
172.0 449.0 162.0 421.0
156.0 312.0 148.0 287.0
252.0 146.0 250.0 121.0
139.0 215.0 131.0 189.0
270.0 170.0 267.0 144.0
421.0 227.0 416.0 209.0
420.0 227.0 416.0 209.0
223.0 442.0 213.0 416.0
270.0 169.0 267.0 144.0
155.0 310.0 148.0 287.0
419.0 227.0 415.0 210.0
330.0 396.0 320.0 372.0
156.0 311.0 148.0 287.0
172.0 450.0 162.0 421.0
138.0 215.0 131.0 189.0
144.0 411.0 135.0 383.0
252.0 145.0 250.0 121.0
348.0 391.0 338.0 370.0
344.0 198.0 339.0 177.0
330.0 395.0 320.0 371.0
250.0 304.0 243.0 281.0
419.0 226.0 416.0 209.0
202.0 308.0 195.0 285.0
195.0 174.0 191.0 149.0
128.0 188.0 124.0 162.0
421.0 226.0 416.0 209.0
269.0 169.0 267.0 144.0
271.0 169.0 267.0 144.0
420.0 228.0 416.0 211.0
154.0 449.0 145.0 421.0
155.0 312.0 148.0 287.0
201.0 309.0 195.0 286.0
330.0 373.0 319.0 351.0
421.0 228.0 416.0 210.0
223.0 441.0 213.0 416.0
290.0 304.0 283.0 279.0
155.0 449.0 145.0 421.0
156.0 450.0 145.0 421.0
251.0 147.0 249.0 121.0
142.0 362.0 133.0 336.0
144.0 410.0 135.0 383.0
124.0 408.0 116.0 381.0
249.0 304.0 243.0 281.0
195.0 175.0 191.0 149.0
251.0 146.0 250.0 122.0
156.0 449.0 145.0 421.0
456.0 291.0 449.0 276.0
129.0 188.0 125.0 162.0
254.0 412.0 243.0 388.0
457.0 290.0 449.0 276.0
343.0 198.0 339.0 177.0
330.0 397.0 320.0 373.0
270.0 168.0 267.0 144.0
138.0 217.0 131.0 189.0
457.0 291.0 449.0 276.0
343.0 197.0 339.0 177.0
138.0 218.0 131.0 189.0
202.0 309.0 195.0 286.0
329.0 376.0 319.0 353.0
291.0 304.0 283.0 278.0
184.0 194.0 179.0 169.0
138.0 216.0 131.0 189.0
201.0 308.0 195.0 285.0
220.0 369.0 211.0 345.0
142.0 363.0 133.0 336.0
365.0 242.0 362.0 226.0
253.0 412.0 243.0 388.0
154.0 450.0 145.0 421.0
143.0 409.0 134.0 383.0
184.0 193.0 179.0 169.0
171.0 147.0 167.0 122.0
155.0 450.0 145.0 421.0
456.0 292.0 449.0 276.0
456.0 293.0 449.0 276.0
183.0 194.0 179.0 169.0
159.0 355.0 154.0 329.0
223.0 440.0 213.0 415.0
139.0 217.0 131.0 189.0
220.0 368.0 211.0 345.0
251.0 145.0 250.0 121.0
171.0 450.0 162.0 421.0
329.0 374.0 319.0 351.0
141.0 362.0 133.0 336.0
133.0 267.0 127.0 241.0
139.0 216.0 131.0 189.0
196.0 174.0 192.0 150.0
133.0 266.0 127.0 241.0
191.0 283.0 186.0 259.0
342.0 198.0 340.0 178.0
197.0 354.0 189.0 328.0
457.0 293.0 449.0 276.0
171.0 148.0 167.0 122.0
155.0 311.0 148.0 287.0
197.0 352.0 189.0 326.0
250.0 146.0 249.0 121.0
141.0 363.0 133.0 336.0
159.0 354.0 154.0 329.0
197.0 353.0 189.0 326.0
171.0 149.0 167.0 122.0
284.0 582.0 268.0 553.0
249.0 320.0 242.0 299.0
412.0 213.0 407.0 195.0
244.0 82.0 242.0 57.0
290.0 305.0 283.0 279.0
284.0 474.0 271.0 445.0
249.0 319.0 242.0 297.0
326.0 196.0 323.0 174.0
365.0 243.0 362.0 226.0
171.0 449.0 162.0 421.0
143.0 361.0 133.0 336.0
344.0 199.0 340.0 178.0
329.0 375.0 319.0 353.0
219.0 368.0 211.0 345.0
329.0 373.0 319.0 351.0
412.0 211.0 407.0 193.0
457.0 292.0 449.0 276.0
250.0 145.0 250.0 121.0
219.0 369.0 211.0 345.0
237.0 305.0 229.0 282.0
170.0 147.0 167.0 122.0
366.0 244.0 362.0 226.0
282.0 274.0 277.0 250.0
285.0 474.0 271.0 445.0
366.0 242.0 362.0 226.0
411.0 211.0 407.0 193.0
174.0 118.0 172.0 89.0
183.0 193.0 179.0 169.0
170.0 148.0 167.0 122.0
343.0 199.0 340.0 178.0
291.0 305.0 283.0 279.0
144.0 409.0 135.0 383.0
175.0 118.0 172.0 89.0
198.0 353.0 189.0 326.0
285.0 475.0 271.0 445.0
196.0 175.0 192.0 150.0
203.0 441.0 193.0 414.0
196.0 176.0 192.0 150.0
134.0 267.0 127.0 241.0
249.0 317.0 242.0 297.0
412.0 212.0 407.0 194.0
142.0 361.0 133.0 336.0
244.0 81.0 242.0 57.0
195.0 176.0 191.0 150.0
285.0 582.0 269.0 553.0
174.0 309.0 166.0 283.0
411.0 212.0 407.0 195.0
203.0 443.0 193.0 416.0
224.0 346.0 218.0 321.0
191.0 282.0 186.0 259.0
413.0 212.0 407.0 194.0
196.0 173.0 192.0 150.0
283.0 273.0 277.0 250.0
134.0 266.0 127.0 241.0
237.0 306.0 229.0 283.0
183.0 191.0 180.0 169.0
241.0 430.0 232.0 405.0
291.0 306.0 283.0 279.0
366.0 243.0 362.0 226.0
282.0 271.0 276.0 249.0
155.0 451.0 145.0 421.0
175.0 117.0 172.0 88.0
123.0 385.0 114.0 358.0
457.0 294.0 449.0 276.0
258.0 431.0 249.0 407.0
203.0 442.0 193.0 414.0
283.0 274.0 277.0 250.0
170.0 146.0 167.0 122.0
178.0 356.0 170.0 329.0
282.0 273.0 277.0 250.0
174.0 310.0 166.0 283.0
183.0 192.0 180.0 169.0
248.0 319.0 242.0 297.0
141.0 361.0 133.0 336.0
170.0 449.0 162.0 421.0
248.0 318.0 242.0 297.0
315.0 274.0 309.0 251.0
259.0 432.0 249.0 407.0
284.0 583.0 269.0 553.0
197.0 175.0 192.0 150.0
71.0 308.0 64.0 280.0
70.0 307.0 64.0 280.0
249.0 318.0 242.0 297.0
184.0 192.0 180.0 169.0
37.0 399.0 30.0 370.0
225.0 346.0 218.0 321.0
70.0 308.0 64.0 280.0
184.0 191.0 180.0 169.0
38.0 400.0 30.0 370.0
202.0 443.0 193.0 416.0
238.0 305.0 229.0 283.0
142.0 360.0 133.0 336.0
226.0 346.0 218.0 321.0
104.0 398.0 96.0 371.0
282.0 272.0 277.0 250.0
104.0 399.0 96.0 371.0
202.0 441.0 192.0 414.0
115.0 283.0 108.0 255.0
315.0 273.0 309.0 251.0
290.0 306.0 283.0 279.0
259.0 431.0 249.0 407.0
167.0 259.0 161.0 235.0
283.0 271.0 276.0 249.0
241.0 429.0 232.0 405.0
367.0 243.0 362.0 226.0
238.0 373.0 230.0 349.0
122.0 383.0 114.0 358.0
218.0 369.0 211.0 345.0
285.0 583.0 269.0 554.0
175.0 311.0 166.0 283.0
225.0 345.0 218.0 321.0
123.0 384.0 114.0 358.0
224.0 345.0 218.0 321.0
218.0 368.0 211.0 345.0
171.0 146.0 167.0 122.0
122.0 384.0 114.0 358.0
115.0 282.0 108.0 255.0
34.0 334.0 28.0 310.0
70.0 306.0 64.0 280.0
283.0 272.0 277.0 250.0
34.0 333.0 28.0 310.0
285.0 584.0 269.0 554.0
237.0 373.0 228.0 350.0
237.0 372.0 230.0 349.0
71.0 307.0 64.0 280.0
168.0 259.0 161.0 235.0
167.0 258.0 161.0 235.0
123.0 383.0 114.0 358.0
163.0 222.0 159.0 198.0
178.0 357.0 170.0 329.0
202.0 442.0 192.0 414.0
314.0 272.0 308.0 250.0
291.0 307.0 283.0 279.0
191.0 281.0 186.0 259.0
236.0 373.0 228.0 349.0
35.0 334.0 28.0 310.0
201.0 441.0 192.0 414.0
174.0 311.0 166.0 283.0
204.0 157.0 199.0 134.0
290.0 307.0 283.0 279.0
201.0 442.0 191.0 415.0
91.0 317.0 84.0 293.0
258.0 430.0 249.0 407.0
190.0 282.0 186.0 259.0
91.0 318.0 84.0 293.0
314.0 273.0 308.0 250.0
163.0 221.0 159.0 198.0
92.0 318.0 84.0 293.0
38.0 401.0 30.0 370.0
238.0 306.0 229.0 283.0
314.0 274.0 308.0 250.0
237.0 307.0 229.0 283.0
44.0 320.0 40.0 292.0
242.0 429.0 232.0 405.0
314.0 275.0 308.0 251.0
238.0 372.0 230.0 349.0
286.0 476.0 271.0 445.0
242.0 430.0 232.0 405.0
35.0 335.0 28.0 310.0
226.0 345.0 218.0 321.0
90.0 318.0 84.0 293.0
236.0 374.0 228.0 350.0
167.0 260.0 161.0 235.0
45.0 320.0 40.0 292.0
168.0 258.0 161.0 235.0
38.0 399.0 30.0 370.0
286.0 475.0 271.0 445.0
179.0 356.0 170.0 329.0
242.0 428.0 232.0 405.0
189.0 262.0 183.0 241.0
237.0 374.0 228.0 350.0
39.0 400.0 30.0 370.0
158.0 130.0 154.0 102.0
183.0 190.0 180.0 169.0
141.0 360.0 133.0 336.0
448.0 334.0 437.0 317.0
238.0 374.0 229.0 350.0
449.0 270.0 448.0 273.0
396.0 251.0 391.0 234.0
44.0 319.0 40.0 292.0
448.0 335.0 437.0 317.0
90.0 317.0 84.0 293.0
237.0 375.0 228.0 350.0
162.0 221.0 159.0 198.0
448.0 269.0 448.0 273.0
92.0 317.0 84.0 293.0
189.0 263.0 183.0 241.0
449.0 335.0 437.0 317.0
38.0 398.0 30.0 370.0
162.0 220.0 159.0 198.0
179.0 357.0 170.0 329.0
163.0 220.0 159.0 198.0
449.0 269.0 448.0 273.0
307.0 41.0 310.0 14.0
189.0 264.0 183.0 241.0
449.0 334.0 437.0 317.0
91.0 316.0 84.0 293.0
308.0 40.0 309.0 13.0
308.0 41.0 310.0 14.0
108.0 406.0 97.0 372.0
449.0 268.0 448.0 273.0
309.0 42.0 310.0 14.0
309.0 39.0 310.0 14.0
163.0 219.0 159.0 198.0
207.0 26.0 206.0 20.0
308.0 42.0 310.0 14.0
162.0 219.0 159.0 198.0
109.0 406.0 97.0 372.0
309.0 40.0 310.0 14.0
208.0 25.0 206.0 20.0
250.0 325.0 242.0 300.0
309.0 41.0 310.0 14.0
43.0 27.0 31.0 13.0
207.0 25.0 206.0 20.0
42.0 28.0 31.0 13.0
42.0 27.0 31.0 13.0
396.0 277.0 390.0 271.0
206.0 25.0 206.0 20.0
207.0 24.0 206.0 20.0
209.0 24.0 206.0 20.0
43.0 28.0 31.0 13.0
208.0 24.0 206.0 20.0
42.0 29.0 31.0 13.0
43.0 29.0 31.0 13.0
270.0 618.0 253.0 589.0
396.0 276.0 390.0 271.0
208.0 23.0 206.0 20.0
172.0 624.0 158.0 592.0
397.0 276.0 390.0 271.0
43.0 30.0 31.0 13.0
60.0 219.0 57.0 199.0
114.0 383.0 114.0 358.0
60.0 218.0 57.0 199.0
114.0 382.0 114.0 358.0
254.0 623.0 238.0 595.0
253.0 625.0 238.0 594.0
254.0 624.0 238.0 595.0
253.0 623.0 238.0 594.0
438.0 296.0 435.0 298.0
254.0 625.0 238.0 595.0
253.0 624.0 238.0 594.0
182.0 305.0 166.0 284.0
91.0 403.0 96.0 371.0
236.0 624.0 222.0 596.0
144.0 64.0 141.0 33.0
439.0 296.0 435.0 298.0
112.0 631.0 99.0 602.0
111.0 631.0 99.0 602.0
111.0 632.0 108.0 618.0
236.0 625.0 222.0 596.0
144.0 63.0 141.0 33.0
112.0 632.0 99.0 602.0
91.0 404.0 96.0 371.0
344.0 408.0 338.0 371.0
183.0 297.0 185.0 261.0
310.0 262.0 308.0 250.0
143.0 64.0 141.0 33.0
90.0 404.0 96.0 371.0
123.0 286.0 126.0 258.0
