147.0 605.0 153.0 611.0
145.0 605.0 153.0 611.0
46.0 63.0 47.0 67.0
146.0 605.0 153.0 611.0
47.0 62.0 47.0 67.0
77.0 494.0 81.0 501.0
47.0 63.0 47.0 68.0
78.0 493.0 81.0 501.0
77.0 493.0 81.0 501.0
78.0 494.0 81.0 501.0
146.0 604.0 153.0 611.0
8.0 275.0 10.0 282.0
147.0 604.0 153.0 611.0
46.0 62.0 47.0 67.0
8.0 276.0 10.0 282.0
8.0 277.0 10.0 282.0
39.0 178.0 39.0 186.0
46.0 61.0 47.0 67.0
174.0 38.0 173.0 44.0
7.0 275.0 10.0 282.0
78.0 492.0 82.0 501.0
39.0 177.0 40.0 186.0
173.0 38.0 173.0 44.0
209.0 52.0 211.0 59.0
8.0 302.0 11.0 308.0
95.0 412.0 98.0 421.0
38.0 178.0 39.0 186.0
323.0 561.0 332.0 572.0
95.0 542.0 99.0 550.0
55.0 243.0 56.0 254.0
385.0 324.0 394.0 336.0
210.0 52.0 211.0 59.0
208.0 51.0 211.0 59.0
7.0 276.0 10.0 282.0
210.0 51.0 211.0 59.0
79.0 493.0 82.0 501.0
8.0 303.0 11.0 308.0
9.0 302.0 11.0 308.0
209.0 51.0 211.0 59.0
119.0 16.0 119.0 20.0
9.0 303.0 11.0 308.0
96.0 542.0 100.0 550.0
79.0 494.0 81.0 501.0
385.0 325.0 394.0 336.0
119.0 15.0 119.0 20.0
95.0 541.0 99.0 550.0
220.0 423.0 223.0 432.0
5.0 45.0 4.0 48.0
38.0 17.0 38.0 21.0
54.0 243.0 56.0 254.0
118.0 17.0 119.0 20.0
47.0 61.0 47.0 67.0
157.0 32.0 158.0 36.0
38.0 177.0 39.0 186.0
118.0 16.0 119.0 20.0
156.0 32.0 157.0 36.0
323.0 560.0 332.0 572.0
221.0 422.0 224.0 431.0
61.0 437.0 64.0 447.0
324.0 561.0 332.0 572.0
60.0 437.0 64.0 447.0
157.0 31.0 157.0 36.0
208.0 52.0 211.0 59.0
54.0 242.0 56.0 254.0
20.0 226.0 21.0 233.0
12.0 459.0 15.0 468.0
94.0 412.0 98.0 421.0
384.0 325.0 394.0 336.0
94.0 413.0 98.0 421.0
55.0 242.0 56.0 254.0
213.0 306.0 217.0 316.0
384.0 324.0 394.0 336.0
219.0 422.0 223.0 431.0
435.0 591.0 441.0 589.0
323.0 559.0 332.0 572.0
39.0 16.0 38.0 21.0
95.0 413.0 98.0 421.0
385.0 323.0 394.0 336.0
46.0 129.0 46.0 133.0
8.0 379.0 11.0 387.0
39.0 17.0 38.0 21.0
209.0 53.0 211.0 59.0
62.0 75.0 63.0 80.0
63.0 75.0 63.0 81.0
207.0 338.0 211.0 348.0
45.0 127.0 46.0 131.0
130.0 260.0 134.0 268.0
179.0 390.0 184.0 400.0
435.0 590.0 442.0 588.0
73.0 206.0 74.0 214.0
131.0 259.0 134.0 268.0
61.0 438.0 64.0 447.0
155.0 313.0 159.0 323.0
37.0 235.0 39.0 242.0
39.0 18.0 38.0 21.0
11.0 459.0 15.0 468.0
117.0 16.0 119.0 20.0
384.0 323.0 392.0 335.0
140.0 197.0 142.0 206.0
118.0 15.0 119.0 20.0
8.0 380.0 11.0 387.0
45.0 129.0 46.0 131.0
156.0 30.0 157.0 36.0
219.0 423.0 223.0 431.0
45.0 128.0 46.0 131.0
60.0 438.0 64.0 447.0
213.0 307.0 217.0 316.0
67.0 233.0 68.0 241.0
155.0 31.0 157.0 36.0
46.0 128.0 46.0 133.0
434.0 591.0 441.0 589.0
19.0 226.0 19.0 234.0
73.0 207.0 74.0 214.0
155.0 30.0 157.0 36.0
212.0 308.0 216.0 316.0
63.0 74.0 63.0 80.0
159.0 181.0 160.0 189.0
174.0 222.0 177.0 229.0
46.0 127.0 46.0 131.0
212.0 309.0 216.0 316.0
82.0 518.0 89.0 528.0
177.0 500.0 182.0 508.0
11.0 458.0 15.0 468.0
155.0 314.0 159.0 323.0
220.0 422.0 223.0 432.0
10.0 459.0 15.0 468.0
23.0 330.0 25.0 339.0
172.0 223.0 176.0 230.0
20.0 417.0 25.0 427.0
19.0 225.0 21.0 233.0
131.0 260.0 134.0 268.0
369.0 344.0 376.0 356.0
351.0 261.0 360.0 273.0
155.0 32.0 157.0 36.0
173.0 223.0 176.0 230.0
177.0 501.0 182.0 508.0
156.0 31.0 157.0 36.0
212.0 307.0 215.0 317.0
154.0 314.0 159.0 323.0
218.0 257.0 221.0 267.0
213.0 308.0 217.0 317.0
39.0 320.0 42.0 328.0
12.0 458.0 15.0 467.0
154.0 313.0 158.0 322.0
19.0 245.0 20.0 252.0
67.0 232.0 68.0 241.0
68.0 233.0 69.0 242.0
207.0 339.0 211.0 348.0
356.0 240.0 361.0 252.0
131.0 261.0 134.0 268.0
83.0 520.0 89.0 528.0
73.0 208.0 73.0 218.0
129.0 296.0 132.0 305.0
172.0 222.0 176.0 230.0
158.0 181.0 160.0 189.0
176.0 500.0 182.0 507.0
129.0 297.0 132.0 306.0
113.0 227.0 114.0 233.0
125.0 365.0 128.0 377.0
177.0 502.0 182.0 508.0
206.0 240.0 209.0 249.0
83.0 518.0 89.0 528.0
435.0 589.0 442.0 588.0
158.0 182.0 160.0 189.0
172.0 221.0 176.0 229.0
21.0 417.0 25.0 427.0
178.0 390.0 183.0 400.0
154.0 312.0 158.0 322.0
357.0 247.0 366.0 257.0
83.0 517.0 89.0 528.0
33.0 419.0 36.0 428.0
173.0 222.0 176.0 229.0
128.0 297.0 132.0 306.0
178.0 391.0 183.0 400.0
119.0 57.0 119.0 64.0
22.0 329.0 25.0 339.0
434.0 590.0 442.0 588.0
180.0 391.0 184.0 400.0
173.0 221.0 176.0 229.0
146.0 391.0 150.0 401.0
206.0 241.0 209.0 249.0
124.0 365.0 128.0 377.0
159.0 182.0 160.0 189.0
20.0 247.0 21.0 254.0
124.0 364.0 128.0 377.0
23.0 329.0 25.0 339.0
174.0 221.0 177.0 229.0
10.0 458.0 15.0 468.0
336.0 206.0 340.0 217.0
21.0 329.0 25.0 339.0
22.0 330.0 25.0 339.0
71.0 533.0 76.0 542.0
335.0 206.0 340.0 217.0
82.0 519.0 89.0 528.0
98.0 310.0 100.0 322.0
124.0 366.0 128.0 377.0
145.0 390.0 150.0 401.0
83.0 519.0 89.0 528.0
351.0 262.0 360.0 273.0
139.0 197.0 142.0 206.0
73.0 205.0 74.0 214.0
146.0 390.0 150.0 401.0
434.0 589.0 442.0 588.0
113.0 226.0 114.0 233.0
71.0 534.0 76.0 542.0
336.0 222.0 342.0 233.0
335.0 207.0 340.0 217.0
70.0 533.0 75.0 542.0
179.0 391.0 184.0 400.0
125.0 364.0 128.0 377.0
336.0 223.0 342.0 233.0
20.0 246.0 21.0 254.0
20.0 348.0 21.0 355.0
128.0 296.0 132.0 305.0
338.0 456.0 345.0 468.0
38.0 321.0 41.0 328.0
146.0 389.0 150.0 401.0
19.0 246.0 20.0 253.0
336.0 207.0 340.0 217.0
38.0 320.0 42.0 328.0
112.0 227.0 114.0 233.0
39.0 319.0 42.0 327.0
84.0 519.0 89.0 528.0
349.0 373.0 354.0 384.0
337.0 207.0 340.0 217.0
112.0 226.0 114.0 233.0
205.0 239.0 208.0 249.0
99.0 309.0 100.0 322.0
369.0 343.0 376.0 356.0
39.0 321.0 41.0 328.0
112.0 228.0 114.0 233.0
84.0 518.0 89.0 528.0
338.0 457.0 345.0 468.0
20.0 245.0 20.0 253.0
19.0 247.0 21.0 254.0
176.0 501.0 182.0 507.0
122.0 272.0 124.0 281.0
337.0 206.0 340.0 217.0
218.0 256.0 221.0 267.0
336.0 205.0 340.0 217.0
86.0 270.0 88.0 281.0
205.0 240.0 208.0 249.0
127.0 297.0 132.0 306.0
112.0 225.0 114.0 233.0
368.0 221.0 378.0 237.0
193.0 46.0 195.0 52.0
368.0 222.0 378.0 237.0
217.0 257.0 221.0 267.0
176.0 502.0 182.0 507.0
339.0 456.0 345.0 468.0
18.0 246.0 20.0 253.0
113.0 225.0 114.0 233.0
370.0 343.0 376.0 356.0
70.0 534.0 75.0 542.0
205.0 241.0 208.0 249.0
180.0 586.0 184.0 592.0
337.0 223.0 343.0 233.0
335.0 222.0 342.0 233.0
85.0 270.0 86.0 281.0
98.0 309.0 100.0 322.0
71.0 535.0 77.0 542.0
192.0 47.0 194.0 52.0
149.0 159.0 155.0 165.0
33.0 420.0 36.0 428.0
217.0 256.0 221.0 267.0
192.0 46.0 195.0 52.0
336.0 224.0 342.0 233.0
99.0 310.0 100.0 322.0
337.0 205.0 340.0 217.0
85.0 269.0 86.0 281.0
181.0 586.0 184.0 592.0
107.0 268.0 108.0 278.0
247.0 346.0 251.0 355.0
246.0 346.0 251.0 355.0
204.0 241.0 208.0 249.0
192.0 45.0 195.0 52.0
339.0 457.0 345.0 468.0
20.0 594.0 23.0 600.0
150.0 159.0 155.0 165.0
335.0 223.0 342.0 233.0
247.0 347.0 251.0 355.0
340.0 567.0 348.0 576.0
46.0 19.0 38.0 21.0
129.0 218.0 131.0 226.0
149.0 111.0 150.0 118.0
149.0 158.0 155.0 165.0
334.0 169.0 340.0 184.0
340.0 566.0 348.0 576.0
163.0 136.0 165.0 143.0
191.0 46.0 194.0 52.0
20.0 593.0 23.0 600.0
19.0 594.0 23.0 600.0
85.0 361.0 89.0 376.0
150.0 158.0 155.0 165.0
165.0 135.0 165.0 143.0
34.0 420.0 36.0 428.0
128.0 218.0 131.0 226.0
246.0 347.0 251.0 355.0
204.0 240.0 208.0 249.0
335.0 224.0 342.0 233.0
457.0 481.0 465.0 482.0
86.0 362.0 89.0 376.0
129.0 217.0 131.0 226.0
128.0 217.0 131.0 226.0
213.0 273.0 218.0 283.0
164.0 135.0 165.0 143.0
164.0 134.0 165.0 143.0
163.0 134.0 165.0 143.0
90.0 405.0 97.0 419.0
163.0 135.0 165.0 143.0
97.0 495.0 101.0 509.0
213.0 274.0 218.0 283.0
456.0 481.0 465.0 482.0
214.0 273.0 218.0 283.0
334.0 168.0 340.0 184.0
333.0 169.0 340.0 184.0
110.0 289.0 117.0 299.0
162.0 135.0 165.0 143.0
214.0 274.0 218.0 283.0
66.0 298.0 67.0 302.0
455.0 454.0 463.0 455.0
338.0 248.0 347.0 266.0
457.0 482.0 465.0 483.0
214.0 275.0 218.0 283.0
215.0 274.0 218.0 283.0
333.0 168.0 340.0 184.0
34.0 421.0 36.0 428.0
454.0 455.0 463.0 456.0
129.0 216.0 131.0 226.0
86.0 361.0 89.0 376.0
139.0 174.0 135.0 181.0
176.0 57.0 191.0 69.0
457.0 483.0 465.0 483.0
456.0 483.0 465.0 483.0
134.0 117.0 136.0 126.0
456.0 482.0 465.0 483.0
456.0 455.0 463.0 456.0
454.0 456.0 463.0 456.0
455.0 456.0 463.0 456.0
66.0 299.0 67.0 302.0
175.0 57.0 191.0 69.0
456.0 456.0 463.0 456.0
455.0 455.0 463.0 456.0
97.0 494.0 101.0 509.0
67.0 298.0 67.0 302.0
134.0 118.0 136.0 126.0
117.0 404.0 128.0 414.0
176.0 56.0 191.0 69.0
175.0 56.0 191.0 69.0
140.0 175.0 135.0 181.0
224.0 61.0 211.0 59.0
174.0 56.0 191.0 69.0
140.0 174.0 135.0 181.0
67.0 299.0 67.0 302.0
164.0 492.0 172.0 490.0
225.0 61.0 211.0 59.0
165.0 492.0 172.0 490.0
155.0 391.0 150.0 401.0
11.0 357.0 11.0 388.0
224.0 62.0 211.0 59.0
147.0 97.0 143.0 97.0
225.0 62.0 211.0 59.0
107.0 36.0 119.0 21.0
108.0 36.0 120.0 21.0
225.0 63.0 211.0 59.0
317.0 620.0 302.0 612.0
107.0 37.0 119.0 21.0
349.0 577.0 349.0 577.0
