242.0 338.0 224.0 337.0
242.0 337.0 224.0 337.0
240.0 336.0 223.0 336.0
241.0 337.0 223.0 337.0
241.0 336.0 223.0 336.0
240.0 337.0 223.0 336.0
385.0 190.0 369.0 195.0
239.0 336.0 222.0 336.0
192.0 353.0 172.0 351.0
241.0 338.0 223.0 337.0
380.0 140.0 367.0 144.0
242.0 336.0 224.0 336.0
192.0 352.0 172.0 351.0
361.0 125.0 347.0 128.0
361.0 127.0 347.0 129.0
232.0 205.0 216.0 202.0
193.0 352.0 173.0 350.0
193.0 353.0 173.0 351.0
411.0 151.0 396.0 158.0
384.0 190.0 369.0 195.0
194.0 352.0 173.0 350.0
361.0 126.0 347.0 129.0
125.0 364.0 105.0 362.0
360.0 127.0 347.0 129.0
207.0 265.0 191.0 265.0
194.0 353.0 173.0 351.0
379.0 140.0 367.0 144.0
232.0 206.0 216.0 202.0
231.0 205.0 216.0 202.0
360.0 126.0 347.0 129.0
410.0 152.0 396.0 158.0
122.0 202.0 103.0 196.0
126.0 365.0 105.0 362.0
380.0 139.0 367.0 144.0
398.0 288.0 382.0 297.0
385.0 189.0 369.0 195.0
181.0 267.0 164.0 266.0
231.0 206.0 216.0 202.0
233.0 206.0 216.0 202.0
233.0 205.0 216.0 202.0
182.0 267.0 164.0 266.0
384.0 189.0 369.0 195.0
309.0 138.0 294.0 138.0
386.0 190.0 369.0 195.0
411.0 152.0 396.0 158.0
180.0 340.0 159.0 340.0
386.0 189.0 371.0 195.0
193.0 354.0 172.0 351.0
309.0 137.0 293.0 138.0
181.0 268.0 164.0 266.0
310.0 138.0 294.0 138.0
180.0 267.0 164.0 266.0
360.0 125.0 347.0 129.0
145.0 108.0 127.0 95.0
359.0 125.0 347.0 129.0
397.0 288.0 382.0 297.0
180.0 268.0 164.0 267.0
359.0 126.0 347.0 129.0
144.0 108.0 127.0 95.0
398.0 289.0 382.0 297.0
410.0 151.0 396.0 158.0
144.0 107.0 127.0 95.0
308.0 138.0 293.0 138.0
125.0 365.0 105.0 362.0
123.0 202.0 103.0 196.0
275.0 362.0 259.0 362.0
82.0 292.0 61.0 285.0
410.0 153.0 396.0 158.0
386.0 188.0 371.0 195.0
275.0 360.0 257.0 362.0
385.0 188.0 369.0 195.0
310.0 137.0 294.0 138.0
181.0 320.0 161.0 320.0
379.0 139.0 367.0 144.0
397.0 289.0 382.0 297.0
409.0 152.0 396.0 158.0
399.0 289.0 382.0 297.0
308.0 137.0 293.0 138.0
399.0 288.0 382.0 296.0
208.0 549.0 189.0 549.0
145.0 107.0 128.0 95.0
232.0 207.0 216.0 202.0
71.0 216.0 51.0 205.0
206.0 265.0 191.0 265.0
404.0 478.0 383.0 483.0
146.0 108.0 128.0 95.0
257.0 161.0 241.0 159.0
231.0 207.0 216.0 202.0
181.0 340.0 159.0 340.0
325.0 76.0 315.0 76.0
409.0 151.0 396.0 158.0
82.0 293.0 61.0 285.0
276.0 361.0 259.0 362.0
275.0 361.0 257.0 362.0
83.0 293.0 61.0 285.0
218.0 333.0 198.0 333.0
387.0 189.0 371.0 195.0
219.0 333.0 201.0 333.0
318.0 224.0 303.0 226.0
252.0 229.0 237.0 226.0
418.0 133.0 404.0 139.0
201.0 178.0 187.0 174.0
326.0 77.0 315.0 76.0
150.0 229.0 131.0 225.0
219.0 334.0 201.0 333.0
218.0 98.0 203.0 95.0
182.0 319.0 162.0 319.0
150.0 228.0 131.0 225.0
264.0 255.0 250.0 254.0
74.0 419.0 53.0 415.0
253.0 228.0 237.0 226.0
319.0 224.0 303.0 226.0
178.0 285.0 161.0 284.0
404.0 477.0 383.0 483.0
405.0 478.0 383.0 483.0
208.0 550.0 189.0 550.0
199.0 313.0 180.0 314.0
181.0 319.0 161.0 320.0
82.0 294.0 61.0 284.0
274.0 361.0 257.0 362.0
218.0 99.0 203.0 95.0
182.0 320.0 161.0 320.0
390.0 126.0 375.0 131.0
71.0 215.0 51.0 205.0
83.0 294.0 61.0 285.0
179.0 285.0 161.0 284.0
265.0 256.0 250.0 256.0
182.0 300.0 161.0 301.0
217.0 98.0 203.0 95.0
149.0 229.0 131.0 225.0
218.0 100.0 203.0 95.0
307.0 138.0 293.0 138.0
219.0 99.0 204.0 95.0
307.0 137.0 293.0 138.0
300.0 283.0 284.0 285.0
318.0 225.0 303.0 226.0
218.0 332.0 199.0 332.0
148.0 229.0 131.0 225.0
274.0 362.0 259.0 362.0
257.0 22.0 245.0 15.0
81.0 293.0 61.0 284.0
84.0 293.0 61.0 285.0
320.0 225.0 305.0 226.0
202.0 178.0 187.0 174.0
320.0 224.0 305.0 226.0
199.0 314.0 180.0 314.0
257.0 21.0 245.0 15.0
238.0 319.0 220.0 319.0
74.0 349.0 51.0 342.0
422.0 256.0 406.0 262.0
299.0 283.0 283.0 285.0
134.0 380.0 117.0 378.0
70.0 215.0 51.0 205.0
201.0 179.0 187.0 174.0
217.0 99.0 203.0 95.0
75.0 418.0 53.0 415.0
216.0 98.0 203.0 95.0
256.0 21.0 245.0 14.0
403.0 478.0 383.0 484.0
404.0 167.0 389.0 174.0
319.0 225.0 303.0 226.0
149.0 228.0 131.0 225.0
198.0 314.0 180.0 314.0
135.0 382.0 117.0 378.0
201.0 177.0 187.0 174.0
73.0 419.0 53.0 415.0
252.0 228.0 237.0 226.0
219.0 332.0 199.0 332.0
258.0 162.0 241.0 159.0
185.0 301.0 161.0 301.0
422.0 255.0 406.0 262.0
148.0 228.0 131.0 225.0
162.0 458.0 141.0 448.0
273.0 361.0 257.0 362.0
217.0 100.0 203.0 95.0
405.0 168.0 389.0 174.0
239.0 319.0 220.0 319.0
106.0 301.0 85.0 294.0
283.0 211.0 269.0 210.0
215.0 98.0 203.0 95.0
263.0 255.0 250.0 254.0
423.0 256.0 406.0 262.0
198.0 313.0 180.0 314.0
421.0 255.0 406.0 262.0
105.0 301.0 85.0 294.0
404.0 168.0 389.0 174.0
162.0 459.0 141.0 448.0
220.0 332.0 201.0 332.0
256.0 22.0 245.0 15.0
273.0 362.0 257.0 362.0
220.0 333.0 201.0 333.0
255.0 22.0 245.0 14.0
134.0 381.0 117.0 378.0
135.0 381.0 117.0 378.0
403.0 477.0 382.0 483.0
74.0 348.0 51.0 342.0
183.0 301.0 161.0 301.0
135.0 380.0 117.0 378.0
75.0 349.0 51.0 342.0
207.0 550.0 189.0 550.0
251.0 229.0 237.0 226.0
202.0 177.0 186.0 173.0
203.0 178.0 187.0 174.0
252.0 227.0 237.0 226.0
405.0 167.0 389.0 174.0
105.0 302.0 85.0 294.0
257.0 23.0 245.0 15.0
107.0 302.0 85.0 294.0
255.0 23.0 245.0 15.0
251.0 228.0 237.0 226.0
216.0 99.0 203.0 95.0
256.0 23.0 245.0 15.0
264.0 256.0 248.0 255.0
105.0 317.0 83.0 317.0
105.0 318.0 83.0 317.0
207.0 549.0 189.0 550.0
104.0 319.0 82.0 317.0
73.0 418.0 53.0 415.0
400.0 102.0 392.0 106.0
437.0 237.0 422.0 243.0
185.0 300.0 161.0 301.0
118.0 66.0 98.0 51.0
435.0 238.0 417.0 247.0
283.0 210.0 269.0 210.0
170.0 581.0 143.0 577.0
74.0 418.0 53.0 415.0
184.0 301.0 161.0 301.0
75.0 348.0 51.0 342.0
104.0 302.0 85.0 294.0
437.0 236.0 422.0 243.0
104.0 317.0 82.0 317.0
133.0 381.0 117.0 378.0
106.0 302.0 85.0 294.0
436.0 237.0 422.0 244.0
134.0 382.0 117.0 378.0
263.0 256.0 248.0 255.0
104.0 318.0 82.0 317.0
112.0 286.0 89.0 281.0
184.0 300.0 161.0 301.0
169.0 581.0 143.0 577.0
183.0 300.0 161.0 301.0
290.0 282.0 270.0 284.0
400.0 104.0 392.0 106.0
133.0 382.0 117.0 378.0
264.0 257.0 250.0 256.0
282.0 211.0 269.0 210.0
170.0 582.0 143.0 577.0
105.0 303.0 85.0 294.0
400.0 103.0 392.0 106.0
74.0 417.0 53.0 415.0
67.0 185.0 46.0 170.0
436.0 236.0 422.0 243.0
399.0 103.0 392.0 106.0
73.0 417.0 53.0 415.0
118.0 67.0 98.0 51.0
134.0 383.0 117.0 378.0
435.0 237.0 418.0 246.0
290.0 283.0 270.0 284.0
113.0 286.0 91.0 280.0
194.0 148.0 182.0 142.0
434.0 237.0 418.0 246.0
67.0 186.0 46.0 170.0
88.0 207.0 69.0 199.0
88.0 208.0 69.0 199.0
399.0 104.0 392.0 106.0
106.0 303.0 85.0 294.0
435.0 236.0 422.0 244.0
134.0 384.0 117.0 378.0
118.0 68.0 98.0 51.0
119.0 67.0 98.0 51.0
104.0 316.0 83.0 317.0
133.0 383.0 117.0 378.0
384.0 479.0 362.0 487.0
399.0 102.0 392.0 106.0
442.0 393.0 429.0 391.0
434.0 236.0 422.0 244.0
193.0 148.0 182.0 142.0
107.0 303.0 85.0 294.0
105.0 316.0 83.0 317.0
443.0 393.0 429.0 391.0
144.0 253.0 122.0 251.0
398.0 103.0 392.0 106.0
114.0 287.0 91.0 280.0
87.0 206.0 69.0 199.0
113.0 285.0 91.0 280.0
385.0 479.0 362.0 487.0
194.0 149.0 182.0 142.0
398.0 102.0 392.0 106.0
114.0 286.0 91.0 280.0
204.0 274.0 179.0 274.0
145.0 253.0 122.0 251.0
91.0 252.0 68.0 243.0
203.0 274.0 179.0 274.0
87.0 207.0 69.0 199.0
245.0 36.0 231.0 28.0
384.0 166.0 377.0 171.0
113.0 287.0 91.0 280.0
68.0 185.0 46.0 170.0
107.0 255.0 92.0 252.0
291.0 283.0 270.0 284.0
396.0 170.0 377.0 171.0
68.0 187.0 46.0 171.0
41.0 206.0 19.0 193.0
443.0 394.0 429.0 391.0
68.0 186.0 46.0 171.0
103.0 351.0 83.0 345.0
245.0 37.0 231.0 28.0
104.0 351.0 83.0 345.0
386.0 480.0 362.0 487.0
145.0 254.0 122.0 251.0
246.0 37.0 231.0 28.0
397.0 170.0 377.0 171.0
61.0 206.0 39.0 193.0
69.0 186.0 46.0 170.0
69.0 187.0 46.0 170.0
384.0 167.0 377.0 171.0
40.0 206.0 19.0 193.0
107.0 58.0 92.0 44.0
69.0 185.0 46.0 170.0
39.0 206.0 19.0 193.0
106.0 59.0 92.0 44.0
204.0 273.0 179.0 274.0
60.0 205.0 39.0 193.0
92.0 251.0 68.0 243.0
60.0 206.0 39.0 193.0
146.0 253.0 122.0 251.0
40.0 207.0 19.0 193.0
245.0 38.0 231.0 28.0
106.0 58.0 92.0 44.0
396.0 171.0 377.0 171.0
246.0 38.0 231.0 28.0
56.0 134.0 38.0 117.0
39.0 208.0 19.0 193.0
91.0 251.0 68.0 243.0
54.0 133.0 37.0 116.0
61.0 407.0 39.0 398.0
39.0 207.0 19.0 193.0
41.0 207.0 19.0 193.0
90.0 251.0 68.0 243.0
40.0 208.0 19.0 193.0
55.0 134.0 38.0 117.0
65.0 229.0 37.0 219.0
62.0 39.0 46.0 32.0
55.0 133.0 38.0 117.0
55.0 132.0 37.0 116.0
62.0 406.0 39.0 398.0
397.0 171.0 377.0 171.0
61.0 39.0 46.0 32.0
91.0 250.0 68.0 243.0
92.0 250.0 69.0 243.0
56.0 133.0 38.0 117.0
25.0 357.0 10.0 352.0
55.0 159.0 41.0 147.0
61.0 408.0 39.0 398.0
62.0 407.0 39.0 398.0
60.0 407.0 39.0 398.0
63.0 407.0 39.0 398.0
36.0 358.0 23.0 354.0
25.0 356.0 10.0 352.0
58.0 100.0 39.0 82.0
58.0 318.0 36.0 312.0
279.0 263.0 251.0 255.0
62.0 408.0 39.0 398.0
61.0 290.0 36.0 280.0
58.0 317.0 36.0 312.0
60.0 290.0 36.0 280.0
61.0 291.0 37.0 280.0
60.0 289.0 36.0 280.0
60.0 291.0 36.0 280.0
161.0 366.0 155.0 366.0
62.0 290.0 37.0 280.0
59.0 290.0 36.0 280.0
59.0 291.0 36.0 280.0
59.0 270.0 41.0 250.0
280.0 262.0 251.0 255.0
59.0 100.0 39.0 82.0
280.0 263.0 251.0 255.0
389.0 153.0 377.0 170.0
210.0 148.0 184.0 142.0
57.0 317.0 36.0 312.0
390.0 153.0 377.0 170.0
60.0 271.0 41.0 250.0
59.0 271.0 41.0 250.0
34.0 262.0 13.0 251.0
226.0 32.0 231.0 28.0
390.0 152.0 367.0 146.0
57.0 316.0 36.0 312.0
