214.0 459.0 194.0 466.0
261.0 54.0 259.0 53.0
322.0 23.0 322.0 24.0
214.0 458.0 194.0 466.0
260.0 54.0 259.0 53.0
304.0 87.0 301.0 88.0
303.0 87.0 301.0 88.0
304.0 88.0 301.0 88.0
305.0 88.0 301.0 88.0
260.0 55.0 258.0 54.0
262.0 55.0 259.0 53.0
213.0 458.0 193.0 466.0
182.0 57.0 178.0 60.0
259.0 55.0 257.0 54.0
295.0 510.0 273.0 523.0
214.0 457.0 194.0 466.0
226.0 25.0 225.0 22.0
215.0 458.0 194.0 466.0
303.0 86.0 301.0 88.0
323.0 24.0 323.0 24.0
182.0 58.0 178.0 60.0
215.0 457.0 194.0 466.0
261.0 55.0 259.0 53.0
226.0 26.0 225.0 23.0
304.0 86.0 301.0 88.0
305.0 87.0 301.0 88.0
182.0 59.0 178.0 60.0
305.0 86.0 301.0 88.0
304.0 28.0 302.0 28.0
183.0 57.0 178.0 60.0
303.0 27.0 302.0 28.0
215.0 525.0 193.0 533.0
325.0 23.0 325.0 24.0
226.0 437.0 207.0 447.0
183.0 59.0 178.0 60.0
274.0 432.0 255.0 444.0
275.0 433.0 255.0 444.0
294.0 510.0 273.0 523.0
324.0 23.0 323.0 24.0
266.0 416.0 246.0 427.0
275.0 432.0 255.0 444.0
50.0 233.0 36.0 228.0
225.0 26.0 225.0 23.0
183.0 58.0 178.0 60.0
324.0 24.0 323.0 24.0
291.0 49.0 291.0 49.0
323.0 23.0 323.0 24.0
308.0 62.0 306.0 63.0
304.0 85.0 301.0 88.0
274.0 433.0 255.0 444.0
243.0 124.0 237.0 126.0
100.0 366.0 83.0 366.0
243.0 125.0 237.0 126.0
255.0 160.0 251.0 165.0
49.0 233.0 36.0 228.0
304.0 27.0 302.0 28.0
214.0 525.0 193.0 533.0
303.0 28.0 302.0 28.0
306.0 63.0 305.0 64.0
184.0 58.0 178.0 60.0
295.0 509.0 273.0 523.0
406.0 89.0 403.0 94.0
305.0 85.0 301.0 88.0
306.0 62.0 305.0 62.0
307.0 62.0 306.0 63.0
101.0 367.0 83.0 367.0
148.0 439.0 129.0 444.0
226.0 438.0 207.0 447.0
244.0 124.0 238.0 126.0
212.0 458.0 193.0 466.0
227.0 437.0 207.0 447.0
357.0 19.0 356.0 22.0
183.0 56.0 178.0 60.0
265.0 417.0 247.0 428.0
48.0 233.0 36.0 228.0
358.0 20.0 357.0 22.0
292.0 49.0 291.0 49.0
213.0 457.0 193.0 466.0
306.0 64.0 305.0 64.0
215.0 524.0 193.0 532.0
408.0 88.0 403.0 94.0
407.0 89.0 403.0 94.0
107.0 437.0 83.0 439.0
407.0 87.0 403.0 94.0
257.0 160.0 251.0 165.0
265.0 415.0 246.0 427.0
305.0 28.0 302.0 28.0
305.0 27.0 302.0 28.0
307.0 63.0 306.0 63.0
50.0 232.0 36.0 228.0
293.0 49.0 291.0 49.0
101.0 368.0 83.0 367.0
273.0 433.0 255.0 444.0
291.0 50.0 290.0 50.0
407.0 88.0 403.0 94.0
148.0 438.0 129.0 444.0
244.0 125.0 238.0 126.0
245.0 125.0 238.0 126.0
210.0 542.0 187.0 551.0
406.0 87.0 403.0 94.0
406.0 88.0 403.0 94.0
100.0 367.0 83.0 366.0
414.0 65.0 412.0 73.0
245.0 80.0 243.0 80.0
256.0 390.0 239.0 399.0
149.0 439.0 129.0 444.0
256.0 389.0 239.0 399.0
245.0 79.0 243.0 79.0
189.0 22.0 188.0 17.0
358.0 19.0 356.0 22.0
214.0 524.0 193.0 532.0
213.0 541.0 189.0 551.0
265.0 416.0 246.0 427.0
449.0 92.0 445.0 101.0
292.0 50.0 290.0 50.0
264.0 415.0 246.0 427.0
189.0 23.0 187.0 18.0
147.0 439.0 129.0 443.0
357.0 18.0 356.0 22.0
108.0 438.0 83.0 439.0
308.0 63.0 306.0 63.0
148.0 440.0 129.0 444.0
419.0 11.0 417.0 16.0
102.0 367.0 83.0 367.0
359.0 19.0 357.0 22.0
147.0 440.0 129.0 444.0
450.0 93.0 446.0 101.0
449.0 93.0 445.0 101.0
227.0 438.0 207.0 447.0
244.0 79.0 242.0 78.0
418.0 11.0 417.0 16.0
48.0 232.0 36.0 228.0
226.0 439.0 207.0 447.0
142.0 163.0 137.0 162.0
256.0 160.0 251.0 165.0
49.0 232.0 36.0 228.0
294.0 49.0 291.0 49.0
147.0 438.0 129.0 443.0
258.0 160.0 251.0 165.0
107.0 438.0 83.0 439.0
245.0 124.0 238.0 126.0
198.0 447.0 176.0 456.0
359.0 18.0 356.0 22.0
450.0 92.0 446.0 101.0
255.0 389.0 239.0 399.0
258.0 161.0 251.0 165.0
141.0 163.0 137.0 162.0
345.0 81.0 340.0 85.0
102.0 368.0 83.0 367.0
254.0 390.0 237.0 398.0
246.0 81.0 243.0 80.0
264.0 416.0 247.0 428.0
325.0 41.0 324.0 43.0
254.0 389.0 237.0 398.0
415.0 65.0 412.0 73.0
417.0 11.0 417.0 16.0
255.0 390.0 239.0 399.0
414.0 66.0 412.0 73.0
49.0 231.0 36.0 228.0
415.0 66.0 412.0 73.0
244.0 80.0 242.0 79.0
443.0 26.0 441.0 33.0
179.0 547.0 154.0 556.0
345.0 80.0 340.0 84.0
211.0 541.0 187.0 551.0
250.0 144.0 245.0 146.0
251.0 144.0 245.0 146.0
325.0 42.0 324.0 43.0
92.0 540.0 66.0 541.0
343.0 81.0 340.0 84.0
256.0 161.0 251.0 165.0
264.0 417.0 247.0 428.0
344.0 81.0 340.0 85.0
358.0 18.0 356.0 22.0
47.0 233.0 34.0 228.0
252.0 144.0 245.0 146.0
415.0 64.0 412.0 73.0
257.0 161.0 251.0 165.0
255.0 161.0 251.0 165.0
178.0 547.0 154.0 556.0
142.0 164.0 137.0 162.0
284.0 95.0 279.0 96.0
211.0 542.0 187.0 551.0
417.0 9.0 417.0 16.0
444.0 26.0 441.0 33.0
212.0 541.0 189.0 551.0
444.0 27.0 441.0 33.0
416.0 65.0 412.0 73.0
198.0 448.0 176.0 456.0
344.0 80.0 340.0 84.0
443.0 27.0 441.0 33.0
179.0 548.0 154.0 557.0
188.0 23.0 188.0 17.0
227.0 439.0 207.0 447.0
253.0 390.0 237.0 398.0
154.0 438.0 131.0 442.0
46.0 233.0 33.0 228.0
48.0 231.0 36.0 228.0
243.0 80.0 242.0 79.0
418.0 9.0 417.0 16.0
140.0 164.0 137.0 162.0
141.0 164.0 137.0 162.0
212.0 542.0 187.0 551.0
419.0 10.0 417.0 16.0
344.0 82.0 340.0 85.0
199.0 447.0 176.0 456.0
443.0 28.0 441.0 33.0
417.0 10.0 417.0 16.0
418.0 10.0 417.0 16.0
146.0 439.0 128.0 443.0
326.0 42.0 324.0 43.0
343.0 82.0 340.0 85.0
245.0 406.0 225.0 416.0
444.0 28.0 441.0 33.0
245.0 81.0 243.0 80.0
250.0 145.0 245.0 146.0
246.0 405.0 225.0 416.0
343.0 80.0 340.0 84.0
285.0 612.0 260.0 624.0
179.0 549.0 154.0 557.0
445.0 26.0 441.0 33.0
310.0 142.0 307.0 145.0
197.0 612.0 170.0 623.0
284.0 94.0 279.0 96.0
284.0 96.0 279.0 96.0
361.0 55.0 359.0 58.0
283.0 95.0 279.0 96.0
227.0 592.0 200.0 604.0
178.0 548.0 154.0 556.0
146.0 440.0 128.0 443.0
445.0 27.0 443.0 33.0
361.0 54.0 359.0 58.0
285.0 613.0 260.0 624.0
285.0 96.0 279.0 96.0
265.0 81.0 262.0 80.0
445.0 28.0 443.0 33.0
286.0 613.0 260.0 624.0
252.0 145.0 245.0 146.0
251.0 145.0 245.0 146.0
243.0 81.0 242.0 79.0
360.0 55.0 359.0 58.0
245.0 407.0 225.0 416.0
187.0 424.0 170.0 430.0
186.0 424.0 170.0 430.0
264.0 81.0 262.0 80.0
359.0 55.0 359.0 58.0
284.0 612.0 260.0 624.0
245.0 82.0 243.0 80.0
443.0 119.0 438.0 128.0
266.0 81.0 262.0 80.0
282.0 144.0 277.0 145.0
244.0 81.0 242.0 79.0
47.0 232.0 35.0 227.0
311.0 142.0 307.0 145.0
199.0 448.0 176.0 456.0
442.0 119.0 438.0 128.0
188.0 424.0 170.0 430.0
283.0 142.0 276.0 144.0
360.0 54.0 359.0 58.0
285.0 94.0 282.0 96.0
267.0 80.0 262.0 80.0
244.0 82.0 242.0 80.0
284.0 613.0 260.0 624.0
216.0 139.0 209.0 139.0
283.0 94.0 279.0 96.0
246.0 406.0 225.0 416.0
47.0 231.0 35.0 227.0
266.0 80.0 262.0 80.0
265.0 80.0 262.0 80.0
285.0 95.0 279.0 96.0
226.0 592.0 200.0 604.0
69.0 437.0 48.0 438.0
187.0 423.0 169.0 429.0
266.0 79.0 262.0 80.0
281.0 143.0 277.0 145.0
286.0 612.0 260.0 624.0
284.0 143.0 277.0 145.0
46.0 232.0 34.0 226.0
282.0 143.0 277.0 145.0
283.0 143.0 277.0 145.0
443.0 120.0 438.0 128.0
283.0 144.0 277.0 145.0
264.0 79.0 261.0 79.0
440.0 46.0 439.0 51.0
188.0 423.0 169.0 429.0
67.0 437.0 48.0 438.0
441.0 45.0 439.0 51.0
440.0 45.0 439.0 51.0
26.0 231.0 13.0 225.0
359.0 54.0 359.0 58.0
200.0 448.0 176.0 456.0
68.0 437.0 48.0 438.0
282.0 142.0 276.0 144.0
178.0 549.0 154.0 557.0
246.0 407.0 225.0 416.0
442.0 120.0 438.0 128.0
68.0 436.0 48.0 438.0
265.0 79.0 262.0 78.0
264.0 80.0 262.0 80.0
442.0 45.0 439.0 51.0
51.0 583.0 26.0 583.0
51.0 582.0 26.0 583.0
440.0 44.0 439.0 51.0
27.0 231.0 13.0 225.0
251.0 146.0 245.0 146.0
25.0 230.0 13.0 225.0
27.0 230.0 13.0 225.0
441.0 44.0 439.0 51.0
26.0 230.0 13.0 225.0
26.0 229.0 12.0 224.0
299.0 114.0 295.0 116.0
441.0 43.0 439.0 51.0
25.0 231.0 13.0 225.0
341.0 113.0 338.0 116.0
65.0 482.0 41.0 480.0
442.0 44.0 439.0 51.0
330.0 136.0 323.0 141.0
338.0 47.0 340.0 42.0
311.0 143.0 307.0 145.0
400.0 141.0 395.0 148.0
52.0 583.0 26.0 583.0
329.0 137.0 323.0 141.0
310.0 143.0 307.0 145.0
298.0 114.0 295.0 116.0
330.0 137.0 323.0 141.0
65.0 481.0 41.0 480.0
350.0 139.0 346.0 145.0
329.0 136.0 323.0 141.0
309.0 143.0 307.0 145.0
299.0 115.0 295.0 116.0
403.0 133.0 395.0 148.0
298.0 115.0 295.0 116.0
297.0 114.0 295.0 116.0
66.0 482.0 41.0 480.0
403.0 132.0 395.0 148.0
350.0 140.0 346.0 145.0
297.0 115.0 295.0 116.0
401.0 142.0 395.0 149.0
66.0 481.0 41.0 480.0
265.0 119.0 261.0 118.0
339.0 47.0 340.0 42.0
311.0 144.0 307.0 145.0
400.0 142.0 395.0 149.0
310.0 144.0 306.0 146.0
47.0 367.0 33.0 365.0
287.0 35.0 301.0 29.0
399.0 142.0 395.0 149.0
65.0 514.0 43.0 514.0
66.0 515.0 43.0 514.0
65.0 515.0 43.0 514.0
48.0 367.0 33.0 365.0
338.0 48.0 340.0 42.0
339.0 48.0 340.0 42.0
66.0 514.0 43.0 514.0
399.0 143.0 395.0 149.0
103.0 570.0 83.0 576.0
401.0 143.0 395.0 149.0
193.0 381.0 188.0 376.0
400.0 143.0 395.0 149.0
32.0 466.0 27.0 451.0
223.0 46.0 225.0 23.0
253.0 25.0 258.0 26.0
31.0 568.0 9.0 567.0
102.0 570.0 83.0 576.0
45.0 480.0 24.0 477.0
44.0 479.0 24.0 477.0
62.0 392.0 43.0 391.0
44.0 480.0 24.0 477.0
30.0 569.0 9.0 567.0
60.0 393.0 43.0 391.0
276.0 160.0 252.0 165.0
275.0 160.0 252.0 165.0
30.0 568.0 9.0 567.0
333.0 110.0 337.0 116.0
222.0 46.0 225.0 23.0
277.0 160.0 252.0 166.0
46.0 479.0 24.0 477.0
276.0 159.0 252.0 166.0
45.0 479.0 24.0 477.0
61.0 393.0 43.0 391.0
61.0 392.0 43.0 391.0
60.0 392.0 43.0 391.0
30.0 567.0 9.0 567.0
333.0 111.0 337.0 116.0
333.0 112.0 337.0 117.0
118.0 511.0 86.0 527.0
223.0 47.0 225.0 23.0
50.0 430.0 31.0 430.0
362.0 84.0 369.0 86.0
62.0 393.0 43.0 391.0
50.0 431.0 31.0 430.0
332.0 111.0 337.0 116.0
252.0 25.0 258.0 26.0
117.0 511.0 86.0 527.0
332.0 110.0 337.0 116.0
362.0 85.0 369.0 86.0
117.0 510.0 86.0 527.0
59.0 392.0 43.0 391.0
332.0 112.0 337.0 116.0
223.0 48.0 225.0 23.0
222.0 47.0 225.0 23.0
29.0 569.0 9.0 567.0
83.0 617.0 50.0 609.0
361.0 84.0 369.0 86.0
117.0 509.0 86.0 527.0
361.0 85.0 369.0 86.0
29.0 568.0 9.0 567.0
352.0 144.0 346.0 145.0
118.0 510.0 86.0 527.0
331.0 111.0 337.0 116.0
327.0 86.0 339.0 85.0
28.0 568.0 9.0 567.0
25.0 426.0 4.0 425.0
38.0 533.0 16.0 533.0
25.0 427.0 4.0 425.0
278.0 32.0 301.0 29.0
28.0 569.0 9.0 567.0
