256.0 593.0 272.0 593.0
255.0 593.0 272.0 594.0
255.0 611.0 272.0 611.0
256.0 611.0 272.0 611.0
274.0 500.0 290.0 499.0
255.0 612.0 272.0 612.0
409.0 364.0 426.0 358.0
409.0 365.0 427.0 358.0
255.0 594.0 272.0 594.0
410.0 364.0 427.0 358.0
274.0 499.0 290.0 499.0
223.0 583.0 237.0 584.0
203.0 579.0 220.0 581.0
211.0 258.0 223.0 261.0
284.0 209.0 298.0 209.0
256.0 613.0 272.0 612.0
248.0 537.0 265.0 538.0
257.0 612.0 272.0 611.0
410.0 365.0 427.0 358.0
222.0 583.0 237.0 584.0
211.0 259.0 224.0 261.0
256.0 594.0 272.0 594.0
254.0 593.0 272.0 594.0
256.0 612.0 272.0 612.0
212.0 259.0 224.0 261.0
283.0 209.0 297.0 209.0
248.0 536.0 265.0 538.0
243.0 168.0 256.0 172.0
323.0 309.0 338.0 308.0
223.0 582.0 238.0 584.0
224.0 582.0 239.0 584.0
249.0 537.0 265.0 538.0
189.0 359.0 204.0 361.0
310.0 504.0 331.0 502.0
212.0 258.0 224.0 261.0
391.0 438.0 409.0 433.0
250.0 537.0 266.0 537.0
404.0 346.0 420.0 340.0
243.0 167.0 256.0 172.0
244.0 167.0 256.0 172.0
109.0 400.0 124.0 402.0
402.0 346.0 420.0 340.0
291.0 333.0 306.0 330.0
250.0 536.0 266.0 537.0
244.0 168.0 256.0 172.0
190.0 359.0 204.0 361.0
260.0 362.0 273.0 361.0
290.0 332.0 306.0 331.0
291.0 332.0 306.0 330.0
249.0 536.0 265.0 538.0
193.0 517.0 210.0 520.0
402.0 345.0 420.0 340.0
190.0 360.0 204.0 361.0
309.0 504.0 331.0 502.0
203.0 578.0 220.0 581.0
189.0 360.0 204.0 361.0
202.0 579.0 220.0 581.0
109.0 401.0 124.0 402.0
202.0 578.0 220.0 581.0
266.0 477.0 282.0 475.0
401.0 346.0 420.0 340.0
147.0 340.0 159.0 345.0
269.0 439.0 285.0 438.0
155.0 313.0 168.0 317.0
260.0 363.0 273.0 362.0
290.0 333.0 306.0 331.0
403.0 346.0 420.0 340.0
403.0 345.0 420.0 340.0
194.0 517.0 211.0 520.0
236.0 277.0 250.0 277.0
353.0 581.0 373.0 578.0
201.0 579.0 220.0 581.0
194.0 516.0 211.0 520.0
296.0 534.0 314.0 533.0
295.0 535.0 314.0 533.0
236.0 276.0 250.0 277.0
185.0 87.0 195.0 93.0
108.0 400.0 124.0 402.0
186.0 87.0 195.0 94.0
261.0 362.0 273.0 361.0
201.0 578.0 220.0 581.0
188.0 359.0 203.0 360.0
146.0 7.0 156.0 18.0
81.0 497.0 97.0 501.0
131.0 500.0 144.0 507.0
261.0 363.0 275.0 363.0
334.0 506.0 353.0 503.0
390.0 438.0 409.0 433.0
294.0 534.0 314.0 533.0
156.0 313.0 168.0 317.0
148.0 340.0 159.0 345.0
322.0 309.0 338.0 308.0
193.0 516.0 210.0 520.0
237.0 277.0 250.0 277.0
270.0 439.0 285.0 438.0
296.0 535.0 314.0 533.0
130.0 500.0 143.0 506.0
80.0 496.0 96.0 500.0
432.0 73.0 447.0 72.0
79.0 496.0 96.0 500.0
237.0 276.0 251.0 277.0
187.0 87.0 195.0 94.0
130.0 501.0 144.0 506.0
295.0 534.0 314.0 533.0
148.0 341.0 159.0 345.0
205.0 488.0 221.0 492.0
146.0 8.0 156.0 18.0
206.0 488.0 221.0 493.0
148.0 342.0 159.0 345.0
335.0 506.0 353.0 503.0
251.0 633.0 270.0 634.0
186.0 88.0 195.0 94.0
90.0 416.0 103.0 420.0
89.0 417.0 103.0 420.0
132.0 501.0 144.0 507.0
80.0 497.0 96.0 500.0
101.0 261.0 113.0 269.0
175.0 165.0 186.0 170.0
133.0 37.0 144.0 47.0
134.0 255.0 148.0 259.0
187.0 88.0 196.0 94.0
133.0 36.0 144.0 47.0
131.0 501.0 144.0 507.0
432.0 72.0 447.0 72.0
289.0 333.0 306.0 331.0
114.0 518.0 130.0 524.0
193.0 515.0 211.0 520.0
174.0 165.0 186.0 170.0
354.0 581.0 373.0 578.0
149.0 342.0 159.0 345.0
133.0 255.0 148.0 259.0
132.0 36.0 144.0 47.0
114.0 519.0 130.0 524.0
175.0 166.0 186.0 170.0
248.0 466.0 262.0 466.0
174.0 166.0 186.0 170.0
137.0 545.0 155.0 548.0
192.0 516.0 210.0 520.0
366.0 364.0 385.0 360.0
326.0 534.0 345.0 532.0
100.0 263.0 111.0 270.0
149.0 341.0 159.0 345.0
100.0 262.0 112.0 269.0
326.0 533.0 345.0 532.0
251.0 282.0 267.0 281.0
102.0 262.0 113.0 269.0
101.0 263.0 112.0 269.0
132.0 37.0 144.0 47.0
334.0 505.0 353.0 503.0
89.0 416.0 103.0 420.0
297.0 379.0 309.0 378.0
249.0 467.0 262.0 467.0
115.0 519.0 130.0 524.0
296.0 379.0 309.0 378.0
251.0 281.0 267.0 281.0
101.0 262.0 112.0 269.0
366.0 365.0 385.0 360.0
326.0 475.0 343.0 471.0
88.0 417.0 103.0 420.0
88.0 416.0 103.0 420.0
326.0 474.0 343.0 471.0
136.0 545.0 155.0 548.0
137.0 546.0 155.0 548.0
431.0 72.0 447.0 72.0
30.0 140.0 41.0 151.0
138.0 546.0 155.0 548.0
269.0 380.0 283.0 380.0
248.0 467.0 262.0 467.0
431.0 73.0 447.0 72.0
137.0 547.0 155.0 548.0
181.0 343.0 196.0 346.0
147.0 169.0 158.0 177.0
269.0 381.0 283.0 381.0
121.0 297.0 133.0 304.0
181.0 344.0 196.0 346.0
29.0 140.0 41.0 151.0
199.0 201.0 209.0 204.0
136.0 546.0 155.0 548.0
123.0 241.0 133.0 248.0
12.0 455.0 27.0 461.0
30.0 141.0 41.0 151.0
200.0 201.0 209.0 204.0
62.0 218.0 76.0 231.0
270.0 380.0 283.0 380.0
29.0 139.0 41.0 151.0
30.0 139.0 41.0 151.0
270.0 381.0 283.0 381.0
13.0 455.0 27.0 462.0
40.0 83.0 51.0 94.0
52.0 11.0 62.0 22.0
250.0 282.0 267.0 281.0
53.0 10.0 62.0 22.0
52.0 10.0 62.0 22.0
430.0 73.0 447.0 72.0
282.0 429.0 302.0 423.0
153.0 250.0 163.0 255.0
282.0 428.0 302.0 423.0
115.0 165.0 127.0 174.0
180.0 342.0 196.0 346.0
180.0 344.0 196.0 346.0
428.0 369.0 445.0 364.0
40.0 84.0 51.0 94.0
430.0 72.0 447.0 72.0
96.0 606.0 100.0 610.0
184.0 403.0 202.0 404.0
12.0 454.0 27.0 461.0
365.0 364.0 385.0 360.0
114.0 166.0 127.0 174.0
52.0 9.0 62.0 22.0
115.0 166.0 127.0 174.0
46.0 336.0 54.0 340.0
182.0 402.0 202.0 404.0
51.0 10.0 62.0 22.0
40.0 85.0 51.0 94.0
51.0 9.0 62.0 22.0
180.0 343.0 196.0 346.0
69.0 473.0 85.0 477.0
39.0 84.0 51.0 94.0
184.0 402.0 202.0 404.0
251.0 475.0 262.0 467.0
250.0 475.0 262.0 467.0
183.0 402.0 202.0 404.0
365.0 365.0 385.0 360.0
37.0 626.0 47.0 627.0
183.0 403.0 202.0 404.0
96.0 605.0 100.0 610.0
114.0 165.0 127.0 174.0
37.0 627.0 47.0 627.0
69.0 475.0 85.0 477.0
68.0 473.0 85.0 477.0
414.0 487.0 433.0 481.0
68.0 474.0 85.0 477.0
3.0 137.0 12.0 149.0
69.0 474.0 85.0 477.0
128.0 528.0 140.0 541.0
198.0 233.0 219.0 232.0
114.0 442.0 131.0 448.0
129.0 340.0 142.0 344.0
429.0 423.0 447.0 416.0
3.0 138.0 12.0 149.0
182.0 403.0 202.0 404.0
157.0 97.0 169.0 105.0
177.0 433.0 178.0 434.0
80.0 608.0 99.0 610.0
128.0 529.0 140.0 542.0
198.0 234.0 219.0 232.0
80.0 607.0 99.0 610.0
145.0 218.0 154.0 221.0
429.0 422.0 447.0 416.0
97.0 605.0 100.0 610.0
250.0 476.0 262.0 467.0
158.0 96.0 170.0 105.0
303.0 417.0 316.0 411.0
113.0 442.0 131.0 448.0
86.0 394.0 95.0 406.0
157.0 96.0 169.0 105.0
303.0 416.0 316.0 411.0
413.0 487.0 432.0 481.0
158.0 97.0 170.0 105.0
129.0 529.0 140.0 542.0
427.0 423.0 445.0 417.0
428.0 423.0 445.0 417.0
157.0 98.0 170.0 106.0
129.0 341.0 142.0 344.0
413.0 488.0 432.0 481.0
96.0 604.0 100.0 609.0
304.0 417.0 316.0 411.0
158.0 98.0 170.0 106.0
428.0 583.0 450.0 577.0
156.0 97.0 169.0 105.0
302.0 417.0 315.0 411.0
303.0 418.0 316.0 411.0
459.0 99.0 474.0 97.0
116.0 293.0 133.0 304.0
429.0 582.0 450.0 577.0
302.0 418.0 315.0 411.0
304.0 418.0 316.0 411.0
38.0 334.0 54.0 340.0
459.0 100.0 474.0 97.0
428.0 496.0 447.0 490.0
229.0 172.0 256.0 172.0
429.0 583.0 450.0 577.0
430.0 583.0 450.0 577.0
458.0 99.0 474.0 97.0
38.0 333.0 54.0 340.0
459.0 101.0 474.0 97.0
291.0 358.0 296.0 361.0
436.0 472.0 457.0 464.0
92.0 399.0 102.0 394.0
291.0 357.0 296.0 361.0
92.0 398.0 102.0 394.0
458.0 100.0 474.0 97.0
417.0 461.0 438.0 447.0
418.0 461.0 438.0 447.0
435.0 472.0 457.0 464.0
458.0 101.0 474.0 97.0
207.0 441.0 232.0 453.0
121.0 424.0 126.0 426.0
208.0 442.0 232.0 453.0
283.0 391.0 309.0 378.0
207.0 442.0 232.0 453.0
435.0 473.0 457.0 464.0
208.0 441.0 232.0 453.0
