225.0 185.0 229.0 193.0
14.0 449.0 18.0 461.0
13.0 448.0 18.0 461.0
29.0 484.0 36.0 495.0
357.0 408.0 366.0 406.0
30.0 545.0 34.0 558.0
13.0 449.0 18.0 461.0
30.0 546.0 35.0 559.0
357.0 407.0 366.0 406.0
356.0 408.0 365.0 407.0
356.0 407.0 366.0 406.0
430.0 199.0 436.0 197.0
361.0 559.0 375.0 559.0
208.0 178.0 213.0 188.0
208.0 177.0 213.0 188.0
209.0 177.0 213.0 188.0
127.0 59.0 129.0 74.0
134.0 518.0 140.0 528.0
133.0 518.0 140.0 528.0
309.0 151.0 313.0 157.0
418.0 175.0 423.0 175.0
127.0 60.0 129.0 74.0
127.0 61.0 129.0 74.0
26.0 461.0 31.0 471.0
309.0 152.0 312.0 157.0
145.0 82.0 149.0 96.0
139.0 401.0 145.0 411.0
417.0 174.0 423.0 175.0
334.0 94.0 336.0 101.0
293.0 374.0 301.0 377.0
208.0 189.0 214.0 197.0
138.0 401.0 144.0 410.0
294.0 374.0 301.0 377.0
362.0 559.0 375.0 559.0
418.0 174.0 423.0 175.0
63.0 122.0 66.0 139.0
82.0 478.0 90.0 491.0
294.0 375.0 301.0 377.0
126.0 59.0 129.0 74.0
292.0 374.0 301.0 377.0
293.0 375.0 301.0 377.0
64.0 123.0 66.0 139.0
26.0 460.0 31.0 471.0
430.0 198.0 436.0 197.0
178.0 251.0 183.0 260.0
63.0 124.0 66.0 139.0
81.0 477.0 90.0 491.0
429.0 199.0 436.0 197.0
102.0 282.0 109.0 293.0
294.0 407.0 302.0 409.0
139.0 402.0 145.0 411.0
177.0 251.0 183.0 260.0
142.0 257.0 147.0 266.0
63.0 123.0 66.0 139.0
126.0 61.0 128.0 74.0
209.0 178.0 213.0 188.0
429.0 123.0 432.0 127.0
447.0 103.0 450.0 107.0
102.0 283.0 109.0 293.0
133.0 519.0 140.0 528.0
326.0 588.0 338.0 588.0
308.0 151.0 312.0 157.0
294.0 431.0 302.0 432.0
447.0 104.0 450.0 108.0
308.0 152.0 313.0 157.0
259.0 494.0 269.0 499.0
446.0 187.0 449.0 188.0
419.0 175.0 423.0 175.0
143.0 257.0 147.0 266.0
102.0 281.0 108.0 293.0
293.0 407.0 301.0 409.0
362.0 560.0 375.0 559.0
126.0 60.0 129.0 74.0
81.0 478.0 90.0 491.0
64.0 124.0 66.0 139.0
103.0 281.0 109.0 293.0
12.0 607.0 16.0 623.0
178.0 252.0 183.0 260.0
63.0 125.0 66.0 139.0
361.0 561.0 375.0 560.0
429.0 198.0 435.0 197.0
172.0 523.0 179.0 531.0
184.0 451.0 192.0 459.0
48.0 383.0 52.0 393.0
417.0 173.0 423.0 175.0
363.0 518.0 374.0 516.0
111.0 530.0 118.0 542.0
428.0 199.0 435.0 197.0
26.0 459.0 31.0 471.0
360.0 561.0 375.0 560.0
294.0 429.0 302.0 432.0
185.0 451.0 192.0 459.0
293.0 429.0 303.0 431.0
103.0 282.0 109.0 293.0
134.0 519.0 140.0 528.0
142.0 256.0 147.0 266.0
362.0 561.0 375.0 560.0
362.0 518.0 374.0 516.0
294.0 408.0 302.0 409.0
293.0 408.0 301.0 409.0
293.0 431.0 302.0 432.0
134.0 520.0 140.0 528.0
363.0 517.0 374.0 516.0
11.0 607.0 16.0 623.0
185.0 452.0 192.0 459.0
103.0 283.0 109.0 293.0
11.0 606.0 16.0 623.0
419.0 174.0 423.0 175.0
202.0 79.0 206.0 90.0
293.0 406.0 301.0 409.0
428.0 198.0 435.0 197.0
171.0 522.0 179.0 531.0
293.0 430.0 302.0 432.0
104.0 282.0 109.0 293.0
360.0 560.0 375.0 559.0
260.0 495.0 270.0 500.0
185.0 453.0 192.0 459.0
361.0 560.0 375.0 559.0
64.0 125.0 66.0 139.0
143.0 255.0 147.0 266.0
143.0 256.0 147.0 266.0
362.0 517.0 374.0 516.0
294.0 406.0 302.0 409.0
59.0 180.0 63.0 192.0
259.0 493.0 269.0 499.0
48.0 384.0 52.0 393.0
292.0 407.0 301.0 409.0
35.0 144.0 41.0 162.0
179.0 250.0 183.0 260.0
363.0 560.0 375.0 560.0
110.0 531.0 118.0 542.0
179.0 251.0 183.0 260.0
463.0 95.0 465.0 102.0
138.0 402.0 145.0 411.0
294.0 430.0 302.0 432.0
260.0 494.0 270.0 500.0
184.0 452.0 192.0 459.0
178.0 250.0 183.0 260.0
172.0 522.0 179.0 531.0
126.0 189.0 131.0 201.0
458.0 73.0 459.0 79.0
135.0 501.0 142.0 511.0
35.0 145.0 41.0 162.0
47.0 383.0 52.0 393.0
261.0 401.0 270.0 403.0
111.0 531.0 118.0 542.0
135.0 502.0 142.0 511.0
260.0 400.0 269.0 403.0
418.0 173.0 423.0 175.0
202.0 80.0 206.0 90.0
104.0 281.0 109.0 293.0
120.0 253.0 125.0 262.0
136.0 502.0 142.0 511.0
447.0 187.0 449.0 188.0
428.0 104.0 431.0 109.0
326.0 589.0 338.0 588.0
173.0 523.0 179.0 531.0
111.0 532.0 118.0 542.0
142.0 255.0 146.0 265.0
59.0 181.0 63.0 192.0
340.0 436.0 349.0 435.0
457.0 73.0 459.0 79.0
154.0 620.0 160.0 627.0
120.0 254.0 125.0 262.0
173.0 522.0 180.0 531.0
262.0 401.0 270.0 403.0
446.0 186.0 449.0 188.0
80.0 123.0 84.0 135.0
58.0 180.0 63.0 192.0
261.0 399.0 269.0 403.0
81.0 123.0 84.0 135.0
262.0 400.0 269.0 403.0
136.0 501.0 142.0 511.0
260.0 493.0 269.0 499.0
259.0 492.0 269.0 499.0
175.0 342.0 180.0 350.0
261.0 494.0 270.0 500.0
429.0 105.0 431.0 109.0
69.0 266.0 75.0 278.0
41.0 441.0 45.0 453.0
261.0 400.0 269.0 403.0
70.0 266.0 75.0 278.0
428.0 105.0 431.0 109.0
327.0 588.0 338.0 588.0
105.0 413.0 111.0 425.0
175.0 341.0 180.0 350.0
58.0 181.0 63.0 192.0
58.0 179.0 63.0 192.0
70.0 267.0 75.0 278.0
172.0 521.0 179.0 531.0
429.0 104.0 431.0 109.0
183.0 452.0 192.0 459.0
414.0 28.0 415.0 35.0
419.0 173.0 423.0 175.0
184.0 453.0 192.0 459.0
261.0 493.0 270.0 500.0
310.0 444.0 318.0 446.0
119.0 254.0 125.0 262.0
117.0 463.0 123.0 473.0
262.0 399.0 269.0 403.0
359.0 433.0 367.0 433.0
107.0 204.0 111.0 215.0
119.0 253.0 125.0 262.0
107.0 203.0 111.0 215.0
115.0 481.0 122.0 491.0
127.0 560.0 136.0 568.0
47.0 384.0 52.0 393.0
69.0 267.0 75.0 278.0
429.0 103.0 431.0 109.0
117.0 398.0 122.0 406.0
108.0 205.0 112.0 217.0
447.0 186.0 449.0 188.0
126.0 188.0 131.0 201.0
311.0 444.0 318.0 446.0
327.0 589.0 338.0 588.0
34.0 145.0 40.0 161.0
116.0 397.0 122.0 406.0
67.0 438.0 74.0 451.0
358.0 433.0 367.0 433.0
40.0 440.0 45.0 453.0
418.0 172.0 423.0 175.0
108.0 206.0 112.0 217.0
218.0 311.0 223.0 317.0
115.0 397.0 122.0 406.0
119.0 463.0 123.0 473.0
80.0 124.0 84.0 135.0
34.0 144.0 41.0 162.0
41.0 440.0 45.0 453.0
466.0 14.0 467.0 20.0
217.0 312.0 223.0 317.0
108.0 204.0 111.0 215.0
260.0 492.0 269.0 499.0
118.0 463.0 123.0 473.0
467.0 13.0 467.0 19.0
117.0 397.0 122.0 406.0
24.0 16.0 25.0 33.0
218.0 312.0 223.0 317.0
467.0 213.0 474.0 210.0
107.0 205.0 112.0 217.0
358.0 434.0 367.0 433.0
239.0 319.0 245.0 326.0
116.0 398.0 122.0 406.0
239.0 321.0 245.0 326.0
218.0 313.0 223.0 317.0
126.0 187.0 131.0 201.0
34.0 146.0 40.0 161.0
467.0 212.0 474.0 210.0
53.0 576.0 55.0 587.0
67.0 437.0 74.0 451.0
466.0 213.0 474.0 210.0
461.0 28.0 462.0 34.0
461.0 29.0 462.0 34.0
25.0 16.0 25.0 33.0
320.0 372.0 327.0 373.0
130.0 541.0 137.0 552.0
319.0 372.0 327.0 373.0
468.0 213.0 474.0 210.0
238.0 321.0 245.0 326.0
239.0 320.0 245.0 326.0
127.0 561.0 136.0 568.0
202.0 428.0 209.0 436.0
465.0 13.0 467.0 19.0
24.0 15.0 25.0 33.0
25.0 15.0 25.0 33.0
238.0 320.0 245.0 326.0
67.0 439.0 74.0 451.0
359.0 434.0 367.0 433.0
54.0 575.0 55.0 587.0
107.0 559.0 116.0 569.0
466.0 13.0 467.0 19.0
240.0 320.0 245.0 326.0
294.0 565.0 304.0 567.0
461.0 27.0 462.0 34.0
467.0 12.0 467.0 19.0
130.0 542.0 137.0 552.0
219.0 312.0 223.0 317.0
360.0 434.0 368.0 433.0
53.0 577.0 55.0 587.0
216.0 569.0 224.0 575.0
130.0 543.0 137.0 552.0
142.0 208.0 147.0 220.0
158.0 568.0 166.0 577.0
319.0 371.0 327.0 373.0
162.0 235.0 170.0 248.0
320.0 371.0 327.0 373.0
54.0 576.0 55.0 587.0
131.0 543.0 137.0 552.0
217.0 569.0 224.0 575.0
157.0 567.0 165.0 577.0
466.0 12.0 467.0 19.0
58.0 589.0 64.0 600.0
54.0 577.0 55.0 587.0
158.0 567.0 166.0 577.0
217.0 568.0 224.0 575.0
216.0 568.0 224.0 575.0
58.0 590.0 64.0 602.0
185.0 509.0 195.0 517.0
106.0 559.0 116.0 569.0
187.0 510.0 195.0 517.0
106.0 558.0 116.0 569.0
186.0 510.0 195.0 517.0
141.0 208.0 147.0 220.0
158.0 490.0 165.0 497.0
159.0 490.0 165.0 497.0
232.0 322.0 245.0 326.0
232.0 323.0 245.0 326.0
186.0 509.0 195.0 517.0
49.0 468.0 55.0 486.0
399.0 8.0 398.0 17.0
398.0 7.0 398.0 17.0
397.0 7.0 398.0 17.0
397.0 8.0 398.0 17.0
398.0 8.0 398.0 17.0
396.0 7.0 398.0 17.0
187.0 509.0 195.0 517.0
304.0 373.0 301.0 377.0
141.0 209.0 147.0 220.0
48.0 467.0 55.0 486.0
142.0 209.0 147.0 220.0
399.0 7.0 398.0 17.0
49.0 467.0 55.0 486.0
158.0 489.0 165.0 497.0
142.0 210.0 147.0 220.0
75.0 398.0 85.0 410.0
305.0 374.0 326.0 373.0
162.0 234.0 170.0 248.0
304.0 374.0 326.0 373.0
220.0 334.0 226.0 341.0
219.0 335.0 226.0 341.0
219.0 334.0 226.0 341.0
220.0 335.0 226.0 341.0
177.0 498.0 186.0 505.0
220.0 333.0 226.0 341.0
221.0 334.0 226.0 341.0
162.0 233.0 170.0 248.0
74.0 398.0 85.0 410.0
53.0 482.0 55.0 487.0
92.0 210.0 87.0 222.0
219.0 333.0 226.0 341.0
177.0 499.0 186.0 505.0
53.0 483.0 55.0 487.0
74.0 397.0 85.0 410.0
141.0 452.0 150.0 450.0
142.0 453.0 150.0 450.0
131.0 387.0 144.0 409.0
14.0 582.0 20.0 604.0
13.0 582.0 20.0 604.0
14.0 581.0 20.0 604.0
142.0 454.0 150.0 450.0
183.0 116.0 196.0 117.0
13.0 581.0 20.0 604.0
141.0 453.0 150.0 450.0
363.0 450.0 368.0 433.0
78.0 605.0 67.0 628.0
77.0 605.0 67.0 628.0
274.0 540.0 277.0 557.0
141.0 454.0 150.0 450.0
