207.0 251.0 216.0 263.0
362.0 235.0 368.0 242.0
139.0 498.0 148.0 509.0
207.0 250.0 217.0 263.0
374.0 225.0 381.0 233.0
132.0 220.0 142.0 233.0
361.0 235.0 367.0 242.0
362.0 236.0 368.0 242.0
131.0 219.0 142.0 233.0
143.0 108.0 152.0 124.0
131.0 220.0 142.0 233.0
142.0 108.0 152.0 124.0
212.0 118.0 221.0 134.0
238.0 193.0 244.0 206.0
300.0 317.0 307.0 324.0
335.0 300.0 342.0 305.0
86.0 202.0 96.0 216.0
132.0 218.0 142.0 233.0
132.0 219.0 142.0 233.0
373.0 226.0 381.0 233.0
374.0 226.0 381.0 233.0
138.0 171.0 146.0 185.0
373.0 225.0 381.0 233.0
86.0 201.0 96.0 216.0
143.0 109.0 152.0 124.0
299.0 316.0 307.0 324.0
208.0 249.0 217.0 262.0
180.0 479.0 191.0 491.0
206.0 458.0 215.0 469.0
291.0 270.0 298.0 277.0
218.0 271.0 227.0 283.0
88.0 201.0 98.0 216.0
238.0 194.0 244.0 206.0
237.0 194.0 244.0 206.0
372.0 225.0 381.0 233.0
131.0 218.0 141.0 232.0
106.0 223.0 115.0 236.0
115.0 539.0 125.0 551.0
298.0 316.0 307.0 324.0
206.0 250.0 216.0 262.0
87.0 201.0 98.0 216.0
88.0 202.0 98.0 216.0
237.0 193.0 244.0 205.0
208.0 250.0 216.0 263.0
205.0 458.0 215.0 469.0
292.0 269.0 299.0 276.0
291.0 268.0 299.0 276.0
291.0 269.0 299.0 276.0
212.0 119.0 221.0 134.0
294.0 358.0 302.0 366.0
211.0 119.0 221.0 134.0
142.0 109.0 152.0 124.0
87.0 202.0 96.0 216.0
299.0 317.0 307.0 324.0
292.0 268.0 299.0 276.0
207.0 249.0 217.0 263.0
217.0 271.0 227.0 284.0
292.0 270.0 298.0 277.0
211.0 120.0 221.0 134.0
236.0 229.0 244.0 242.0
335.0 299.0 342.0 305.0
290.0 269.0 298.0 276.0
294.0 357.0 302.0 366.0
334.0 299.0 342.0 305.0
299.0 318.0 307.0 324.0
181.0 479.0 191.0 491.0
107.0 222.0 115.0 236.0
181.0 481.0 191.0 491.0
181.0 480.0 191.0 491.0
211.0 118.0 221.0 134.0
237.0 230.0 244.0 242.0
394.0 477.0 405.0 481.0
138.0 499.0 148.0 509.0
207.0 233.0 214.0 245.0
107.0 223.0 115.0 236.0
218.0 272.0 227.0 284.0
342.0 603.0 353.0 610.0
180.0 478.0 191.0 491.0
181.0 478.0 191.0 491.0
330.0 201.0 337.0 210.0
136.0 171.0 145.0 185.0
295.0 358.0 302.0 366.0
105.0 222.0 115.0 236.0
106.0 222.0 115.0 236.0
331.0 201.0 337.0 210.0
341.0 603.0 353.0 610.0
235.0 229.0 244.0 242.0
106.0 221.0 115.0 236.0
330.0 200.0 337.0 210.0
129.0 509.0 141.0 519.0
394.0 478.0 405.0 481.0
376.0 619.0 388.0 625.0
137.0 170.0 146.0 185.0
259.0 334.0 269.0 342.0
98.0 317.0 109.0 329.0
240.0 166.0 249.0 178.0
75.0 309.0 85.0 322.0
298.0 318.0 307.0 324.0
103.0 253.0 112.0 267.0
107.0 221.0 115.0 236.0
294.0 359.0 302.0 366.0
385.0 555.0 399.0 562.0
342.0 602.0 354.0 611.0
295.0 357.0 302.0 366.0
130.0 510.0 141.0 520.0
181.0 482.0 191.0 491.0
384.0 554.0 398.0 560.0
236.0 231.0 244.0 242.0
137.0 171.0 146.0 185.0
384.0 555.0 398.0 560.0
395.0 478.0 405.0 481.0
329.0 201.0 337.0 210.0
271.0 282.0 277.0 290.0
210.0 119.0 221.0 134.0
236.0 230.0 244.0 242.0
217.0 272.0 227.0 284.0
116.0 539.0 125.0 551.0
75.0 310.0 85.0 322.0
270.0 283.0 277.0 290.0
97.0 317.0 107.0 329.0
102.0 253.0 112.0 267.0
235.0 230.0 244.0 242.0
329.0 200.0 337.0 209.0
325.0 466.0 334.0 475.0
271.0 281.0 277.0 290.0
295.0 356.0 303.0 365.0
260.0 335.0 269.0 342.0
74.0 310.0 85.0 322.0
376.0 41.0 381.0 49.0
402.0 610.0 416.0 615.0
205.0 457.0 215.0 468.0
375.0 619.0 388.0 625.0
395.0 477.0 405.0 481.0
298.0 317.0 307.0 324.0
341.0 602.0 354.0 611.0
194.0 502.0 206.0 511.0
385.0 554.0 399.0 560.0
240.0 167.0 249.0 179.0
254.0 529.0 266.0 539.0
444.0 563.0 456.0 566.0
376.0 618.0 388.0 625.0
98.0 316.0 109.0 329.0
40.0 543.0 50.0 558.0
97.0 316.0 107.0 329.0
41.0 544.0 51.0 559.0
169.0 462.0 178.0 473.0
334.0 298.0 342.0 305.0
49.0 495.0 59.0 509.0
375.0 41.0 381.0 49.0
49.0 494.0 59.0 509.0
75.0 311.0 85.0 322.0
259.0 335.0 268.0 343.0
241.0 166.0 249.0 178.0
254.0 528.0 266.0 538.0
39.0 543.0 50.0 558.0
324.0 49.0 330.0 61.0
74.0 311.0 85.0 322.0
270.0 282.0 277.0 290.0
259.0 336.0 268.0 342.0
39.0 544.0 50.0 558.0
375.0 618.0 388.0 625.0
297.0 317.0 307.0 325.0
40.0 545.0 51.0 559.0
358.0 227.0 366.0 235.0
295.0 359.0 302.0 366.0
198.0 539.0 211.0 549.0
48.0 495.0 59.0 509.0
358.0 228.0 367.0 242.0
377.0 618.0 388.0 625.0
49.0 496.0 59.0 509.0
386.0 555.0 399.0 562.0
325.0 50.0 330.0 61.0
396.0 477.0 405.0 481.0
432.0 495.0 444.0 499.0
40.0 544.0 51.0 559.0
343.0 435.0 354.0 443.0
443.0 563.0 456.0 566.0
194.0 503.0 206.0 511.0
298.0 430.0 306.0 437.0
260.0 336.0 268.0 343.0
253.0 529.0 266.0 539.0
234.0 447.0 244.0 455.0
375.0 40.0 381.0 49.0
335.0 298.0 342.0 305.0
325.0 49.0 329.0 60.0
253.0 291.0 260.0 299.0
355.0 443.0 366.0 449.0
402.0 556.0 416.0 562.0
235.0 448.0 245.0 455.0
254.0 290.0 260.0 299.0
33.0 570.0 43.0 584.0
50.0 495.0 59.0 509.0
253.0 290.0 260.0 299.0
234.0 448.0 244.0 455.0
444.0 564.0 456.0 566.0
198.0 337.0 207.0 347.0
356.0 443.0 366.0 449.0
241.0 167.0 249.0 179.0
170.0 462.0 179.0 472.0
376.0 40.0 381.0 49.0
195.0 502.0 206.0 511.0
151.0 512.0 163.0 522.0
199.0 539.0 211.0 549.0
199.0 540.0 211.0 549.0
169.0 461.0 179.0 472.0
270.0 281.0 277.0 290.0
260.0 219.0 268.0 230.0
342.0 436.0 354.0 443.0
233.0 447.0 244.0 455.0
344.0 437.0 354.0 443.0
343.0 437.0 354.0 443.0
339.0 422.0 350.0 429.0
170.0 464.0 178.0 473.0
343.0 436.0 354.0 443.0
260.0 220.0 268.0 230.0
297.0 430.0 306.0 437.0
326.0 466.0 334.0 475.0
252.0 290.0 260.0 299.0
386.0 554.0 399.0 562.0
254.0 530.0 266.0 539.0
152.0 512.0 163.0 522.0
376.0 617.0 388.0 625.0
403.0 556.0 417.0 562.0
253.0 378.0 261.0 386.0
244.0 494.0 255.0 501.0
170.0 461.0 179.0 472.0
248.0 413.0 258.0 421.0
104.0 243.0 112.0 265.0
376.0 39.0 381.0 49.0
249.0 414.0 258.0 421.0
33.0 571.0 43.0 584.0
105.0 243.0 112.0 265.0
418.0 325.0 426.0 331.0
203.0 432.0 214.0 440.0
247.0 413.0 258.0 421.0
375.0 617.0 388.0 625.0
235.0 447.0 244.0 455.0
203.0 431.0 214.0 440.0
278.0 297.0 287.0 304.0
418.0 326.0 426.0 331.0
291.0 384.0 299.0 391.0
269.0 282.0 277.0 290.0
204.0 432.0 214.0 440.0
170.0 463.0 178.0 473.0
279.0 297.0 287.0 304.0
354.0 536.0 367.0 544.0
105.0 242.0 112.0 265.0
292.0 384.0 299.0 391.0
310.0 416.0 319.0 422.0
283.0 416.0 291.0 420.0
248.0 414.0 258.0 421.0
269.0 281.0 277.0 290.0
204.0 431.0 214.0 440.0
246.0 554.0 259.0 564.0
325.0 467.0 334.0 475.0
266.0 150.0 271.0 162.0
195.0 503.0 206.0 511.0
225.0 429.0 235.0 436.0
288.0 24.0 294.0 37.0
104.0 242.0 111.0 265.0
265.0 151.0 271.0 162.0
246.0 553.0 259.0 564.0
280.0 297.0 287.0 304.0
227.0 428.0 235.0 436.0
292.0 385.0 299.0 391.0
397.0 390.0 406.0 395.0
226.0 428.0 235.0 436.0
439.0 539.0 452.0 542.0
235.0 296.0 245.0 305.0
288.0 23.0 294.0 37.0
418.0 465.0 428.0 469.0
227.0 429.0 235.0 436.0
247.0 554.0 259.0 564.0
226.0 430.0 235.0 436.0
284.0 416.0 292.0 420.0
288.0 22.0 294.0 37.0
245.0 493.0 255.0 501.0
278.0 426.0 288.0 433.0
268.0 281.0 277.0 290.0
226.0 429.0 235.0 436.0
354.0 537.0 367.0 544.0
73.0 269.0 89.0 288.0
167.0 623.0 179.0 631.0
265.0 150.0 271.0 162.0
167.0 624.0 179.0 631.0
227.0 430.0 235.0 436.0
244.0 493.0 254.0 501.0
355.0 442.0 366.0 449.0
166.0 623.0 179.0 631.0
398.0 390.0 406.0 394.0
235.0 297.0 245.0 305.0
289.0 23.0 294.0 37.0
168.0 623.0 179.0 631.0
268.0 282.0 277.0 290.0
432.0 305.0 439.0 309.0
266.0 491.0 275.0 498.0
166.0 622.0 178.0 630.0
247.0 553.0 259.0 564.0
431.0 305.0 439.0 309.0
236.0 296.0 245.0 305.0
236.0 297.0 245.0 305.0
311.0 416.0 319.0 422.0
151.0 359.0 160.0 369.0
266.0 151.0 271.0 162.0
279.0 426.0 288.0 433.0
398.0 534.0 411.0 546.0
212.0 392.0 222.0 398.0
397.0 534.0 411.0 546.0
289.0 24.0 294.0 37.0
395.0 442.0 407.0 447.0
245.0 494.0 255.0 502.0
264.0 151.0 271.0 162.0
430.0 306.0 439.0 309.0
398.0 391.0 406.0 394.0
438.0 538.0 452.0 542.0
234.0 296.0 243.0 305.0
439.0 538.0 452.0 542.0
355.0 537.0 367.0 544.0
432.0 306.0 439.0 309.0
396.0 534.0 411.0 546.0
264.0 150.0 271.0 162.0
422.0 451.0 431.0 454.0
397.0 391.0 406.0 394.0
430.0 305.0 439.0 309.0
393.0 441.0 407.0 447.0
167.0 622.0 179.0 631.0
265.0 491.0 275.0 498.0
438.0 539.0 452.0 542.0
73.0 268.0 89.0 288.0
394.0 442.0 407.0 447.0
401.0 358.0 413.0 362.0
266.0 490.0 275.0 498.0
310.0 415.0 319.0 422.0
217.0 627.0 232.0 635.0
396.0 533.0 411.0 546.0
265.0 490.0 275.0 498.0
431.0 306.0 439.0 309.0
440.0 538.0 452.0 542.0
394.0 441.0 407.0 447.0
457.0 390.0 467.0 393.0
438.0 537.0 452.0 542.0
247.0 628.0 232.0 635.0
248.0 628.0 232.0 635.0
269.0 576.0 280.0 586.0
217.0 626.0 232.0 635.0
265.0 631.0 232.0 635.0
419.0 484.0 431.0 489.0
268.0 576.0 280.0 586.0
246.0 627.0 232.0 635.0
431.0 307.0 439.0 309.0
393.0 442.0 407.0 447.0
457.0 391.0 466.0 394.0
419.0 485.0 430.0 490.0
439.0 537.0 452.0 542.0
218.0 300.0 228.0 311.0
269.0 577.0 280.0 586.0
248.0 627.0 232.0 635.0
268.0 577.0 280.0 586.0
456.0 390.0 466.0 394.0
247.0 627.0 232.0 635.0
456.0 391.0 466.0 394.0
233.0 27.0 248.0 34.0
303.0 413.0 319.0 422.0
330.0 295.0 341.0 304.0
399.0 483.0 406.0 482.0
203.0 581.0 214.0 589.0
302.0 413.0 319.0 422.0
188.0 361.0 190.0 360.0
329.0 295.0 341.0 304.0
196.0 245.0 216.0 262.0
232.0 27.0 248.0 34.0
329.0 294.0 341.0 304.0
330.0 294.0 341.0 304.0
302.0 412.0 319.0 422.0
189.0 362.0 190.0 360.0
189.0 361.0 190.0 360.0
399.0 484.0 406.0 482.0
211.0 404.0 234.0 420.0
447.0 499.0 449.0 500.0
448.0 498.0 449.0 500.0
210.0 404.0 234.0 420.0
209.0 405.0 234.0 420.0
448.0 499.0 449.0 500.0
209.0 404.0 234.0 420.0
210.0 405.0 234.0 420.0
400.0 484.0 405.0 482.0
373.0 497.0 375.0 509.0
