274.0 278.0 255.0 292.0
274.0 277.0 255.0 292.0
275.0 277.0 255.0 292.0
265.0 516.0 243.0 536.0
275.0 278.0 255.0 293.0
266.0 516.0 244.0 536.0
265.0 515.0 243.0 536.0
292.0 426.0 272.0 442.0
292.0 427.0 272.0 442.0
243.0 94.0 224.0 110.0
243.0 93.0 224.0 110.0
267.0 64.0 246.0 80.0
266.0 63.0 246.0 80.0
267.0 63.0 246.0 80.0
266.0 64.0 246.0 80.0
265.0 63.0 246.0 80.0
273.0 403.0 252.0 419.0
266.0 515.0 243.0 535.0
276.0 277.0 256.0 292.0
244.0 94.0 225.0 110.0
293.0 426.0 272.0 442.0
242.0 93.0 223.0 109.0
276.0 278.0 256.0 292.0
292.0 425.0 272.0 442.0
242.0 94.0 223.0 109.0
267.0 62.0 246.0 80.0
267.0 515.0 244.0 535.0
266.0 62.0 246.0 80.0
265.0 62.0 246.0 80.0
293.0 425.0 272.0 442.0
277.0 277.0 257.0 291.0
291.0 427.0 271.0 443.0
328.0 494.0 306.0 511.0
291.0 425.0 272.0 442.0
265.0 64.0 246.0 80.0
291.0 426.0 271.0 443.0
290.0 427.0 271.0 443.0
395.0 140.0 373.0 158.0
274.0 326.0 255.0 341.0
396.0 140.0 373.0 158.0
327.0 494.0 306.0 511.0
395.0 139.0 373.0 158.0
290.0 426.0 271.0 443.0
275.0 326.0 256.0 341.0
212.0 242.0 190.0 258.0
267.0 514.0 244.0 534.0
266.0 514.0 243.0 535.0
211.0 244.0 192.0 258.0
245.0 173.0 224.0 189.0
271.0 530.0 250.0 549.0
396.0 146.0 374.0 163.0
331.0 55.0 312.0 72.0
211.0 242.0 191.0 257.0
241.0 93.0 223.0 109.0
344.0 527.0 324.0 544.0
271.0 531.0 250.0 549.0
211.0 243.0 190.0 258.0
272.0 530.0 250.0 549.0
101.0 565.0 75.0 586.0
196.0 310.0 176.0 324.0
212.0 244.0 192.0 258.0
300.0 158.0 278.0 175.0
240.0 352.0 219.0 367.0
343.0 527.0 324.0 544.0
259.0 163.0 240.0 178.0
100.0 565.0 75.0 586.0
101.0 564.0 75.0 586.0
100.0 566.0 75.0 586.0
187.0 88.0 169.0 104.0
239.0 351.0 219.0 367.0
272.0 531.0 250.0 549.0
103.0 564.0 75.0 586.0
363.0 120.0 341.0 139.0
332.0 54.0 312.0 72.0
212.0 243.0 192.0 258.0
344.0 528.0 324.0 544.0
244.0 174.0 224.0 189.0
239.0 352.0 219.0 367.0
102.0 565.0 75.0 586.0
245.0 174.0 224.0 189.0
229.0 299.0 209.0 313.0
239.0 350.0 219.0 367.0
299.0 159.0 278.0 175.0
277.0 278.0 256.0 292.0
244.0 173.0 224.0 189.0
102.0 564.0 75.0 586.0
228.0 77.0 210.0 92.0
271.0 532.0 250.0 550.0
270.0 357.0 251.0 372.0
213.0 242.0 190.0 258.0
213.0 243.0 192.0 258.0
269.0 358.0 251.0 374.0
397.0 145.0 374.0 163.0
397.0 146.0 374.0 163.0
396.0 145.0 374.0 163.0
362.0 120.0 341.0 139.0
259.0 162.0 240.0 177.0
270.0 358.0 251.0 374.0
272.0 356.0 251.0 372.0
271.0 356.0 251.0 372.0
331.0 54.0 312.0 72.0
394.0 140.0 373.0 158.0
186.0 86.0 165.0 100.0
240.0 350.0 219.0 367.0
343.0 528.0 324.0 544.0
271.0 357.0 251.0 372.0
197.0 309.0 176.0 324.0
251.0 285.0 232.0 300.0
398.0 145.0 374.0 163.0
201.0 426.0 182.0 443.0
101.0 566.0 75.0 586.0
342.0 529.0 322.0 546.0
240.0 351.0 219.0 367.0
123.0 558.0 98.0 578.0
409.0 174.0 386.0 190.0
241.0 351.0 219.0 367.0
363.0 121.0 341.0 139.0
186.0 67.0 170.0 81.0
375.0 153.0 355.0 171.0
197.0 310.0 176.0 324.0
398.0 146.0 373.0 165.0
253.0 285.0 232.0 300.0
186.0 87.0 165.0 101.0
394.0 98.0 370.0 118.0
408.0 173.0 386.0 190.0
228.0 78.0 210.0 92.0
210.0 69.0 191.0 84.0
245.0 175.0 225.0 189.0
343.0 529.0 323.0 546.0
342.0 528.0 323.0 544.0
186.0 66.0 170.0 80.0
374.0 153.0 354.0 169.0
229.0 77.0 210.0 92.0
234.0 389.0 211.0 406.0
102.0 566.0 75.0 586.0
408.0 174.0 386.0 190.0
397.0 147.0 374.0 163.0
200.0 175.0 180.0 187.0
199.0 175.0 180.0 187.0
271.0 358.0 251.0 374.0
242.0 405.0 221.0 422.0
211.0 69.0 192.0 84.0
254.0 283.0 234.0 298.0
242.0 404.0 221.0 421.0
213.0 244.0 192.0 258.0
252.0 285.0 232.0 300.0
375.0 154.0 355.0 171.0
270.0 356.0 251.0 372.0
299.0 158.0 278.0 174.0
396.0 147.0 374.0 163.0
251.0 284.0 232.0 300.0
252.0 284.0 232.0 300.0
373.0 154.0 353.0 171.0
221.0 21.0 202.0 34.0
276.0 113.0 257.0 130.0
277.0 514.0 254.0 533.0
408.0 172.0 386.0 190.0
186.0 65.0 170.0 80.0
187.0 87.0 169.0 104.0
243.0 174.0 224.0 189.0
409.0 172.0 386.0 190.0
409.0 173.0 386.0 190.0
244.0 172.0 224.0 189.0
374.0 154.0 355.0 171.0
277.0 513.0 254.0 533.0
98.0 378.0 72.0 395.0
244.0 175.0 224.0 189.0
230.0 77.0 211.0 91.0
260.0 163.0 240.0 178.0
318.0 53.0 299.0 71.0
361.0 121.0 340.0 140.0
298.0 159.0 278.0 175.0
210.0 297.0 193.0 309.0
99.0 378.0 72.0 395.0
243.0 173.0 224.0 189.0
252.0 283.0 234.0 298.0
185.0 65.0 170.0 80.0
285.0 91.0 265.0 108.0
363.0 122.0 341.0 139.0
362.0 121.0 341.0 139.0
317.0 52.0 297.0 70.0
221.0 20.0 202.0 34.0
243.0 172.0 224.0 188.0
376.0 154.0 355.0 171.0
185.0 66.0 170.0 80.0
253.0 284.0 232.0 300.0
185.0 67.0 170.0 80.0
244.0 404.0 223.0 421.0
253.0 283.0 234.0 298.0
376.0 153.0 355.0 171.0
97.0 379.0 70.0 395.0
212.0 296.0 193.0 309.0
317.0 53.0 297.0 71.0
210.0 296.0 193.0 309.0
221.0 19.0 202.0 34.0
200.0 427.0 182.0 443.0
197.0 311.0 177.0 323.0
98.0 379.0 72.0 395.0
99.0 379.0 72.0 395.0
122.0 558.0 98.0 578.0
254.0 284.0 234.0 298.0
362.0 122.0 340.0 140.0
409.0 171.0 386.0 190.0
234.0 295.0 211.0 311.0
317.0 54.0 297.0 71.0
215.0 597.0 192.0 616.0
284.0 92.0 265.0 108.0
298.0 158.0 277.0 174.0
234.0 296.0 211.0 313.0
129.0 532.0 107.0 550.0
215.0 144.0 196.0 160.0
216.0 144.0 196.0 158.0
374.0 155.0 355.0 171.0
211.0 297.0 193.0 309.0
216.0 145.0 196.0 158.0
211.0 295.0 194.0 307.0
211.0 296.0 193.0 309.0
216.0 146.0 196.0 158.0
98.0 380.0 71.0 396.0
243.0 405.0 221.0 421.0
375.0 155.0 355.0 171.0
299.0 157.0 278.0 174.0
235.0 295.0 211.0 313.0
215.0 145.0 196.0 158.0
318.0 52.0 297.0 71.0
298.0 157.0 277.0 173.0
233.0 295.0 209.0 313.0
200.0 350.0 178.0 365.0
361.0 122.0 339.0 140.0
222.0 18.0 202.0 33.0
243.0 404.0 221.0 421.0
261.0 303.0 239.0 319.0
222.0 20.0 203.0 35.0
122.0 559.0 98.0 578.0
199.0 350.0 178.0 365.0
284.0 91.0 265.0 108.0
360.0 123.0 339.0 140.0
216.0 142.0 196.0 156.0
262.0 303.0 239.0 319.0
238.0 453.0 215.0 469.0
198.0 349.0 178.0 365.0
316.0 53.0 297.0 71.0
122.0 557.0 98.0 578.0
237.0 452.0 215.0 469.0
316.0 54.0 297.0 71.0
284.0 90.0 265.0 108.0
183.0 219.0 164.0 232.0
334.0 144.0 317.0 158.0
185.0 219.0 164.0 232.0
237.0 453.0 215.0 469.0
215.0 143.0 196.0 160.0
215.0 146.0 196.0 160.0
283.0 91.0 259.0 113.0
360.0 122.0 339.0 140.0
237.0 451.0 216.0 468.0
361.0 123.0 339.0 140.0
200.0 176.0 180.0 188.0
222.0 19.0 203.0 35.0
198.0 350.0 178.0 365.0
334.0 145.0 317.0 158.0
221.0 18.0 202.0 32.0
315.0 54.0 297.0 71.0
238.0 452.0 216.0 468.0
216.0 143.0 196.0 158.0
222.0 21.0 202.0 35.0
199.0 349.0 178.0 365.0
215.0 596.0 192.0 616.0
185.0 218.0 164.0 232.0
121.0 558.0 98.0 578.0
236.0 453.0 215.0 469.0
182.0 219.0 164.0 232.0
237.0 454.0 215.0 469.0
316.0 52.0 297.0 71.0
333.0 145.0 317.0 158.0
184.0 218.0 164.0 232.0
234.0 294.0 209.0 313.0
215.0 142.0 196.0 156.0
199.0 176.0 180.0 187.0
184.0 219.0 164.0 232.0
169.0 345.0 146.0 361.0
169.0 346.0 146.0 361.0
182.0 220.0 164.0 232.0
235.0 294.0 211.0 313.0
236.0 452.0 215.0 469.0
170.0 345.0 146.0 361.0
200.0 349.0 178.0 365.0
445.0 149.0 425.0 167.0
198.0 351.0 178.0 365.0
170.0 346.0 146.0 361.0
199.0 351.0 178.0 365.0
118.0 454.0 95.0 471.0
184.0 220.0 164.0 232.0
183.0 220.0 164.0 232.0
333.0 146.0 317.0 158.0
121.0 453.0 95.0 471.0
128.0 532.0 107.0 550.0
223.0 20.0 203.0 35.0
200.0 177.0 180.0 188.0
121.0 452.0 95.0 471.0
224.0 205.0 205.0 220.0
120.0 454.0 95.0 471.0
119.0 454.0 95.0 471.0
315.0 53.0 297.0 71.0
120.0 452.0 95.0 471.0
120.0 453.0 95.0 471.0
170.0 344.0 146.0 361.0
199.0 177.0 180.0 188.0
169.0 344.0 146.0 361.0
120.0 451.0 95.0 471.0
183.0 218.0 164.0 232.0
429.0 155.0 407.0 174.0
407.0 19.0 386.0 39.0
118.0 453.0 95.0 471.0
408.0 19.0 386.0 39.0
430.0 155.0 407.0 174.0
448.0 149.0 425.0 167.0
225.0 205.0 205.0 220.0
407.0 20.0 386.0 39.0
448.0 148.0 425.0 167.0
168.0 345.0 145.0 362.0
325.0 583.0 304.0 601.0
119.0 452.0 95.0 471.0
119.0 453.0 95.0 471.0
325.0 582.0 304.0 601.0
225.0 204.0 205.0 220.0
326.0 582.0 304.0 601.0
324.0 583.0 304.0 601.0
224.0 206.0 205.0 220.0
253.0 589.0 231.0 608.0
324.0 582.0 304.0 601.0
252.0 589.0 231.0 608.0
433.0 159.0 409.0 178.0
224.0 207.0 205.0 221.0
49.0 198.0 28.0 212.0
225.0 206.0 205.0 220.0
49.0 197.0 28.0 212.0
197.0 605.0 173.0 624.0
449.0 148.0 425.0 167.0
197.0 604.0 173.0 624.0
225.0 207.0 205.0 221.0
197.0 603.0 173.0 624.0
50.0 198.0 28.0 212.0
332.0 616.0 314.0 633.0
226.0 205.0 205.0 220.0
198.0 604.0 173.0 624.0
252.0 588.0 231.0 608.0
50.0 201.0 28.0 212.0
50.0 200.0 28.0 212.0
333.0 614.0 314.0 633.0
332.0 615.0 314.0 633.0
333.0 615.0 314.0 633.0
50.0 197.0 28.0 212.0
334.0 614.0 314.0 633.0
198.0 603.0 173.0 624.0
49.0 200.0 28.0 212.0
49.0 199.0 28.0 212.0
333.0 613.0 314.0 633.0
198.0 605.0 173.0 624.0
52.0 176.0 30.0 187.0
51.0 198.0 28.0 212.0
332.0 614.0 314.0 633.0
50.0 199.0 28.0 212.0
52.0 177.0 30.0 187.0
199.0 604.0 174.0 623.0
54.0 177.0 30.0 187.0
199.0 603.0 174.0 623.0
51.0 199.0 28.0 212.0
51.0 200.0 28.0 212.0
226.0 206.0 205.0 220.0
332.0 613.0 314.0 633.0
331.0 615.0 314.0 633.0
55.0 176.0 30.0 187.0
54.0 176.0 30.0 187.0
53.0 176.0 30.0 187.0
53.0 175.0 30.0 187.0
53.0 177.0 30.0 187.0
54.0 175.0 30.0 187.0
201.0 49.0 189.0 53.0
366.0 45.0 348.0 60.0
367.0 44.0 348.0 60.0
366.0 44.0 348.0 60.0
244.0 366.0 219.0 370.0
367.0 43.0 348.0 60.0
200.0 52.0 189.0 53.0
202.0 51.0 189.0 53.0
200.0 49.0 189.0 53.0
200.0 51.0 189.0 53.0
366.0 43.0 348.0 60.0
202.0 50.0 189.0 53.0
200.0 50.0 189.0 53.0
368.0 43.0 348.0 60.0
244.0 367.0 219.0 370.0
52.0 249.0 29.0 263.0
51.0 251.0 29.0 263.0
201.0 51.0 189.0 53.0
201.0 52.0 189.0 53.0
201.0 50.0 189.0 53.0
245.0 367.0 219.0 370.0
51.0 250.0 29.0 263.0
367.0 42.0 348.0 60.0
52.0 250.0 29.0 263.0
199.0 51.0 189.0 53.0
52.0 251.0 29.0 263.0
53.0 248.0 29.0 263.0
52.0 252.0 29.0 263.0
54.0 250.0 29.0 263.0
53.0 249.0 29.0 263.0
53.0 251.0 29.0 263.0
53.0 250.0 29.0 263.0
