132.0 171.0 143.0 174.0
133.0 171.0 143.0 174.0
132.0 170.0 143.0 174.0
133.0 170.0 143.0 174.0
133.0 172.0 143.0 174.0
191.0 602.0 194.0 600.0
352.0 118.0 361.0 125.0
280.0 618.0 281.0 618.0
281.0 619.0 281.0 618.0
134.0 171.0 143.0 174.0
251.0 462.0 255.0 465.0
352.0 117.0 361.0 125.0
242.0 486.0 245.0 488.0
281.0 618.0 282.0 618.0
191.0 601.0 193.0 600.0
352.0 119.0 361.0 125.0
280.0 619.0 281.0 618.0
353.0 118.0 361.0 125.0
134.0 172.0 143.0 174.0
351.0 117.0 361.0 125.0
242.0 485.0 245.0 488.0
350.0 117.0 361.0 125.0
396.0 86.0 406.0 92.0
192.0 601.0 194.0 600.0
397.0 85.0 406.0 92.0
349.0 481.0 351.0 485.0
395.0 86.0 404.0 91.0
351.0 118.0 361.0 125.0
397.0 86.0 406.0 92.0
348.0 482.0 351.0 485.0
192.0 602.0 194.0 600.0
241.0 485.0 245.0 488.0
457.0 272.0 460.0 280.0
351.0 119.0 360.0 126.0
241.0 486.0 245.0 488.0
251.0 463.0 255.0 464.0
251.0 533.0 253.0 535.0
202.0 588.0 203.0 587.0
309.0 547.0 311.0 548.0
224.0 314.0 229.0 317.0
41.0 132.0 51.0 133.0
41.0 131.0 51.0 133.0
40.0 131.0 51.0 133.0
160.0 150.0 172.0 155.0
289.0 481.0 291.0 483.0
101.0 16.0 114.0 21.0
223.0 315.0 229.0 317.0
223.0 314.0 229.0 317.0
350.0 118.0 361.0 125.0
102.0 17.0 114.0 21.0
201.0 588.0 203.0 587.0
219.0 420.0 224.0 421.0
250.0 464.0 254.0 466.0
309.0 546.0 311.0 548.0
306.0 567.0 307.0 568.0
220.0 420.0 225.0 421.0
250.0 462.0 255.0 465.0
310.0 547.0 312.0 548.0
306.0 566.0 307.0 568.0
162.0 616.0 164.0 614.0
306.0 565.0 308.0 567.0
220.0 419.0 224.0 421.0
294.0 452.0 297.0 454.0
40.0 132.0 51.0 133.0
293.0 451.0 297.0 454.0
101.0 17.0 113.0 21.0
220.0 421.0 225.0 422.0
348.0 481.0 351.0 485.0
396.0 85.0 406.0 92.0
250.0 534.0 253.0 535.0
294.0 453.0 295.0 454.0
251.0 464.0 254.0 466.0
251.0 534.0 254.0 535.0
307.0 567.0 308.0 567.0
293.0 453.0 295.0 454.0
249.0 462.0 254.0 465.0
208.0 518.0 213.0 518.0
209.0 518.0 213.0 518.0
320.0 520.0 321.0 523.0
207.0 518.0 212.0 519.0
100.0 16.0 113.0 21.0
305.0 566.0 307.0 568.0
292.0 451.0 295.0 454.0
209.0 519.0 213.0 519.0
309.0 545.0 311.0 547.0
395.0 85.0 404.0 91.0
201.0 587.0 203.0 587.0
250.0 463.0 254.0 466.0
310.0 546.0 312.0 548.0
160.0 617.0 163.0 614.0
202.0 587.0 203.0 587.0
161.0 616.0 163.0 614.0
395.0 84.0 404.0 91.0
208.0 519.0 213.0 518.0
161.0 617.0 164.0 614.0
198.0 621.0 200.0 617.0
241.0 487.0 245.0 488.0
222.0 314.0 229.0 317.0
268.0 479.0 271.0 480.0
242.0 487.0 245.0 488.0
276.0 442.0 280.0 444.0
100.0 17.0 113.0 22.0
207.0 519.0 212.0 519.0
456.0 272.0 460.0 280.0
271.0 560.0 274.0 561.0
396.0 84.0 405.0 90.0
160.0 616.0 163.0 614.0
307.0 565.0 308.0 567.0
293.0 452.0 295.0 454.0
268.0 480.0 270.0 480.0
161.0 615.0 163.0 614.0
457.0 273.0 460.0 281.0
224.0 315.0 229.0 317.0
183.0 187.0 193.0 190.0
249.0 464.0 254.0 466.0
39.0 131.0 51.0 133.0
200.0 588.0 203.0 587.0
133.0 64.0 146.0 69.0
240.0 486.0 245.0 488.0
319.0 521.0 321.0 524.0
347.0 481.0 351.0 485.0
191.0 626.0 193.0 625.0
262.0 521.0 265.0 521.0
310.0 545.0 311.0 547.0
200.0 587.0 203.0 587.0
262.0 520.0 265.0 521.0
249.0 463.0 254.0 465.0
458.0 273.0 462.0 282.0
307.0 566.0 308.0 567.0
184.0 186.0 193.0 190.0
319.0 520.0 321.0 523.0
184.0 187.0 193.0 190.0
44.0 323.0 51.0 323.0
105.0 78.0 118.0 82.0
262.0 417.0 266.0 421.0
78.0 25.0 90.0 29.0
111.0 625.0 115.0 623.0
263.0 520.0 265.0 521.0
262.0 419.0 266.0 420.0
132.0 64.0 146.0 69.0
331.0 482.0 334.0 486.0
111.0 624.0 115.0 623.0
131.0 64.0 146.0 69.0
133.0 66.0 146.0 69.0
132.0 65.0 146.0 69.0
125.0 381.0 130.0 381.0
105.0 79.0 117.0 83.0
190.0 627.0 193.0 625.0
261.0 520.0 265.0 521.0
191.0 627.0 193.0 625.0
261.0 418.0 266.0 421.0
146.0 625.0 149.0 623.0
182.0 186.0 193.0 190.0
104.0 79.0 117.0 83.0
292.0 453.0 295.0 454.0
111.0 626.0 115.0 623.0
145.0 625.0 149.0 623.0
160.0 615.0 163.0 614.0
262.0 418.0 266.0 421.0
104.0 78.0 116.0 82.0
190.0 626.0 193.0 625.0
103.0 78.0 116.0 82.0
52.0 165.0 66.0 169.0
292.0 452.0 295.0 454.0
276.0 441.0 279.0 443.0
455.0 273.0 460.0 280.0
122.0 380.0 129.0 380.0
456.0 273.0 460.0 280.0
106.0 158.0 116.0 161.0
106.0 159.0 116.0 161.0
347.0 482.0 351.0 485.0
134.0 65.0 146.0 69.0
105.0 159.0 115.0 161.0
75.0 168.0 85.0 170.0
457.0 274.0 460.0 281.0
78.0 26.0 90.0 29.0
120.0 380.0 129.0 380.0
261.0 519.0 265.0 521.0
275.0 441.0 279.0 443.0
262.0 519.0 265.0 521.0
182.0 185.0 193.0 190.0
121.0 380.0 129.0 380.0
51.0 165.0 65.0 169.0
155.0 278.0 163.0 281.0
132.0 66.0 146.0 69.0
51.0 166.0 65.0 169.0
183.0 186.0 193.0 190.0
110.0 625.0 115.0 623.0
79.0 25.0 90.0 29.0
331.0 483.0 334.0 486.0
185.0 528.0 188.0 528.0
110.0 626.0 115.0 623.0
52.0 166.0 65.0 169.0
79.0 26.0 91.0 30.0
263.0 418.0 266.0 420.0
131.0 65.0 146.0 69.0
85.0 424.0 90.0 424.0
107.0 159.0 116.0 161.0
107.0 158.0 116.0 161.0
43.0 322.0 51.0 323.0
133.0 65.0 146.0 69.0
458.0 274.0 462.0 282.0
185.0 527.0 188.0 528.0
159.0 616.0 163.0 614.0
49.0 16.0 63.0 18.0
332.0 483.0 334.0 486.0
48.0 15.0 63.0 18.0
421.0 104.0 433.0 112.0
184.0 527.0 188.0 528.0
49.0 15.0 63.0 18.0
422.0 103.0 433.0 112.0
110.0 624.0 115.0 623.0
456.0 274.0 460.0 280.0
80.0 26.0 91.0 30.0
422.0 104.0 433.0 112.0
240.0 487.0 245.0 488.0
48.0 14.0 62.0 18.0
49.0 14.0 63.0 18.0
201.0 6.0 213.0 11.0
78.0 24.0 91.0 29.0
186.0 583.0 188.0 581.0
61.0 467.0 69.0 467.0
421.0 103.0 433.0 112.0
185.0 583.0 188.0 581.0
180.0 351.0 185.0 353.0
159.0 615.0 163.0 613.0
105.0 158.0 116.0 161.0
155.0 279.0 163.0 281.0
196.0 263.0 204.0 264.0
422.0 105.0 433.0 112.0
148.0 99.0 159.0 103.0
61.0 466.0 68.0 466.0
73.0 168.0 84.0 171.0
166.0 160.0 176.0 163.0
185.0 582.0 188.0 581.0
75.0 169.0 85.0 170.0
74.0 169.0 84.0 171.0
74.0 168.0 85.0 170.0
184.0 583.0 188.0 581.0
62.0 466.0 69.0 466.0
148.0 98.0 159.0 103.0
195.0 264.0 204.0 264.0
105.0 378.0 114.0 378.0
85.0 425.0 90.0 424.0
76.0 354.0 84.0 354.0
76.0 355.0 84.0 354.0
50.0 15.0 63.0 18.0
166.0 152.0 172.0 155.0
61.0 465.0 68.0 466.0
62.0 605.0 66.0 602.0
423.0 104.0 433.0 112.0
43.0 323.0 51.0 323.0
21.0 422.0 28.0 421.0
80.0 25.0 91.0 29.0
63.0 605.0 66.0 602.0
86.0 424.0 90.0 424.0
61.0 324.0 70.0 324.0
149.0 98.0 161.0 103.0
62.0 324.0 70.0 324.0
42.0 323.0 51.0 323.0
62.0 325.0 70.0 324.0
455.0 274.0 460.0 280.0
77.0 354.0 84.0 354.0
77.0 353.0 84.0 354.0
76.0 353.0 84.0 354.0
22.0 422.0 28.0 421.0
149.0 99.0 161.0 103.0
175.0 79.0 186.0 83.0
186.0 367.0 190.0 368.0
86.0 425.0 90.0 424.0
25.0 400.0 34.0 398.0
21.0 423.0 28.0 421.0
77.0 355.0 84.0 354.0
457.0 275.0 461.0 282.0
83.0 331.0 91.0 331.0
20.0 423.0 28.0 421.0
22.0 423.0 28.0 421.0
174.0 78.0 186.0 83.0
91.0 585.0 95.0 582.0
75.0 354.0 82.0 354.0
242.0 130.0 246.0 133.0
75.0 353.0 82.0 354.0
166.0 159.0 176.0 163.0
73.0 169.0 84.0 171.0
92.0 585.0 96.0 582.0
364.0 2.0 375.0 6.0
185.0 367.0 190.0 368.0
61.0 605.0 66.0 602.0
242.0 128.0 246.0 133.0
154.0 468.0 158.0 468.0
78.0 354.0 84.0 354.0
105.0 379.0 112.0 379.0
175.0 78.0 187.0 83.0
20.0 422.0 28.0 421.0
83.0 332.0 91.0 332.0
154.0 469.0 158.0 468.0
153.0 468.0 158.0 468.0
84.0 331.0 91.0 331.0
84.0 332.0 91.0 332.0
174.0 77.0 186.0 83.0
184.0 366.0 190.0 368.0
42.0 322.0 51.0 323.0
37.0 458.0 44.0 456.0
185.0 366.0 190.0 368.0
184.0 367.0 190.0 368.0
147.0 328.0 153.0 329.0
85.0 331.0 91.0 331.0
60.0 466.0 68.0 466.0
167.0 152.0 172.0 155.0
26.0 401.0 34.0 398.0
175.0 77.0 187.0 83.0
455.0 275.0 460.0 281.0
85.0 332.0 91.0 332.0
365.0 3.0 376.0 6.0
38.0 458.0 44.0 456.0
242.0 129.0 246.0 133.0
37.0 457.0 44.0 456.0
456.0 275.0 461.0 282.0
60.0 465.0 68.0 466.0
13.0 340.0 20.0 337.0
365.0 2.0 376.0 6.0
167.0 159.0 176.0 163.0
366.0 3.0 376.0 6.0
366.0 2.0 376.0 6.0
25.0 401.0 34.0 398.0
243.0 128.0 246.0 133.0
243.0 129.0 246.0 133.0
38.0 457.0 44.0 456.0
39.0 457.0 44.0 456.0
243.0 130.0 246.0 133.0
13.0 341.0 20.0 338.0
37.0 456.0 43.0 456.0
36.0 457.0 43.0 456.0
131.0 223.0 137.0 223.0
84.0 330.0 91.0 331.0
30.0 555.0 36.0 548.0
12.0 340.0 20.0 337.0
43.0 108.0 54.0 108.0
131.0 222.0 137.0 223.0
163.0 323.0 171.0 326.0
42.0 108.0 54.0 108.0
131.0 224.0 137.0 223.0
163.0 322.0 171.0 326.0
187.0 278.0 197.0 282.0
144.0 420.0 149.0 421.0
59.0 529.0 65.0 525.0
18.0 454.0 25.0 451.0
15.0 384.0 23.0 383.0
38.0 456.0 43.0 456.0
16.0 384.0 23.0 383.0
42.0 377.0 49.0 375.0
43.0 378.0 50.0 376.0
14.0 384.0 23.0 383.0
63.0 74.0 73.0 75.0
63.0 73.0 73.0 75.0
62.0 72.0 73.0 75.0
144.0 421.0 149.0 421.0
58.0 529.0 65.0 525.0
143.0 421.0 149.0 421.0
186.0 278.0 197.0 282.0
63.0 72.0 73.0 75.0
145.0 421.0 149.0 421.0
143.0 420.0 149.0 421.0
145.0 422.0 149.0 421.0
143.0 422.0 149.0 421.0
141.0 361.0 149.0 362.0
58.0 530.0 65.0 525.0
41.0 377.0 49.0 375.0
140.0 361.0 149.0 362.0
42.0 378.0 49.0 375.0
132.0 570.0 129.0 571.0
144.0 422.0 149.0 421.0
185.0 279.0 197.0 282.0
58.0 531.0 65.0 525.0
57.0 530.0 65.0 525.0
141.0 360.0 149.0 362.0
115.0 589.0 119.0 588.0
41.0 378.0 49.0 375.0
12.0 557.0 15.0 553.0
314.0 469.0 295.0 455.0
185.0 278.0 197.0 282.0
10.0 556.0 15.0 553.0
11.0 556.0 15.0 553.0
115.0 590.0 119.0 588.0
42.0 379.0 49.0 376.0
176.0 291.0 189.0 299.0
313.0 469.0 295.0 455.0
11.0 557.0 15.0 553.0
313.0 468.0 296.0 454.0
314.0 468.0 297.0 454.0
176.0 290.0 189.0 299.0
57.0 531.0 65.0 525.0
176.0 293.0 189.0 299.0
184.0 279.0 197.0 282.0
176.0 292.0 189.0 299.0
184.0 278.0 197.0 282.0
140.0 360.0 149.0 362.0
156.0 435.0 173.0 436.0
107.0 429.0 105.0 430.0
22.0 589.0 38.0 579.0
155.0 435.0 173.0 436.0
107.0 430.0 105.0 430.0
23.0 590.0 38.0 579.0
22.0 590.0 38.0 579.0
9.0 455.0 25.0 451.0
66.0 154.0 83.0 169.0
105.0 297.0 114.0 278.0
124.0 20.0 114.0 21.0
9.0 456.0 25.0 451.0
109.0 607.0 114.0 621.0
8.0 455.0 25.0 451.0
105.0 296.0 114.0 278.0
125.0 19.0 114.0 21.0
125.0 20.0 114.0 21.0
37.0 543.0 37.0 548.0
106.0 297.0 114.0 278.0
32.0 511.0 37.0 492.0
24.0 340.0 21.0 338.0
115.0 94.0 137.0 94.0
25.0 340.0 21.0 338.0
126.0 20.0 114.0 21.0
8.0 456.0 25.0 451.0
106.0 296.0 114.0 278.0
25.0 339.0 20.0 337.0
114.0 94.0 137.0 94.0
