112.0 343.0 98.0 341.0
112.0 344.0 98.0 341.0
239.0 607.0 224.0 609.0
161.0 358.0 147.0 356.0
179.0 531.0 164.0 532.0
238.0 607.0 224.0 609.0
95.0 558.0 79.0 558.0
94.0 558.0 79.0 558.0
110.0 465.0 96.0 464.0
178.0 531.0 164.0 532.0
112.0 345.0 98.0 341.0
111.0 343.0 98.0 341.0
161.0 357.0 147.0 356.0
180.0 274.0 169.0 272.0
251.0 539.0 237.0 541.0
94.0 559.0 79.0 558.0
204.0 618.0 190.0 619.0
146.0 589.0 131.0 588.0
160.0 358.0 147.0 357.0
178.0 532.0 164.0 532.0
260.0 86.0 252.0 84.0
95.0 559.0 80.0 558.0
105.0 386.0 91.0 384.0
179.0 275.0 169.0 272.0
239.0 606.0 224.0 609.0
111.0 344.0 98.0 341.0
181.0 274.0 170.0 272.0
67.0 604.0 53.0 602.0
111.0 345.0 98.0 341.0
179.0 532.0 164.0 533.0
238.0 606.0 224.0 609.0
94.0 449.0 80.0 447.0
145.0 589.0 131.0 588.0
205.0 618.0 190.0 619.0
108.0 465.0 94.0 464.0
177.0 532.0 163.0 532.0
145.0 590.0 131.0 588.0
260.0 87.0 251.0 84.0
261.0 86.0 252.0 84.0
211.0 575.0 196.0 575.0
217.0 534.0 203.0 535.0
251.0 538.0 237.0 541.0
146.0 590.0 131.0 588.0
177.0 531.0 163.0 532.0
147.0 556.0 132.0 556.0
138.0 355.0 125.0 353.0
204.0 619.0 190.0 619.0
210.0 574.0 196.0 575.0
145.0 356.0 131.0 355.0
146.0 557.0 131.0 556.0
108.0 464.0 94.0 464.0
320.0 611.0 305.0 614.0
180.0 275.0 169.0 272.0
259.0 87.0 251.0 84.0
110.0 61.0 97.0 52.0
417.0 357.0 404.0 363.0
398.0 337.0 387.0 340.0
145.0 355.0 130.0 354.0
147.0 557.0 132.0 556.0
205.0 617.0 191.0 619.0
217.0 533.0 203.0 535.0
160.0 357.0 147.0 356.0
169.0 284.0 156.0 282.0
161.0 508.0 147.0 508.0
109.0 465.0 95.0 464.0
260.0 85.0 252.0 83.0
259.0 86.0 252.0 84.0
251.0 540.0 238.0 541.0
145.0 357.0 131.0 355.0
210.0 575.0 196.0 575.0
285.0 514.0 271.0 516.0
95.0 449.0 80.0 447.0
137.0 354.0 125.0 353.0
261.0 85.0 252.0 83.0
168.0 283.0 156.0 282.0
179.0 274.0 169.0 272.0
195.0 517.0 181.0 518.0
284.0 26.0 274.0 21.0
399.0 338.0 388.0 341.0
284.0 27.0 274.0 21.0
138.0 354.0 125.0 353.0
398.0 338.0 388.0 341.0
181.0 275.0 170.0 272.0
415.0 357.0 403.0 363.0
223.0 585.0 210.0 586.0
163.0 508.0 147.0 508.0
196.0 517.0 181.0 518.0
139.0 354.0 125.0 353.0
341.0 16.0 333.0 13.0
137.0 353.0 125.0 353.0
218.0 534.0 203.0 535.0
320.0 612.0 305.0 614.0
109.0 464.0 95.0 464.0
138.0 353.0 125.0 353.0
194.0 516.0 181.0 518.0
144.0 355.0 130.0 354.0
110.0 62.0 97.0 52.0
169.0 64.0 159.0 57.0
414.0 358.0 403.0 363.0
110.0 344.0 98.0 341.0
252.0 539.0 238.0 541.0
416.0 357.0 403.0 363.0
93.0 559.0 79.0 558.0
319.0 611.0 305.0 614.0
130.0 242.0 115.0 237.0
107.0 464.0 94.0 464.0
283.0 26.0 274.0 21.0
285.0 26.0 274.0 21.0
284.0 513.0 270.0 516.0
415.0 358.0 403.0 363.0
261.0 87.0 252.0 84.0
111.0 61.0 97.0 52.0
190.0 446.0 177.0 445.0
144.0 356.0 130.0 354.0
137.0 355.0 124.0 354.0
162.0 508.0 147.0 508.0
195.0 516.0 181.0 518.0
111.0 63.0 97.0 52.0
224.0 584.0 210.0 586.0
414.0 357.0 403.0 363.0
111.0 62.0 97.0 52.0
224.0 583.0 210.0 586.0
218.0 533.0 203.0 535.0
399.0 337.0 388.0 341.0
168.0 284.0 156.0 282.0
340.0 17.0 333.0 13.0
285.0 513.0 271.0 516.0
196.0 516.0 181.0 518.0
129.0 241.0 114.0 238.0
169.0 283.0 156.0 281.0
341.0 17.0 333.0 13.0
319.0 612.0 305.0 614.0
210.0 404.0 197.0 404.0
223.0 584.0 210.0 586.0
76.0 358.0 61.0 355.0
283.0 25.0 274.0 21.0
163.0 277.0 150.0 275.0
285.0 25.0 274.0 21.0
95.0 450.0 80.0 447.0
109.0 61.0 97.0 51.0
374.0 412.0 362.0 415.0
284.0 25.0 274.0 21.0
223.0 583.0 210.0 586.0
398.0 336.0 387.0 340.0
286.0 513.0 272.0 516.0
339.0 390.0 326.0 395.0
397.0 337.0 387.0 340.0
162.0 509.0 147.0 508.0
330.0 138.0 319.0 137.0
194.0 517.0 181.0 518.0
374.0 411.0 362.0 415.0
329.0 137.0 319.0 137.0
305.0 420.0 292.0 424.0
210.0 405.0 197.0 405.0
368.0 601.0 353.0 606.0
163.0 509.0 147.0 508.0
332.0 155.0 323.0 155.0
329.0 138.0 319.0 137.0
73.0 261.0 59.0 255.0
112.0 63.0 98.0 52.0
338.0 390.0 326.0 395.0
368.0 602.0 353.0 606.0
94.0 450.0 80.0 447.0
341.0 18.0 333.0 13.0
328.0 138.0 319.0 137.0
378.0 303.0 366.0 307.0
331.0 155.0 323.0 155.0
162.0 276.0 149.0 274.0
399.0 336.0 387.0 340.0
211.0 404.0 198.0 404.0
128.0 241.0 114.0 237.0
162.0 277.0 150.0 275.0
281.0 601.0 267.0 605.0
77.0 358.0 62.0 355.0
112.0 62.0 98.0 52.0
211.0 405.0 198.0 404.0
234.0 393.0 222.0 394.0
291.0 494.0 278.0 495.0
235.0 390.0 222.0 393.0
63.0 337.0 49.0 333.0
170.0 64.0 159.0 57.0
369.0 601.0 353.0 606.0
59.0 422.0 45.0 422.0
60.0 421.0 45.0 422.0
373.0 410.0 362.0 414.0
235.0 391.0 222.0 393.0
368.0 600.0 353.0 606.0
330.0 155.0 323.0 155.0
282.0 601.0 267.0 605.0
305.0 421.0 292.0 424.0
129.0 242.0 114.0 238.0
408.0 31.0 401.0 28.0
412.0 596.0 398.0 602.0
390.0 511.0 377.0 517.0
193.0 425.0 181.0 425.0
59.0 421.0 45.0 422.0
319.0 613.0 305.0 614.0
194.0 425.0 181.0 425.0
115.0 323.0 101.0 321.0
115.0 392.0 101.0 388.0
411.0 596.0 398.0 602.0
331.0 154.0 323.0 155.0
58.0 421.0 45.0 422.0
373.0 411.0 362.0 414.0
408.0 32.0 401.0 28.0
170.0 65.0 159.0 57.0
325.0 93.0 316.0 89.0
337.0 390.0 326.0 395.0
373.0 412.0 362.0 414.0
406.0 31.0 401.0 28.0
250.0 499.0 236.0 501.0
65.0 36.0 52.0 25.0
410.0 595.0 398.0 602.0
65.0 35.0 52.0 26.0
407.0 31.0 401.0 28.0
339.0 391.0 326.0 395.0
251.0 499.0 238.0 501.0
369.0 600.0 353.0 606.0
128.0 242.0 114.0 238.0
326.0 93.0 316.0 89.0
333.0 352.0 322.0 355.0
338.0 391.0 326.0 395.0
193.0 426.0 180.0 425.0
235.0 392.0 222.0 393.0
318.0 612.0 305.0 614.0
411.0 595.0 398.0 602.0
251.0 500.0 237.0 501.0
337.0 391.0 326.0 395.0
139.0 188.0 137.0 187.0
369.0 85.0 361.0 82.0
346.0 336.0 334.0 340.0
368.0 599.0 353.0 606.0
386.0 474.0 374.0 481.0
233.0 455.0 220.0 457.0
346.0 335.0 334.0 340.0
334.0 351.0 322.0 355.0
59.0 420.0 45.0 422.0
389.0 511.0 377.0 517.0
405.0 508.0 391.0 514.0
234.0 391.0 222.0 393.0
369.0 599.0 353.0 606.0
389.0 510.0 377.0 517.0
304.0 421.0 291.0 424.0
372.0 412.0 361.0 415.0
168.0 65.0 159.0 57.0
35.0 460.0 22.0 458.0
347.0 335.0 334.0 340.0
194.0 426.0 181.0 425.0
407.0 32.0 401.0 28.0
114.0 392.0 101.0 388.0
234.0 392.0 222.0 394.0
406.0 32.0 401.0 28.0
345.0 336.0 334.0 340.0
167.0 65.0 159.0 57.0
247.0 368.0 234.0 369.0
412.0 595.0 398.0 602.0
334.0 352.0 323.0 355.0
36.0 461.0 22.0 458.0
304.0 420.0 291.0 424.0
370.0 132.0 363.0 129.0
169.0 65.0 159.0 57.0
369.0 132.0 363.0 129.0
376.0 46.0 368.0 44.0
386.0 491.0 373.0 497.0
335.0 352.0 323.0 355.0
372.0 411.0 361.0 415.0
326.0 94.0 316.0 89.0
325.0 94.0 316.0 89.0
45.0 601.0 31.0 599.0
248.0 369.0 235.0 369.0
50.0 176.0 38.0 169.0
39.0 62.0 24.0 53.0
246.0 369.0 234.0 369.0
429.0 538.0 416.0 545.0
467.0 72.0 463.0 71.0
38.0 63.0 24.0 53.0
35.0 461.0 22.0 458.0
169.0 66.0 159.0 57.0
387.0 474.0 375.0 480.0
303.0 421.0 291.0 424.0
38.0 64.0 24.0 53.0
470.0 50.0 464.0 50.0
447.0 573.0 431.0 580.0
403.0 508.0 390.0 514.0
405.0 509.0 391.0 514.0
247.0 369.0 234.0 369.0
247.0 370.0 234.0 370.0
168.0 66.0 159.0 57.0
404.0 508.0 390.0 514.0
269.0 515.0 255.0 517.0
411.0 560.0 397.0 567.0
387.0 473.0 374.0 481.0
376.0 47.0 368.0 44.0
427.0 538.0 414.0 546.0
404.0 509.0 390.0 514.0
391.0 554.0 379.0 560.0
471.0 50.0 464.0 50.0
336.0 391.0 326.0 395.0
472.0 51.0 464.0 50.0
54.0 456.0 41.0 453.0
428.0 538.0 414.0 546.0
38.0 62.0 24.0 53.0
51.0 176.0 38.0 169.0
472.0 50.0 464.0 50.0
471.0 51.0 464.0 50.0
39.0 63.0 24.0 53.0
427.0 537.0 414.0 546.0
139.0 187.0 137.0 187.0
138.0 188.0 137.0 187.0
392.0 554.0 379.0 560.0
447.0 572.0 431.0 580.0
54.0 457.0 41.0 453.0
139.0 186.0 137.0 187.0
52.0 176.0 38.0 169.0
393.0 553.0 379.0 560.0
242.0 558.0 234.0 561.0
46.0 602.0 31.0 599.0
243.0 558.0 235.0 561.0
215.0 459.0 202.0 460.0
428.0 537.0 416.0 545.0
39.0 64.0 24.0 53.0
40.0 62.0 24.0 53.0
390.0 553.0 379.0 560.0
138.0 187.0 137.0 187.0
54.0 256.0 39.0 250.0
388.0 474.0 375.0 480.0
53.0 256.0 39.0 250.0
392.0 553.0 379.0 560.0
391.0 552.0 379.0 560.0
391.0 553.0 379.0 560.0
52.0 177.0 38.0 169.0
55.0 456.0 41.0 453.0
392.0 552.0 379.0 560.0
55.0 457.0 41.0 453.0
54.0 257.0 39.0 250.0
138.0 186.0 137.0 187.0
23.0 270.0 10.0 263.0
393.0 552.0 379.0 560.0
53.0 257.0 39.0 250.0
51.0 177.0 38.0 169.0
137.0 188.0 137.0 187.0
137.0 187.0 137.0 187.0
23.0 268.0 9.0 262.0
40.0 63.0 24.0 53.0
22.0 462.0 6.0 460.0
388.0 473.0 375.0 480.0
41.0 64.0 26.0 53.0
137.0 186.0 137.0 187.0
40.0 64.0 24.0 53.0
24.0 270.0 10.0 263.0
20.0 430.0 5.0 427.0
24.0 268.0 10.0 262.0
467.0 434.0 454.0 442.0
19.0 429.0 5.0 427.0
25.0 269.0 10.0 262.0
138.0 553.0 131.0 556.0
138.0 554.0 131.0 556.0
465.0 36.0 464.0 48.0
23.0 269.0 9.0 262.0
19.0 430.0 5.0 427.0
19.0 431.0 5.0 427.0
20.0 431.0 5.0 427.0
20.0 429.0 5.0 427.0
18.0 136.0 4.0 128.0
18.0 137.0 4.0 128.0
17.0 137.0 4.0 128.0
24.0 269.0 10.0 263.0
466.0 434.0 454.0 442.0
467.0 435.0 454.0 442.0
17.0 136.0 4.0 128.0
466.0 435.0 454.0 442.0
431.0 554.0 419.0 561.0
137.0 554.0 131.0 556.0
137.0 553.0 131.0 556.0
25.0 81.0 11.0 71.0
24.0 193.0 10.0 186.0
42.0 565.0 28.0 565.0
24.0 194.0 10.0 186.0
23.0 193.0 10.0 186.0
17.0 414.0 5.0 427.0
71.0 39.0 52.0 25.0
16.0 414.0 5.0 427.0
71.0 40.0 52.0 25.0
25.0 82.0 11.0 71.0
17.0 413.0 5.0 426.0
24.0 81.0 10.0 72.0
16.0 413.0 5.0 427.0
72.0 39.0 52.0 25.0
18.0 413.0 5.0 426.0
72.0 40.0 52.0 25.0
117.0 252.0 114.0 238.0
24.0 82.0 10.0 72.0
367.0 512.0 352.0 506.0
366.0 512.0 351.0 506.0
218.0 607.0 191.0 619.0
203.0 466.0 202.0 460.0
385.0 401.0 367.0 398.0
33.0 566.0 28.0 565.0
116.0 252.0 114.0 238.0
202.0 467.0 202.0 460.0
278.0 6.0 274.0 20.0
278.0 5.0 274.0 20.0
278.0 4.0 274.0 20.0
218.0 606.0 191.0 619.0
202.0 466.0 202.0 460.0
279.0 4.0 274.0 20.0
279.0 5.0 274.0 20.0
365.0 512.0 351.0 506.0
385.0 402.0 363.0 414.0
366.0 513.0 351.0 506.0
367.0 513.0 352.0 506.0
243.0 574.0 234.0 562.0
365.0 513.0 351.0 506.0
256.0 184.0 323.0 155.0
