271.0 443.0 260.0 452.0
271.0 442.0 260.0 452.0
243.0 535.0 234.0 547.0
271.0 444.0 260.0 452.0
242.0 535.0 234.0 547.0
270.0 442.0 260.0 452.0
243.0 536.0 233.0 547.0
272.0 442.0 262.0 452.0
253.0 418.0 243.0 429.0
219.0 367.0 208.0 379.0
272.0 443.0 261.0 452.0
244.0 536.0 234.0 547.0
270.0 444.0 260.0 452.0
270.0 443.0 260.0 452.0
253.0 419.0 243.0 430.0
257.0 291.0 247.0 301.0
255.0 292.0 245.0 300.0
256.0 292.0 247.0 301.0
244.0 534.0 234.0 547.0
244.0 535.0 234.0 547.0
256.0 291.0 245.0 300.0
232.0 300.0 221.0 310.0
230.0 300.0 221.0 310.0
231.0 300.0 221.0 310.0
233.0 299.0 221.0 310.0
231.0 301.0 221.0 310.0
254.0 341.0 245.0 351.0
252.0 418.0 243.0 429.0
183.0 442.0 172.0 452.0
182.0 442.0 172.0 452.0
222.0 421.0 211.0 431.0
219.0 368.0 209.0 380.0
223.0 420.0 212.0 431.0
230.0 301.0 221.0 310.0
234.0 298.0 222.0 308.0
87.0 395.0 74.0 404.0
250.0 549.0 238.0 562.0
387.0 189.0 378.0 202.0
386.0 190.0 378.0 203.0
164.0 100.0 155.0 111.0
218.0 368.0 209.0 380.0
182.0 441.0 172.0 452.0
255.0 293.0 245.0 301.0
205.0 402.0 193.0 412.0
233.0 298.0 222.0 308.0
203.0 404.0 192.0 414.0
257.0 292.0 247.0 301.0
220.0 368.0 209.0 380.0
256.0 341.0 245.0 350.0
218.0 367.0 209.0 380.0
299.0 71.0 287.0 83.0
387.0 190.0 378.0 202.0
298.0 70.0 287.0 83.0
165.0 100.0 156.0 111.0
299.0 70.0 287.0 83.0
221.0 421.0 211.0 432.0
95.0 472.0 81.0 482.0
241.0 394.0 230.0 403.0
240.0 392.0 230.0 403.0
184.0 442.0 172.0 450.0
297.0 70.0 287.0 83.0
164.0 99.0 155.0 111.0
223.0 421.0 212.0 431.0
95.0 471.0 81.0 481.0
240.0 393.0 230.0 403.0
87.0 396.0 75.0 405.0
252.0 419.0 243.0 430.0
231.0 299.0 221.0 310.0
298.0 71.0 287.0 83.0
88.0 395.0 74.0 404.0
218.0 369.0 209.0 380.0
204.0 402.0 193.0 412.0
182.0 443.0 172.0 452.0
181.0 442.0 172.0 452.0
204.0 404.0 193.0 414.0
256.0 293.0 247.0 301.0
342.0 140.0 333.0 151.0
183.0 441.0 172.0 450.0
255.0 341.0 245.0 350.0
341.0 140.0 333.0 151.0
94.0 473.0 80.0 482.0
232.0 299.0 221.0 310.0
219.0 369.0 209.0 380.0
249.0 78.0 238.0 90.0
266.0 303.0 256.0 314.0
249.0 549.0 238.0 562.0
234.0 297.0 222.0 308.0
354.0 171.0 345.0 179.0
203.0 403.0 192.0 414.0
242.0 355.0 234.0 364.0
193.0 308.0 180.0 320.0
232.0 298.0 220.0 308.0
216.0 470.0 204.0 481.0
215.0 470.0 204.0 481.0
220.0 369.0 209.0 380.0
373.0 159.0 365.0 173.0
221.0 422.0 211.0 432.0
241.0 355.0 234.0 364.0
250.0 550.0 238.0 562.0
240.0 178.0 230.0 189.0
373.0 158.0 364.0 171.0
297.0 71.0 287.0 83.0
355.0 170.0 345.0 180.0
354.0 169.0 345.0 180.0
254.0 342.0 245.0 351.0
184.0 441.0 172.0 450.0
355.0 171.0 345.0 180.0
354.0 170.0 345.0 179.0
190.0 257.0 181.0 265.0
248.0 78.0 238.0 90.0
215.0 469.0 204.0 481.0
386.0 191.0 378.0 203.0
225.0 110.0 213.0 118.0
340.0 140.0 333.0 151.0
191.0 257.0 181.0 266.0
223.0 110.0 213.0 118.0
98.0 578.0 84.0 591.0
341.0 139.0 333.0 151.0
219.0 370.0 209.0 380.0
240.0 177.0 230.0 188.0
251.0 372.0 241.0 384.0
204.0 403.0 193.0 414.0
193.0 307.0 180.0 319.0
347.0 62.0 335.0 76.0
285.0 422.0 274.0 432.0
224.0 109.0 213.0 118.0
94.0 472.0 81.0 481.0
226.0 188.0 215.0 198.0
346.0 62.0 335.0 76.0
225.0 188.0 215.0 198.0
251.0 373.0 241.0 383.0
165.0 101.0 156.0 111.0
340.0 139.0 333.0 151.0
343.0 139.0 333.0 151.0
183.0 440.0 172.0 450.0
211.0 311.0 200.0 322.0
224.0 110.0 213.0 118.0
216.0 469.0 204.0 481.0
94.0 471.0 81.0 481.0
216.0 471.0 204.0 481.0
223.0 109.0 213.0 118.0
374.0 158.0 365.0 173.0
355.0 169.0 345.0 180.0
194.0 307.0 181.0 318.0
226.0 187.0 215.0 198.0
348.0 61.0 335.0 76.0
355.0 168.0 345.0 180.0
191.0 84.0 181.0 95.0
223.0 108.0 213.0 118.0
192.0 257.0 182.0 267.0
240.0 179.0 230.0 189.0
251.0 374.0 241.0 383.0
247.0 78.0 238.0 90.0
356.0 26.0 348.0 36.0
374.0 163.0 365.0 175.0
356.0 25.0 348.0 36.0
191.0 85.0 181.0 95.0
224.0 189.0 215.0 196.0
373.0 165.0 366.0 176.0
255.0 342.0 245.0 350.0
254.0 533.0 244.0 546.0
425.0 167.0 414.0 181.0
356.0 27.0 348.0 37.0
347.0 61.0 335.0 76.0
193.0 309.0 180.0 320.0
353.0 171.0 344.0 181.0
373.0 164.0 365.0 175.0
246.0 80.0 237.0 91.0
250.0 373.0 241.0 383.0
225.0 418.0 213.0 431.0
83.0 413.0 73.0 423.0
225.0 187.0 215.0 196.0
211.0 312.0 200.0 322.0
225.0 189.0 215.0 198.0
248.0 79.0 238.0 90.0
216.0 468.0 204.0 480.0
342.0 139.0 333.0 151.0
239.0 179.0 230.0 189.0
224.0 188.0 215.0 196.0
193.0 85.0 182.0 95.0
215.0 471.0 203.0 481.0
248.0 80.0 238.0 90.0
408.0 178.0 401.0 190.0
239.0 180.0 230.0 189.0
192.0 84.0 182.0 95.0
251.0 418.0 243.0 429.0
190.0 258.0 181.0 266.0
306.0 512.0 297.0 524.0
224.0 187.0 214.0 197.0
249.0 550.0 238.0 562.0
251.0 419.0 243.0 429.0
164.0 101.0 155.0 111.0
284.0 422.0 274.0 432.0
247.0 80.0 238.0 90.0
226.0 189.0 215.0 198.0
211.0 313.0 200.0 322.0
249.0 551.0 238.0 562.0
305.0 511.0 297.0 524.0
239.0 178.0 230.0 189.0
375.0 163.0 365.0 175.0
93.0 473.0 80.0 482.0
210.0 92.0 198.0 102.0
357.0 25.0 348.0 36.0
306.0 511.0 297.0 524.0
357.0 26.0 348.0 36.0
194.0 308.0 180.0 320.0
408.0 177.0 400.0 190.0
192.0 85.0 182.0 95.0
409.0 177.0 401.0 190.0
239.0 319.0 229.0 328.0
247.0 79.0 238.0 90.0
211.0 91.0 200.0 102.0
409.0 178.0 401.0 190.0
190.0 85.0 181.0 95.0
93.0 471.0 80.0 482.0
212.0 312.0 200.0 322.0
225.0 417.0 213.0 431.0
225.0 190.0 215.0 198.0
29.0 240.0 16.0 248.0
93.0 472.0 80.0 482.0
248.0 549.0 238.0 562.0
210.0 312.0 203.0 319.0
279.0 174.0 271.0 183.0
215.0 472.0 203.0 481.0
212.0 92.0 200.0 103.0
278.0 175.0 271.0 183.0
348.0 60.0 335.0 76.0
283.0 422.0 274.0 432.0
254.0 534.0 244.0 546.0
96.0 613.0 84.0 624.0
95.0 613.0 84.0 624.0
211.0 92.0 200.0 102.0
29.0 241.0 16.0 248.0
92.0 472.0 80.0 482.0
339.0 140.0 332.0 151.0
456.0 35.0 447.0 48.0
192.0 258.0 182.0 267.0
358.0 25.0 348.0 36.0
97.0 613.0 84.0 624.0
191.0 258.0 182.0 267.0
196.0 160.0 187.0 165.0
374.0 164.0 365.0 175.0
28.0 241.0 16.0 248.0
306.0 513.0 297.0 524.0
239.0 177.0 230.0 188.0
190.0 86.0 181.0 95.0
210.0 313.0 200.0 322.0
92.0 473.0 80.0 482.0
201.0 441.0 190.0 450.0
278.0 174.0 271.0 183.0
305.0 513.0 297.0 524.0
206.0 71.0 192.0 86.0
95.0 614.0 83.0 624.0
30.0 262.0 19.0 269.0
191.0 86.0 181.0 95.0
374.0 165.0 366.0 176.0
322.0 545.0 314.0 558.0
192.0 86.0 181.0 94.0
248.0 550.0 238.0 562.0
261.0 326.0 251.0 342.0
191.0 259.0 182.0 267.0
96.0 614.0 83.0 624.0
280.0 174.0 271.0 183.0
277.0 174.0 270.0 184.0
324.0 544.0 314.0 558.0
279.0 175.0 271.0 184.0
196.0 156.0 187.0 165.0
226.0 418.0 213.0 430.0
212.0 91.0 200.0 102.0
248.0 551.0 238.0 562.0
183.0 427.0 165.0 433.0
28.0 240.0 16.0 248.0
97.0 614.0 83.0 624.0
375.0 165.0 366.0 176.0
409.0 179.0 401.0 190.0
323.0 544.0 314.0 558.0
305.0 512.0 297.0 524.0
29.0 239.0 16.0 248.0
323.0 545.0 314.0 558.0
300.0 162.0 289.0 174.0
30.0 190.0 18.0 198.0
278.0 173.0 271.0 183.0
226.0 417.0 213.0 430.0
209.0 313.0 203.0 319.0
29.0 261.0 19.0 269.0
201.0 442.0 190.0 450.0
207.0 70.0 192.0 86.0
407.0 174.0 398.0 186.0
304.0 512.0 297.0 524.0
323.0 546.0 314.0 558.0
375.0 164.0 365.0 175.0
196.0 158.0 187.0 165.0
31.0 190.0 19.0 196.0
28.0 239.0 16.0 248.0
29.0 189.0 18.0 198.0
169.0 104.0 156.0 111.0
95.0 612.0 84.0 624.0
312.0 72.0 300.0 86.0
191.0 87.0 181.0 95.0
90.0 410.0 72.0 422.0
97.0 612.0 84.0 624.0
30.0 189.0 18.0 198.0
205.0 72.0 192.0 86.0
358.0 24.0 348.0 36.0
31.0 189.0 19.0 196.0
196.0 157.0 187.0 165.0
164.0 232.0 154.0 240.0
279.0 173.0 271.0 183.0
30.0 188.0 18.0 198.0
277.0 173.0 270.0 184.0
261.0 325.0 251.0 342.0
322.0 546.0 314.0 558.0
207.0 69.0 192.0 86.0
29.0 188.0 19.0 195.0
30.0 263.0 19.0 269.0
29.0 262.0 19.0 269.0
324.0 545.0 314.0 558.0
31.0 188.0 19.0 196.0
262.0 326.0 251.0 342.0
27.0 241.0 16.0 248.0
192.0 259.0 182.0 267.0
31.0 187.0 19.0 195.0
211.0 406.0 198.0 419.0
170.0 80.0 162.0 88.0
29.0 263.0 19.0 269.0
95.0 615.0 83.0 624.0
171.0 80.0 162.0 88.0
28.0 238.0 16.0 248.0
30.0 187.0 19.0 195.0
205.0 71.0 192.0 86.0
200.0 441.0 190.0 450.0
206.0 70.0 192.0 86.0
199.0 442.0 190.0 450.0
96.0 612.0 84.0 624.0
262.0 325.0 251.0 342.0
200.0 442.0 190.0 450.0
170.0 81.0 162.0 88.0
30.0 186.0 19.0 195.0
183.0 426.0 166.0 432.0
204.0 221.0 194.0 228.0
205.0 221.0 194.0 229.0
29.0 264.0 19.0 269.0
204.0 71.0 192.0 86.0
205.0 220.0 194.0 228.0
28.0 262.0 19.0 269.0
29.0 187.0 19.0 195.0
203.0 36.0 193.0 40.0
205.0 70.0 192.0 86.0
175.0 624.0 173.0 631.0
96.0 611.0 84.0 624.0
184.0 426.0 166.0 432.0
97.0 611.0 84.0 624.0
206.0 69.0 192.0 86.0
203.0 37.0 193.0 47.0
259.0 113.0 253.0 118.0
27.0 240.0 16.0 248.0
203.0 35.0 193.0 40.0
203.0 34.0 193.0 40.0
178.0 365.0 172.0 380.0
204.0 70.0 192.0 86.0
205.0 219.0 194.0 228.0
317.0 158.0 302.0 175.0
27.0 239.0 16.0 248.0
260.0 531.0 244.0 545.0
256.0 131.0 249.0 146.0
260.0 530.0 244.0 545.0
28.0 263.0 19.0 269.0
175.0 625.0 173.0 631.0
257.0 131.0 249.0 146.0
204.0 220.0 194.0 228.0
174.0 623.0 173.0 631.0
28.0 264.0 19.0 269.0
205.0 69.0 192.0 86.0
174.0 624.0 173.0 631.0
265.0 108.0 254.0 119.0
206.0 68.0 192.0 86.0
256.0 130.0 249.0 146.0
27.0 211.0 16.0 217.0
265.0 107.0 254.0 119.0
174.0 626.0 173.0 631.0
202.0 35.0 192.0 47.0
280.0 12.0 271.0 24.0
263.0 108.0 254.0 118.0
257.0 130.0 249.0 146.0
202.0 32.0 193.0 42.0
318.0 157.0 302.0 175.0
265.0 109.0 254.0 118.0
280.0 15.0 271.0 24.0
280.0 13.0 271.0 24.0
27.0 210.0 16.0 217.0
202.0 33.0 193.0 42.0
279.0 11.0 271.0 24.0
202.0 36.0 192.0 47.0
264.0 108.0 253.0 117.0
28.0 211.0 16.0 217.0
174.0 625.0 173.0 631.0
280.0 11.0 271.0 24.0
202.0 34.0 192.0 47.0
264.0 107.0 253.0 117.0
27.0 212.0 16.0 219.0
279.0 12.0 271.0 24.0
173.0 624.0 173.0 631.0
279.0 14.0 271.0 24.0
202.0 37.0 193.0 47.0
205.0 68.0 192.0 86.0
264.0 109.0 254.0 118.0
280.0 16.0 272.0 24.0
173.0 625.0 173.0 631.0
204.0 219.0 194.0 228.0
319.0 157.0 303.0 175.0
26.0 211.0 16.0 217.0
28.0 212.0 16.0 219.0
279.0 13.0 271.0 24.0
26.0 210.0 16.0 217.0
191.0 617.0 174.0 632.0
385.0 40.0 377.0 51.0
319.0 156.0 302.0 175.0
173.0 626.0 173.0 631.0
27.0 213.0 16.0 219.0
103.0 592.0 84.0 591.0
107.0 550.0 84.0 564.0
102.0 592.0 84.0 591.0
102.0 593.0 84.0 591.0
26.0 212.0 16.0 219.0
192.0 617.0 174.0 632.0
191.0 616.0 174.0 632.0
37.0 168.0 19.0 195.0
386.0 39.0 377.0 51.0
386.0 40.0 377.0 51.0
103.0 593.0 84.0 591.0
75.0 587.0 62.0 598.0
102.0 594.0 84.0 591.0
387.0 38.0 377.0 51.0
74.0 588.0 60.0 599.0
193.0 616.0 174.0 632.0
192.0 616.0 174.0 632.0
180.0 188.0 167.0 201.0
387.0 39.0 377.0 51.0
181.0 189.0 167.0 201.0
182.0 188.0 167.0 201.0
181.0 188.0 167.0 201.0
75.0 586.0 62.0 598.0
73.0 587.0 59.0 600.0
193.0 615.0 174.0 632.0
73.0 588.0 59.0 600.0
181.0 187.0 167.0 201.0
181.0 186.0 167.0 201.0
103.0 594.0 84.0 591.0
72.0 587.0 59.0 600.0
180.0 187.0 167.0 201.0
72.0 588.0 59.0 600.0
255.0 169.0 245.0 171.0
182.0 187.0 167.0 201.0
73.0 586.0 59.0 600.0
194.0 616.0 174.0 632.0
251.0 304.0 247.0 302.0
194.0 615.0 174.0 632.0
74.0 586.0 60.0 599.0
74.0 587.0 60.0 599.0
254.0 169.0 245.0 171.0
255.0 170.0 245.0 171.0
254.0 170.0 245.0 171.0
102.0 595.0 84.0 591.0
251.0 305.0 247.0 302.0
207.0 199.0 196.0 215.0
207.0 198.0 196.0 215.0
