347.0 458.0 357.0 457.0
372.0 357.0 387.0 358.0
397.0 418.0 408.0 418.0
362.0 468.0 371.0 468.0
396.0 418.0 408.0 418.0
17.0 376.0 18.0 369.0
17.0 375.0 18.0 369.0
398.0 418.0 408.0 418.0
396.0 417.0 408.0 418.0
16.0 375.0 18.0 369.0
348.0 459.0 357.0 457.0
348.0 458.0 357.0 457.0
16.0 376.0 18.0 369.0
372.0 356.0 387.0 358.0
362.0 469.0 371.0 468.0
360.0 370.0 373.0 371.0
397.0 417.0 408.0 418.0
361.0 468.0 371.0 468.0
346.0 458.0 357.0 457.0
361.0 469.0 371.0 469.0
347.0 459.0 357.0 457.0
373.0 357.0 387.0 358.0
382.0 343.0 396.0 345.0
362.0 467.0 371.0 468.0
346.0 459.0 357.0 457.0
7.0 474.0 7.0 466.0
361.0 370.0 373.0 371.0
6.0 474.0 7.0 466.0
381.0 343.0 395.0 344.0
368.0 332.0 382.0 333.0
302.0 627.0 307.0 623.0
16.0 248.0 20.0 239.0
17.0 246.0 20.0 239.0
7.0 475.0 9.0 466.0
6.0 475.0 9.0 466.0
360.0 369.0 373.0 371.0
398.0 417.0 408.0 418.0
218.0 84.0 230.0 76.0
16.0 246.0 19.0 238.0
158.0 346.0 162.0 339.0
301.0 627.0 307.0 623.0
301.0 628.0 307.0 623.0
17.0 247.0 20.0 239.0
218.0 85.0 230.0 76.0
59.0 352.0 62.0 344.0
157.0 346.0 162.0 339.0
17.0 248.0 20.0 239.0
136.0 518.0 137.0 512.0
16.0 247.0 19.0 239.0
18.0 248.0 20.0 239.0
22.0 229.0 25.0 222.0
158.0 347.0 162.0 339.0
73.0 350.0 79.0 341.0
376.0 435.0 386.0 434.0
217.0 85.0 230.0 76.0
217.0 84.0 230.0 76.0
80.0 220.0 87.0 211.0
136.0 519.0 137.0 512.0
136.0 517.0 137.0 512.0
137.0 519.0 138.0 512.0
137.0 518.0 138.0 512.0
376.0 434.0 386.0 434.0
22.0 230.0 25.0 222.0
18.0 247.0 20.0 239.0
302.0 628.0 307.0 623.0
59.0 351.0 62.0 344.0
73.0 349.0 79.0 341.0
80.0 221.0 87.0 211.0
375.0 434.0 386.0 434.0
157.0 347.0 162.0 339.0
72.0 350.0 79.0 341.0
79.0 221.0 87.0 211.0
375.0 435.0 386.0 434.0
118.0 224.0 123.0 217.0
21.0 230.0 25.0 222.0
311.0 253.0 323.0 248.0
186.0 255.0 192.0 250.0
23.0 231.0 25.0 222.0
193.0 481.0 202.0 476.0
364.0 307.0 378.0 307.0
21.0 231.0 25.0 222.0
10.0 6.0 16.0 3.0
310.0 253.0 323.0 248.0
79.0 222.0 87.0 211.0
193.0 482.0 201.0 476.0
186.0 254.0 193.0 249.0
240.0 317.0 245.0 313.0
22.0 231.0 25.0 222.0
219.0 66.0 230.0 59.0
217.0 356.0 224.0 351.0
72.0 349.0 79.0 341.0
270.0 384.0 278.0 380.0
185.0 255.0 192.0 250.0
239.0 317.0 245.0 313.0
309.0 253.0 323.0 248.0
358.0 310.0 369.0 309.0
220.0 67.0 230.0 59.0
310.0 252.0 323.0 248.0
239.0 318.0 245.0 313.0
135.0 283.0 141.0 277.0
239.0 316.0 245.0 313.0
111.0 441.0 117.0 435.0
364.0 308.0 378.0 307.0
318.0 635.0 323.0 631.0
219.0 67.0 230.0 59.0
80.0 222.0 87.0 211.0
22.0 232.0 25.0 222.0
309.0 252.0 323.0 248.0
112.0 440.0 117.0 435.0
118.0 223.0 123.0 217.0
185.0 254.0 193.0 249.0
363.0 307.0 378.0 307.0
310.0 251.0 323.0 248.0
184.0 254.0 192.0 250.0
128.0 626.0 130.0 617.0
11.0 7.0 16.0 3.0
238.0 317.0 245.0 313.0
136.0 283.0 141.0 277.0
11.0 6.0 16.0 3.0
220.0 66.0 230.0 59.0
185.0 253.0 193.0 249.0
128.0 627.0 130.0 617.0
127.0 626.0 130.0 617.0
58.0 278.0 63.0 271.0
218.0 355.0 224.0 351.0
129.0 626.0 130.0 617.0
221.0 67.0 230.0 59.0
216.0 355.0 224.0 351.0
128.0 625.0 130.0 617.0
216.0 354.0 224.0 351.0
242.0 77.0 256.0 68.0
72.0 246.0 76.0 239.0
193.0 483.0 201.0 476.0
71.0 246.0 76.0 239.0
310.0 332.0 318.0 330.0
185.0 370.0 192.0 366.0
59.0 277.0 63.0 271.0
165.0 188.0 174.0 181.0
217.0 355.0 224.0 351.0
148.0 376.0 155.0 371.0
270.0 385.0 278.0 381.0
25.0 135.0 31.0 125.0
186.0 253.0 193.0 249.0
137.0 284.0 141.0 277.0
73.0 248.0 76.0 239.0
363.0 308.0 378.0 307.0
67.0 458.0 69.0 451.0
58.0 277.0 63.0 271.0
269.0 385.0 278.0 381.0
217.0 354.0 224.0 351.0
8.0 298.0 11.0 287.0
148.0 377.0 155.0 371.0
58.0 276.0 63.0 271.0
71.0 247.0 76.0 239.0
269.0 384.0 278.0 380.0
127.0 627.0 130.0 617.0
25.0 134.0 31.0 125.0
72.0 247.0 76.0 239.0
181.0 164.0 189.0 158.0
185.0 371.0 192.0 366.0
135.0 284.0 141.0 277.0
217.0 286.0 224.0 280.0
162.0 615.0 166.0 606.0
136.0 284.0 141.0 277.0
165.0 538.0 170.0 528.0
165.0 189.0 174.0 182.0
218.0 286.0 224.0 280.0
177.0 435.0 183.0 428.0
259.0 363.0 268.0 358.0
294.0 586.0 301.0 580.0
72.0 248.0 76.0 239.0
73.0 247.0 78.0 238.0
242.0 78.0 256.0 68.0
113.0 438.0 117.0 435.0
183.0 163.0 191.0 157.0
295.0 587.0 301.0 580.0
184.0 372.0 192.0 366.0
163.0 417.0 166.0 410.0
203.0 74.0 217.0 66.0
162.0 416.0 166.0 410.0
248.0 405.0 256.0 401.0
165.0 537.0 170.0 528.0
163.0 416.0 166.0 410.0
162.0 616.0 166.0 606.0
147.0 377.0 155.0 371.0
154.0 157.0 163.0 148.0
182.0 163.0 191.0 157.0
184.0 370.0 192.0 366.0
329.0 553.0 336.0 549.0
57.0 276.0 63.0 271.0
182.0 36.0 195.0 26.0
164.0 190.0 174.0 182.0
217.0 285.0 224.0 280.0
182.0 162.0 191.0 157.0
25.0 133.0 31.0 125.0
184.0 371.0 192.0 366.0
166.0 189.0 175.0 180.0
243.0 360.0 251.0 357.0
182.0 164.0 190.0 157.0
202.0 73.0 217.0 66.0
68.0 458.0 69.0 451.0
249.0 406.0 256.0 401.0
165.0 190.0 174.0 182.0
57.0 277.0 63.0 271.0
241.0 77.0 256.0 68.0
221.0 66.0 230.0 59.0
24.0 134.0 31.0 126.0
183.0 164.0 191.0 157.0
97.0 272.0 101.0 270.0
166.0 537.0 170.0 528.0
161.0 615.0 166.0 606.0
147.0 376.0 155.0 371.0
177.0 433.0 183.0 428.0
399.0 590.0 404.0 579.0
248.0 406.0 256.0 401.0
161.0 616.0 166.0 606.0
249.0 405.0 256.0 401.0
183.0 36.0 195.0 26.0
181.0 163.0 190.0 157.0
241.0 78.0 256.0 68.0
295.0 586.0 301.0 580.0
328.0 553.0 336.0 549.0
165.0 536.0 170.0 528.0
154.0 156.0 163.0 148.0
250.0 405.0 256.0 401.0
152.0 133.0 160.0 123.0
98.0 272.0 101.0 270.0
60.0 48.0 62.0 34.0
205.0 584.0 209.0 576.0
218.0 285.0 224.0 280.0
163.0 418.0 166.0 410.0
61.0 48.0 62.0 34.0
201.0 74.0 217.0 66.0
250.0 406.0 256.0 401.0
177.0 434.0 183.0 428.0
399.0 589.0 404.0 580.0
268.0 385.0 277.0 381.0
399.0 588.0 404.0 580.0
327.0 553.0 336.0 549.0
183.0 37.0 195.0 26.0
296.0 586.0 301.0 580.0
205.0 583.0 209.0 576.0
182.0 388.0 190.0 381.0
192.0 198.0 197.0 192.0
178.0 434.0 183.0 428.0
182.0 37.0 195.0 26.0
60.0 47.0 62.0 34.0
69.0 458.0 69.0 451.0
61.0 49.0 63.0 35.0
400.0 590.0 404.0 579.0
152.0 134.0 160.0 123.0
202.0 74.0 217.0 66.0
67.0 457.0 69.0 451.0
183.0 38.0 195.0 26.0
295.0 585.0 301.0 580.0
400.0 589.0 404.0 580.0
59.0 48.0 62.0 34.0
120.0 248.0 126.0 237.0
191.0 198.0 197.0 192.0
190.0 198.0 197.0 192.0
120.0 249.0 126.0 237.0
182.0 38.0 195.0 26.0
400.0 591.0 404.0 579.0
101.0 359.0 105.0 352.0
328.0 552.0 336.0 549.0
68.0 457.0 69.0 451.0
204.0 583.0 209.0 576.0
60.0 49.0 62.0 34.0
205.0 582.0 209.0 576.0
114.0 299.0 122.0 293.0
204.0 582.0 209.0 576.0
204.0 584.0 209.0 576.0
192.0 199.0 197.0 192.0
191.0 199.0 197.0 192.0
176.0 604.0 181.0 595.0
175.0 604.0 181.0 595.0
30.0 176.0 32.0 167.0
400.0 588.0 404.0 580.0
176.0 605.0 181.0 595.0
135.0 156.0 141.0 138.0
175.0 605.0 181.0 595.0
167.0 113.0 174.0 105.0
136.0 156.0 141.0 138.0
168.0 112.0 174.0 105.0
219.0 572.0 224.0 565.0
59.0 49.0 62.0 34.0
218.0 572.0 223.0 564.0
167.0 112.0 174.0 105.0
86.0 520.0 94.0 502.0
87.0 520.0 94.0 502.0
87.0 519.0 94.0 502.0
136.0 157.0 141.0 138.0
168.0 113.0 174.0 105.0
9.0 217.0 11.0 286.0
86.0 521.0 94.0 502.0
102.0 366.0 105.0 353.0
10.0 217.0 11.0 286.0
10.0 218.0 11.0 287.0
86.0 522.0 94.0 502.0
169.0 112.0 174.0 105.0
84.0 418.0 85.0 413.0
87.0 521.0 94.0 502.0
135.0 157.0 141.0 138.0
16.0 442.0 31.0 433.0
84.0 419.0 85.0 413.0
103.0 367.0 105.0 353.0
319.0 338.0 318.0 330.0
85.0 419.0 85.0 413.0
102.0 367.0 105.0 353.0
85.0 418.0 85.0 413.0
44.0 184.0 34.0 167.0
114.0 404.0 118.0 415.0
184.0 618.0 181.0 595.0
44.0 185.0 34.0 167.0
109.0 174.0 121.0 166.0
86.0 419.0 85.0 413.0
44.0 183.0 34.0 167.0
184.0 617.0 181.0 595.0
109.0 173.0 121.0 166.0
117.0 319.0 117.0 316.0
228.0 468.0 220.0 468.0
114.0 403.0 118.0 415.0
195.0 299.0 199.0 281.0
86.0 418.0 85.0 413.0
9.0 216.0 25.0 221.0
157.0 18.0 195.0 26.0
113.0 404.0 118.0 415.0
