69.0 186.0 86.0 203.0
68.0 186.0 86.0 203.0
67.0 185.0 86.0 203.0
69.0 184.0 85.0 202.0
69.0 187.0 86.0 203.0
68.0 185.0 86.0 203.0
70.0 186.0 87.0 203.0
69.0 185.0 85.0 202.0
70.0 185.0 85.0 202.0
68.0 184.0 85.0 202.0
70.0 187.0 86.0 203.0
68.0 187.0 86.0 203.0
67.0 186.0 86.0 203.0
195.0 166.0 211.0 178.0
396.0 109.0 414.0 116.0
340.0 101.0 362.0 108.0
396.0 110.0 414.0 116.0
341.0 102.0 363.0 108.0
395.0 109.0 414.0 116.0
395.0 110.0 414.0 117.0
239.0 74.0 259.0 83.0
340.0 102.0 363.0 108.0
394.0 110.0 414.0 117.0
143.0 492.0 160.0 512.0
154.0 542.0 172.0 564.0
396.0 108.0 414.0 116.0
153.0 542.0 172.0 563.0
155.0 542.0 172.0 564.0
142.0 492.0 160.0 512.0
154.0 543.0 172.0 564.0
154.0 541.0 172.0 563.0
195.0 168.0 211.0 179.0
394.0 109.0 414.0 116.0
143.0 493.0 160.0 512.0
196.0 164.0 211.0 176.0
144.0 492.0 160.0 512.0
195.0 165.0 211.0 178.0
197.0 165.0 212.0 177.0
195.0 169.0 211.0 179.0
146.0 517.0 164.0 539.0
153.0 541.0 172.0 563.0
147.0 517.0 164.0 539.0
170.0 431.0 187.0 451.0
395.0 108.0 414.0 116.0
144.0 493.0 160.0 512.0
338.0 24.0 354.0 31.0
169.0 431.0 187.0 451.0
195.0 164.0 211.0 176.0
195.0 167.0 211.0 178.0
171.0 432.0 188.0 451.0
170.0 430.0 187.0 451.0
337.0 25.0 353.0 31.0
143.0 491.0 160.0 512.0
196.0 167.0 211.0 178.0
148.0 518.0 165.0 539.0
238.0 74.0 259.0 83.0
238.0 75.0 259.0 83.0
154.0 540.0 172.0 563.0
170.0 432.0 187.0 451.0
196.0 166.0 211.0 178.0
147.0 518.0 164.0 540.0
329.0 42.0 347.0 45.0
318.0 63.0 337.0 69.0
171.0 431.0 188.0 451.0
196.0 165.0 211.0 177.0
337.0 24.0 353.0 31.0
145.0 492.0 160.0 511.0
97.0 548.0 116.0 572.0
146.0 518.0 164.0 539.0
337.0 26.0 354.0 31.0
147.0 519.0 164.0 540.0
145.0 491.0 160.0 511.0
98.0 548.0 117.0 570.0
171.0 430.0 187.0 451.0
336.0 25.0 353.0 31.0
339.0 25.0 355.0 31.0
237.0 74.0 259.0 83.0
134.0 561.0 154.0 582.0
221.0 139.0 237.0 148.0
328.0 41.0 347.0 45.0
237.0 75.0 259.0 83.0
220.0 139.0 236.0 148.0
98.0 549.0 116.0 572.0
144.0 491.0 160.0 511.0
169.0 432.0 187.0 451.0
143.0 490.0 160.0 511.0
144.0 490.0 160.0 511.0
142.0 491.0 160.0 512.0
338.0 25.0 354.0 31.0
134.0 559.0 155.0 581.0
148.0 519.0 164.0 540.0
172.0 433.0 188.0 451.0
197.0 166.0 212.0 178.0
96.0 548.0 116.0 572.0
132.0 560.0 153.0 581.0
2.0 167.0 2.0 179.0
133.0 561.0 154.0 582.0
148.0 520.0 164.0 540.0
135.0 561.0 155.0 584.0
97.0 547.0 116.0 572.0
1.0 167.0 2.0 179.0
338.0 26.0 354.0 31.0
133.0 560.0 153.0 581.0
73.0 456.0 93.0 475.0
57.0 496.0 76.0 518.0
142.0 490.0 160.0 511.0
171.0 433.0 188.0 451.0
1.0 166.0 2.0 179.0
135.0 560.0 154.0 582.0
98.0 547.0 117.0 570.0
134.0 560.0 155.0 581.0
122.0 521.0 140.0 542.0
135.0 559.0 155.0 581.0
170.0 433.0 188.0 451.0
134.0 562.0 155.0 584.0
147.0 520.0 164.0 540.0
72.0 456.0 93.0 475.0
330.0 42.0 347.0 45.0
133.0 562.0 154.0 582.0
169.0 433.0 187.0 451.0
236.0 74.0 259.0 83.0
133.0 559.0 153.0 581.0
329.0 41.0 347.0 45.0
172.0 434.0 188.0 451.0
59.0 501.0 77.0 520.0
236.0 76.0 259.0 83.0
73.0 457.0 93.0 475.0
221.0 140.0 237.0 148.0
220.0 140.0 237.0 148.0
132.0 561.0 154.0 582.0
236.0 75.0 259.0 83.0
74.0 456.0 93.0 475.0
122.0 519.0 139.0 542.0
171.0 434.0 188.0 451.0
96.0 547.0 117.0 570.0
328.0 40.0 347.0 45.0
123.0 521.0 140.0 542.0
316.0 63.0 337.0 69.0
216.0 94.0 235.0 105.0
56.0 496.0 76.0 518.0
123.0 520.0 140.0 542.0
41.0 173.0 51.0 187.0
13.0 498.0 31.0 514.0
13.0 497.0 31.0 514.0
317.0 63.0 337.0 69.0
121.0 519.0 139.0 542.0
121.0 520.0 140.0 542.0
124.0 521.0 140.0 542.0
60.0 502.0 77.0 520.0
123.0 519.0 140.0 542.0
170.0 434.0 187.0 451.0
124.0 519.0 140.0 541.0
13.0 499.0 30.0 514.0
14.0 498.0 31.0 514.0
55.0 496.0 76.0 518.0
59.0 502.0 77.0 520.0
329.0 40.0 347.0 45.0
74.0 457.0 93.0 475.0
122.0 520.0 140.0 542.0
56.0 495.0 76.0 518.0
55.0 495.0 76.0 518.0
12.0 498.0 30.0 514.0
12.0 499.0 30.0 514.0
252.0 19.0 275.0 13.0
355.0 4.0 373.0 11.0
40.0 173.0 51.0 187.0
14.0 497.0 31.0 514.0
65.0 526.0 83.0 543.0
330.0 41.0 347.0 45.0
355.0 6.0 373.0 11.0
67.0 100.0 68.0 102.0
317.0 62.0 337.0 69.0
355.0 5.0 373.0 11.0
354.0 6.0 373.0 11.0
13.0 496.0 31.0 514.0
68.0 100.0 68.0 102.0
11.0 498.0 30.0 514.0
353.0 5.0 372.0 10.0
354.0 5.0 373.0 11.0
353.0 6.0 372.0 10.0
354.0 4.0 373.0 11.0
246.0 244.0 290.0 272.0
40.0 172.0 51.0 187.0
150.0 70.0 170.0 82.0
261.0 146.0 281.0 154.0
12.0 497.0 31.0 514.0
39.0 174.0 51.0 187.0
263.0 147.0 281.0 154.0
124.0 520.0 140.0 541.0
39.0 173.0 51.0 187.0
40.0 174.0 51.0 187.0
247.0 244.0 290.0 272.0
330.0 40.0 347.0 45.0
68.0 101.0 68.0 102.0
298.0 181.0 315.0 190.0
60.0 503.0 77.0 520.0
66.0 102.0 68.0 102.0
246.0 243.0 290.0 272.0
11.0 499.0 30.0 514.0
77.0 499.0 101.0 520.0
11.0 497.0 30.0 513.0
385.0 234.0 407.0 244.0
244.0 243.0 290.0 272.0
68.0 103.0 68.0 102.0
67.0 101.0 68.0 102.0
12.0 496.0 31.0 514.0
329.0 39.0 347.0 45.0
248.0 244.0 290.0 272.0
215.0 94.0 235.0 105.0
247.0 243.0 290.0 272.0
67.0 103.0 68.0 102.0
68.0 104.0 68.0 102.0
69.0 101.0 68.0 102.0
291.0 151.0 313.0 164.0
69.0 102.0 68.0 102.0
171.0 435.0 188.0 451.0
38.0 174.0 51.0 187.0
262.0 146.0 281.0 154.0
40.0 175.0 51.0 187.0
66.0 101.0 68.0 102.0
386.0 235.0 407.0 244.0
297.0 181.0 315.0 190.0
65.0 527.0 83.0 543.0
291.0 150.0 313.0 164.0
299.0 182.0 316.0 189.0
242.0 46.0 257.0 54.0
248.0 243.0 290.0 272.0
68.0 102.0 68.0 102.0
249.0 244.0 290.0 272.0
11.0 496.0 30.0 513.0
238.0 141.0 258.0 150.0
69.0 103.0 68.0 102.0
245.0 243.0 290.0 272.0
298.0 182.0 315.0 190.0
66.0 526.0 83.0 543.0
264.0 146.0 281.0 154.0
246.0 242.0 290.0 272.0
263.0 146.0 281.0 154.0
239.0 141.0 258.0 150.0
241.0 46.0 257.0 54.0
247.0 242.0 290.0 272.0
243.0 45.0 257.0 53.0
243.0 46.0 257.0 54.0
67.0 102.0 68.0 102.0
66.0 527.0 87.0 547.0
385.0 235.0 407.0 244.0
67.0 104.0 68.0 102.0
39.0 175.0 51.0 187.0
265.0 146.0 281.0 154.0
10.0 497.0 30.0 513.0
237.0 141.0 256.0 151.0
245.0 242.0 290.0 272.0
77.0 498.0 101.0 520.0
241.0 45.0 257.0 53.0
38.0 175.0 51.0 187.0
405.0 177.0 427.0 183.0
66.0 103.0 68.0 102.0
242.0 45.0 257.0 53.0
262.0 145.0 281.0 154.0
61.0 503.0 77.0 520.0
46.0 178.0 51.0 187.0
249.0 243.0 290.0 272.0
10.0 498.0 30.0 513.0
149.0 70.0 170.0 82.0
263.0 145.0 281.0 154.0
68.0 527.0 87.0 547.0
237.0 142.0 256.0 151.0
239.0 142.0 258.0 150.0
67.0 527.0 87.0 547.0
263.0 144.0 281.0 154.0
406.0 177.0 427.0 183.0
264.0 145.0 281.0 154.0
248.0 242.0 290.0 272.0
69.0 527.0 87.0 547.0
290.0 151.0 313.0 164.0
67.0 526.0 83.0 543.0
90.0 135.0 113.0 151.0
128.0 495.0 146.0 524.0
290.0 150.0 313.0 164.0
238.0 142.0 258.0 150.0
45.0 178.0 51.0 187.0
367.0 108.0 398.0 112.0
68.0 526.0 83.0 543.0
89.0 134.0 113.0 151.0
69.0 526.0 83.0 543.0
367.0 110.0 398.0 112.0
89.0 135.0 113.0 151.0
290.0 149.0 313.0 164.0
88.0 501.0 102.0 520.0
289.0 150.0 313.0 164.0
367.0 109.0 398.0 112.0
289.0 151.0 313.0 164.0
288.0 151.0 311.0 163.0
46.0 179.0 61.0 190.0
77.0 514.0 101.0 537.0
88.0 502.0 102.0 520.0
366.0 108.0 398.0 112.0
366.0 109.0 398.0 112.0
288.0 150.0 311.0 163.0
122.0 573.0 141.0 595.0
88.0 134.0 113.0 151.0
18.0 629.0 4.0 636.0
14.0 624.0 4.0 636.0
289.0 149.0 311.0 163.0
18.0 630.0 4.0 636.0
19.0 630.0 4.0 636.0
17.0 630.0 4.0 636.0
17.0 628.0 4.0 636.0
15.0 624.0 4.0 636.0
93.0 530.0 119.0 554.0
287.0 150.0 311.0 163.0
17.0 629.0 4.0 636.0
19.0 631.0 4.0 636.0
76.0 514.0 101.0 537.0
96.0 516.0 102.0 538.0
18.0 631.0 4.0 636.0
436.0 272.0 437.0 277.0
219.0 233.0 243.0 250.0
245.0 63.0 260.0 83.0
99.0 590.0 127.0 604.0
100.0 589.0 127.0 604.0
100.0 590.0 127.0 604.0
77.0 513.0 101.0 537.0
288.0 149.0 311.0 163.0
218.0 232.0 243.0 250.0
98.0 589.0 127.0 604.0
435.0 272.0 437.0 277.0
383.0 258.0 399.0 266.0
434.0 272.0 437.0 277.0
198.0 133.0 222.0 161.0
244.0 63.0 260.0 83.0
99.0 589.0 127.0 604.0
374.0 127.0 378.0 122.0
218.0 233.0 243.0 250.0
219.0 235.0 243.0 250.0
217.0 232.0 243.0 250.0
218.0 234.0 243.0 250.0
96.0 517.0 102.0 538.0
217.0 233.0 243.0 250.0
382.0 258.0 399.0 266.0
245.0 62.0 260.0 83.0
216.0 166.0 222.0 161.0
356.0 24.0 363.0 47.0
219.0 234.0 243.0 250.0
375.0 127.0 378.0 122.0
218.0 235.0 243.0 250.0
89.0 503.0 102.0 520.0
214.0 168.0 228.0 190.0
96.0 518.0 102.0 538.0
109.0 534.0 120.0 555.0
89.0 504.0 102.0 520.0
198.0 132.0 221.0 144.0
243.0 63.0 260.0 83.0
357.0 23.0 363.0 47.0
357.0 24.0 363.0 47.0
109.0 535.0 120.0 555.0
375.0 126.0 315.0 190.0
383.0 259.0 399.0 266.0
35.0 622.0 4.0 636.0
382.0 259.0 399.0 266.0
217.0 234.0 243.0 250.0
215.0 168.0 228.0 190.0
357.0 25.0 363.0 47.0
244.0 62.0 260.0 83.0
214.0 167.0 228.0 190.0
215.0 166.0 222.0 161.0
358.0 24.0 335.0 9.0
214.0 166.0 222.0 161.0
110.0 535.0 120.0 555.0
243.0 62.0 260.0 83.0
358.0 25.0 335.0 9.0
