304.0 142.0 306.0 144.0
425.0 196.0 427.0 195.0
423.0 196.0 427.0 195.0
424.0 196.0 427.0 195.0
304.0 143.0 306.0 144.0
423.0 197.0 427.0 196.0
305.0 143.0 306.0 144.0
419.0 165.0 419.0 166.0
424.0 197.0 427.0 195.0
425.0 197.0 427.0 195.0
304.0 144.0 306.0 144.0
418.0 165.0 419.0 167.0
418.0 164.0 419.0 166.0
303.0 142.0 306.0 144.0
337.0 125.0 338.0 127.0
303.0 143.0 306.0 144.0
119.0 378.0 125.0 380.0
68.0 154.0 72.0 160.0
446.0 180.0 446.0 180.0
133.0 246.0 139.0 247.0
424.0 198.0 427.0 196.0
68.0 155.0 72.0 160.0
202.0 178.0 206.0 179.0
120.0 378.0 125.0 380.0
67.0 154.0 72.0 160.0
445.0 180.0 446.0 180.0
446.0 179.0 447.0 180.0
336.0 124.0 338.0 127.0
69.0 155.0 72.0 160.0
67.0 155.0 72.0 160.0
119.0 379.0 125.0 380.0
202.0 177.0 206.0 179.0
198.0 59.0 202.0 63.0
134.0 246.0 139.0 247.0
203.0 168.0 206.0 169.0
67.0 156.0 72.0 160.0
337.0 124.0 338.0 127.0
164.0 131.0 169.0 136.0
447.0 179.0 447.0 180.0
120.0 379.0 125.0 380.0
133.0 245.0 139.0 247.0
35.0 456.0 43.0 458.0
338.0 124.0 339.0 127.0
164.0 132.0 169.0 136.0
30.0 431.0 35.0 434.0
35.0 455.0 43.0 458.0
198.0 58.0 202.0 63.0
199.0 59.0 202.0 63.0
165.0 131.0 169.0 136.0
66.0 615.0 74.0 617.0
79.0 248.0 83.0 251.0
78.0 248.0 83.0 251.0
101.0 380.0 107.0 383.0
282.0 373.0 288.0 371.0
75.0 232.0 80.0 235.0
337.0 123.0 339.0 127.0
36.0 456.0 43.0 458.0
29.0 432.0 35.0 434.0
100.0 380.0 107.0 382.0
162.0 78.0 165.0 83.0
93.0 268.0 98.0 272.0
284.0 373.0 288.0 371.0
283.0 373.0 288.0 371.0
200.0 59.0 202.0 64.0
246.0 492.0 253.0 489.0
202.0 168.0 206.0 169.0
164.0 130.0 169.0 136.0
66.0 614.0 74.0 617.0
134.0 245.0 139.0 247.0
345.0 411.0 351.0 407.0
93.0 269.0 98.0 272.0
75.0 233.0 80.0 235.0
79.0 249.0 83.0 251.0
283.0 372.0 288.0 370.0
345.0 410.0 351.0 405.0
17.0 472.0 24.0 475.0
135.0 246.0 139.0 247.0
74.0 232.0 80.0 235.0
173.0 547.0 179.0 547.0
95.0 547.0 101.0 549.0
165.0 130.0 169.0 136.0
246.0 491.0 253.0 489.0
29.0 431.0 35.0 433.0
172.0 547.0 179.0 547.0
447.0 180.0 446.0 180.0
199.0 58.0 202.0 63.0
83.0 478.0 91.0 480.0
42.0 470.0 48.0 472.0
230.0 314.0 236.0 314.0
98.0 190.0 103.0 194.0
97.0 297.0 103.0 299.0
94.0 547.0 100.0 549.0
282.0 405.0 288.0 404.0
199.0 57.0 202.0 63.0
200.0 58.0 202.0 63.0
16.0 472.0 23.0 474.0
58.0 68.0 61.0 75.0
98.0 191.0 103.0 194.0
110.0 242.0 115.0 244.0
282.0 429.0 287.0 427.0
109.0 242.0 115.0 244.0
74.0 233.0 80.0 235.0
458.0 131.0 458.0 135.0
346.0 559.0 353.0 557.0
177.0 100.0 181.0 105.0
98.0 296.0 103.0 299.0
359.0 364.0 365.0 361.0
474.0 195.0 476.0 196.0
246.0 493.0 253.0 489.0
282.0 406.0 287.0 404.0
230.0 315.0 235.0 315.0
92.0 269.0 98.0 272.0
99.0 190.0 103.0 194.0
283.0 407.0 288.0 405.0
28.0 431.0 35.0 433.0
126.0 394.0 132.0 394.0
98.0 297.0 103.0 299.0
457.0 131.0 458.0 135.0
475.0 195.0 476.0 196.0
283.0 406.0 288.0 404.0
84.0 479.0 91.0 480.0
119.0 512.0 127.0 513.0
127.0 394.0 132.0 394.0
41.0 621.0 47.0 624.0
135.0 245.0 139.0 247.0
83.0 479.0 91.0 480.0
299.0 612.0 307.0 608.0
346.0 560.0 353.0 557.0
177.0 101.0 181.0 105.0
19.0 537.0 25.0 539.0
457.0 130.0 458.0 135.0
126.0 393.0 132.0 394.0
57.0 105.0 61.0 111.0
231.0 315.0 235.0 315.0
16.0 471.0 23.0 474.0
282.0 407.0 288.0 405.0
164.0 335.0 170.0 335.0
97.0 296.0 103.0 299.0
474.0 196.0 476.0 196.0
56.0 104.0 61.0 111.0
475.0 196.0 476.0 196.0
102.0 151.0 107.0 156.0
92.0 268.0 98.0 272.0
57.0 104.0 61.0 111.0
281.0 428.0 287.0 427.0
345.0 560.0 353.0 557.0
162.0 77.0 165.0 83.0
99.0 191.0 103.0 194.0
99.0 522.0 105.0 524.0
89.0 26.0 93.0 33.0
156.0 229.0 160.0 232.0
142.0 561.0 149.0 561.0
457.0 132.0 458.0 135.0
145.0 482.0 152.0 482.0
19.0 538.0 25.0 539.0
40.0 621.0 47.0 624.0
450.0 90.0 450.0 93.0
142.0 562.0 149.0 562.0
56.0 103.0 60.0 110.0
451.0 90.0 450.0 93.0
122.0 39.0 125.0 46.0
56.0 429.0 62.0 431.0
58.0 429.0 62.0 431.0
41.0 470.0 48.0 472.0
282.0 428.0 287.0 427.0
122.0 492.0 129.0 493.0
231.0 314.0 236.0 314.0
143.0 562.0 149.0 561.0
115.0 533.0 123.0 533.0
299.0 611.0 307.0 608.0
57.0 429.0 62.0 431.0
41.0 471.0 48.0 472.0
156.0 424.0 163.0 425.0
131.0 311.0 137.0 313.0
157.0 465.0 163.0 465.0
458.0 132.0 458.0 135.0
157.0 424.0 163.0 425.0
127.0 393.0 133.0 394.0
8.0 251.0 13.0 255.0
346.0 561.0 353.0 557.0
113.0 548.0 120.0 549.0
122.0 40.0 125.0 46.0
116.0 533.0 123.0 533.0
159.0 516.0 165.0 515.0
164.0 334.0 170.0 335.0
155.0 224.0 159.0 226.0
162.0 76.0 165.0 83.0
57.0 428.0 62.0 431.0
158.0 424.0 163.0 425.0
156.0 425.0 163.0 425.0
298.0 612.0 307.0 608.0
40.0 178.0 44.0 185.0
468.0 14.0 466.0 16.0
156.0 230.0 160.0 232.0
57.0 68.0 61.0 75.0
344.0 560.0 353.0 557.0
34.0 456.0 43.0 458.0
298.0 611.0 307.0 608.0
165.0 335.0 170.0 335.0
82.0 84.0 86.0 91.0
39.0 178.0 43.0 184.0
34.0 563.0 42.0 566.0
158.0 425.0 163.0 425.0
89.0 25.0 93.0 33.0
107.0 453.0 112.0 454.0
143.0 563.0 149.0 562.0
281.0 406.0 287.0 404.0
373.0 370.0 378.0 367.0
49.0 163.0 53.0 169.0
163.0 77.0 165.0 83.0
123.0 39.0 125.0 46.0
142.0 563.0 149.0 562.0
281.0 430.0 287.0 428.0
106.0 453.0 112.0 454.0
163.0 76.0 165.0 83.0
8.0 252.0 13.0 255.0
345.0 561.0 353.0 557.0
251.0 397.0 257.0 395.0
146.0 483.0 153.0 483.0
7.0 251.0 13.0 255.0
157.0 425.0 163.0 425.0
469.0 13.0 466.0 16.0
83.0 85.0 86.0 91.0
468.0 12.0 466.0 16.0
146.0 482.0 152.0 482.0
90.0 26.0 93.0 33.0
133.0 195.0 138.0 198.0
348.0 520.0 355.0 515.0
467.0 13.0 466.0 16.0
168.0 414.0 174.0 414.0
346.0 435.0 352.0 432.0
159.0 515.0 165.0 515.0
95.0 404.0 100.0 405.0
142.0 627.0 151.0 627.0
468.0 13.0 466.0 16.0
251.0 396.0 257.0 395.0
344.0 561.0 353.0 557.0
373.0 371.0 378.0 367.0
434.0 118.0 434.0 122.0
142.0 564.0 149.0 562.0
281.0 429.0 287.0 427.0
410.0 54.0 409.0 59.0
102.0 253.0 108.0 255.0
372.0 370.0 378.0 367.0
420.0 11.0 417.0 16.0
94.0 403.0 100.0 405.0
34.0 564.0 42.0 567.0
40.0 179.0 44.0 185.0
18.0 537.0 25.0 539.0
7.0 252.0 13.0 255.0
158.0 465.0 163.0 465.0
469.0 12.0 466.0 16.0
372.0 372.0 378.0 368.0
154.0 224.0 159.0 226.0
321.0 568.0 329.0 563.0
59.0 258.0 65.0 259.0
250.0 396.0 256.0 395.0
250.0 397.0 256.0 395.0
143.0 627.0 151.0 628.0
155.0 229.0 160.0 232.0
372.0 371.0 378.0 367.0
145.0 483.0 152.0 483.0
149.0 175.0 153.0 177.0
35.0 564.0 42.0 566.0
103.0 253.0 108.0 255.0
163.0 490.0 170.0 490.0
320.0 568.0 329.0 563.0
345.0 436.0 352.0 432.0
419.0 10.0 417.0 16.0
82.0 85.0 86.0 91.0
348.0 519.0 355.0 515.0
462.0 61.0 462.0 65.0
148.0 174.0 152.0 178.0
155.0 230.0 160.0 232.0
104.0 253.0 109.0 255.0
94.0 404.0 100.0 405.0
141.0 562.0 149.0 562.0
420.0 10.0 417.0 16.0
320.0 569.0 329.0 563.0
90.0 25.0 93.0 33.0
55.0 7.0 59.0 15.0
134.0 196.0 138.0 198.0
54.0 7.0 59.0 15.0
148.0 175.0 152.0 178.0
214.0 440.0 220.0 439.0
42.0 606.0 49.0 607.0
134.0 195.0 138.0 198.0
410.0 55.0 409.0 59.0
149.0 174.0 153.0 177.0
42.0 605.0 49.0 607.0
105.0 453.0 111.0 454.0
463.0 61.0 462.0 65.0
141.0 563.0 149.0 562.0
347.0 436.0 354.0 432.0
48.0 162.0 53.0 168.0
251.0 395.0 256.0 395.0
364.0 526.0 373.0 521.0
411.0 55.0 409.0 59.0
250.0 395.0 256.0 395.0
215.0 439.0 220.0 439.0
411.0 54.0 409.0 59.0
409.0 55.0 409.0 59.0
83.0 86.0 86.0 91.0
346.0 436.0 354.0 432.0
148.0 176.0 152.0 178.0
215.0 440.0 221.0 439.0
347.0 520.0 355.0 515.0
82.0 86.0 86.0 91.0
365.0 525.0 373.0 521.0
133.0 194.0 138.0 198.0
347.0 519.0 355.0 515.0
309.0 371.0 315.0 369.0
237.0 603.0 245.0 601.0
13.0 447.0 20.0 450.0
298.0 444.0 304.0 441.0
135.0 195.0 138.0 198.0
236.0 603.0 245.0 601.0
421.0 10.0 417.0 16.0
297.0 444.0 304.0 441.0
237.0 604.0 245.0 601.0
298.0 445.0 304.0 441.0
308.0 372.0 315.0 369.0
209.0 327.0 214.0 329.0
106.0 493.0 112.0 495.0
48.0 163.0 53.0 168.0
364.0 525.0 373.0 521.0
347.0 437.0 354.0 432.0
409.0 54.0 409.0 59.0
13.0 448.0 20.0 450.0
210.0 327.0 214.0 329.0
134.0 194.0 138.0 198.0
149.0 176.0 153.0 177.0
48.0 164.0 53.0 169.0
236.0 604.0 245.0 601.0
420.0 9.0 417.0 16.0
209.0 328.0 214.0 329.0
173.0 503.0 180.0 503.0
309.0 372.0 315.0 369.0
13.0 233.0 18.0 239.0
14.0 233.0 18.0 238.0
105.0 493.0 112.0 495.0
41.0 579.0 49.0 581.0
346.0 437.0 354.0 432.0
308.0 588.0 317.0 586.0
41.0 578.0 49.0 581.0
47.0 163.0 53.0 168.0
176.0 243.0 175.0 243.0
432.0 90.0 432.0 93.0
431.0 90.0 432.0 93.0
84.0 438.0 91.0 444.0
432.0 91.0 432.0 93.0
83.0 437.0 91.0 444.0
42.0 579.0 49.0 581.0
16.0 616.0 22.0 620.0
13.0 232.0 18.0 238.0
328.0 438.0 333.0 435.0
328.0 437.0 333.0 435.0
176.0 244.0 175.0 243.0
15.0 616.0 22.0 620.0
83.0 438.0 91.0 444.0
432.0 89.0 432.0 93.0
45.0 57.0 43.0 58.0
83.0 439.0 91.0 444.0
15.0 615.0 22.0 620.0
84.0 439.0 91.0 444.0
16.0 615.0 22.0 620.0
177.0 243.0 175.0 243.0
136.0 294.0 144.0 287.0
135.0 294.0 144.0 287.0
176.0 84.0 172.0 86.0
176.0 85.0 172.0 86.0
453.0 28.0 466.0 16.0
248.0 584.0 257.0 560.0
91.0 72.0 86.0 91.0
123.0 628.0 151.0 627.0
