157.0 178.0 171.0 178.0
157.0 177.0 171.0 178.0
206.0 194.0 220.0 196.0
126.0 26.0 144.0 29.0
207.0 194.0 220.0 196.0
206.0 193.0 220.0 196.0
156.0 177.0 171.0 178.0
156.0 178.0 171.0 178.0
155.0 177.0 171.0 178.0
155.0 178.0 170.0 179.0
205.0 193.0 219.0 195.0
205.0 194.0 219.0 195.0
127.0 25.0 145.0 28.0
127.0 26.0 144.0 29.0
132.0 164.0 145.0 164.0
128.0 26.0 144.0 29.0
70.0 135.0 86.0 135.0
69.0 134.0 86.0 135.0
62.0 322.0 76.0 320.0
126.0 25.0 145.0 28.0
95.0 354.0 108.0 351.0
79.0 170.0 97.0 172.0
128.0 25.0 144.0 29.0
199.0 36.0 212.0 37.0
207.0 193.0 220.0 196.0
190.0 166.0 203.0 167.0
79.0 22.0 98.0 23.0
94.0 353.0 108.0 351.0
154.0 177.0 171.0 178.0
77.0 460.0 89.0 457.0
372.0 131.0 385.0 132.0
195.0 581.0 203.0 577.0
62.0 323.0 76.0 320.0
98.0 173.0 115.0 173.0
191.0 167.0 203.0 167.0
171.0 610.0 177.0 607.0
91.0 79.0 107.0 80.0
65.0 401.0 79.0 398.0
77.0 461.0 89.0 457.0
195.0 580.0 203.0 577.0
129.0 26.0 144.0 29.0
95.0 353.0 108.0 351.0
94.0 352.0 108.0 351.0
57.0 451.0 69.0 446.0
99.0 173.0 115.0 173.0
56.0 471.0 67.0 466.0
202.0 598.0 208.0 594.0
95.0 352.0 108.0 351.0
133.0 164.0 145.0 164.0
191.0 166.0 203.0 167.0
79.0 171.0 97.0 172.0
373.0 129.0 385.0 132.0
91.0 78.0 107.0 80.0
372.0 130.0 385.0 131.0
371.0 130.0 383.0 133.0
63.0 322.0 76.0 320.0
99.0 174.0 115.0 174.0
80.0 22.0 98.0 23.0
201.0 598.0 208.0 594.0
78.0 171.0 95.0 172.0
70.0 134.0 86.0 135.0
373.0 130.0 385.0 132.0
96.0 354.0 108.0 351.0
252.0 487.0 260.0 487.0
80.0 23.0 98.0 23.0
194.0 580.0 202.0 576.0
78.0 170.0 95.0 172.0
66.0 401.0 79.0 398.0
81.0 324.0 96.0 321.0
170.0 610.0 177.0 607.0
72.0 106.0 91.0 102.0
66.0 400.0 79.0 398.0
63.0 323.0 77.0 321.0
57.0 450.0 69.0 446.0
372.0 129.0 385.0 131.0
373.0 131.0 385.0 132.0
262.0 467.0 270.0 466.0
56.0 450.0 68.0 446.0
72.0 105.0 90.0 102.0
170.0 611.0 177.0 607.0
56.0 451.0 68.0 446.0
96.0 353.0 108.0 351.0
252.0 488.0 260.0 487.0
67.0 401.0 79.0 398.0
80.0 21.0 98.0 23.0
108.0 33.0 125.0 36.0
194.0 581.0 202.0 576.0
253.0 487.0 260.0 487.0
171.0 611.0 177.0 607.0
65.0 402.0 79.0 398.0
371.0 131.0 383.0 133.0
66.0 402.0 79.0 398.0
191.0 159.0 204.0 160.0
92.0 79.0 108.0 80.0
262.0 468.0 270.0 466.0
253.0 488.0 260.0 487.0
259.0 138.0 274.0 140.0
92.0 80.0 108.0 80.0
254.0 488.0 261.0 487.0
103.0 422.0 114.0 419.0
76.0 460.0 89.0 457.0
77.0 171.0 95.0 172.0
234.0 422.0 243.0 422.0
107.0 33.0 125.0 36.0
263.0 468.0 270.0 466.0
76.0 461.0 89.0 457.0
100.0 174.0 115.0 174.0
92.0 78.0 108.0 80.0
371.0 129.0 384.0 131.0
235.0 423.0 243.0 422.0
169.0 610.0 177.0 607.0
193.0 53.0 206.0 53.0
96.0 352.0 108.0 351.0
185.0 158.0 202.0 160.0
262.0 466.0 270.0 466.0
370.0 494.0 376.0 494.0
171.0 612.0 177.0 607.0
371.0 494.0 376.0 494.0
84.0 399.0 98.0 397.0
252.0 489.0 260.0 487.0
234.0 423.0 243.0 422.0
181.0 435.0 192.0 433.0
45.0 486.0 58.0 481.0
233.0 421.0 243.0 421.0
18.0 473.0 29.0 467.0
174.0 105.0 189.0 108.0
371.0 495.0 376.0 494.0
123.0 617.0 131.0 611.0
106.0 33.0 125.0 36.0
260.0 137.0 274.0 140.0
305.0 458.0 312.0 458.0
233.0 422.0 243.0 421.0
263.0 467.0 270.0 466.0
241.0 319.0 251.0 319.0
240.0 319.0 251.0 319.0
170.0 612.0 177.0 607.0
259.0 137.0 274.0 140.0
253.0 489.0 262.0 486.0
102.0 422.0 114.0 419.0
108.0 479.0 119.0 477.0
100.0 173.0 115.0 173.0
43.0 487.0 58.0 481.0
86.0 399.0 98.0 397.0
259.0 136.0 274.0 140.0
133.0 86.0 149.0 87.0
393.0 11.0 402.0 9.0
393.0 10.0 402.0 9.0
85.0 399.0 98.0 397.0
47.0 127.0 64.0 128.0
173.0 106.0 189.0 108.0
18.0 322.0 32.0 318.0
169.0 611.0 177.0 607.0
60.0 374.0 74.0 371.0
103.0 421.0 114.0 419.0
45.0 487.0 58.0 481.0
84.0 398.0 98.0 397.0
315.0 570.0 320.0 567.0
193.0 52.0 206.0 53.0
239.0 319.0 251.0 319.0
104.0 422.0 114.0 419.0
100.0 325.0 115.0 323.0
122.0 616.0 131.0 611.0
180.0 435.0 192.0 433.0
44.0 486.0 58.0 481.0
394.0 11.0 402.0 9.0
304.0 458.0 312.0 458.0
194.0 53.0 206.0 53.0
239.0 320.0 251.0 319.0
240.0 320.0 251.0 319.0
61.0 374.0 74.0 371.0
232.0 422.0 243.0 421.0
122.0 618.0 131.0 611.0
107.0 479.0 119.0 477.0
241.0 320.0 251.0 320.0
160.0 405.0 170.0 402.0
161.0 405.0 170.0 402.0
314.0 570.0 320.0 567.0
47.0 128.0 64.0 128.0
444.0 117.0 454.0 118.0
107.0 480.0 119.0 477.0
181.0 436.0 192.0 433.0
108.0 478.0 119.0 475.0
263.0 466.0 270.0 466.0
101.0 173.0 115.0 173.0
173.0 105.0 189.0 108.0
211.0 585.0 219.0 581.0
314.0 569.0 319.0 566.0
121.0 618.0 130.0 613.0
160.0 420.0 171.0 419.0
174.0 106.0 189.0 108.0
122.0 617.0 131.0 611.0
180.0 436.0 192.0 433.0
101.0 325.0 115.0 323.0
223.0 317.0 230.0 318.0
315.0 569.0 320.0 567.0
17.0 473.0 29.0 467.0
212.0 585.0 219.0 581.0
233.0 423.0 243.0 422.0
32.0 334.0 46.0 329.0
46.0 127.0 64.0 128.0
241.0 43.0 256.0 43.0
394.0 10.0 402.0 9.0
76.0 462.0 89.0 457.0
161.0 406.0 171.0 403.0
133.0 85.0 149.0 87.0
121.0 617.0 130.0 613.0
97.0 353.0 108.0 351.0
175.0 106.0 189.0 108.0
107.0 478.0 119.0 475.0
85.0 398.0 98.0 397.0
175.0 105.0 189.0 108.0
176.0 106.0 189.0 108.0
194.0 52.0 206.0 53.0
318.0 548.0 324.0 549.0
144.0 380.0 153.0 378.0
17.0 322.0 32.0 318.0
313.0 570.0 319.0 566.0
75.0 461.0 89.0 457.0
352.0 490.0 358.0 490.0
65.0 106.0 89.0 103.0
194.0 51.0 206.0 53.0
319.0 549.0 324.0 549.0
313.0 568.0 319.0 566.0
32.0 122.0 49.0 123.0
93.0 80.0 108.0 80.0
319.0 550.0 324.0 549.0
62.0 374.0 75.0 371.0
32.0 333.0 46.0 329.0
134.0 84.0 149.0 86.0
40.0 417.0 52.0 412.0
86.0 398.0 98.0 397.0
63.0 561.0 73.0 555.0
33.0 334.0 46.0 329.0
315.0 568.0 319.0 566.0
155.0 619.0 163.0 615.0
162.0 405.0 171.0 403.0
46.0 128.0 64.0 128.0
177.0 107.0 190.0 107.0
313.0 569.0 319.0 566.0
135.0 85.0 149.0 87.0
29.0 44.0 46.0 42.0
210.0 585.0 219.0 581.0
224.0 317.0 230.0 318.0
106.0 479.0 119.0 477.0
445.0 117.0 454.0 118.0
176.0 107.0 190.0 107.0
314.0 568.0 319.0 566.0
64.0 106.0 89.0 103.0
31.0 122.0 49.0 123.0
197.0 541.0 202.0 541.0
134.0 85.0 149.0 87.0
60.0 375.0 74.0 371.0
160.0 406.0 170.0 402.0
318.0 550.0 324.0 549.0
210.0 584.0 219.0 581.0
41.0 416.0 53.0 412.0
102.0 331.0 116.0 329.0
17.0 471.0 29.0 467.0
318.0 549.0 324.0 549.0
12.0 499.0 23.0 494.0
445.0 116.0 454.0 118.0
317.0 549.0 324.0 549.0
211.0 584.0 219.0 581.0
195.0 53.0 206.0 53.0
17.0 472.0 29.0 467.0
106.0 480.0 119.0 477.0
144.0 381.0 150.0 379.0
246.0 526.0 253.0 525.0
73.0 523.0 86.0 515.0
65.0 107.0 89.0 103.0
212.0 584.0 219.0 581.0
246.0 525.0 253.0 525.0
159.0 349.0 170.0 347.0
27.0 44.0 46.0 42.0
33.0 333.0 46.0 329.0
138.0 380.0 150.0 379.0
277.0 480.0 286.0 481.0
160.0 348.0 170.0 347.0
103.0 331.0 116.0 329.0
159.0 348.0 170.0 347.0
211.0 583.0 219.0 581.0
28.0 44.0 46.0 42.0
40.0 416.0 52.0 412.0
61.0 375.0 75.0 371.0
39.0 416.0 52.0 412.0
287.0 618.0 292.0 616.0
12.0 498.0 23.0 494.0
195.0 52.0 206.0 53.0
33.0 335.0 46.0 329.0
44.0 396.0 58.0 391.0
73.0 522.0 86.0 515.0
44.0 394.0 58.0 391.0
39.0 471.0 51.0 467.0
104.0 331.0 116.0 329.0
38.0 471.0 51.0 467.0
448.0 117.0 459.0 117.0
447.0 118.0 459.0 117.0
447.0 117.0 459.0 117.0
137.0 380.0 150.0 379.0
11.0 499.0 23.0 494.0
446.0 116.0 459.0 117.0
280.0 561.0 286.0 560.0
34.0 334.0 47.0 330.0
288.0 618.0 292.0 616.0
44.0 395.0 58.0 391.0
62.0 375.0 75.0 371.0
159.0 73.0 171.0 74.0
448.0 118.0 459.0 117.0
247.0 526.0 253.0 525.0
446.0 118.0 459.0 117.0
329.0 526.0 334.0 525.0
206.0 283.0 219.0 286.0
74.0 522.0 86.0 515.0
159.0 72.0 171.0 74.0
33.0 380.0 47.0 377.0
247.0 525.0 253.0 525.0
181.0 325.0 192.0 325.0
446.0 117.0 459.0 117.0
206.0 284.0 219.0 286.0
130.0 362.0 138.0 361.0
287.0 619.0 292.0 616.0
180.0 325.0 192.0 325.0
34.0 379.0 47.0 376.0
329.0 525.0 334.0 525.0
43.0 395.0 57.0 391.0
205.0 283.0 219.0 286.0
11.0 498.0 22.0 493.0
288.0 619.0 292.0 616.0
74.0 521.0 86.0 515.0
328.0 525.0 334.0 525.0
297.0 533.0 312.0 532.0
328.0 526.0 334.0 525.0
137.0 381.0 150.0 379.0
33.0 379.0 47.0 376.0
10.0 499.0 22.0 493.0
33.0 420.0 47.0 416.0
422.0 97.0 437.0 97.0
419.0 97.0 437.0 97.0
422.0 96.0 437.0 97.0
420.0 95.0 437.0 97.0
120.0 600.0 129.0 593.0
34.0 380.0 47.0 377.0
160.0 72.0 171.0 74.0
220.0 548.0 238.0 543.0
33.0 421.0 47.0 417.0
181.0 326.0 192.0 325.0
420.0 96.0 437.0 97.0
421.0 96.0 437.0 97.0
160.0 73.0 171.0 74.0
421.0 97.0 437.0 97.0
419.0 96.0 437.0 97.0
180.0 324.0 192.0 325.0
420.0 97.0 437.0 97.0
207.0 617.0 206.0 618.0
119.0 599.0 129.0 592.0
421.0 95.0 437.0 97.0
119.0 600.0 129.0 593.0
215.0 269.0 225.0 262.0
161.0 73.0 171.0 74.0
342.0 490.0 340.0 483.0
342.0 491.0 340.0 483.0
8.0 365.0 23.0 362.0
261.0 555.0 275.0 548.0
46.0 543.0 56.0 538.0
343.0 491.0 340.0 483.0
45.0 543.0 56.0 538.0
13.0 46.0 36.0 45.0
343.0 490.0 341.0 484.0
13.0 45.0 36.0 45.0
195.0 296.0 210.0 301.0
8.0 366.0 23.0 362.0
12.0 45.0 36.0 45.0
8.0 367.0 23.0 362.0
44.0 544.0 56.0 538.0
7.0 366.0 23.0 362.0
44.0 543.0 56.0 538.0
265.0 496.0 261.0 487.0
195.0 295.0 210.0 301.0
7.0 367.0 23.0 362.0
261.0 556.0 275.0 548.0
12.0 46.0 36.0 45.0
143.0 630.0 163.0 615.0
20.0 338.0 30.0 320.0
276.0 423.0 285.0 434.0
275.0 423.0 285.0 434.0
315.0 525.0 332.0 525.0
274.0 422.0 285.0 434.0
