18.0 192.0 20.0 189.0
18.0 193.0 19.0 189.0
19.0 192.0 20.0 189.0
160.0 221.0 160.0 213.0
430.0 336.0 430.0 322.0
429.0 334.0 429.0 321.0
430.0 335.0 430.0 322.0
161.0 219.0 161.0 212.0
227.0 198.0 226.0 189.0
430.0 334.0 430.0 321.0
160.0 220.0 160.0 213.0
176.0 254.0 176.0 246.0
161.0 220.0 161.0 213.0
246.0 202.0 245.0 191.0
362.0 83.0 359.0 76.0
136.0 240.0 136.0 232.0
429.0 335.0 430.0 322.0
246.0 201.0 245.0 191.0
222.0 531.0 225.0 516.0
333.0 192.0 332.0 181.0
356.0 73.0 355.0 66.0
222.0 529.0 225.0 514.0
32.0 107.0 31.0 104.0
17.0 192.0 19.0 190.0
202.0 206.0 202.0 197.0
32.0 106.0 31.0 104.0
245.0 203.0 245.0 191.0
429.0 336.0 428.0 322.0
226.0 198.0 226.0 189.0
222.0 530.0 225.0 515.0
245.0 202.0 245.0 191.0
135.0 241.0 136.0 232.0
431.0 334.0 431.0 322.0
203.0 206.0 203.0 196.0
16.0 141.0 16.0 139.0
228.0 44.0 227.0 37.0
136.0 241.0 136.0 232.0
222.0 532.0 225.0 516.0
137.0 240.0 137.0 232.0
332.0 193.0 331.0 182.0
160.0 219.0 161.0 212.0
331.0 147.0 330.0 139.0
332.0 191.0 332.0 181.0
228.0 45.0 227.0 37.0
77.0 50.0 76.0 47.0
229.0 44.0 227.0 37.0
229.0 43.0 227.0 37.0
37.0 31.0 35.0 29.0
246.0 203.0 245.0 192.0
67.0 237.0 68.0 230.0
178.0 326.0 180.0 316.0
228.0 43.0 227.0 37.0
90.0 50.0 89.0 47.0
333.0 191.0 332.0 182.0
203.0 205.0 203.0 196.0
331.0 193.0 331.0 182.0
97.0 74.0 95.0 70.0
331.0 191.0 331.0 182.0
135.0 240.0 136.0 232.0
202.0 205.0 203.0 196.0
333.0 193.0 332.0 181.0
227.0 199.0 226.0 189.0
17.0 141.0 16.0 139.0
330.0 146.0 330.0 139.0
16.0 142.0 16.0 139.0
66.0 237.0 68.0 230.0
207.0 373.0 208.0 365.0
4.0 389.0 8.0 384.0
229.0 45.0 227.0 37.0
178.0 325.0 180.0 316.0
3.0 389.0 8.0 384.0
223.0 531.0 225.0 516.0
161.0 221.0 161.0 213.0
332.0 194.0 331.0 182.0
103.0 324.0 105.0 315.0
62.0 100.0 62.0 96.0
39.0 81.0 38.0 79.0
332.0 192.0 332.0 181.0
54.0 26.0 52.0 25.0
331.0 146.0 330.0 139.0
66.0 236.0 68.0 230.0
15.0 142.0 16.0 140.0
17.0 142.0 16.0 139.0
120.0 106.0 120.0 99.0
90.0 155.0 90.0 149.0
330.0 147.0 330.0 139.0
245.0 201.0 245.0 191.0
226.0 199.0 226.0 189.0
331.0 192.0 331.0 182.0
5.0 389.0 8.0 384.0
90.0 51.0 89.0 47.0
91.0 50.0 89.0 47.0
67.0 236.0 68.0 230.0
197.0 482.0 199.0 470.0
120.0 105.0 120.0 99.0
223.0 530.0 225.0 515.0
4.0 390.0 8.0 384.0
67.0 238.0 68.0 230.0
16.0 140.0 15.0 138.0
91.0 155.0 92.0 149.0
60.0 88.0 59.0 84.0
119.0 106.0 120.0 99.0
103.0 340.0 105.0 332.0
26.0 90.0 27.0 87.0
89.0 155.0 90.0 149.0
96.0 75.0 95.0 70.0
331.0 148.0 330.0 139.0
90.0 49.0 89.0 47.0
38.0 81.0 38.0 79.0
207.0 374.0 208.0 365.0
15.0 141.0 16.0 140.0
356.0 114.0 355.0 109.0
59.0 88.0 58.0 84.0
60.0 87.0 59.0 84.0
52.0 26.0 52.0 24.0
54.0 28.0 53.0 26.0
103.0 323.0 105.0 315.0
231.0 184.0 230.0 174.0
97.0 75.0 95.0 70.0
54.0 27.0 53.0 26.0
53.0 28.0 52.0 25.0
68.0 201.0 68.0 196.0
233.0 73.0 231.0 65.0
53.0 27.0 52.0 25.0
27.0 90.0 27.0 87.0
231.0 185.0 230.0 176.0
59.0 87.0 58.0 84.0
53.0 26.0 52.0 24.0
67.0 202.0 68.0 196.0
98.0 74.0 96.0 69.0
94.0 11.0 93.0 8.0
63.0 100.0 62.0 96.0
232.0 185.0 231.0 175.0
91.0 51.0 89.0 47.0
102.0 323.0 105.0 315.0
52.0 27.0 52.0 25.0
26.0 89.0 27.0 87.0
166.0 131.0 164.0 126.0
97.0 73.0 95.0 69.0
46.0 202.0 47.0 197.0
238.0 57.0 236.0 50.0
203.0 204.0 203.0 196.0
70.0 256.0 72.0 251.0
172.0 156.0 172.0 147.0
329.0 147.0 330.0 139.0
184.0 374.0 185.0 366.0
119.0 285.0 120.0 278.0
172.0 155.0 172.0 147.0
27.0 89.0 27.0 87.0
82.0 237.0 83.0 230.0
166.0 132.0 164.0 126.0
95.0 10.0 95.0 7.0
182.0 374.0 185.0 366.0
456.0 21.0 453.0 14.0
277.0 19.0 275.0 11.0
82.0 238.0 83.0 230.0
330.0 148.0 330.0 139.0
234.0 73.0 231.0 65.0
71.0 257.0 72.0 251.0
197.0 483.0 199.0 470.0
277.0 18.0 275.0 11.0
119.0 105.0 120.0 99.0
102.0 324.0 105.0 315.0
238.0 58.0 236.0 50.0
68.0 203.0 68.0 196.0
96.0 74.0 95.0 70.0
68.0 202.0 68.0 196.0
239.0 58.0 237.0 49.0
172.0 154.0 172.0 147.0
25.0 89.0 26.0 87.0
232.0 184.0 230.0 175.0
71.0 255.0 72.0 251.0
120.0 104.0 120.0 99.0
276.0 18.0 275.0 11.0
70.0 255.0 72.0 251.0
173.0 155.0 172.0 147.0
183.0 374.0 185.0 366.0
69.0 201.0 68.0 196.0
214.0 554.0 217.0 538.0
46.0 201.0 47.0 197.0
98.0 75.0 96.0 69.0
71.0 256.0 72.0 251.0
26.0 88.0 27.0 87.0
356.0 115.0 355.0 109.0
95.0 11.0 95.0 7.0
83.0 237.0 83.0 230.0
329.0 148.0 330.0 139.0
69.0 153.0 70.0 145.0
276.0 19.0 275.0 11.0
90.0 109.0 89.0 105.0
356.0 116.0 355.0 109.0
47.0 201.0 47.0 196.0
170.0 111.0 168.0 104.0
69.0 202.0 68.0 196.0
83.0 236.0 84.0 231.0
205.0 111.0 204.0 103.0
47.0 200.0 47.0 196.0
63.0 101.0 62.0 96.0
109.0 304.0 110.0 296.0
202.0 204.0 203.0 196.0
457.0 21.0 453.0 14.0
206.0 112.0 204.0 104.0
47.0 202.0 47.0 197.0
69.0 152.0 70.0 145.0
170.0 110.0 168.0 104.0
206.0 111.0 204.0 104.0
103.0 229.0 104.0 222.0
104.0 228.0 104.0 222.0
46.0 200.0 47.0 196.0
456.0 22.0 453.0 14.0
90.0 110.0 89.0 105.0
15.0 448.0 19.0 444.0
84.0 237.0 84.0 231.0
76.0 387.0 79.0 379.0
119.0 104.0 120.0 99.0
22.0 463.0 26.0 458.0
64.0 101.0 63.0 96.0
83.0 238.0 83.0 230.0
120.0 75.0 118.0 71.0
169.0 110.0 168.0 104.0
213.0 554.0 217.0 538.0
69.0 203.0 69.0 196.0
120.0 74.0 118.0 71.0
76.0 386.0 79.0 379.0
103.0 228.0 104.0 222.0
91.0 111.0 90.0 106.0
59.0 577.0 63.0 570.0
457.0 22.0 453.0 14.0
91.0 110.0 90.0 106.0
109.0 303.0 110.0 295.0
23.0 463.0 26.0 458.0
104.0 229.0 104.0 222.0
169.0 111.0 168.0 104.0
70.0 153.0 70.0 145.0
184.0 375.0 185.0 366.0
60.0 578.0 63.0 572.0
119.0 75.0 118.0 71.0
154.0 462.0 159.0 448.0
89.0 110.0 89.0 105.0
46.0 533.0 51.0 528.0
148.0 175.0 148.0 169.0
148.0 174.0 148.0 169.0
182.0 375.0 185.0 366.0
70.0 152.0 70.0 145.0
148.0 176.0 148.0 169.0
8.0 73.0 8.0 72.0
213.0 555.0 217.0 538.0
8.0 74.0 8.0 72.0
473.0 266.0 471.0 255.0
273.0 588.0 275.0 571.0
183.0 375.0 185.0 366.0
472.0 266.0 471.0 255.0
114.0 406.0 117.0 396.0
60.0 579.0 63.0 572.0
119.0 74.0 118.0 71.0
473.0 265.0 471.0 255.0
15.0 447.0 19.0 444.0
472.0 265.0 471.0 255.0
204.0 111.0 204.0 103.0
59.0 578.0 63.0 570.0
198.0 161.0 197.0 153.0
334.0 109.0 331.0 100.0
210.0 62.0 209.0 54.0
90.0 111.0 90.0 106.0
139.0 141.0 139.0 134.0
23.0 462.0 26.0 458.0
211.0 61.0 209.0 54.0
149.0 175.0 148.0 169.0
153.0 386.0 155.0 378.0
29.0 403.0 32.0 400.0
140.0 140.0 139.0 134.0
148.0 500.0 156.0 487.0
24.0 195.0 20.0 189.0
22.0 462.0 26.0 458.0
109.0 302.0 110.0 295.0
129.0 168.0 129.0 162.0
71.0 417.0 75.0 410.0
166.0 125.0 165.0 124.0
205.0 112.0 204.0 104.0
140.0 141.0 139.0 134.0
72.0 417.0 75.0 411.0
147.0 500.0 156.0 487.0
47.0 534.0 51.0 528.0
30.0 402.0 32.0 400.0
130.0 169.0 129.0 162.0
139.0 140.0 139.0 134.0
211.0 62.0 209.0 54.0
152.0 385.0 155.0 378.0
25.0 195.0 20.0 189.0
334.0 108.0 331.0 100.0
149.0 176.0 148.0 169.0
59.0 579.0 63.0 572.0
154.0 463.0 159.0 448.0
17.0 560.0 22.0 554.0
154.0 386.0 155.0 378.0
210.0 61.0 209.0 54.0
333.0 108.0 331.0 100.0
14.0 447.0 19.0 444.0
153.0 385.0 155.0 378.0
17.0 561.0 22.0 554.0
167.0 23.0 164.0 17.0
110.0 155.0 110.0 149.0
166.0 25.0 164.0 17.0
46.0 534.0 51.0 528.0
167.0 24.0 164.0 17.0
29.0 402.0 32.0 400.0
129.0 169.0 129.0 162.0
206.0 113.0 204.0 104.0
333.0 107.0 331.0 100.0
211.0 60.0 209.0 54.0
154.0 464.0 159.0 448.0
25.0 196.0 20.0 189.0
334.0 107.0 331.0 100.0
148.0 501.0 156.0 487.0
16.0 560.0 22.0 554.0
167.0 25.0 164.0 17.0
16.0 511.0 20.0 505.0
16.0 510.0 20.0 505.0
30.0 403.0 32.0 400.0
86.0 616.0 90.0 605.0
110.0 156.0 110.0 149.0
72.0 418.0 75.0 411.0
115.0 406.0 117.0 396.0
166.0 24.0 164.0 17.0
111.0 155.0 110.0 149.0
74.0 553.0 78.0 544.0
16.0 561.0 22.0 554.0
111.0 156.0 110.0 149.0
129.0 170.0 129.0 162.0
108.0 303.0 110.0 295.0
15.0 511.0 20.0 505.0
71.0 418.0 75.0 411.0
57.0 452.0 60.0 446.0
47.0 535.0 51.0 528.0
205.0 113.0 204.0 104.0
147.0 501.0 156.0 487.0
56.0 452.0 60.0 446.0
38.0 596.0 41.0 592.0
46.0 535.0 51.0 528.0
70.0 418.0 75.0 410.0
56.0 453.0 60.0 446.0
60.0 468.0 64.0 461.0
75.0 551.0 78.0 544.0
38.0 597.0 41.0 592.0
75.0 552.0 78.0 544.0
146.0 501.0 156.0 487.0
86.0 618.0 90.0 605.0
72.0 12.0 78.0 14.0
57.0 453.0 60.0 446.0
47.0 384.0 50.0 378.0
29.0 468.0 34.0 463.0
46.0 384.0 50.0 378.0
60.0 467.0 64.0 461.0
71.0 419.0 75.0 411.0
37.0 597.0 41.0 592.0
72.0 13.0 78.0 14.0
153.0 464.0 159.0 448.0
47.0 385.0 50.0 378.0
59.0 468.0 64.0 461.0
85.0 616.0 90.0 605.0
46.0 385.0 50.0 378.0
86.0 617.0 90.0 605.0
74.0 551.0 78.0 544.0
85.0 617.0 90.0 605.0
80.0 458.0 87.0 449.0
59.0 469.0 64.0 461.0
59.0 467.0 64.0 461.0
205.0 114.0 204.0 104.0
74.0 552.0 78.0 544.0
60.0 469.0 64.0 461.0
37.0 598.0 41.0 592.0
473.0 272.0 471.0 255.0
29.0 469.0 34.0 463.0
73.0 552.0 78.0 544.0
474.0 272.0 471.0 255.0
85.0 618.0 90.0 605.0
126.0 287.0 121.0 278.0
32.0 522.0 36.0 515.0
43.0 441.0 47.0 435.0
126.0 288.0 121.0 278.0
474.0 273.0 471.0 255.0
84.0 617.0 90.0 605.0
134.0 144.0 138.0 134.0
204.0 172.0 197.0 154.0
47.0 54.0 45.0 64.0
74.0 438.0 71.0 436.0
73.0 438.0 71.0 436.0
127.0 288.0 121.0 278.0
127.0 287.0 121.0 278.0
73.0 439.0 71.0 436.0
47.0 55.0 45.0 64.0
204.0 173.0 197.0 154.0
276.0 617.0 278.0 601.0
46.0 54.0 44.0 64.0
27.0 53.0 21.0 62.0
46.0 55.0 44.0 64.0
74.0 439.0 71.0 436.0
265.0 603.0 279.0 599.0
266.0 603.0 279.0 599.0
28.0 53.0 21.0 62.0
94.0 391.0 81.0 386.0
276.0 618.0 278.0 601.0
62.0 386.0 78.0 379.0
94.0 392.0 81.0 386.0
28.0 52.0 21.0 62.0
68.0 138.0 70.0 145.0
275.0 618.0 278.0 601.0
69.0 137.0 70.0 145.0
275.0 619.0 274.0 621.0
276.0 619.0 274.0 621.0
62.0 385.0 78.0 379.0
68.0 137.0 70.0 145.0
16.0 101.0 25.0 87.0
16.0 100.0 25.0 87.0
20.0 543.0 22.0 553.0
127.0 274.0 121.0 278.0
369.0 73.0 354.0 66.0
57.0 227.0 68.0 230.0
