209.0 191.0 208.0 241.0
27.0 511.0 36.0 575.0
208.0 191.0 208.0 241.0
95.0 78.0 92.0 143.0
341.0 64.0 332.0 114.0
209.0 190.0 208.0 241.0
95.0 76.0 92.0 141.0
340.0 65.0 332.0 114.0
341.0 65.0 332.0 114.0
208.0 190.0 207.0 240.0
242.0 452.0 258.0 505.0
340.0 64.0 332.0 114.0
96.0 78.0 92.0 141.0
96.0 77.0 92.0 141.0
209.0 192.0 208.0 241.0
241.0 451.0 257.0 504.0
95.0 77.0 92.0 141.0
207.0 192.0 207.0 241.0
241.0 452.0 257.0 504.0
95.0 79.0 92.0 143.0
256.0 507.0 275.0 563.0
209.0 193.0 208.0 243.0
172.0 195.0 173.0 247.0
207.0 193.0 207.0 241.0
244.0 273.0 246.0 320.0
96.0 79.0 92.0 143.0
115.0 106.0 113.0 168.0
256.0 506.0 275.0 563.0
256.0 505.0 275.0 563.0
208.0 193.0 208.0 242.0
207.0 191.0 207.0 240.0
340.0 66.0 332.0 114.0
27.0 510.0 36.0 575.0
191.0 218.0 191.0 268.0
95.0 80.0 92.0 145.0
172.0 193.0 173.0 247.0
172.0 194.0 173.0 247.0
255.0 506.0 275.0 563.0
208.0 192.0 208.0 242.0
342.0 65.0 332.0 114.0
190.0 219.0 191.0 268.0
255.0 507.0 275.0 563.0
126.0 174.0 126.0 227.0
318.0 275.0 322.0 318.0
318.0 274.0 322.0 319.0
318.0 276.0 322.0 319.0
26.0 510.0 36.0 575.0
317.0 273.0 321.0 318.0
232.0 431.0 244.0 483.0
317.0 274.0 321.0 318.0
233.0 432.0 244.0 483.0
244.0 274.0 246.0 320.0
245.0 273.0 246.0 320.0
190.0 218.0 191.0 266.0
191.0 217.0 191.0 266.0
173.0 196.0 174.0 247.0
94.0 78.0 92.0 143.0
243.0 512.0 263.0 571.0
352.0 293.0 358.0 336.0
173.0 193.0 173.0 247.0
126.0 173.0 126.0 227.0
173.0 194.0 173.0 247.0
26.0 509.0 36.0 575.0
104.0 94.0 100.0 157.0
245.0 274.0 246.0 320.0
191.0 481.0 204.0 540.0
127.0 174.0 127.0 228.0
317.0 275.0 322.0 319.0
27.0 509.0 36.0 575.0
244.0 512.0 263.0 571.0
114.0 106.0 113.0 168.0
115.0 105.0 113.0 168.0
341.0 66.0 332.0 114.0
173.0 195.0 173.0 247.0
316.0 274.0 321.0 318.0
138.0 187.0 139.0 241.0
190.0 217.0 191.0 266.0
191.0 219.0 191.0 268.0
317.0 276.0 320.0 319.0
94.0 77.0 92.0 141.0
232.0 433.0 244.0 483.0
335.0 260.0 338.0 306.0
103.0 94.0 102.0 157.0
335.0 265.0 338.0 307.0
192.0 480.0 206.0 539.0
103.0 93.0 102.0 157.0
137.0 188.0 139.0 241.0
232.0 432.0 244.0 483.0
205.0 404.0 215.0 452.0
231.0 432.0 244.0 483.0
233.0 433.0 244.0 483.0
115.0 104.0 113.0 168.0
205.0 402.0 215.0 452.0
204.0 404.0 215.0 452.0
138.0 186.0 139.0 241.0
352.0 294.0 358.0 337.0
189.0 218.0 190.0 266.0
192.0 481.0 204.0 540.0
267.0 82.0 258.0 141.0
336.0 261.0 338.0 306.0
316.0 273.0 321.0 318.0
244.0 275.0 246.0 320.0
94.0 79.0 91.0 144.0
191.0 480.0 204.0 540.0
192.0 219.0 191.0 268.0
178.0 514.0 188.0 569.0
104.0 93.0 102.0 157.0
206.0 403.0 215.0 453.0
114.0 105.0 112.0 168.0
204.0 403.0 215.0 452.0
240.0 494.0 256.0 550.0
316.0 275.0 321.0 318.0
352.0 295.0 358.0 337.0
205.0 403.0 215.0 452.0
139.0 431.0 150.0 486.0
178.0 515.0 188.0 569.0
242.0 512.0 263.0 571.0
351.0 293.0 358.0 336.0
335.0 262.0 338.0 307.0
190.0 480.0 205.0 539.0
192.0 218.0 191.0 268.0
177.0 515.0 188.0 569.0
236.0 495.0 253.0 551.0
335.0 264.0 338.0 307.0
351.0 292.0 358.0 336.0
335.0 261.0 338.0 306.0
178.0 516.0 188.0 569.0
373.0 282.0 378.0 323.0
241.0 494.0 256.0 550.0
334.0 262.0 338.0 307.0
191.0 479.0 206.0 539.0
204.0 395.0 211.0 446.0
351.0 294.0 358.0 337.0
137.0 186.0 137.0 241.0
179.0 515.0 188.0 569.0
334.0 264.0 338.0 307.0
335.0 259.0 338.0 305.0
302.0 241.0 304.0 288.0
114.0 104.0 112.0 168.0
335.0 263.0 338.0 307.0
373.0 283.0 379.0 325.0
205.0 396.0 211.0 446.0
245.0 275.0 246.0 320.0
114.0 107.0 113.0 168.0
372.0 283.0 379.0 325.0
302.0 240.0 304.0 288.0
169.0 115.0 165.0 173.0
334.0 263.0 338.0 307.0
137.0 187.0 137.0 241.0
177.0 516.0 188.0 569.0
351.0 295.0 358.0 337.0
303.0 241.0 304.0 288.0
236.0 496.0 253.0 551.0
301.0 241.0 302.0 288.0
253.0 183.0 251.0 236.0
233.0 434.0 244.0 483.0
438.0 158.0 434.0 201.0
301.0 243.0 302.0 288.0
237.0 495.0 253.0 551.0
170.0 115.0 165.0 173.0
362.0 417.0 378.0 465.0
301.0 240.0 302.0 288.0
362.0 416.0 378.0 465.0
362.0 418.0 378.0 465.0
301.0 242.0 302.0 288.0
439.0 157.0 434.0 201.0
139.0 430.0 149.0 484.0
286.0 526.0 306.0 581.0
170.0 116.0 165.0 173.0
300.0 242.0 302.0 288.0
169.0 116.0 165.0 173.0
238.0 495.0 256.0 550.0
302.0 242.0 304.0 288.0
179.0 516.0 188.0 569.0
171.0 115.0 165.0 173.0
179.0 517.0 188.0 569.0
286.0 527.0 306.0 581.0
372.0 282.0 378.0 323.0
372.0 281.0 378.0 323.0
126.0 406.0 135.0 464.0
192.0 217.0 191.0 266.0
140.0 431.0 149.0 484.0
138.0 430.0 149.0 484.0
253.0 185.0 251.0 237.0
253.0 184.0 251.0 237.0
185.0 357.0 191.0 404.0
438.0 157.0 433.0 202.0
373.0 281.0 378.0 323.0
242.0 494.0 256.0 550.0
140.0 430.0 149.0 484.0
262.0 48.0 251.0 110.0
300.0 241.0 302.0 288.0
263.0 48.0 251.0 110.0
241.0 495.0 256.0 550.0
178.0 517.0 188.0 569.0
237.0 496.0 253.0 551.0
439.0 156.0 434.0 201.0
240.0 495.0 256.0 550.0
171.0 116.0 165.0 173.0
252.0 185.0 251.0 237.0
163.0 250.0 165.0 299.0
252.0 184.0 251.0 237.0
250.0 480.0 270.0 541.0
139.0 429.0 149.0 484.0
163.0 251.0 165.0 299.0
171.0 117.0 165.0 173.0
237.0 136.0 233.0 189.0
184.0 358.0 191.0 404.0
245.0 276.0 246.0 320.0
185.0 356.0 191.0 404.0
138.0 429.0 149.0 484.0
267.0 186.0 264.0 232.0
126.0 407.0 135.0 464.0
323.0 109.0 318.0 152.0
139.0 428.0 149.0 484.0
254.0 184.0 251.0 237.0
378.0 465.0 378.0 465.0
125.0 409.0 135.0 464.0
176.0 308.0 180.0 356.0
125.0 408.0 135.0 464.0
125.0 406.0 135.0 464.0
125.0 407.0 135.0 464.0
241.0 436.0 253.0 482.0
266.0 187.0 264.0 232.0
186.0 356.0 191.0 404.0
138.0 428.0 149.0 484.0
324.0 109.0 318.0 152.0
163.0 252.0 165.0 299.0
254.0 183.0 251.0 236.0
184.0 357.0 191.0 404.0
186.0 357.0 191.0 404.0
236.0 137.0 233.0 189.0
254.0 185.0 251.0 237.0
285.0 527.0 306.0 581.0
249.0 480.0 270.0 541.0
323.0 110.0 318.0 152.0
378.0 464.0 378.0 465.0
182.0 411.0 193.0 468.0
382.0 275.0 379.0 323.0
241.0 437.0 253.0 482.0
126.0 408.0 135.0 465.0
236.0 497.0 253.0 551.0
382.0 274.0 379.0 323.0
267.0 187.0 264.0 232.0
236.0 134.0 231.0 182.0
237.0 497.0 253.0 551.0
175.0 309.0 180.0 356.0
242.0 436.0 253.0 482.0
184.0 356.0 191.0 404.0
185.0 355.0 191.0 404.0
238.0 420.0 252.0 480.0
383.0 274.0 379.0 323.0
370.0 441.0 378.0 464.0
236.0 135.0 233.0 189.0
386.0 489.0 378.0 464.0
181.0 411.0 193.0 468.0
242.0 437.0 253.0 482.0
186.0 358.0 192.0 406.0
324.0 110.0 318.0 152.0
236.0 136.0 233.0 189.0
284.0 527.0 306.0 581.0
370.0 442.0 378.0 464.0
383.0 275.0 379.0 323.0
267.0 188.0 264.0 232.0
185.0 358.0 191.0 404.0
386.0 488.0 378.0 464.0
323.0 111.0 318.0 152.0
175.0 308.0 179.0 355.0
198.0 502.0 215.0 564.0
383.0 276.0 379.0 323.0
124.0 407.0 135.0 464.0
266.0 188.0 264.0 232.0
174.0 309.0 180.0 356.0
138.0 448.0 149.0 509.0
185.0 360.0 192.0 406.0
175.0 306.0 179.0 355.0
370.0 443.0 378.0 464.0
238.0 419.0 252.0 480.0
185.0 359.0 192.0 406.0
369.0 441.0 378.0 464.0
134.0 138.0 132.0 188.0
184.0 355.0 191.0 403.0
237.0 128.0 231.0 182.0
182.0 410.0 193.0 468.0
181.0 410.0 193.0 468.0
266.0 189.0 264.0 232.0
217.0 450.0 236.0 504.0
330.0 321.0 331.0 350.0
217.0 448.0 236.0 504.0
174.0 308.0 179.0 355.0
217.0 449.0 236.0 504.0
198.0 504.0 215.0 564.0
459.0 173.0 454.0 214.0
460.0 172.0 454.0 214.0
267.0 189.0 264.0 232.0
385.0 488.0 378.0 464.0
182.0 409.0 193.0 468.0
175.0 307.0 179.0 355.0
238.0 418.0 252.0 480.0
216.0 450.0 236.0 504.0
216.0 448.0 236.0 504.0
384.0 275.0 379.0 323.0
134.0 139.0 132.0 188.0
459.0 172.0 454.0 214.0
174.0 307.0 179.0 355.0
235.0 135.0 231.0 182.0
192.0 526.0 197.0 587.0
324.0 111.0 318.0 152.0
198.0 503.0 215.0 564.0
239.0 419.0 252.0 480.0
216.0 449.0 236.0 504.0
141.0 269.0 146.0 329.0
384.0 274.0 379.0 323.0
141.0 270.0 146.0 329.0
215.0 449.0 236.0 504.0
458.0 172.0 454.0 214.0
174.0 306.0 179.0 355.0
458.0 171.0 454.0 214.0
181.0 409.0 193.0 468.0
238.0 417.0 252.0 480.0
239.0 418.0 252.0 480.0
459.0 171.0 454.0 214.0
459.0 170.0 454.0 214.0
163.0 410.0 175.0 467.0
163.0 411.0 175.0 467.0
458.0 170.0 454.0 214.0
138.0 447.0 149.0 509.0
137.0 447.0 149.0 509.0
182.0 408.0 193.0 468.0
224.0 533.0 242.0 592.0
182.0 407.0 193.0 468.0
162.0 409.0 175.0 467.0
441.0 138.0 433.0 170.0
459.0 169.0 454.0 214.0
162.0 408.0 171.0 458.0
181.0 408.0 193.0 468.0
162.0 410.0 175.0 467.0
163.0 409.0 175.0 467.0
458.0 169.0 454.0 214.0
136.0 447.0 149.0 509.0
140.0 269.0 146.0 330.0
140.0 270.0 146.0 330.0
249.0 548.0 274.0 593.0
187.0 295.0 179.0 355.0
181.0 407.0 192.0 468.0
180.0 428.0 194.0 470.0
162.0 148.0 164.0 194.0
162.0 149.0 164.0 194.0
249.0 549.0 274.0 593.0
248.0 547.0 274.0 593.0
163.0 408.0 175.0 467.0
248.0 548.0 274.0 593.0
156.0 335.0 179.0 369.0
117.0 129.0 117.0 198.0
156.0 336.0 179.0 371.0
116.0 130.0 117.0 198.0
157.0 336.0 179.0 371.0
248.0 549.0 274.0 593.0
116.0 129.0 117.0 198.0
156.0 337.0 179.0 371.0
248.0 550.0 274.0 593.0
192.0 293.0 179.0 355.0
157.0 337.0 179.0 371.0
115.0 129.0 117.0 198.0
192.0 292.0 179.0 355.0
198.0 541.0 214.0 598.0
193.0 292.0 196.0 334.0
198.0 540.0 214.0 598.0
249.0 553.0 274.0 593.0
199.0 541.0 214.0 598.0
248.0 553.0 274.0 593.0
420.0 33.0 404.0 83.0
249.0 554.0 274.0 593.0
417.0 34.0 404.0 83.0
262.0 271.0 260.0 331.0
417.0 33.0 402.0 85.0
418.0 32.0 404.0 83.0
