465.0 21.0 465.0 30.0
448.0 244.0 453.0 253.0
448.0 243.0 452.0 252.0
465.0 20.0 465.0 30.0
13.0 205.0 15.0 214.0
309.0 74.0 311.0 84.0
454.0 85.0 457.0 95.0
464.0 20.0 465.0 30.0
6.0 433.0 8.0 442.0
5.0 433.0 8.0 442.0
454.0 86.0 457.0 95.0
308.0 74.0 311.0 84.0
24.0 438.0 26.0 447.0
5.0 434.0 8.0 443.0
6.0 434.0 8.0 443.0
453.0 85.0 456.0 94.0
309.0 73.0 311.0 84.0
275.0 149.0 277.0 160.0
310.0 74.0 312.0 85.0
275.0 150.0 277.0 160.0
308.0 73.0 311.0 84.0
464.0 132.0 467.0 140.0
12.0 205.0 15.0 214.0
202.0 248.0 204.0 258.0
25.0 437.0 26.0 447.0
451.0 265.0 457.0 273.0
24.0 437.0 26.0 447.0
175.0 165.0 177.0 174.0
453.0 86.0 456.0 94.0
275.0 148.0 277.0 160.0
175.0 164.0 177.0 174.0
176.0 165.0 177.0 174.0
25.0 438.0 26.0 447.0
201.0 249.0 203.0 259.0
202.0 249.0 204.0 258.0
358.0 379.0 364.0 386.0
451.0 266.0 457.0 273.0
201.0 251.0 203.0 257.0
274.0 150.0 277.0 160.0
85.0 454.0 89.0 468.0
313.0 508.0 319.0 517.0
234.0 163.0 236.0 173.0
233.0 162.0 236.0 173.0
452.0 265.0 458.0 274.0
234.0 162.0 236.0 173.0
233.0 78.0 236.0 90.0
201.0 250.0 203.0 257.0
358.0 380.0 364.0 386.0
274.0 149.0 277.0 160.0
274.0 148.0 277.0 160.0
363.0 236.0 366.0 243.0
200.0 249.0 203.0 259.0
313.0 509.0 319.0 517.0
234.0 78.0 236.0 90.0
201.0 248.0 203.0 259.0
403.0 286.0 408.0 292.0
452.0 266.0 457.0 273.0
245.0 136.0 247.0 146.0
7.0 118.0 9.0 129.0
465.0 131.0 468.0 141.0
453.0 265.0 458.0 274.0
173.0 504.0 179.0 515.0
364.0 235.0 367.0 242.0
362.0 504.0 371.0 513.0
371.0 302.0 376.0 309.0
85.0 453.0 89.0 468.0
92.0 431.0 96.0 441.0
358.0 381.0 364.0 386.0
234.0 77.0 236.0 90.0
91.0 430.0 96.0 441.0
340.0 542.0 349.0 554.0
233.0 77.0 236.0 90.0
329.0 180.0 332.0 189.0
359.0 380.0 364.0 386.0
140.0 536.0 145.0 548.0
402.0 286.0 408.0 292.0
375.0 452.0 383.0 460.0
376.0 451.0 383.0 460.0
312.0 508.0 318.0 516.0
359.0 379.0 364.0 386.0
465.0 133.0 468.0 141.0
389.0 240.0 394.0 250.0
364.0 236.0 367.0 242.0
365.0 441.0 371.0 448.0
390.0 241.0 394.0 250.0
403.0 285.0 408.0 292.0
375.0 451.0 383.0 460.0
191.0 510.0 195.0 518.0
465.0 132.0 468.0 141.0
92.0 430.0 96.0 441.0
362.0 506.0 371.0 513.0
464.0 133.0 467.0 140.0
246.0 136.0 247.0 146.0
453.0 266.0 457.0 273.0
345.0 464.0 351.0 473.0
345.0 465.0 351.0 473.0
402.0 285.0 408.0 292.0
141.0 536.0 145.0 548.0
359.0 381.0 364.0 386.0
140.0 537.0 145.0 548.0
364.0 234.0 367.0 242.0
390.0 240.0 394.0 250.0
300.0 364.0 304.0 372.0
362.0 505.0 371.0 513.0
300.0 365.0 304.0 372.0
408.0 230.0 413.0 238.0
245.0 137.0 247.0 146.0
301.0 365.0 304.0 373.0
331.0 181.0 333.0 189.0
448.0 9.0 449.0 17.0
330.0 180.0 332.0 189.0
312.0 509.0 318.0 516.0
311.0 509.0 318.0 516.0
408.0 231.0 413.0 239.0
351.0 291.0 355.0 299.0
344.0 465.0 351.0 473.0
350.0 291.0 354.0 299.0
232.0 78.0 236.0 90.0
330.0 181.0 332.0 189.0
370.0 302.0 376.0 309.0
194.0 173.0 197.0 182.0
81.0 414.0 83.0 424.0
84.0 453.0 89.0 468.0
366.0 441.0 371.0 448.0
340.0 543.0 349.0 554.0
341.0 541.0 349.0 554.0
356.0 450.0 362.0 460.0
443.0 162.0 446.0 170.0
363.0 234.0 367.0 242.0
174.0 504.0 179.0 515.0
442.0 163.0 446.0 170.0
81.0 415.0 84.0 423.0
85.0 452.0 89.0 468.0
345.0 466.0 351.0 473.0
173.0 503.0 178.0 514.0
341.0 542.0 349.0 554.0
363.0 235.0 367.0 242.0
191.0 511.0 195.0 518.0
342.0 542.0 349.0 554.0
232.0 77.0 235.0 88.0
191.0 509.0 195.0 518.0
140.0 535.0 145.0 547.0
288.0 338.0 294.0 347.0
449.0 8.0 449.0 17.0
139.0 536.0 145.0 548.0
371.0 301.0 376.0 309.0
408.0 229.0 413.0 238.0
166.0 602.0 170.0 612.0
288.0 337.0 294.0 347.0
376.0 452.0 383.0 460.0
84.0 452.0 89.0 468.0
448.0 8.0 449.0 17.0
448.0 7.0 449.0 17.0
350.0 292.0 354.0 299.0
274.0 526.0 283.0 538.0
304.0 329.0 308.0 338.0
305.0 328.0 308.0 337.0
107.0 531.0 112.0 541.0
305.0 329.0 309.0 338.0
356.0 451.0 362.0 460.0
348.0 558.0 357.0 569.0
347.0 353.0 353.0 364.0
174.0 503.0 179.0 515.0
409.0 230.0 413.0 238.0
409.0 229.0 413.0 238.0
312.0 510.0 319.0 517.0
167.0 602.0 170.0 612.0
139.0 535.0 143.0 545.0
281.0 357.0 285.0 369.0
303.0 329.0 308.0 338.0
194.0 174.0 197.0 182.0
303.0 328.0 308.0 338.0
190.0 509.0 194.0 517.0
274.0 527.0 283.0 538.0
304.0 328.0 308.0 337.0
166.0 601.0 170.0 612.0
301.0 492.0 307.0 499.0
413.0 102.0 415.0 112.0
301.0 385.0 306.0 395.0
176.0 232.0 179.0 244.0
313.0 510.0 319.0 517.0
195.0 173.0 197.0 182.0
412.0 102.0 414.0 112.0
176.0 231.0 179.0 244.0
347.0 354.0 353.0 364.0
177.0 231.0 180.0 244.0
320.0 390.0 328.0 401.0
413.0 103.0 415.0 112.0
262.0 444.0 269.0 451.0
195.0 555.0 202.0 565.0
346.0 353.0 353.0 364.0
301.0 384.0 306.0 395.0
287.0 338.0 294.0 347.0
321.0 391.0 328.0 401.0
263.0 443.0 269.0 451.0
195.0 174.0 197.0 182.0
321.0 392.0 328.0 401.0
292.0 225.0 295.0 235.0
273.0 526.0 283.0 538.0
320.0 392.0 328.0 401.0
293.0 224.0 295.0 234.0
261.0 443.0 269.0 451.0
176.0 230.0 179.0 244.0
132.0 613.0 137.0 625.0
320.0 391.0 328.0 401.0
341.0 543.0 349.0 554.0
251.0 373.0 257.0 383.0
351.0 292.0 354.0 299.0
262.0 442.0 269.0 451.0
293.0 225.0 295.0 235.0
301.0 493.0 307.0 499.0
262.0 443.0 269.0 451.0
300.0 493.0 306.0 499.0
300.0 385.0 306.0 395.0
195.0 554.0 202.0 565.0
301.0 386.0 306.0 395.0
246.0 457.0 252.0 468.0
348.0 560.0 357.0 570.0
348.0 559.0 357.0 570.0
280.0 357.0 285.0 369.0
357.0 451.0 362.0 460.0
163.0 266.0 173.0 263.0
261.0 444.0 269.0 451.0
259.0 475.0 266.0 485.0
346.0 354.0 352.0 363.0
194.0 572.0 198.0 580.0
247.0 459.0 252.0 468.0
106.0 531.0 112.0 541.0
329.0 181.0 332.0 189.0
246.0 459.0 252.0 468.0
273.0 527.0 283.0 538.0
167.0 600.0 170.0 612.0
246.0 458.0 252.0 468.0
247.0 457.0 252.0 468.0
222.0 462.0 227.0 473.0
177.0 230.0 179.0 244.0
167.0 601.0 170.0 612.0
249.0 126.0 248.0 145.0
168.0 601.0 170.0 612.0
163.0 265.0 173.0 263.0
194.0 571.0 198.0 580.0
194.0 570.0 198.0 580.0
196.0 555.0 202.0 565.0
447.0 8.0 449.0 17.0
294.0 224.0 295.0 234.0
247.0 458.0 252.0 468.0
300.0 386.0 306.0 395.0
195.0 175.0 197.0 182.0
405.0 505.0 414.0 514.0
251.0 374.0 257.0 383.0
259.0 474.0 266.0 485.0
132.0 612.0 137.0 625.0
30.0 591.0 34.0 602.0
404.0 505.0 414.0 514.0
282.0 447.0 289.0 456.0
386.0 291.0 391.0 299.0
222.0 463.0 227.0 473.0
386.0 290.0 391.0 299.0
347.0 558.0 357.0 570.0
259.0 476.0 266.0 485.0
248.0 458.0 252.0 468.0
141.0 322.0 173.0 263.0
347.0 559.0 357.0 570.0
196.0 554.0 202.0 565.0
300.0 494.0 306.0 499.0
30.0 590.0 33.0 602.0
260.0 476.0 266.0 485.0
31.0 591.0 34.0 602.0
29.0 590.0 33.0 602.0
404.0 504.0 414.0 514.0
405.0 504.0 414.0 514.0
260.0 474.0 266.0 486.0
260.0 473.0 266.0 486.0
282.0 446.0 289.0 456.0
346.0 248.0 349.0 254.0
30.0 589.0 33.0 602.0
82.0 584.0 84.0 596.0
141.0 321.0 173.0 263.0
281.0 446.0 289.0 456.0
260.0 475.0 266.0 486.0
196.0 553.0 202.0 565.0
31.0 590.0 34.0 602.0
463.0 461.0 474.0 470.0
346.0 247.0 349.0 254.0
221.0 462.0 227.0 473.0
301.0 494.0 307.0 500.0
155.0 617.0 159.0 628.0
282.0 527.0 283.0 538.0
195.0 571.0 198.0 580.0
221.0 463.0 227.0 473.0
233.0 423.0 237.0 433.0
345.0 249.0 349.0 254.0
347.0 560.0 357.0 570.0
345.0 248.0 349.0 254.0
281.0 527.0 283.0 538.0
345.0 247.0 349.0 254.0
435.0 334.0 443.0 342.0
149.0 591.0 155.0 603.0
301.0 495.0 307.0 500.0
281.0 445.0 289.0 456.0
282.0 526.0 283.0 538.0
172.0 543.0 172.0 545.0
436.0 334.0 443.0 342.0
233.0 422.0 237.0 433.0
121.0 571.0 124.0 583.0
417.0 614.0 430.0 625.0
195.0 570.0 198.0 580.0
261.0 475.0 266.0 486.0
282.0 445.0 289.0 456.0
283.0 526.0 283.0 538.0
68.0 448.0 68.0 455.0
121.0 573.0 124.0 583.0
122.0 573.0 124.0 583.0
83.0 585.0 84.0 596.0
83.0 584.0 86.0 596.0
298.0 408.0 305.0 416.0
81.0 470.0 90.0 469.0
121.0 572.0 124.0 583.0
417.0 613.0 430.0 625.0
297.0 409.0 305.0 416.0
298.0 407.0 305.0 416.0
261.0 474.0 266.0 486.0
69.0 448.0 68.0 455.0
196.0 552.0 202.0 565.0
84.0 585.0 86.0 596.0
458.0 531.0 468.0 541.0
417.0 612.0 429.0 625.0
122.0 572.0 124.0 583.0
120.0 573.0 124.0 583.0
418.0 613.0 430.0 625.0
153.0 616.0 160.0 629.0
232.0 423.0 237.0 433.0
84.0 584.0 86.0 596.0
418.0 612.0 429.0 625.0
458.0 532.0 468.0 541.0
120.0 572.0 124.0 583.0
232.0 422.0 237.0 433.0
416.0 613.0 430.0 625.0
458.0 533.0 468.0 541.0
457.0 531.0 468.0 541.0
297.0 408.0 305.0 416.0
467.0 473.0 474.0 471.0
467.0 474.0 474.0 471.0
457.0 532.0 468.0 541.0
324.0 326.0 334.0 326.0
472.0 306.0 473.0 314.0
457.0 533.0 468.0 541.0
466.0 473.0 474.0 471.0
456.0 532.0 468.0 541.0
403.0 451.0 421.0 450.0
77.0 425.0 83.0 424.0
324.0 327.0 334.0 326.0
183.0 212.0 179.0 243.0
158.0 534.0 172.0 545.0
335.0 310.0 335.0 325.0
379.0 278.0 371.0 282.0
241.0 63.0 236.0 88.0
77.0 426.0 83.0 424.0
379.0 277.0 371.0 281.0
280.0 404.0 284.0 425.0
437.0 185.0 446.0 171.0
