401.0 244.0 416.0 244.0
402.0 245.0 417.0 244.0
286.0 92.0 302.0 90.0
401.0 245.0 416.0 244.0
286.0 91.0 302.0 89.0
285.0 92.0 302.0 89.0
286.0 93.0 302.0 91.0
284.0 92.0 301.0 89.0
287.0 93.0 303.0 90.0
287.0 92.0 303.0 90.0
284.0 94.0 301.0 91.0
285.0 93.0 301.0 91.0
400.0 244.0 416.0 244.0
286.0 94.0 302.0 91.0
400.0 245.0 415.0 244.0
285.0 94.0 301.0 91.0
403.0 245.0 417.0 244.0
402.0 244.0 417.0 244.0
284.0 93.0 302.0 89.0
283.0 93.0 300.0 91.0
182.0 108.0 200.0 107.0
168.0 89.0 186.0 88.0
402.0 246.0 417.0 244.0
152.0 304.0 170.0 301.0
153.0 304.0 170.0 301.0
309.0 476.0 324.0 471.0
182.0 107.0 199.0 107.0
167.0 89.0 186.0 88.0
403.0 244.0 417.0 244.0
209.0 479.0 225.0 474.0
153.0 305.0 170.0 301.0
152.0 306.0 170.0 301.0
210.0 479.0 225.0 474.0
152.0 305.0 170.0 301.0
309.0 475.0 324.0 471.0
50.0 158.0 68.0 156.0
401.0 246.0 417.0 244.0
234.0 27.0 250.0 25.0
208.0 479.0 225.0 474.0
155.0 102.0 173.0 101.0
404.0 244.0 418.0 244.0
254.0 543.0 268.0 536.0
209.0 478.0 225.0 473.0
155.0 103.0 173.0 101.0
403.0 246.0 417.0 244.0
50.0 157.0 68.0 155.0
257.0 58.0 273.0 53.0
254.0 544.0 268.0 536.0
255.0 544.0 269.0 537.0
255.0 545.0 269.0 537.0
49.0 158.0 68.0 156.0
235.0 29.0 250.0 25.0
219.0 493.0 234.0 485.0
210.0 480.0 225.0 474.0
49.0 157.0 68.0 155.0
255.0 543.0 269.0 534.0
49.0 156.0 68.0 155.0
156.0 101.0 173.0 101.0
236.0 29.0 250.0 25.0
218.0 493.0 234.0 485.0
156.0 102.0 173.0 101.0
234.0 28.0 250.0 25.0
60.0 78.0 78.0 75.0
48.0 156.0 68.0 155.0
210.0 478.0 225.0 473.0
48.0 157.0 68.0 155.0
186.0 465.0 204.0 461.0
252.0 571.0 267.0 562.0
235.0 28.0 250.0 25.0
256.0 544.0 269.0 537.0
211.0 480.0 226.0 474.0
253.0 570.0 267.0 561.0
187.0 464.0 204.0 460.0
257.0 56.0 273.0 52.0
428.0 184.0 444.0 183.0
157.0 103.0 174.0 101.0
429.0 185.0 444.0 183.0
440.0 267.0 453.0 266.0
252.0 570.0 267.0 561.0
428.0 185.0 444.0 183.0
188.0 465.0 204.0 460.0
257.0 57.0 273.0 52.0
429.0 184.0 444.0 183.0
157.0 101.0 173.0 101.0
105.0 171.0 124.0 167.0
156.0 103.0 174.0 101.0
157.0 102.0 174.0 101.0
60.0 79.0 78.0 75.0
251.0 570.0 267.0 560.0
81.0 154.0 97.0 152.0
211.0 479.0 225.0 474.0
259.0 59.0 274.0 52.0
259.0 57.0 274.0 52.0
48.0 158.0 68.0 156.0
253.0 569.0 267.0 561.0
206.0 478.0 225.0 473.0
153.0 420.0 168.0 415.0
430.0 185.0 445.0 183.0
258.0 57.0 273.0 52.0
154.0 421.0 169.0 415.0
258.0 59.0 273.0 54.0
254.0 545.0 268.0 536.0
251.0 571.0 267.0 561.0
258.0 58.0 273.0 52.0
104.0 172.0 123.0 168.0
187.0 465.0 204.0 460.0
440.0 266.0 454.0 266.0
258.0 56.0 273.0 52.0
103.0 171.0 123.0 168.0
59.0 78.0 78.0 75.0
256.0 545.0 269.0 537.0
105.0 172.0 123.0 168.0
152.0 421.0 168.0 415.0
188.0 464.0 204.0 460.0
252.0 569.0 267.0 560.0
189.0 465.0 205.0 459.0
104.0 171.0 123.0 168.0
188.0 466.0 204.0 460.0
259.0 55.0 275.0 53.0
187.0 466.0 204.0 461.0
240.0 552.0 254.0 544.0
153.0 422.0 168.0 415.0
251.0 11.0 266.0 7.0
252.0 10.0 267.0 6.0
104.0 170.0 124.0 167.0
259.0 58.0 274.0 52.0
203.0 554.0 219.0 545.0
259.0 56.0 275.0 53.0
251.0 569.0 267.0 560.0
97.0 336.0 114.0 332.0
153.0 421.0 168.0 415.0
47.0 157.0 67.0 155.0
252.0 11.0 267.0 6.0
226.0 478.0 241.0 472.0
47.0 158.0 68.0 156.0
203.0 555.0 219.0 545.0
439.0 268.0 453.0 266.0
47.0 156.0 67.0 155.0
253.0 10.0 267.0 6.0
59.0 79.0 78.0 75.0
103.0 170.0 123.0 168.0
61.0 284.0 78.0 281.0
255.0 546.0 269.0 537.0
253.0 11.0 267.0 6.0
202.0 554.0 219.0 545.0
439.0 267.0 453.0 266.0
76.0 134.0 94.0 132.0
252.0 519.0 267.0 512.0
96.0 445.0 110.0 437.0
439.0 266.0 454.0 266.0
251.0 10.0 267.0 6.0
250.0 11.0 266.0 7.0
77.0 133.0 94.0 132.0
252.0 518.0 267.0 512.0
437.0 183.0 453.0 182.0
437.0 184.0 453.0 182.0
202.0 555.0 219.0 545.0
95.0 445.0 110.0 437.0
61.0 283.0 78.0 280.0
96.0 444.0 110.0 437.0
60.0 80.0 78.0 76.0
89.0 368.0 106.0 363.0
77.0 134.0 94.0 132.0
25.0 415.0 42.0 409.0
134.0 304.0 150.0 301.0
251.0 519.0 267.0 512.0
201.0 555.0 219.0 545.0
436.0 183.0 453.0 182.0
436.0 184.0 453.0 182.0
59.0 567.0 76.0 554.0
95.0 444.0 110.0 437.0
437.0 182.0 453.0 182.0
227.0 478.0 241.0 472.0
26.0 416.0 42.0 409.0
253.0 519.0 267.0 512.0
26.0 415.0 42.0 409.0
62.0 284.0 78.0 281.0
438.0 267.0 453.0 266.0
438.0 266.0 453.0 266.0
62.0 283.0 78.0 280.0
27.0 415.0 42.0 409.0
76.0 273.0 96.0 268.0
32.0 212.0 47.0 209.0
97.0 337.0 114.0 332.0
202.0 556.0 219.0 545.0
76.0 135.0 94.0 132.0
91.0 56.0 110.0 54.0
205.0 478.0 225.0 473.0
97.0 444.0 110.0 437.0
437.0 267.0 453.0 266.0
253.0 518.0 267.0 512.0
203.0 556.0 219.0 545.0
254.0 546.0 268.0 536.0
32.0 213.0 47.0 209.0
75.0 273.0 96.0 268.0
135.0 304.0 150.0 301.0
26.0 414.0 42.0 409.0
136.0 304.0 150.0 301.0
69.0 326.0 87.0 322.0
34.0 212.0 49.0 210.0
69.0 327.0 87.0 322.0
42.0 430.0 58.0 421.0
33.0 212.0 47.0 209.0
96.0 443.0 110.0 437.0
62.0 285.0 78.0 281.0
255.0 547.0 268.0 536.0
76.0 274.0 96.0 268.0
63.0 311.0 79.0 306.0
34.0 213.0 49.0 210.0
43.0 430.0 58.0 421.0
33.0 214.0 47.0 209.0
160.0 88.0 186.0 88.0
68.0 327.0 87.0 322.0
135.0 305.0 150.0 301.0
65.0 363.0 85.0 359.0
75.0 274.0 96.0 268.0
69.0 328.0 87.0 322.0
67.0 328.0 87.0 322.0
68.0 328.0 87.0 322.0
97.0 443.0 110.0 437.0
33.0 213.0 47.0 209.0
75.0 275.0 96.0 268.0
193.0 517.0 208.0 510.0
194.0 517.0 209.0 510.0
90.0 56.0 110.0 54.0
90.0 57.0 110.0 54.0
452.0 213.0 466.0 213.0
193.0 518.0 209.0 510.0
88.0 322.0 104.0 317.0
450.0 213.0 464.0 214.0
64.0 364.0 85.0 359.0
89.0 56.0 110.0 54.0
89.0 57.0 110.0 54.0
43.0 429.0 58.0 421.0
43.0 348.0 56.0 344.0
73.0 396.0 90.0 387.0
87.0 323.0 104.0 317.0
450.0 214.0 464.0 214.0
86.0 323.0 104.0 317.0
194.0 518.0 209.0 510.0
451.0 214.0 464.0 214.0
108.0 289.0 127.0 285.0
108.0 288.0 127.0 285.0
107.0 288.0 127.0 284.0
86.0 321.0 102.0 317.0
43.0 349.0 56.0 344.0
42.0 429.0 58.0 421.0
451.0 215.0 464.0 214.0
64.0 311.0 79.0 306.0
107.0 289.0 127.0 285.0
72.0 396.0 90.0 387.0
451.0 213.0 464.0 214.0
87.0 322.0 104.0 317.0
11.0 408.0 27.0 400.0
87.0 321.0 102.0 317.0
88.0 321.0 104.0 317.0
64.0 363.0 85.0 359.0
72.0 394.0 90.0 387.0
86.0 322.0 102.0 317.0
11.0 407.0 27.0 400.0
73.0 394.0 90.0 387.0
43.0 431.0 58.0 421.0
67.0 478.0 78.0 470.0
68.0 478.0 78.0 470.0
72.0 395.0 90.0 387.0
74.0 395.0 90.0 387.0
452.0 214.0 466.0 214.0
73.0 395.0 90.0 387.0
9.0 408.0 25.0 400.0
10.0 408.0 27.0 401.0
71.0 395.0 90.0 388.0
3.0 630.0 2.0 629.0
68.0 477.0 78.0 470.0
1.0 630.0 2.0 629.0
2.0 630.0 2.0 629.0
10.0 407.0 25.0 400.0
16.0 504.0 31.0 496.0
16.0 505.0 31.0 496.0
17.0 505.0 31.0 496.0
2.0 629.0 2.0 629.0
1.0 629.0 2.0 629.0
3.0 629.0 2.0 629.0
16.0 503.0 31.0 496.0
91.0 72.0 110.0 55.0
18.0 504.0 31.0 496.0
17.0 503.0 31.0 496.0
1.0 628.0 2.0 629.0
91.0 73.0 110.0 55.0
79.0 350.0 94.0 346.0
2.0 628.0 2.0 629.0
3.0 628.0 2.0 629.0
17.0 504.0 31.0 496.0
20.0 76.0 37.0 75.0
30.0 283.0 36.0 271.0
262.0 519.0 268.0 511.0
179.0 489.0 208.0 487.0
128.0 624.0 154.0 617.0
79.0 352.0 94.0 346.0
128.0 623.0 154.0 617.0
79.0 351.0 94.0 346.0
227.0 631.0 253.0 625.0
42.0 42.0 56.0 41.0
179.0 490.0 208.0 487.0
14.0 335.0 21.0 330.0
38.0 607.0 50.0 597.0
37.0 608.0 50.0 597.0
15.0 335.0 21.0 330.0
166.0 563.0 178.0 547.0
37.0 607.0 50.0 597.0
263.0 520.0 268.0 511.0
15.0 334.0 21.0 330.0
36.0 608.0 50.0 597.0
90.0 72.0 110.0 55.0
41.0 42.0 55.0 41.0
41.0 43.0 55.0 41.0
36.0 609.0 50.0 597.0
80.0 351.0 94.0 346.0
90.0 73.0 110.0 55.0
44.0 388.0 68.0 380.0
263.0 518.0 268.0 511.0
38.0 608.0 50.0 597.0
127.0 624.0 154.0 617.0
263.0 519.0 268.0 511.0
36.0 607.0 50.0 597.0
84.0 56.0 110.0 54.0
167.0 563.0 178.0 547.0
264.0 519.0 268.0 511.0
178.0 489.0 208.0 487.0
35.0 608.0 50.0 597.0
178.0 490.0 208.0 487.0
16.0 335.0 21.0 330.0
87.0 158.0 97.0 152.0
16.0 334.0 21.0 330.0
84.0 57.0 110.0 54.0
36.0 42.0 55.0 41.0
87.0 157.0 97.0 152.0
37.0 231.0 49.0 209.0
38.0 609.0 50.0 597.0
177.0 491.0 208.0 487.0
178.0 491.0 208.0 487.0
35.0 43.0 55.0 41.0
37.0 609.0 50.0 597.0
87.0 473.0 96.0 474.0
54.0 332.0 65.0 325.0
36.0 230.0 48.0 210.0
43.0 387.0 68.0 380.0
83.0 56.0 110.0 54.0
89.0 72.0 110.0 55.0
89.0 73.0 110.0 55.0
36.0 232.0 48.0 210.0
35.0 231.0 48.0 210.0
38.0 571.0 54.0 558.0
39.0 570.0 54.0 558.0
36.0 231.0 48.0 210.0
39.0 569.0 54.0 558.0
35.0 42.0 55.0 41.0
177.0 490.0 208.0 487.0
37.0 571.0 54.0 558.0
230.0 538.0 254.0 543.0
39.0 571.0 54.0 558.0
167.0 564.0 178.0 547.0
61.0 146.0 68.0 155.0
88.0 158.0 97.0 152.0
38.0 570.0 54.0 558.0
55.0 332.0 65.0 325.0
43.0 388.0 68.0 380.0
88.0 157.0 97.0 152.0
56.0 332.0 65.0 325.0
38.0 569.0 54.0 558.0
37.0 570.0 54.0 558.0
88.0 472.0 96.0 474.0
65.0 349.0 94.0 346.0
38.0 572.0 54.0 558.0
