276.0 258.0 269.0 256.0
162.0 17.0 158.0 18.0
276.0 257.0 269.0 256.0
162.0 18.0 158.0 19.0
178.0 9.0 174.0 10.0
277.0 257.0 269.0 256.0
179.0 10.0 174.0 10.0
358.0 248.0 352.0 245.0
357.0 249.0 352.0 245.0
358.0 249.0 352.0 245.0
358.0 250.0 352.0 245.0
180.0 10.0 174.0 10.0
357.0 250.0 352.0 245.0
145.0 132.0 139.0 132.0
179.0 9.0 174.0 10.0
163.0 136.0 158.0 135.0
179.0 8.0 174.0 10.0
359.0 250.0 353.0 247.0
154.0 278.0 146.0 277.0
359.0 249.0 353.0 245.0
163.0 135.0 158.0 134.0
180.0 9.0 174.0 10.0
359.0 248.0 353.0 245.0
76.0 256.0 69.0 255.0
163.0 17.0 158.0 18.0
68.0 91.0 63.0 90.0
68.0 90.0 63.0 90.0
242.0 28.0 237.0 28.0
22.0 157.0 17.0 158.0
144.0 132.0 139.0 132.0
143.0 132.0 139.0 132.0
22.0 158.0 17.0 158.0
78.0 256.0 70.0 255.0
84.0 276.0 78.0 276.0
283.0 106.0 277.0 104.0
77.0 256.0 69.0 255.0
252.0 100.0 244.0 101.0
140.0 188.0 132.0 187.0
185.0 261.0 177.0 260.0
144.0 133.0 139.0 132.0
123.0 137.0 116.0 136.0
252.0 101.0 244.0 101.0
166.0 154.0 160.0 155.0
20.0 116.0 15.0 116.0
23.0 158.0 17.0 158.0
282.0 106.0 277.0 104.0
73.0 224.0 65.0 223.0
77.0 257.0 69.0 255.0
108.0 37.0 102.0 37.0
99.0 270.0 93.0 268.0
251.0 100.0 244.0 101.0
139.0 187.0 132.0 187.0
76.0 257.0 69.0 255.0
74.0 224.0 65.0 223.0
153.0 279.0 146.0 277.0
183.0 261.0 176.0 259.0
153.0 278.0 146.0 277.0
155.0 278.0 146.0 277.0
202.0 192.0 196.0 191.0
140.0 187.0 132.0 187.0
154.0 279.0 146.0 277.0
23.0 157.0 17.0 158.0
282.0 105.0 277.0 104.0
163.0 18.0 158.0 18.0
21.0 116.0 15.0 116.0
24.0 157.0 17.0 158.0
449.0 420.0 442.0 416.0
69.0 90.0 64.0 90.0
87.0 34.0 83.0 35.0
321.0 63.0 316.0 63.0
255.0 250.0 249.0 248.0
184.0 261.0 177.0 260.0
139.0 188.0 132.0 187.0
21.0 117.0 15.0 116.0
251.0 102.0 244.0 101.0
73.0 223.0 65.0 223.0
242.0 29.0 237.0 28.0
20.0 117.0 15.0 116.0
155.0 279.0 147.0 277.0
124.0 137.0 116.0 136.0
171.0 174.0 163.0 174.0
447.0 420.0 442.0 416.0
448.0 420.0 442.0 416.0
202.0 193.0 196.0 191.0
133.0 319.0 127.0 319.0
74.0 223.0 65.0 223.0
99.0 269.0 93.0 268.0
145.0 133.0 139.0 132.0
251.0 101.0 244.0 101.0
243.0 29.0 237.0 28.0
165.0 155.0 160.0 155.0
70.0 90.0 64.0 90.0
197.0 554.0 190.0 552.0
283.0 105.0 277.0 104.0
122.0 137.0 116.0 136.0
419.0 215.0 412.0 211.0
242.0 154.0 236.0 154.0
166.0 155.0 160.0 155.0
65.0 530.0 58.0 530.0
197.0 160.0 192.0 159.0
145.0 14.0 140.0 14.0
123.0 138.0 116.0 136.0
129.0 91.0 124.0 92.0
85.0 277.0 79.0 277.0
132.0 319.0 127.0 319.0
164.0 18.0 158.0 18.0
72.0 19.0 68.0 20.0
163.0 177.0 157.0 176.0
204.0 146.0 197.0 145.0
270.0 129.0 265.0 127.0
418.0 215.0 412.0 211.0
241.0 154.0 236.0 154.0
87.0 35.0 83.0 35.0
140.0 45.0 133.0 46.0
193.0 429.0 188.0 427.0
262.0 239.0 255.0 236.0
250.0 101.0 244.0 101.0
88.0 35.0 83.0 35.0
197.0 297.0 189.0 295.0
222.0 615.0 213.0 611.0
198.0 554.0 190.0 551.0
37.0 209.0 33.0 209.0
201.0 193.0 196.0 191.0
111.0 63.0 106.0 63.0
281.0 106.0 276.0 105.0
263.0 239.0 255.0 236.0
85.0 276.0 79.0 276.0
72.0 223.0 65.0 223.0
197.0 555.0 190.0 552.0
37.0 210.0 32.0 210.0
250.0 102.0 244.0 101.0
100.0 270.0 94.0 269.0
418.0 214.0 412.0 211.0
419.0 214.0 412.0 211.0
176.0 211.0 170.0 211.0
222.0 614.0 213.0 611.0
115.0 357.0 106.0 357.0
193.0 428.0 188.0 427.0
264.0 239.0 255.0 236.0
419.0 213.0 412.0 211.0
448.0 421.0 442.0 416.0
37.0 126.0 31.0 127.0
447.0 421.0 441.0 416.0
241.0 29.0 237.0 28.0
420.0 214.0 413.0 211.0
122.0 138.0 116.0 136.0
281.0 105.0 276.0 104.0
221.0 614.0 213.0 611.0
77.0 205.0 69.0 204.0
164.0 17.0 158.0 18.0
47.0 213.0 42.0 213.0
131.0 91.0 125.0 91.0
115.0 449.0 109.0 448.0
37.0 127.0 31.0 127.0
38.0 209.0 33.0 209.0
69.0 91.0 63.0 90.0
203.0 146.0 197.0 145.0
114.0 357.0 106.0 357.0
66.0 530.0 58.0 530.0
171.0 270.0 163.0 269.0
114.0 356.0 106.0 357.0
198.0 555.0 190.0 551.0
100.0 269.0 93.0 268.0
203.0 145.0 197.0 145.0
199.0 555.0 190.0 551.0
100.0 51.0 96.0 52.0
270.0 128.0 265.0 127.0
208.0 51.0 203.0 50.0
199.0 554.0 190.0 551.0
113.0 357.0 106.0 357.0
130.0 91.0 124.0 92.0
70.0 91.0 64.0 90.0
106.0 182.0 99.0 181.0
208.0 50.0 203.0 50.0
131.0 92.0 125.0 91.0
254.0 250.0 249.0 248.0
271.0 87.0 266.0 85.0
139.0 46.0 133.0 46.0
29.0 420.0 23.0 418.0
124.0 539.0 115.0 538.0
132.0 318.0 127.0 318.0
36.0 126.0 31.0 127.0
101.0 270.0 94.0 269.0
130.0 92.0 125.0 91.0
86.0 34.0 82.0 35.0
139.0 45.0 133.0 46.0
420.0 215.0 413.0 211.0
111.0 64.0 106.0 63.0
126.0 67.0 118.0 65.0
198.0 160.0 192.0 160.0
124.0 138.0 117.0 136.0
138.0 45.0 133.0 46.0
72.0 18.0 68.0 20.0
78.0 204.0 70.0 204.0
86.0 35.0 82.0 35.0
66.0 531.0 58.0 530.0
198.0 161.0 192.0 160.0
176.0 210.0 170.0 211.0
129.0 92.0 124.0 92.0
126.0 68.0 119.0 65.0
48.0 213.0 42.0 213.0
38.0 127.0 31.0 127.0
421.0 214.0 413.0 211.0
242.0 155.0 236.0 154.0
76.0 204.0 69.0 204.0
241.0 155.0 236.0 154.0
96.0 123.0 90.0 123.0
223.0 632.0 217.0 630.0
127.0 520.0 118.0 518.0
59.0 110.0 55.0 110.0
116.0 449.0 109.0 448.0
96.0 124.0 90.0 123.0
77.0 204.0 69.0 204.0
198.0 297.0 189.0 295.0
123.0 538.0 115.0 538.0
101.0 269.0 93.0 268.0
47.0 214.0 42.0 213.0
204.0 145.0 197.0 145.0
127.0 521.0 119.0 519.0
449.0 421.0 442.0 416.0
170.0 270.0 163.0 269.0
105.0 183.0 98.0 181.0
29.0 419.0 23.0 418.0
220.0 615.0 213.0 611.0
447.0 422.0 442.0 417.0
177.0 211.0 170.0 211.0
89.0 100.0 85.0 100.0
71.0 18.0 68.0 20.0
78.0 203.0 70.0 204.0
71.0 19.0 68.0 20.0
243.0 154.0 236.0 154.0
90.0 100.0 85.0 100.0
89.0 99.0 84.0 99.0
38.0 210.0 33.0 209.0
48.0 214.0 42.0 213.0
129.0 93.0 124.0 92.0
125.0 520.0 118.0 518.0
157.0 200.0 149.0 199.0
90.0 99.0 85.0 100.0
61.0 600.0 53.0 600.0
434.0 238.0 429.0 235.0
199.0 160.0 192.0 160.0
54.0 501.0 47.0 500.0
38.0 126.0 31.0 127.0
95.0 484.0 84.0 484.0
452.0 215.0 447.0 214.0
221.0 615.0 213.0 611.0
274.0 121.0 268.0 119.0
126.0 520.0 118.0 518.0
105.0 182.0 98.0 181.0
99.0 51.0 96.0 52.0
387.0 118.0 381.0 116.0
223.0 631.0 217.0 630.0
452.0 214.0 447.0 212.0
453.0 215.0 447.0 214.0
125.0 68.0 118.0 65.0
28.0 420.0 23.0 418.0
448.0 422.0 442.0 417.0
73.0 449.0 63.0 448.0
71.0 449.0 63.0 448.0
453.0 216.0 447.0 214.0
126.0 263.0 120.0 261.0
183.0 364.0 177.0 364.0
125.0 521.0 118.0 518.0
94.0 484.0 84.0 484.0
156.0 200.0 149.0 199.0
435.0 238.0 429.0 235.0
169.0 270.0 163.0 269.0
274.0 122.0 268.0 120.0
209.0 51.0 203.0 51.0
126.0 521.0 118.0 518.0
65.0 531.0 58.0 530.0
100.0 50.0 96.0 52.0
224.0 631.0 217.0 629.0
221.0 616.0 213.0 611.0
177.0 210.0 171.0 210.0
62.0 600.0 54.0 600.0
209.0 50.0 203.0 50.0
124.0 538.0 115.0 538.0
178.0 211.0 171.0 210.0
223.0 630.0 216.0 629.0
124.0 537.0 114.0 538.0
452.0 216.0 447.0 214.0
453.0 214.0 447.0 214.0
28.0 419.0 23.0 418.0
171.0 486.0 163.0 483.0
386.0 118.0 381.0 116.0
192.0 428.0 188.0 427.0
240.0 562.0 231.0 559.0
130.0 93.0 124.0 92.0
239.0 564.0 231.0 560.0
451.0 215.0 447.0 212.0
125.0 538.0 115.0 538.0
72.0 449.0 63.0 448.0
126.0 69.0 119.0 65.0
8.0 416.0 6.0 414.0
184.0 364.0 177.0 364.0
123.0 537.0 114.0 538.0
217.0 434.0 209.0 432.0
243.0 155.0 236.0 154.0
192.0 429.0 188.0 427.0
180.0 458.0 176.0 457.0
77.0 203.0 69.0 204.0
218.0 434.0 209.0 432.0
143.0 558.0 134.0 558.0
143.0 390.0 136.0 388.0
7.0 416.0 6.0 414.0
9.0 416.0 6.0 414.0
386.0 119.0 381.0 116.0
127.0 263.0 120.0 261.0
144.0 389.0 136.0 390.0
127.0 262.0 120.0 261.0
28.0 418.0 23.0 418.0
108.0 489.0 100.0 489.0
97.0 468.0 87.0 467.0
97.0 123.0 90.0 123.0
73.0 450.0 63.0 448.0
387.0 119.0 381.0 116.0
62.0 599.0 54.0 600.0
144.0 390.0 136.0 390.0
111.0 373.0 103.0 373.0
143.0 559.0 134.0 558.0
435.0 239.0 429.0 235.0
436.0 238.0 429.0 235.0
181.0 458.0 176.0 457.0
132.0 456.0 124.0 455.0
158.0 432.0 150.0 431.0
158.0 433.0 150.0 431.0
112.0 374.0 105.0 373.0
112.0 373.0 104.0 372.0
27.0 419.0 22.0 417.0
178.0 210.0 171.0 210.0
15.0 186.0 8.0 187.0
240.0 564.0 231.0 560.0
34.0 572.0 25.0 571.0
172.0 487.0 163.0 483.0
217.0 433.0 210.0 431.0
171.0 487.0 163.0 483.0
143.0 389.0 136.0 388.0
241.0 564.0 231.0 560.0
99.0 50.0 96.0 52.0
22.0 87.0 15.0 87.0
449.0 422.0 442.0 416.0
126.0 262.0 120.0 261.0
159.0 433.0 151.0 432.0
98.0 468.0 87.0 467.0
143.0 391.0 136.0 390.0
162.0 454.0 154.0 452.0
9.0 417.0 6.0 414.0
97.0 124.0 90.0 123.0
159.0 434.0 151.0 432.0
7.0 417.0 6.0 414.0
22.0 86.0 17.0 86.0
8.0 417.0 6.0 414.0
112.0 63.0 106.0 63.0
275.0 121.0 268.0 119.0
142.0 559.0 134.0 558.0
216.0 434.0 209.0 432.0
168.0 270.0 163.0 269.0
239.0 563.0 231.0 560.0
132.0 455.0 124.0 455.0
40.0 148.0 34.0 148.0
241.0 563.0 231.0 560.0
275.0 122.0 268.0 120.0
142.0 560.0 134.0 558.0
97.0 125.0 90.0 124.0
240.0 563.0 231.0 560.0
158.0 434.0 150.0 431.0
71.0 450.0 63.0 448.0
161.0 454.0 154.0 452.0
23.0 85.0 17.0 86.0
128.0 263.0 120.0 261.0
40.0 149.0 33.0 149.0
98.0 51.0 96.0 52.0
113.0 374.0 105.0 373.0
276.0 121.0 269.0 120.0
72.0 450.0 63.0 448.0
15.0 187.0 8.0 187.0
162.0 453.0 154.0 452.0
107.0 489.0 100.0 489.0
157.0 433.0 150.0 431.0
236.0 219.0 229.0 218.0
163.0 453.0 154.0 452.0
113.0 373.0 106.0 357.0
40.0 150.0 34.0 149.0
23.0 86.0 17.0 86.0
23.0 87.0 15.0 87.0
35.0 470.0 31.0 469.0
235.0 219.0 229.0 218.0
163.0 454.0 154.0 452.0
34.0 571.0 25.0 571.0
35.0 469.0 31.0 469.0
34.0 469.0 31.0 469.0
234.0 219.0 228.0 217.0
157.0 434.0 150.0 431.0
236.0 218.0 229.0 218.0
235.0 218.0 229.0 218.0
157.0 432.0 150.0 431.0
36.0 469.0 31.0 469.0
35.0 572.0 25.0 571.0
36.0 470.0 31.0 469.0
234.0 218.0 228.0 217.0
110.0 339.0 105.0 356.0
131.0 437.0 133.0 433.0
11.0 469.0 7.0 471.0
109.0 339.0 105.0 356.0
10.0 470.0 7.0 471.0
153.0 94.0 146.0 86.0
16.0 489.0 7.0 489.0
16.0 490.0 7.0 489.0
270.0 78.0 266.0 84.0
269.0 78.0 266.0 84.0
144.0 61.0 134.0 46.0
130.0 438.0 133.0 433.0
390.0 128.0 381.0 116.0
15.0 490.0 7.0 489.0
10.0 469.0 7.0 471.0
130.0 437.0 133.0 433.0
145.0 61.0 134.0 46.0
144.0 60.0 134.0 46.0
17.0 489.0 7.0 489.0
17.0 490.0 7.0 489.0
145.0 60.0 134.0 46.0
391.0 128.0 381.0 116.0
152.0 94.0 146.0 86.0
270.0 77.0 266.0 84.0
144.0 59.0 134.0 46.0
269.0 77.0 266.0 84.0
9.0 469.0 7.0 471.0
129.0 438.0 133.0 433.0
129.0 437.0 133.0 433.0
390.0 129.0 381.0 116.0
391.0 129.0 381.0 116.0
289.0 121.0 277.0 105.0
290.0 121.0 277.0 105.0
105.0 520.0 90.0 527.0
