246.0 508.0 246.0 510.0
230.0 505.0 230.0 506.0
245.0 508.0 246.0 510.0
35.0 188.0 41.0 178.0
35.0 187.0 41.0 178.0
246.0 509.0 246.0 510.0
87.0 510.0 86.0 505.0
30.0 204.0 35.0 193.0
31.0 205.0 35.0 193.0
246.0 511.0 247.0 511.0
210.0 604.0 208.0 604.0
87.0 511.0 86.0 505.0
247.0 510.0 247.0 511.0
87.0 512.0 86.0 505.0
245.0 509.0 246.0 510.0
34.0 188.0 41.0 178.0
229.0 506.0 230.0 506.0
86.0 510.0 86.0 505.0
30.0 205.0 35.0 193.0
31.0 204.0 35.0 193.0
211.0 604.0 208.0 604.0
86.0 512.0 86.0 505.0
34.0 187.0 41.0 178.0
229.0 505.0 230.0 506.0
211.0 566.0 210.0 568.0
157.0 174.0 167.0 169.0
86.0 511.0 86.0 505.0
246.0 510.0 247.0 511.0
157.0 176.0 166.0 169.0
157.0 175.0 166.0 169.0
211.0 603.0 209.0 604.0
247.0 509.0 246.0 510.0
31.0 206.0 35.0 193.0
33.0 188.0 41.0 178.0
210.0 603.0 208.0 604.0
85.0 512.0 86.0 505.0
34.0 189.0 41.0 178.0
54.0 203.0 60.0 193.0
228.0 505.0 230.0 506.0
85.0 511.0 86.0 505.0
211.0 567.0 210.0 568.0
129.0 622.0 125.0 618.0
292.0 273.0 300.0 274.0
211.0 568.0 210.0 568.0
211.0 517.0 213.0 518.0
33.0 187.0 41.0 178.0
209.0 603.0 208.0 604.0
158.0 174.0 167.0 169.0
293.0 273.0 301.0 274.0
304.0 217.0 316.0 217.0
390.0 12.0 409.0 11.0
129.0 623.0 125.0 618.0
210.0 566.0 210.0 568.0
54.0 202.0 60.0 193.0
35.0 406.0 35.0 398.0
130.0 622.0 125.0 618.0
389.0 11.0 409.0 11.0
303.0 217.0 316.0 217.0
158.0 176.0 166.0 169.0
173.0 506.0 174.0 503.0
190.0 509.0 191.0 509.0
159.0 175.0 168.0 169.0
191.0 509.0 191.0 509.0
210.0 568.0 210.0 569.0
34.0 406.0 35.0 398.0
198.0 574.0 197.0 574.0
35.0 407.0 35.0 398.0
211.0 516.0 213.0 518.0
148.0 569.0 146.0 565.0
390.0 11.0 409.0 11.0
55.0 203.0 60.0 193.0
129.0 621.0 125.0 618.0
30.0 206.0 35.0 193.0
143.0 479.0 143.0 476.0
141.0 479.0 142.0 476.0
158.0 175.0 167.0 169.0
36.0 405.0 35.0 398.0
166.0 635.0 162.0 634.0
245.0 510.0 246.0 510.0
35.0 405.0 35.0 398.0
34.0 405.0 35.0 398.0
159.0 176.0 168.0 169.0
142.0 478.0 142.0 476.0
130.0 623.0 125.0 618.0
130.0 624.0 127.0 619.0
210.0 567.0 210.0 568.0
158.0 177.0 166.0 169.0
148.0 568.0 146.0 565.0
36.0 406.0 35.0 398.0
172.0 506.0 173.0 504.0
292.0 274.0 300.0 274.0
131.0 622.0 127.0 617.0
142.0 480.0 142.0 476.0
25.0 452.0 25.0 443.0
142.0 479.0 142.0 476.0
199.0 575.0 198.0 574.0
147.0 568.0 146.0 565.0
140.0 161.0 147.0 152.0
304.0 216.0 316.0 217.0
55.0 202.0 60.0 193.0
389.0 12.0 409.0 11.0
191.0 510.0 191.0 509.0
199.0 574.0 198.0 574.0
148.0 548.0 146.0 546.0
159.0 177.0 168.0 169.0
390.0 10.0 409.0 11.0
173.0 505.0 174.0 503.0
131.0 623.0 127.0 619.0
140.0 162.0 147.0 152.0
125.0 539.0 125.0 537.0
212.0 516.0 213.0 518.0
292.0 275.0 300.0 274.0
63.0 392.0 64.0 385.0
372.0 160.0 386.0 162.0
303.0 216.0 316.0 216.0
124.0 572.0 122.0 569.0
198.0 575.0 197.0 574.0
24.0 451.0 25.0 443.0
127.0 540.0 125.0 537.0
147.0 549.0 146.0 547.0
149.0 568.0 146.0 565.0
34.0 407.0 35.0 398.0
189.0 509.0 191.0 509.0
149.0 549.0 146.0 547.0
160.0 176.0 168.0 169.0
358.0 223.0 369.0 225.0
139.0 161.0 147.0 152.0
126.0 539.0 125.0 537.0
123.0 572.0 121.0 570.0
323.0 170.0 335.0 170.0
126.0 540.0 125.0 537.0
63.0 393.0 64.0 385.0
24.0 452.0 25.0 443.0
123.0 571.0 121.0 569.0
324.0 172.0 335.0 170.0
357.0 224.0 369.0 225.0
147.0 550.0 146.0 547.0
323.0 171.0 335.0 170.0
165.0 503.0 165.0 501.0
139.0 160.0 147.0 152.0
139.0 159.0 147.0 152.0
389.0 10.0 409.0 11.0
172.0 505.0 173.0 504.0
168.0 539.0 167.0 537.0
148.0 549.0 146.0 547.0
293.0 275.0 300.0 274.0
140.0 160.0 147.0 152.0
147.0 548.0 145.0 546.0
294.0 274.0 301.0 274.0
146.0 549.0 146.0 547.0
123.0 573.0 121.0 570.0
190.0 510.0 191.0 509.0
372.0 161.0 386.0 162.0
149.0 550.0 146.0 547.0
324.0 171.0 335.0 170.0
172.0 576.0 172.0 575.0
371.0 161.0 386.0 162.0
124.0 573.0 121.0 570.0
8.0 533.0 6.0 524.0
138.0 159.0 145.0 151.0
194.0 591.0 191.0 591.0
293.0 274.0 300.0 274.0
371.0 160.0 386.0 162.0
14.0 378.0 14.0 368.0
193.0 591.0 191.0 591.0
141.0 583.0 139.0 581.0
330.0 239.0 338.0 239.0
358.0 224.0 369.0 225.0
126.0 541.0 125.0 537.0
372.0 162.0 386.0 162.0
373.0 161.0 386.0 162.0
291.0 67.0 304.0 62.0
53.0 396.0 53.0 387.0
140.0 159.0 147.0 152.0
139.0 158.0 147.0 152.0
11.0 481.0 9.0 471.0
153.0 601.0 150.0 598.0
329.0 240.0 338.0 239.0
291.0 68.0 304.0 62.0
189.0 510.0 191.0 509.0
124.0 571.0 122.0 569.0
148.0 550.0 146.0 547.0
359.0 223.0 369.0 225.0
357.0 225.0 369.0 226.0
11.0 480.0 9.0 470.0
371.0 162.0 386.0 162.0
313.0 112.0 329.0 110.0
358.0 225.0 369.0 226.0
329.0 239.0 338.0 239.0
324.0 170.0 335.0 170.0
14.0 377.0 14.0 368.0
291.0 66.0 304.0 62.0
34.0 559.0 31.0 549.0
330.0 238.0 339.0 238.0
171.0 576.0 171.0 575.0
154.0 600.0 152.0 598.0
328.0 240.0 338.0 239.0
190.0 511.0 190.0 510.0
328.0 198.0 338.0 198.0
359.0 225.0 369.0 226.0
294.0 275.0 300.0 274.0
127.0 541.0 125.0 537.0
10.0 480.0 9.0 471.0
13.0 378.0 14.0 368.0
327.0 239.0 338.0 239.0
358.0 226.0 369.0 226.0
15.0 377.0 14.0 368.0
328.0 199.0 338.0 198.0
52.0 397.0 53.0 387.0
10.0 479.0 9.0 470.0
314.0 112.0 329.0 110.0
328.0 200.0 338.0 198.0
193.0 590.0 191.0 590.0
10.0 481.0 9.0 471.0
9.0 481.0 9.0 471.0
325.0 171.0 335.0 170.0
52.0 396.0 53.0 387.0
359.0 224.0 369.0 225.0
52.0 395.0 51.0 387.0
13.0 376.0 14.0 368.0
10.0 482.0 9.0 471.0
292.0 67.0 304.0 62.0
9.0 480.0 9.0 471.0
418.0 272.0 428.0 275.0
155.0 600.0 152.0 598.0
156.0 89.0 168.0 79.0
329.0 238.0 338.0 239.0
13.0 377.0 14.0 368.0
14.0 376.0 15.0 367.0
30.0 502.0 28.0 495.0
332.0 290.0 339.0 291.0
34.0 558.0 31.0 549.0
33.0 558.0 30.0 551.0
154.0 601.0 151.0 598.0
328.0 238.0 338.0 239.0
332.0 291.0 339.0 291.0
420.0 351.0 428.0 356.0
331.0 291.0 339.0 292.0
156.0 88.0 168.0 79.0
417.0 272.0 428.0 275.0
418.0 273.0 428.0 275.0
421.0 351.0 428.0 355.0
333.0 291.0 339.0 291.0
328.0 239.0 338.0 239.0
363.0 94.0 377.0 94.0
362.0 95.0 377.0 94.0
420.0 350.0 428.0 355.0
313.0 113.0 324.0 111.0
30.0 501.0 28.0 495.0
362.0 94.0 377.0 94.0
155.0 89.0 168.0 79.0
154.0 602.0 151.0 598.0
453.0 376.0 459.0 381.0
417.0 273.0 428.0 275.0
155.0 601.0 152.0 598.0
324.0 169.0 335.0 170.0
453.0 378.0 461.0 383.0
358.0 34.0 371.0 32.0
441.0 287.0 446.0 289.0
419.0 350.0 428.0 355.0
421.0 350.0 428.0 355.0
419.0 351.0 428.0 356.0
156.0 601.0 153.0 598.0
29.0 607.0 26.0 596.0
454.0 378.0 459.0 381.0
421.0 352.0 428.0 356.0
325.0 170.0 335.0 170.0
357.0 34.0 371.0 32.0
29.0 606.0 26.0 596.0
31.0 501.0 28.0 495.0
29.0 605.0 26.0 596.0
422.0 352.0 428.0 356.0
453.0 377.0 459.0 381.0
455.0 377.0 459.0 381.0
420.0 352.0 428.0 356.0
454.0 377.0 459.0 381.0
420.0 353.0 428.0 356.0
155.0 602.0 151.0 598.0
4.0 434.0 4.0 423.0
5.0 435.0 4.0 423.0
4.0 435.0 4.0 423.0
5.0 434.0 4.0 423.0
441.0 286.0 446.0 288.0
440.0 287.0 446.0 288.0
330.0 77.0 341.0 74.0
359.0 34.0 371.0 32.0
31.0 502.0 28.0 495.0
455.0 378.0 461.0 383.0
332.0 292.0 339.0 291.0
361.0 94.0 377.0 94.0
30.0 503.0 28.0 495.0
442.0 287.0 446.0 289.0
454.0 376.0 459.0 381.0
416.0 272.0 428.0 275.0
30.0 607.0 26.0 596.0
329.0 77.0 341.0 74.0
170.0 563.0 176.0 564.0
442.0 286.0 446.0 289.0
358.0 33.0 371.0 32.0
31.0 503.0 28.0 495.0
30.0 605.0 26.0 596.0
30.0 606.0 26.0 596.0
359.0 33.0 371.0 32.0
331.0 292.0 339.0 292.0
446.0 232.0 456.0 237.0
419.0 352.0 428.0 356.0
324.0 129.0 338.0 127.0
358.0 32.0 372.0 30.0
359.0 32.0 373.0 31.0
317.0 71.0 340.0 73.0
357.0 33.0 372.0 30.0
329.0 78.0 339.0 74.0
440.0 286.0 446.0 288.0
169.0 563.0 176.0 564.0
360.0 33.0 372.0 32.0
313.0 146.0 325.0 143.0
444.0 232.0 457.0 237.0
444.0 233.0 456.0 237.0
445.0 233.0 456.0 237.0
445.0 232.0 456.0 237.0
360.0 32.0 373.0 31.0
446.0 233.0 456.0 237.0
330.0 78.0 339.0 74.0
31.0 606.0 26.0 596.0
316.0 71.0 339.0 74.0
313.0 145.0 325.0 143.0
312.0 146.0 325.0 143.0
333.0 116.0 346.0 114.0
312.0 145.0 325.0 143.0
157.0 119.0 163.0 119.0
149.0 102.0 157.0 90.0
312.0 147.0 325.0 143.0
313.0 147.0 325.0 143.0
305.0 18.0 372.0 30.0
15.0 359.0 15.0 367.0
149.0 103.0 157.0 90.0
402.0 110.0 417.0 110.0
15.0 357.0 15.0 367.0
15.0 358.0 15.0 367.0
402.0 109.0 417.0 110.0
148.0 103.0 157.0 90.0
401.0 110.0 415.0 110.0
14.0 358.0 15.0 367.0
306.0 19.0 372.0 30.0
361.0 258.0 372.0 262.0
362.0 259.0 373.0 262.0
360.0 260.0 372.0 262.0
14.0 359.0 15.0 367.0
401.0 109.0 417.0 110.0
306.0 18.0 372.0 30.0
396.0 76.0 423.0 80.0
14.0 357.0 19.0 334.0
361.0 260.0 373.0 262.0
305.0 19.0 372.0 30.0
360.0 259.0 372.0 262.0
361.0 259.0 373.0 262.0
212.0 622.0 209.0 606.0
360.0 258.0 372.0 262.0
395.0 76.0 423.0 80.0
211.0 622.0 209.0 606.0
11.0 550.0 6.0 525.0
