393.0 258.0 373.0 271.0
393.0 259.0 373.0 271.0
136.0 210.0 122.0 209.0
69.0 103.0 69.0 103.0
209.0 257.0 193.0 261.0
210.0 257.0 194.0 261.0
137.0 209.0 122.0 209.0
210.0 258.0 193.0 261.0
230.0 573.0 207.0 581.0
69.0 102.0 69.0 103.0
209.0 256.0 193.0 261.0
138.0 210.0 123.0 209.0
210.0 256.0 194.0 261.0
138.0 209.0 123.0 209.0
133.0 249.0 116.0 249.0
222.0 551.0 197.0 559.0
392.0 259.0 373.0 271.0
209.0 258.0 193.0 261.0
137.0 210.0 122.0 209.0
133.0 250.0 117.0 250.0
232.0 573.0 207.0 581.0
221.0 550.0 197.0 559.0
138.0 211.0 123.0 210.0
208.0 258.0 192.0 262.0
137.0 211.0 123.0 210.0
231.0 573.0 207.0 581.0
136.0 227.0 119.0 226.0
208.0 257.0 192.0 262.0
135.0 249.0 117.0 250.0
136.0 228.0 119.0 226.0
171.0 318.0 154.0 322.0
171.0 319.0 154.0 322.0
392.0 260.0 373.0 271.0
221.0 551.0 197.0 559.0
136.0 211.0 122.0 210.0
137.0 227.0 120.0 226.0
222.0 550.0 197.0 559.0
134.0 250.0 117.0 250.0
135.0 250.0 118.0 250.0
134.0 249.0 117.0 250.0
409.0 291.0 387.0 303.0
170.0 318.0 154.0 322.0
150.0 84.0 139.0 85.0
170.0 319.0 154.0 322.0
136.0 229.0 119.0 228.0
137.0 228.0 119.0 226.0
263.0 74.0 252.0 79.0
205.0 20.0 195.0 22.0
264.0 75.0 252.0 79.0
219.0 285.0 202.0 289.0
205.0 21.0 195.0 22.0
189.0 226.0 171.0 230.0
189.0 225.0 171.0 229.0
262.0 74.0 252.0 79.0
213.0 221.0 198.0 225.0
263.0 73.0 252.0 79.0
417.0 193.0 399.0 205.0
408.0 291.0 387.0 303.0
214.0 221.0 198.0 225.0
206.0 20.0 195.0 22.0
366.0 327.0 346.0 338.0
168.0 335.0 150.0 338.0
206.0 21.0 195.0 22.0
366.0 328.0 346.0 338.0
416.0 194.0 399.0 205.0
152.0 84.0 139.0 85.0
407.0 290.0 386.0 303.0
188.0 142.0 176.0 146.0
417.0 194.0 399.0 205.0
204.0 20.0 195.0 22.0
204.0 21.0 195.0 22.0
223.0 550.0 197.0 559.0
220.0 284.0 202.0 289.0
407.0 291.0 387.0 303.0
151.0 84.0 139.0 85.0
150.0 85.0 139.0 85.0
408.0 290.0 387.0 303.0
264.0 74.0 252.0 79.0
345.0 326.0 325.0 338.0
408.0 292.0 387.0 303.0
152.0 85.0 139.0 85.0
219.0 284.0 202.0 289.0
263.0 75.0 252.0 79.0
151.0 85.0 139.0 85.0
205.0 22.0 195.0 22.0
251.0 174.0 237.0 181.0
256.0 440.0 237.0 449.0
205.0 43.0 196.0 42.0
264.0 73.0 252.0 79.0
365.0 328.0 345.0 338.0
252.0 175.0 237.0 181.0
220.0 285.0 202.0 290.0
279.0 21.0 267.0 26.0
129.0 332.0 110.0 336.0
197.0 331.0 180.0 335.0
256.0 441.0 237.0 449.0
204.0 44.0 195.0 42.0
255.0 251.0 237.0 258.0
282.0 425.0 262.0 433.0
406.0 291.0 386.0 303.0
306.0 142.0 290.0 151.0
361.0 188.0 343.0 199.0
190.0 225.0 171.0 229.0
190.0 226.0 171.0 230.0
364.0 327.0 345.0 338.0
365.0 280.0 347.0 291.0
365.0 327.0 345.0 338.0
414.0 95.0 395.0 110.0
255.0 250.0 237.0 258.0
340.0 38.0 326.0 47.0
169.0 148.0 157.0 151.0
187.0 142.0 176.0 146.0
252.0 174.0 237.0 180.0
280.0 20.0 267.0 26.0
205.0 44.0 195.0 42.0
292.0 522.0 268.0 530.0
256.0 442.0 237.0 449.0
366.0 278.0 347.0 290.0
251.0 175.0 237.0 181.0
317.0 197.0 299.0 206.0
250.0 174.0 237.0 181.0
169.0 147.0 157.0 151.0
281.0 424.0 262.0 433.0
171.0 279.0 152.0 281.0
254.0 174.0 239.0 180.0
366.0 280.0 347.0 291.0
187.0 143.0 176.0 146.0
317.0 196.0 299.0 206.0
253.0 174.0 237.0 180.0
367.0 278.0 347.0 290.0
279.0 20.0 267.0 26.0
196.0 329.0 180.0 334.0
197.0 330.0 180.0 335.0
168.0 379.0 148.0 386.0
356.0 302.0 331.0 317.0
278.0 21.0 267.0 27.0
365.0 279.0 347.0 291.0
366.0 279.0 347.0 291.0
204.0 45.0 195.0 42.0
195.0 329.0 179.0 334.0
282.0 424.0 262.0 433.0
226.0 336.0 209.0 342.0
169.0 379.0 148.0 386.0
255.0 440.0 237.0 449.0
171.0 278.0 152.0 281.0
390.0 196.0 371.0 207.0
197.0 329.0 180.0 333.0
185.0 346.0 170.0 351.0
254.0 251.0 237.0 258.0
307.0 347.0 286.0 357.0
365.0 278.0 347.0 290.0
196.0 331.0 179.0 334.0
339.0 38.0 326.0 47.0
177.0 197.0 163.0 200.0
168.0 378.0 148.0 386.0
255.0 441.0 237.0 449.0
283.0 424.0 262.0 433.0
203.0 45.0 195.0 42.0
364.0 328.0 345.0 338.0
255.0 442.0 237.0 449.0
415.0 95.0 395.0 110.0
196.0 330.0 179.0 334.0
415.0 94.0 395.0 110.0
203.0 44.0 195.0 42.0
168.0 148.0 157.0 151.0
367.0 279.0 347.0 290.0
307.0 348.0 286.0 357.0
282.0 423.0 262.0 433.0
292.0 521.0 268.0 530.0
316.0 197.0 299.0 206.0
185.0 347.0 169.0 350.0
279.0 19.0 267.0 26.0
237.0 495.0 216.0 494.0
131.0 331.0 116.0 335.0
414.0 94.0 395.0 110.0
224.0 137.0 210.0 143.0
169.0 378.0 148.0 386.0
278.0 20.0 267.0 26.0
176.0 196.0 162.0 200.0
238.0 494.0 216.0 494.0
172.0 278.0 152.0 281.0
172.0 279.0 152.0 281.0
176.0 198.0 162.0 200.0
224.0 135.0 210.0 141.0
291.0 326.0 272.0 337.0
238.0 495.0 216.0 494.0
339.0 37.0 326.0 47.0
362.0 188.0 343.0 199.0
184.0 346.0 170.0 351.0
130.0 331.0 110.0 336.0
317.0 198.0 299.0 206.0
204.0 43.0 195.0 42.0
224.0 136.0 210.0 141.0
238.0 496.0 216.0 494.0
244.0 546.0 222.0 551.0
239.0 495.0 216.0 494.0
253.0 173.0 239.0 180.0
240.0 479.0 219.0 481.0
292.0 326.0 272.0 337.0
170.0 378.0 148.0 386.0
283.0 422.0 262.0 433.0
339.0 39.0 326.0 47.0
176.0 197.0 162.0 200.0
177.0 130.0 161.0 133.0
130.0 332.0 110.0 336.0
195.0 330.0 179.0 334.0
318.0 197.0 299.0 206.0
308.0 348.0 286.0 357.0
283.0 423.0 262.0 433.0
176.0 131.0 161.0 133.0
338.0 38.0 326.0 47.0
254.0 441.0 236.0 449.0
239.0 494.0 216.0 494.0
184.0 347.0 169.0 350.0
203.0 43.0 195.0 41.0
391.0 196.0 372.0 206.0
243.0 546.0 222.0 551.0
243.0 545.0 222.0 551.0
175.0 197.0 162.0 200.0
240.0 51.0 227.0 57.0
244.0 545.0 222.0 551.0
241.0 479.0 219.0 481.0
240.0 50.0 227.0 57.0
241.0 478.0 219.0 480.0
177.0 131.0 161.0 133.0
178.0 131.0 161.0 133.0
239.0 51.0 227.0 57.0
411.0 211.0 388.0 227.0
193.0 92.0 177.0 96.0
178.0 130.0 161.0 133.0
190.0 160.0 172.0 168.0
175.0 198.0 162.0 200.0
189.0 160.0 171.0 168.0
248.0 478.0 229.0 479.0
189.0 159.0 171.0 168.0
453.0 297.0 432.0 311.0
289.0 148.0 277.0 154.0
396.0 166.0 371.0 177.0
317.0 60.0 293.0 76.0
242.0 479.0 219.0 480.0
396.0 165.0 371.0 177.0
338.0 39.0 326.0 47.0
239.0 50.0 227.0 57.0
411.0 210.0 388.0 227.0
21.0 215.0 10.0 215.0
225.0 352.0 208.0 357.0
242.0 478.0 219.0 480.0
203.0 380.0 181.0 388.0
194.0 92.0 178.0 95.0
246.0 496.0 227.0 495.0
224.0 352.0 208.0 357.0
397.0 165.0 371.0 177.0
190.0 159.0 171.0 168.0
245.0 496.0 227.0 495.0
194.0 91.0 178.0 95.0
195.0 92.0 178.0 95.0
203.0 378.0 182.0 388.0
21.0 216.0 10.0 215.0
317.0 59.0 293.0 76.0
195.0 91.0 178.0 95.0
225.0 353.0 208.0 358.0
224.0 353.0 208.0 358.0
202.0 379.0 181.0 388.0
22.0 215.0 12.0 215.0
203.0 379.0 181.0 388.0
204.0 379.0 181.0 388.0
22.0 216.0 12.0 215.0
318.0 59.0 293.0 76.0
191.0 159.0 172.0 168.0
23.0 217.0 12.0 215.0
371.0 142.0 363.0 153.0
22.0 217.0 12.0 215.0
288.0 148.0 277.0 154.0
323.0 114.0 302.0 123.0
323.0 115.0 302.0 123.0
30.0 332.0 15.0 336.0
195.0 90.0 178.0 95.0
23.0 215.0 12.0 215.0
31.0 331.0 14.0 334.0
23.0 216.0 12.0 215.0
371.0 143.0 363.0 153.0
302.0 96.0 293.0 107.0
31.0 330.0 14.0 334.0
317.0 58.0 292.0 76.0
318.0 58.0 293.0 76.0
288.0 149.0 277.0 154.0
317.0 88.0 294.0 107.0
30.0 330.0 14.0 334.0
288.0 147.0 277.0 154.0
30.0 331.0 15.0 336.0
218.0 141.0 210.0 141.0
227.0 549.0 210.0 545.0
370.0 143.0 363.0 152.0
318.0 88.0 294.0 107.0
32.0 331.0 14.0 334.0
369.0 143.0 363.0 152.0
31.0 332.0 15.0 336.0
369.0 142.0 363.0 152.0
43.0 434.0 21.0 434.0
42.0 434.0 21.0 434.0
370.0 142.0 363.0 152.0
317.0 87.0 294.0 107.0
54.0 389.0 36.0 398.0
302.0 95.0 293.0 107.0
301.0 96.0 293.0 107.0
55.0 389.0 36.0 398.0
54.0 390.0 36.0 398.0
318.0 87.0 294.0 107.0
42.0 435.0 21.0 435.0
287.0 147.0 277.0 154.0
287.0 148.0 277.0 154.0
301.0 95.0 293.0 107.0
55.0 391.0 36.0 398.0
55.0 390.0 36.0 398.0
43.0 435.0 21.0 434.0
31.0 193.0 41.0 194.0
30.0 192.0 41.0 194.0
30.0 193.0 41.0 194.0
297.0 102.0 293.0 107.0
365.0 436.0 325.0 448.0
11.0 558.0 6.0 591.0
44.0 407.0 22.0 404.0
10.0 559.0 6.0 591.0
45.0 377.0 36.0 398.0
297.0 103.0 293.0 107.0
223.0 527.0 197.0 559.0
383.0 246.0 373.0 271.0
61.0 250.0 63.0 253.0
10.0 560.0 6.0 591.0
268.0 461.0 237.0 450.0
268.0 460.0 237.0 450.0
60.0 250.0 63.0 253.0
223.0 526.0 197.0 559.0
61.0 251.0 63.0 253.0
