468.0 139.0 468.0 139.0
467.0 140.0 468.0 140.0
468.0 140.0 469.0 140.0
469.0 139.0 469.0 140.0
465.0 29.0 464.0 30.0
469.0 140.0 469.0 140.0
465.0 28.0 464.0 30.0
468.0 141.0 468.0 141.0
450.0 18.0 448.0 19.0
453.0 253.0 454.0 252.0
454.0 253.0 454.0 252.0
466.0 29.0 464.0 30.0
456.0 95.0 455.0 96.0
457.0 95.0 455.0 96.0
454.0 252.0 454.0 252.0
466.0 28.0 464.0 30.0
453.0 252.0 454.0 252.0
457.0 94.0 455.0 96.0
449.0 19.0 448.0 19.0
465.0 30.0 464.0 30.0
456.0 94.0 455.0 96.0
453.0 251.0 454.0 251.0
458.0 273.0 459.0 273.0
449.0 18.0 448.0 19.0
452.0 253.0 454.0 252.0
448.0 18.0 446.0 19.0
430.0 625.0 435.0 627.0
470.0 86.0 468.0 87.0
448.0 17.0 447.0 19.0
457.0 273.0 459.0 274.0
452.0 251.0 454.0 252.0
452.0 252.0 454.0 252.0
449.0 17.0 448.0 19.0
26.0 447.0 33.0 460.0
403.0 161.0 404.0 163.0
27.0 446.0 33.0 460.0
466.0 30.0 464.0 30.0
458.0 274.0 460.0 274.0
26.0 446.0 33.0 460.0
431.0 625.0 435.0 627.0
403.0 162.0 404.0 163.0
458.0 272.0 459.0 273.0
25.0 445.0 33.0 460.0
25.0 447.0 33.0 460.0
11.0 130.0 17.0 146.0
413.0 239.0 415.0 240.0
430.0 624.0 435.0 627.0
52.0 564.0 61.0 577.0
376.0 309.0 380.0 314.0
26.0 445.0 33.0 460.0
457.0 274.0 459.0 274.0
375.0 309.0 380.0 314.0
456.0 273.0 459.0 274.0
467.0 30.0 464.0 30.0
457.0 272.0 459.0 273.0
429.0 625.0 435.0 627.0
25.0 446.0 33.0 460.0
456.0 272.0 459.0 273.0
11.0 129.0 18.0 145.0
414.0 112.0 414.0 114.0
10.0 442.0 15.0 456.0
15.0 214.0 21.0 228.0
415.0 112.0 414.0 114.0
402.0 162.0 404.0 163.0
431.0 624.0 435.0 627.0
10.0 130.0 17.0 146.0
27.0 226.0 34.0 240.0
402.0 163.0 404.0 163.0
402.0 161.0 404.0 163.0
440.0 177.0 441.0 179.0
456.0 274.0 459.0 274.0
377.0 310.0 381.0 314.0
27.0 227.0 34.0 240.0
10.0 129.0 17.0 146.0
394.0 415.0 400.0 418.0
376.0 310.0 380.0 314.0
377.0 311.0 381.0 314.0
441.0 177.0 441.0 179.0
375.0 310.0 380.0 314.0
393.0 415.0 399.0 418.0
372.0 448.0 379.0 455.0
395.0 415.0 400.0 418.0
414.0 111.0 414.0 114.0
392.0 415.0 399.0 418.0
236.0 89.0 238.0 97.0
178.0 515.0 186.0 527.0
407.0 294.0 411.0 297.0
371.0 448.0 379.0 455.0
395.0 414.0 399.0 418.0
421.0 450.0 427.0 452.0
393.0 414.0 399.0 418.0
294.0 199.0 299.0 207.0
9.0 442.0 15.0 456.0
413.0 238.0 415.0 240.0
235.0 89.0 236.0 97.0
441.0 176.0 441.0 179.0
312.0 84.0 312.0 89.0
365.0 386.0 370.0 393.0
409.0 128.0 407.0 131.0
9.0 129.0 17.0 146.0
236.0 90.0 238.0 97.0
277.0 160.0 279.0 167.0
278.0 160.0 280.0 166.0
235.0 88.0 236.0 97.0
392.0 414.0 399.0 418.0
394.0 414.0 399.0 418.0
370.0 448.0 379.0 455.0
408.0 294.0 411.0 297.0
246.0 145.0 250.0 154.0
365.0 387.0 370.0 393.0
407.0 293.0 411.0 297.0
278.0 159.0 279.0 165.0
246.0 146.0 250.0 154.0
364.0 387.0 369.0 393.0
368.0 244.0 370.0 247.0
349.0 554.0 356.0 558.0
407.0 128.0 408.0 130.0
422.0 450.0 427.0 452.0
408.0 127.0 408.0 130.0
407.0 127.0 408.0 130.0
236.0 88.0 238.0 97.0
311.0 85.0 312.0 89.0
9.0 443.0 15.0 456.0
311.0 84.0 312.0 89.0
446.0 451.0 451.0 452.0
312.0 85.0 312.0 89.0
364.0 388.0 369.0 393.0
408.0 293.0 411.0 297.0
179.0 514.0 186.0 526.0
279.0 160.0 280.0 166.0
408.0 292.0 411.0 297.0
178.0 514.0 186.0 526.0
364.0 386.0 369.0 393.0
348.0 554.0 356.0 558.0
351.0 473.0 359.0 480.0
408.0 128.0 408.0 130.0
365.0 388.0 370.0 393.0
351.0 474.0 359.0 480.0
368.0 243.0 370.0 247.0
414.0 238.0 415.0 240.0
407.0 292.0 411.0 297.0
409.0 127.0 408.0 130.0
308.0 338.0 314.0 342.0
468.0 542.0 473.0 543.0
349.0 553.0 356.0 558.0
89.0 468.0 97.0 477.0
277.0 159.0 279.0 167.0
179.0 515.0 186.0 527.0
391.0 298.0 395.0 302.0
390.0 298.0 395.0 302.0
391.0 299.0 395.0 302.0
445.0 451.0 450.0 451.0
18.0 224.0 34.0 240.0
279.0 159.0 279.0 165.0
355.0 299.0 359.0 304.0
308.0 337.0 314.0 342.0
204.0 258.0 209.0 267.0
307.0 499.0 314.0 510.0
309.0 338.0 314.0 342.0
306.0 499.0 314.0 510.0
204.0 257.0 209.0 267.0
408.0 126.0 408.0 130.0
18.0 223.0 34.0 240.0
145.0 547.0 153.0 558.0
371.0 513.0 378.0 520.0
278.0 158.0 279.0 165.0
367.0 243.0 370.0 247.0
84.0 424.0 92.0 436.0
367.0 242.0 370.0 246.0
358.0 264.0 361.0 268.0
247.0 146.0 251.0 155.0
348.0 553.0 356.0 558.0
364.0 390.0 369.0 393.0
204.0 256.0 209.0 267.0
352.0 363.0 356.0 366.0
291.0 457.0 294.0 464.0
383.0 460.0 389.0 464.0
173.0 263.0 175.0 276.0
347.0 554.0 356.0 558.0
247.0 145.0 250.0 154.0
83.0 424.0 92.0 436.0
90.0 468.0 97.0 477.0
248.0 145.0 251.0 155.0
290.0 457.0 294.0 464.0
467.0 541.0 473.0 543.0
367.0 244.0 370.0 247.0
353.0 363.0 356.0 366.0
307.0 500.0 315.0 511.0
290.0 456.0 294.0 464.0
143.0 545.0 153.0 558.0
236.0 173.0 239.0 181.0
204.0 259.0 209.0 267.0
289.0 457.0 294.0 464.0
414.0 514.0 419.0 517.0
289.0 456.0 294.0 464.0
204.0 255.0 209.0 267.0
8.0 442.0 15.0 456.0
358.0 265.0 361.0 268.0
306.0 500.0 314.0 511.0
354.0 299.0 359.0 304.0
203.0 257.0 209.0 267.0
468.0 541.0 473.0 543.0
84.0 423.0 92.0 436.0
333.0 190.0 335.0 194.0
332.0 189.0 335.0 194.0
347.0 552.0 356.0 558.0
413.0 237.0 415.0 240.0
348.0 552.0 356.0 558.0
353.0 364.0 356.0 366.0
333.0 189.0 335.0 194.0
247.0 147.0 250.0 154.0
382.0 460.0 389.0 464.0
347.0 553.0 356.0 558.0
306.0 498.0 314.0 510.0
235.0 172.0 239.0 181.0
446.0 170.0 441.0 179.0
97.0 441.0 103.0 452.0
371.0 282.0 372.0 285.0
382.0 459.0 389.0 464.0
237.0 173.0 239.0 181.0
202.0 565.0 209.0 575.0
446.0 171.0 441.0 179.0
331.0 189.0 335.0 194.0
277.0 158.0 279.0 167.0
84.0 422.0 92.0 436.0
328.0 401.0 333.0 404.0
144.0 547.0 153.0 558.0
468.0 540.0 473.0 543.0
83.0 422.0 92.0 436.0
306.0 501.0 314.0 511.0
235.0 173.0 239.0 181.0
414.0 237.0 415.0 240.0
469.0 541.0 473.0 543.0
97.0 443.0 103.0 452.0
203.0 259.0 209.0 267.0
295.0 235.0 299.0 241.0
96.0 440.0 103.0 452.0
236.0 172.0 239.0 181.0
203.0 258.0 209.0 267.0
220.0 524.0 226.0 532.0
241.0 164.0 244.0 172.0
362.0 460.0 370.0 464.0
248.0 146.0 251.0 155.0
334.0 189.0 335.0 194.0
145.0 548.0 153.0 558.0
371.0 281.0 373.0 284.0
34.0 222.0 34.0 239.0
83.0 423.0 92.0 436.0
96.0 441.0 103.0 452.0
203.0 255.0 209.0 267.0
96.0 442.0 103.0 452.0
203.0 256.0 209.0 267.0
242.0 164.0 244.0 172.0
319.0 516.0 326.0 528.0
320.0 517.0 326.0 528.0
294.0 235.0 299.0 241.0
362.0 459.0 369.0 464.0
219.0 524.0 226.0 532.0
197.0 183.0 202.0 195.0
320.0 516.0 326.0 528.0
266.0 485.0 272.0 495.0
144.0 548.0 153.0 558.0
319.0 518.0 326.0 528.0
97.0 442.0 103.0 452.0
219.0 523.0 226.0 532.0
34.0 601.0 43.0 617.0
241.0 163.0 244.0 172.0
319.0 517.0 326.0 528.0
241.0 165.0 244.0 172.0
266.0 486.0 273.0 494.0
261.0 111.0 264.0 121.0
202.0 566.0 209.0 576.0
8.0 443.0 15.0 456.0
201.0 565.0 209.0 575.0
201.0 566.0 209.0 576.0
90.0 469.0 97.0 477.0
197.0 182.0 202.0 195.0
261.0 110.0 264.0 121.0
220.0 452.0 227.0 463.0
414.0 513.0 419.0 517.0
350.0 474.0 359.0 480.0
350.0 473.0 359.0 480.0
355.0 221.0 353.0 235.0
413.0 513.0 419.0 517.0
265.0 486.0 272.0 495.0
269.0 452.0 274.0 460.0
269.0 451.0 274.0 460.0
306.0 395.0 311.0 399.0
196.0 182.0 202.0 195.0
329.0 401.0 333.0 404.0
295.0 234.0 299.0 240.0
355.0 220.0 353.0 235.0
83.0 421.0 92.0 436.0
318.0 516.0 326.0 528.0
261.0 109.0 264.0 121.0
251.0 468.0 259.0 478.0
252.0 468.0 259.0 478.0
328.0 402.0 332.0 404.0
413.0 512.0 420.0 516.0
237.0 433.0 245.0 441.0
357.0 569.0 364.0 575.0
318.0 518.0 326.0 528.0
265.0 487.0 272.0 495.0
357.0 570.0 364.0 575.0
362.0 458.0 369.0 464.0
329.0 402.0 333.0 404.0
366.0 243.0 370.0 247.0
318.0 517.0 326.0 528.0
361.0 459.0 369.0 464.0
220.0 451.0 227.0 463.0
358.0 570.0 364.0 575.0
265.0 485.0 272.0 495.0
357.0 568.0 364.0 575.0
33.0 602.0 43.0 617.0
328.0 403.0 332.0 404.0
354.0 220.0 353.0 235.0
264.0 486.0 271.0 494.0
329.0 403.0 333.0 404.0
358.0 569.0 364.0 575.0
308.0 395.0 311.0 399.0
361.0 458.0 369.0 464.0
35.0 602.0 44.0 617.0
197.0 581.0 208.0 593.0
358.0 568.0 364.0 575.0
349.0 473.0 359.0 480.0
307.0 397.0 311.0 400.0
265.0 484.0 272.0 495.0
307.0 395.0 311.0 399.0
227.0 473.0 235.0 482.0
220.0 450.0 227.0 463.0
268.0 451.0 274.0 460.0
226.0 470.0 233.0 482.0
35.0 603.0 44.0 617.0
198.0 580.0 208.0 593.0
294.0 347.0 295.0 361.0
227.0 472.0 234.0 482.0
268.0 452.0 274.0 460.0
226.0 471.0 234.0 481.0
226.0 472.0 233.0 482.0
197.0 580.0 208.0 593.0
219.0 451.0 227.0 463.0
198.0 581.0 208.0 593.0
308.0 396.0 311.0 399.0
227.0 471.0 234.0 481.0
307.0 396.0 311.0 400.0
219.0 450.0 227.0 463.0
264.0 485.0 271.0 494.0
306.0 396.0 311.0 400.0
34.0 602.0 44.0 617.0
460.0 155.0 468.0 141.0
358.0 306.0 359.0 305.0
264.0 484.0 271.0 494.0
283.0 538.0 296.0 546.0
228.0 472.0 234.0 482.0
459.0 154.0 468.0 140.0
459.0 155.0 468.0 140.0
139.0 625.0 147.0 636.0
349.0 256.0 352.0 261.0
294.0 346.0 295.0 361.0
349.0 254.0 352.0 260.0
252.0 136.0 251.0 154.0
124.0 582.0 134.0 596.0
138.0 625.0 147.0 636.0
179.0 243.0 167.0 298.0
460.0 154.0 468.0 140.0
179.0 244.0 167.0 298.0
358.0 307.0 359.0 305.0
349.0 255.0 352.0 261.0
208.0 522.0 226.0 532.0
348.0 255.0 352.0 261.0
180.0 244.0 167.0 298.0
125.0 582.0 134.0 596.0
179.0 245.0 167.0 298.0
282.0 538.0 296.0 546.0
34.0 603.0 44.0 617.0
252.0 52.0 247.0 75.0
232.0 412.0 240.0 423.0
348.0 256.0 352.0 261.0
123.0 583.0 134.0 596.0
137.0 625.0 147.0 636.0
139.0 626.0 147.0 636.0
124.0 583.0 134.0 596.0
125.0 583.0 134.0 596.0
252.0 51.0 247.0 75.0
124.0 584.0 134.0 596.0
137.0 626.0 147.0 636.0
179.0 246.0 184.0 252.0
138.0 626.0 147.0 636.0
172.0 545.0 171.0 557.0
334.0 326.0 334.0 340.0
284.0 425.0 287.0 439.0
304.0 372.0 301.0 382.0
304.0 373.0 301.0 382.0
285.0 369.0 277.0 376.0
474.0 470.0 463.0 461.0
