331.0 143.0 330.0 139.0
331.0 144.0 330.0 139.0
212.0 15.0 210.0 16.0
194.0 78.0 193.0 79.0
212.0 14.0 210.0 16.0
332.0 143.0 330.0 139.0
242.0 157.0 241.0 154.0
241.0 157.0 241.0 154.0
195.0 78.0 195.0 79.0
241.0 156.0 241.0 154.0
196.0 78.0 195.0 79.0
71.0 209.0 73.0 209.0
195.0 77.0 194.0 78.0
70.0 209.0 73.0 209.0
331.0 142.0 330.0 139.0
89.0 207.0 92.0 208.0
88.0 207.0 92.0 208.0
88.0 208.0 91.0 209.0
161.0 84.0 161.0 86.0
86.0 91.0 87.0 93.0
195.0 79.0 195.0 79.0
88.0 209.0 91.0 209.0
389.0 115.0 387.0 111.0
329.0 142.0 329.0 139.0
330.0 142.0 330.0 139.0
134.0 256.0 137.0 255.0
330.0 143.0 330.0 139.0
89.0 208.0 92.0 208.0
208.0 8.0 207.0 9.0
135.0 256.0 137.0 254.0
70.0 208.0 73.0 209.0
388.0 116.0 387.0 111.0
209.0 8.0 207.0 9.0
129.0 82.0 128.0 84.0
161.0 85.0 161.0 86.0
146.0 145.0 147.0 146.0
329.0 143.0 329.0 139.0
208.0 7.0 207.0 9.0
162.0 84.0 161.0 86.0
71.0 208.0 73.0 209.0
147.0 145.0 148.0 146.0
180.0 216.0 181.0 215.0
180.0 217.0 181.0 215.0
329.0 144.0 329.0 139.0
226.0 141.0 226.0 139.0
90.0 62.0 89.0 66.0
87.0 91.0 87.0 93.0
218.0 420.0 223.0 415.0
161.0 187.0 162.0 186.0
209.0 7.0 207.0 9.0
108.0 197.0 110.0 196.0
217.0 47.0 215.0 47.0
216.0 47.0 215.0 47.0
139.0 206.0 141.0 206.0
134.0 255.0 137.0 255.0
221.0 154.0 222.0 151.0
135.0 255.0 137.0 254.0
389.0 116.0 387.0 111.0
43.0 27.0 44.0 32.0
330.0 144.0 329.0 139.0
126.0 82.0 126.0 84.0
389.0 117.0 387.0 113.0
43.0 28.0 44.0 32.0
226.0 142.0 226.0 139.0
128.0 82.0 128.0 84.0
138.0 206.0 140.0 206.0
147.0 146.0 148.0 146.0
179.0 216.0 181.0 215.0
218.0 421.0 223.0 415.0
390.0 116.0 387.0 112.0
42.0 27.0 42.0 33.0
89.0 64.0 89.0 68.0
44.0 27.0 44.0 32.0
61.0 492.0 68.0 491.0
192.0 126.0 192.0 125.0
161.0 186.0 162.0 185.0
85.0 90.0 87.0 93.0
138.0 207.0 141.0 206.0
109.0 198.0 110.0 197.0
348.0 454.0 351.0 444.0
73.0 177.0 74.0 179.0
88.0 63.0 88.0 67.0
139.0 207.0 141.0 206.0
338.0 46.0 335.0 48.0
80.0 237.0 83.0 238.0
347.0 454.0 351.0 445.0
173.0 446.0 178.0 442.0
90.0 63.0 89.0 67.0
107.0 197.0 110.0 196.0
346.0 456.0 351.0 445.0
347.0 455.0 351.0 445.0
162.0 186.0 162.0 186.0
390.0 117.0 387.0 113.0
217.0 48.0 215.0 47.0
138.0 208.0 141.0 206.0
217.0 421.0 223.0 415.0
217.0 420.0 223.0 415.0
16.0 135.0 18.0 140.0
126.0 139.0 128.0 141.0
172.0 448.0 178.0 442.0
111.0 63.0 110.0 67.0
108.0 198.0 110.0 196.0
89.0 62.0 89.0 66.0
222.0 154.0 222.0 151.0
219.0 421.0 224.0 415.0
139.0 208.0 141.0 206.0
81.0 237.0 83.0 238.0
86.0 90.0 87.0 93.0
346.0 455.0 351.0 445.0
87.0 90.0 87.0 93.0
70.0 130.0 72.0 132.0
73.0 176.0 75.0 177.0
437.0 258.0 438.0 250.0
121.0 560.0 129.0 556.0
89.0 63.0 89.0 67.0
88.0 62.0 88.0 67.0
222.0 153.0 222.0 151.0
339.0 46.0 335.0 48.0
218.0 422.0 224.0 415.0
162.0 187.0 162.0 186.0
347.0 456.0 351.0 445.0
121.0 561.0 129.0 556.0
147.0 478.0 151.0 474.0
458.0 31.0 452.0 30.0
173.0 447.0 178.0 442.0
219.0 40.0 217.0 40.0
146.0 478.0 151.0 474.0
79.0 237.0 82.0 238.0
22.0 605.0 31.0 604.0
16.0 136.0 18.0 140.0
437.0 259.0 438.0 250.0
146.0 146.0 147.0 146.0
436.0 260.0 437.0 251.0
410.0 78.0 407.0 77.0
459.0 32.0 452.0 30.0
435.0 260.0 437.0 251.0
172.0 447.0 178.0 442.0
72.0 176.0 75.0 177.0
436.0 259.0 438.0 250.0
147.0 147.0 147.0 146.0
17.0 137.0 18.0 140.0
115.0 293.0 119.0 291.0
147.0 477.0 151.0 474.0
83.0 7.0 82.0 11.0
60.0 493.0 67.0 491.0
473.0 75.0 469.0 73.0
83.0 6.0 82.0 11.0
472.0 75.0 469.0 73.0
107.0 198.0 110.0 196.0
135.0 114.0 135.0 115.0
472.0 76.0 469.0 73.0
80.0 236.0 83.0 238.0
192.0 125.0 192.0 125.0
218.0 322.0 222.0 317.0
218.0 321.0 222.0 317.0
473.0 76.0 469.0 73.0
60.0 492.0 67.0 491.0
120.0 561.0 129.0 556.0
437.0 260.0 437.0 251.0
302.0 519.0 308.0 507.0
457.0 31.0 452.0 30.0
115.0 294.0 118.0 292.0
471.0 75.0 469.0 73.0
79.0 236.0 83.0 238.0
301.0 519.0 308.0 508.0
459.0 31.0 452.0 30.0
72.0 177.0 74.0 179.0
458.0 32.0 452.0 30.0
86.0 89.0 87.0 93.0
146.0 477.0 151.0 474.0
145.0 478.0 151.0 474.0
51.0 525.0 59.0 524.0
301.0 520.0 308.0 508.0
410.0 79.0 407.0 77.0
437.0 261.0 437.0 251.0
301.0 521.0 308.0 508.0
110.0 64.0 109.0 68.0
120.0 562.0 129.0 556.0
473.0 74.0 469.0 73.0
22.0 604.0 31.0 604.0
116.0 293.0 119.0 291.0
97.0 360.0 102.0 360.0
135.0 115.0 135.0 115.0
70.0 129.0 72.0 131.0
98.0 361.0 102.0 360.0
52.0 525.0 59.0 525.0
197.0 34.0 195.0 35.0
196.0 34.0 195.0 35.0
302.0 520.0 308.0 508.0
348.0 455.0 351.0 445.0
97.0 361.0 102.0 360.0
222.0 25.0 220.0 25.0
110.0 63.0 110.0 67.0
472.0 74.0 469.0 73.0
17.0 135.0 18.0 140.0
411.0 78.0 407.0 77.0
24.0 604.0 31.0 604.0
300.0 543.0 306.0 531.0
193.0 126.0 193.0 125.0
4.0 172.0 6.0 175.0
59.0 493.0 67.0 491.0
121.0 601.0 129.0 596.0
85.0 349.0 90.0 348.0
120.0 560.0 129.0 556.0
244.0 453.0 251.0 446.0
457.0 32.0 452.0 30.0
23.0 604.0 31.0 604.0
33.0 181.0 36.0 184.0
302.0 521.0 308.0 508.0
221.0 25.0 220.0 25.0
54.0 562.0 63.0 560.0
82.0 7.0 82.0 11.0
82.0 6.0 82.0 11.0
221.0 26.0 220.0 25.0
29.0 14.0 29.0 17.0
17.0 136.0 18.0 140.0
120.0 602.0 129.0 597.0
299.0 543.0 306.0 531.0
86.0 349.0 90.0 348.0
145.0 477.0 151.0 474.0
221.0 24.0 220.0 25.0
93.0 385.0 99.0 384.0
121.0 602.0 130.0 597.0
299.0 544.0 306.0 531.0
436.0 261.0 437.0 251.0
131.0 432.0 136.0 431.0
55.0 563.0 62.0 562.0
108.0 131.0 110.0 132.0
469.0 106.0 468.0 106.0
108.0 130.0 110.0 132.0
93.0 386.0 99.0 384.0
82.0 45.0 81.0 48.0
55.0 562.0 63.0 560.0
56.0 562.0 63.0 560.0
300.0 541.0 306.0 531.0
55.0 561.0 63.0 560.0
51.0 477.0 57.0 477.0
81.0 44.0 80.0 48.0
149.0 313.0 152.0 310.0
120.0 601.0 129.0 596.0
79.0 458.0 86.0 455.0
6.0 607.0 13.0 607.0
52.0 526.0 59.0 525.0
319.0 120.0 317.0 120.0
222.0 24.0 220.0 25.0
109.0 131.0 110.0 132.0
28.0 14.0 29.0 17.0
300.0 542.0 306.0 531.0
195.0 326.0 198.0 323.0
244.0 454.0 251.0 446.0
59.0 492.0 67.0 491.0
103.0 421.0 110.0 419.0
51.0 526.0 59.0 524.0
59.0 441.0 64.0 441.0
343.0 85.0 340.0 85.0
29.0 13.0 29.0 17.0
81.0 6.0 81.0 12.0
66.0 353.0 71.0 347.0
28.0 13.0 29.0 17.0
81.0 7.0 81.0 12.0
118.0 272.0 122.0 272.0
342.0 86.0 339.0 86.0
299.0 542.0 306.0 531.0
343.0 84.0 340.0 85.0
131.0 433.0 136.0 431.0
245.0 454.0 251.0 446.0
341.0 85.0 339.0 85.0
82.0 44.0 81.0 48.0
245.0 455.0 251.0 446.0
103.0 420.0 110.0 419.0
342.0 85.0 340.0 85.0
51.0 476.0 57.0 477.0
31.0 489.0 38.0 488.0
342.0 84.0 339.0 85.0
54.0 563.0 62.0 562.0
68.0 412.0 73.0 411.0
245.0 453.0 251.0 446.0
97.0 463.0 103.0 461.0
148.0 312.0 151.0 311.0
246.0 454.0 251.0 446.0
239.0 476.0 245.0 468.0
68.0 411.0 73.0 411.0
106.0 503.0 114.0 499.0
104.0 420.0 110.0 419.0
107.0 503.0 114.0 499.0
298.0 544.0 306.0 532.0
67.0 411.0 72.0 410.0
320.0 120.0 318.0 120.0
107.0 502.0 114.0 499.0
269.0 633.0 276.0 624.0
41.0 403.0 45.0 406.0
92.0 386.0 99.0 384.0
118.0 271.0 122.0 272.0
93.0 387.0 99.0 384.0
104.0 421.0 110.0 419.0
132.0 401.0 139.0 397.0
81.0 43.0 80.0 48.0
269.0 632.0 276.0 624.0
58.0 441.0 64.0 441.0
26.0 368.0 31.0 369.0
118.0 273.0 122.0 272.0
26.0 369.0 31.0 369.0
149.0 312.0 152.0 310.0
106.0 502.0 113.0 499.0
119.0 271.0 122.0 272.0
119.0 272.0 122.0 272.0
106.0 605.0 115.0 602.0
58.0 442.0 64.0 441.0
238.0 477.0 244.0 468.0
106.0 606.0 115.0 602.0
464.0 200.0 461.0 191.0
149.0 311.0 152.0 310.0
31.0 488.0 39.0 488.0
32.0 489.0 38.0 488.0
32.0 488.0 39.0 488.0
43.0 456.0 48.0 456.0
320.0 119.0 318.0 120.0
105.0 420.0 110.0 419.0
246.0 453.0 251.0 446.0
148.0 311.0 151.0 311.0
43.0 424.0 47.0 425.0
116.0 364.0 121.0 362.0
75.0 550.0 83.0 546.0
23.0 116.0 24.0 120.0
239.0 477.0 245.0 468.0
464.0 198.0 461.0 191.0
41.0 402.0 45.0 406.0
24.0 117.0 24.0 120.0
465.0 198.0 461.0 191.0
25.0 368.0 31.0 369.0
42.0 424.0 47.0 425.0
42.0 425.0 47.0 425.0
96.0 463.0 103.0 461.0
58.0 440.0 64.0 441.0
117.0 399.0 122.0 397.0
42.0 423.0 47.0 425.0
53.0 510.0 61.0 509.0
25.0 369.0 31.0 369.0
54.0 510.0 62.0 508.0
26.0 178.0 29.0 182.0
41.0 424.0 47.0 425.0
117.0 364.0 121.0 362.0
19.0 455.0 27.0 456.0
465.0 199.0 461.0 191.0
96.0 403.0 101.0 401.0
41.0 425.0 47.0 425.0
74.0 549.0 83.0 546.0
91.0 25.0 87.0 30.0
119.0 273.0 122.0 272.0
189.0 523.0 196.0 516.0
76.0 131.0 72.0 131.0
464.0 199.0 461.0 191.0
117.0 400.0 122.0 397.0
43.0 457.0 48.0 456.0
18.0 540.0 26.0 539.0
17.0 540.0 26.0 539.0
74.0 550.0 83.0 546.0
17.0 539.0 26.0 539.0
95.0 404.0 101.0 401.0
92.0 25.0 87.0 30.0
25.0 178.0 29.0 181.0
117.0 365.0 121.0 362.0
96.0 464.0 103.0 461.0
74.0 551.0 83.0 546.0
97.0 464.0 103.0 461.0
95.0 403.0 101.0 401.0
116.0 365.0 121.0 362.0
189.0 524.0 196.0 516.0
25.0 382.0 30.0 383.0
118.0 399.0 122.0 397.0
15.0 593.0 24.0 592.0
42.0 457.0 47.0 457.0
33.0 488.0 38.0 488.0
42.0 456.0 47.0 457.0
41.0 457.0 47.0 457.0
25.0 179.0 29.0 182.0
96.0 404.0 101.0 401.0
97.0 404.0 101.0 402.0
111.0 90.0 112.0 85.0
95.0 463.0 103.0 461.0
82.0 356.0 90.0 348.0
33.0 489.0 38.0 489.0
112.0 358.0 121.0 362.0
188.0 523.0 196.0 516.0
73.0 551.0 83.0 546.0
14.0 524.0 21.0 524.0
55.0 80.0 61.0 84.0
404.0 78.0 407.0 78.0
131.0 618.0 134.0 620.0
74.0 552.0 83.0 546.0
110.0 90.0 112.0 85.0
26.0 179.0 29.0 182.0
96.0 405.0 101.0 402.0
188.0 524.0 196.0 516.0
176.0 137.0 173.0 136.0
109.0 90.0 112.0 85.0
42.0 458.0 47.0 457.0
14.0 523.0 21.0 524.0
41.0 458.0 47.0 457.0
54.0 80.0 61.0 84.0
110.0 91.0 112.0 85.0
77.0 131.0 72.0 131.0
54.0 81.0 61.0 84.0
76.0 132.0 72.0 132.0
176.0 136.0 173.0 136.0
34.0 489.0 38.0 489.0
13.0 524.0 21.0 524.0
5.0 390.0 10.0 391.0
111.0 91.0 113.0 85.0
4.0 390.0 10.0 391.0
111.0 358.0 121.0 362.0
67.0 115.0 69.0 110.0
109.0 91.0 112.0 85.0
111.0 357.0 121.0 362.0
191.0 118.0 192.0 125.0
5.0 391.0 10.0 391.0
177.0 136.0 173.0 136.0
177.0 137.0 173.0 136.0
128.0 255.0 137.0 255.0
172.0 163.0 170.0 155.0
179.0 79.0 193.0 78.0
179.0 80.0 193.0 78.0
178.0 79.0 193.0 78.0
173.0 163.0 170.0 155.0
166.0 557.0 166.0 566.0
252.0 480.0 245.0 469.0
116.0 333.0 132.0 324.0
178.0 81.0 193.0 79.0
178.0 80.0 193.0 78.0
115.0 333.0 132.0 324.0
166.0 556.0 166.0 566.0
177.0 80.0 193.0 79.0
