301.0 305.0 305.0 314.0
301.0 304.0 305.0 314.0
446.0 75.0 451.0 80.0
300.0 306.0 305.0 314.0
300.0 305.0 305.0 314.0
14.0 534.0 15.0 545.0
74.0 453.0 76.0 463.0
15.0 532.0 16.0 544.0
446.0 74.0 452.0 80.0
32.0 491.0 33.0 502.0
161.0 314.0 163.0 323.0
267.0 383.0 271.0 395.0
266.0 383.0 271.0 395.0
14.0 533.0 16.0 544.0
6.0 296.0 8.0 305.0
15.0 533.0 16.0 544.0
445.0 76.0 451.0 80.0
299.0 306.0 305.0 314.0
112.0 467.0 115.0 478.0
33.0 490.0 33.0 502.0
300.0 304.0 305.0 314.0
299.0 305.0 304.0 314.0
32.0 492.0 33.0 502.0
101.0 386.0 102.0 395.0
243.0 289.0 249.0 298.0
129.0 51.0 133.0 66.0
22.0 555.0 24.0 566.0
161.0 315.0 163.0 323.0
445.0 75.0 451.0 80.0
33.0 491.0 33.0 502.0
33.0 492.0 33.0 502.0
420.0 277.0 426.0 286.0
73.0 453.0 76.0 466.0
213.0 288.0 218.0 297.0
254.0 363.0 258.0 371.0
420.0 278.0 426.0 286.0
266.0 338.0 269.0 349.0
255.0 362.0 258.0 371.0
67.0 410.0 68.0 419.0
278.0 279.0 283.0 288.0
14.0 532.0 16.0 544.0
31.0 528.0 31.0 538.0
243.0 287.0 249.0 298.0
32.0 490.0 33.0 502.0
6.0 297.0 8.0 305.0
254.0 362.0 258.0 371.0
253.0 363.0 258.0 371.0
73.0 454.0 76.0 466.0
308.0 100.0 311.0 107.0
173.0 347.0 176.0 356.0
372.0 177.0 378.0 186.0
74.0 454.0 76.0 463.0
258.0 468.0 261.0 478.0
445.0 74.0 451.0 80.0
444.0 75.0 451.0 80.0
9.0 455.0 9.0 466.0
73.0 455.0 76.0 466.0
249.0 416.0 254.0 427.0
298.0 208.0 302.0 215.0
308.0 101.0 311.0 108.0
307.0 100.0 310.0 106.0
102.0 386.0 102.0 395.0
72.0 454.0 76.0 466.0
160.0 313.0 163.0 322.0
23.0 555.0 24.0 566.0
149.0 351.0 151.0 360.0
150.0 352.0 151.0 360.0
150.0 351.0 151.0 360.0
265.0 338.0 269.0 349.0
368.0 487.0 374.0 496.0
303.0 472.0 308.0 482.0
214.0 288.0 218.0 297.0
372.0 78.0 377.0 86.0
66.0 411.0 68.0 419.0
248.0 417.0 253.0 427.0
17.0 313.0 19.0 323.0
9.0 456.0 9.0 466.0
307.0 101.0 310.0 106.0
173.0 346.0 175.0 356.0
72.0 455.0 76.0 466.0
302.0 384.0 307.0 395.0
149.0 352.0 151.0 360.0
47.0 444.0 49.0 454.0
60.0 223.0 59.0 243.0
243.0 288.0 249.0 298.0
160.0 315.0 163.0 323.0
266.0 339.0 270.0 349.0
278.0 278.0 282.0 287.0
257.0 468.0 260.0 478.0
270.0 76.0 272.0 84.0
254.0 361.0 258.0 371.0
372.0 77.0 377.0 86.0
183.0 361.0 187.0 371.0
244.0 289.0 249.0 298.0
269.0 77.0 271.0 85.0
18.0 314.0 19.0 323.0
302.0 472.0 308.0 482.0
60.0 224.0 60.0 243.0
242.0 288.0 249.0 298.0
299.0 208.0 302.0 215.0
286.0 160.0 289.0 167.0
285.0 160.0 289.0 167.0
244.0 216.0 250.0 224.0
183.0 362.0 187.0 372.0
253.0 362.0 258.0 371.0
23.0 554.0 24.0 566.0
32.0 489.0 33.0 502.0
302.0 473.0 308.0 482.0
213.0 287.0 218.0 297.0
244.0 287.0 249.0 298.0
279.0 278.0 283.0 288.0
309.0 101.0 311.0 108.0
287.0 113.0 289.0 122.0
10.0 455.0 9.0 466.0
160.0 316.0 163.0 323.0
30.0 528.0 31.0 538.0
183.0 363.0 187.0 372.0
269.0 75.0 272.0 84.0
279.0 279.0 283.0 288.0
172.0 345.0 175.0 356.0
372.0 178.0 378.0 186.0
298.0 206.0 302.0 215.0
299.0 207.0 302.0 215.0
56.0 474.0 58.0 485.0
65.0 410.0 68.0 419.0
270.0 77.0 272.0 84.0
249.0 417.0 253.0 427.0
245.0 216.0 250.0 224.0
112.0 468.0 115.0 478.0
160.0 314.0 163.0 323.0
298.0 209.0 302.0 215.0
298.0 207.0 302.0 215.0
299.0 304.0 304.0 314.0
172.0 346.0 175.0 356.0
297.0 208.0 302.0 215.0
223.0 409.0 229.0 418.0
368.0 486.0 375.0 496.0
245.0 215.0 250.0 223.0
18.0 313.0 19.0 323.0
172.0 347.0 176.0 356.0
214.0 287.0 218.0 297.0
302.0 471.0 308.0 482.0
308.0 102.0 311.0 108.0
420.0 279.0 426.0 286.0
280.0 194.0 284.0 203.0
242.0 287.0 249.0 298.0
244.0 215.0 250.0 224.0
257.0 469.0 260.0 478.0
113.0 468.0 115.0 478.0
159.0 313.0 163.0 322.0
279.0 280.0 283.0 288.0
129.0 50.0 133.0 66.0
375.0 502.0 383.0 513.0
159.0 314.0 163.0 322.0
220.0 378.0 222.0 387.0
246.0 216.0 250.0 224.0
376.0 502.0 383.0 513.0
244.0 288.0 249.0 298.0
46.0 507.0 48.0 516.0
371.0 177.0 378.0 186.0
250.0 417.0 254.0 427.0
286.0 161.0 289.0 167.0
299.0 209.0 302.0 215.0
84.0 493.0 87.0 505.0
282.0 334.0 285.0 342.0
115.0 429.0 118.0 437.0
302.0 385.0 307.0 395.0
340.0 137.0 343.0 146.0
10.0 456.0 9.0 466.0
281.0 194.0 284.0 203.0
128.0 51.0 133.0 66.0
312.0 196.0 316.0 205.0
115.0 428.0 118.0 437.0
67.0 409.0 68.0 419.0
171.0 346.0 175.0 356.0
66.0 410.0 68.0 419.0
171.0 347.0 175.0 356.0
36.0 274.0 38.0 284.0
249.0 418.0 253.0 427.0
184.0 362.0 187.0 371.0
371.0 178.0 378.0 186.0
204.0 336.0 208.0 345.0
159.0 315.0 163.0 322.0
184.0 361.0 187.0 371.0
268.0 76.0 271.0 85.0
46.0 506.0 48.0 516.0
213.0 35.0 217.0 44.0
49.0 486.0 51.0 499.0
215.0 143.0 219.0 153.0
346.0 477.0 352.0 485.0
214.0 143.0 219.0 153.0
340.0 138.0 343.0 146.0
112.0 486.0 115.0 498.0
45.0 507.0 48.0 516.0
270.0 482.0 275.0 491.0
282.0 333.0 285.0 341.0
112.0 469.0 115.0 478.0
85.0 493.0 88.0 505.0
301.0 471.0 307.0 481.0
111.0 486.0 115.0 498.0
223.0 410.0 229.0 418.0
253.0 361.0 258.0 371.0
112.0 485.0 115.0 498.0
280.0 193.0 284.0 203.0
111.0 485.0 115.0 498.0
339.0 55.0 344.0 63.0
111.0 488.0 115.0 498.0
47.0 445.0 49.0 454.0
65.0 409.0 68.0 419.0
219.0 378.0 222.0 387.0
440.0 463.0 448.0 471.0
84.0 494.0 88.0 505.0
375.0 503.0 383.0 513.0
214.0 34.0 217.0 44.0
287.0 114.0 289.0 122.0
270.0 483.0 275.0 491.0
376.0 503.0 383.0 513.0
66.0 409.0 68.0 419.0
111.0 487.0 115.0 498.0
85.0 494.0 88.0 505.0
218.0 377.0 222.0 386.0
345.0 476.0 352.0 484.0
368.0 485.0 375.0 496.0
113.0 469.0 115.0 478.0
213.0 34.0 217.0 44.0
346.0 476.0 352.0 484.0
301.0 472.0 308.0 482.0
214.0 144.0 219.0 153.0
402.0 44.0 406.0 49.0
35.0 409.0 36.0 419.0
204.0 337.0 208.0 345.0
401.0 44.0 406.0 49.0
219.0 377.0 222.0 387.0
112.0 488.0 115.0 498.0
56.0 473.0 58.0 485.0
214.0 33.0 217.0 44.0
114.0 429.0 118.0 438.0
33.0 409.0 34.0 418.0
112.0 487.0 115.0 498.0
214.0 35.0 217.0 44.0
286.0 113.0 289.0 122.0
115.0 427.0 118.0 437.0
302.0 386.0 307.0 395.0
258.0 469.0 261.0 478.0
259.0 469.0 262.0 478.0
35.0 275.0 38.0 284.0
215.0 144.0 219.0 153.0
218.0 379.0 222.0 387.0
45.0 506.0 48.0 516.0
286.0 112.0 289.0 122.0
33.0 408.0 34.0 418.0
218.0 378.0 222.0 387.0
134.0 135.0 136.0 145.0
133.0 134.0 136.0 145.0
128.0 50.0 132.0 65.0
26.0 616.0 27.0 626.0
133.0 136.0 136.0 145.0
269.0 482.0 275.0 491.0
296.0 275.0 301.0 284.0
440.0 447.0 446.0 456.0
466.0 243.0 471.0 249.0
55.0 473.0 58.0 485.0
132.0 135.0 136.0 145.0
205.0 337.0 208.0 346.0
284.0 243.0 289.0 252.0
369.0 486.0 375.0 496.0
440.0 445.0 446.0 456.0
34.0 409.0 35.0 418.0
284.0 242.0 289.0 252.0
234.0 228.0 237.0 237.0
46.0 505.0 48.0 516.0
467.0 243.0 471.0 249.0
297.0 276.0 301.0 284.0
296.0 276.0 301.0 284.0
440.0 464.0 448.0 471.0
250.0 418.0 253.0 427.0
133.0 135.0 136.0 145.0
26.0 615.0 27.0 626.0
356.0 460.0 362.0 472.0
345.0 477.0 352.0 484.0
114.0 428.0 118.0 438.0
297.0 277.0 301.0 284.0
228.0 389.0 232.0 400.0
440.0 446.0 446.0 456.0
226.0 282.0 229.0 290.0
215.0 34.0 217.0 44.0
132.0 136.0 136.0 145.0
402.0 43.0 406.0 49.0
228.0 390.0 232.0 400.0
468.0 243.0 471.0 249.0
286.0 114.0 289.0 122.0
56.0 472.0 58.0 485.0
134.0 136.0 136.0 145.0
401.0 43.0 406.0 49.0
439.0 446.0 446.0 456.0
439.0 445.0 446.0 456.0
439.0 447.0 446.0 456.0
55.0 472.0 58.0 485.0
468.0 244.0 471.0 249.0
467.0 242.0 471.0 249.0
467.0 244.0 471.0 249.0
226.0 283.0 229.0 290.0
296.0 277.0 300.0 284.0
25.0 615.0 27.0 626.0
235.0 228.0 237.0 237.0
35.0 408.0 35.0 418.0
356.0 459.0 362.0 472.0
133.0 137.0 136.0 145.0
107.0 113.0 111.0 122.0
312.0 197.0 316.0 205.0
184.0 17.0 188.0 26.0
25.0 616.0 27.0 626.0
234.0 229.0 237.0 237.0
229.0 390.0 232.0 400.0
184.0 15.0 188.0 25.0
45.0 505.0 48.0 516.0
112.0 470.0 115.0 478.0
34.0 408.0 35.0 418.0
183.0 17.0 188.0 25.0
313.0 197.0 316.0 205.0
439.0 464.0 448.0 471.0
113.0 470.0 115.0 478.0
183.0 16.0 188.0 25.0
106.0 114.0 111.0 122.0
176.0 34.0 179.0 45.0
438.0 464.0 448.0 471.0
226.0 281.0 229.0 290.0
185.0 16.0 188.0 25.0
184.0 16.0 188.0 25.0
439.0 462.0 448.0 471.0
229.0 389.0 232.0 400.0
188.0 333.0 190.0 343.0
438.0 462.0 448.0 471.0
225.0 283.0 229.0 290.0
439.0 463.0 448.0 471.0
438.0 463.0 448.0 471.0
235.0 229.0 237.0 237.0
187.0 334.0 190.0 343.0
329.0 377.0 332.0 384.0
377.0 450.0 382.0 462.0
401.0 294.0 408.0 301.0
225.0 282.0 229.0 290.0
377.0 451.0 382.0 462.0
188.0 332.0 190.0 343.0
187.0 333.0 190.0 343.0
171.0 44.0 174.0 54.0
297.0 138.0 301.0 147.0
96.0 417.0 102.0 429.0
170.0 44.0 174.0 54.0
376.0 452.0 382.0 462.0
171.0 43.0 174.0 54.0
375.0 451.0 382.0 462.0
392.0 321.0 396.0 331.0
170.0 43.0 174.0 54.0
115.0 602.0 119.0 615.0
116.0 602.0 119.0 615.0
115.0 601.0 119.0 615.0
341.0 410.0 348.0 418.0
376.0 451.0 382.0 462.0
342.0 409.0 348.0 418.0
69.0 203.0 60.0 243.0
376.0 450.0 382.0 462.0
341.0 411.0 348.0 418.0
348.0 594.0 354.0 608.0
290.0 548.0 294.0 549.0
95.0 417.0 102.0 429.0
342.0 410.0 348.0 418.0
342.0 411.0 348.0 418.0
187.0 332.0 190.0 343.0
385.0 218.0 384.0 225.0
297.0 137.0 301.0 147.0
69.0 202.0 60.0 243.0
116.0 601.0 119.0 615.0
100.0 545.0 102.0 559.0
283.0 341.0 285.0 342.0
95.0 416.0 102.0 429.0
296.0 137.0 301.0 147.0
2.0 615.0 2.0 634.0
259.0 64.0 271.0 84.0
259.0 65.0 271.0 84.0
386.0 218.0 384.0 225.0
2.0 614.0 2.0 634.0
354.0 345.0 362.0 361.0
297.0 136.0 301.0 147.0
316.0 128.0 312.0 130.0
182.0 259.0 185.0 278.0
308.0 341.0 322.0 343.0
307.0 341.0 322.0 343.0
140.0 390.0 150.0 401.0
183.0 259.0 185.0 278.0
354.0 344.0 362.0 361.0
10.0 334.0 19.0 323.0
358.0 472.0 362.0 472.0
11.0 334.0 19.0 323.0
182.0 258.0 185.0 278.0
183.0 258.0 185.0 278.0
299.0 97.0 310.0 106.0
11.0 333.0 19.0 323.0
10.0 333.0 19.0 323.0
226.0 263.0 222.0 272.0
317.0 128.0 312.0 130.0
182.0 257.0 185.0 278.0
183.0 257.0 185.0 278.0
