123.0 345.0 111.0 344.0
269.0 88.0 259.0 87.0
123.0 344.0 111.0 344.0
122.0 344.0 110.0 344.0
191.0 275.0 179.0 274.0
122.0 345.0 111.0 344.0
124.0 344.0 111.0 344.0
270.0 88.0 260.0 86.0
191.0 530.0 178.0 531.0
179.0 285.0 169.0 283.0
192.0 276.0 180.0 274.0
270.0 87.0 260.0 85.0
179.0 284.0 169.0 283.0
191.0 274.0 179.0 274.0
271.0 88.0 260.0 86.0
192.0 275.0 180.0 274.0
270.0 89.0 259.0 87.0
269.0 87.0 259.0 87.0
191.0 276.0 179.0 275.0
121.0 344.0 110.0 344.0
385.0 405.0 373.0 410.0
219.0 616.0 205.0 618.0
419.0 624.0 403.0 630.0
106.0 449.0 95.0 450.0
191.0 531.0 178.0 531.0
106.0 450.0 95.0 450.0
89.0 358.0 76.0 358.0
121.0 345.0 110.0 344.0
106.0 448.0 94.0 449.0
316.0 417.0 304.0 420.0
255.0 571.0 242.0 573.0
255.0 570.0 242.0 573.0
107.0 448.0 94.0 449.0
126.0 393.0 114.0 392.0
123.0 69.0 112.0 62.0
253.0 604.0 239.0 607.0
386.0 406.0 373.0 410.0
386.0 405.0 373.0 410.0
317.0 417.0 304.0 420.0
158.0 589.0 145.0 590.0
254.0 571.0 241.0 574.0
107.0 450.0 95.0 449.0
122.0 68.0 111.0 61.0
107.0 449.0 95.0 449.0
317.0 418.0 304.0 421.0
219.0 617.0 205.0 618.0
254.0 570.0 241.0 574.0
296.0 510.0 284.0 513.0
121.0 68.0 111.0 61.0
316.0 418.0 303.0 421.0
192.0 274.0 179.0 274.0
386.0 404.0 373.0 410.0
264.0 538.0 251.0 539.0
126.0 392.0 114.0 392.0
208.0 515.0 194.0 516.0
318.0 417.0 304.0 421.0
209.0 515.0 196.0 517.0
122.0 69.0 112.0 62.0
90.0 358.0 76.0 358.0
89.0 357.0 76.0 358.0
158.0 588.0 145.0 590.0
178.0 285.0 169.0 283.0
252.0 604.0 239.0 607.0
418.0 625.0 403.0 630.0
66.0 259.0 53.0 257.0
121.0 69.0 111.0 61.0
178.0 284.0 169.0 283.0
218.0 616.0 205.0 618.0
254.0 604.0 239.0 607.0
125.0 393.0 114.0 392.0
88.0 358.0 76.0 358.0
418.0 624.0 403.0 630.0
208.0 516.0 194.0 516.0
337.0 137.0 329.0 137.0
67.0 259.0 53.0 257.0
299.0 510.0 286.0 513.0
125.0 392.0 114.0 392.0
297.0 509.0 284.0 513.0
108.0 449.0 95.0 449.0
268.0 88.0 259.0 87.0
387.0 406.0 374.0 412.0
297.0 510.0 284.0 513.0
336.0 137.0 329.0 137.0
298.0 510.0 286.0 513.0
173.0 357.0 161.0 357.0
209.0 516.0 196.0 517.0
149.0 354.0 138.0 353.0
387.0 405.0 373.0 410.0
141.0 244.0 130.0 242.0
222.0 573.0 210.0 574.0
156.0 356.0 144.0 356.0
149.0 355.0 138.0 355.0
67.0 260.0 53.0 257.0
173.0 358.0 161.0 357.0
205.0 359.0 194.0 359.0
203.0 446.0 190.0 446.0
176.0 70.0 168.0 65.0
352.0 385.0 338.0 390.0
336.0 136.0 329.0 137.0
387.0 404.0 373.0 410.0
118.0 463.0 107.0 464.0
108.0 448.0 95.0 449.0
383.0 596.0 369.0 601.0
150.0 355.0 138.0 355.0
337.0 136.0 329.0 137.0
150.0 354.0 138.0 355.0
411.0 331.0 398.0 337.0
292.0 31.0 284.0 25.0
128.0 253.0 117.0 252.0
351.0 386.0 338.0 390.0
202.0 446.0 190.0 446.0
297.0 511.0 284.0 513.0
124.0 393.0 114.0 392.0
400.0 469.0 386.0 474.0
334.0 97.0 325.0 94.0
172.0 357.0 160.0 357.0
335.0 97.0 325.0 94.0
298.0 509.0 286.0 513.0
298.0 511.0 285.0 513.0
141.0 245.0 130.0 242.0
291.0 32.0 284.0 25.0
209.0 517.0 196.0 517.0
46.0 562.0 33.0 566.0
221.0 573.0 210.0 574.0
122.0 70.0 112.0 63.0
125.0 394.0 114.0 392.0
411.0 330.0 398.0 337.0
292.0 32.0 284.0 25.0
156.0 355.0 144.0 355.0
66.0 260.0 53.0 257.0
45.0 563.0 33.0 566.0
216.0 464.0 202.0 466.0
292.0 33.0 284.0 25.0
383.0 595.0 369.0 600.0
128.0 324.0 115.0 323.0
128.0 252.0 117.0 252.0
46.0 563.0 33.0 566.0
223.0 573.0 210.0 574.0
382.0 595.0 368.0 600.0
222.0 572.0 210.0 574.0
127.0 252.0 116.0 252.0
388.0 298.0 378.0 303.0
127.0 324.0 115.0 323.0
46.0 564.0 33.0 566.0
428.0 351.0 414.0 357.0
352.0 386.0 338.0 390.0
384.0 50.0 376.0 47.0
47.0 563.0 33.0 566.0
382.0 594.0 369.0 600.0
119.0 463.0 107.0 464.0
333.0 97.0 325.0 94.0
172.0 358.0 161.0 357.0
291.0 33.0 284.0 25.0
407.0 547.0 392.0 554.0
383.0 50.0 376.0 47.0
126.0 252.0 116.0 252.0
127.0 325.0 115.0 323.0
119.0 464.0 108.0 464.0
215.0 465.0 202.0 466.0
304.0 492.0 291.0 494.0
333.0 98.0 325.0 94.0
140.0 244.0 128.0 241.0
383.0 594.0 369.0 600.0
389.0 298.0 378.0 303.0
427.0 351.0 414.0 357.0
304.0 490.0 291.0 494.0
335.0 98.0 325.0 94.0
294.0 598.0 281.0 601.0
410.0 330.0 398.0 337.0
127.0 251.0 116.0 252.0
418.0 500.0 404.0 508.0
334.0 98.0 325.0 94.0
293.0 32.0 284.0 25.0
231.0 601.0 218.0 606.0
120.0 463.0 108.0 464.0
366.0 493.0 352.0 500.0
170.0 507.0 161.0 508.0
417.0 500.0 403.0 508.0
427.0 350.0 414.0 357.0
406.0 547.0 392.0 554.0
428.0 350.0 414.0 357.0
304.0 491.0 291.0 494.0
52.0 70.0 41.0 64.0
349.0 23.0 340.0 17.0
410.0 331.0 398.0 337.0
140.0 245.0 130.0 242.0
303.0 489.0 291.0 494.0
128.0 325.0 115.0 323.0
236.0 580.0 223.0 585.0
348.0 23.0 340.0 17.0
84.0 265.0 73.0 261.0
232.0 601.0 218.0 606.0
410.0 329.0 398.0 336.0
52.0 71.0 41.0 64.0
426.0 351.0 414.0 358.0
407.0 546.0 392.0 554.0
303.0 491.0 291.0 494.0
235.0 580.0 223.0 585.0
303.0 490.0 291.0 494.0
358.0 331.0 346.0 336.0
66.0 457.0 54.0 457.0
232.0 600.0 218.0 606.0
126.0 251.0 116.0 252.0
378.0 89.0 369.0 85.0
120.0 464.0 108.0 464.0
51.0 69.0 41.0 64.0
402.0 597.0 387.0 604.0
50.0 71.0 41.0 64.0
35.0 272.0 24.0 268.0
128.0 326.0 115.0 323.0
68.0 457.0 54.0 457.0
416.0 35.0 408.0 32.0
415.0 35.0 407.0 32.0
67.0 456.0 54.0 457.0
411.0 329.0 398.0 336.0
376.0 88.0 369.0 85.0
377.0 89.0 369.0 85.0
68.0 456.0 55.0 457.0
377.0 88.0 369.0 85.0
365.0 493.0 352.0 500.0
408.0 546.0 392.0 554.0
346.0 347.0 333.0 352.0
376.0 89.0 369.0 85.0
247.0 454.0 233.0 455.0
246.0 453.0 233.0 455.0
51.0 70.0 41.0 64.0
258.0 366.0 247.0 368.0
51.0 71.0 41.0 64.0
231.0 600.0 218.0 606.0
366.0 494.0 352.0 500.0
415.0 34.0 408.0 32.0
67.0 457.0 55.0 457.0
30.0 143.0 18.0 137.0
83.0 266.0 73.0 261.0
50.0 70.0 41.0 64.0
258.0 367.0 248.0 369.0
34.0 273.0 24.0 269.0
418.0 501.0 404.0 509.0
246.0 454.0 233.0 455.0
257.0 366.0 247.0 368.0
33.0 534.0 22.0 539.0
247.0 453.0 233.0 455.0
35.0 273.0 24.0 269.0
34.0 534.0 22.0 539.0
365.0 494.0 352.0 500.0
169.0 507.0 161.0 508.0
33.0 535.0 22.0 539.0
257.0 367.0 246.0 369.0
263.0 497.0 251.0 499.0
170.0 506.0 161.0 508.0
34.0 272.0 24.0 269.0
215.0 387.0 205.0 389.0
364.0 494.0 350.0 499.0
30.0 414.0 18.0 413.0
405.0 504.0 389.0 510.0
439.0 363.0 428.0 370.0
60.0 20.0 50.0 13.0
129.0 325.0 115.0 323.0
34.0 462.0 22.0 462.0
440.0 363.0 428.0 370.0
35.0 462.0 22.0 462.0
285.0 7.0 278.0 5.0
33.0 462.0 22.0 462.0
29.0 415.0 16.0 414.0
34.0 461.0 22.0 462.0
263.0 496.0 251.0 499.0
30.0 415.0 18.0 413.0
78.0 419.0 60.0 421.0
59.0 20.0 50.0 13.0
35.0 254.0 25.0 250.0
29.0 414.0 16.0 414.0
425.0 589.0 410.0 595.0
284.0 6.0 278.0 5.0
58.0 20.0 50.0 13.0
284.0 7.0 278.0 5.0
28.0 415.0 16.0 414.0
169.0 506.0 161.0 508.0
35.0 461.0 22.0 462.0
59.0 21.0 50.0 13.0
28.0 414.0 16.0 414.0
381.0 135.0 369.0 132.0
34.0 197.0 24.0 194.0
34.0 198.0 24.0 194.0
426.0 589.0 411.0 595.0
139.0 187.0 137.0 187.0
35.0 197.0 24.0 194.0
443.0 530.0 428.0 538.0
269.0 502.0 251.0 500.0
60.0 21.0 50.0 13.0
139.0 186.0 137.0 186.0
139.0 188.0 138.0 188.0
426.0 588.0 411.0 595.0
35.0 198.0 24.0 194.0
406.0 513.0 389.0 511.0
34.0 89.0 25.0 81.0
33.0 232.0 26.0 231.0
33.0 231.0 26.0 231.0
444.0 530.0 429.0 538.0
270.0 501.0 251.0 500.0
405.0 513.0 389.0 511.0
405.0 514.0 389.0 511.0
138.0 188.0 138.0 188.0
270.0 502.0 251.0 500.0
138.0 187.0 137.0 187.0
39.0 84.0 25.0 81.0
35.0 90.0 25.0 81.0
137.0 187.0 137.0 186.0
138.0 186.0 137.0 186.0
271.0 501.0 251.0 500.0
137.0 188.0 138.0 188.0
35.0 89.0 25.0 81.0
271.0 502.0 251.0 500.0
137.0 186.0 137.0 186.0
40.0 85.0 25.0 81.0
41.0 84.0 38.0 63.0
40.0 84.0 25.0 81.0
171.0 563.0 147.0 556.0
170.0 563.0 147.0 556.0
292.0 475.0 280.0 471.0
41.0 85.0 38.0 63.0
44.0 530.0 23.0 539.0
331.0 29.0 340.0 17.0
331.0 28.0 340.0 17.0
170.0 564.0 147.0 556.0
112.0 258.0 116.0 252.0
253.0 494.0 250.0 499.0
171.0 564.0 147.0 556.0
112.0 257.0 116.0 252.0
330.0 28.0 340.0 17.0
330.0 29.0 340.0 17.0
