224.0 386.0 206.0 386.0
225.0 386.0 206.0 386.0
224.0 387.0 206.0 386.0
223.0 387.0 206.0 386.0
225.0 387.0 206.0 386.0
302.0 320.0 286.0 324.0
108.0 287.0 95.0 274.0
302.0 319.0 286.0 324.0
224.0 388.0 205.0 387.0
106.0 286.0 93.0 273.0
279.0 349.0 261.0 351.0
108.0 286.0 95.0 273.0
302.0 321.0 284.0 324.0
321.0 219.0 309.0 224.0
278.0 348.0 261.0 350.0
107.0 287.0 95.0 274.0
225.0 388.0 206.0 386.0
303.0 320.0 286.0 324.0
299.0 37.0 298.0 35.0
301.0 321.0 284.0 324.0
301.0 320.0 284.0 324.0
320.0 219.0 309.0 224.0
107.0 286.0 93.0 273.0
216.0 371.0 197.0 370.0
300.0 36.0 298.0 35.0
217.0 357.0 198.0 356.0
299.0 36.0 298.0 35.0
320.0 220.0 309.0 224.0
217.0 358.0 198.0 356.0
316.0 284.0 302.0 289.0
223.0 239.0 209.0 237.0
177.0 517.0 152.0 509.0
298.0 37.0 297.0 35.0
371.0 67.0 368.0 73.0
176.0 517.0 152.0 509.0
216.0 357.0 198.0 356.0
177.0 518.0 152.0 509.0
457.0 63.0 452.0 75.0
315.0 285.0 300.0 289.0
216.0 358.0 198.0 356.0
197.0 218.0 186.0 215.0
177.0 516.0 152.0 509.0
278.0 349.0 261.0 351.0
362.0 340.0 345.0 346.0
298.0 36.0 297.0 35.0
178.0 516.0 152.0 509.0
321.0 220.0 309.0 224.0
106.0 287.0 93.0 273.0
139.0 138.0 131.0 125.0
372.0 66.0 368.0 73.0
362.0 339.0 345.0 346.0
315.0 284.0 300.0 289.0
223.0 388.0 205.0 387.0
323.0 323.0 308.0 329.0
372.0 67.0 368.0 73.0
223.0 238.0 209.0 237.0
338.0 242.0 324.0 249.0
95.0 246.0 84.0 231.0
124.0 126.0 119.0 109.0
222.0 239.0 209.0 237.0
139.0 137.0 131.0 124.0
316.0 283.0 302.0 289.0
363.0 123.0 354.0 129.0
261.0 291.0 247.0 294.0
469.0 103.0 464.0 118.0
222.0 238.0 209.0 237.0
361.0 340.0 345.0 346.0
160.0 322.0 145.0 314.0
333.0 191.0 322.0 196.0
338.0 243.0 324.0 249.0
324.0 323.0 309.0 329.0
457.0 62.0 452.0 75.0
337.0 244.0 323.0 250.0
107.0 288.0 94.0 274.0
315.0 283.0 300.0 289.0
196.0 218.0 186.0 215.0
137.0 229.0 124.0 218.0
363.0 122.0 354.0 129.0
362.0 338.0 345.0 346.0
96.0 245.0 84.0 231.0
456.0 63.0 452.0 75.0
294.0 206.0 285.0 206.0
95.0 245.0 84.0 231.0
334.0 191.0 322.0 196.0
242.0 294.0 227.0 296.0
455.0 61.0 452.0 73.0
195.0 218.0 186.0 215.0
106.0 288.0 94.0 274.0
363.0 124.0 354.0 129.0
414.0 97.0 410.0 107.0
294.0 205.0 285.0 206.0
136.0 229.0 124.0 218.0
277.0 349.0 261.0 351.0
242.0 293.0 227.0 296.0
97.0 246.0 84.0 232.0
457.0 61.0 452.0 74.0
468.0 103.0 464.0 118.0
259.0 262.0 245.0 263.0
336.0 244.0 323.0 250.0
469.0 104.0 464.0 118.0
96.0 246.0 84.0 231.0
456.0 60.0 452.0 73.0
293.0 206.0 285.0 206.0
456.0 62.0 452.0 75.0
266.0 308.0 251.0 312.0
165.0 112.0 161.0 101.0
336.0 243.0 323.0 250.0
97.0 247.0 84.0 232.0
165.0 113.0 161.0 101.0
372.0 68.0 368.0 73.0
164.0 113.0 161.0 101.0
137.0 228.0 124.0 217.0
262.0 291.0 247.0 294.0
390.0 114.0 385.0 122.0
373.0 66.0 368.0 73.0
123.0 126.0 119.0 110.0
337.0 242.0 324.0 249.0
259.0 261.0 247.0 264.0
455.0 62.0 452.0 75.0
138.0 229.0 124.0 218.0
422.0 168.0 412.0 179.0
294.0 204.0 285.0 205.0
336.0 242.0 324.0 249.0
468.0 104.0 464.0 118.0
456.0 61.0 452.0 73.0
362.0 124.0 354.0 129.0
363.0 261.0 348.0 270.0
144.0 422.0 123.0 417.0
295.0 206.0 285.0 206.0
439.0 105.0 433.0 116.0
258.0 261.0 245.0 263.0
136.0 230.0 124.0 218.0
289.0 183.0 282.0 184.0
137.0 230.0 124.0 218.0
121.0 88.0 117.0 69.0
267.0 308.0 251.0 312.0
373.0 67.0 368.0 73.0
217.0 255.0 204.0 255.0
313.0 44.0 312.0 43.0
266.0 307.0 251.0 312.0
261.0 290.0 247.0 294.0
295.0 205.0 285.0 206.0
315.0 282.0 300.0 289.0
337.0 243.0 323.0 250.0
196.0 217.0 186.0 215.0
439.0 104.0 433.0 116.0
362.0 123.0 354.0 129.0
294.0 207.0 285.0 206.0
224.0 238.0 209.0 237.0
84.0 316.0 69.0 303.0
160.0 239.0 146.0 230.0
123.0 124.0 119.0 109.0
124.0 125.0 119.0 109.0
324.0 324.0 309.0 329.0
84.0 317.0 69.0 303.0
241.0 293.0 227.0 296.0
217.0 254.0 204.0 254.0
193.0 161.0 188.0 155.0
96.0 247.0 84.0 231.0
145.0 422.0 123.0 417.0
123.0 125.0 119.0 109.0
267.0 307.0 251.0 312.0
195.0 19.0 193.0 9.0
62.0 197.0 51.0 180.0
332.0 191.0 321.0 196.0
218.0 255.0 204.0 255.0
124.0 124.0 119.0 109.0
62.0 198.0 52.0 180.0
421.0 168.0 412.0 179.0
266.0 330.0 238.0 330.0
334.0 190.0 322.0 196.0
61.0 198.0 51.0 179.0
276.0 349.0 260.0 351.0
362.0 122.0 354.0 129.0
240.0 294.0 225.0 296.0
138.0 138.0 131.0 125.0
194.0 162.0 188.0 155.0
474.0 85.0 468.0 101.0
422.0 167.0 412.0 179.0
289.0 184.0 282.0 184.0
475.0 85.0 468.0 101.0
262.0 290.0 247.0 294.0
265.0 330.0 238.0 330.0
138.0 137.0 131.0 124.0
440.0 105.0 433.0 116.0
333.0 190.0 322.0 196.0
362.0 261.0 348.0 270.0
110.0 376.0 94.0 369.0
363.0 262.0 348.0 270.0
81.0 376.0 63.0 369.0
61.0 197.0 51.0 179.0
241.0 295.0 225.0 296.0
166.0 113.0 161.0 101.0
145.0 421.0 123.0 417.0
441.0 104.0 433.0 116.0
288.0 183.0 282.0 184.0
145.0 423.0 123.0 417.0
219.0 334.0 199.0 335.0
196.0 319.0 178.0 316.0
361.0 123.0 354.0 129.0
145.0 459.0 126.0 445.0
414.0 98.0 410.0 107.0
67.0 172.0 60.0 150.0
81.0 375.0 63.0 369.0
124.0 285.0 110.0 274.0
283.0 53.0 281.0 50.0
180.0 30.0 178.0 18.0
352.0 196.0 341.0 201.0
195.0 20.0 193.0 9.0
284.0 52.0 281.0 50.0
195.0 162.0 188.0 155.0
219.0 333.0 199.0 335.0
197.0 319.0 178.0 316.0
195.0 217.0 186.0 215.0
195.0 161.0 189.0 155.0
352.0 195.0 340.0 201.0
165.0 114.0 161.0 101.0
216.0 255.0 204.0 255.0
335.0 243.0 323.0 250.0
216.0 254.0 204.0 254.0
242.0 295.0 226.0 296.0
194.0 161.0 188.0 155.0
123.0 285.0 109.0 274.0
109.0 376.0 92.0 370.0
193.0 21.0 192.0 10.0
263.0 290.0 247.0 294.0
180.0 29.0 178.0 18.0
194.0 20.0 192.0 10.0
273.0 11.0 277.0 6.0
111.0 376.0 94.0 369.0
160.0 238.0 146.0 230.0
351.0 196.0 340.0 202.0
391.0 114.0 385.0 121.0
110.0 374.0 93.0 369.0
147.0 559.0 125.0 551.0
61.0 196.0 51.0 179.0
179.0 30.0 178.0 18.0
159.0 321.0 144.0 314.0
194.0 21.0 192.0 10.0
218.0 333.0 199.0 335.0
241.0 294.0 226.0 296.0
234.0 19.0 234.0 12.0
351.0 195.0 340.0 201.0
109.0 375.0 92.0 370.0
220.0 334.0 199.0 335.0
194.0 160.0 189.0 155.0
111.0 375.0 94.0 369.0
67.0 171.0 60.0 150.0
82.0 376.0 64.0 368.0
122.0 88.0 117.0 69.0
476.0 86.0 468.0 101.0
218.0 334.0 199.0 335.0
137.0 137.0 131.0 124.0
122.0 125.0 119.0 110.0
283.0 52.0 281.0 50.0
352.0 194.0 340.0 201.0
475.0 87.0 468.0 101.0
232.0 140.0 226.0 134.0
182.0 116.0 178.0 105.0
440.0 103.0 433.0 116.0
161.0 238.0 146.0 230.0
247.0 140.0 242.0 138.0
234.0 134.0 226.0 134.0
144.0 421.0 123.0 417.0
144.0 49.0 142.0 34.0
114.0 157.0 108.0 143.0
474.0 87.0 468.0 101.0
440.0 104.0 433.0 116.0
67.0 170.0 60.0 150.0
361.0 124.0 354.0 129.0
237.0 227.0 225.0 225.0
145.0 460.0 126.0 445.0
475.0 86.0 468.0 101.0
474.0 86.0 468.0 101.0
197.0 318.0 178.0 316.0
110.0 375.0 93.0 369.0
217.0 51.0 216.0 43.0
248.0 140.0 242.0 138.0
443.0 88.0 439.0 100.0
249.0 140.0 242.0 138.0
248.0 94.0 243.0 89.0
231.0 139.0 224.0 134.0
289.0 185.0 281.0 185.0
82.0 375.0 63.0 369.0
145.0 461.0 126.0 445.0
362.0 262.0 348.0 270.0
288.0 184.0 282.0 184.0
235.0 19.0 234.0 12.0
179.0 29.0 178.0 18.0
452.0 120.0 446.0 134.0
156.0 433.0 134.0 426.0
249.0 94.0 243.0 89.0
249.0 141.0 242.0 138.0
466.0 119.0 458.0 134.0
218.0 51.0 216.0 42.0
115.0 159.0 108.0 143.0
167.0 46.0 164.0 33.0
115.0 158.0 108.0 143.0
144.0 50.0 142.0 34.0
232.0 139.0 226.0 134.0
114.0 159.0 108.0 144.0
139.0 297.0 124.0 287.0
234.0 20.0 234.0 12.0
115.0 157.0 108.0 143.0
145.0 420.0 123.0 417.0
138.0 297.0 124.0 287.0
235.0 20.0 234.0 12.0
288.0 185.0 281.0 185.0
183.0 116.0 178.0 105.0
193.0 20.0 192.0 10.0
248.0 141.0 242.0 138.0
167.0 259.0 154.0 251.0
114.0 158.0 108.0 143.0
247.0 94.0 243.0 89.0
146.0 461.0 126.0 445.0
138.0 336.0 123.0 329.0
137.0 336.0 122.0 328.0
167.0 258.0 154.0 251.0
217.0 52.0 216.0 43.0
238.0 116.0 233.0 110.0
122.0 192.0 112.0 177.0
138.0 296.0 124.0 287.0
146.0 460.0 126.0 445.0
121.0 192.0 112.0 177.0
284.0 148.0 276.0 147.0
74.0 354.0 53.0 348.0
155.0 433.0 135.0 424.0
216.0 51.0 216.0 42.0
123.0 192.0 113.0 178.0
231.0 140.0 224.0 134.0
216.0 52.0 216.0 42.0
216.0 53.0 216.0 43.0
166.0 258.0 154.0 251.0
239.0 117.0 234.0 112.0
166.0 259.0 154.0 251.0
283.0 148.0 275.0 147.0
238.0 117.0 233.0 110.0
234.0 21.0 234.0 12.0
146.0 459.0 126.0 445.0
137.0 297.0 124.0 287.0
138.0 337.0 123.0 329.0
248.0 93.0 243.0 89.0
239.0 116.0 234.0 112.0
252.0 201.0 242.0 199.0
250.0 46.0 248.0 39.0
198.0 319.0 178.0 316.0
122.0 193.0 112.0 177.0
456.0 148.0 448.0 163.0
462.0 127.0 452.0 143.0
193.0 274.0 177.0 270.0
251.0 46.0 248.0 39.0
247.0 93.0 243.0 89.0
217.0 53.0 216.0 43.0
251.0 45.0 248.0 39.0
123.0 193.0 113.0 178.0
439.0 133.0 431.0 146.0
218.0 52.0 216.0 42.0
75.0 353.0 53.0 348.0
192.0 274.0 177.0 270.0
162.0 153.0 149.0 144.0
123.0 505.0 99.0 493.0
439.0 132.0 431.0 145.0
250.0 45.0 248.0 39.0
163.0 153.0 149.0 144.0
75.0 354.0 53.0 348.0
123.0 504.0 99.0 493.0
193.0 275.0 177.0 270.0
440.0 132.0 431.0 146.0
41.0 299.0 27.0 284.0
252.0 200.0 242.0 199.0
251.0 201.0 242.0 199.0
42.0 299.0 27.0 284.0
251.0 200.0 242.0 199.0
41.0 298.0 27.0 284.0
43.0 299.0 28.0 284.0
44.0 299.0 28.0 284.0
43.0 298.0 28.0 284.0
420.0 99.0 410.0 107.0
248.0 130.0 242.0 137.0
44.0 298.0 28.0 284.0
328.0 190.0 320.0 197.0
440.0 133.0 431.0 146.0
192.0 275.0 177.0 270.0
250.0 200.0 242.0 199.0
42.0 298.0 28.0 284.0
197.0 290.0 179.0 285.0
152.0 435.0 135.0 424.0
196.0 290.0 178.0 285.0
166.0 316.0 145.0 314.0
167.0 316.0 145.0 314.0
283.0 40.0 265.0 38.0
26.0 372.0 6.0 363.0
282.0 40.0 265.0 38.0
167.0 315.0 145.0 314.0
328.0 189.0 320.0 197.0
283.0 39.0 265.0 38.0
282.0 39.0 265.0 38.0
258.0 45.0 265.0 38.0
258.0 44.0 249.0 39.0
353.0 147.0 340.0 163.0
172.0 428.0 135.0 424.0
214.0 116.0 215.0 115.0
215.0 116.0 215.0 115.0
214.0 115.0 215.0 115.0
215.0 115.0 215.0 115.0
