128.0 462.0 103.0 479.0
97.0 155.0 82.0 160.0
98.0 155.0 83.0 160.0
99.0 154.0 83.0 160.0
2.0 140.0 2.0 144.0
127.0 462.0 103.0 479.0
98.0 154.0 83.0 160.0
96.0 153.0 82.0 160.0
126.0 463.0 103.0 479.0
96.0 155.0 82.0 160.0
77.0 564.0 48.0 580.0
96.0 154.0 82.0 160.0
98.0 153.0 83.0 160.0
97.0 153.0 82.0 160.0
97.0 154.0 82.0 160.0
127.0 463.0 103.0 479.0
177.0 426.0 154.0 445.0
198.0 563.0 173.0 586.0
197.0 563.0 173.0 586.0
127.0 461.0 103.0 479.0
128.0 461.0 103.0 479.0
310.0 26.0 302.0 38.0
198.0 562.0 173.0 586.0
311.0 25.0 302.0 38.0
177.0 427.0 153.0 447.0
197.0 562.0 173.0 586.0
156.0 19.0 147.0 22.0
217.0 149.0 204.0 158.0
218.0 149.0 204.0 158.0
310.0 25.0 302.0 38.0
125.0 462.0 103.0 479.0
122.0 556.0 94.0 576.0
218.0 150.0 206.0 158.0
179.0 497.0 156.0 517.0
126.0 462.0 103.0 479.0
176.0 426.0 153.0 445.0
109.0 445.0 83.0 462.0
175.0 426.0 153.0 445.0
176.0 427.0 153.0 447.0
245.0 74.0 235.0 81.0
246.0 73.0 236.0 81.0
175.0 428.0 153.0 447.0
228.0 181.0 217.0 196.0
311.0 26.0 302.0 38.0
183.0 372.0 162.0 388.0
175.0 427.0 153.0 447.0
122.0 555.0 94.0 576.0
312.0 25.0 303.0 38.0
245.0 72.0 235.0 81.0
112.0 124.0 98.0 127.0
109.0 446.0 83.0 462.0
113.0 124.0 99.0 127.0
217.0 150.0 206.0 158.0
245.0 73.0 235.0 81.0
246.0 72.0 236.0 81.0
310.0 24.0 302.0 38.0
247.0 73.0 236.0 81.0
121.0 556.0 94.0 576.0
182.0 372.0 162.0 388.0
126.0 461.0 103.0 479.0
184.0 371.0 162.0 388.0
161.0 472.0 137.0 491.0
161.0 471.0 137.0 491.0
244.0 73.0 235.0 81.0
321.0 54.0 313.0 67.0
179.0 498.0 156.0 517.0
194.0 17.0 186.0 22.0
121.0 555.0 94.0 576.0
123.0 555.0 94.0 576.0
110.0 124.0 98.0 127.0
133.0 570.0 109.0 586.0
156.0 18.0 147.0 22.0
180.0 497.0 156.0 517.0
174.0 427.0 153.0 445.0
134.0 570.0 109.0 586.0
229.0 181.0 217.0 196.0
311.0 24.0 302.0 38.0
322.0 54.0 313.0 67.0
193.0 16.0 186.0 22.0
241.0 113.0 229.0 122.0
112.0 123.0 100.0 126.0
109.0 574.0 81.0 593.0
245.0 75.0 235.0 81.0
122.0 554.0 94.0 576.0
193.0 17.0 186.0 22.0
155.0 19.0 147.0 22.0
155.0 18.0 147.0 22.0
244.0 74.0 235.0 81.0
183.0 371.0 162.0 388.0
155.0 17.0 147.0 22.0
246.0 74.0 236.0 81.0
108.0 447.0 83.0 462.0
111.0 124.0 98.0 127.0
346.0 30.0 336.0 42.0
312.0 24.0 303.0 38.0
230.0 181.0 216.0 196.0
108.0 574.0 81.0 593.0
324.0 92.0 316.0 101.0
345.0 29.0 335.0 42.0
242.0 113.0 229.0 122.0
326.0 90.0 316.0 101.0
346.0 29.0 336.0 42.0
326.0 89.0 315.0 101.0
192.0 17.0 186.0 22.0
108.0 446.0 83.0 462.0
325.0 91.0 316.0 101.0
240.0 114.0 229.0 122.0
125.0 461.0 103.0 479.0
241.0 114.0 229.0 122.0
225.0 68.0 214.0 78.0
323.0 92.0 316.0 101.0
325.0 89.0 315.0 101.0
160.0 472.0 137.0 491.0
290.0 25.0 281.0 36.0
242.0 114.0 229.0 122.0
174.0 426.0 153.0 445.0
123.0 554.0 94.0 576.0
345.0 30.0 335.0 42.0
321.0 55.0 313.0 67.0
325.0 90.0 316.0 101.0
221.0 138.0 211.0 145.0
108.0 445.0 83.0 462.0
112.0 125.0 98.0 127.0
224.0 68.0 214.0 78.0
322.0 55.0 313.0 67.0
229.0 180.0 217.0 195.0
324.0 91.0 316.0 101.0
274.0 29.0 268.0 36.0
290.0 26.0 281.0 36.0
247.0 74.0 236.0 81.0
240.0 113.0 229.0 122.0
274.0 28.0 268.0 36.0
109.0 474.0 81.0 492.0
160.0 52.0 149.0 54.0
162.0 439.0 137.0 457.0
228.0 180.0 217.0 196.0
273.0 29.0 268.0 36.0
321.0 56.0 313.0 67.0
107.0 447.0 83.0 462.0
153.0 19.0 147.0 22.0
220.0 138.0 211.0 145.0
111.0 125.0 98.0 127.0
154.0 18.0 147.0 22.0
154.0 19.0 147.0 22.0
324.0 90.0 316.0 101.0
240.0 115.0 229.0 122.0
182.0 454.0 158.0 475.0
181.0 454.0 158.0 475.0
290.0 24.0 281.0 36.0
224.0 69.0 214.0 78.0
110.0 475.0 81.0 492.0
249.0 153.0 236.0 163.0
323.0 91.0 316.0 101.0
225.0 69.0 214.0 78.0
291.0 26.0 281.0 36.0
110.0 125.0 98.0 127.0
351.0 65.0 340.0 78.0
107.0 446.0 83.0 462.0
253.0 142.0 241.0 153.0
107.0 574.0 81.0 593.0
159.0 53.0 149.0 56.0
131.0 440.0 100.0 458.0
351.0 64.0 340.0 78.0
106.0 446.0 77.0 463.0
111.0 126.0 98.0 127.0
112.0 473.0 86.0 488.0
224.0 70.0 214.0 78.0
162.0 438.0 138.0 456.0
182.0 455.0 158.0 475.0
153.0 18.0 147.0 22.0
178.0 69.0 169.0 75.0
285.0 86.0 274.0 97.0
274.0 30.0 268.0 38.0
245.0 47.0 234.0 55.0
324.0 89.0 315.0 101.0
291.0 27.0 281.0 36.0
181.0 455.0 158.0 475.0
108.0 575.0 81.0 593.0
145.0 468.0 119.0 486.0
282.0 87.0 272.0 98.0
284.0 88.0 272.0 98.0
180.0 455.0 158.0 475.0
284.0 86.0 274.0 97.0
110.0 474.0 81.0 492.0
159.0 51.0 149.0 54.0
284.0 87.0 272.0 98.0
160.0 53.0 149.0 56.0
178.0 70.0 169.0 75.0
110.0 473.0 81.0 492.0
107.0 445.0 77.0 463.0
161.0 53.0 152.0 55.0
351.0 63.0 340.0 78.0
111.0 475.0 81.0 492.0
275.0 30.0 268.0 38.0
323.0 90.0 316.0 101.0
239.0 114.0 229.0 122.0
178.0 71.0 169.0 75.0
283.0 86.0 274.0 97.0
106.0 574.0 81.0 593.0
275.0 29.0 268.0 36.0
161.0 52.0 149.0 54.0
160.0 51.0 149.0 54.0
243.0 47.0 235.0 54.0
243.0 46.0 235.0 54.0
275.0 28.0 268.0 36.0
113.0 573.0 81.0 593.0
223.0 68.0 214.0 78.0
90.0 111.0 70.0 103.0
285.0 87.0 274.0 98.0
159.0 52.0 149.0 54.0
291.0 25.0 281.0 36.0
350.0 64.0 340.0 78.0
179.0 70.0 169.0 75.0
350.0 65.0 340.0 78.0
111.0 473.0 86.0 487.0
291.0 24.0 281.0 36.0
158.0 52.0 149.0 56.0
179.0 69.0 170.0 75.0
158.0 53.0 149.0 56.0
283.0 87.0 272.0 98.0
180.0 70.0 170.0 75.0
290.0 62.0 281.0 74.0
239.0 52.0 234.0 55.0
239.0 115.0 229.0 122.0
112.0 474.0 87.0 488.0
107.0 575.0 81.0 593.0
244.0 47.0 234.0 55.0
252.0 143.0 241.0 153.0
223.0 70.0 214.0 78.0
223.0 69.0 214.0 78.0
158.0 51.0 149.0 54.0
289.0 62.0 281.0 74.0
179.0 71.0 169.0 75.0
111.0 474.0 81.0 492.0
238.0 52.0 234.0 55.0
253.0 143.0 241.0 153.0
283.0 89.0 272.0 98.0
282.0 88.0 272.0 98.0
239.0 53.0 234.0 56.0
243.0 45.0 235.0 54.0
276.0 28.0 268.0 36.0
180.0 71.0 169.0 75.0
157.0 52.0 149.0 54.0
91.0 111.0 70.0 103.0
252.0 144.0 241.0 153.0
283.0 88.0 272.0 98.0
245.0 46.0 235.0 54.0
283.0 148.0 270.0 160.0
281.0 149.0 269.0 160.0
69.0 101.0 66.0 103.0
281.0 148.0 269.0 160.0
282.0 149.0 269.0 160.0
244.0 46.0 235.0 54.0
294.0 122.0 284.0 132.0
292.0 26.0 281.0 36.0
283.0 149.0 270.0 160.0
352.0 64.0 340.0 78.0
106.0 575.0 81.0 593.0
181.0 456.0 158.0 475.0
224.0 112.0 214.0 119.0
282.0 147.0 270.0 160.0
295.0 121.0 285.0 133.0
273.0 117.0 262.0 128.0
289.0 63.0 281.0 74.0
69.0 102.0 66.0 103.0
90.0 112.0 69.0 102.0
283.0 147.0 271.0 159.0
68.0 101.0 66.0 103.0
274.0 117.0 262.0 128.0
238.0 53.0 234.0 55.0
282.0 148.0 269.0 160.0
292.0 25.0 281.0 36.0
288.0 63.0 281.0 74.0
272.0 116.0 262.0 128.0
273.0 118.0 262.0 128.0
290.0 63.0 281.0 74.0
261.0 93.0 250.0 103.0
68.0 102.0 66.0 103.0
290.0 64.0 281.0 74.0
245.0 45.0 235.0 54.0
244.0 45.0 235.0 54.0
225.0 113.0 213.0 119.0
69.0 103.0 66.0 103.0
273.0 115.0 262.0 128.0
289.0 64.0 281.0 74.0
261.0 92.0 250.0 103.0
272.0 115.0 262.0 128.0
291.0 63.0 281.0 74.0
272.0 117.0 262.0 128.0
288.0 64.0 281.0 74.0
274.0 116.0 262.0 128.0
290.0 65.0 281.0 74.0
67.0 102.0 66.0 103.0
60.0 453.0 36.0 464.0
273.0 116.0 262.0 128.0
223.0 112.0 213.0 119.0
68.0 103.0 66.0 103.0
271.0 116.0 262.0 128.0
262.0 186.0 252.0 194.0
277.0 46.0 266.0 57.0
261.0 91.0 250.0 103.0
61.0 453.0 36.0 464.0
224.0 113.0 213.0 119.0
262.0 93.0 250.0 103.0
277.0 47.0 266.0 57.0
274.0 115.0 262.0 128.0
289.0 65.0 281.0 74.0
262.0 92.0 250.0 103.0
261.0 90.0 250.0 103.0
67.0 103.0 66.0 103.0
68.0 104.0 66.0 103.0
60.0 452.0 36.0 463.0
278.0 46.0 266.0 57.0
67.0 451.0 38.0 463.0
271.0 118.0 262.0 128.0
406.0 32.0 396.0 50.0
60.0 454.0 36.0 464.0
271.0 117.0 262.0 128.0
76.0 576.0 48.0 581.0
272.0 118.0 262.0 128.0
188.0 477.0 168.0 505.0
407.0 32.0 396.0 50.0
406.0 31.0 396.0 50.0
263.0 92.0 250.0 103.0
309.0 181.0 305.0 207.0
405.0 31.0 396.0 50.0
59.0 454.0 35.0 465.0
288.0 65.0 280.0 75.0
405.0 32.0 396.0 50.0
51.0 147.0 58.0 155.0
278.0 47.0 266.0 58.0
407.0 31.0 396.0 50.0
407.0 30.0 396.0 50.0
334.0 205.0 318.0 223.0
59.0 453.0 36.0 463.0
77.0 576.0 48.0 581.0
406.0 30.0 396.0 50.0
59.0 452.0 36.0 463.0
223.0 113.0 213.0 119.0
279.0 46.0 266.0 58.0
262.0 91.0 250.0 103.0
187.0 477.0 168.0 505.0
317.0 198.0 316.0 223.0
279.0 47.0 266.0 58.0
318.0 198.0 316.0 223.0
223.0 114.0 213.0 119.0
76.0 577.0 48.0 581.0
78.0 577.0 49.0 582.0
473.0 240.0 456.0 270.0
474.0 240.0 456.0 270.0
317.0 197.0 316.0 223.0
317.0 199.0 316.0 223.0
224.0 114.0 213.0 119.0
278.0 45.0 266.0 57.0
222.0 113.0 213.0 119.0
263.0 91.0 250.0 103.0
318.0 197.0 316.0 223.0
335.0 204.0 318.0 223.0
76.0 578.0 47.0 600.0
277.0 45.0 266.0 57.0
262.0 90.0 250.0 103.0
335.0 205.0 318.0 223.0
188.0 476.0 168.0 505.0
315.0 197.0 316.0 223.0
20.0 365.0 4.0 365.0
77.0 577.0 48.0 581.0
316.0 197.0 316.0 223.0
336.0 205.0 318.0 223.0
336.0 204.0 318.0 223.0
316.0 198.0 316.0 223.0
335.0 203.0 318.0 223.0
474.0 239.0 456.0 270.0
473.0 239.0 456.0 270.0
475.0 239.0 456.0 270.0
21.0 364.0 4.0 365.0
222.0 114.0 213.0 119.0
21.0 365.0 4.0 365.0
474.0 238.0 456.0 270.0
475.0 238.0 456.0 270.0
336.0 203.0 318.0 223.0
187.0 476.0 168.0 505.0
315.0 198.0 316.0 223.0
473.0 238.0 456.0 270.0
316.0 199.0 316.0 223.0
20.0 364.0 4.0 365.0
315.0 199.0 316.0 223.0
314.0 198.0 316.0 223.0
77.0 578.0 48.0 581.0
22.0 365.0 4.0 365.0
337.0 204.0 320.0 221.0
314.0 199.0 316.0 223.0
337.0 203.0 320.0 221.0
336.0 202.0 318.0 223.0
313.0 199.0 316.0 223.0
21.0 363.0 4.0 365.0
337.0 205.0 318.0 223.0
22.0 364.0 4.0 365.0
204.0 553.0 173.0 584.0
313.0 198.0 316.0 223.0
337.0 202.0 318.0 223.0
390.0 199.0 321.0 217.0
22.0 363.0 4.0 365.0
186.0 476.0 168.0 505.0
187.0 475.0 168.0 505.0
389.0 199.0 320.0 217.0
188.0 475.0 168.0 505.0
187.0 97.0 179.0 106.0
205.0 553.0 173.0 584.0
27.0 359.0 4.0 365.0
389.0 198.0 320.0 217.0
