366.0 220.0 373.0 225.0
365.0 220.0 372.0 225.0
126.0 160.0 137.0 171.0
324.0 291.0 334.0 299.0
253.0 209.0 260.0 220.0
366.0 219.0 373.0 225.0
133.0 95.0 143.0 108.0
324.0 292.0 334.0 299.0
127.0 160.0 138.0 171.0
325.0 291.0 335.0 299.0
325.0 292.0 334.0 299.0
203.0 106.0 212.0 118.0
127.0 490.0 139.0 498.0
132.0 94.0 143.0 108.0
370.0 548.0 384.0 555.0
371.0 547.0 384.0 555.0
371.0 548.0 385.0 554.0
372.0 548.0 385.0 554.0
127.0 159.0 137.0 171.0
353.0 229.0 362.0 236.0
365.0 219.0 373.0 225.0
320.0 193.0 330.0 201.0
127.0 491.0 139.0 498.0
233.0 155.0 240.0 166.0
232.0 156.0 240.0 166.0
326.0 292.0 335.0 300.0
405.0 462.0 418.0 465.0
372.0 547.0 385.0 554.0
287.0 310.0 298.0 316.0
202.0 106.0 211.0 118.0
320.0 194.0 330.0 201.0
354.0 229.0 362.0 236.0
370.0 547.0 384.0 555.0
121.0 211.0 132.0 220.0
288.0 310.0 298.0 316.0
232.0 154.0 240.0 166.0
466.0 45.0 474.0 52.0
385.0 530.0 397.0 534.0
122.0 211.0 132.0 220.0
90.0 241.0 103.0 253.0
154.0 618.0 167.0 622.0
290.0 310.0 299.0 316.0
203.0 107.0 212.0 118.0
287.0 311.0 297.0 317.0
117.0 502.0 130.0 510.0
224.0 442.0 235.0 448.0
289.0 310.0 298.0 316.0
300.0 410.0 311.0 416.0
126.0 490.0 139.0 498.0
91.0 232.0 104.0 243.0
154.0 619.0 167.0 622.0
128.0 159.0 138.0 171.0
223.0 443.0 235.0 448.0
370.0 32.0 375.0 41.0
344.0 437.0 355.0 443.0
121.0 210.0 131.0 220.0
128.0 160.0 138.0 171.0
122.0 210.0 132.0 220.0
467.0 44.0 474.0 52.0
468.0 45.0 474.0 52.0
332.0 431.0 342.0 436.0
371.0 32.0 376.0 41.0
117.0 503.0 130.0 510.0
161.0 219.0 173.0 229.0
233.0 154.0 240.0 166.0
224.0 443.0 235.0 448.0
405.0 461.0 418.0 465.0
321.0 194.0 330.0 201.0
215.0 422.0 227.0 428.0
370.0 33.0 376.0 41.0
90.0 242.0 103.0 253.0
89.0 241.0 103.0 253.0
321.0 193.0 330.0 201.0
363.0 610.0 377.0 618.0
419.0 492.0 432.0 495.0
349.0 223.0 358.0 227.0
290.0 311.0 299.0 316.0
232.0 155.0 240.0 166.0
404.0 462.0 418.0 465.0
202.0 107.0 211.0 120.0
467.0 46.0 474.0 52.0
301.0 409.0 311.0 416.0
343.0 437.0 355.0 442.0
204.0 106.0 212.0 118.0
231.0 155.0 240.0 166.0
467.0 45.0 474.0 52.0
300.0 409.0 310.0 416.0
331.0 431.0 342.0 436.0
289.0 311.0 299.0 316.0
355.0 229.0 362.0 236.0
362.0 611.0 376.0 619.0
403.0 375.0 417.0 379.0
251.0 209.0 260.0 219.0
91.0 241.0 103.0 253.0
216.0 422.0 227.0 428.0
89.0 240.0 103.0 253.0
204.0 107.0 212.0 118.0
404.0 461.0 418.0 465.0
384.0 530.0 397.0 534.0
468.0 46.0 474.0 52.0
216.0 423.0 227.0 428.0
237.0 409.0 248.0 413.0
75.0 189.0 86.0 201.0
75.0 188.0 86.0 201.0
238.0 410.0 248.0 413.0
153.0 619.0 167.0 622.0
90.0 240.0 103.0 253.0
288.0 311.0 298.0 316.0
126.0 491.0 139.0 498.0
235.0 546.0 246.0 554.0
383.0 529.0 397.0 534.0
246.0 624.0 247.0 627.0
322.0 194.0 331.0 201.0
371.0 33.0 376.0 41.0
116.0 502.0 129.0 509.0
221.0 137.0 230.0 148.0
238.0 409.0 248.0 413.0
220.0 137.0 229.0 147.0
371.0 31.0 376.0 39.0
363.0 611.0 377.0 618.0
406.0 461.0 418.0 465.0
406.0 481.0 419.0 484.0
420.0 492.0 432.0 495.0
241.0 523.0 254.0 529.0
370.0 31.0 375.0 41.0
319.0 35.0 325.0 49.0
316.0 548.0 327.0 558.0
239.0 409.0 248.0 413.0
323.0 194.0 330.0 201.0
322.0 193.0 330.0 201.0
221.0 62.0 229.0 74.0
281.0 378.0 291.0 384.0
282.0 378.0 291.0 384.0
316.0 549.0 327.0 558.0
313.0 460.0 325.0 466.0
153.0 618.0 167.0 622.0
389.0 603.0 402.0 610.0
221.0 136.0 230.0 148.0
282.0 261.0 292.0 269.0
220.0 136.0 229.0 147.0
189.0 237.0 196.0 245.0
38.0 485.0 48.0 495.0
242.0 523.0 254.0 529.0
76.0 189.0 86.0 201.0
239.0 410.0 248.0 413.0
226.0 220.0 236.0 229.0
38.0 484.0 48.0 495.0
313.0 459.0 325.0 466.0
37.0 485.0 48.0 495.0
37.0 484.0 48.0 495.0
282.0 377.0 291.0 384.0
312.0 460.0 325.0 466.0
188.0 236.0 196.0 245.0
94.0 212.0 106.0 223.0
363.0 612.0 377.0 618.0
225.0 221.0 236.0 229.0
256.0 138.0 265.0 151.0
318.0 34.0 325.0 49.0
256.0 139.0 265.0 151.0
196.0 222.0 207.0 233.0
257.0 138.0 266.0 150.0
318.0 35.0 325.0 49.0
296.0 324.0 306.0 332.0
157.0 366.0 166.0 373.0
316.0 550.0 327.0 558.0
364.0 611.0 377.0 618.0
389.0 602.0 402.0 610.0
435.0 495.0 449.0 499.0
287.0 422.0 298.0 430.0
281.0 377.0 291.0 384.0
280.0 377.0 291.0 384.0
227.0 220.0 236.0 229.0
225.0 443.0 235.0 448.0
295.0 325.0 306.0 332.0
243.0 369.0 253.0 378.0
319.0 34.0 325.0 49.0
190.0 575.0 203.0 581.0
295.0 324.0 306.0 332.0
393.0 355.0 401.0 358.0
226.0 221.0 236.0 229.0
209.0 262.0 218.0 271.0
222.0 386.0 235.0 390.0
227.0 222.0 236.0 229.0
434.0 496.0 447.0 499.0
197.0 222.0 207.0 233.0
241.0 370.0 253.0 378.0
76.0 188.0 86.0 201.0
227.0 221.0 236.0 229.0
390.0 602.0 402.0 610.0
226.0 222.0 236.0 229.0
255.0 138.0 265.0 151.0
444.0 388.0 457.0 391.0
197.0 223.0 207.0 233.0
319.0 33.0 325.0 49.0
188.0 237.0 196.0 245.0
222.0 62.0 229.0 74.0
242.0 369.0 253.0 378.0
149.0 280.0 161.0 288.0
241.0 369.0 253.0 378.0
443.0 388.0 457.0 391.0
26.0 565.0 33.0 571.0
434.0 495.0 447.0 499.0
312.0 459.0 325.0 466.0
102.0 531.0 115.0 539.0
242.0 524.0 254.0 529.0
390.0 603.0 402.0 610.0
243.0 524.0 254.0 529.0
198.0 222.0 207.0 233.0
288.0 422.0 298.0 430.0
155.0 450.0 169.0 461.0
240.0 369.0 253.0 378.0
95.0 212.0 106.0 223.0
158.0 366.0 166.0 373.0
444.0 387.0 457.0 391.0
296.0 325.0 306.0 332.0
394.0 355.0 401.0 358.0
286.0 422.0 298.0 430.0
267.0 418.0 278.0 426.0
143.0 504.0 152.0 512.0
225.0 289.0 236.0 297.0
198.0 223.0 207.0 233.0
27.0 565.0 33.0 571.0
383.0 474.0 395.0 478.0
443.0 389.0 457.0 391.0
252.0 483.0 265.0 491.0
257.0 139.0 266.0 150.0
221.0 386.0 235.0 390.0
318.0 33.0 325.0 49.0
234.0 546.0 246.0 554.0
383.0 437.0 394.0 442.0
383.0 438.0 394.0 442.0
344.0 288.0 350.0 298.0
187.0 236.0 196.0 245.0
243.0 523.0 254.0 529.0
222.0 387.0 235.0 390.0
184.0 496.0 194.0 502.0
224.0 288.0 235.0 296.0
103.0 531.0 115.0 539.0
393.0 356.0 401.0 358.0
283.0 422.0 298.0 430.0
149.0 279.0 161.0 288.0
187.0 237.0 196.0 245.0
96.0 213.0 107.0 222.0
225.0 288.0 235.0 296.0
26.0 566.0 33.0 571.0
104.0 531.0 115.0 539.0
255.0 567.0 269.0 576.0
154.0 450.0 169.0 461.0
256.0 568.0 269.0 576.0
382.0 437.0 394.0 442.0
281.0 376.0 291.0 384.0
435.0 496.0 449.0 499.0
280.0 376.0 291.0 384.0
256.0 567.0 269.0 576.0
102.0 532.0 115.0 539.0
392.0 356.0 401.0 358.0
253.0 483.0 265.0 491.0
251.0 483.0 265.0 491.0
392.0 355.0 401.0 358.0
444.0 389.0 457.0 391.0
191.0 575.0 203.0 581.0
382.0 475.0 394.0 478.0
190.0 574.0 203.0 581.0
103.0 532.0 115.0 539.0
183.0 496.0 194.0 502.0
382.0 439.0 394.0 442.0
382.0 438.0 394.0 442.0
421.0 302.0 431.0 305.0
383.0 439.0 394.0 442.0
110.0 614.0 118.0 621.0
243.0 283.0 253.0 291.0
422.0 301.0 431.0 305.0
422.0 302.0 431.0 305.0
27.0 566.0 33.0 571.0
383.0 475.0 395.0 478.0
224.0 387.0 235.0 390.0
383.0 473.0 395.0 478.0
345.0 288.0 350.0 298.0
144.0 503.0 152.0 512.0
381.0 474.0 394.0 478.0
226.0 288.0 236.0 297.0
382.0 474.0 394.0 478.0
271.0 449.0 283.0 456.0
236.0 623.0 217.0 626.0
150.0 279.0 161.0 288.0
408.0 321.0 418.0 325.0
111.0 613.0 118.0 621.0
111.0 614.0 118.0 621.0
236.0 624.0 217.0 626.0
183.0 495.0 194.0 502.0
182.0 495.0 194.0 502.0
407.0 321.0 418.0 326.0
407.0 322.0 418.0 326.0
307.0 202.0 330.0 201.0
150.0 280.0 161.0 288.0
255.0 333.0 260.0 336.0
66.0 264.0 73.0 269.0
382.0 473.0 394.0 478.0
144.0 504.0 152.0 512.0
328.0 595.0 342.0 602.0
212.0 339.0 221.0 345.0
28.0 566.0 33.0 571.0
252.0 484.0 265.0 491.0
408.0 322.0 418.0 326.0
191.0 574.0 203.0 581.0
270.0 450.0 283.0 456.0
407.0 323.0 418.0 326.0
66.0 265.0 73.0 269.0
381.0 473.0 394.0 478.0
327.0 596.0 342.0 602.0
328.0 596.0 342.0 603.0
213.0 339.0 221.0 345.0
327.0 595.0 342.0 602.0
212.0 338.0 221.0 345.0
67.0 264.0 73.0 269.0
272.0 450.0 283.0 456.0
213.0 338.0 221.0 345.0
67.0 265.0 73.0 269.0
326.0 595.0 342.0 602.0
271.0 450.0 283.0 456.0
134.0 583.0 149.0 592.0
429.0 560.0 444.0 564.0
27.0 567.0 33.0 571.0
425.0 533.0 438.0 538.0
134.0 584.0 149.0 592.0
63.0 299.0 75.0 310.0
54.0 368.0 74.0 310.0
134.0 585.0 149.0 592.0
10.0 517.0 21.0 525.0
63.0 298.0 75.0 309.0
133.0 584.0 149.0 592.0
133.0 585.0 149.0 592.0
271.0 451.0 283.0 456.0
55.0 368.0 74.0 310.0
55.0 370.0 74.0 310.0
63.0 300.0 75.0 310.0
64.0 300.0 75.0 310.0
64.0 299.0 75.0 310.0
428.0 560.0 444.0 564.0
54.0 369.0 75.0 310.0
54.0 370.0 75.0 310.0
55.0 369.0 74.0 310.0
256.0 333.0 260.0 336.0
256.0 334.0 260.0 336.0
9.0 517.0 21.0 525.0
28.0 533.0 39.0 543.0
27.0 533.0 39.0 543.0
423.0 533.0 438.0 538.0
424.0 534.0 438.0 538.0
424.0 533.0 438.0 538.0
28.0 534.0 39.0 543.0
427.0 560.0 444.0 564.0
424.0 532.0 438.0 539.0
26.0 533.0 39.0 543.0
212.0 75.0 229.0 74.0
129.0 144.0 138.0 171.0
211.0 74.0 229.0 74.0
130.0 144.0 138.0 171.0
212.0 74.0 229.0 74.0
353.0 596.0 375.0 617.0
245.0 387.0 249.0 414.0
381.0 365.0 401.0 358.0
352.0 596.0 375.0 617.0
211.0 75.0 229.0 74.0
381.0 367.0 401.0 358.0
244.0 387.0 249.0 414.0
381.0 366.0 401.0 358.0
229.0 300.0 235.0 297.0
393.0 398.0 392.0 411.0
394.0 398.0 392.0 411.0
393.0 399.0 392.0 411.0
394.0 399.0 392.0 411.0
