222.0 336.0 200.0 340.0
416.0 247.0 395.0 259.0
223.0 336.0 201.0 340.0
213.0 175.0 195.0 175.0
223.0 337.0 201.0 340.0
342.0 203.0 323.0 211.0
416.0 246.0 395.0 259.0
213.0 177.0 195.0 176.0
174.0 350.0 154.0 353.0
213.0 176.0 195.0 176.0
161.0 301.0 141.0 304.0
268.0 284.0 245.0 290.0
349.0 128.0 329.0 135.0
381.0 483.0 355.0 493.0
406.0 263.0 383.0 275.0
417.0 246.0 395.0 259.0
417.0 247.0 395.0 259.0
348.0 128.0 327.0 137.0
348.0 129.0 327.0 137.0
247.0 15.0 231.0 13.0
342.0 204.0 323.0 211.0
267.0 284.0 245.0 290.0
381.0 484.0 355.0 493.0
347.0 128.0 327.0 136.0
173.0 350.0 154.0 353.0
405.0 262.0 383.0 275.0
341.0 204.0 323.0 211.0
382.0 483.0 355.0 493.0
347.0 129.0 327.0 137.0
224.0 336.0 201.0 340.0
246.0 15.0 230.0 12.0
160.0 301.0 141.0 304.0
346.0 129.0 327.0 136.0
174.0 351.0 154.0 353.0
269.0 284.0 245.0 290.0
141.0 350.0 114.0 354.0
382.0 297.0 358.0 309.0
160.0 302.0 140.0 304.0
191.0 264.0 171.0 265.0
405.0 263.0 383.0 275.0
192.0 265.0 171.0 265.0
159.0 301.0 140.0 304.0
192.0 264.0 171.0 265.0
370.0 195.0 349.0 205.0
418.0 246.0 395.0 259.0
406.0 262.0 383.0 275.0
160.0 300.0 141.0 304.0
173.0 351.0 154.0 353.0
247.0 14.0 230.0 12.0
245.0 15.0 225.0 13.0
191.0 231.0 171.0 230.0
381.0 296.0 358.0 309.0
294.0 138.0 273.0 143.0
182.0 105.0 164.0 100.0
191.0 232.0 171.0 230.0
369.0 195.0 349.0 205.0
245.0 14.0 225.0 13.0
418.0 247.0 395.0 259.0
190.0 231.0 171.0 230.0
394.0 107.0 374.0 116.0
367.0 147.0 346.0 159.0
382.0 484.0 355.0 493.0
396.0 158.0 376.0 170.0
371.0 195.0 350.0 205.0
191.0 265.0 171.0 265.0
382.0 295.0 358.0 309.0
394.0 106.0 374.0 116.0
370.0 196.0 350.0 205.0
293.0 138.0 271.0 143.0
269.0 211.0 251.0 215.0
293.0 137.0 271.0 143.0
246.0 14.0 225.0 13.0
201.0 333.0 181.0 337.0
96.0 252.0 73.0 253.0
131.0 224.0 108.0 225.0
269.0 210.0 251.0 215.0
127.0 285.0 107.0 288.0
251.0 202.0 230.0 206.0
382.0 296.0 358.0 309.0
366.0 145.0 346.0 159.0
193.0 265.0 171.0 265.0
130.0 224.0 108.0 225.0
222.0 292.0 199.0 297.0
366.0 146.0 346.0 159.0
270.0 210.0 251.0 213.0
158.0 341.0 133.0 346.0
303.0 226.0 276.0 234.0
376.0 130.0 355.0 141.0
268.0 211.0 250.0 214.0
383.0 483.0 355.0 493.0
224.0 337.0 201.0 340.0
395.0 158.0 376.0 170.0
393.0 107.0 374.0 116.0
383.0 484.0 355.0 493.0
172.0 351.0 154.0 353.0
250.0 201.0 230.0 206.0
270.0 284.0 245.0 290.0
383.0 295.0 358.0 309.0
123.0 447.0 97.0 449.0
376.0 131.0 355.0 141.0
127.0 286.0 107.0 288.0
369.0 196.0 349.0 205.0
130.0 225.0 108.0 225.0
382.0 485.0 355.0 493.0
106.0 360.0 80.0 362.0
383.0 296.0 358.0 309.0
142.0 577.0 120.0 578.0
392.0 107.0 368.0 119.0
123.0 446.0 97.0 449.0
124.0 446.0 97.0 449.0
367.0 146.0 346.0 159.0
223.0 292.0 199.0 297.0
294.0 137.0 273.0 143.0
375.0 130.0 355.0 141.0
367.0 145.0 346.0 159.0
374.0 131.0 355.0 141.0
278.0 225.0 259.0 229.0
200.0 333.0 181.0 337.0
198.0 333.0 180.0 337.0
250.0 202.0 230.0 206.0
105.0 360.0 80.0 362.0
304.0 226.0 276.0 234.0
223.0 293.0 199.0 297.0
105.0 361.0 80.0 362.0
128.0 96.0 107.0 90.0
194.0 265.0 171.0 265.0
142.0 576.0 120.0 578.0
157.0 340.0 133.0 346.0
199.0 333.0 181.0 337.0
240.0 159.0 219.0 162.0
143.0 577.0 120.0 578.0
329.0 222.0 302.0 232.0
222.0 293.0 199.0 297.0
375.0 131.0 355.0 141.0
249.0 201.0 230.0 206.0
225.0 337.0 201.0 340.0
367.0 144.0 346.0 159.0
131.0 225.0 108.0 225.0
205.0 96.0 187.0 95.0
375.0 132.0 355.0 141.0
201.0 332.0 181.0 337.0
124.0 447.0 97.0 449.0
161.0 556.0 140.0 558.0
277.0 225.0 259.0 229.0
94.0 252.0 73.0 253.0
200.0 334.0 181.0 337.0
222.0 294.0 199.0 297.0
203.0 96.0 187.0 94.0
393.0 106.0 374.0 116.0
392.0 106.0 368.0 119.0
143.0 576.0 120.0 578.0
239.0 227.0 221.0 232.0
122.0 448.0 97.0 449.0
204.0 95.0 187.0 94.0
94.0 253.0 73.0 253.0
205.0 95.0 187.0 95.0
204.0 96.0 187.0 95.0
393.0 105.0 374.0 116.0
203.0 95.0 187.0 94.0
82.0 317.0 58.0 317.0
122.0 446.0 97.0 449.0
127.0 95.0 107.0 90.0
158.0 340.0 133.0 346.0
249.0 202.0 230.0 206.0
106.0 361.0 80.0 362.0
383.0 485.0 355.0 493.0
122.0 447.0 97.0 449.0
150.0 211.0 132.0 208.0
241.0 159.0 219.0 162.0
162.0 557.0 140.0 558.0
93.0 253.0 72.0 253.0
163.0 557.0 141.0 558.0
305.0 226.0 276.0 234.0
200.0 332.0 181.0 337.0
105.0 362.0 80.0 362.0
164.0 557.0 141.0 558.0
240.0 158.0 219.0 162.0
151.0 210.0 133.0 209.0
128.0 95.0 107.0 90.0
163.0 556.0 141.0 558.0
151.0 211.0 133.0 209.0
199.0 332.0 181.0 337.0
183.0 59.0 172.0 50.0
159.0 339.0 133.0 346.0
92.0 253.0 72.0 253.0
150.0 210.0 132.0 208.0
105.0 197.0 89.0 199.0
369.0 96.0 342.0 113.0
129.0 96.0 107.0 90.0
162.0 556.0 140.0 558.0
237.0 227.0 221.0 231.0
238.0 227.0 221.0 232.0
92.0 252.0 73.0 253.0
183.0 60.0 172.0 50.0
93.0 252.0 73.0 253.0
159.0 340.0 133.0 346.0
241.0 158.0 219.0 162.0
237.0 226.0 221.0 231.0
204.0 94.0 187.0 94.0
132.0 224.0 108.0 225.0
83.0 317.0 58.0 317.0
182.0 142.0 160.0 137.0
189.0 550.0 160.0 556.0
236.0 227.0 221.0 231.0
180.0 314.0 161.0 323.0
46.0 171.0 24.0 162.0
182.0 141.0 160.0 137.0
189.0 549.0 160.0 556.0
46.0 170.0 24.0 162.0
103.0 196.0 89.0 199.0
132.0 225.0 108.0 225.0
188.0 550.0 160.0 556.0
98.0 51.0 83.0 41.0
183.0 141.0 160.0 137.0
370.0 96.0 342.0 113.0
188.0 549.0 160.0 556.0
51.0 205.0 27.0 199.0
404.0 139.0 379.0 155.0
117.0 378.0 89.0 384.0
51.0 342.0 33.0 340.0
183.0 142.0 160.0 137.0
405.0 140.0 379.0 155.0
371.0 96.0 342.0 113.0
264.0 239.0 250.0 239.0
118.0 378.0 89.0 384.0
187.0 550.0 160.0 556.0
102.0 196.0 89.0 199.0
184.0 142.0 160.0 137.0
111.0 504.0 86.0 491.0
138.0 299.0 117.0 303.0
51.0 343.0 33.0 340.0
50.0 342.0 31.0 340.0
422.0 244.0 395.0 259.0
138.0 300.0 117.0 303.0
184.0 141.0 160.0 137.0
111.0 505.0 53.0 553.0
371.0 95.0 342.0 113.0
137.0 300.0 117.0 303.0
137.0 299.0 117.0 303.0
370.0 95.0 342.0 113.0
187.0 549.0 160.0 556.0
74.0 222.0 44.0 214.0
405.0 139.0 379.0 155.0
117.0 377.0 89.0 384.0
112.0 505.0 53.0 553.0
118.0 377.0 89.0 384.0
114.0 236.0 86.0 235.0
52.0 342.0 33.0 340.0
231.0 28.0 204.0 22.0
52.0 205.0 27.0 199.0
84.0 294.0 61.0 290.0
85.0 293.0 62.0 290.0
46.0 32.0 29.0 29.0
406.0 140.0 379.0 155.0
422.0 243.0 395.0 259.0
88.0 281.0 62.0 289.0
211.0 133.0 186.0 143.0
52.0 206.0 27.0 199.0
405.0 138.0 379.0 155.0
85.0 295.0 61.0 290.0
93.0 46.0 81.0 40.0
406.0 139.0 379.0 155.0
75.0 222.0 44.0 214.0
85.0 294.0 61.0 290.0
75.0 223.0 44.0 214.0
54.0 386.0 31.0 387.0
86.0 294.0 62.0 290.0
89.0 281.0 62.0 289.0
61.0 265.0 46.0 265.0
93.0 45.0 81.0 40.0
61.0 266.0 46.0 265.0
92.0 46.0 81.0 40.0
211.0 132.0 186.0 143.0
53.0 585.0 38.0 569.0
60.0 265.0 46.0 265.0
115.0 236.0 86.0 235.0
89.0 280.0 62.0 289.0
92.0 45.0 81.0 40.0
33.0 378.0 14.0 365.0
34.0 378.0 14.0 365.0
36.0 117.0 15.0 106.0
39.0 193.0 18.0 178.0
83.0 345.0 65.0 355.0
54.0 584.0 38.0 569.0
39.0 194.0 18.0 178.0
406.0 138.0 379.0 155.0
90.0 281.0 62.0 289.0
60.0 266.0 46.0 265.0
39.0 192.0 18.0 178.0
128.0 339.0 90.0 342.0
107.0 349.0 81.0 362.0
83.0 344.0 65.0 355.0
37.0 117.0 15.0 106.0
54.0 585.0 38.0 569.0
90.0 280.0 62.0 289.0
34.0 377.0 14.0 365.0
33.0 377.0 14.0 365.0
37.0 116.0 15.0 106.0
37.0 118.0 15.0 106.0
40.0 194.0 18.0 178.0
128.0 340.0 90.0 342.0
122.0 251.0 90.0 252.0
91.0 280.0 62.0 289.0
40.0 193.0 18.0 178.0
122.0 250.0 90.0 252.0
55.0 584.0 38.0 569.0
38.0 117.0 15.0 106.0
129.0 340.0 90.0 342.0
84.0 344.0 65.0 355.0
55.0 585.0 38.0 569.0
92.0 44.0 81.0 40.0
84.0 343.0 65.0 355.0
37.0 80.0 14.0 65.0
38.0 118.0 15.0 106.0
37.0 219.0 15.0 212.0
41.0 250.0 32.0 244.0
38.0 219.0 15.0 212.0
50.0 45.0 29.0 30.0
