162.0 169.0 164.0 169.0
99.0 494.0 105.0 492.0
144.0 45.0 145.0 47.0
175.0 40.0 176.0 41.0
175.0 39.0 176.0 41.0
174.0 40.0 176.0 41.0
161.0 168.0 163.0 170.0
98.0 492.0 105.0 492.0
231.0 121.0 233.0 120.0
162.0 166.0 163.0 170.0
162.0 168.0 164.0 169.0
163.0 167.0 164.0 169.0
229.0 140.0 231.0 138.0
98.0 493.0 105.0 492.0
9.0 94.0 11.0 97.0
144.0 46.0 145.0 47.0
174.0 39.0 176.0 41.0
99.0 493.0 105.0 492.0
138.0 19.0 140.0 22.0
269.0 193.0 271.0 189.0
99.0 492.0 105.0 492.0
268.0 194.0 271.0 190.0
144.0 44.0 145.0 47.0
143.0 45.0 145.0 47.0
203.0 219.0 206.0 216.0
194.0 237.0 196.0 235.0
162.0 167.0 164.0 169.0
161.0 167.0 163.0 170.0
234.0 266.0 237.0 262.0
139.0 19.0 139.0 21.0
139.0 160.0 141.0 162.0
20.0 312.0 25.0 313.0
9.0 93.0 11.0 97.0
19.0 312.0 25.0 313.0
194.0 238.0 196.0 235.0
20.0 313.0 25.0 313.0
193.0 236.0 196.0 235.0
193.0 238.0 196.0 235.0
139.0 18.0 139.0 21.0
302.0 306.0 305.0 300.0
10.0 93.0 11.0 97.0
143.0 46.0 145.0 48.0
137.0 294.0 142.0 292.0
139.0 159.0 141.0 162.0
204.0 220.0 207.0 217.0
268.0 193.0 271.0 189.0
98.0 118.0 101.0 121.0
20.0 311.0 25.0 313.0
204.0 219.0 207.0 217.0
163.0 124.0 165.0 125.0
45.0 104.0 46.0 109.0
193.0 237.0 196.0 235.0
138.0 18.0 139.0 21.0
192.0 237.0 196.0 235.0
439.0 334.0 442.0 323.0
44.0 105.0 46.0 109.0
217.0 258.0 221.0 256.0
252.0 191.0 255.0 188.0
19.0 311.0 25.0 313.0
218.0 258.0 221.0 256.0
98.0 117.0 101.0 121.0
163.0 240.0 167.0 240.0
194.0 236.0 196.0 234.0
175.0 343.0 179.0 341.0
351.0 132.0 353.0 127.0
45.0 105.0 47.0 109.0
162.0 240.0 166.0 239.0
111.0 200.0 113.0 204.0
44.0 104.0 46.0 109.0
301.0 305.0 305.0 300.0
438.0 334.0 442.0 323.0
137.0 295.0 142.0 292.0
233.0 266.0 237.0 262.0
19.0 28.0 20.0 33.0
138.0 160.0 141.0 162.0
195.0 279.0 198.0 278.0
301.0 306.0 305.0 300.0
132.0 317.0 137.0 317.0
261.0 459.0 265.0 452.0
195.0 280.0 198.0 278.0
188.0 201.0 191.0 200.0
119.0 479.0 125.0 477.0
159.0 558.0 165.0 557.0
119.0 478.0 125.0 477.0
98.0 119.0 101.0 121.0
99.0 119.0 101.0 121.0
8.0 93.0 11.0 97.0
9.0 92.0 11.0 97.0
110.0 200.0 112.0 203.0
196.0 279.0 198.0 278.0
196.0 280.0 198.0 278.0
339.0 370.0 342.0 363.0
19.0 29.0 20.0 33.0
198.0 563.0 206.0 560.0
373.0 361.0 378.0 351.0
132.0 316.0 138.0 316.0
199.0 563.0 206.0 560.0
175.0 344.0 179.0 341.0
195.0 237.0 197.0 234.0
18.0 28.0 20.0 33.0
65.0 477.0 71.0 475.0
19.0 27.0 20.0 33.0
438.0 335.0 442.0 323.0
354.0 111.0 355.0 110.0
43.0 424.0 45.0 425.0
18.0 29.0 20.0 33.0
99.0 117.0 101.0 121.0
351.0 133.0 354.0 128.0
64.0 477.0 71.0 475.0
136.0 515.0 142.0 513.0
131.0 125.0 133.0 127.0
99.0 118.0 101.0 121.0
105.0 144.0 105.0 147.0
64.0 476.0 71.0 475.0
65.0 476.0 71.0 475.0
131.0 126.0 133.0 128.0
350.0 132.0 353.0 127.0
159.0 559.0 165.0 557.0
353.0 110.0 354.0 110.0
176.0 343.0 179.0 341.0
110.0 199.0 112.0 203.0
162.0 241.0 166.0 240.0
163.0 241.0 166.0 240.0
350.0 133.0 354.0 128.0
439.0 333.0 442.0 323.0
241.0 349.0 245.0 347.0
217.0 257.0 221.0 256.0
22.0 10.0 23.0 14.0
241.0 350.0 245.0 347.0
338.0 370.0 342.0 363.0
426.0 100.0 427.0 95.0
374.0 361.0 378.0 351.0
373.0 360.0 378.0 351.0
21.0 10.0 23.0 14.0
162.0 242.0 166.0 240.0
374.0 360.0 378.0 351.0
136.0 514.0 142.0 513.0
176.0 344.0 179.0 341.0
44.0 424.0 45.0 425.0
438.0 333.0 442.0 323.0
244.0 522.0 251.0 517.0
202.0 158.0 204.0 157.0
228.0 573.0 236.0 570.0
186.0 635.0 195.0 634.0
109.0 200.0 112.0 203.0
333.0 584.0 340.0 575.0
334.0 584.0 341.0 575.0
248.0 432.0 253.0 428.0
248.0 431.0 253.0 428.0
349.0 133.0 354.0 128.0
450.0 493.0 455.0 481.0
131.0 124.0 133.0 127.0
201.0 158.0 204.0 157.0
194.0 280.0 198.0 277.0
213.0 178.0 216.0 176.0
201.0 157.0 204.0 157.0
178.0 555.0 186.0 552.0
104.0 315.0 108.0 316.0
451.0 494.0 455.0 481.0
161.0 240.0 165.0 240.0
22.0 9.0 23.0 14.0
334.0 585.0 341.0 575.0
186.0 634.0 195.0 634.0
105.0 315.0 108.0 316.0
207.0 406.0 212.0 403.0
338.0 371.0 342.0 363.0
462.0 33.0 461.0 30.0
228.0 589.0 237.0 587.0
463.0 98.0 462.0 95.0
462.0 32.0 461.0 30.0
182.0 442.0 187.0 441.0
54.0 491.0 60.0 489.0
70.0 402.0 74.0 400.0
194.0 279.0 198.0 277.0
103.0 315.0 108.0 316.0
161.0 241.0 165.0 240.0
106.0 143.0 105.0 146.0
426.0 101.0 427.0 95.0
87.0 429.0 92.0 431.0
69.0 402.0 74.0 400.0
139.0 85.0 140.0 90.0
213.0 177.0 216.0 176.0
249.0 432.0 253.0 428.0
227.0 609.0 235.0 606.0
199.0 564.0 206.0 560.0
107.0 593.0 112.0 594.0
241.0 351.0 245.0 347.0
21.0 9.0 23.0 14.0
354.0 110.0 355.0 110.0
106.0 260.0 109.0 261.0
85.0 221.0 86.0 221.0
87.0 430.0 92.0 431.0
178.0 554.0 186.0 552.0
207.0 405.0 212.0 403.0
454.0 373.0 458.0 360.0
229.0 589.0 237.0 587.0
451.0 493.0 455.0 481.0
461.0 32.0 461.0 30.0
229.0 573.0 236.0 570.0
177.0 555.0 185.0 553.0
147.0 474.0 153.0 473.0
109.0 199.0 112.0 203.0
249.0 433.0 253.0 428.0
182.0 441.0 187.0 441.0
179.0 555.0 186.0 552.0
179.0 554.0 186.0 552.0
53.0 490.0 60.0 489.0
106.0 259.0 109.0 261.0
338.0 369.0 342.0 363.0
105.0 260.0 109.0 261.0
22.0 8.0 23.0 14.0
54.0 490.0 60.0 489.0
96.0 234.0 98.0 236.0
416.0 44.0 415.0 43.0
462.0 31.0 461.0 30.0
212.0 177.0 216.0 176.0
248.0 433.0 253.0 428.0
240.0 350.0 245.0 347.0
227.0 517.0 233.0 514.0
377.0 381.0 381.0 371.0
164.0 320.0 169.0 318.0
163.0 319.0 169.0 318.0
88.0 430.0 92.0 431.0
355.0 451.0 360.0 442.0
463.0 32.0 461.0 30.0
88.0 429.0 92.0 431.0
104.0 260.0 109.0 261.0
377.0 380.0 381.0 371.0
333.0 585.0 340.0 575.0
19.0 443.0 23.0 444.0
228.0 590.0 237.0 587.0
122.0 437.0 127.0 436.0
38.0 359.0 43.0 358.0
397.0 389.0 402.0 378.0
355.0 110.0 355.0 110.0
355.0 450.0 360.0 441.0
53.0 489.0 60.0 488.0
184.0 519.0 189.0 518.0
38.0 360.0 43.0 358.0
450.0 494.0 455.0 481.0
105.0 259.0 109.0 261.0
212.0 178.0 216.0 176.0
147.0 473.0 153.0 472.0
182.0 443.0 187.0 441.0
244.0 521.0 251.0 517.0
49.0 449.0 54.0 448.0
106.0 144.0 105.0 147.0
133.0 317.0 138.0 316.0
104.0 314.0 108.0 316.0
146.0 412.0 151.0 411.0
227.0 518.0 233.0 514.0
183.0 519.0 189.0 518.0
86.0 220.0 86.0 221.0
18.0 443.0 23.0 444.0
132.0 125.0 133.0 127.0
148.0 473.0 153.0 472.0
226.0 517.0 233.0 514.0
96.0 582.0 99.0 581.0
19.0 442.0 23.0 444.0
54.0 489.0 60.0 488.0
313.0 604.0 322.0 598.0
454.0 375.0 457.0 360.0
121.0 438.0 127.0 436.0
97.0 582.0 99.0 581.0
203.0 482.0 210.0 479.0
109.0 279.0 113.0 281.0
354.0 450.0 360.0 441.0
163.0 318.0 167.0 318.0
454.0 374.0 458.0 360.0
82.0 313.0 91.0 314.0
18.0 442.0 23.0 444.0
202.0 482.0 210.0 479.0
226.0 518.0 233.0 514.0
463.0 31.0 461.0 30.0
104.0 259.0 109.0 261.0
81.0 313.0 91.0 314.0
147.0 412.0 151.0 411.0
97.0 583.0 99.0 581.0
378.0 380.0 381.0 371.0
164.0 319.0 169.0 318.0
229.0 590.0 237.0 587.0
86.0 221.0 86.0 221.0
148.0 474.0 153.0 472.0
354.0 451.0 360.0 442.0
152.0 494.0 157.0 495.0
98.0 583.0 99.0 581.0
417.0 44.0 415.0 43.0
257.0 419.0 263.0 414.0
49.0 450.0 54.0 449.0
121.0 437.0 127.0 436.0
133.0 316.0 138.0 316.0
82.0 314.0 91.0 314.0
225.0 518.0 233.0 514.0
134.0 316.0 137.0 317.0
190.0 518.0 190.0 518.0
139.0 86.0 140.0 90.0
118.0 520.0 125.0 518.0
151.0 494.0 157.0 495.0
449.0 493.0 455.0 481.0
449.0 494.0 455.0 481.0
48.0 449.0 54.0 448.0
149.0 473.0 153.0 472.0
50.0 311.0 54.0 311.0
112.0 501.0 118.0 500.0
313.0 603.0 322.0 598.0
48.0 450.0 54.0 448.0
151.0 495.0 157.0 495.0
118.0 519.0 125.0 518.0
107.0 144.0 105.0 146.0
138.0 85.0 140.0 90.0
337.0 370.0 342.0 363.0
18.0 620.0 25.0 625.0
271.0 407.0 275.0 403.0
337.0 371.0 342.0 363.0
271.0 408.0 275.0 403.0
18.0 621.0 25.0 625.0
119.0 520.0 125.0 518.0
445.0 357.0 449.0 345.0
225.0 517.0 233.0 514.0
440.0 545.0 445.0 535.0
134.0 317.0 137.0 317.0
152.0 495.0 157.0 495.0
270.0 407.0 275.0 403.0
207.0 443.0 212.0 440.0
109.0 280.0 113.0 281.0
431.0 564.0 439.0 552.0
467.0 70.0 466.0 68.0
75.0 584.0 77.0 584.0
444.0 358.0 449.0 345.0
19.0 621.0 25.0 625.0
119.0 519.0 125.0 518.0
191.0 518.0 190.0 518.0
81.0 314.0 91.0 314.0
208.0 443.0 212.0 440.0
164.0 318.0 167.0 318.0
467.0 71.0 466.0 68.0
50.0 312.0 54.0 311.0
256.0 419.0 263.0 414.0
51.0 312.0 55.0 312.0
87.0 221.0 86.0 221.0
257.0 420.0 263.0 414.0
19.0 622.0 25.0 625.0
52.0 312.0 55.0 312.0
467.0 72.0 466.0 68.0
87.0 220.0 86.0 221.0
51.0 311.0 54.0 311.0
96.0 407.0 97.0 406.0
249.0 491.0 256.0 486.0
108.0 280.0 113.0 281.0
229.0 591.0 237.0 587.0
431.0 563.0 439.0 552.0
417.0 43.0 415.0 43.0
252.0 199.0 255.0 188.0
208.0 442.0 212.0 440.0
108.0 279.0 113.0 281.0
230.0 590.0 237.0 587.0
115.0 410.0 119.0 407.0
249.0 490.0 255.0 486.0
314.0 577.0 322.0 570.0
248.0 491.0 256.0 486.0
116.0 410.0 119.0 407.0
115.0 409.0 118.0 407.0
253.0 199.0 256.0 188.0
248.0 490.0 255.0 486.0
231.0 483.0 238.0 480.0
165.0 319.0 169.0 318.0
431.0 562.0 439.0 552.0
175.0 610.0 182.0 607.0
313.0 577.0 322.0 570.0
231.0 485.0 238.0 480.0
165.0 318.0 169.0 318.0
418.0 44.0 415.0 43.0
231.0 484.0 238.0 480.0
116.0 409.0 119.0 407.0
252.0 200.0 255.0 188.0
97.0 407.0 97.0 406.0
287.0 549.0 294.0 543.0
181.0 285.0 183.0 275.0
253.0 200.0 256.0 188.0
182.0 285.0 183.0 275.0
220.0 148.0 217.0 140.0
180.0 285.0 183.0 275.0
268.0 525.0 277.0 519.0
263.0 321.0 272.0 321.0
464.0 17.0 461.0 30.0
208.0 325.0 211.0 338.0
211.0 222.0 207.0 217.0
211.0 223.0 207.0 217.0
207.0 324.0 211.0 338.0
208.0 324.0 211.0 338.0
196.0 430.0 193.0 418.0
