134.0 246.0 142.0 253.0
382.0 15.0 393.0 15.0
438.0 241.0 446.0 243.0
134.0 245.0 142.0 253.0
439.0 241.0 446.0 243.0
133.0 246.0 142.0 253.0
133.0 245.0 142.0 253.0
439.0 240.0 446.0 243.0
382.0 16.0 393.0 15.0
383.0 15.0 393.0 15.0
133.0 244.0 142.0 253.0
132.0 244.0 142.0 253.0
384.0 15.0 393.0 15.0
132.0 245.0 142.0 253.0
309.0 136.0 317.0 136.0
272.0 301.0 274.0 307.0
310.0 135.0 317.0 136.0
357.0 90.0 368.0 91.0
309.0 135.0 317.0 136.0
162.0 185.0 172.0 190.0
383.0 16.0 393.0 15.0
271.0 300.0 274.0 307.0
271.0 299.0 274.0 307.0
163.0 184.0 173.0 189.0
384.0 16.0 393.0 15.0
309.0 134.0 317.0 136.0
361.0 91.0 368.0 91.0
163.0 185.0 173.0 189.0
272.0 300.0 274.0 307.0
270.0 299.0 274.0 307.0
272.0 299.0 274.0 307.0
310.0 136.0 317.0 136.0
326.0 323.0 329.0 333.0
308.0 135.0 317.0 136.0
163.0 186.0 173.0 189.0
308.0 134.0 317.0 136.0
221.0 106.0 228.0 106.0
273.0 300.0 274.0 307.0
453.0 298.0 457.0 301.0
164.0 186.0 173.0 189.0
273.0 301.0 274.0 307.0
164.0 185.0 173.0 189.0
454.0 297.0 457.0 301.0
392.0 160.0 399.0 160.0
362.0 32.0 369.0 31.0
326.0 322.0 328.0 332.0
453.0 299.0 457.0 301.0
396.0 273.0 403.0 276.0
391.0 159.0 399.0 160.0
385.0 16.0 393.0 15.0
222.0 106.0 229.0 106.0
391.0 160.0 399.0 160.0
435.0 71.0 446.0 70.0
392.0 161.0 399.0 161.0
28.0 280.0 40.0 289.0
273.0 299.0 274.0 307.0
396.0 274.0 403.0 277.0
27.0 281.0 40.0 289.0
358.0 90.0 368.0 91.0
465.0 278.0 469.0 279.0
435.0 70.0 446.0 70.0
223.0 106.0 229.0 107.0
327.0 323.0 329.0 333.0
454.0 298.0 457.0 301.0
392.0 159.0 399.0 160.0
27.0 280.0 40.0 289.0
434.0 72.0 446.0 70.0
221.0 107.0 229.0 106.0
393.0 161.0 399.0 161.0
223.0 107.0 229.0 107.0
434.0 70.0 446.0 70.0
328.0 322.0 329.0 332.0
373.0 251.0 379.0 253.0
434.0 71.0 446.0 70.0
384.0 17.0 393.0 15.0
291.0 284.0 295.0 288.0
290.0 284.0 295.0 288.0
455.0 299.0 457.0 301.0
362.0 33.0 370.0 32.0
395.0 274.0 403.0 276.0
454.0 299.0 457.0 301.0
360.0 90.0 369.0 90.0
464.0 277.0 469.0 279.0
26.0 280.0 40.0 289.0
292.0 284.0 295.0 288.0
26.0 281.0 40.0 289.0
455.0 300.0 458.0 302.0
394.0 159.0 399.0 160.0
327.0 322.0 329.0 332.0
393.0 160.0 399.0 160.0
220.0 106.0 228.0 106.0
454.0 300.0 457.0 301.0
363.0 32.0 370.0 32.0
359.0 90.0 368.0 91.0
358.0 91.0 368.0 91.0
309.0 108.0 316.0 107.0
224.0 107.0 229.0 107.0
363.0 33.0 370.0 32.0
222.0 107.0 229.0 106.0
105.0 210.0 116.0 212.0
27.0 279.0 40.0 289.0
394.0 160.0 399.0 160.0
107.0 210.0 116.0 212.0
361.0 32.0 369.0 31.0
310.0 106.0 317.0 107.0
291.0 285.0 295.0 288.0
393.0 159.0 399.0 160.0
433.0 70.0 445.0 70.0
360.0 91.0 368.0 91.0
82.0 559.0 92.0 571.0
395.0 273.0 403.0 276.0
106.0 210.0 116.0 212.0
310.0 107.0 317.0 107.0
311.0 317.0 313.0 325.0
341.0 288.0 348.0 294.0
127.0 573.0 132.0 583.0
312.0 317.0 313.0 325.0
105.0 209.0 116.0 212.0
312.0 318.0 313.0 325.0
309.0 107.0 316.0 107.0
26.0 279.0 40.0 289.0
145.0 574.0 154.0 586.0
328.0 323.0 329.0 332.0
286.0 281.0 294.0 288.0
127.0 574.0 132.0 585.0
145.0 575.0 154.0 586.0
464.0 278.0 469.0 279.0
25.0 281.0 40.0 289.0
83.0 559.0 92.0 571.0
393.0 158.0 399.0 160.0
309.0 106.0 317.0 107.0
82.0 560.0 92.0 571.0
144.0 575.0 154.0 586.0
455.0 298.0 457.0 301.0
395.0 272.0 403.0 276.0
340.0 288.0 348.0 294.0
433.0 71.0 446.0 70.0
463.0 277.0 469.0 279.0
312.0 316.0 313.0 325.0
463.0 278.0 469.0 279.0
359.0 91.0 368.0 91.0
84.0 559.0 92.0 571.0
259.0 270.0 266.0 275.0
385.0 17.0 393.0 15.0
259.0 269.0 265.0 273.0
144.0 574.0 154.0 586.0
313.0 317.0 313.0 325.0
106.0 208.0 116.0 212.0
83.0 561.0 92.0 571.0
128.0 574.0 132.0 585.0
209.0 573.0 215.0 586.0
463.0 276.0 469.0 279.0
286.0 173.0 292.0 174.0
342.0 289.0 348.0 294.0
128.0 575.0 132.0 585.0
285.0 281.0 294.0 288.0
329.0 322.0 329.0 332.0
106.0 209.0 116.0 212.0
285.0 280.0 293.0 287.0
330.0 54.0 338.0 54.0
25.0 280.0 40.0 289.0
349.0 155.0 354.0 154.0
258.0 269.0 265.0 273.0
290.0 285.0 294.0 288.0
83.0 560.0 92.0 571.0
292.0 285.0 295.0 288.0
394.0 274.0 403.0 276.0
350.0 155.0 355.0 155.0
376.0 267.0 384.0 271.0
286.0 172.0 292.0 174.0
394.0 273.0 403.0 276.0
340.0 289.0 348.0 294.0
289.0 130.0 293.0 130.0
330.0 55.0 338.0 54.0
284.0 280.0 293.0 287.0
350.0 154.0 355.0 155.0
209.0 574.0 215.0 586.0
208.0 573.0 215.0 586.0
287.0 173.0 292.0 174.0
85.0 560.0 92.0 571.0
341.0 289.0 348.0 294.0
313.0 316.0 313.0 325.0
330.0 52.0 338.0 54.0
377.0 268.0 384.0 271.0
349.0 154.0 354.0 154.0
51.0 452.0 59.0 459.0
84.0 560.0 92.0 571.0
364.0 215.0 370.0 217.0
25.0 279.0 40.0 289.0
330.0 53.0 338.0 54.0
364.0 216.0 370.0 217.0
353.0 127.0 363.0 128.0
376.0 268.0 384.0 271.0
237.0 510.0 242.0 524.0
52.0 453.0 59.0 460.0
399.0 113.0 400.0 121.0
84.0 561.0 92.0 571.0
51.0 453.0 59.0 459.0
329.0 54.0 338.0 54.0
354.0 128.0 363.0 128.0
289.0 131.0 293.0 130.0
236.0 510.0 242.0 526.0
462.0 277.0 469.0 279.0
144.0 573.0 154.0 586.0
261.0 198.0 268.0 200.0
330.0 51.0 338.0 54.0
237.0 511.0 242.0 526.0
11.0 287.0 18.0 292.0
329.0 53.0 338.0 54.0
236.0 511.0 242.0 526.0
462.0 278.0 469.0 279.0
284.0 281.0 293.0 288.0
242.0 127.0 249.0 128.0
435.0 312.0 440.0 315.0
263.0 199.0 268.0 200.0
52.0 452.0 59.0 460.0
288.0 131.0 293.0 130.0
290.0 130.0 293.0 130.0
470.0 162.0 466.0 212.0
111.0 212.0 116.0 212.0
262.0 198.0 268.0 200.0
363.0 214.0 370.0 217.0
288.0 130.0 293.0 130.0
10.0 287.0 18.0 292.0
363.0 216.0 370.0 217.0
262.0 199.0 268.0 200.0
329.0 52.0 338.0 54.0
363.0 215.0 370.0 217.0
352.0 127.0 363.0 128.0
462.0 276.0 469.0 279.0
85.0 561.0 92.0 571.0
50.0 453.0 59.0 459.0
261.0 199.0 268.0 200.0
376.0 269.0 384.0 271.0
470.0 163.0 466.0 212.0
351.0 127.0 363.0 128.0
377.0 269.0 384.0 271.0
285.0 282.0 293.0 288.0
260.0 198.0 268.0 201.0
10.0 288.0 18.0 292.0
10.0 286.0 18.0 292.0
9.0 286.0 18.0 292.0
305.0 313.0 313.0 325.0
112.0 211.0 116.0 212.0
31.0 533.0 37.0 542.0
24.0 280.0 40.0 289.0
471.0 164.0 466.0 212.0
471.0 163.0 466.0 212.0
11.0 289.0 18.0 292.0
363.0 24.0 371.0 31.0
362.0 215.0 369.0 217.0
112.0 212.0 116.0 212.0
129.0 604.0 133.0 618.0
284.0 282.0 293.0 288.0
361.0 24.0 370.0 31.0
335.0 308.0 351.0 320.0
113.0 211.0 116.0 212.0
113.0 212.0 116.0 212.0
472.0 163.0 466.0 212.0
112.0 213.0 116.0 212.0
11.0 288.0 18.0 292.0
343.0 215.0 348.0 218.0
343.0 216.0 348.0 218.0
342.0 215.0 348.0 218.0
361.0 23.0 370.0 31.0
471.0 162.0 466.0 212.0
216.0 609.0 219.0 624.0
319.0 299.0 324.0 303.0
341.0 215.0 348.0 218.0
362.0 216.0 369.0 217.0
281.0 199.0 286.0 199.0
215.0 609.0 219.0 624.0
362.0 24.0 371.0 31.0
321.0 300.0 324.0 303.0
9.0 288.0 18.0 292.0
321.0 299.0 324.0 303.0
280.0 199.0 286.0 199.0
280.0 198.0 286.0 199.0
9.0 287.0 18.0 292.0
148.0 196.0 155.0 198.0
342.0 216.0 348.0 218.0
335.0 306.0 351.0 320.0
362.0 23.0 370.0 31.0
320.0 298.0 324.0 303.0
113.0 213.0 116.0 212.0
278.0 199.0 285.0 200.0
114.0 212.0 116.0 212.0
320.0 300.0 324.0 303.0
320.0 299.0 324.0 303.0
335.0 307.0 351.0 320.0
215.0 610.0 219.0 624.0
280.0 200.0 286.0 201.0
347.0 318.0 351.0 320.0
334.0 307.0 351.0 320.0
36.0 624.0 44.0 633.0
385.0 223.0 392.0 224.0
315.0 296.0 324.0 303.0
216.0 610.0 219.0 624.0
384.0 223.0 391.0 225.0
319.0 300.0 324.0 303.0
217.0 610.0 219.0 624.0
216.0 611.0 219.0 625.0
278.0 198.0 286.0 199.0
279.0 199.0 285.0 200.0
373.0 159.0 400.0 160.0
394.0 194.0 388.0 195.0
279.0 198.0 286.0 199.0
310.0 206.0 318.0 208.0
310.0 207.0 318.0 208.0
268.0 167.0 275.0 170.0
269.0 168.0 275.0 170.0
383.0 223.0 391.0 224.0
383.0 222.0 391.0 224.0
395.0 194.0 388.0 195.0
32.0 594.0 40.0 605.0
382.0 223.0 391.0 224.0
313.0 208.0 319.0 209.0
314.0 208.0 319.0 209.0
33.0 594.0 40.0 605.0
36.0 625.0 44.0 633.0
33.0 593.0 40.0 605.0
37.0 625.0 44.0 633.0
268.0 168.0 275.0 170.0
313.0 207.0 319.0 209.0
312.0 207.0 319.0 209.0
311.0 207.0 319.0 209.0
311.0 206.0 318.0 208.0
32.0 595.0 40.0 605.0
382.0 222.0 391.0 224.0
31.0 593.0 40.0 605.0
32.0 593.0 40.0 605.0
166.0 613.0 168.0 624.0
315.0 94.0 317.0 107.0
395.0 193.0 388.0 195.0
314.0 207.0 319.0 209.0
31.0 594.0 40.0 605.0
312.0 206.0 319.0 209.0
31.0 595.0 40.0 605.0
321.0 229.0 325.0 230.0
141.0 527.0 164.0 535.0
320.0 229.0 325.0 230.0
267.0 167.0 261.0 158.0
142.0 528.0 164.0 535.0
141.0 528.0 164.0 535.0
303.0 114.0 316.0 108.0
320.0 228.0 325.0 230.0
140.0 528.0 164.0 535.0
6.0 164.0 17.0 167.0
5.0 164.0 17.0 167.0
319.0 228.0 325.0 230.0
7.0 163.0 17.0 167.0
7.0 164.0 17.0 167.0
135.0 601.0 155.0 607.0
332.0 180.0 341.0 183.0
375.0 51.0 382.0 50.0
142.0 529.0 164.0 535.0
273.0 187.0 286.0 199.0
376.0 51.0 382.0 50.0
267.0 168.0 259.0 158.0
141.0 529.0 164.0 535.0
160.0 594.0 155.0 607.0
274.0 187.0 286.0 199.0
440.0 13.0 390.0 15.0
