191.0 525.0 175.0 495.0
232.0 429.0 218.0 403.0
233.0 429.0 218.0 404.0
233.0 430.0 218.0 404.0
231.0 430.0 218.0 403.0
267.0 525.0 250.0 497.0
191.0 524.0 175.0 495.0
231.0 429.0 218.0 403.0
267.0 526.0 250.0 497.0
222.0 355.0 210.0 332.0
266.0 525.0 249.0 497.0
268.0 527.0 250.0 497.0
222.0 357.0 210.0 332.0
266.0 526.0 249.0 497.0
222.0 356.0 210.0 332.0
248.0 529.0 230.0 500.0
275.0 451.0 260.0 426.0
109.0 123.0 98.0 91.0
211.0 537.0 194.0 506.0
232.0 431.0 218.0 404.0
322.0 371.0 309.0 348.0
267.0 527.0 249.0 498.0
322.0 370.0 309.0 348.0
232.0 430.0 218.0 403.0
249.0 528.0 231.0 500.0
232.0 428.0 218.0 403.0
276.0 451.0 260.0 426.0
247.0 529.0 230.0 500.0
245.0 527.0 229.0 498.0
212.0 537.0 194.0 506.0
110.0 123.0 98.0 91.0
233.0 431.0 218.0 404.0
266.0 527.0 249.0 498.0
294.0 491.0 277.0 463.0
178.0 438.0 164.0 412.0
246.0 527.0 229.0 498.0
295.0 492.0 278.0 464.0
221.0 356.0 210.0 332.0
293.0 491.0 277.0 463.0
247.0 528.0 230.0 500.0
275.0 450.0 259.0 423.0
294.0 492.0 277.0 463.0
295.0 491.0 278.0 464.0
223.0 356.0 209.0 333.0
276.0 450.0 260.0 426.0
178.0 437.0 164.0 412.0
248.0 528.0 230.0 499.0
294.0 490.0 277.0 463.0
177.0 437.0 164.0 412.0
72.0 117.0 60.0 88.0
177.0 438.0 164.0 412.0
72.0 118.0 60.0 88.0
277.0 451.0 260.0 426.0
221.0 357.0 210.0 332.0
276.0 449.0 259.0 423.0
246.0 528.0 230.0 500.0
110.0 122.0 99.0 91.0
232.0 432.0 218.0 404.0
275.0 449.0 259.0 423.0
178.0 436.0 164.0 412.0
248.0 527.0 231.0 499.0
111.0 121.0 100.0 90.0
110.0 121.0 98.0 90.0
253.0 182.0 243.0 158.0
284.0 393.0 270.0 369.0
179.0 438.0 164.0 412.0
281.0 108.0 272.0 80.0
111.0 123.0 98.0 91.0
233.0 432.0 218.0 405.0
223.0 357.0 209.0 333.0
109.0 122.0 98.0 90.0
183.0 492.0 168.0 465.0
303.0 243.0 292.0 219.0
371.0 446.0 355.0 422.0
370.0 447.0 355.0 422.0
111.0 124.0 99.0 92.0
277.0 450.0 260.0 424.0
247.0 527.0 230.0 499.0
280.0 107.0 272.0 79.0
338.0 332.0 324.0 307.0
183.0 493.0 168.0 466.0
179.0 437.0 164.0 412.0
185.0 493.0 169.0 465.0
110.0 124.0 99.0 92.0
111.0 122.0 99.0 91.0
63.0 145.0 51.0 116.0
317.0 121.0 310.0 92.0
252.0 182.0 242.0 157.0
303.0 242.0 291.0 219.0
164.0 294.0 153.0 269.0
184.0 493.0 169.0 465.0
184.0 492.0 169.0 465.0
347.0 343.0 333.0 320.0
279.0 107.0 272.0 79.0
339.0 332.0 324.0 307.0
73.0 119.0 60.0 88.0
189.0 389.0 176.0 365.0
284.0 392.0 270.0 369.0
185.0 494.0 169.0 466.0
339.0 333.0 324.0 307.0
370.0 446.0 355.0 422.0
194.0 230.0 185.0 206.0
183.0 491.0 168.0 465.0
161.0 149.0 153.0 121.0
73.0 118.0 60.0 88.0
73.0 117.0 60.0 88.0
371.0 447.0 355.0 422.0
189.0 390.0 176.0 365.0
377.0 471.0 359.0 446.0
165.0 295.0 153.0 270.0
196.0 435.0 182.0 410.0
177.0 436.0 164.0 412.0
338.0 333.0 324.0 307.0
185.0 492.0 169.0 465.0
195.0 230.0 184.0 205.0
169.0 362.0 155.0 339.0
197.0 435.0 184.0 409.0
337.0 332.0 324.0 307.0
370.0 448.0 355.0 422.0
337.0 333.0 324.0 307.0
283.0 378.0 268.0 353.0
184.0 494.0 169.0 465.0
146.0 333.0 132.0 308.0
271.0 221.0 260.0 196.0
188.0 389.0 176.0 365.0
278.0 108.0 272.0 79.0
318.0 119.0 310.0 92.0
371.0 448.0 355.0 423.0
148.0 360.0 135.0 335.0
184.0 491.0 169.0 464.0
251.0 184.0 242.0 159.0
339.0 334.0 324.0 307.0
252.0 183.0 242.0 159.0
282.0 377.0 268.0 353.0
316.0 119.0 310.0 92.0
165.0 294.0 153.0 270.0
280.0 108.0 272.0 80.0
279.0 108.0 272.0 79.0
282.0 378.0 268.0 353.0
168.0 362.0 155.0 339.0
188.0 390.0 176.0 365.0
260.0 139.0 253.0 111.0
378.0 471.0 359.0 446.0
280.0 109.0 272.0 80.0
162.0 150.0 153.0 123.0
234.0 386.0 220.0 361.0
318.0 120.0 310.0 92.0
372.0 447.0 355.0 423.0
317.0 120.0 310.0 92.0
161.0 150.0 153.0 123.0
271.0 222.0 261.0 196.0
317.0 119.0 310.0 92.0
63.0 146.0 51.0 116.0
197.0 436.0 182.0 410.0
149.0 361.0 135.0 335.0
148.0 359.0 135.0 335.0
180.0 214.0 171.0 188.0
338.0 334.0 324.0 307.0
181.0 214.0 171.0 188.0
378.0 473.0 359.0 446.0
377.0 472.0 359.0 446.0
167.0 362.0 155.0 339.0
189.0 392.0 176.0 365.0
194.0 229.0 185.0 205.0
2.0 103.0 2.0 77.0
283.0 377.0 268.0 353.0
189.0 391.0 176.0 365.0
377.0 473.0 359.0 446.0
198.0 436.0 183.0 410.0
69.0 130.0 59.0 101.0
159.0 466.0 145.0 438.0
316.0 120.0 310.0 92.0
161.0 152.0 153.0 123.0
378.0 472.0 359.0 446.0
251.0 183.0 242.0 159.0
160.0 464.0 145.0 437.0
367.0 265.0 355.0 243.0
178.0 455.0 163.0 430.0
279.0 109.0 272.0 80.0
366.0 263.0 355.0 243.0
190.0 391.0 176.0 365.0
316.0 121.0 310.0 93.0
178.0 454.0 163.0 430.0
161.0 151.0 153.0 123.0
188.0 391.0 176.0 365.0
195.0 229.0 186.0 204.0
158.0 465.0 145.0 438.0
367.0 263.0 356.0 243.0
69.0 131.0 59.0 102.0
233.0 386.0 220.0 361.0
366.0 264.0 355.0 243.0
180.0 213.0 171.0 188.0
367.0 264.0 355.0 243.0
180.0 215.0 169.0 189.0
179.0 213.0 170.0 190.0
164.0 295.0 153.0 270.0
251.0 182.0 242.0 157.0
149.0 360.0 135.0 335.0
80.0 100.0 68.0 66.0
368.0 265.0 355.0 243.0
82.0 403.0 69.0 377.0
162.0 151.0 154.0 122.0
188.0 392.0 174.0 365.0
219.0 253.0 208.0 229.0
79.0 101.0 67.0 67.0
366.0 265.0 355.0 243.0
79.0 100.0 67.0 67.0
161.0 465.0 145.0 438.0
70.0 131.0 59.0 102.0
270.0 222.0 260.0 196.0
162.0 152.0 153.0 123.0
159.0 464.0 145.0 437.0
261.0 137.0 253.0 111.0
266.0 582.0 244.0 547.0
179.0 214.0 170.0 190.0
196.0 230.0 184.0 204.0
196.0 229.0 184.0 203.0
160.0 150.0 153.0 123.0
160.0 151.0 153.0 123.0
368.0 264.0 356.0 243.0
270.0 221.0 260.0 196.0
234.0 385.0 220.0 361.0
160.0 466.0 145.0 438.0
141.0 486.0 127.0 456.0
233.0 385.0 220.0 361.0
195.0 228.0 186.0 204.0
160.0 465.0 145.0 438.0
219.0 252.0 208.0 229.0
62.0 147.0 51.0 116.0
261.0 138.0 253.0 111.0
159.0 465.0 145.0 438.0
79.0 102.0 69.0 74.0
266.0 583.0 244.0 547.0
80.0 103.0 69.0 74.0
80.0 102.0 69.0 74.0
138.0 214.0 125.0 183.0
80.0 101.0 67.0 67.0
163.0 320.0 152.0 294.0
267.0 582.0 244.0 547.0
194.0 228.0 185.0 205.0
413.0 365.0 402.0 350.0
271.0 223.0 261.0 196.0
220.0 253.0 208.0 229.0
62.0 144.0 51.0 116.0
413.0 366.0 402.0 350.0
458.0 232.0 446.0 209.0
81.0 403.0 69.0 378.0
79.0 103.0 69.0 74.0
220.0 252.0 209.0 229.0
81.0 404.0 69.0 378.0
62.0 146.0 51.0 116.0
322.0 287.0 311.0 264.0
272.0 223.0 261.0 196.0
70.0 130.0 59.0 101.0
106.0 387.0 93.0 368.0
106.0 386.0 93.0 368.0
81.0 402.0 69.0 378.0
432.0 268.0 422.0 249.0
62.0 145.0 51.0 116.0
433.0 268.0 422.0 249.0
267.0 583.0 244.0 547.0
434.0 268.0 422.0 249.0
445.0 283.0 434.0 263.0
61.0 145.0 49.0 115.0
262.0 137.0 253.0 111.0
261.0 139.0 253.0 112.0
459.0 232.0 446.0 209.0
61.0 146.0 49.0 115.0
432.0 269.0 422.0 250.0
445.0 282.0 434.0 263.0
105.0 387.0 92.0 369.0
42.0 490.0 27.0 461.0
432.0 266.0 422.0 247.0
138.0 215.0 125.0 183.0
191.0 265.0 182.0 242.0
322.0 286.0 311.0 264.0
105.0 386.0 92.0 369.0
323.0 285.0 311.0 264.0
269.0 221.0 260.0 196.0
83.0 285.0 75.0 264.0
219.0 251.0 209.0 229.0
431.0 267.0 422.0 248.0
27.0 166.0 15.0 137.0
322.0 285.0 311.0 264.0
28.0 169.0 15.0 137.0
262.0 138.0 253.0 111.0
27.0 167.0 15.0 137.0
446.0 282.0 434.0 263.0
323.0 286.0 311.0 264.0
432.0 267.0 422.0 248.0
132.0 362.0 121.0 341.0
240.0 201.0 233.0 178.0
434.0 267.0 422.0 249.0
28.0 168.0 15.0 137.0
27.0 169.0 15.0 137.0
162.0 320.0 152.0 294.0
314.0 344.0 300.0 322.0
314.0 345.0 300.0 322.0
315.0 343.0 300.0 322.0
262.0 139.0 253.0 112.0
433.0 266.0 422.0 248.0
220.0 251.0 209.0 229.0
315.0 344.0 300.0 322.0
433.0 267.0 422.0 249.0
27.0 168.0 15.0 137.0
431.0 268.0 422.0 248.0
433.0 269.0 422.0 249.0
63.0 489.0 47.0 461.0
314.0 343.0 300.0 322.0
28.0 167.0 15.0 137.0
313.0 343.0 300.0 322.0
446.0 284.0 434.0 264.0
63.0 490.0 47.0 461.0
26.0 169.0 15.0 137.0
305.0 513.0 293.0 487.0
26.0 168.0 15.0 137.0
26.0 167.0 15.0 137.0
62.0 489.0 47.0 461.0
12.0 40.0 10.0 11.0
153.0 249.0 133.0 223.0
19.0 152.0 8.0 118.0
313.0 345.0 300.0 322.0
263.0 138.0 253.0 111.0
313.0 344.0 300.0 322.0
446.0 283.0 434.0 263.0
314.0 342.0 300.0 322.0
240.0 200.0 233.0 178.0
62.0 490.0 47.0 461.0
154.0 250.0 133.0 223.0
19.0 151.0 8.0 118.0
305.0 512.0 293.0 487.0
20.0 151.0 8.0 118.0
304.0 513.0 293.0 487.0
447.0 282.0 434.0 263.0
20.0 152.0 8.0 118.0
132.0 361.0 121.0 341.0
263.0 137.0 253.0 111.0
240.0 199.0 233.0 178.0
11.0 40.0 10.0 11.0
64.0 489.0 47.0 461.0
154.0 249.0 133.0 223.0
447.0 283.0 434.0 263.0
64.0 490.0 47.0 461.0
161.0 320.0 152.0 294.0
153.0 248.0 133.0 223.0
12.0 41.0 10.0 11.0
313.0 342.0 300.0 322.0
161.0 321.0 152.0 294.0
20.0 150.0 8.0 118.0
21.0 151.0 8.0 118.0
21.0 152.0 8.0 118.0
21.0 45.0 11.0 11.0
154.0 248.0 133.0 223.0
22.0 45.0 11.0 11.0
36.0 230.0 22.0 201.0
36.0 229.0 22.0 201.0
197.0 336.0 188.0 321.0
35.0 231.0 22.0 201.0
164.0 344.0 149.0 310.0
35.0 229.0 22.0 201.0
35.0 230.0 22.0 201.0
34.0 230.0 22.0 201.0
34.0 229.0 22.0 201.0
145.0 34.0 126.0 21.0
145.0 35.0 126.0 21.0
294.0 519.0 269.0 484.0
35.0 228.0 22.0 201.0
2.0 147.0 8.0 118.0
34.0 228.0 22.0 201.0
292.0 29.0 271.0 20.0
292.0 30.0 271.0 20.0
270.0 379.0 267.0 353.0
292.0 31.0 271.0 20.0
338.0 468.0 314.0 446.0
15.0 207.0 14.0 138.0
293.0 31.0 271.0 20.0
293.0 29.0 271.0 20.0
135.0 54.0 127.0 22.0
269.0 379.0 267.0 353.0
293.0 30.0 271.0 20.0
2.0 69.0 2.0 77.0
136.0 54.0 127.0 22.0
