235.0 81.0 229.0 91.0
236.0 80.0 230.0 91.0
236.0 81.0 229.0 91.0
313.0 66.0 309.0 79.0
237.0 81.0 229.0 91.0
235.0 54.0 229.0 65.0
234.0 54.0 229.0 65.0
235.0 82.0 229.0 91.0
234.0 82.0 229.0 91.0
237.0 80.0 230.0 91.0
81.0 161.0 68.0 174.0
149.0 54.0 144.0 63.0
234.0 55.0 229.0 65.0
82.0 160.0 68.0 174.0
312.0 66.0 309.0 79.0
82.0 161.0 68.0 174.0
384.0 105.0 381.0 120.0
312.0 67.0 309.0 79.0
313.0 67.0 309.0 79.0
236.0 83.0 230.0 92.0
267.0 59.0 262.0 68.0
236.0 82.0 230.0 91.0
82.0 159.0 68.0 173.0
237.0 82.0 230.0 92.0
83.0 161.0 68.0 174.0
84.0 161.0 68.0 174.0
233.0 55.0 229.0 65.0
80.0 160.0 68.0 173.0
147.0 22.0 140.0 32.0
83.0 160.0 68.0 174.0
385.0 105.0 380.0 118.0
233.0 56.0 229.0 65.0
101.0 509.0 82.0 528.0
384.0 106.0 381.0 120.0
100.0 509.0 82.0 528.0
234.0 56.0 229.0 65.0
81.0 160.0 68.0 174.0
266.0 59.0 262.0 68.0
238.0 81.0 230.0 91.0
316.0 102.0 309.0 118.0
311.0 67.0 309.0 79.0
313.0 68.0 309.0 79.0
101.0 508.0 82.0 528.0
81.0 159.0 68.0 173.0
235.0 56.0 229.0 65.0
235.0 55.0 229.0 65.0
196.0 142.0 188.0 153.0
384.0 104.0 380.0 118.0
100.0 508.0 82.0 528.0
267.0 58.0 262.0 68.0
265.0 59.0 262.0 68.0
106.0 412.0 88.0 431.0
84.0 160.0 68.0 173.0
150.0 54.0 144.0 63.0
315.0 103.0 309.0 118.0
265.0 58.0 262.0 68.0
311.0 68.0 309.0 79.0
268.0 58.0 262.0 68.0
385.0 104.0 380.0 118.0
315.0 102.0 309.0 117.0
105.0 413.0 88.0 431.0
168.0 506.0 152.0 527.0
147.0 23.0 140.0 32.0
314.0 104.0 309.0 118.0
314.0 102.0 309.0 117.0
149.0 55.0 144.0 63.0
272.0 98.0 268.0 112.0
196.0 143.0 188.0 153.0
168.0 505.0 152.0 527.0
83.0 159.0 69.0 173.0
267.0 57.0 262.0 68.0
197.0 140.0 189.0 152.0
312.0 69.0 309.0 79.0
273.0 96.0 269.0 108.0
315.0 101.0 309.0 117.0
229.0 122.0 224.0 132.0
266.0 58.0 262.0 68.0
148.0 22.0 140.0 32.0
312.0 68.0 309.0 79.0
197.0 141.0 188.0 153.0
314.0 103.0 309.0 117.0
230.0 122.0 224.0 132.0
279.0 75.0 275.0 85.0
151.0 54.0 144.0 63.0
314.0 101.0 309.0 117.0
313.0 103.0 309.0 117.0
150.0 55.0 144.0 63.0
99.0 508.0 82.0 528.0
215.0 76.0 209.0 84.0
266.0 57.0 262.0 68.0
105.0 412.0 88.0 431.0
316.0 101.0 309.0 117.0
280.0 74.0 275.0 85.0
274.0 96.0 269.0 108.0
214.0 78.0 208.0 86.0
311.0 106.0 310.0 116.0
186.0 389.0 168.0 412.0
150.0 56.0 144.0 63.0
311.0 69.0 309.0 79.0
137.0 492.0 122.0 512.0
265.0 57.0 262.0 68.0
313.0 104.0 309.0 117.0
275.0 96.0 269.0 108.0
149.0 56.0 144.0 63.0
158.0 474.0 143.0 495.0
153.0 445.0 139.0 467.0
159.0 474.0 144.0 496.0
213.0 77.0 208.0 84.0
214.0 77.0 209.0 84.0
273.0 98.0 268.0 112.0
311.0 105.0 309.0 117.0
215.0 77.0 209.0 84.0
148.0 23.0 140.0 32.0
313.0 102.0 309.0 117.0
154.0 446.0 139.0 467.0
229.0 121.0 224.0 132.0
280.0 75.0 275.0 85.0
231.0 121.0 224.0 131.0
83.0 462.0 59.0 484.0
279.0 74.0 275.0 85.0
167.0 506.0 152.0 527.0
106.0 411.0 88.0 431.0
154.0 445.0 139.0 467.0
281.0 73.0 275.0 85.0
151.0 55.0 144.0 63.0
230.0 121.0 224.0 131.0
152.0 446.0 139.0 467.0
155.0 445.0 139.0 467.0
281.0 74.0 275.0 85.0
274.0 98.0 269.0 111.0
167.0 505.0 152.0 527.0
153.0 446.0 139.0 467.0
137.0 491.0 122.0 512.0
98.0 126.0 87.0 129.0
214.0 76.0 209.0 84.0
158.0 475.0 144.0 496.0
100.0 458.0 78.0 480.0
77.0 463.0 59.0 484.0
159.0 473.0 143.0 495.0
274.0 97.0 269.0 111.0
280.0 73.0 275.0 85.0
137.0 490.0 122.0 512.0
99.0 126.0 87.0 129.0
152.0 55.0 145.0 63.0
250.0 103.0 247.0 114.0
158.0 473.0 143.0 495.0
231.0 122.0 224.0 132.0
273.0 97.0 269.0 108.0
37.0 463.0 17.0 480.0
105.0 411.0 88.0 431.0
77.0 464.0 59.0 484.0
94.0 576.0 68.0 595.0
155.0 447.0 139.0 467.0
80.0 492.0 59.0 512.0
205.0 156.0 195.0 167.0
456.0 269.0 450.0 294.0
275.0 97.0 269.0 108.0
151.0 56.0 145.0 63.0
214.0 118.0 209.0 129.0
93.0 577.0 68.0 595.0
80.0 491.0 59.0 512.0
154.0 447.0 139.0 467.0
153.0 447.0 139.0 467.0
93.0 576.0 68.0 595.0
214.0 119.0 209.0 129.0
381.0 209.0 375.0 225.0
261.0 127.0 256.0 137.0
281.0 72.0 275.0 85.0
81.0 593.0 63.0 615.0
135.0 490.0 122.0 512.0
35.0 464.0 17.0 480.0
136.0 490.0 122.0 512.0
136.0 491.0 122.0 512.0
456.0 270.0 450.0 294.0
153.0 448.0 139.0 467.0
152.0 448.0 139.0 467.0
36.0 464.0 17.0 480.0
154.0 448.0 139.0 467.0
152.0 447.0 139.0 467.0
155.0 446.0 139.0 467.0
100.0 126.0 87.0 129.0
170.0 75.0 162.0 82.0
36.0 463.0 17.0 480.0
261.0 128.0 256.0 137.0
36.0 465.0 17.0 480.0
260.0 127.0 256.0 137.0
80.0 493.0 60.0 512.0
76.0 464.0 59.0 484.0
100.0 125.0 87.0 129.0
38.0 464.0 17.0 480.0
38.0 463.0 17.0 480.0
259.0 128.0 256.0 137.0
35.0 465.0 17.0 480.0
98.0 127.0 87.0 129.0
99.0 127.0 87.0 129.0
38.0 465.0 17.0 480.0
81.0 492.0 61.0 510.0
100.0 127.0 87.0 129.0
213.0 119.0 209.0 129.0
204.0 157.0 195.0 167.0
456.0 271.0 450.0 294.0
95.0 576.0 68.0 595.0
395.0 52.0 393.0 63.0
37.0 464.0 17.0 480.0
204.0 158.0 195.0 167.0
103.0 479.0 76.0 506.0
455.0 270.0 450.0 294.0
94.0 577.0 68.0 595.0
206.0 156.0 195.0 167.0
204.0 159.0 195.0 167.0
455.0 271.0 450.0 294.0
206.0 157.0 195.0 167.0
205.0 157.0 195.0 167.0
280.0 37.0 278.0 48.0
207.0 157.0 195.0 167.0
299.0 190.0 292.0 205.0
396.0 51.0 393.0 63.0
37.0 465.0 17.0 480.0
262.0 128.0 256.0 137.0
281.0 37.0 278.0 48.0
260.0 128.0 256.0 137.0
93.0 578.0 68.0 595.0
205.0 158.0 195.0 167.0
101.0 127.0 87.0 129.0
207.0 156.0 195.0 167.0
36.0 466.0 17.0 480.0
395.0 51.0 393.0 63.0
37.0 466.0 17.0 480.0
169.0 74.0 162.0 82.0
168.0 74.0 162.0 82.0
321.0 217.0 317.0 227.0
206.0 158.0 195.0 167.0
262.0 127.0 256.0 137.0
169.0 75.0 162.0 82.0
281.0 36.0 278.0 48.0
394.0 51.0 393.0 63.0
170.0 74.0 162.0 82.0
300.0 190.0 292.0 205.0
168.0 75.0 162.0 82.0
394.0 53.0 393.0 63.0
302.0 37.0 299.0 49.0
300.0 191.0 292.0 205.0
280.0 36.0 278.0 48.0
396.0 50.0 393.0 63.0
279.0 37.0 278.0 48.0
302.0 38.0 299.0 49.0
299.0 191.0 292.0 206.0
394.0 52.0 393.0 63.0
302.0 39.0 299.0 49.0
281.0 35.0 278.0 48.0
94.0 578.0 68.0 595.0
303.0 38.0 299.0 49.0
395.0 50.0 393.0 63.0
321.0 218.0 317.0 227.0
301.0 190.0 292.0 205.0
280.0 35.0 278.0 48.0
305.0 208.0 299.0 225.0
85.0 488.0 61.0 510.0
130.0 471.0 110.0 494.0
279.0 36.0 278.0 48.0
321.0 219.0 317.0 227.0
394.0 50.0 393.0 63.0
320.0 217.0 317.0 227.0
393.0 52.0 393.0 63.0
261.0 129.0 256.0 137.0
84.0 468.0 59.0 484.0
87.0 487.0 61.0 510.0
44.0 601.0 20.0 615.0
86.0 488.0 61.0 510.0
86.0 487.0 61.0 510.0
320.0 218.0 317.0 227.0
88.0 415.0 88.0 431.0
86.0 415.0 88.0 431.0
270.0 158.0 265.0 171.0
215.0 197.0 209.0 214.0
44.0 600.0 20.0 615.0
69.0 101.0 68.0 104.0
218.0 196.0 209.0 214.0
216.0 197.0 209.0 214.0
336.0 44.0 333.0 55.0
336.0 43.0 333.0 55.0
87.0 488.0 62.0 510.0
217.0 196.0 209.0 214.0
87.0 415.0 88.0 431.0
45.0 601.0 20.0 615.0
306.0 208.0 299.0 225.0
45.0 599.0 20.0 615.0
335.0 43.0 333.0 55.0
217.0 197.0 209.0 214.0
44.0 599.0 20.0 615.0
89.0 414.0 88.0 431.0
335.0 44.0 333.0 55.0
250.0 172.0 242.0 185.0
45.0 600.0 20.0 615.0
270.0 159.0 265.0 171.0
271.0 158.0 265.0 171.0
70.0 102.0 68.0 104.0
334.0 43.0 333.0 55.0
88.0 414.0 88.0 431.0
306.0 207.0 298.0 222.0
85.0 468.0 59.0 484.0
243.0 150.0 236.0 163.0
84.0 469.0 59.0 484.0
216.0 196.0 209.0 214.0
216.0 195.0 209.0 214.0
218.0 195.0 209.0 214.0
269.0 159.0 264.0 170.0
249.0 172.0 242.0 185.0
215.0 196.0 209.0 214.0
215.0 195.0 209.0 214.0
86.0 414.0 88.0 431.0
335.0 42.0 333.0 55.0
70.0 103.0 68.0 104.0
214.0 196.0 209.0 214.0
307.0 208.0 300.0 224.0
320.0 219.0 317.0 227.0
249.0 173.0 242.0 185.0
217.0 195.0 209.0 214.0
235.0 136.0 218.0 148.0
87.0 414.0 88.0 431.0
267.0 38.0 260.0 50.0
243.0 151.0 236.0 163.0
46.0 601.0 20.0 615.0
305.0 207.0 298.0 222.0
259.0 65.0 262.0 68.0
306.0 206.0 298.0 222.0
69.0 102.0 68.0 104.0
46.0 599.0 20.0 615.0
336.0 42.0 333.0 55.0
84.0 470.0 59.0 484.0
243.0 152.0 236.0 163.0
335.0 41.0 333.0 55.0
68.0 101.0 68.0 104.0
268.0 37.0 260.0 50.0
307.0 206.0 298.0 222.0
46.0 600.0 20.0 615.0
88.0 413.0 88.0 431.0
267.0 37.0 260.0 50.0
269.0 160.0 264.0 170.0
307.0 207.0 298.0 222.0
69.0 103.0 68.0 104.0
174.0 587.0 159.0 610.0
271.0 159.0 265.0 171.0
334.0 42.0 333.0 55.0
84.0 471.0 59.0 484.0
236.0 136.0 218.0 148.0
173.0 587.0 159.0 610.0
241.0 153.0 236.0 161.0
268.0 38.0 260.0 50.0
68.0 102.0 68.0 104.0
242.0 151.0 236.0 163.0
172.0 586.0 159.0 610.0
173.0 586.0 159.0 610.0
69.0 104.0 68.0 104.0
85.0 469.0 59.0 484.0
242.0 150.0 236.0 161.0
320.0 220.0 317.0 227.0
87.0 413.0 88.0 431.0
85.0 470.0 59.0 484.0
242.0 153.0 236.0 163.0
67.0 101.0 68.0 104.0
242.0 152.0 236.0 163.0
174.0 586.0 159.0 610.0
270.0 160.0 265.0 171.0
47.0 599.0 20.0 615.0
241.0 151.0 236.0 161.0
47.0 600.0 20.0 615.0
241.0 152.0 236.0 161.0
172.0 585.0 159.0 610.0
268.0 36.0 260.0 50.0
68.0 103.0 68.0 104.0
67.0 102.0 68.0 104.0
66.0 102.0 68.0 104.0
174.0 585.0 159.0 610.0
173.0 585.0 159.0 610.0
174.0 584.0 159.0 610.0
58.0 156.0 41.0 164.0
58.0 155.0 41.0 164.0
68.0 104.0 68.0 104.0
320.0 221.0 317.0 227.0
40.0 618.0 20.0 615.0
57.0 155.0 41.0 164.0
40.0 617.0 20.0 615.0
67.0 103.0 68.0 104.0
173.0 584.0 159.0 610.0
66.0 103.0 68.0 104.0
67.0 104.0 68.0 104.0
319.0 222.0 315.0 226.0
41.0 618.0 20.0 615.0
210.0 144.0 189.0 152.0
342.0 94.0 308.0 116.0
41.0 617.0 20.0 615.0
