128.0 134.0 145.0 128.0
129.0 134.0 145.0 129.0
103.0 460.0 119.0 450.0
127.0 134.0 145.0 128.0
129.0 135.0 145.0 129.0
235.0 119.0 249.0 114.0
238.0 121.0 251.0 115.0
127.0 135.0 145.0 128.0
162.0 515.0 176.0 510.0
104.0 459.0 119.0 450.0
128.0 135.0 145.0 129.0
237.0 121.0 251.0 115.0
237.0 120.0 251.0 115.0
103.0 459.0 119.0 450.0
238.0 120.0 251.0 115.0
238.0 119.0 251.0 114.0
236.0 121.0 249.0 114.0
361.0 262.0 370.0 259.0
362.0 261.0 371.0 258.0
236.0 120.0 249.0 114.0
360.0 262.0 369.0 259.0
236.0 119.0 249.0 114.0
105.0 459.0 119.0 450.0
237.0 118.0 251.0 114.0
398.0 284.0 408.0 282.0
239.0 120.0 251.0 115.0
237.0 119.0 251.0 114.0
235.0 120.0 249.0 115.0
48.0 202.0 65.0 196.0
49.0 203.0 66.0 196.0
165.0 517.0 177.0 510.0
361.0 261.0 369.0 259.0
397.0 284.0 408.0 282.0
397.0 283.0 408.0 282.0
362.0 260.0 371.0 257.0
50.0 202.0 67.0 196.0
360.0 261.0 369.0 259.0
142.0 501.0 156.0 494.0
161.0 514.0 175.0 509.0
142.0 502.0 155.0 494.0
166.0 517.0 177.0 510.0
398.0 283.0 408.0 282.0
49.0 202.0 66.0 196.0
106.0 458.0 119.0 450.0
360.0 259.0 369.0 256.0
161.0 515.0 176.0 510.0
48.0 201.0 66.0 196.0
397.0 285.0 408.0 282.0
49.0 201.0 66.0 196.0
359.0 261.0 369.0 259.0
103.0 333.0 118.0 327.0
102.0 333.0 118.0 327.0
141.0 501.0 155.0 494.0
141.0 502.0 155.0 494.0
143.0 501.0 156.0 494.0
104.0 458.0 119.0 450.0
360.0 260.0 369.0 256.0
105.0 458.0 119.0 450.0
110.0 115.0 126.0 109.0
165.0 518.0 176.0 510.0
160.0 514.0 174.0 509.0
63.0 274.0 82.0 266.0
102.0 334.0 117.0 328.0
103.0 458.0 119.0 450.0
48.0 200.0 66.0 196.0
143.0 502.0 156.0 494.0
214.0 612.0 224.0 605.0
149.0 534.0 162.0 528.0
111.0 115.0 126.0 108.0
213.0 613.0 224.0 605.0
359.0 260.0 369.0 259.0
214.0 613.0 224.0 605.0
213.0 612.0 224.0 605.0
105.0 457.0 119.0 450.0
166.0 518.0 177.0 510.0
150.0 535.0 162.0 528.0
213.0 614.0 224.0 605.0
104.0 457.0 119.0 450.0
215.0 612.0 225.0 605.0
101.0 333.0 117.0 328.0
101.0 335.0 117.0 328.0
101.0 334.0 117.0 328.0
100.0 334.0 117.0 328.0
100.0 335.0 117.0 328.0
26.0 165.0 43.0 159.0
150.0 534.0 162.0 528.0
49.0 200.0 66.0 196.0
63.0 275.0 82.0 266.0
143.0 503.0 156.0 494.0
361.0 260.0 370.0 257.0
51.0 15.0 64.0 12.0
99.0 129.0 117.0 123.0
112.0 116.0 127.0 109.0
142.0 503.0 155.0 494.0
111.0 114.0 126.0 108.0
148.0 535.0 160.0 529.0
396.0 284.0 408.0 282.0
98.0 130.0 117.0 123.0
31.0 189.0 49.0 182.0
214.0 95.0 227.0 89.0
112.0 114.0 126.0 108.0
47.0 200.0 66.0 196.0
34.0 189.0 50.0 182.0
47.0 199.0 65.0 196.0
112.0 113.0 126.0 108.0
99.0 130.0 117.0 123.0
216.0 586.0 227.0 580.0
215.0 95.0 227.0 89.0
215.0 586.0 227.0 580.0
31.0 190.0 49.0 182.0
149.0 536.0 162.0 528.0
76.0 139.0 90.0 135.0
46.0 199.0 65.0 196.0
98.0 129.0 117.0 123.0
50.0 16.0 64.0 12.0
215.0 613.0 224.0 605.0
149.0 535.0 162.0 528.0
19.0 475.0 34.0 465.0
51.0 16.0 64.0 12.0
437.0 257.0 447.0 253.0
133.0 530.0 146.0 524.0
141.0 503.0 154.0 495.0
214.0 584.0 227.0 580.0
72.0 638.0 78.0 637.0
72.0 637.0 78.0 637.0
214.0 94.0 227.0 89.0
33.0 190.0 49.0 182.0
112.0 115.0 126.0 108.0
32.0 188.0 49.0 182.0
99.0 128.0 117.0 123.0
34.0 188.0 50.0 182.0
32.0 190.0 49.0 182.0
76.0 138.0 90.0 135.0
211.0 556.0 222.0 550.0
33.0 189.0 49.0 182.0
48.0 199.0 66.0 196.0
50.0 15.0 64.0 12.0
214.0 614.0 224.0 605.0
438.0 257.0 447.0 253.0
71.0 638.0 78.0 637.0
396.0 285.0 408.0 282.0
71.0 636.0 78.0 637.0
214.0 585.0 227.0 580.0
100.0 129.0 117.0 123.0
71.0 637.0 78.0 637.0
26.0 164.0 43.0 159.0
100.0 130.0 117.0 123.0
98.0 131.0 117.0 123.0
134.0 529.0 146.0 524.0
77.0 139.0 90.0 135.0
35.0 407.0 50.0 398.0
133.0 529.0 145.0 524.0
77.0 138.0 90.0 135.0
70.0 637.0 78.0 637.0
216.0 584.0 227.0 580.0
76.0 140.0 91.0 135.0
27.0 164.0 43.0 159.0
217.0 585.0 227.0 580.0
213.0 95.0 227.0 89.0
134.0 530.0 146.0 524.0
211.0 557.0 222.0 550.0
43.0 371.0 58.0 365.0
36.0 407.0 51.0 398.0
44.0 371.0 58.0 365.0
215.0 584.0 227.0 580.0
213.0 94.0 227.0 89.0
438.0 258.0 447.0 253.0
33.0 188.0 49.0 182.0
256.0 499.0 265.0 495.0
32.0 189.0 49.0 182.0
99.0 131.0 117.0 123.0
216.0 585.0 227.0 580.0
214.0 93.0 227.0 88.0
217.0 584.0 227.0 580.0
36.0 408.0 51.0 398.0
19.0 474.0 33.0 465.0
212.0 93.0 227.0 89.0
35.0 189.0 50.0 182.0
35.0 408.0 50.0 398.0
215.0 585.0 227.0 580.0
49.0 16.0 64.0 12.0
215.0 94.0 227.0 88.0
437.0 258.0 447.0 253.0
42.0 371.0 58.0 365.0
395.0 285.0 407.0 282.0
439.0 258.0 447.0 253.0
49.0 15.0 63.0 12.0
43.0 372.0 58.0 365.0
382.0 202.0 394.0 199.0
388.0 200.0 398.0 194.0
214.0 92.0 227.0 88.0
381.0 202.0 394.0 199.0
113.0 115.0 127.0 109.0
42.0 372.0 58.0 365.0
106.0 575.0 115.0 568.0
212.0 557.0 222.0 549.0
439.0 259.0 447.0 255.0
212.0 556.0 222.0 550.0
49.0 17.0 64.0 12.0
50.0 17.0 64.0 12.0
147.0 586.0 161.0 577.0
18.0 474.0 32.0 465.0
148.0 585.0 161.0 577.0
44.0 372.0 58.0 365.0
113.0 116.0 127.0 109.0
129.0 578.0 138.0 574.0
213.0 93.0 227.0 89.0
213.0 92.0 227.0 88.0
382.0 201.0 394.0 199.0
113.0 114.0 126.0 108.0
389.0 199.0 398.0 194.0
18.0 473.0 32.0 465.0
389.0 200.0 398.0 195.0
107.0 574.0 115.0 568.0
213.0 91.0 227.0 88.0
107.0 575.0 115.0 568.0
129.0 579.0 138.0 574.0
42.0 373.0 58.0 365.0
215.0 93.0 227.0 88.0
32.0 107.0 50.0 100.0
437.0 259.0 447.0 255.0
44.0 490.0 64.0 477.0
148.0 586.0 161.0 577.0
212.0 92.0 227.0 89.0
408.0 229.0 419.0 226.0
438.0 259.0 447.0 255.0
212.0 91.0 227.0 88.0
162.0 601.0 178.0 594.0
407.0 229.0 419.0 226.0
162.0 602.0 178.0 594.0
43.0 373.0 58.0 365.0
147.0 585.0 161.0 577.0
43.0 491.0 64.0 477.0
43.0 489.0 64.0 477.0
161.0 602.0 171.0 594.0
407.0 230.0 419.0 226.0
381.0 201.0 394.0 199.0
16.0 472.0 32.0 465.0
35.0 140.0 51.0 134.0
147.0 587.0 161.0 577.0
130.0 578.0 138.0 574.0
160.0 601.0 171.0 593.0
160.0 602.0 171.0 594.0
161.0 601.0 171.0 594.0
406.0 229.0 419.0 226.0
34.0 140.0 51.0 134.0
64.0 372.0 81.0 365.0
17.0 473.0 32.0 465.0
17.0 457.0 31.0 448.0
389.0 201.0 398.0 195.0
390.0 200.0 399.0 195.0
405.0 230.0 419.0 226.0
390.0 199.0 399.0 195.0
16.0 457.0 31.0 448.0
34.0 139.0 51.0 134.0
19.0 438.0 33.0 429.0
17.0 456.0 32.0 447.0
35.0 139.0 51.0 134.0
43.0 490.0 64.0 477.0
108.0 575.0 115.0 568.0
434.0 212.0 447.0 206.0
406.0 230.0 419.0 226.0
68.0 104.0 91.0 97.0
146.0 586.0 161.0 577.0
434.0 211.0 447.0 206.0
406.0 231.0 419.0 226.0
16.0 471.0 32.0 465.0
68.0 103.0 91.0 97.0
31.0 107.0 50.0 100.0
18.0 437.0 33.0 429.0
14.0 528.0 28.0 516.0
63.0 371.0 81.0 364.0
36.0 139.0 51.0 134.0
16.0 456.0 31.0 447.0
18.0 438.0 33.0 429.0
161.0 600.0 171.0 594.0
33.0 139.0 51.0 134.0
225.0 553.0 235.0 548.0
15.0 528.0 29.0 517.0
14.0 530.0 29.0 517.0
67.0 103.0 91.0 97.0
42.0 490.0 64.0 477.0
32.0 357.0 49.0 351.0
63.0 372.0 81.0 364.0
249.0 18.0 263.0 8.0
17.0 437.0 33.0 429.0
187.0 478.0 201.0 472.0
33.0 358.0 49.0 351.0
18.0 439.0 33.0 429.0
390.0 201.0 399.0 195.0
108.0 574.0 115.0 568.0
64.0 373.0 81.0 365.0
16.0 470.0 32.0 465.0
34.0 138.0 51.0 134.0
63.0 373.0 81.0 364.0
83.0 336.0 107.0 327.0
14.0 529.0 28.0 516.0
15.0 470.0 32.0 465.0
84.0 335.0 107.0 327.0
250.0 18.0 263.0 8.0
83.0 335.0 107.0 327.0
15.0 529.0 29.0 517.0
131.0 578.0 138.0 574.0
250.0 17.0 263.0 8.0
28.0 382.0 43.0 374.0
28.0 383.0 43.0 374.0
35.0 138.0 51.0 134.0
62.0 371.0 81.0 364.0
42.0 491.0 64.0 477.0
32.0 358.0 49.0 351.0
17.0 438.0 33.0 429.0
27.0 383.0 43.0 374.0
27.0 382.0 43.0 374.0
36.0 138.0 51.0 134.0
251.0 18.0 263.0 8.0
11.0 388.0 27.0 381.0
11.0 389.0 27.0 381.0
31.0 357.0 48.0 350.0
230.0 20.0 253.0 18.0
227.0 553.0 235.0 548.0
251.0 17.0 264.0 7.0
226.0 553.0 235.0 548.0
29.0 531.0 47.0 519.0
68.0 2.0 64.0 12.0
460.0 126.0 471.0 119.0
458.0 126.0 470.0 119.0
83.0 334.0 107.0 327.0
174.0 531.0 205.0 540.0
10.0 389.0 27.0 381.0
62.0 372.0 81.0 364.0
44.0 462.0 64.0 454.0
43.0 463.0 64.0 454.0
69.0 2.0 64.0 12.0
10.0 388.0 27.0 381.0
27.0 295.0 43.0 288.0
459.0 126.0 471.0 119.0
62.0 373.0 81.0 364.0
70.0 2.0 64.0 12.0
69.0 1.0 64.0 12.0
175.0 531.0 205.0 540.0
459.0 127.0 471.0 119.0
82.0 336.0 107.0 327.0
226.0 552.0 235.0 548.0
32.0 359.0 49.0 351.0
11.0 390.0 27.0 381.0
15.0 469.0 32.0 465.0
176.0 530.0 205.0 540.0
43.0 462.0 64.0 454.0
460.0 127.0 471.0 119.0
458.0 127.0 470.0 119.0
174.0 530.0 205.0 540.0
31.0 358.0 49.0 351.0
10.0 390.0 27.0 381.0
27.0 294.0 43.0 288.0
453.0 91.0 466.0 83.0
27.0 341.0 41.0 336.0
61.0 459.0 65.0 455.0
461.0 126.0 471.0 119.0
32.0 360.0 49.0 351.0
420.0 161.0 435.0 157.0
28.0 532.0 47.0 519.0
174.0 529.0 205.0 540.0
175.0 529.0 205.0 540.0
26.0 341.0 41.0 336.0
175.0 530.0 205.0 540.0
66.0 341.0 88.0 333.0
419.0 161.0 435.0 157.0
63.0 38.0 86.0 27.0
27.0 342.0 41.0 336.0
20.0 175.0 41.0 159.0
165.0 463.0 167.0 451.0
453.0 90.0 466.0 83.0
421.0 161.0 435.0 157.0
456.0 91.0 466.0 83.0
227.0 552.0 235.0 548.0
26.0 343.0 41.0 336.0
422.0 161.0 435.0 157.0
61.0 372.0 81.0 364.0
19.0 175.0 41.0 159.0
43.0 461.0 64.0 454.0
454.0 91.0 466.0 83.0
28.0 531.0 47.0 519.0
25.0 342.0 41.0 336.0
42.0 462.0 64.0 454.0
420.0 160.0 435.0 157.0
420.0 162.0 435.0 157.0
455.0 91.0 466.0 83.0
43.0 346.0 49.0 350.0
15.0 56.0 33.0 49.0
30.0 359.0 48.0 350.0
20.0 176.0 41.0 159.0
66.0 342.0 88.0 333.0
31.0 359.0 49.0 351.0
61.0 371.0 81.0 364.0
42.0 461.0 64.0 454.0
454.0 90.0 466.0 83.0
25.0 343.0 41.0 336.0
30.0 358.0 48.0 350.0
63.0 39.0 86.0 27.0
25.0 344.0 41.0 336.0
31.0 360.0 49.0 351.0
165.0 462.0 167.0 451.0
421.0 160.0 435.0 157.0
26.0 342.0 41.0 336.0
26.0 344.0 41.0 336.0
15.0 57.0 33.0 49.0
24.0 344.0 41.0 336.0
42.0 346.0 49.0 350.0
454.0 89.0 466.0 83.0
24.0 390.0 43.0 375.0
43.0 345.0 49.0 350.0
422.0 160.0 435.0 157.0
27.0 531.0 46.0 520.0
27.0 532.0 46.0 520.0
19.0 176.0 41.0 159.0
13.0 366.0 30.0 357.0
14.0 56.0 33.0 49.0
150.0 612.0 171.0 594.0
456.0 90.0 466.0 83.0
66.0 343.0 88.0 333.0
65.0 341.0 88.0 333.0
24.0 343.0 41.0 336.0
419.0 77.0 429.0 70.0
455.0 89.0 466.0 83.0
65.0 342.0 88.0 333.0
419.0 76.0 429.0 70.0
419.0 78.0 429.0 70.0
13.0 365.0 30.0 357.0
418.0 78.0 429.0 70.0
426.0 99.0 436.0 90.0
14.0 57.0 33.0 49.0
65.0 343.0 88.0 333.0
421.0 159.0 435.0 157.0
197.0 612.0 224.0 605.0
418.0 77.0 429.0 70.0
455.0 90.0 466.0 83.0
62.0 39.0 86.0 27.0
418.0 76.0 429.0 70.0
150.0 613.0 171.0 594.0
12.0 366.0 30.0 357.0
425.0 99.0 436.0 90.0
13.0 364.0 30.0 357.0
199.0 594.0 224.0 605.0
197.0 613.0 224.0 605.0
12.0 365.0 30.0 357.0
64.0 342.0 88.0 333.0
420.0 77.0 429.0 70.0
149.0 560.0 170.0 559.0
198.0 613.0 224.0 605.0
425.0 100.0 436.0 90.0
149.0 613.0 171.0 594.0
197.0 614.0 224.0 605.0
196.0 613.0 224.0 605.0
64.0 343.0 88.0 333.0
200.0 593.0 224.0 605.0
11.0 366.0 30.0 357.0
152.0 445.0 167.0 451.0
44.0 323.0 63.0 301.0
153.0 445.0 167.0 451.0
456.0 59.0 473.0 50.0
455.0 59.0 473.0 50.0
69.0 127.0 91.0 134.0
456.0 58.0 473.0 50.0
454.0 59.0 473.0 50.0
