269.0 63.0 271.0 72.0
63.0 539.0 65.0 545.0
361.0 228.0 363.0 238.0
442.0 194.0 445.0 203.0
248.0 390.0 250.0 400.0
360.0 229.0 363.0 237.0
348.0 266.0 351.0 273.0
289.0 288.0 291.0 296.0
64.0 539.0 65.0 545.0
320.0 450.0 323.0 461.0
360.0 228.0 363.0 237.0
125.0 490.0 124.0 498.0
320.0 449.0 323.0 461.0
124.0 491.0 124.0 498.0
248.0 392.0 250.0 400.0
248.0 391.0 250.0 400.0
361.0 229.0 363.0 238.0
442.0 195.0 445.0 203.0
359.0 228.0 363.0 237.0
65.0 539.0 65.0 545.0
348.0 267.0 351.0 273.0
348.0 265.0 351.0 273.0
441.0 194.0 445.0 203.0
124.0 490.0 124.0 498.0
123.0 490.0 124.0 498.0
48.0 515.0 48.0 523.0
124.0 489.0 124.0 498.0
440.0 194.0 445.0 203.0
321.0 450.0 323.0 461.0
247.0 391.0 250.0 400.0
360.0 227.0 364.0 236.0
129.0 248.0 128.0 262.0
269.0 64.0 271.0 72.0
49.0 515.0 49.0 523.0
10.0 552.0 10.0 558.0
10.0 553.0 10.0 558.0
247.0 390.0 250.0 400.0
11.0 552.0 10.0 558.0
410.0 522.0 414.0 534.0
47.0 515.0 48.0 523.0
11.0 553.0 10.0 558.0
441.0 195.0 445.0 203.0
321.0 449.0 323.0 461.0
268.0 63.0 271.0 72.0
361.0 227.0 364.0 236.0
369.0 330.0 372.0 337.0
32.0 492.0 31.0 498.0
409.0 522.0 414.0 534.0
49.0 516.0 49.0 523.0
63.0 538.0 65.0 545.0
185.0 89.0 187.0 94.0
223.0 342.0 225.0 349.0
368.0 330.0 371.0 337.0
268.0 62.0 271.0 72.0
186.0 89.0 187.0 94.0
80.0 369.0 80.0 374.0
444.0 499.0 449.0 511.0
185.0 88.0 187.0 94.0
186.0 88.0 187.0 94.0
31.0 491.0 30.0 498.0
29.0 555.0 28.0 563.0
31.0 492.0 31.0 500.0
48.0 516.0 48.0 523.0
431.0 515.0 440.0 528.0
80.0 370.0 80.0 374.0
32.0 491.0 31.0 498.0
81.0 369.0 80.0 374.0
335.0 280.0 336.0 289.0
87.0 347.0 87.0 352.0
411.0 523.0 414.0 534.0
55.0 578.0 54.0 586.0
409.0 523.0 414.0 534.0
159.0 531.0 159.0 541.0
191.0 169.0 193.0 175.0
268.0 364.0 271.0 371.0
65.0 538.0 65.0 545.0
145.0 490.0 146.0 498.0
184.0 88.0 187.0 94.0
185.0 87.0 187.0 94.0
222.0 341.0 223.0 350.0
440.0 195.0 445.0 203.0
187.0 523.0 189.0 533.0
432.0 516.0 440.0 528.0
64.0 538.0 65.0 545.0
111.0 97.0 110.0 100.0
75.0 332.0 75.0 338.0
87.0 346.0 87.0 352.0
86.0 347.0 88.0 353.0
432.0 515.0 440.0 528.0
191.0 168.0 193.0 175.0
268.0 64.0 271.0 72.0
223.0 341.0 224.0 350.0
334.0 280.0 336.0 289.0
444.0 500.0 448.0 512.0
305.0 239.0 307.0 248.0
334.0 279.0 336.0 289.0
191.0 170.0 192.0 175.0
187.0 522.0 189.0 532.0
267.0 64.0 271.0 72.0
144.0 491.0 146.0 499.0
186.0 475.0 188.0 482.0
102.0 308.0 103.0 315.0
74.0 332.0 75.0 338.0
47.0 516.0 48.0 523.0
355.0 371.0 358.0 380.0
306.0 239.0 307.0 248.0
358.0 533.0 363.0 543.0
190.0 168.0 193.0 175.0
410.0 523.0 414.0 534.0
102.0 309.0 103.0 315.0
103.0 309.0 103.0 315.0
222.0 342.0 223.0 350.0
56.0 578.0 54.0 586.0
191.0 167.0 193.0 175.0
145.0 491.0 146.0 499.0
269.0 364.0 271.0 371.0
358.0 532.0 363.0 543.0
392.0 214.0 396.0 223.0
119.0 336.0 119.0 344.0
289.0 289.0 291.0 296.0
57.0 578.0 55.0 586.0
213.0 378.0 214.0 384.0
226.0 76.0 227.0 84.0
190.0 169.0 192.0 175.0
188.0 521.0 189.0 532.0
166.0 147.0 169.0 158.0
55.0 579.0 54.0 586.0
166.0 414.0 168.0 421.0
410.0 524.0 414.0 534.0
192.0 169.0 193.0 175.0
86.0 346.0 87.0 352.0
56.0 579.0 54.0 586.0
88.0 564.0 87.0 571.0
359.0 533.0 363.0 543.0
188.0 522.0 189.0 532.0
81.0 370.0 81.0 374.0
188.0 523.0 189.0 533.0
307.0 315.0 309.0 321.0
296.0 420.0 298.0 429.0
188.0 459.0 190.0 468.0
343.0 304.0 346.0 314.0
58.0 578.0 55.0 586.0
286.0 406.0 288.0 415.0
267.0 63.0 271.0 72.0
121.0 267.0 128.0 262.0
166.0 415.0 168.0 422.0
286.0 407.0 288.0 415.0
285.0 406.0 288.0 415.0
129.0 511.0 129.0 519.0
165.0 415.0 168.0 422.0
129.0 509.0 130.0 518.0
327.0 383.0 329.0 391.0
192.0 168.0 193.0 175.0
102.0 310.0 103.0 315.0
72.0 342.0 72.0 349.0
225.0 76.0 227.0 84.0
187.0 521.0 189.0 532.0
117.0 477.0 116.0 483.0
226.0 77.0 228.0 84.0
268.0 365.0 271.0 371.0
285.0 407.0 288.0 415.0
337.0 171.0 340.0 179.0
262.0 418.0 264.0 427.0
338.0 369.0 340.0 378.0
355.0 372.0 358.0 380.0
269.0 365.0 271.0 371.0
356.0 372.0 358.0 380.0
344.0 303.0 346.0 314.0
187.0 475.0 188.0 482.0
188.0 460.0 189.0 468.0
286.0 408.0 288.0 415.0
326.0 383.0 329.0 391.0
117.0 476.0 116.0 483.0
167.0 415.0 168.0 422.0
337.0 370.0 340.0 378.0
343.0 305.0 346.0 314.0
413.0 19.0 420.0 30.0
295.0 420.0 298.0 429.0
344.0 304.0 346.0 314.0
72.0 343.0 72.0 349.0
413.0 18.0 420.0 30.0
62.0 560.0 62.0 569.0
130.0 510.0 130.0 518.0
82.0 487.0 82.0 494.0
307.0 313.0 309.0 321.0
414.0 18.0 420.0 30.0
166.0 416.0 168.0 422.0
307.0 314.0 309.0 321.0
344.0 305.0 346.0 314.0
187.0 474.0 188.0 482.0
412.0 18.0 420.0 30.0
87.0 564.0 87.0 571.0
63.0 560.0 62.0 569.0
464.0 53.0 468.0 63.0
338.0 370.0 340.0 378.0
120.0 541.0 120.0 549.0
326.0 384.0 329.0 392.0
304.0 239.0 307.0 248.0
303.0 239.0 307.0 248.0
243.0 36.0 245.0 44.0
212.0 378.0 214.0 386.0
385.0 512.0 390.0 524.0
357.0 198.0 361.0 206.0
289.0 308.0 292.0 317.0
129.0 510.0 130.0 518.0
192.0 167.0 193.0 175.0
211.0 378.0 213.0 386.0
343.0 303.0 346.0 314.0
118.0 477.0 116.0 483.0
154.0 511.0 151.0 521.0
243.0 37.0 245.0 44.0
57.0 361.0 58.0 367.0
327.0 384.0 329.0 392.0
384.0 512.0 390.0 524.0
402.0 155.0 406.0 164.0
88.0 565.0 87.0 571.0
464.0 52.0 468.0 63.0
102.0 311.0 103.0 315.0
396.0 558.0 399.0 569.0
287.0 407.0 288.0 415.0
464.0 54.0 469.0 64.0
71.0 342.0 72.0 349.0
81.0 487.0 82.0 494.0
64.0 560.0 63.0 569.0
379.0 417.0 383.0 427.0
82.0 486.0 82.0 494.0
251.0 361.0 252.0 369.0
212.0 377.0 214.0 386.0
306.0 314.0 309.0 321.0
303.0 238.0 307.0 248.0
308.0 314.0 309.0 321.0
250.0 362.0 252.0 369.0
357.0 159.0 359.0 167.0
306.0 313.0 309.0 321.0
159.0 532.0 159.0 541.0
97.0 587.0 96.0 595.0
345.0 134.0 348.0 143.0
344.0 133.0 348.0 143.0
62.0 561.0 62.0 569.0
385.0 511.0 391.0 523.0
135.0 443.0 135.0 450.0
357.0 197.0 361.0 206.0
71.0 343.0 72.0 349.0
118.0 476.0 116.0 483.0
404.0 83.0 409.0 93.0
384.0 511.0 390.0 524.0
308.0 315.0 309.0 321.0
167.0 416.0 168.0 422.0
235.0 375.0 237.0 382.0
236.0 374.0 237.0 382.0
262.0 419.0 264.0 427.0
345.0 133.0 348.0 143.0
357.0 158.0 359.0 167.0
371.0 203.0 373.0 212.0
401.0 155.0 405.0 163.0
249.0 362.0 252.0 369.0
378.0 417.0 383.0 427.0
238.0 47.0 239.0 56.0
250.0 361.0 252.0 369.0
236.0 375.0 237.0 382.0
119.0 540.0 120.0 549.0
276.0 315.0 278.0 322.0
371.0 204.0 373.0 212.0
402.0 156.0 405.0 165.0
239.0 47.0 239.0 56.0
384.0 117.0 389.0 128.0
236.0 376.0 237.0 382.0
204.0 395.0 204.0 402.0
465.0 53.0 469.0 64.0
136.0 443.0 135.0 450.0
237.0 375.0 237.0 382.0
276.0 316.0 278.0 322.0
103.0 440.0 102.0 447.0
275.0 315.0 278.0 322.0
64.0 561.0 63.0 569.0
97.0 586.0 96.0 595.0
87.0 565.0 87.0 571.0
356.0 158.0 359.0 167.0
288.0 307.0 291.0 315.0
249.0 361.0 252.0 369.0
405.0 83.0 409.0 93.0
396.0 559.0 399.0 569.0
356.0 197.0 361.0 206.0
356.0 159.0 359.0 167.0
73.0 520.0 74.0 528.0
295.0 421.0 298.0 429.0
465.0 54.0 469.0 64.0
74.0 520.0 74.0 528.0
235.0 376.0 237.0 382.0
344.0 134.0 348.0 143.0
237.0 374.0 237.0 382.0
323.0 97.0 325.0 106.0
275.0 316.0 278.0 322.0
295.0 422.0 298.0 429.0
324.0 98.0 325.0 106.0
63.0 561.0 62.0 569.0
379.0 418.0 383.0 427.0
262.0 305.0 264.0 311.0
135.0 442.0 135.0 450.0
102.0 440.0 102.0 447.0
384.0 116.0 389.0 128.0
239.0 46.0 239.0 56.0
396.0 560.0 399.0 569.0
136.0 442.0 135.0 450.0
425.0 445.0 431.0 456.0
155.0 177.0 167.0 158.0
397.0 559.0 399.0 569.0
433.0 109.0 437.0 116.0
296.0 421.0 298.0 429.0
277.0 315.0 278.0 322.0
424.0 444.0 431.0 456.0
425.0 443.0 431.0 456.0
378.0 418.0 382.0 427.0
296.0 422.0 298.0 429.0
433.0 108.0 437.0 115.0
432.0 109.0 437.0 115.0
288.0 309.0 291.0 317.0
436.0 392.0 443.0 402.0
262.0 304.0 264.0 311.0
88.0 566.0 87.0 571.0
424.0 445.0 431.0 456.0
288.0 308.0 291.0 317.0
287.0 307.0 291.0 315.0
263.0 304.0 264.0 311.0
74.0 519.0 74.0 528.0
87.0 566.0 87.0 571.0
262.0 303.0 264.0 311.0
425.0 444.0 431.0 456.0
100.0 83.0 110.0 100.0
423.0 444.0 431.0 456.0
73.0 519.0 73.0 528.0
287.0 308.0 291.0 315.0
176.0 588.0 177.0 595.0
263.0 302.0 264.0 311.0
275.0 314.0 278.0 322.0
263.0 303.0 264.0 311.0
424.0 443.0 431.0 456.0
100.0 82.0 110.0 100.0
136.0 509.0 130.0 518.0
383.0 117.0 389.0 128.0
423.0 443.0 431.0 456.0
177.0 588.0 177.0 595.0
136.0 508.0 130.0 518.0
137.0 509.0 130.0 518.0
176.0 587.0 177.0 595.0
177.0 587.0 177.0 595.0
403.0 547.0 399.0 567.0
313.0 253.0 308.0 248.0
230.0 67.0 240.0 56.0
314.0 253.0 308.0 248.0
435.0 381.0 443.0 400.0
176.0 586.0 177.0 595.0
177.0 586.0 177.0 595.0
404.0 546.0 399.0 567.0
403.0 546.0 399.0 567.0
229.0 215.0 224.0 209.0
341.0 217.0 347.0 233.0
341.0 216.0 347.0 233.0
342.0 216.0 347.0 233.0
340.0 216.0 347.0 233.0
338.0 253.0 350.0 273.0
339.0 252.0 350.0 273.0
367.0 141.0 380.0 154.0
341.0 215.0 347.0 233.0
64.0 518.0 73.0 528.0
