97.0 430.0 110.0 429.0
97.0 429.0 110.0 429.0
96.0 430.0 110.0 429.0
334.0 316.0 348.0 316.0
389.0 171.0 404.0 171.0
176.0 410.0 189.0 410.0
405.0 182.0 419.0 182.0
333.0 316.0 348.0 316.0
98.0 429.0 111.0 429.0
329.0 215.0 341.0 216.0
328.0 215.0 341.0 216.0
367.0 501.0 384.0 503.0
332.0 317.0 347.0 317.0
332.0 316.0 347.0 317.0
327.0 215.0 341.0 216.0
308.0 241.0 323.0 242.0
90.0 495.0 103.0 495.0
76.0 510.0 90.0 509.0
333.0 317.0 348.0 316.0
311.0 347.0 324.0 347.0
52.0 572.0 66.0 569.0
368.0 501.0 384.0 503.0
334.0 317.0 348.0 316.0
309.0 241.0 323.0 242.0
98.0 430.0 110.0 429.0
333.0 106.0 343.0 106.0
90.0 496.0 103.0 495.0
347.0 489.0 364.0 492.0
310.0 348.0 324.0 347.0
379.0 625.0 395.0 629.0
175.0 410.0 189.0 410.0
274.0 301.0 287.0 304.0
150.0 506.0 166.0 506.0
333.0 107.0 343.0 106.0
332.0 107.0 343.0 106.0
390.0 171.0 404.0 171.0
130.0 503.0 146.0 502.0
239.0 49.0 251.0 49.0
327.0 214.0 341.0 216.0
154.0 72.0 165.0 73.0
311.0 348.0 324.0 347.0
176.0 411.0 189.0 410.0
389.0 172.0 404.0 171.0
131.0 502.0 147.0 502.0
132.0 502.0 147.0 502.0
333.0 108.0 343.0 106.0
177.0 410.0 190.0 410.0
334.0 107.0 343.0 106.0
346.0 489.0 364.0 492.0
312.0 347.0 324.0 347.0
368.0 502.0 384.0 503.0
177.0 411.0 190.0 411.0
239.0 50.0 250.0 49.0
98.0 431.0 110.0 429.0
405.0 183.0 419.0 182.0
254.0 296.0 267.0 296.0
328.0 214.0 341.0 216.0
406.0 182.0 419.0 182.0
334.0 106.0 345.0 105.0
335.0 316.0 348.0 316.0
380.0 625.0 396.0 629.0
273.0 301.0 287.0 304.0
310.0 241.0 323.0 242.0
255.0 296.0 267.0 296.0
208.0 32.0 218.0 31.0
97.0 431.0 110.0 429.0
274.0 300.0 287.0 304.0
156.0 408.0 170.0 409.0
332.0 108.0 343.0 106.0
155.0 409.0 171.0 410.0
156.0 73.0 166.0 73.0
312.0 348.0 324.0 347.0
145.0 487.0 159.0 485.0
255.0 297.0 267.0 297.0
155.0 73.0 165.0 73.0
89.0 495.0 103.0 495.0
347.0 488.0 364.0 492.0
53.0 573.0 66.0 570.0
156.0 409.0 170.0 409.0
89.0 496.0 103.0 495.0
157.0 409.0 171.0 410.0
338.0 193.0 350.0 192.0
338.0 192.0 350.0 192.0
380.0 624.0 395.0 628.0
260.0 406.0 272.0 405.0
52.0 573.0 66.0 570.0
155.0 72.0 165.0 73.0
63.0 428.0 77.0 426.0
63.0 427.0 77.0 426.0
136.0 617.0 150.0 615.0
99.0 430.0 110.0 429.0
149.0 506.0 166.0 506.0
390.0 172.0 404.0 171.0
214.0 377.0 226.0 378.0
48.0 554.0 62.0 551.0
48.0 552.0 62.0 551.0
212.0 378.0 225.0 378.0
346.0 488.0 364.0 492.0
148.0 506.0 164.0 506.0
254.0 297.0 267.0 296.0
370.0 502.0 384.0 503.0
310.0 240.0 323.0 242.0
381.0 625.0 396.0 629.0
156.0 72.0 165.0 73.0
385.0 422.0 402.0 425.0
259.0 407.0 272.0 405.0
369.0 501.0 384.0 503.0
177.0 392.0 190.0 392.0
130.0 502.0 147.0 502.0
48.0 553.0 62.0 551.0
154.0 73.0 165.0 73.0
345.0 488.0 364.0 492.0
209.0 32.0 218.0 31.0
178.0 410.0 190.0 410.0
238.0 49.0 251.0 49.0
273.0 300.0 287.0 304.0
281.0 433.0 295.0 433.0
369.0 502.0 384.0 503.0
149.0 505.0 166.0 506.0
145.0 486.0 159.0 485.0
406.0 183.0 419.0 182.0
63.0 426.0 76.0 424.0
213.0 378.0 225.0 378.0
47.0 332.0 60.0 332.0
214.0 378.0 226.0 378.0
256.0 297.0 268.0 298.0
345.0 489.0 364.0 492.0
299.0 356.0 312.0 355.0
388.0 475.0 413.0 479.0
370.0 501.0 384.0 503.0
357.0 134.0 370.0 134.0
238.0 50.0 250.0 49.0
346.0 487.0 364.0 492.0
384.0 423.0 402.0 425.0
47.0 553.0 62.0 551.0
148.0 505.0 164.0 506.0
47.0 552.0 62.0 551.0
311.0 290.0 325.0 290.0
129.0 502.0 146.0 502.0
146.0 486.0 159.0 485.0
53.0 574.0 66.0 570.0
177.0 393.0 190.0 392.0
146.0 487.0 159.0 485.0
48.0 332.0 60.0 332.0
385.0 423.0 402.0 425.0
385.0 424.0 402.0 425.0
293.0 487.0 307.0 488.0
384.0 424.0 402.0 426.0
213.0 377.0 225.0 378.0
218.0 347.0 229.0 349.0
213.0 379.0 225.0 378.0
208.0 31.0 218.0 31.0
273.0 299.0 287.0 303.0
273.0 228.0 284.0 226.0
292.0 372.0 307.0 371.0
207.0 32.0 218.0 31.0
237.0 50.0 250.0 49.0
52.0 574.0 66.0 570.0
310.0 291.0 324.0 290.0
46.0 553.0 61.0 551.0
387.0 475.0 413.0 479.0
293.0 488.0 307.0 488.0
37.0 636.0 52.0 635.0
357.0 133.0 370.0 134.0
358.0 134.0 370.0 134.0
392.0 491.0 412.0 496.0
383.0 424.0 402.0 425.0
62.0 427.0 75.0 425.0
297.0 388.0 310.0 388.0
147.0 487.0 159.0 485.0
272.0 301.0 287.0 303.0
147.0 486.0 159.0 485.0
310.0 290.0 324.0 290.0
326.0 147.0 337.0 147.0
335.0 158.0 349.0 159.0
36.0 636.0 52.0 635.0
62.0 426.0 75.0 425.0
325.0 147.0 337.0 147.0
158.0 154.0 167.0 154.0
391.0 491.0 412.0 496.0
386.0 475.0 413.0 479.0
273.0 227.0 284.0 226.0
214.0 379.0 226.0 378.0
311.0 291.0 324.0 290.0
159.0 154.0 167.0 154.0
272.0 300.0 287.0 303.0
310.0 292.0 324.0 290.0
387.0 474.0 414.0 479.0
218.0 348.0 229.0 349.0
283.0 433.0 295.0 433.0
324.0 187.0 336.0 184.0
47.0 554.0 62.0 551.0
7.0 594.0 20.0 591.0
339.0 192.0 350.0 192.0
282.0 433.0 295.0 433.0
195.0 60.0 204.0 60.0
358.0 133.0 370.0 134.0
324.0 186.0 336.0 184.0
292.0 373.0 307.0 371.0
217.0 348.0 229.0 349.0
297.0 387.0 310.0 388.0
195.0 61.0 204.0 60.0
46.0 554.0 61.0 551.0
375.0 23.0 391.0 25.0
291.0 373.0 307.0 371.0
374.0 24.0 391.0 25.0
375.0 24.0 391.0 25.0
282.0 434.0 295.0 433.0
294.0 487.0 307.0 488.0
199.0 51.0 209.0 50.0
294.0 488.0 307.0 488.0
43.0 357.0 56.0 356.0
294.0 486.0 307.0 488.0
374.0 23.0 391.0 25.0
287.0 266.0 301.0 266.0
334.0 159.0 349.0 159.0
200.0 52.0 209.0 50.0
200.0 51.0 209.0 50.0
288.0 265.0 301.0 266.0
288.0 267.0 301.0 266.0
42.0 357.0 55.0 357.0
291.0 372.0 307.0 371.0
298.0 387.0 310.0 388.0
325.0 187.0 336.0 184.0
295.0 487.0 307.0 488.0
325.0 186.0 336.0 184.0
434.0 45.0 448.0 43.0
290.0 373.0 307.0 371.0
290.0 372.0 307.0 371.0
196.0 61.0 204.0 60.0
433.0 46.0 448.0 43.0
158.0 153.0 167.0 154.0
159.0 153.0 167.0 154.0
407.0 183.0 419.0 182.0
159.0 152.0 168.0 152.0
158.0 152.0 167.0 153.0
386.0 474.0 414.0 479.0
288.0 266.0 301.0 266.0
325.0 185.0 336.0 184.0
432.0 46.0 447.0 45.0
274.0 228.0 284.0 226.0
324.0 185.0 336.0 184.0
43.0 356.0 56.0 356.0
433.0 44.0 448.0 43.0
327.0 147.0 337.0 147.0
149.0 91.0 160.0 93.0
203.0 363.0 215.0 363.0
31.0 328.0 42.0 327.0
196.0 60.0 209.0 50.0
31.0 329.0 42.0 327.0
274.0 227.0 284.0 226.0
229.0 294.0 244.0 294.0
433.0 45.0 448.0 43.0
326.0 185.0 336.0 184.0
42.0 356.0 55.0 357.0
203.0 364.0 215.0 363.0
326.0 186.0 336.0 184.0
29.0 328.0 42.0 327.0
289.0 266.0 301.0 266.0
202.0 364.0 215.0 363.0
326.0 146.0 337.0 147.0
210.0 282.0 222.0 287.0
202.0 363.0 215.0 363.0
30.0 329.0 42.0 327.0
29.0 329.0 42.0 327.0
30.0 328.0 42.0 327.0
432.0 45.0 447.0 45.0
111.0 190.0 131.0 169.0
111.0 191.0 144.0 132.0
111.0 189.0 131.0 169.0
228.0 294.0 244.0 294.0
210.0 281.0 222.0 287.0
228.0 295.0 244.0 294.0
211.0 281.0 222.0 287.0
30.0 330.0 42.0 327.0
191.0 327.0 199.0 329.0
211.0 282.0 222.0 287.0
213.0 21.0 218.0 31.0
236.0 312.0 252.0 305.0
236.0 311.0 252.0 305.0
190.0 328.0 199.0 329.0
227.0 295.0 244.0 294.0
191.0 328.0 199.0 329.0
124.0 155.0 131.0 169.0
227.0 294.0 244.0 294.0
31.0 509.0 46.0 506.0
235.0 313.0 252.0 305.0
246.0 235.0 263.0 234.0
125.0 155.0 131.0 169.0
420.0 223.0 431.0 224.0
235.0 312.0 252.0 305.0
33.0 509.0 46.0 506.0
235.0 311.0 252.0 305.0
125.0 154.0 131.0 169.0
234.0 312.0 252.0 305.0
310.0 205.0 324.0 212.0
312.0 205.0 325.0 212.0
32.0 509.0 46.0 506.0
311.0 205.0 325.0 212.0
32.0 510.0 46.0 506.0
246.0 234.0 263.0 234.0
477.0 229.0 478.0 224.0
315.0 255.0 324.0 242.0
427.0 521.0 447.0 526.0
478.0 230.0 478.0 224.0
316.0 255.0 324.0 242.0
477.0 230.0 478.0 224.0
266.0 238.0 283.0 227.0
245.0 235.0 263.0 234.0
233.0 420.0 236.0 419.0
233.0 421.0 236.0 419.0
6.0 505.0 17.0 502.0
5.0 505.0 17.0 502.0
159.0 628.0 169.0 619.0
245.0 234.0 263.0 234.0
232.0 421.0 236.0 419.0
311.0 204.0 325.0 212.0
232.0 422.0 236.0 419.0
5.0 504.0 17.0 502.0
6.0 504.0 17.0 502.0
426.0 521.0 447.0 526.0
312.0 204.0 325.0 212.0
233.0 422.0 236.0 419.0
265.0 238.0 283.0 227.0
315.0 256.0 324.0 242.0
426.0 520.0 447.0 526.0
316.0 256.0 324.0 242.0
234.0 421.0 236.0 419.0
314.0 256.0 324.0 242.0
91.0 239.0 92.0 268.0
425.0 520.0 447.0 526.0
425.0 521.0 447.0 527.0
