70.0 475.0 71.0 477.0
138.0 91.0 137.0 96.0
71.0 474.0 71.0 477.0
99.0 124.0 99.0 131.0
24.0 312.0 23.0 314.0
182.0 273.0 182.0 275.0
196.0 277.0 196.0 278.0
165.0 239.0 166.0 242.0
195.0 276.0 195.0 278.0
142.0 513.0 143.0 516.0
164.0 239.0 164.0 241.0
25.0 312.0 23.0 314.0
71.0 475.0 71.0 477.0
164.0 240.0 164.0 241.0
236.0 262.0 237.0 263.0
204.0 217.0 205.0 219.0
98.0 125.0 98.0 132.0
167.0 318.0 169.0 321.0
181.0 274.0 182.0 275.0
182.0 274.0 183.0 275.0
235.0 262.0 237.0 263.0
236.0 261.0 237.0 263.0
24.0 313.0 23.0 314.0
89.0 315.0 89.0 317.0
125.0 518.0 127.0 522.0
190.0 200.0 190.0 204.0
196.0 276.0 196.0 278.0
98.0 124.0 99.0 131.0
181.0 273.0 182.0 275.0
228.0 139.0 229.0 142.0
235.0 261.0 237.0 263.0
204.0 218.0 205.0 219.0
59.0 489.0 60.0 491.0
99.0 125.0 99.0 131.0
25.0 313.0 23.0 314.0
268.0 188.0 269.0 189.0
204.0 216.0 205.0 219.0
215.0 140.0 215.0 143.0
163.0 239.0 164.0 241.0
60.0 490.0 61.0 492.0
125.0 519.0 127.0 522.0
205.0 216.0 205.0 219.0
127.0 436.0 127.0 439.0
195.0 277.0 195.0 278.0
458.0 112.0 459.0 110.0
236.0 568.0 240.0 570.0
458.0 111.0 459.0 110.0
127.0 437.0 127.0 439.0
138.0 90.0 137.0 96.0
420.0 95.0 421.0 96.0
11.0 101.0 10.0 107.0
208.0 337.0 210.0 339.0
60.0 489.0 61.0 491.0
108.0 315.0 108.0 318.0
188.0 200.0 190.0 204.0
107.0 315.0 108.0 318.0
124.0 519.0 125.0 522.0
97.0 582.0 96.0 583.0
421.0 95.0 421.0 96.0
106.0 479.0 106.0 480.0
11.0 100.0 10.0 107.0
190.0 518.0 191.0 520.0
166.0 318.0 169.0 321.0
237.0 586.0 240.0 587.0
236.0 569.0 240.0 570.0
217.0 539.0 220.0 541.0
126.0 437.0 127.0 439.0
167.0 319.0 169.0 321.0
61.0 489.0 61.0 492.0
96.0 581.0 96.0 583.0
237.0 585.0 240.0 587.0
167.0 317.0 169.0 321.0
12.0 101.0 10.0 108.0
422.0 95.0 423.0 96.0
107.0 316.0 107.0 318.0
24.0 445.0 22.0 449.0
282.0 297.0 285.0 295.0
178.0 340.0 178.0 342.0
206.0 559.0 209.0 560.0
51.0 312.0 51.0 315.0
214.0 140.0 215.0 143.0
107.0 479.0 107.0 481.0
10.0 101.0 9.0 108.0
124.0 518.0 126.0 522.0
442.0 314.0 447.0 308.0
252.0 195.0 254.0 196.0
205.0 217.0 205.0 219.0
217.0 540.0 220.0 542.0
441.0 313.0 446.0 309.0
52.0 311.0 51.0 314.0
236.0 586.0 240.0 587.0
309.0 602.0 315.0 602.0
55.0 539.0 55.0 540.0
97.0 581.0 96.0 583.0
218.0 539.0 220.0 541.0
107.0 478.0 107.0 481.0
253.0 195.0 254.0 196.0
308.0 603.0 315.0 602.0
282.0 296.0 285.0 295.0
106.0 478.0 106.0 480.0
237.0 569.0 240.0 570.0
236.0 587.0 240.0 587.0
236.0 585.0 240.0 587.0
185.0 552.0 189.0 554.0
52.0 312.0 51.0 315.0
205.0 218.0 205.0 219.0
208.0 497.0 210.0 497.0
117.0 501.0 118.0 505.0
442.0 313.0 447.0 308.0
237.0 568.0 240.0 570.0
89.0 314.0 89.0 317.0
54.0 539.0 55.0 541.0
11.0 102.0 10.0 108.0
53.0 312.0 51.0 315.0
231.0 513.0 235.0 515.0
118.0 501.0 118.0 505.0
187.0 440.0 188.0 442.0
237.0 587.0 240.0 589.0
166.0 317.0 169.0 321.0
111.0 206.0 111.0 211.0
111.0 207.0 110.0 212.0
75.0 398.0 74.0 400.0
151.0 410.0 153.0 413.0
244.0 345.0 246.0 344.0
177.0 340.0 178.0 342.0
441.0 314.0 446.0 309.0
126.0 436.0 127.0 439.0
10.0 102.0 9.0 108.0
177.0 341.0 178.0 342.0
150.0 410.0 153.0 413.0
96.0 582.0 96.0 583.0
173.0 45.0 172.0 50.0
185.0 553.0 189.0 554.0
151.0 409.0 153.0 413.0
173.0 44.0 172.0 50.0
64.0 118.0 62.0 124.0
105.0 478.0 106.0 480.0
211.0 401.0 214.0 403.0
64.0 119.0 62.0 124.0
166.0 319.0 169.0 321.0
308.0 602.0 315.0 602.0
152.0 410.0 153.0 413.0
232.0 513.0 235.0 515.0
74.0 398.0 74.0 400.0
55.0 538.0 55.0 540.0
201.0 141.0 202.0 145.0
376.0 345.0 381.0 340.0
76.0 583.0 76.0 585.0
307.0 602.0 315.0 602.0
189.0 518.0 191.0 520.0
137.0 317.0 136.0 320.0
255.0 620.0 260.0 621.0
124.0 478.0 124.0 480.0
77.0 583.0 77.0 585.0
123.0 478.0 124.0 480.0
136.0 318.0 136.0 320.0
117.0 500.0 118.0 505.0
137.0 27.0 134.0 34.0
136.0 27.0 134.0 34.0
196.0 235.0 195.0 237.0
202.0 141.0 202.0 145.0
207.0 497.0 210.0 497.0
184.0 552.0 188.0 553.0
195.0 235.0 195.0 237.0
93.0 286.0 93.0 290.0
92.0 433.0 92.0 437.0
233.0 513.0 235.0 515.0
111.0 205.0 109.0 211.0
241.0 534.0 244.0 534.0
137.0 26.0 134.0 34.0
281.0 296.0 285.0 295.0
115.0 580.0 115.0 583.0
136.0 26.0 134.0 34.0
135.0 317.0 136.0 320.0
115.0 581.0 115.0 583.0
254.0 484.0 258.0 483.0
386.0 523.0 393.0 519.0
114.0 580.0 115.0 583.0
411.0 600.0 419.0 597.0
194.0 234.0 195.0 237.0
136.0 317.0 136.0 320.0
376.0 344.0 381.0 340.0
264.0 299.0 267.0 301.0
54.0 538.0 55.0 540.0
421.0 94.0 421.0 96.0
178.0 341.0 178.0 342.0
447.0 81.0 448.0 81.0
90.0 314.0 89.0 317.0
211.0 402.0 214.0 403.0
235.0 605.0 238.0 607.0
118.0 500.0 118.0 505.0
51.0 584.0 52.0 587.0
123.0 477.0 123.0 479.0
402.0 371.0 408.0 366.0
289.0 315.0 291.0 314.0
256.0 484.0 258.0 483.0
124.0 477.0 123.0 479.0
447.0 80.0 448.0 81.0
296.0 540.0 302.0 540.0
184.0 553.0 188.0 555.0
294.0 540.0 302.0 540.0
255.0 484.0 258.0 483.0
411.0 601.0 419.0 597.0
119.0 406.0 120.0 408.0
195.0 234.0 196.0 237.0
381.0 366.0 386.0 361.0
116.0 580.0 115.0 583.0
142.0 51.0 140.0 59.0
381.0 365.0 386.0 361.0
93.0 433.0 92.0 437.0
412.0 600.0 419.0 597.0
295.0 540.0 302.0 540.0
232.0 512.0 235.0 514.0
386.0 522.0 393.0 519.0
166.0 557.0 169.0 559.0
52.0 584.0 52.0 587.0
262.0 411.0 266.0 412.0
142.0 52.0 141.0 59.0
241.0 533.0 244.0 534.0
412.0 601.0 419.0 597.0
323.0 595.0 330.0 592.0
449.0 337.0 455.0 331.0
68.0 101.0 68.0 104.0
231.0 512.0 235.0 514.0
288.0 315.0 291.0 314.0
97.0 405.0 96.0 406.0
377.0 344.0 381.0 340.0
120.0 406.0 120.0 408.0
20.0 37.0 18.0 45.0
130.0 131.0 130.0 137.0
153.0 472.0 154.0 475.0
20.0 36.0 18.0 45.0
91.0 433.0 91.0 437.0
203.0 141.0 202.0 145.0
61.0 381.0 64.0 384.0
265.0 469.0 269.0 469.0
154.0 472.0 154.0 475.0
253.0 425.0 254.0 422.0
130.0 130.0 130.0 137.0
107.0 263.0 106.0 267.0
93.0 285.0 93.0 290.0
19.0 37.0 18.0 45.0
92.0 434.0 92.0 437.0
69.0 102.0 68.0 104.0
447.0 79.0 448.0 80.0
131.0 130.0 131.0 137.0
61.0 383.0 64.0 384.0
266.0 469.0 269.0 468.0
266.0 451.0 272.0 451.0
341.0 358.0 346.0 355.0
316.0 414.0 320.0 410.0
153.0 473.0 154.0 475.0
342.0 358.0 346.0 355.0
107.0 264.0 106.0 267.0
111.0 282.0 110.0 287.0
402.0 370.0 408.0 366.0
385.0 523.0 393.0 519.0
385.0 522.0 393.0 519.0
152.0 472.0 154.0 475.0
266.0 470.0 269.0 469.0
92.0 432.0 91.0 437.0
92.0 285.0 93.0 290.0
317.0 414.0 320.0 410.0
143.0 52.0 142.0 59.0
342.0 357.0 346.0 355.0
109.0 423.0 111.0 428.0
316.0 413.0 320.0 410.0
254.0 425.0 254.0 423.0
132.0 181.0 131.0 187.0
131.0 131.0 130.0 137.0
143.0 51.0 142.0 59.0
263.0 411.0 266.0 412.0
385.0 524.0 393.0 519.0
96.0 404.0 96.0 406.0
22.0 19.0 20.0 27.0
96.0 405.0 96.0 406.0
386.0 524.0 393.0 519.0
450.0 336.0 456.0 331.0
202.0 140.0 202.0 145.0
108.0 264.0 107.0 268.0
211.0 478.0 210.0 480.0
69.0 103.0 68.0 104.0
68.0 102.0 68.0 104.0
380.0 366.0 386.0 361.0
60.0 382.0 64.0 384.0
109.0 422.0 110.0 428.0
111.0 599.0 113.0 605.0
267.0 469.0 269.0 468.0
23.0 19.0 20.0 27.0
380.0 365.0 386.0 361.0
108.0 422.0 110.0 428.0
60.0 381.0 64.0 384.0
167.0 557.0 169.0 559.0
295.0 539.0 302.0 540.0
23.0 18.0 20.0 27.0
359.0 434.0 365.0 430.0
266.0 452.0 272.0 451.0
449.0 336.0 456.0 331.0
67.0 102.0 68.0 104.0
61.0 382.0 64.0 384.0
322.0 566.0 329.0 566.0
324.0 566.0 329.0 566.0
107.0 422.0 110.0 428.0
23.0 20.0 20.0 27.0
322.0 567.0 329.0 566.0
324.0 595.0 330.0 592.0
294.0 539.0 302.0 540.0
360.0 435.0 366.0 432.0
314.0 508.0 319.0 508.0
359.0 435.0 365.0 430.0
360.0 434.0 366.0 432.0
167.0 558.0 169.0 559.0
254.0 426.0 254.0 423.0
68.0 103.0 68.0 104.0
451.0 493.0 462.0 488.0
322.0 538.0 328.0 538.0
412.0 500.0 420.0 493.0
166.0 556.0 169.0 559.0
452.0 493.0 462.0 488.0
322.0 540.0 328.0 538.0
411.0 499.0 420.0 493.0
323.0 566.0 329.0 566.0
184.0 608.0 186.0 609.0
255.0 425.0 254.0 423.0
453.0 33.0 454.0 37.0
107.0 423.0 110.0 428.0
322.0 539.0 328.0 538.0
323.0 539.0 328.0 538.0
184.0 607.0 186.0 609.0
167.0 556.0 169.0 559.0
412.0 499.0 420.0 493.0
183.0 607.0 186.0 609.0
323.0 567.0 329.0 566.0
313.0 508.0 319.0 508.0
451.0 494.0 462.0 488.0
201.0 158.0 200.0 165.0
454.0 34.0 454.0 37.0
276.0 517.0 279.0 517.0
452.0 494.0 462.0 488.0
185.0 608.0 186.0 609.0
265.0 451.0 272.0 451.0
455.0 33.0 454.0 37.0
454.0 33.0 454.0 37.0
382.0 488.0 390.0 482.0
265.0 450.0 272.0 451.0
201.0 157.0 200.0 165.0
451.0 495.0 462.0 488.0
454.0 32.0 454.0 37.0
457.0 470.0 465.0 464.0
458.0 471.0 465.0 464.0
458.0 470.0 465.0 464.0
264.0 451.0 272.0 451.0
440.0 581.0 450.0 575.0
106.0 423.0 110.0 428.0
457.0 471.0 465.0 464.0
175.0 479.0 178.0 485.0
443.0 565.0 449.0 556.0
45.0 361.0 49.0 370.0
442.0 565.0 448.0 556.0
440.0 580.0 450.0 575.0
45.0 360.0 49.0 370.0
456.0 470.0 465.0 464.0
456.0 471.0 465.0 464.0
212.0 352.0 211.0 339.0
354.0 467.0 360.0 465.0
46.0 360.0 49.0 370.0
44.0 360.0 49.0 370.0
213.0 352.0 211.0 339.0
354.0 466.0 360.0 465.0
44.0 359.0 49.0 370.0
456.0 97.0 458.0 108.0
225.0 470.0 231.0 463.0
175.0 478.0 178.0 485.0
174.0 478.0 178.0 485.0
353.0 467.0 360.0 465.0
58.0 389.0 64.0 384.0
224.0 470.0 231.0 463.0
409.0 368.0 409.0 366.0
354.0 468.0 360.0 465.0
456.0 96.0 458.0 108.0
288.0 347.0 287.0 354.0
212.0 353.0 211.0 339.0
47.0 113.0 62.0 124.0
57.0 389.0 64.0 384.0
289.0 347.0 287.0 354.0
57.0 390.0 64.0 384.0
46.0 114.0 62.0 124.0
58.0 390.0 64.0 384.0
46.0 113.0 62.0 124.0
46.0 112.0 62.0 124.0
