475.0 75.0 475.0 85.0
476.0 74.0 475.0 85.0
476.0 75.0 475.0 85.0
475.0 74.0 475.0 85.0
313.0 217.0 317.0 227.0
426.0 549.0 432.0 564.0
454.0 214.0 456.0 225.0
455.0 214.0 457.0 224.0
351.0 536.0 355.0 549.0
350.0 535.0 355.0 549.0
153.0 511.0 157.0 524.0
31.0 150.0 36.0 163.0
148.0 244.0 159.0 238.0
453.0 214.0 456.0 225.0
351.0 535.0 355.0 549.0
257.0 411.0 261.0 422.0
426.0 550.0 432.0 564.0
111.0 458.0 115.0 468.0
153.0 512.0 157.0 524.0
312.0 218.0 316.0 228.0
175.0 434.0 179.0 446.0
371.0 247.0 374.0 257.0
333.0 474.0 337.0 486.0
29.0 151.0 36.0 163.0
370.0 247.0 373.0 257.0
69.0 558.0 75.0 570.0
372.0 249.0 374.0 257.0
425.0 549.0 432.0 564.0
174.0 433.0 179.0 446.0
425.0 550.0 432.0 564.0
372.0 247.0 374.0 257.0
154.0 511.0 158.0 524.0
305.0 441.0 310.0 453.0
211.0 414.0 216.0 425.0
369.0 392.0 373.0 403.0
379.0 349.0 383.0 362.0
370.0 248.0 373.0 257.0
312.0 217.0 316.0 228.0
173.0 433.0 178.0 445.0
349.0 271.0 352.0 281.0
451.0 544.0 456.0 558.0
297.0 306.0 302.0 317.0
371.0 248.0 374.0 257.0
295.0 426.0 300.0 437.0
113.0 452.0 120.0 463.0
69.0 557.0 75.0 570.0
174.0 434.0 179.0 446.0
452.0 543.0 457.0 557.0
298.0 306.0 302.0 317.0
175.0 433.0 179.0 446.0
369.0 391.0 373.0 402.0
372.0 248.0 374.0 257.0
305.0 440.0 310.0 452.0
295.0 427.0 300.0 437.0
257.0 410.0 261.0 422.0
280.0 86.0 283.0 98.0
109.0 543.0 114.0 554.0
123.0 303.0 128.0 312.0
371.0 246.0 373.0 257.0
256.0 410.0 261.0 422.0
298.0 305.0 302.0 317.0
331.0 474.0 337.0 485.0
279.0 84.0 284.0 97.0
280.0 85.0 284.0 97.0
236.0 98.0 239.0 109.0
306.0 440.0 310.0 452.0
279.0 85.0 284.0 97.0
306.0 441.0 310.0 452.0
368.0 392.0 373.0 403.0
132.0 511.0 136.0 522.0
173.0 434.0 179.0 446.0
451.0 543.0 456.0 558.0
124.0 303.0 128.0 312.0
452.0 544.0 456.0 558.0
319.0 334.0 322.0 342.0
154.0 512.0 158.0 524.0
381.0 349.0 383.0 362.0
113.0 453.0 120.0 463.0
279.0 301.0 283.0 310.0
236.0 97.0 239.0 109.0
349.0 390.0 354.0 401.0
109.0 542.0 114.0 554.0
403.0 539.0 406.0 553.0
131.0 286.0 135.0 298.0
332.0 474.0 337.0 486.0
367.0 392.0 373.0 402.0
70.0 558.0 75.0 570.0
368.0 391.0 373.0 402.0
402.0 539.0 406.0 553.0
174.0 435.0 179.0 446.0
403.0 538.0 406.0 553.0
154.0 510.0 158.0 523.0
332.0 473.0 337.0 485.0
297.0 305.0 302.0 317.0
71.0 558.0 75.0 569.0
425.0 548.0 432.0 564.0
381.0 348.0 383.0 362.0
331.0 473.0 337.0 485.0
380.0 349.0 383.0 362.0
306.0 439.0 310.0 452.0
7.0 363.0 13.0 375.0
280.0 84.0 284.0 97.0
401.0 538.0 406.0 553.0
253.0 58.0 257.0 68.0
235.0 98.0 239.0 109.0
256.0 409.0 261.0 422.0
355.0 323.0 359.0 335.0
402.0 538.0 406.0 553.0
109.0 541.0 114.0 554.0
311.0 217.0 316.0 228.0
281.0 384.0 282.0 394.0
123.0 304.0 128.0 312.0
197.0 546.0 201.0 558.0
124.0 304.0 128.0 312.0
200.0 186.0 207.0 197.0
114.0 453.0 120.0 463.0
281.0 385.0 282.0 394.0
319.0 335.0 322.0 342.0
357.0 202.0 359.0 212.0
70.0 557.0 75.0 570.0
355.0 438.0 359.0 452.0
307.0 441.0 310.0 452.0
131.0 285.0 135.0 298.0
354.0 324.0 359.0 336.0
175.0 435.0 179.0 446.0
333.0 473.0 337.0 485.0
295.0 425.0 300.0 436.0
199.0 186.0 207.0 197.0
131.0 284.0 135.0 298.0
252.0 58.0 257.0 68.0
131.0 511.0 136.0 522.0
81.0 348.0 88.0 359.0
348.0 189.0 351.0 200.0
320.0 335.0 322.0 342.0
258.0 410.0 261.0 420.0
380.0 348.0 383.0 362.0
6.0 364.0 13.0 375.0
394.0 440.0 398.0 452.0
234.0 97.0 239.0 109.0
348.0 389.0 354.0 400.0
196.0 546.0 201.0 558.0
235.0 97.0 239.0 109.0
7.0 364.0 13.0 375.0
467.0 541.0 471.0 554.0
109.0 544.0 114.0 554.0
8.0 364.0 13.0 375.0
295.0 424.0 300.0 436.0
355.0 439.0 359.0 452.0
350.0 271.0 352.0 282.0
382.0 349.0 385.0 361.0
123.0 305.0 128.0 312.0
307.0 439.0 310.0 452.0
307.0 440.0 310.0 452.0
280.0 301.0 284.0 310.0
108.0 544.0 114.0 554.0
355.0 322.0 359.0 334.0
61.0 459.0 65.0 470.0
108.0 542.0 114.0 554.0
252.0 57.0 257.0 68.0
286.0 334.0 289.0 345.0
279.0 300.0 283.0 310.0
467.0 540.0 471.0 554.0
257.0 409.0 261.0 422.0
355.0 321.0 359.0 334.0
199.0 187.0 206.0 199.0
354.0 439.0 359.0 452.0
349.0 389.0 354.0 401.0
234.0 98.0 239.0 109.0
354.0 323.0 359.0 336.0
348.0 390.0 354.0 401.0
253.0 57.0 257.0 68.0
449.0 394.0 455.0 404.0
198.0 546.0 201.0 558.0
367.0 391.0 373.0 402.0
203.0 443.0 208.0 453.0
466.0 540.0 471.0 554.0
331.0 472.0 337.0 485.0
299.0 329.0 302.0 337.0
200.0 187.0 207.0 197.0
111.0 451.0 114.0 467.0
82.0 349.0 88.0 359.0
367.0 390.0 373.0 402.0
212.0 443.0 215.0 455.0
354.0 438.0 359.0 452.0
36.0 511.0 42.0 524.0
286.0 333.0 289.0 343.0
358.0 202.0 360.0 212.0
393.0 440.0 398.0 450.0
38.0 510.0 42.0 523.0
281.0 300.0 284.0 310.0
199.0 185.0 207.0 197.0
36.0 510.0 42.0 523.0
299.0 328.0 302.0 337.0
354.0 322.0 359.0 334.0
339.0 490.0 343.0 501.0
332.0 472.0 337.0 485.0
401.0 539.0 405.0 553.0
319.0 336.0 322.0 343.0
169.0 190.0 159.0 238.0
37.0 511.0 42.0 524.0
175.0 173.0 159.0 238.0
442.0 467.0 447.0 480.0
37.0 510.0 42.0 523.0
298.0 329.0 302.0 337.0
357.0 201.0 359.0 212.0
369.0 217.0 371.0 227.0
300.0 329.0 303.0 338.0
445.0 127.0 446.0 140.0
175.0 174.0 159.0 238.0
339.0 489.0 343.0 501.0
300.0 328.0 303.0 337.0
95.0 364.0 99.0 374.0
280.0 300.0 284.0 310.0
299.0 327.0 302.0 337.0
347.0 189.0 351.0 200.0
293.0 164.0 298.0 174.0
285.0 334.0 289.0 345.0
434.0 282.0 437.0 290.0
89.0 388.0 93.0 395.0
37.0 509.0 42.0 522.0
258.0 409.0 262.0 420.0
338.0 489.0 343.0 501.0
82.0 348.0 88.0 359.0
441.0 467.0 447.0 480.0
245.0 395.0 249.0 404.0
347.0 190.0 351.0 200.0
109.0 545.0 114.0 554.0
83.0 349.0 88.0 359.0
257.0 408.0 261.0 422.0
200.0 184.0 207.0 197.0
147.0 444.0 153.0 457.0
175.0 171.0 159.0 238.0
175.0 172.0 159.0 238.0
339.0 488.0 343.0 501.0
124.0 305.0 128.0 312.0
176.0 172.0 159.0 238.0
442.0 468.0 447.0 480.0
358.0 201.0 360.0 212.0
466.0 541.0 471.0 554.0
339.0 487.0 343.0 501.0
123.0 306.0 128.0 312.0
440.0 468.0 445.0 481.0
441.0 468.0 447.0 480.0
289.0 280.0 291.0 290.0
88.0 389.0 93.0 395.0
260.0 379.0 264.0 389.0
294.0 164.0 298.0 174.0
131.0 510.0 136.0 522.0
280.0 299.0 283.0 309.0
332.0 118.0 338.0 130.0
146.0 444.0 153.0 457.0
288.0 280.0 291.0 290.0
38.0 511.0 42.0 524.0
199.0 184.0 207.0 197.0
445.0 129.0 446.0 140.0
444.0 128.0 446.0 140.0
298.0 328.0 302.0 337.0
442.0 469.0 447.0 480.0
462.0 526.0 468.0 538.0
441.0 469.0 445.0 481.0
232.0 361.0 237.0 371.0
200.0 185.0 207.0 197.0
444.0 127.0 446.0 140.0
444.0 129.0 446.0 140.0
261.0 379.0 264.0 389.0
141.0 462.0 147.0 473.0
94.0 364.0 99.0 374.0
147.0 443.0 153.0 457.0
176.0 171.0 159.0 238.0
337.0 401.0 343.0 412.0
142.0 463.0 147.0 474.0
368.0 217.0 371.0 227.0
338.0 403.0 343.0 414.0
414.0 175.0 416.0 185.0
231.0 361.0 237.0 371.0
246.0 395.0 249.0 404.0
176.0 173.0 159.0 238.0
245.0 394.0 249.0 404.0
357.0 200.0 359.0 212.0
143.0 463.0 147.0 473.0
142.0 462.0 147.0 473.0
320.0 336.0 322.0 343.0
143.0 462.0 147.0 473.0
445.0 128.0 446.0 140.0
232.0 360.0 237.0 371.0
260.0 380.0 264.0 389.0
440.0 467.0 447.0 480.0
368.0 216.0 371.0 227.0
462.0 527.0 468.0 538.0
413.0 176.0 416.0 185.0
369.0 216.0 371.0 227.0
413.0 175.0 416.0 185.0
197.0 547.0 201.0 558.0
231.0 360.0 237.0 371.0
89.0 389.0 93.0 395.0
251.0 313.0 254.0 319.0
196.0 547.0 201.0 558.0
25.0 368.0 15.0 375.0
143.0 464.0 147.0 474.0
197.0 112.0 200.0 119.0
337.0 402.0 343.0 414.0
285.0 333.0 289.0 343.0
189.0 437.0 194.0 451.0
338.0 488.0 343.0 501.0
246.0 394.0 249.0 404.0
290.0 280.0 292.0 290.0
337.0 403.0 343.0 414.0
239.0 6.0 240.0 18.0
461.0 525.0 468.0 539.0
10.0 144.0 17.0 155.0
338.0 487.0 343.0 501.0
198.0 547.0 201.0 558.0
332.0 117.0 338.0 130.0
54.0 532.0 59.0 546.0
239.0 5.0 240.0 18.0
54.0 533.0 59.0 546.0
124.0 306.0 128.0 312.0
94.0 363.0 99.0 374.0
60.0 627.0 65.0 630.0
61.0 628.0 65.0 630.0
25.0 369.0 15.0 375.0
461.0 526.0 468.0 538.0
261.0 380.0 264.0 389.0
146.0 443.0 153.0 457.0
123.0 495.0 129.0 507.0
461.0 527.0 468.0 538.0
238.0 6.0 239.0 19.0
238.0 5.0 239.0 19.0
290.0 279.0 292.0 290.0
196.0 113.0 200.0 119.0
26.0 368.0 15.0 375.0
238.0 7.0 239.0 19.0
289.0 279.0 291.0 290.0
247.0 395.0 249.0 404.0
145.0 443.0 153.0 457.0
26.0 369.0 15.0 375.0
89.0 390.0 93.0 395.0
15.0 574.0 18.0 581.0
367.0 177.0 371.0 188.0
366.0 177.0 371.0 188.0
14.0 574.0 18.0 581.0
61.0 629.0 65.0 630.0
237.0 6.0 239.0 19.0
247.0 394.0 249.0 404.0
318.0 5.0 319.0 18.0
296.0 170.0 299.0 175.0
460.0 527.0 468.0 539.0
318.0 6.0 319.0 18.0
197.0 113.0 200.0 119.0
122.0 495.0 129.0 507.0
317.0 6.0 319.0 18.0
60.0 628.0 65.0 630.0
460.0 526.0 468.0 539.0
88.0 390.0 93.0 395.0
59.0 628.0 65.0 630.0
319.0 5.0 319.0 18.0
319.0 6.0 319.0 18.0
15.0 575.0 18.0 581.0
123.0 496.0 129.0 507.0
14.0 575.0 18.0 581.0
248.0 394.0 249.0 404.0
367.0 178.0 371.0 188.0
248.0 69.0 251.0 81.0
60.0 629.0 65.0 630.0
354.0 242.0 355.0 245.0
197.0 548.0 201.0 558.0
248.0 70.0 251.0 81.0
16.0 574.0 18.0 581.0
387.0 165.0 397.0 172.0
366.0 178.0 371.0 188.0
277.0 456.0 274.0 469.0
367.0 179.0 371.0 188.0
16.0 575.0 18.0 581.0
357.0 380.0 355.0 400.0
353.0 243.0 355.0 246.0
297.0 347.0 299.0 358.0
116.0 620.0 113.0 623.0
296.0 347.0 299.0 358.0
277.0 457.0 274.0 469.0
92.0 588.0 96.0 595.0
296.0 346.0 299.0 358.0
297.0 346.0 299.0 358.0
116.0 619.0 113.0 623.0
354.0 243.0 355.0 245.0
196.0 482.0 200.0 505.0
278.0 457.0 274.0 469.0
92.0 589.0 96.0 595.0
103.0 608.0 112.0 623.0
354.0 244.0 355.0 245.0
103.0 609.0 112.0 623.0
104.0 608.0 112.0 623.0
117.0 619.0 113.0 623.0
117.0 620.0 113.0 623.0
104.0 609.0 112.0 623.0
196.0 481.0 200.0 505.0
197.0 481.0 200.0 505.0
61.0 376.0 75.0 389.0
117.0 618.0 113.0 623.0
420.0 163.0 416.0 184.0
60.0 376.0 75.0 389.0
143.0 531.0 159.0 547.0
107.0 578.0 114.0 599.0
420.0 164.0 416.0 184.0
107.0 579.0 114.0 599.0
