353.0 80.0 372.0 67.0
353.0 79.0 372.0 67.0
354.0 80.0 372.0 67.0
354.0 79.0 372.0 67.0
260.0 122.0 281.0 110.0
326.0 116.0 345.0 106.0
261.0 122.0 281.0 110.0
382.0 539.0 401.0 527.0
94.0 196.0 115.0 189.0
352.0 80.0 372.0 67.0
338.0 453.0 356.0 445.0
325.0 117.0 345.0 106.0
262.0 121.0 281.0 110.0
339.0 454.0 358.0 445.0
93.0 195.0 115.0 189.0
325.0 116.0 345.0 105.0
339.0 453.0 358.0 445.0
338.0 454.0 358.0 445.0
261.0 121.0 281.0 110.0
262.0 122.0 281.0 110.0
324.0 116.0 345.0 105.0
382.0 540.0 400.0 528.0
321.0 317.0 339.0 308.0
383.0 540.0 402.0 528.0
381.0 540.0 400.0 528.0
351.0 80.0 371.0 68.0
322.0 317.0 339.0 308.0
352.0 79.0 372.0 67.0
381.0 539.0 400.0 528.0
351.0 419.0 371.0 411.0
324.0 117.0 344.0 105.0
383.0 539.0 401.0 527.0
338.0 455.0 358.0 445.0
93.0 197.0 115.0 189.0
93.0 196.0 115.0 189.0
99.0 367.0 122.0 358.0
372.0 291.0 393.0 281.0
321.0 316.0 339.0 308.0
338.0 365.0 356.0 355.0
320.0 316.0 339.0 308.0
394.0 131.0 414.0 120.0
92.0 196.0 114.0 189.0
372.0 290.0 393.0 281.0
380.0 540.0 400.0 528.0
263.0 121.0 281.0 110.0
351.0 420.0 370.0 411.0
91.0 196.0 114.0 189.0
337.0 365.0 355.0 355.0
394.0 430.0 414.0 419.0
320.0 317.0 339.0 308.0
98.0 368.0 122.0 358.0
394.0 429.0 414.0 418.0
337.0 364.0 356.0 355.0
349.0 420.0 369.0 412.0
396.0 445.0 416.0 436.0
350.0 420.0 369.0 412.0
350.0 419.0 370.0 411.0
351.0 421.0 370.0 411.0
322.0 316.0 339.0 308.0
393.0 428.0 414.0 418.0
397.0 445.0 417.0 436.0
337.0 363.0 356.0 355.0
337.0 366.0 356.0 356.0
321.0 315.0 339.0 308.0
99.0 366.0 122.0 358.0
127.0 236.0 149.0 228.0
350.0 421.0 369.0 412.0
392.0 429.0 413.0 419.0
306.0 227.0 325.0 217.0
395.0 130.0 414.0 120.0
383.0 406.0 403.0 396.0
342.0 303.0 362.0 293.0
305.0 227.0 325.0 217.0
382.0 405.0 402.0 396.0
276.0 79.0 297.0 66.0
92.0 197.0 114.0 189.0
393.0 429.0 414.0 418.0
382.0 406.0 402.0 396.0
90.0 112.0 110.0 104.0
89.0 110.0 110.0 104.0
393.0 430.0 413.0 419.0
336.0 364.0 355.0 354.0
91.0 113.0 110.0 103.0
373.0 291.0 393.0 281.0
98.0 367.0 122.0 358.0
336.0 365.0 355.0 354.0
90.0 110.0 110.0 104.0
89.0 111.0 110.0 104.0
353.0 78.0 372.0 67.0
354.0 78.0 372.0 67.0
90.0 111.0 110.0 104.0
336.0 366.0 355.0 354.0
394.0 428.0 414.0 418.0
382.0 407.0 402.0 396.0
276.0 81.0 297.0 66.0
198.0 570.0 221.0 557.0
130.0 213.0 149.0 205.0
394.0 130.0 414.0 120.0
381.0 406.0 402.0 396.0
126.0 236.0 149.0 228.0
257.0 247.0 275.0 238.0
92.0 195.0 114.0 189.0
395.0 131.0 414.0 120.0
281.0 74.0 298.0 64.0
97.0 368.0 122.0 358.0
373.0 290.0 393.0 281.0
336.0 363.0 354.0 355.0
393.0 427.0 414.0 418.0
97.0 367.0 122.0 358.0
307.0 227.0 325.0 217.0
298.0 83.0 318.0 71.0
89.0 113.0 110.0 104.0
377.0 352.0 398.0 342.0
378.0 353.0 397.0 344.0
393.0 169.0 412.0 158.0
90.0 113.0 110.0 104.0
357.0 340.0 379.0 330.0
127.0 237.0 149.0 228.0
89.0 112.0 110.0 104.0
395.0 129.0 414.0 120.0
383.0 407.0 403.0 396.0
135.0 283.0 155.0 275.0
126.0 237.0 149.0 228.0
276.0 80.0 297.0 66.0
98.0 366.0 122.0 358.0
134.0 283.0 155.0 275.0
397.0 444.0 417.0 436.0
305.0 203.0 321.0 194.0
393.0 167.0 412.0 158.0
129.0 214.0 149.0 205.0
199.0 570.0 221.0 557.0
98.0 365.0 122.0 358.0
314.0 364.0 334.0 355.0
126.0 235.0 149.0 228.0
130.0 214.0 150.0 205.0
257.0 246.0 275.0 238.0
277.0 80.0 297.0 66.0
398.0 445.0 417.0 436.0
199.0 571.0 221.0 557.0
97.0 366.0 122.0 358.0
305.0 204.0 321.0 194.0
392.0 428.0 414.0 418.0
200.0 570.0 221.0 557.0
399.0 445.0 417.0 436.0
129.0 215.0 149.0 205.0
374.0 290.0 393.0 281.0
133.0 283.0 154.0 274.0
200.0 571.0 221.0 557.0
275.0 80.0 297.0 66.0
258.0 246.0 275.0 238.0
191.0 405.0 211.0 394.0
391.0 167.0 411.0 157.0
134.0 284.0 155.0 275.0
298.0 321.0 317.0 311.0
300.0 375.0 320.0 365.0
400.0 535.0 418.0 525.0
358.0 340.0 379.0 330.0
398.0 444.0 417.0 436.0
399.0 444.0 417.0 436.0
217.0 608.0 238.0 593.0
130.0 215.0 150.0 206.0
218.0 588.0 238.0 574.0
258.0 245.0 275.0 238.0
335.0 365.0 355.0 354.0
391.0 168.0 411.0 157.0
218.0 609.0 239.0 595.0
301.0 374.0 320.0 365.0
315.0 365.0 334.0 355.0
330.0 192.0 350.0 181.0
219.0 609.0 240.0 594.0
89.0 268.0 112.0 259.0
306.0 228.0 325.0 217.0
133.0 284.0 155.0 275.0
218.0 610.0 239.0 595.0
275.0 79.0 297.0 66.0
132.0 284.0 155.0 275.0
298.0 84.0 318.0 71.0
219.0 608.0 240.0 594.0
393.0 168.0 412.0 158.0
307.0 228.0 325.0 217.0
300.0 319.0 319.0 311.0
218.0 608.0 239.0 595.0
299.0 321.0 319.0 311.0
378.0 352.0 398.0 342.0
358.0 341.0 379.0 330.0
259.0 245.0 275.0 238.0
298.0 320.0 317.0 311.0
330.0 193.0 350.0 183.0
330.0 190.0 348.0 180.0
259.0 246.0 275.0 238.0
218.0 607.0 239.0 595.0
218.0 589.0 238.0 574.0
329.0 190.0 348.0 180.0
301.0 375.0 320.0 365.0
345.0 179.0 363.0 170.0
191.0 425.0 211.0 414.0
379.0 352.0 398.0 342.0
276.0 202.0 294.0 191.0
345.0 180.0 363.0 170.0
357.0 341.0 379.0 330.0
392.0 168.0 412.0 158.0
88.0 268.0 112.0 259.0
392.0 167.0 412.0 158.0
132.0 283.0 154.0 274.0
305.0 228.0 325.0 217.0
330.0 191.0 349.0 181.0
329.0 191.0 349.0 181.0
331.0 193.0 350.0 183.0
191.0 406.0 211.0 395.0
344.0 180.0 362.0 171.0
331.0 192.0 350.0 181.0
303.0 40.0 323.0 24.0
217.0 609.0 238.0 593.0
313.0 365.0 334.0 355.0
335.0 364.0 354.0 355.0
127.0 262.0 149.0 255.0
374.0 103.0 395.0 92.0
302.0 41.0 323.0 24.0
314.0 365.0 334.0 355.0
329.0 192.0 349.0 181.0
258.0 247.0 275.0 238.0
102.0 513.0 127.0 503.0
260.0 246.0 275.0 238.0
379.0 351.0 398.0 342.0
281.0 333.0 302.0 322.0
305.0 431.0 324.0 420.0
131.0 283.0 154.0 274.0
400.0 445.0 417.0 436.0
99.0 321.0 121.0 313.0
299.0 320.0 317.0 311.0
101.0 513.0 127.0 503.0
89.0 267.0 113.0 258.0
101.0 510.0 127.0 503.0
374.0 104.0 395.0 92.0
102.0 512.0 127.0 503.0
191.0 424.0 211.0 414.0
378.0 351.0 398.0 342.0
400.0 444.0 417.0 436.0
303.0 41.0 323.0 24.0
99.0 320.0 121.0 313.0
102.0 510.0 127.0 503.0
277.0 203.0 294.0 192.0
381.0 303.0 397.0 294.0
101.0 509.0 127.0 503.0
298.0 319.0 317.0 311.0
101.0 512.0 127.0 503.0
101.0 511.0 127.0 503.0
210.0 480.0 231.0 469.0
89.0 244.0 111.0 237.0
298.0 85.0 318.0 71.0
127.0 263.0 149.0 255.0
375.0 104.0 395.0 92.0
375.0 103.0 395.0 92.0
335.0 408.0 353.0 398.0
277.0 202.0 294.0 191.0
259.0 247.0 275.0 238.0
297.0 83.0 318.0 71.0
128.0 264.0 149.0 255.0
299.0 319.0 317.0 311.0
129.0 263.0 149.0 255.0
128.0 215.0 149.0 205.0
51.0 247.0 78.0 239.0
191.0 407.0 211.0 395.0
102.0 511.0 127.0 503.0
355.0 357.0 374.0 347.0
192.0 406.0 211.0 395.0
331.0 191.0 349.0 181.0
359.0 167.0 379.0 157.0
88.0 245.0 111.0 237.0
210.0 479.0 231.0 469.0
52.0 248.0 78.0 239.0
99.0 322.0 121.0 313.0
52.0 247.0 79.0 238.0
281.0 334.0 302.0 322.0
98.0 320.0 121.0 313.0
89.0 245.0 111.0 237.0
304.0 430.0 324.0 420.0
191.0 423.0 211.0 414.0
128.0 262.0 149.0 255.0
304.0 431.0 324.0 420.0
128.0 263.0 149.0 255.0
303.0 42.0 323.0 24.0
129.0 262.0 149.0 255.0
280.0 334.0 302.0 322.0
332.0 192.0 350.0 181.0
305.0 430.0 325.0 420.0
98.0 321.0 121.0 313.0
303.0 430.0 324.0 420.0
127.0 264.0 149.0 255.0
98.0 322.0 121.0 313.0
443.0 613.0 460.0 602.0
192.0 424.0 211.0 414.0
401.0 535.0 418.0 525.0
303.0 431.0 324.0 420.0
355.0 358.0 374.0 347.0
53.0 246.0 78.0 239.0
192.0 423.0 211.0 414.0
297.0 84.0 318.0 71.0
266.0 343.0 287.0 331.0
210.0 594.0 233.0 578.0
303.0 43.0 323.0 24.0
277.0 201.0 294.0 191.0
211.0 593.0 233.0 578.0
356.0 358.0 375.0 347.0
52.0 246.0 79.0 238.0
53.0 247.0 78.0 239.0
52.0 271.0 78.0 262.0
192.0 407.0 212.0 395.0
297.0 85.0 318.0 71.0
302.0 42.0 323.0 24.0
54.0 271.0 78.0 262.0
209.0 594.0 233.0 578.0
303.0 432.0 323.0 421.0
54.0 247.0 78.0 239.0
211.0 480.0 231.0 469.0
53.0 272.0 78.0 262.0
211.0 594.0 233.0 578.0
209.0 595.0 233.0 578.0
53.0 271.0 78.0 262.0
87.0 245.0 110.0 237.0
211.0 478.0 231.0 469.0
52.0 272.0 78.0 262.0
443.0 614.0 460.0 602.0
53.0 248.0 78.0 239.0
278.0 202.0 294.0 191.0
302.0 43.0 323.0 24.0
54.0 270.0 78.0 262.0
211.0 479.0 231.0 469.0
442.0 613.0 460.0 602.0
212.0 479.0 231.0 469.0
210.0 595.0 233.0 578.0
278.0 201.0 294.0 191.0
249.0 48.0 268.0 38.0
53.0 270.0 78.0 262.0
291.0 169.0 317.0 157.0
52.0 270.0 80.0 260.0
365.0 616.0 373.0 609.0
419.0 161.0 440.0 150.0
366.0 614.0 373.0 609.0
365.0 615.0 373.0 609.0
322.0 447.0 356.0 445.0
366.0 616.0 373.0 609.0
291.0 170.0 317.0 157.0
323.0 446.0 356.0 445.0
212.0 478.0 231.0 469.0
248.0 48.0 268.0 38.0
366.0 615.0 373.0 609.0
86.0 246.0 110.0 237.0
82.0 271.0 113.0 258.0
420.0 160.0 440.0 150.0
420.0 161.0 440.0 150.0
247.0 47.0 268.0 38.0
303.0 160.0 318.0 157.0
249.0 49.0 268.0 38.0
248.0 49.0 268.0 38.0
85.0 246.0 110.0 237.0
248.0 47.0 268.0 38.0
247.0 49.0 268.0 38.0
322.0 446.0 356.0 445.0
247.0 48.0 268.0 38.0
41.0 197.0 64.0 189.0
249.0 50.0 268.0 38.0
321.0 446.0 356.0 445.0
278.0 200.0 294.0 191.0
427.0 616.0 436.0 607.0
321.0 447.0 356.0 445.0
322.0 445.0 356.0 445.0
247.0 50.0 268.0 38.0
414.0 59.0 435.0 45.0
248.0 50.0 268.0 38.0
427.0 617.0 436.0 607.0
248.0 51.0 268.0 38.0
279.0 201.0 294.0 191.0
430.0 149.0 440.0 150.0
413.0 59.0 435.0 45.0
343.0 425.0 368.0 412.0
413.0 60.0 434.0 46.0
320.0 447.0 335.0 439.0
428.0 616.0 436.0 607.0
21.0 216.0 38.0 208.0
303.0 159.0 318.0 158.0
211.0 626.0 231.0 612.0
247.0 51.0 268.0 38.0
431.0 149.0 440.0 150.0
19.0 216.0 38.0 208.0
193.0 599.0 211.0 586.0
20.0 216.0 38.0 208.0
211.0 627.0 231.0 612.0
342.0 425.0 368.0 412.0
193.0 598.0 211.0 586.0
431.0 148.0 440.0 150.0
375.0 433.0 398.0 411.0
194.0 597.0 211.0 586.0
194.0 599.0 211.0 586.0
375.0 434.0 398.0 411.0
374.0 433.0 398.0 411.0
373.0 120.0 395.0 94.0
194.0 598.0 211.0 586.0
374.0 120.0 395.0 94.0
373.0 122.0 395.0 94.0
369.0 162.0 379.0 158.0
374.0 434.0 398.0 411.0
195.0 598.0 211.0 586.0
373.0 433.0 398.0 411.0
373.0 121.0 395.0 94.0
374.0 121.0 395.0 94.0
369.0 161.0 379.0 158.0
370.0 396.0 402.0 394.0
382.0 629.0 321.0 623.0
383.0 630.0 320.0 624.0
383.0 631.0 320.0 625.0
384.0 630.0 320.0 625.0
382.0 630.0 320.0 624.0
406.0 62.0 434.0 46.0
369.0 396.0 402.0 394.0
370.0 162.0 379.0 158.0
383.0 629.0 320.0 624.0
371.0 139.0 383.0 116.0
370.0 395.0 402.0 394.0
332.0 479.0 335.0 454.0
