219.0 195.0 228.0 189.0
384.0 131.0 395.0 126.0
220.0 196.0 228.0 189.0
383.0 133.0 394.0 126.0
383.0 131.0 394.0 126.0
384.0 133.0 394.0 126.0
275.0 141.0 285.0 135.0
285.0 128.0 293.0 122.0
384.0 132.0 395.0 126.0
171.0 178.0 180.0 172.0
383.0 132.0 394.0 126.0
385.0 131.0 395.0 125.0
285.0 129.0 293.0 122.0
96.0 321.0 106.0 313.0
172.0 179.0 180.0 172.0
297.0 147.0 306.0 141.0
270.0 465.0 274.0 458.0
97.0 322.0 106.0 313.0
275.0 140.0 285.0 135.0
296.0 147.0 306.0 141.0
296.0 146.0 306.0 141.0
284.0 128.0 293.0 122.0
274.0 141.0 284.0 135.0
376.0 494.0 379.0 487.0
131.0 329.0 140.0 319.0
283.0 128.0 293.0 122.0
171.0 179.0 180.0 172.0
271.0 465.0 275.0 458.0
95.0 322.0 106.0 313.0
271.0 466.0 275.0 458.0
274.0 140.0 284.0 135.0
131.0 328.0 140.0 319.0
130.0 329.0 140.0 319.0
284.0 127.0 293.0 122.0
283.0 129.0 293.0 122.0
97.0 321.0 106.0 313.0
296.0 148.0 306.0 141.0
271.0 467.0 275.0 459.0
376.0 495.0 379.0 487.0
270.0 466.0 275.0 459.0
251.0 320.0 257.0 315.0
367.0 74.0 379.0 64.0
385.0 132.0 395.0 125.0
96.0 322.0 106.0 313.0
212.0 37.0 223.0 30.0
295.0 147.0 306.0 141.0
98.0 397.0 107.0 387.0
213.0 37.0 223.0 30.0
284.0 129.0 293.0 122.0
107.0 81.0 118.0 72.0
212.0 38.0 223.0 30.0
98.0 396.0 107.0 386.0
243.0 421.0 248.0 413.0
115.0 323.0 123.0 314.0
367.0 73.0 379.0 64.0
251.0 319.0 257.0 315.0
320.0 565.0 323.0 557.0
145.0 28.0 154.0 22.0
145.0 29.0 155.0 22.0
358.0 89.0 370.0 85.0
261.0 485.0 266.0 477.0
195.0 34.0 208.0 27.0
171.0 180.0 180.0 172.0
90.0 102.0 101.0 92.0
262.0 485.0 266.0 477.0
144.0 29.0 155.0 22.0
96.0 323.0 106.0 313.0
91.0 102.0 101.0 92.0
170.0 179.0 180.0 173.0
144.0 28.0 154.0 22.0
113.0 323.0 123.0 315.0
295.0 148.0 306.0 141.0
358.0 90.0 370.0 85.0
320.0 567.0 323.0 557.0
206.0 181.0 214.0 174.0
196.0 34.0 208.0 27.0
285.0 434.0 289.0 426.0
146.0 28.0 155.0 22.0
261.0 486.0 266.0 477.0
114.0 323.0 123.0 314.0
242.0 421.0 248.0 413.0
242.0 422.0 247.0 414.0
320.0 566.0 323.0 557.0
320.0 568.0 322.0 557.0
250.0 321.0 257.0 315.0
319.0 568.0 322.0 557.0
90.0 103.0 101.0 92.0
114.0 324.0 123.0 315.0
359.0 91.0 370.0 85.0
252.0 320.0 258.0 315.0
229.0 318.0 235.0 312.0
188.0 170.0 196.0 164.0
68.0 446.0 78.0 434.0
319.0 567.0 322.0 557.0
324.0 548.0 326.0 538.0
262.0 486.0 266.0 477.0
203.0 577.0 208.0 564.0
108.0 80.0 118.0 73.0
67.0 466.0 76.0 455.0
243.0 422.0 247.0 414.0
323.0 548.0 327.0 540.0
69.0 445.0 78.0 433.0
206.0 618.0 210.0 605.0
250.0 320.0 257.0 315.0
206.0 182.0 214.0 174.0
203.0 576.0 208.0 564.0
319.0 566.0 322.0 557.0
170.0 347.0 177.0 338.0
203.0 575.0 208.0 564.0
242.0 423.0 247.0 414.0
307.0 484.0 311.0 476.0
324.0 549.0 327.0 540.0
260.0 486.0 266.0 477.0
169.0 347.0 177.0 338.0
202.0 541.0 210.0 526.0
230.0 318.0 235.0 312.0
195.0 35.0 208.0 27.0
113.0 173.0 124.0 165.0
89.0 103.0 101.0 92.0
324.0 550.0 327.0 540.0
284.0 434.0 289.0 426.0
135.0 247.0 142.0 240.0
101.0 187.0 111.0 181.0
279.0 521.0 282.0 511.0
318.0 567.0 322.0 557.0
84.0 134.0 93.0 129.0
278.0 521.0 282.0 511.0
107.0 80.0 118.0 72.0
358.0 490.0 361.0 482.0
278.0 520.0 282.0 511.0
69.0 446.0 78.0 434.0
243.0 423.0 247.0 414.0
114.0 173.0 124.0 165.0
279.0 520.0 282.0 511.0
196.0 35.0 208.0 27.0
206.0 619.0 210.0 605.0
85.0 134.0 93.0 129.0
134.0 247.0 142.0 240.0
230.0 317.0 235.0 312.0
135.0 246.0 142.0 240.0
202.0 576.0 208.0 564.0
275.0 548.0 278.0 537.0
323.0 549.0 327.0 540.0
58.0 392.0 66.0 382.0
307.0 485.0 311.0 476.0
134.0 246.0 142.0 240.0
86.0 134.0 93.0 129.0
275.0 547.0 278.0 537.0
261.0 487.0 267.0 478.0
86.0 135.0 93.0 129.0
206.0 53.0 216.0 45.0
68.0 466.0 76.0 455.0
52.0 411.0 62.0 400.0
358.0 489.0 361.0 482.0
70.0 446.0 78.0 434.0
114.0 174.0 124.0 165.0
85.0 135.0 93.0 129.0
70.0 445.0 78.0 433.0
231.0 318.0 238.0 311.0
144.0 165.0 153.0 160.0
204.0 53.0 215.0 45.0
77.0 321.0 86.0 313.0
192.0 433.0 198.0 424.0
205.0 53.0 216.0 45.0
171.0 402.0 178.0 394.0
58.0 391.0 66.0 382.0
306.0 485.0 311.0 476.0
102.0 188.0 111.0 181.0
193.0 432.0 198.0 424.0
192.0 432.0 198.0 424.0
53.0 411.0 62.0 400.0
203.0 160.0 212.0 153.0
35.0 587.0 42.0 575.0
203.0 161.0 212.0 153.0
231.0 317.0 238.0 311.0
102.0 187.0 111.0 181.0
57.0 391.0 65.0 382.0
115.0 173.0 125.0 165.0
204.0 160.0 212.0 152.0
76.0 321.0 86.0 313.0
115.0 174.0 124.0 165.0
260.0 487.0 267.0 478.0
312.0 458.0 317.0 450.0
276.0 548.0 278.0 537.0
306.0 484.0 310.0 475.0
202.0 160.0 212.0 153.0
118.0 477.0 126.0 468.0
10.0 318.0 18.0 308.0
144.0 164.0 153.0 160.0
57.0 392.0 65.0 382.0
232.0 318.0 238.0 311.0
114.0 172.0 124.0 165.0
69.0 466.0 76.0 455.0
65.0 128.0 75.0 122.0
115.0 172.0 125.0 165.0
76.0 320.0 86.0 313.0
108.0 351.0 115.0 343.0
64.0 128.0 75.0 121.0
191.0 433.0 198.0 424.0
9.0 318.0 18.0 308.0
145.0 165.0 153.0 160.0
35.0 586.0 42.0 575.0
250.0 110.0 263.0 102.0
86.0 515.0 94.0 504.0
107.0 352.0 115.0 343.0
286.0 481.0 291.0 473.0
119.0 475.0 126.0 467.0
107.0 351.0 115.0 343.0
51.0 412.0 61.0 401.0
47.0 328.0 55.0 317.0
171.0 74.0 186.0 65.0
145.0 164.0 153.0 160.0
92.0 423.0 101.0 413.0
251.0 110.0 263.0 103.0
401.0 10.0 416.0 2.0
107.0 350.0 115.0 343.0
75.0 370.0 83.0 361.0
75.0 371.0 83.0 361.0
459.0 117.0 468.0 112.0
47.0 330.0 56.0 317.0
176.0 464.0 184.0 454.0
176.0 465.0 184.0 454.0
170.0 403.0 178.0 394.0
145.0 563.0 156.0 552.0
401.0 9.0 416.0 2.0
458.0 117.0 468.0 112.0
29.0 467.0 37.0 454.0
252.0 111.0 263.0 103.0
103.0 376.0 111.0 367.0
402.0 10.0 416.0 2.0
47.0 329.0 56.0 317.0
170.0 419.0 179.0 411.0
171.0 419.0 179.0 411.0
119.0 477.0 126.0 467.0
103.0 375.0 111.0 367.0
170.0 402.0 178.0 394.0
9.0 317.0 18.0 308.0
402.0 9.0 416.0 2.0
104.0 376.0 112.0 367.0
53.0 412.0 62.0 400.0
74.0 370.0 83.0 361.0
250.0 111.0 263.0 103.0
108.0 350.0 115.0 343.0
190.0 107.0 200.0 98.0
251.0 111.0 263.0 103.0
312.0 457.0 317.0 450.0
119.0 476.0 126.0 467.0
29.0 466.0 37.0 454.0
74.0 371.0 83.0 362.0
179.0 605.0 183.0 592.0
177.0 464.0 184.0 454.0
177.0 605.0 183.0 592.0
177.0 465.0 184.0 454.0
52.0 412.0 61.0 401.0
179.0 606.0 183.0 592.0
28.0 466.0 37.0 454.0
86.0 516.0 94.0 504.0
146.0 165.0 153.0 160.0
106.0 351.0 115.0 343.0
46.0 328.0 55.0 317.0
146.0 164.0 153.0 160.0
104.0 375.0 111.0 367.0
252.0 110.0 263.0 103.0
189.0 108.0 200.0 98.0
106.0 352.0 115.0 343.0
189.0 107.0 200.0 98.0
178.0 605.0 183.0 592.0
85.0 516.0 94.0 504.0
171.0 403.0 178.0 394.0
63.0 128.0 75.0 123.0
28.0 467.0 37.0 454.0
82.0 612.0 90.0 600.0
92.0 422.0 101.0 413.0
207.0 593.0 211.0 581.0
74.0 372.0 83.0 362.0
46.0 330.0 56.0 317.0
46.0 329.0 55.0 317.0
208.0 593.0 211.0 581.0
256.0 43.0 267.0 34.0
197.0 415.0 201.0 402.0
177.0 606.0 183.0 592.0
30.0 320.0 41.0 308.0
312.0 532.0 308.0 523.0
81.0 612.0 90.0 600.0
203.0 167.0 212.0 153.0
129.0 612.0 136.0 598.0
130.0 611.0 136.0 598.0
130.0 612.0 136.0 598.0
144.0 563.0 156.0 552.0
120.0 476.0 126.0 467.0
93.0 422.0 101.0 413.0
255.0 43.0 267.0 34.0
47.0 416.0 60.0 401.0
243.0 81.0 253.0 74.0
163.0 615.0 168.0 603.0
81.0 613.0 90.0 600.0
178.0 607.0 183.0 592.0
116.0 329.0 123.0 315.0
178.0 606.0 183.0 592.0
32.0 318.0 41.0 308.0
93.0 423.0 101.0 413.0
131.0 611.0 136.0 598.0
30.0 319.0 41.0 308.0
82.0 613.0 90.0 600.0
83.0 613.0 90.0 600.0
31.0 318.0 41.0 308.0
254.0 43.0 267.0 34.0
129.0 613.0 136.0 598.0
73.0 371.0 83.0 362.0
177.0 607.0 183.0 592.0
312.0 531.0 308.0 523.0
131.0 612.0 136.0 598.0
244.0 97.0 255.0 90.0
202.0 167.0 212.0 153.0
149.0 86.0 162.0 79.0
225.0 630.0 228.0 615.0
208.0 594.0 211.0 581.0
32.0 319.0 41.0 308.0
31.0 320.0 41.0 308.0
255.0 42.0 267.0 34.0
243.0 80.0 253.0 73.0
225.0 629.0 228.0 615.0
149.0 87.0 162.0 79.0
130.0 613.0 136.0 598.0
31.0 319.0 41.0 308.0
207.0 594.0 211.0 581.0
16.0 73.0 25.0 64.0
224.0 629.0 228.0 614.0
254.0 42.0 267.0 34.0
244.0 81.0 253.0 74.0
95.0 172.0 105.0 157.0
150.0 87.0 162.0 79.0
224.0 630.0 228.0 615.0
245.0 97.0 255.0 90.0
364.0 489.0 362.0 482.0
191.0 325.0 201.0 319.0
192.0 325.0 201.0 319.0
454.0 118.0 467.0 112.0
97.0 172.0 106.0 156.0
207.0 595.0 211.0 581.0
193.0 325.0 201.0 319.0
96.0 172.0 106.0 156.0
244.0 80.0 253.0 74.0
36.0 45.0 47.0 38.0
37.0 45.0 47.0 38.0
4.0 362.0 13.0 353.0
3.0 363.0 13.0 353.0
3.0 362.0 13.0 353.0
68.0 598.0 76.0 586.0
47.0 417.0 60.0 401.0
365.0 489.0 362.0 482.0
191.0 326.0 201.0 319.0
150.0 491.0 158.0 474.0
98.0 172.0 106.0 156.0
69.0 598.0 76.0 586.0
193.0 326.0 201.0 319.0
192.0 326.0 201.0 319.0
70.0 598.0 77.0 586.0
246.0 97.0 255.0 90.0
175.0 329.0 179.0 330.0
56.0 538.0 63.0 525.0
96.0 173.0 105.0 157.0
55.0 537.0 63.0 525.0
97.0 173.0 106.0 156.0
153.0 378.0 165.0 374.0
200.0 341.0 207.0 333.0
199.0 341.0 207.0 333.0
152.0 379.0 165.0 374.0
152.0 378.0 165.0 374.0
56.0 537.0 63.0 525.0
57.0 537.0 63.0 525.0
151.0 379.0 165.0 374.0
57.0 536.0 63.0 525.0
176.0 328.0 179.0 330.0
46.0 42.0 47.0 38.0
56.0 536.0 63.0 525.0
98.0 173.0 106.0 156.0
13.0 574.0 10.0 538.0
151.0 378.0 165.0 374.0
332.0 525.0 324.0 514.0
150.0 379.0 165.0 374.0
98.0 24.0 120.0 24.0
98.0 23.0 120.0 24.0
150.0 378.0 165.0 374.0
333.0 526.0 324.0 514.0
339.0 483.0 317.0 450.0
333.0 525.0 324.0 514.0
51.0 467.0 74.0 456.0
340.0 483.0 317.0 450.0
97.0 24.0 120.0 24.0
