93.0 128.0 77.0 115.0
206.0 368.0 183.0 368.0
396.0 191.0 377.0 199.0
206.0 369.0 183.0 369.0
237.0 353.0 214.0 355.0
396.0 190.0 377.0 199.0
291.0 164.0 275.0 165.0
292.0 163.0 275.0 164.0
94.0 129.0 78.0 115.0
292.0 164.0 275.0 165.0
344.0 135.0 327.0 138.0
343.0 135.0 327.0 138.0
182.0 383.0 158.0 383.0
205.0 369.0 183.0 369.0
342.0 135.0 325.0 139.0
183.0 383.0 158.0 383.0
205.0 368.0 183.0 369.0
95.0 128.0 78.0 115.0
291.0 163.0 275.0 164.0
343.0 134.0 327.0 138.0
84.0 230.0 63.0 220.0
94.0 128.0 78.0 115.0
397.0 191.0 377.0 199.0
284.0 333.0 261.0 337.0
302.0 254.0 283.0 257.0
100.0 221.0 81.0 212.0
182.0 385.0 157.0 384.0
343.0 136.0 327.0 138.0
184.0 382.0 158.0 383.0
183.0 382.0 158.0 383.0
150.0 90.0 137.0 79.0
397.0 190.0 379.0 198.0
284.0 334.0 261.0 337.0
182.0 384.0 157.0 384.0
283.0 334.0 261.0 337.0
283.0 333.0 261.0 337.0
342.0 136.0 325.0 139.0
184.0 383.0 158.0 383.0
127.0 479.0 102.0 474.0
151.0 89.0 137.0 79.0
150.0 91.0 137.0 79.0
236.0 353.0 214.0 354.0
124.0 336.0 99.0 333.0
123.0 336.0 99.0 333.0
320.0 259.0 301.0 263.0
267.0 209.0 249.0 210.0
152.0 90.0 137.0 79.0
183.0 384.0 158.0 384.0
151.0 91.0 137.0 79.0
281.0 317.0 259.0 320.0
302.0 255.0 283.0 257.0
285.0 334.0 261.0 337.0
290.0 163.0 275.0 164.0
236.0 354.0 214.0 355.0
320.0 258.0 301.0 262.0
108.0 206.0 89.0 198.0
290.0 164.0 275.0 165.0
151.0 90.0 137.0 79.0
150.0 89.0 137.0 78.0
266.0 329.0 243.0 333.0
68.0 214.0 48.0 202.0
320.0 260.0 301.0 263.0
331.0 276.0 311.0 283.0
124.0 335.0 99.0 333.0
377.0 214.0 359.0 219.0
280.0 317.0 259.0 320.0
185.0 383.0 158.0 383.0
319.0 259.0 301.0 263.0
282.0 333.0 261.0 337.0
398.0 190.0 379.0 198.0
183.0 385.0 157.0 384.0
107.0 207.0 88.0 198.0
396.0 117.0 378.0 124.0
249.0 241.0 228.0 240.0
303.0 254.0 283.0 257.0
107.0 206.0 88.0 198.0
192.0 235.0 172.0 233.0
330.0 277.0 311.0 283.0
190.0 235.0 171.0 233.0
378.0 214.0 359.0 219.0
249.0 240.0 228.0 240.0
319.0 260.0 301.0 263.0
265.0 329.0 243.0 333.0
331.0 277.0 311.0 283.0
123.0 335.0 99.0 333.0
178.0 149.0 162.0 144.0
100.0 187.0 80.0 176.0
228.0 581.0 197.0 583.0
321.0 259.0 301.0 263.0
320.0 355.0 299.0 361.0
303.0 255.0 283.0 257.0
269.0 209.0 252.0 209.0
154.0 357.0 130.0 357.0
130.0 275.0 108.0 272.0
270.0 66.0 256.0 64.0
268.0 209.0 250.0 210.0
227.0 581.0 197.0 583.0
184.0 384.0 158.0 384.0
248.0 240.0 228.0 240.0
281.0 316.0 259.0 320.0
213.0 207.0 194.0 206.0
279.0 317.0 259.0 320.0
100.0 188.0 80.0 176.0
99.0 187.0 80.0 176.0
269.0 208.0 252.0 209.0
68.0 215.0 48.0 202.0
228.0 580.0 197.0 583.0
269.0 66.0 256.0 64.0
191.0 235.0 172.0 233.0
193.0 235.0 172.0 233.0
106.0 206.0 88.0 198.0
107.0 205.0 88.0 198.0
229.0 134.0 213.0 130.0
280.0 316.0 259.0 320.0
192.0 236.0 172.0 234.0
212.0 207.0 194.0 206.0
319.0 355.0 297.0 360.0
365.0 278.0 345.0 283.0
193.0 236.0 172.0 234.0
265.0 328.0 243.0 333.0
178.0 148.0 162.0 144.0
108.0 205.0 89.0 198.0
68.0 216.0 48.0 202.0
230.0 135.0 213.0 130.0
229.0 295.0 207.0 301.0
230.0 134.0 213.0 130.0
178.0 126.0 163.0 118.0
229.0 296.0 207.0 301.0
321.0 260.0 301.0 263.0
67.0 215.0 48.0 202.0
179.0 149.0 164.0 144.0
191.0 236.0 172.0 233.0
178.0 150.0 162.0 144.0
69.0 214.0 48.0 202.0
179.0 150.0 164.0 144.0
397.0 117.0 378.0 124.0
268.0 208.0 251.0 209.0
319.0 356.0 299.0 361.0
110.0 419.0 85.0 415.0
191.0 234.0 172.0 233.0
179.0 126.0 163.0 118.0
320.0 356.0 299.0 361.0
69.0 215.0 48.0 202.0
153.0 357.0 129.0 357.0
152.0 265.0 130.0 261.0
155.0 312.0 131.0 308.0
424.0 115.0 407.0 123.0
360.0 251.0 340.0 257.0
365.0 279.0 345.0 283.0
270.0 65.0 256.0 64.0
139.0 132.0 121.0 125.0
107.0 173.0 89.0 162.0
360.0 252.0 340.0 257.0
416.0 130.0 398.0 136.0
95.0 160.0 77.0 148.0
198.0 298.0 178.0 301.0
370.0 231.0 349.0 238.0
231.0 135.0 213.0 130.0
123.0 334.0 99.0 333.0
111.0 419.0 85.0 415.0
231.0 134.0 213.0 130.0
244.0 274.0 226.0 276.0
229.0 297.0 207.0 301.0
397.0 116.0 378.0 124.0
279.0 316.0 259.0 320.0
189.0 254.0 167.0 255.0
112.0 419.0 85.0 415.0
244.0 275.0 226.0 276.0
189.0 255.0 167.0 255.0
94.0 263.0 73.0 253.0
106.0 306.0 82.0 299.0
366.0 279.0 345.0 285.0
168.0 211.0 152.0 210.0
188.0 255.0 167.0 255.0
269.0 65.0 256.0 64.0
192.0 237.0 172.0 234.0
366.0 278.0 345.0 283.0
197.0 298.0 178.0 301.0
101.0 188.0 80.0 176.0
105.0 307.0 82.0 299.0
287.0 34.0 272.0 31.0
123.0 359.0 97.0 354.0
112.0 418.0 85.0 415.0
151.0 48.0 136.0 40.0
270.0 207.0 252.0 209.0
188.0 254.0 167.0 255.0
364.0 279.0 343.0 284.0
155.0 313.0 131.0 308.0
174.0 368.0 149.0 368.0
179.0 151.0 164.0 144.0
173.0 368.0 149.0 368.0
111.0 420.0 85.0 415.0
104.0 306.0 82.0 299.0
293.0 229.0 273.0 231.0
230.0 296.0 207.0 301.0
288.0 34.0 273.0 31.0
110.0 376.0 84.0 372.0
435.0 92.0 416.0 99.0
230.0 297.0 207.0 301.0
269.0 207.0 251.0 209.0
106.0 173.0 89.0 162.0
179.0 125.0 163.0 118.0
178.0 125.0 163.0 118.0
153.0 49.0 136.0 40.0
293.0 228.0 273.0 230.0
232.0 315.0 205.0 319.0
288.0 33.0 272.0 31.0
94.0 160.0 77.0 148.0
111.0 418.0 86.0 413.0
105.0 306.0 82.0 299.0
174.0 369.0 149.0 368.0
280.0 315.0 259.0 320.0
167.0 211.0 152.0 211.0
435.0 93.0 416.0 99.0
152.0 48.0 136.0 40.0
435.0 94.0 416.0 99.0
292.0 228.0 273.0 230.0
325.0 277.0 311.0 283.0
417.0 129.0 398.0 136.0
152.0 49.0 136.0 40.0
95.0 159.0 77.0 148.0
110.0 374.0 84.0 372.0
289.0 34.0 273.0 31.0
135.0 137.0 121.0 125.0
172.0 368.0 149.0 368.0
122.0 358.0 97.0 354.0
107.0 172.0 89.0 162.0
180.0 126.0 163.0 118.0
187.0 254.0 167.0 255.0
289.0 33.0 273.0 31.0
122.0 359.0 97.0 354.0
173.0 369.0 149.0 368.0
436.0 91.0 416.0 99.0
151.0 49.0 136.0 40.0
325.0 278.0 311.0 283.0
110.0 375.0 84.0 372.0
104.0 307.0 82.0 299.0
155.0 314.0 132.0 308.0
111.0 375.0 84.0 372.0
154.0 313.0 131.0 308.0
109.0 375.0 84.0 372.0
138.0 133.0 121.0 125.0
154.0 312.0 131.0 309.0
99.0 406.0 72.0 410.0
267.0 34.0 253.0 30.0
436.0 92.0 416.0 99.0
112.0 420.0 85.0 415.0
100.0 406.0 72.0 410.0
450.0 120.0 435.0 128.0
324.0 278.0 311.0 283.0
436.0 93.0 416.0 99.0
290.0 34.0 273.0 31.0
106.0 48.0 91.0 35.0
210.0 130.0 199.0 126.0
268.0 34.0 253.0 30.0
207.0 297.0 186.0 300.0
450.0 121.0 435.0 128.0
153.0 50.0 136.0 40.0
443.0 468.0 412.0 476.0
180.0 125.0 163.0 118.0
294.0 229.0 273.0 231.0
437.0 91.0 416.0 99.0
107.0 49.0 91.0 35.0
152.0 50.0 136.0 40.0
207.0 298.0 186.0 301.0
437.0 93.0 416.0 99.0
437.0 92.0 416.0 99.0
106.0 49.0 91.0 35.0
210.0 129.0 199.0 126.0
36.0 160.0 17.0 144.0
100.0 405.0 72.0 410.0
294.0 228.0 274.0 230.0
94.0 159.0 77.0 148.0
208.0 298.0 186.0 301.0
111.0 374.0 84.0 372.0
172.0 369.0 149.0 368.0
45.0 127.0 29.0 108.0
431.0 176.0 407.0 185.0
45.0 126.0 29.0 108.0
101.0 406.0 72.0 410.0
106.0 172.0 89.0 162.0
324.0 279.0 311.0 283.0
105.0 48.0 91.0 35.0
99.0 405.0 72.0 410.0
209.0 130.0 199.0 126.0
257.0 34.0 244.0 29.0
295.0 228.0 274.0 230.0
157.0 293.0 134.0 290.0
107.0 50.0 91.0 35.0
451.0 120.0 436.0 128.0
157.0 294.0 134.0 290.0
36.0 161.0 17.0 144.0
46.0 125.0 29.0 108.0
47.0 128.0 30.0 108.0
101.0 405.0 72.0 410.0
105.0 49.0 91.0 35.0
46.0 128.0 29.0 108.0
37.0 159.0 18.0 144.0
158.0 293.0 136.0 291.0
209.0 129.0 199.0 126.0
106.0 50.0 91.0 35.0
46.0 129.0 29.0 108.0
47.0 127.0 30.0 105.0
220.0 172.0 202.0 168.0
47.0 125.0 30.0 105.0
157.0 54.0 143.0 44.0
46.0 126.0 30.0 105.0
46.0 127.0 30.0 105.0
158.0 294.0 136.0 291.0
47.0 129.0 30.0 108.0
47.0 126.0 30.0 105.0
145.0 84.0 136.0 78.0
220.0 171.0 202.0 168.0
221.0 171.0 202.0 168.0
208.0 129.0 199.0 126.0
58.0 245.0 36.0 233.0
220.0 170.0 202.0 168.0
58.0 244.0 36.0 233.0
101.0 83.0 89.0 80.0
447.0 136.0 429.0 146.0
441.0 88.0 425.0 98.0
125.0 499.0 101.0 474.0
100.0 83.0 89.0 80.0
465.0 461.0 463.0 397.0
124.0 499.0 101.0 474.0
261.0 64.0 256.0 63.0
448.0 136.0 430.0 146.0
465.0 460.0 463.0 397.0
463.0 461.0 435.0 472.0
101.0 82.0 89.0 80.0
448.0 135.0 430.0 146.0
464.0 461.0 435.0 472.0
449.0 135.0 430.0 146.0
463.0 460.0 435.0 472.0
93.0 422.0 70.0 411.0
92.0 422.0 70.0 411.0
260.0 64.0 256.0 63.0
464.0 460.0 463.0 397.0
125.0 500.0 101.0 474.0
124.0 500.0 101.0 474.0
100.0 82.0 89.0 80.0
71.0 364.0 42.0 361.0
94.0 422.0 71.0 411.0
72.0 364.0 42.0 361.0
92.0 423.0 70.0 411.0
262.0 47.0 244.0 30.0
71.0 365.0 42.0 361.0
124.0 501.0 101.0 474.0
73.0 364.0 42.0 361.0
125.0 501.0 101.0 474.0
94.0 423.0 71.0 411.0
263.0 47.0 253.0 30.0
475.0 221.0 458.0 230.0
31.0 136.0 28.0 106.0
319.0 235.0 315.0 226.0
93.0 423.0 71.0 411.0
73.0 365.0 42.0 361.0
72.0 365.0 42.0 361.0
264.0 47.0 253.0 30.0
124.0 502.0 101.0 474.0
264.0 48.0 253.0 30.0
474.0 223.0 458.0 230.0
102.0 249.0 73.0 253.0
475.0 223.0 458.0 230.0
125.0 502.0 101.0 474.0
320.0 235.0 315.0 226.0
31.0 137.0 28.0 106.0
263.0 48.0 253.0 30.0
169.0 95.0 160.0 92.0
174.0 355.0 151.0 368.0
175.0 355.0 151.0 368.0
475.0 222.0 458.0 230.0
474.0 222.0 458.0 230.0
