446.0 403.0 445.0 402.0
447.0 404.0 445.0 402.0
447.0 403.0 445.0 402.0
334.0 545.0 333.0 543.0
254.0 212.0 255.0 211.0
420.0 13.0 419.0 12.0
423.0 171.0 422.0 170.0
334.0 544.0 333.0 542.0
275.0 58.0 274.0 56.0
254.0 211.0 254.0 210.0
317.0 291.0 316.0 289.0
446.0 402.0 445.0 401.0
423.0 170.0 422.0 169.0
275.0 57.0 274.0 56.0
274.0 347.0 274.0 345.0
274.0 346.0 274.0 345.0
422.0 172.0 422.0 170.0
275.0 56.0 274.0 56.0
275.0 346.0 274.0 344.0
254.0 213.0 255.0 211.0
333.0 544.0 332.0 542.0
290.0 468.0 289.0 465.0
275.0 347.0 274.0 345.0
420.0 12.0 418.0 11.0
436.0 307.0 434.0 306.0
276.0 57.0 276.0 57.0
255.0 213.0 255.0 211.0
255.0 211.0 255.0 210.0
448.0 403.0 446.0 401.0
424.0 170.0 422.0 169.0
334.0 543.0 333.0 542.0
386.0 92.0 385.0 91.0
316.0 292.0 316.0 289.0
255.0 212.0 255.0 211.0
318.0 293.0 317.0 291.0
427.0 35.0 425.0 34.0
386.0 93.0 385.0 92.0
405.0 565.0 404.0 563.0
422.0 170.0 422.0 169.0
435.0 308.0 434.0 306.0
422.0 171.0 422.0 170.0
221.0 270.0 222.0 268.0
276.0 58.0 276.0 57.0
316.0 293.0 316.0 289.0
435.0 307.0 434.0 306.0
385.0 577.0 384.0 574.0
458.0 370.0 456.0 368.0
428.0 34.0 427.0 34.0
276.0 56.0 276.0 57.0
365.0 385.0 364.0 383.0
447.0 402.0 445.0 401.0
323.0 416.0 323.0 415.0
317.0 292.0 316.0 289.0
428.0 35.0 427.0 34.0
467.0 223.0 466.0 222.0
223.0 270.0 223.0 269.0
223.0 269.0 223.0 269.0
421.0 12.0 419.0 12.0
324.0 416.0 323.0 415.0
427.0 284.0 427.0 282.0
256.0 234.0 255.0 232.0
408.0 389.0 407.0 388.0
290.0 466.0 289.0 464.0
423.0 172.0 422.0 170.0
427.0 560.0 424.0 558.0
385.0 287.0 384.0 286.0
385.0 288.0 385.0 286.0
428.0 285.0 427.0 282.0
254.0 162.0 254.0 161.0
386.0 287.0 385.0 286.0
222.0 270.0 222.0 269.0
323.0 417.0 323.0 415.0
459.0 369.0 457.0 367.0
256.0 233.0 255.0 232.0
290.0 467.0 289.0 464.0
333.0 545.0 332.0 542.0
222.0 269.0 222.0 268.0
421.0 13.0 419.0 12.0
427.0 34.0 426.0 33.0
289.0 468.0 288.0 465.0
254.0 163.0 254.0 161.0
426.0 35.0 425.0 33.0
436.0 308.0 434.0 307.0
322.0 566.0 321.0 563.0
289.0 467.0 288.0 464.0
389.0 389.0 387.0 387.0
255.0 234.0 255.0 232.0
434.0 66.0 433.0 65.0
458.0 369.0 457.0 367.0
229.0 185.0 230.0 184.0
432.0 218.0 431.0 217.0
372.0 353.0 371.0 351.0
427.0 203.0 427.0 201.0
366.0 385.0 364.0 383.0
434.0 67.0 433.0 65.0
427.0 201.0 426.0 200.0
387.0 93.0 385.0 92.0
324.0 418.0 323.0 415.0
427.0 285.0 427.0 282.0
48.0 251.0 50.0 245.0
427.0 561.0 424.0 558.0
324.0 417.0 323.0 415.0
456.0 323.0 454.0 322.0
310.0 521.0 309.0 518.0
256.0 232.0 255.0 232.0
459.0 368.0 457.0 367.0
455.0 324.0 454.0 322.0
410.0 269.0 409.0 267.0
318.0 292.0 316.0 291.0
426.0 560.0 423.0 558.0
466.0 223.0 465.0 222.0
409.0 270.0 407.0 268.0
397.0 41.0 395.0 40.0
427.0 202.0 426.0 200.0
443.0 258.0 442.0 256.0
443.0 257.0 442.0 256.0
455.0 323.0 454.0 322.0
377.0 336.0 375.0 334.0
322.0 567.0 321.0 563.0
319.0 492.0 319.0 489.0
428.0 201.0 426.0 200.0
310.0 520.0 309.0 518.0
317.0 293.0 316.0 291.0
459.0 370.0 457.0 368.0
428.0 202.0 427.0 201.0
426.0 388.0 425.0 388.0
429.0 202.0 427.0 201.0
428.0 284.0 427.0 282.0
435.0 67.0 433.0 65.0
386.0 288.0 386.0 287.0
423.0 169.0 422.0 168.0
426.0 561.0 424.0 558.0
430.0 340.0 428.0 338.0
323.0 567.0 321.0 563.0
467.0 224.0 466.0 223.0
428.0 310.0 426.0 309.0
442.0 257.0 440.0 256.0
319.0 493.0 318.0 490.0
386.0 577.0 384.0 574.0
467.0 117.0 465.0 115.0
389.0 390.0 387.0 387.0
430.0 339.0 428.0 338.0
230.0 185.0 231.0 184.0
426.0 284.0 425.0 282.0
429.0 310.0 426.0 309.0
456.0 324.0 454.0 322.0
444.0 46.0 443.0 46.0
320.0 492.0 319.0 489.0
444.0 257.0 442.0 256.0
252.0 187.0 252.0 184.0
431.0 339.0 428.0 338.0
216.0 152.0 216.0 149.0
333.0 546.0 332.0 544.0
320.0 493.0 319.0 489.0
406.0 565.0 404.0 562.0
255.0 233.0 255.0 232.0
409.0 269.0 407.0 267.0
427.0 388.0 425.0 388.0
429.0 203.0 427.0 201.0
311.0 521.0 310.0 518.0
439.0 263.0 437.0 262.0
230.0 186.0 231.0 184.0
468.0 224.0 466.0 223.0
215.0 152.0 215.0 150.0
406.0 566.0 404.0 563.0
443.0 46.0 443.0 46.0
49.0 250.0 50.0 245.0
407.0 389.0 406.0 387.0
457.0 323.0 454.0 322.0
430.0 407.0 429.0 406.0
468.0 223.0 466.0 222.0
432.0 219.0 431.0 217.0
467.0 222.0 465.0 222.0
252.0 186.0 252.0 184.0
311.0 522.0 310.0 518.0
407.0 390.0 405.0 389.0
322.0 568.0 321.0 563.0
431.0 340.0 428.0 338.0
426.0 562.0 424.0 558.0
49.0 251.0 50.0 245.0
215.0 151.0 215.0 149.0
325.0 417.0 323.0 415.0
255.0 232.0 255.0 232.0
387.0 92.0 386.0 92.0
372.0 354.0 371.0 352.0
467.0 116.0 465.0 115.0
406.0 564.0 404.0 562.0
433.0 217.0 431.0 217.0
442.0 256.0 440.0 256.0
407.0 566.0 405.0 563.0
456.0 322.0 454.0 322.0
433.0 218.0 431.0 217.0
373.0 353.0 371.0 351.0
216.0 151.0 216.0 149.0
414.0 434.0 412.0 433.0
460.0 369.0 457.0 367.0
48.0 250.0 50.0 245.0
438.0 263.0 437.0 262.0
432.0 217.0 431.0 217.0
450.0 48.0 449.0 47.0
465.0 67.0 464.0 59.0
216.0 220.0 216.0 218.0
444.0 47.0 443.0 46.0
320.0 491.0 319.0 489.0
438.0 262.0 436.0 261.0
291.0 467.0 289.0 464.0
323.0 568.0 321.0 563.0
378.0 336.0 375.0 334.0
466.0 117.0 465.0 115.0
214.0 151.0 214.0 149.0
291.0 468.0 289.0 464.0
325.0 582.0 324.0 578.0
48.0 249.0 50.0 245.0
428.0 203.0 426.0 202.0
425.0 561.0 423.0 558.0
433.0 219.0 431.0 217.0
413.0 433.0 412.0 433.0
311.0 520.0 310.0 518.0
408.0 390.0 406.0 388.0
432.0 220.0 431.0 217.0
229.0 186.0 231.0 184.0
455.0 322.0 454.0 322.0
426.0 285.0 424.0 283.0
215.0 220.0 216.0 218.0
339.0 529.0 337.0 526.0
466.0 116.0 465.0 115.0
431.0 218.0 431.0 217.0
407.0 565.0 405.0 562.0
253.0 186.0 252.0 184.0
215.0 219.0 215.0 218.0
410.0 270.0 409.0 267.0
216.0 219.0 216.0 217.0
460.0 368.0 458.0 366.0
414.0 433.0 413.0 433.0
457.0 324.0 454.0 322.0
375.0 210.0 372.0 209.0
465.0 68.0 464.0 59.0
215.0 150.0 216.0 149.0
427.0 389.0 425.0 388.0
339.0 527.0 338.0 524.0
386.0 578.0 384.0 574.0
340.0 529.0 337.0 526.0
253.0 188.0 252.0 184.0
441.0 422.0 440.0 421.0
465.0 557.0 464.0 555.0
415.0 434.0 414.0 432.0
253.0 187.0 252.0 184.0
448.0 559.0 448.0 557.0
254.0 187.0 253.0 184.0
427.0 286.0 425.0 284.0
431.0 408.0 429.0 406.0
449.0 559.0 448.0 557.0
254.0 186.0 253.0 184.0
253.0 185.0 252.0 184.0
450.0 559.0 449.0 557.0
374.0 210.0 372.0 209.0
466.0 556.0 465.0 555.0
328.0 507.0 327.0 505.0
415.0 432.0 414.0 431.0
468.0 222.0 466.0 222.0
449.0 558.0 449.0 557.0
448.0 560.0 448.0 557.0
325.0 583.0 324.0 578.0
437.0 263.0 436.0 262.0
437.0 262.0 441.0 256.0
326.0 582.0 324.0 578.0
49.0 252.0 50.0 245.0
413.0 432.0 412.0 433.0
460.0 249.0 457.0 249.0
471.0 10.0 470.0 8.0
442.0 424.0 440.0 421.0
373.0 354.0 371.0 352.0
449.0 560.0 449.0 557.0
191.0 198.0 191.0 196.0
465.0 243.0 464.0 242.0
414.0 432.0 413.0 431.0
402.0 488.0 402.0 494.0
472.0 10.0 470.0 8.0
472.0 8.0 471.0 7.0
192.0 197.0 192.0 195.0
431.0 407.0 429.0 406.0
339.0 528.0 338.0 525.0
475.0 298.0 474.0 296.0
340.0 530.0 337.0 526.0
450.0 560.0 449.0 557.0
477.0 298.0 474.0 296.0
192.0 222.0 192.0 219.0
477.0 297.0 474.0 296.0
191.0 221.0 191.0 219.0
414.0 431.0 413.0 430.0
476.0 297.0 474.0 296.0
459.0 250.0 457.0 249.0
191.0 222.0 192.0 219.0
467.0 558.0 465.0 555.0
449.0 48.0 448.0 47.0
476.0 298.0 474.0 296.0
473.0 10.0 470.0 8.0
466.0 558.0 464.0 555.0
450.0 72.0 447.0 71.0
250.0 342.0 250.0 334.0
473.0 9.0 470.0 8.0
374.0 209.0 372.0 208.0
476.0 299.0 474.0 296.0
216.0 221.0 216.0 218.0
191.0 220.0 191.0 219.0
373.0 209.0 372.0 208.0
441.0 424.0 440.0 421.0
191.0 197.0 192.0 195.0
472.0 9.0 470.0 8.0
415.0 433.0 414.0 432.0
215.0 221.0 216.0 218.0
467.0 557.0 465.0 555.0
441.0 423.0 440.0 421.0
450.0 73.0 448.0 72.0
466.0 243.0 464.0 242.0
426.0 152.0 423.0 151.0
375.0 209.0 372.0 209.0
287.0 485.0 286.0 475.0
471.0 9.0 470.0 8.0
449.0 72.0 447.0 71.0
466.0 557.0 465.0 555.0
425.0 152.0 423.0 151.0
192.0 198.0 192.0 195.0
192.0 220.0 191.0 219.0
440.0 423.0 439.0 420.0
465.0 244.0 463.0 243.0
38.0 157.0 41.0 152.0
215.0 197.0 215.0 195.0
192.0 221.0 192.0 219.0
378.0 189.0 376.0 188.0
326.0 583.0 324.0 578.0
363.0 317.0 362.0 316.0
451.0 72.0 448.0 71.0
39.0 232.0 40.0 230.0
191.0 196.0 192.0 195.0
450.0 71.0 447.0 71.0
37.0 157.0 41.0 152.0
466.0 244.0 463.0 243.0
39.0 233.0 40.0 230.0
288.0 485.0 286.0 475.0
214.0 198.0 213.0 196.0
377.0 189.0 377.0 188.0
214.0 197.0 214.0 196.0
467.0 622.0 470.0 618.0
375.0 208.0 372.0 208.0
326.0 584.0 324.0 578.0
288.0 486.0 286.0 475.0
38.0 233.0 40.0 229.0
374.0 208.0 372.0 208.0
340.0 528.0 338.0 525.0
288.0 484.0 286.0 475.0
91.0 251.0 93.0 248.0
362.0 318.0 362.0 316.0
467.0 624.0 470.0 618.0
92.0 251.0 93.0 248.0
49.0 459.0 43.0 454.0
361.0 318.0 362.0 316.0
363.0 318.0 362.0 316.0
364.0 317.0 362.0 316.0
38.0 232.0 40.0 229.0
13.0 462.0 18.0 454.0
143.0 231.0 143.0 229.0
37.0 233.0 39.0 228.0
50.0 458.0 43.0 454.0
363.0 194.0 358.0 190.0
91.0 252.0 93.0 248.0
143.0 232.0 143.0 229.0
50.0 459.0 43.0 454.0
150.0 171.0 151.0 170.0
93.0 251.0 93.0 248.0
51.0 459.0 43.0 454.0
92.0 252.0 93.0 248.0
142.0 231.0 143.0 229.0
39.0 320.0 31.0 316.0
289.0 485.0 286.0 475.0
50.0 460.0 43.0 454.0
359.0 144.0 360.0 148.0
13.0 463.0 18.0 454.0
289.0 486.0 286.0 475.0
150.0 172.0 151.0 170.0
151.0 172.0 151.0 170.0
358.0 144.0 360.0 148.0
151.0 171.0 151.0 170.0
149.0 172.0 151.0 170.0
12.0 462.0 18.0 454.0
142.0 232.0 143.0 229.0
93.0 252.0 93.0 248.0
331.0 513.0 328.0 506.0
24.0 462.0 18.0 454.0
100.0 598.0 126.0 592.0
25.0 462.0 18.0 454.0
359.0 143.0 360.0 148.0
357.0 143.0 360.0 148.0
331.0 514.0 328.0 506.0
332.0 514.0 328.0 506.0
100.0 599.0 126.0 592.0
358.0 143.0 360.0 148.0
283.0 200.0 281.0 184.0
283.0 201.0 281.0 184.0
402.0 274.0 407.0 268.0
359.0 142.0 360.0 148.0
12.0 463.0 18.0 454.0
282.0 201.0 281.0 184.0
15.0 322.0 31.0 316.0
14.0 322.0 31.0 316.0
358.0 142.0 360.0 148.0
75.0 247.0 92.0 248.0
401.0 274.0 407.0 267.0
74.0 247.0 92.0 248.0
114.0 235.0 143.0 228.0
63.0 459.0 43.0 454.0
115.0 235.0 143.0 228.0
377.0 305.0 386.0 288.0
377.0 304.0 386.0 288.0
64.0 459.0 43.0 454.0
116.0 235.0 143.0 228.0
181.0 151.0 192.0 149.0
116.0 234.0 143.0 228.0
376.0 305.0 386.0 288.0
180.0 151.0 192.0 149.0
115.0 234.0 143.0 228.0
8.0 317.0 31.0 316.0
131.0 147.0 107.0 137.0
132.0 146.0 107.0 137.0
131.0 146.0 107.0 137.0
347.0 575.0 341.0 586.0
348.0 576.0 341.0 586.0
132.0 147.0 107.0 137.0
133.0 147.0 107.0 137.0
347.0 574.0 341.0 586.0
348.0 575.0 341.0 586.0
348.0 574.0 341.0 586.0
287.0 384.0 290.0 424.0
51.0 611.0 56.0 598.0
287.0 383.0 290.0 424.0
50.0 611.0 56.0 598.0
286.0 384.0 290.0 424.0
349.0 575.0 341.0 586.0
52.0 322.0 99.0 315.0
287.0 382.0 290.0 424.0
351.0 74.0 355.0 95.0
286.0 383.0 290.0 424.0
349.0 574.0 341.0 586.0
