45.0 125.0 49.0 123.0
27.0 206.0 29.0 205.0
26.0 206.0 29.0 205.0
45.0 124.0 48.0 123.0
27.0 205.0 29.0 205.0
28.0 205.0 29.0 205.0
445.0 459.0 449.0 463.0
44.0 124.0 48.0 123.0
26.0 205.0 29.0 205.0
17.0 437.0 17.0 437.0
16.0 437.0 17.0 437.0
43.0 84.0 45.0 82.0
8.0 146.0 10.0 144.0
444.0 459.0 450.0 462.0
7.0 146.0 10.0 144.0
15.0 437.0 17.0 437.0
16.0 436.0 17.0 437.0
443.0 459.0 450.0 462.0
43.0 85.0 46.0 83.0
110.0 273.0 116.0 274.0
169.0 105.0 174.0 107.0
444.0 458.0 450.0 462.0
386.0 284.0 395.0 289.0
111.0 272.0 116.0 273.0
126.0 422.0 133.0 421.0
169.0 106.0 174.0 107.0
44.0 125.0 48.0 123.0
347.0 552.0 353.0 551.0
301.0 585.0 307.0 583.0
439.0 280.0 446.0 287.0
443.0 458.0 450.0 462.0
111.0 273.0 116.0 274.0
43.0 86.0 46.0 83.0
7.0 147.0 10.0 144.0
164.0 513.0 172.0 511.0
42.0 84.0 45.0 82.0
445.0 458.0 450.0 462.0
169.0 104.0 174.0 107.0
438.0 280.0 446.0 287.0
108.0 468.0 113.0 468.0
438.0 281.0 446.0 287.0
111.0 274.0 116.0 274.0
154.0 270.0 160.0 272.0
110.0 274.0 116.0 274.0
16.0 106.0 18.0 101.0
126.0 423.0 133.0 421.0
386.0 282.0 395.0 289.0
439.0 281.0 446.0 287.0
386.0 283.0 395.0 289.0
397.0 227.0 405.0 234.0
168.0 105.0 174.0 107.0
72.0 292.0 79.0 291.0
42.0 86.0 45.0 82.0
78.0 234.0 83.0 233.0
387.0 283.0 395.0 289.0
73.0 292.0 79.0 291.0
466.0 585.0 471.0 587.0
271.0 388.0 278.0 391.0
73.0 293.0 79.0 291.0
17.0 106.0 18.0 101.0
385.0 283.0 395.0 289.0
9.0 391.0 14.0 388.0
118.0 328.0 125.0 329.0
403.0 272.0 412.0 278.0
466.0 586.0 471.0 587.0
302.0 585.0 307.0 583.0
137.0 294.0 144.0 295.0
42.0 85.0 45.0 82.0
198.0 356.0 204.0 359.0
77.0 234.0 83.0 233.0
10.0 391.0 14.0 388.0
16.0 107.0 18.0 101.0
271.0 387.0 278.0 391.0
197.0 356.0 203.0 358.0
275.0 451.0 281.0 451.0
72.0 293.0 79.0 291.0
381.0 200.0 388.0 207.0
270.0 387.0 278.0 391.0
48.0 188.0 52.0 187.0
381.0 201.0 388.0 207.0
272.0 388.0 278.0 391.0
270.0 389.0 278.0 391.0
387.0 282.0 395.0 289.0
467.0 585.0 471.0 587.0
78.0 235.0 83.0 233.0
61.0 494.0 68.0 491.0
142.0 449.0 148.0 449.0
137.0 293.0 144.0 295.0
467.0 495.0 474.0 499.0
345.0 417.0 353.0 420.0
116.0 360.0 124.0 361.0
9.0 392.0 14.0 389.0
350.0 145.0 357.0 150.0
162.0 354.0 169.0 355.0
164.0 543.0 171.0 542.0
122.0 439.0 127.0 437.0
17.0 107.0 18.0 101.0
121.0 440.0 127.0 437.0
275.0 450.0 281.0 451.0
121.0 439.0 127.0 437.0
118.0 329.0 125.0 329.0
141.0 449.0 148.0 449.0
270.0 388.0 278.0 391.0
49.0 189.0 52.0 187.0
144.0 412.0 149.0 411.0
271.0 389.0 278.0 391.0
60.0 494.0 68.0 491.0
396.0 227.0 405.0 234.0
466.0 584.0 471.0 587.0
142.0 411.0 149.0 411.0
235.0 538.0 242.0 538.0
60.0 495.0 68.0 491.0
228.0 554.0 238.0 552.0
37.0 506.0 42.0 505.0
116.0 361.0 123.0 362.0
444.0 28.0 454.0 35.0
116.0 362.0 123.0 362.0
136.0 293.0 144.0 295.0
299.0 482.0 305.0 482.0
136.0 294.0 144.0 295.0
387.0 432.0 394.0 435.0
453.0 566.0 459.0 568.0
396.0 228.0 405.0 234.0
121.0 438.0 127.0 437.0
465.0 585.0 471.0 587.0
49.0 188.0 52.0 187.0
346.0 416.0 353.0 420.0
242.0 61.0 251.0 64.0
276.0 451.0 281.0 451.0
229.0 554.0 238.0 552.0
118.0 330.0 125.0 329.0
201.0 258.0 207.0 262.0
166.0 395.0 172.0 396.0
207.0 375.0 213.0 375.0
115.0 362.0 123.0 362.0
27.0 297.0 31.0 298.0
115.0 360.0 124.0 361.0
206.0 373.0 212.0 375.0
59.0 494.0 68.0 491.0
26.0 297.0 31.0 298.0
348.0 443.0 355.0 446.0
236.0 587.0 241.0 584.0
115.0 361.0 123.0 362.0
276.0 450.0 281.0 451.0
124.0 509.0 132.0 507.0
350.0 144.0 357.0 150.0
324.0 394.0 330.0 398.0
330.0 493.0 336.0 494.0
142.0 448.0 148.0 449.0
125.0 510.0 132.0 507.0
467.0 496.0 474.0 499.0
133.0 224.0 141.0 224.0
163.0 354.0 169.0 355.0
141.0 448.0 148.0 449.0
242.0 60.0 252.0 64.0
453.0 567.0 459.0 568.0
350.0 146.0 356.0 151.0
285.0 238.0 292.0 242.0
164.0 424.0 171.0 423.0
143.0 412.0 149.0 411.0
454.0 568.0 459.0 569.0
345.0 416.0 353.0 420.0
143.0 411.0 149.0 411.0
201.0 259.0 207.0 262.0
468.0 495.0 474.0 499.0
235.0 537.0 242.0 538.0
259.0 70.0 268.0 75.0
166.0 394.0 172.0 396.0
207.0 81.0 213.0 84.0
165.0 395.0 172.0 396.0
330.0 494.0 335.0 495.0
126.0 509.0 132.0 507.0
120.0 439.0 127.0 437.0
26.0 296.0 31.0 298.0
270.0 483.0 277.0 484.0
207.0 374.0 213.0 375.0
200.0 259.0 207.0 262.0
330.0 495.0 336.0 495.0
270.0 484.0 277.0 484.0
260.0 70.0 269.0 76.0
260.0 71.0 269.0 76.0
207.0 373.0 213.0 375.0
206.0 374.0 212.0 375.0
230.0 554.0 238.0 552.0
165.0 394.0 172.0 396.0
454.0 567.0 459.0 569.0
324.0 275.0 332.0 280.0
259.0 27.0 270.0 34.0
176.0 155.0 181.0 156.0
200.0 258.0 207.0 262.0
164.0 423.0 171.0 422.0
134.0 224.0 141.0 224.0
243.0 60.0 252.0 64.0
299.0 483.0 305.0 482.0
184.0 396.0 189.0 398.0
261.0 70.0 269.0 76.0
260.0 27.0 270.0 34.0
391.0 252.0 397.0 258.0
390.0 252.0 397.0 258.0
261.0 71.0 269.0 76.0
234.0 538.0 242.0 538.0
208.0 374.0 213.0 375.0
167.0 394.0 172.0 396.0
454.0 566.0 459.0 569.0
349.0 145.0 356.0 151.0
125.0 509.0 132.0 507.0
208.0 81.0 215.0 84.0
165.0 425.0 171.0 423.0
380.0 200.0 388.0 207.0
177.0 504.0 185.0 504.0
38.0 506.0 42.0 505.0
119.0 328.0 125.0 329.0
137.0 238.0 147.0 240.0
163.0 355.0 169.0 355.0
314.0 514.0 320.0 516.0
119.0 329.0 125.0 329.0
115.0 175.0 121.0 175.0
468.0 496.0 474.0 499.0
329.0 493.0 335.0 494.0
207.0 82.0 213.0 84.0
223.0 334.0 228.0 336.0
341.0 280.0 349.0 286.0
185.0 395.0 189.0 398.0
324.0 393.0 331.0 398.0
207.0 80.0 215.0 84.0
133.0 364.0 140.0 362.0
333.0 536.0 340.0 535.0
119.0 330.0 125.0 329.0
259.0 26.0 270.0 34.0
208.0 375.0 213.0 375.0
314.0 515.0 320.0 516.0
329.0 494.0 335.0 495.0
23.0 617.0 29.0 611.0
116.0 175.0 121.0 175.0
222.0 334.0 228.0 336.0
313.0 515.0 320.0 516.0
258.0 27.0 270.0 34.0
22.0 617.0 29.0 611.0
271.0 484.0 278.0 484.0
260.0 69.0 268.0 75.0
260.0 26.0 270.0 34.0
23.0 616.0 29.0 611.0
176.0 555.0 184.0 555.0
325.0 275.0 332.0 280.0
208.0 373.0 213.0 375.0
180.0 298.0 186.0 299.0
270.0 482.0 277.0 484.0
258.0 26.0 270.0 34.0
180.0 297.0 186.0 299.0
177.0 505.0 185.0 504.0
177.0 555.0 185.0 554.0
161.0 492.0 170.0 491.0
176.0 554.0 184.0 555.0
181.0 299.0 186.0 299.0
271.0 483.0 278.0 484.0
165.0 423.0 171.0 422.0
323.0 275.0 332.0 280.0
324.0 276.0 332.0 280.0
194.0 449.0 199.0 449.0
162.0 492.0 170.0 491.0
176.0 553.0 184.0 554.0
231.0 32.0 237.0 36.0
346.0 472.0 352.0 473.0
234.0 537.0 242.0 538.0
213.0 532.0 223.0 531.0
175.0 553.0 184.0 554.0
214.0 531.0 223.0 531.0
347.0 472.0 352.0 473.0
231.0 33.0 237.0 36.0
230.0 33.0 237.0 36.0
230.0 32.0 237.0 36.0
450.0 34.0 461.0 41.0
298.0 483.0 305.0 482.0
391.0 251.0 397.0 258.0
347.0 471.0 352.0 473.0
259.0 25.0 270.0 34.0
271.0 482.0 278.0 484.0
390.0 251.0 397.0 258.0
299.0 484.0 305.0 482.0
206.0 81.0 213.0 84.0
38.0 505.0 42.0 505.0
213.0 531.0 223.0 531.0
313.0 516.0 320.0 516.0
134.0 225.0 141.0 224.0
170.0 586.0 176.0 582.0
194.0 448.0 199.0 449.0
175.0 554.0 184.0 555.0
37.0 505.0 42.0 505.0
177.0 554.0 185.0 554.0
169.0 587.0 176.0 584.0
114.0 137.0 123.0 127.0
195.0 450.0 200.0 450.0
222.0 333.0 228.0 336.0
134.0 365.0 140.0 362.0
194.0 450.0 200.0 449.0
181.0 298.0 186.0 299.0
325.0 393.0 331.0 398.0
161.0 289.0 168.0 290.0
195.0 449.0 200.0 449.0
170.0 587.0 176.0 582.0
346.0 471.0 352.0 473.0
390.0 250.0 397.0 258.0
160.0 289.0 168.0 290.0
298.0 484.0 305.0 482.0
165.0 424.0 171.0 423.0
169.0 586.0 176.0 584.0
47.0 592.0 53.0 586.0
214.0 532.0 223.0 531.0
160.0 566.0 172.0 562.0
391.0 250.0 397.0 258.0
250.0 99.0 259.0 105.0
176.0 154.0 181.0 156.0
47.0 617.0 53.0 620.0
47.0 591.0 53.0 586.0
223.0 333.0 228.0 336.0
166.0 424.0 171.0 423.0
372.0 294.0 395.0 290.0
47.0 590.0 53.0 586.0
47.0 616.0 53.0 620.0
159.0 566.0 172.0 562.0
176.0 153.0 181.0 156.0
103.0 246.0 114.0 252.0
322.0 424.0 325.0 420.0
159.0 567.0 172.0 562.0
46.0 592.0 53.0 586.0
128.0 569.0 129.0 565.0
79.0 572.0 104.0 566.0
25.0 328.0 30.0 327.0
80.0 572.0 104.0 566.0
323.0 425.0 325.0 420.0
25.0 329.0 30.0 326.0
80.0 573.0 104.0 566.0
101.0 225.0 110.0 219.0
81.0 573.0 104.0 566.0
249.0 99.0 259.0 105.0
222.0 217.0 228.0 221.0
321.0 298.0 328.0 304.0
46.0 590.0 53.0 586.0
214.0 57.0 228.0 52.0
46.0 591.0 53.0 586.0
62.0 574.0 69.0 568.0
322.0 425.0 325.0 420.0
215.0 57.0 228.0 52.0
79.0 573.0 104.0 566.0
102.0 246.0 114.0 252.0
63.0 574.0 69.0 568.0
320.0 299.0 328.0 304.0
222.0 216.0 228.0 221.0
63.0 573.0 69.0 568.0
321.0 299.0 328.0 304.0
215.0 58.0 228.0 52.0
475.0 601.0 471.0 588.0
474.0 600.0 471.0 588.0
214.0 58.0 228.0 52.0
103.0 571.0 129.0 565.0
266.0 91.0 279.0 92.0
102.0 570.0 129.0 565.0
266.0 92.0 279.0 92.0
103.0 570.0 129.0 565.0
195.0 28.0 214.0 17.0
212.0 431.0 217.0 442.0
204.0 334.0 213.0 346.0
66.0 608.0 96.0 613.0
203.0 333.0 213.0 346.0
204.0 333.0 213.0 346.0
