335.0 191.0 336.0 205.0
355.0 225.0 356.0 240.0
336.0 191.0 337.0 205.0
219.0 411.0 219.0 422.0
334.0 191.0 336.0 205.0
387.0 623.0 389.0 624.0
335.0 209.0 336.0 223.0
335.0 190.0 337.0 206.0
355.0 224.0 356.0 240.0
191.0 38.0 191.0 46.0
435.0 589.0 435.0 590.0
190.0 559.0 192.0 569.0
335.0 192.0 336.0 206.0
356.0 232.0 357.0 247.0
434.0 588.0 435.0 589.0
433.0 588.0 435.0 589.0
218.0 411.0 219.0 422.0
356.0 224.0 356.0 240.0
453.0 512.0 454.0 513.0
382.0 311.0 384.0 325.0
454.0 512.0 454.0 513.0
191.0 557.0 193.0 569.0
383.0 310.0 385.0 325.0
336.0 190.0 337.0 205.0
334.0 210.0 335.0 224.0
191.0 559.0 193.0 569.0
334.0 208.0 335.0 222.0
190.0 558.0 192.0 569.0
146.0 379.0 146.0 390.0
191.0 39.0 191.0 46.0
453.0 511.0 454.0 513.0
382.0 308.0 385.0 323.0
434.0 589.0 435.0 590.0
389.0 136.0 392.0 149.0
174.0 163.0 175.0 172.0
453.0 510.0 454.0 513.0
175.0 163.0 175.0 172.0
382.0 310.0 384.0 324.0
191.0 560.0 193.0 569.0
390.0 136.0 392.0 149.0
383.0 309.0 385.0 323.0
334.0 209.0 335.0 223.0
389.0 137.0 392.0 149.0
191.0 37.0 192.0 46.0
434.0 590.0 435.0 591.0
218.0 412.0 219.0 422.0
390.0 137.0 392.0 149.0
156.0 25.0 155.0 31.0
433.0 590.0 434.0 591.0
191.0 558.0 193.0 569.0
453.0 509.0 455.0 511.0
350.0 247.0 351.0 262.0
455.0 480.0 457.0 482.0
350.0 246.0 351.0 262.0
162.0 482.0 164.0 492.0
348.0 358.0 349.0 373.0
454.0 510.0 455.0 511.0
145.0 378.0 146.0 389.0
192.0 558.0 193.0 569.0
435.0 590.0 435.0 591.0
175.0 491.0 176.0 501.0
81.0 510.0 83.0 517.0
454.0 511.0 455.0 512.0
452.0 510.0 454.0 513.0
332.0 154.0 334.0 168.0
111.0 219.0 112.0 227.0
130.0 252.0 131.0 259.0
111.0 218.0 113.0 226.0
381.0 309.0 384.0 323.0
383.0 308.0 385.0 323.0
175.0 490.0 176.0 500.0
192.0 39.0 191.0 46.0
192.0 559.0 193.0 569.0
382.0 309.0 384.0 324.0
129.0 252.0 130.0 260.0
174.0 164.0 175.0 172.0
176.0 163.0 176.0 172.0
333.0 207.0 335.0 222.0
212.0 298.0 213.0 306.0
333.0 155.0 334.0 169.0
174.0 491.0 176.0 501.0
333.0 209.0 335.0 222.0
157.0 25.0 155.0 30.0
225.0 53.0 224.0 61.0
178.0 576.0 180.0 586.0
144.0 379.0 145.0 390.0
8.0 451.0 10.0 459.0
130.0 251.0 131.0 259.0
454.0 479.0 457.0 481.0
332.0 155.0 333.0 169.0
22.0 320.0 22.0 330.0
8.0 450.0 10.0 459.0
156.0 24.0 155.0 31.0
131.0 252.0 131.0 259.0
21.0 320.0 22.0 330.0
297.0 251.0 298.0 262.0
224.0 53.0 224.0 62.0
217.0 411.0 219.0 422.0
433.0 589.0 434.0 590.0
7.0 269.0 8.0 276.0
38.0 171.0 38.0 178.0
192.0 38.0 192.0 46.0
333.0 208.0 335.0 222.0
38.0 172.0 38.0 178.0
59.0 428.0 60.0 437.0
112.0 219.0 112.0 227.0
19.0 422.0 21.0 433.0
9.0 450.0 10.0 459.0
6.0 269.0 8.0 276.0
390.0 135.0 392.0 149.0
145.0 380.0 145.0 390.0
176.0 164.0 176.0 172.0
212.0 297.0 213.0 306.0
173.0 210.0 174.0 221.0
129.0 251.0 130.0 260.0
158.0 25.0 157.0 32.0
5.0 297.0 9.0 302.0
93.0 533.0 95.0 542.0
349.0 246.0 351.0 262.0
217.0 412.0 219.0 422.0
145.0 379.0 146.0 390.0
245.0 335.0 247.0 346.0
173.0 211.0 174.0 221.0
96.0 486.0 97.0 494.0
6.0 297.0 9.0 302.0
349.0 247.0 351.0 262.0
78.0 236.0 78.0 243.0
28.0 72.0 27.0 74.0
38.0 313.0 39.0 320.0
296.0 252.0 297.0 263.0
7.0 297.0 9.0 302.0
8.0 297.0 9.0 302.0
157.0 24.0 155.0 31.0
203.0 230.0 205.0 241.0
81.0 511.0 83.0 517.0
211.0 298.0 213.0 308.0
230.0 255.0 231.0 265.0
145.0 480.0 147.0 488.0
112.0 220.0 112.0 227.0
80.0 512.0 82.0 518.0
80.0 511.0 82.0 518.0
81.0 512.0 82.0 518.0
36.0 314.0 38.0 320.0
389.0 135.0 392.0 149.0
204.0 230.0 206.0 241.0
229.0 255.0 231.0 265.0
212.0 299.0 213.0 306.0
39.0 171.0 39.0 178.0
112.0 218.0 113.0 226.0
205.0 329.0 207.0 339.0
59.0 427.0 61.0 437.0
59.0 429.0 60.0 437.0
145.0 479.0 147.0 488.0
18.0 422.0 21.0 432.0
205.0 230.0 206.0 241.0
211.0 297.0 213.0 308.0
342.0 610.0 345.0 610.0
210.0 297.0 212.0 307.0
76.0 485.0 77.0 493.0
245.0 336.0 246.0 346.0
93.0 534.0 95.0 542.0
153.0 379.0 155.0 391.0
37.0 314.0 38.0 320.0
20.0 239.0 19.0 245.0
206.0 328.0 207.0 338.0
175.0 164.0 175.0 172.0
179.0 381.0 179.0 390.0
204.0 229.0 205.0 241.0
175.0 50.0 176.0 57.0
80.0 510.0 82.0 518.0
206.0 330.0 207.0 339.0
172.0 32.0 173.0 38.0
225.0 54.0 224.0 62.0
153.0 380.0 155.0 391.0
246.0 335.0 247.0 346.0
211.0 299.0 212.0 307.0
92.0 533.0 95.0 542.0
7.0 268.0 8.0 276.0
224.0 54.0 224.0 62.0
205.0 330.0 207.0 339.0
58.0 429.0 60.0 437.0
144.0 479.0 147.0 488.0
36.0 227.0 37.0 235.0
29.0 73.0 28.0 76.0
113.0 219.0 112.0 227.0
38.0 173.0 39.0 178.0
174.0 490.0 176.0 501.0
92.0 534.0 95.0 542.0
400.0 514.0 403.0 516.0
39.0 172.0 39.0 178.0
210.0 298.0 212.0 307.0
224.0 55.0 224.0 62.0
37.0 313.0 38.0 320.0
144.0 480.0 147.0 488.0
178.0 381.0 179.0 390.0
400.0 513.0 403.0 515.0
139.0 166.0 140.0 174.0
341.0 609.0 345.0 610.0
342.0 609.0 345.0 610.0
296.0 251.0 298.0 262.0
174.0 210.0 174.0 221.0
206.0 329.0 207.0 338.0
153.0 304.0 154.0 314.0
58.0 428.0 60.0 437.0
207.0 329.0 207.0 338.0
39.0 173.0 39.0 178.0
179.0 380.0 179.0 390.0
341.0 610.0 345.0 610.0
95.0 486.0 97.0 494.0
296.0 250.0 298.0 262.0
29.0 72.0 28.0 76.0
19.0 240.0 19.0 245.0
77.0 485.0 78.0 493.0
205.0 231.0 206.0 241.0
76.0 486.0 77.0 493.0
338.0 554.0 340.0 567.0
176.0 50.0 176.0 57.0
154.0 305.0 154.0 314.0
178.0 380.0 179.0 390.0
147.0 90.0 147.0 97.0
338.0 553.0 340.0 567.0
119.0 12.0 119.0 15.0
295.0 251.0 297.0 263.0
17.0 587.0 20.0 593.0
38.0 314.0 39.0 320.0
41.0 558.0 44.0 564.0
37.0 315.0 38.0 320.0
19.0 239.0 19.0 245.0
153.0 305.0 154.0 314.0
118.0 12.0 118.0 15.0
175.0 49.0 176.0 57.0
210.0 44.0 209.0 51.0
246.0 336.0 246.0 347.0
77.0 484.0 78.0 492.0
124.0 353.0 124.0 366.0
123.0 353.0 124.0 366.0
172.0 31.0 173.0 38.0
20.0 240.0 20.0 247.0
123.0 354.0 124.0 366.0
209.0 45.0 210.0 51.0
154.0 304.0 154.0 314.0
124.0 354.0 124.0 366.0
204.0 231.0 206.0 241.0
76.0 484.0 78.0 493.0
85.0 259.0 86.0 270.0
68.0 291.0 67.0 299.0
207.0 328.0 207.0 338.0
118.0 11.0 118.0 15.0
37.0 227.0 37.0 235.0
163.0 126.0 163.0 136.0
24.0 167.0 24.0 173.0
213.0 265.0 214.0 275.0
22.0 319.0 23.0 330.0
171.0 32.0 173.0 38.0
212.0 264.0 213.0 274.0
47.0 58.0 47.0 62.0
176.0 49.0 176.0 57.0
46.0 57.0 47.0 61.0
42.0 559.0 44.0 564.0
138.0 166.0 139.0 174.0
162.0 126.0 163.0 134.0
322.0 546.0 324.0 561.0
246.0 337.0 246.0 347.0
216.0 247.0 218.0 256.0
208.0 45.0 210.0 51.0
162.0 127.0 163.0 136.0
79.0 511.0 82.0 518.0
401.0 513.0 403.0 516.0
204.0 232.0 206.0 241.0
18.0 240.0 19.0 245.0
128.0 210.0 129.0 218.0
119.0 11.0 119.0 16.0
84.0 259.0 85.0 270.0
137.0 129.0 138.0 137.0
179.0 382.0 179.0 390.0
79.0 512.0 82.0 518.0
173.0 31.0 173.0 38.0
229.0 256.0 230.0 266.0
164.0 127.0 163.0 136.0
84.0 260.0 85.0 270.0
123.0 352.0 124.0 366.0
154.0 306.0 155.0 314.0
53.0 233.0 54.0 242.0
147.0 89.0 147.0 97.0
110.0 280.0 110.0 289.0
213.0 264.0 213.0 274.0
18.0 239.0 18.0 246.0
46.0 58.0 47.0 62.0
36.0 228.0 37.0 235.0
79.0 510.0 82.0 518.0
47.0 57.0 47.0 61.0
214.0 265.0 214.0 275.0
322.0 548.0 324.0 561.0
134.0 111.0 134.0 117.0
16.0 587.0 20.0 593.0
208.0 43.0 209.0 51.0
411.0 65.0 381.0 64.0
162.0 125.0 163.0 134.0
73.0 198.0 73.0 207.0
153.0 306.0 154.0 314.0
338.0 552.0 340.0 567.0
37.0 228.0 37.0 235.0
123.0 351.0 124.0 366.0
139.0 167.0 139.0 174.0
72.0 198.0 73.0 206.0
76.0 487.0 78.0 493.0
401.0 514.0 403.0 516.0
209.0 44.0 209.0 51.0
322.0 547.0 324.0 561.0
47.0 56.0 47.0 61.0
118.0 10.0 118.0 15.0
410.0 65.0 381.0 64.0
86.0 260.0 86.0 270.0
174.0 49.0 176.0 57.0
16.0 586.0 20.0 593.0
314.0 620.0 317.0 620.0
214.0 264.0 214.0 274.0
213.0 263.0 213.0 274.0
163.0 128.0 163.0 136.0
163.0 127.0 163.0 136.0
209.0 43.0 209.0 51.0
77.0 486.0 78.0 493.0
19.0 219.0 19.0 225.0
111.0 280.0 110.0 289.0
93.0 403.0 94.0 413.0
208.0 44.0 209.0 51.0
164.0 126.0 163.0 136.0
200.0 571.0 203.0 582.0
111.0 279.0 110.0 289.0
85.0 260.0 86.0 270.0
339.0 552.0 340.0 567.0
315.0 619.0 317.0 620.0
67.0 526.0 70.0 533.0
48.0 57.0 47.0 61.0
54.0 233.0 54.0 242.0
77.0 487.0 78.0 493.0
400.0 515.0 403.0 516.0
201.0 571.0 203.0 582.0
163.0 125.0 163.0 134.0
92.0 224.0 92.0 232.0
55.0 233.0 54.0 242.0
119.0 10.0 118.0 15.0
313.0 618.0 317.0 618.0
121.0 264.0 122.0 272.0
128.0 211.0 129.0 218.0
401.0 515.0 403.0 516.0
84.0 261.0 85.0 270.0
19.0 220.0 19.0 225.0
120.0 10.0 119.0 15.0
120.0 11.0 119.0 16.0
110.0 281.0 110.0 289.0
339.0 554.0 340.0 567.0
133.0 111.0 134.0 117.0
315.0 618.0 317.0 620.0
251.0 294.0 252.0 304.0
410.0 64.0 363.0 58.0
313.0 619.0 317.0 618.0
314.0 618.0 317.0 618.0
339.0 553.0 340.0 567.0
134.0 110.0 134.0 117.0
129.0 211.0 129.0 218.0
411.0 64.0 381.0 64.0
314.0 619.0 317.0 618.0
69.0 526.0 71.0 533.0
110.0 279.0 110.0 289.0
67.0 527.0 70.0 533.0
133.0 110.0 134.0 117.0
68.0 527.0 70.0 533.0
250.0 294.0 252.0 305.0
85.0 261.0 86.0 270.0
149.0 103.0 149.0 111.0
68.0 525.0 71.0 533.0
128.0 212.0 129.0 218.0
54.0 232.0 54.0 242.0
129.0 212.0 129.0 218.0
69.0 527.0 70.0 533.0
53.0 232.0 54.0 242.0
68.0 526.0 70.0 533.0
453.0 452.0 455.0 456.0
92.0 225.0 92.0 232.0
251.0 295.0 252.0 305.0
453.0 453.0 455.0 456.0
111.0 392.0 117.0 404.0
454.0 452.0 455.0 456.0
127.0 288.0 128.0 297.0
453.0 454.0 455.0 456.0
361.0 521.0 363.0 524.0
454.0 453.0 455.0 456.0
85.0 349.0 86.0 362.0
454.0 454.0 455.0 456.0
406.0 447.0 409.0 451.0
126.0 288.0 128.0 297.0
361.0 522.0 363.0 524.0
85.0 351.0 86.0 362.0
406.0 449.0 409.0 451.0
407.0 447.0 409.0 451.0
360.0 521.0 363.0 524.0
406.0 448.0 409.0 451.0
408.0 447.0 409.0 451.0
407.0 448.0 409.0 451.0
360.0 523.0 363.0 524.0
85.0 352.0 86.0 362.0
360.0 522.0 363.0 524.0
361.0 523.0 363.0 524.0
408.0 448.0 409.0 451.0
189.0 54.0 176.0 57.0
99.0 231.0 102.0 251.0
407.0 449.0 409.0 451.0
189.0 55.0 176.0 57.0
347.0 574.0 349.0 578.0
130.0 186.0 139.0 197.0
62.0 272.0 59.0 274.0
162.0 358.0 128.0 297.0
162.0 357.0 128.0 297.0
162.0 359.0 128.0 297.0
348.0 575.0 349.0 578.0
347.0 575.0 349.0 578.0
62.0 273.0 59.0 274.0
348.0 576.0 349.0 578.0
127.0 55.0 119.0 57.0
127.0 56.0 119.0 57.0
161.0 358.0 128.0 297.0
347.0 576.0 349.0 578.0
20.0 372.0 8.0 379.0
126.0 593.0 145.0 605.0
97.0 617.0 145.0 605.0
63.0 272.0 59.0 274.0
