257.0 8.0 241.0 6.0
257.0 7.0 241.0 6.0
257.0 6.0 241.0 6.0
258.0 7.0 241.0 6.0
258.0 6.0 241.0 6.0
267.0 27.0 252.0 26.0
267.0 26.0 251.0 26.0
268.0 26.0 252.0 25.0
115.0 251.0 97.0 246.0
116.0 251.0 98.0 247.0
267.0 28.0 252.0 26.0
268.0 27.0 252.0 26.0
117.0 250.0 98.0 247.0
117.0 251.0 98.0 247.0
257.0 381.0 236.0 386.0
161.0 132.0 143.0 129.0
244.0 575.0 215.0 579.0
208.0 582.0 183.0 583.0
116.0 250.0 97.0 246.0
115.0 250.0 97.0 246.0
160.0 131.0 142.0 129.0
258.0 382.0 236.0 386.0
259.0 6.0 242.0 6.0
209.0 580.0 183.0 583.0
208.0 581.0 183.0 583.0
196.0 42.0 181.0 38.0
209.0 581.0 183.0 583.0
259.0 7.0 242.0 6.0
257.0 382.0 236.0 386.0
117.0 249.0 98.0 247.0
394.0 110.0 379.0 117.0
122.0 208.0 102.0 205.0
237.0 450.0 213.0 452.0
121.0 210.0 101.0 205.0
121.0 208.0 101.0 205.0
196.0 41.0 181.0 38.0
116.0 249.0 97.0 246.0
176.0 146.0 158.0 145.0
195.0 42.0 181.0 38.0
122.0 209.0 101.0 205.0
268.0 28.0 252.0 26.0
176.0 145.0 158.0 145.0
395.0 110.0 380.0 116.0
258.0 381.0 236.0 386.0
120.0 227.0 100.0 223.0
120.0 226.0 100.0 223.0
160.0 132.0 142.0 129.0
236.0 450.0 213.0 452.0
123.0 209.0 102.0 205.0
235.0 450.0 213.0 452.0
139.0 84.0 121.0 81.0
121.0 209.0 101.0 205.0
195.0 43.0 181.0 38.0
163.0 201.0 145.0 198.0
120.0 209.0 101.0 205.0
154.0 322.0 134.0 322.0
119.0 228.0 100.0 223.0
192.0 261.0 172.0 261.0
208.0 580.0 183.0 583.0
394.0 109.0 380.0 116.0
273.0 69.0 260.0 70.0
236.0 451.0 213.0 452.0
286.0 357.0 265.0 362.0
119.0 226.0 100.0 223.0
285.0 356.0 265.0 362.0
393.0 110.0 379.0 117.0
159.0 132.0 142.0 129.0
162.0 200.0 144.0 198.0
269.0 27.0 252.0 26.0
207.0 581.0 183.0 583.0
274.0 69.0 260.0 70.0
273.0 70.0 259.0 71.0
119.0 227.0 100.0 223.0
237.0 449.0 213.0 452.0
119.0 225.0 101.0 223.0
236.0 449.0 213.0 452.0
171.0 229.0 153.0 227.0
136.0 85.0 120.0 79.0
207.0 582.0 183.0 583.0
193.0 261.0 172.0 261.0
139.0 85.0 121.0 81.0
389.0 304.0 369.0 313.0
325.0 337.0 305.0 344.0
122.0 210.0 101.0 205.0
137.0 84.0 120.0 79.0
210.0 143.0 192.0 143.0
235.0 449.0 213.0 452.0
274.0 70.0 260.0 70.0
192.0 262.0 172.0 261.0
261.0 300.0 240.0 304.0
195.0 41.0 181.0 37.0
289.0 150.0 273.0 154.0
171.0 230.0 153.0 227.0
238.0 258.0 217.0 261.0
163.0 200.0 145.0 198.0
394.0 111.0 380.0 116.0
177.0 96.0 160.0 93.0
287.0 370.0 267.0 376.0
245.0 575.0 216.0 579.0
211.0 143.0 193.0 144.0
118.0 250.0 98.0 247.0
154.0 323.0 134.0 323.0
236.0 448.0 213.0 452.0
161.0 133.0 143.0 129.0
324.0 338.0 304.0 345.0
399.0 204.0 381.0 212.0
326.0 447.0 303.0 454.0
260.0 300.0 240.0 304.0
136.0 84.0 120.0 79.0
347.0 163.0 328.0 170.0
178.0 95.0 161.0 94.0
326.0 448.0 303.0 454.0
261.0 299.0 241.0 304.0
287.0 369.0 267.0 376.0
238.0 257.0 217.0 261.0
229.0 480.0 206.0 481.0
268.0 532.0 242.0 535.0
179.0 334.0 158.0 334.0
157.0 151.0 139.0 149.0
152.0 280.0 133.0 279.0
268.0 531.0 242.0 535.0
202.0 290.0 181.0 292.0
138.0 84.0 120.0 81.0
160.0 133.0 143.0 129.0
290.0 150.0 273.0 154.0
163.0 199.0 145.0 198.0
246.0 324.0 225.0 330.0
138.0 85.0 120.0 81.0
176.0 96.0 160.0 92.0
230.0 480.0 206.0 481.0
164.0 200.0 145.0 198.0
137.0 85.0 120.0 81.0
325.0 338.0 305.0 344.0
230.0 479.0 206.0 481.0
178.0 139.0 161.0 136.0
149.0 338.0 129.0 339.0
272.0 70.0 259.0 71.0
287.0 368.0 267.0 376.0
327.0 448.0 303.0 454.0
170.0 351.0 148.0 353.0
176.0 95.0 160.0 92.0
180.0 334.0 158.0 334.0
325.0 448.0 303.0 454.0
250.0 79.0 232.0 79.0
267.0 531.0 242.0 535.0
371.0 177.0 354.0 183.0
180.0 333.0 158.0 334.0
291.0 150.0 273.0 154.0
178.0 138.0 161.0 136.0
260.0 299.0 240.0 304.0
238.0 259.0 217.0 261.0
372.0 176.0 354.0 183.0
179.0 335.0 158.0 334.0
389.0 303.0 369.0 313.0
249.0 78.0 232.0 78.0
267.0 532.0 242.0 535.0
206.0 581.0 183.0 583.0
345.0 338.0 322.0 346.0
399.0 205.0 381.0 212.0
262.0 300.0 241.0 304.0
286.0 369.0 267.0 376.0
267.0 530.0 242.0 535.0
170.0 350.0 148.0 353.0
164.0 199.0 145.0 198.0
268.0 530.0 242.0 535.0
181.0 335.0 160.0 335.0
370.0 176.0 354.0 183.0
388.0 304.0 367.0 313.0
211.0 142.0 193.0 143.0
210.0 545.0 186.0 543.0
258.0 380.0 236.0 386.0
179.0 138.0 161.0 136.0
193.0 262.0 172.0 261.0
152.0 281.0 133.0 279.0
268.0 322.0 246.0 326.0
210.0 142.0 192.0 143.0
177.0 95.0 160.0 92.0
169.0 351.0 148.0 353.0
239.0 258.0 217.0 261.0
290.0 151.0 273.0 154.0
170.0 229.0 153.0 227.0
229.0 479.0 206.0 481.0
237.0 258.0 217.0 261.0
279.0 251.0 258.0 257.0
261.0 301.0 240.0 304.0
278.0 251.0 258.0 257.0
347.0 338.0 323.0 346.0
262.0 433.0 241.0 439.0
210.0 141.0 192.0 143.0
177.0 94.0 160.0 92.0
346.0 338.0 323.0 346.0
342.0 201.0 326.0 207.0
179.0 139.0 161.0 136.0
371.0 176.0 354.0 183.0
170.0 352.0 148.0 353.0
109.0 336.0 89.0 336.0
181.0 334.0 160.0 335.0
227.0 494.0 204.0 494.0
110.0 336.0 90.0 336.0
285.0 357.0 265.0 362.0
239.0 257.0 217.0 261.0
219.0 480.0 196.0 479.0
284.0 357.0 265.0 362.0
388.0 303.0 367.0 313.0
227.0 495.0 204.0 494.0
342.0 202.0 326.0 207.0
211.0 141.0 193.0 143.0
200.0 226.0 180.0 225.0
219.0 481.0 196.0 479.0
267.0 533.0 242.0 535.0
267.0 322.0 245.0 327.0
180.0 335.0 158.0 334.0
246.0 575.0 216.0 579.0
123.0 210.0 102.0 205.0
194.0 261.0 172.0 261.0
151.0 280.0 133.0 279.0
200.0 225.0 180.0 225.0
268.0 323.0 246.0 326.0
110.0 335.0 89.0 336.0
111.0 336.0 90.0 336.0
199.0 226.0 180.0 225.0
195.0 21.0 179.0 16.0
387.0 303.0 367.0 313.0
326.0 47.0 308.0 52.0
387.0 304.0 367.0 313.0
267.0 321.0 246.0 326.0
202.0 289.0 181.0 292.0
169.0 350.0 148.0 353.0
445.0 70.0 430.0 82.0
150.0 338.0 129.0 339.0
343.0 199.0 326.0 206.0
432.0 312.0 409.0 321.0
386.0 303.0 367.0 313.0
431.0 312.0 409.0 321.0
239.0 181.0 223.0 182.0
196.0 21.0 179.0 16.0
286.0 370.0 267.0 376.0
266.0 321.0 246.0 326.0
387.0 227.0 370.0 234.0
346.0 339.0 322.0 346.0
267.0 323.0 245.0 327.0
446.0 70.0 430.0 82.0
239.0 180.0 223.0 182.0
264.0 433.0 241.0 440.0
199.0 225.0 180.0 225.0
151.0 281.0 133.0 279.0
238.0 180.0 223.0 182.0
238.0 181.0 223.0 182.0
302.0 123.0 288.0 128.0
341.0 201.0 326.0 207.0
251.0 227.0 231.0 230.0
250.0 78.0 232.0 79.0
431.0 310.0 409.0 321.0
342.0 200.0 326.0 206.0
266.0 322.0 245.0 326.0
280.0 251.0 258.0 257.0
194.0 21.0 179.0 16.0
263.0 433.0 241.0 440.0
195.0 22.0 179.0 16.0
388.0 227.0 370.0 235.0
198.0 225.0 180.0 225.0
228.0 494.0 204.0 494.0
233.0 392.0 211.0 397.0
342.0 199.0 326.0 206.0
251.0 78.0 232.0 79.0
197.0 21.0 179.0 16.0
237.0 181.0 221.0 183.0
264.0 511.0 239.0 515.0
250.0 227.0 231.0 230.0
431.0 311.0 409.0 321.0
432.0 311.0 409.0 321.0
343.0 200.0 326.0 206.0
266.0 323.0 245.0 327.0
232.0 393.0 211.0 397.0
262.0 434.0 241.0 440.0
447.0 70.0 430.0 82.0
363.0 153.0 340.0 158.0
198.0 226.0 180.0 225.0
238.0 179.0 223.0 182.0
446.0 69.0 430.0 82.0
430.0 312.0 409.0 321.0
272.0 337.0 251.0 343.0
169.0 352.0 148.0 353.0
445.0 69.0 430.0 82.0
265.0 511.0 240.0 514.0
232.0 392.0 211.0 397.0
447.0 69.0 430.0 82.0
266.0 511.0 241.0 514.0
334.0 470.0 311.0 477.0
433.0 311.0 410.0 321.0
264.0 510.0 240.0 514.0
363.0 152.0 340.0 158.0
251.0 79.0 232.0 79.0
266.0 510.0 241.0 514.0
265.0 510.0 240.0 514.0
237.0 180.0 223.0 182.0
370.0 207.0 351.0 215.0
196.0 22.0 179.0 16.0
387.0 302.0 367.0 313.0
370.0 206.0 351.0 215.0
168.0 352.0 148.0 353.0
334.0 471.0 311.0 477.0
279.0 67.0 260.0 70.0
432.0 310.0 409.0 321.0
335.0 471.0 311.0 477.0
148.0 387.0 127.0 391.0
280.0 250.0 258.0 257.0
208.0 343.0 187.0 345.0
279.0 250.0 258.0 257.0
147.0 388.0 126.0 392.0
251.0 80.0 232.0 79.0
335.0 470.0 311.0 477.0
239.0 351.0 212.0 353.0
197.0 22.0 179.0 16.0
336.0 470.0 311.0 477.0
371.0 206.0 351.0 215.0
336.0 471.0 311.0 477.0
116.0 335.0 90.0 336.0
227.0 331.0 210.0 332.0
146.0 388.0 126.0 392.0
335.0 472.0 311.0 477.0
224.0 442.0 202.0 441.0
146.0 387.0 127.0 391.0
147.0 387.0 127.0 391.0
252.0 79.0 232.0 79.0
228.0 332.0 210.0 332.0
224.0 443.0 202.0 441.0
299.0 206.0 284.0 210.0
266.0 509.0 241.0 514.0
447.0 164.0 434.0 172.0
226.0 332.0 210.0 332.0
371.0 207.0 351.0 215.0
327.0 276.0 308.0 285.0
209.0 342.0 187.0 345.0
198.0 559.0 177.0 565.0
199.0 559.0 177.0 565.0
447.0 163.0 434.0 172.0
227.0 332.0 210.0 332.0
181.0 388.0 160.0 392.0
252.0 80.0 232.0 79.0
158.0 208.0 144.0 199.0
181.0 387.0 161.0 392.0
159.0 208.0 144.0 199.0
298.0 206.0 284.0 210.0
209.0 343.0 187.0 345.0
148.0 386.0 127.0 391.0
227.0 333.0 210.0 332.0
197.0 559.0 177.0 565.0
182.0 387.0 161.0 392.0
182.0 388.0 161.0 392.0
147.0 386.0 127.0 391.0
434.0 174.0 413.0 185.0
146.0 386.0 127.0 391.0
296.0 286.0 278.0 293.0
183.0 388.0 161.0 392.0
297.0 286.0 278.0 293.0
372.0 206.0 351.0 215.0
210.0 342.0 187.0 345.0
457.0 221.0 438.0 233.0
466.0 70.0 452.0 79.0
62.0 253.0 43.0 246.0
333.0 365.0 318.0 363.0
183.0 387.0 161.0 392.0
458.0 220.0 438.0 232.0
210.0 343.0 187.0 345.0
63.0 253.0 44.0 246.0
163.0 384.0 139.0 390.0
162.0 385.0 139.0 391.0
334.0 366.0 318.0 363.0
458.0 221.0 438.0 233.0
162.0 384.0 139.0 390.0
465.0 70.0 452.0 79.0
333.0 366.0 318.0 363.0
465.0 71.0 452.0 79.0
222.0 551.0 199.0 544.0
216.0 494.0 196.0 479.0
161.0 384.0 139.0 391.0
222.0 552.0 199.0 544.0
162.0 383.0 139.0 390.0
332.0 366.0 318.0 363.0
32.0 334.0 38.0 335.0
163.0 383.0 139.0 390.0
221.0 551.0 199.0 544.0
332.0 367.0 318.0 363.0
210.0 532.0 186.0 542.0
333.0 367.0 318.0 363.0
290.0 141.0 272.0 153.0
277.0 154.0 272.0 153.0
179.0 122.0 163.0 110.0
373.0 271.0 408.0 323.0
346.0 291.0 310.0 301.0
346.0 290.0 310.0 301.0
179.0 123.0 163.0 110.0
