305.0 10.0 293.0 10.0
292.0 81.0 280.0 83.0
67.0 90.0 52.0 88.0
339.0 402.0 326.0 412.0
198.0 6.0 187.0 5.0
305.0 11.0 293.0 10.0
312.0 33.0 300.0 34.0
147.0 336.0 134.0 340.0
198.0 5.0 187.0 5.0
198.0 7.0 187.0 5.0
147.0 337.0 134.0 341.0
311.0 33.0 300.0 34.0
147.0 335.0 134.0 340.0
351.0 53.0 341.0 53.0
293.0 81.0 281.0 83.0
146.0 336.0 133.0 340.0
197.0 6.0 187.0 5.0
148.0 336.0 134.0 341.0
340.0 401.0 327.0 411.0
339.0 401.0 327.0 411.0
311.0 34.0 300.0 34.0
90.0 183.0 76.0 182.0
197.0 7.0 187.0 5.0
146.0 337.0 133.0 340.0
293.0 80.0 281.0 83.0
312.0 34.0 300.0 34.0
292.0 80.0 281.0 83.0
148.0 335.0 134.0 340.0
312.0 35.0 300.0 34.0
66.0 90.0 52.0 88.0
91.0 182.0 76.0 182.0
340.0 402.0 327.0 411.0
294.0 81.0 281.0 83.0
90.0 181.0 76.0 181.0
93.0 256.0 78.0 258.0
91.0 183.0 76.0 182.0
341.0 401.0 327.0 411.0
90.0 182.0 76.0 182.0
66.0 89.0 52.0 88.0
214.0 268.0 202.0 271.0
132.0 438.0 119.0 445.0
78.0 76.0 65.0 74.0
294.0 80.0 281.0 83.0
93.0 257.0 78.0 259.0
281.0 355.0 268.0 363.0
387.0 388.0 373.0 397.0
104.0 49.0 93.0 48.0
104.0 48.0 93.0 48.0
282.0 354.0 268.0 363.0
105.0 49.0 93.0 48.0
386.0 388.0 373.0 397.0
92.0 257.0 78.0 259.0
105.0 48.0 93.0 48.0
131.0 439.0 119.0 445.0
214.0 267.0 202.0 271.0
146.0 72.0 133.0 71.0
281.0 354.0 268.0 363.0
146.0 71.0 133.0 71.0
351.0 54.0 341.0 53.0
386.0 389.0 373.0 399.0
374.0 369.0 361.0 378.0
373.0 369.0 361.0 378.0
240.0 52.0 227.0 56.0
77.0 75.0 64.0 73.0
92.0 256.0 78.0 258.0
91.0 181.0 76.0 182.0
428.0 483.0 415.0 495.0
144.0 72.0 132.0 71.0
78.0 75.0 65.0 73.0
145.0 72.0 132.0 71.0
131.0 438.0 119.0 445.0
79.0 75.0 65.0 74.0
131.0 440.0 119.0 445.0
373.0 370.0 361.0 378.0
241.0 52.0 227.0 56.0
385.0 389.0 373.0 399.0
78.0 74.0 65.0 72.0
132.0 439.0 119.0 445.0
321.0 493.0 308.0 502.0
393.0 592.0 380.0 600.0
385.0 388.0 373.0 397.0
149.0 386.0 138.0 390.0
387.0 389.0 373.0 399.0
103.0 48.0 93.0 48.0
149.0 385.0 138.0 390.0
194.0 550.0 181.0 557.0
242.0 52.0 227.0 56.0
79.0 74.0 65.0 74.0
137.0 308.0 124.0 312.0
393.0 591.0 380.0 600.0
326.0 475.0 313.0 483.0
101.0 403.0 92.0 411.0
145.0 71.0 132.0 71.0
386.0 390.0 373.0 399.0
150.0 385.0 138.0 390.0
100.0 403.0 92.0 411.0
321.0 494.0 308.0 502.0
410.0 386.0 396.0 397.0
143.0 451.0 130.0 457.0
320.0 493.0 308.0 502.0
389.0 475.0 376.0 484.0
195.0 550.0 181.0 558.0
182.0 575.0 168.0 582.0
428.0 482.0 415.0 495.0
179.0 346.0 168.0 350.0
322.0 493.0 308.0 502.0
326.0 474.0 313.0 483.0
277.0 587.0 265.0 595.0
390.0 475.0 376.0 484.0
391.0 591.0 380.0 600.0
410.0 387.0 396.0 397.0
390.0 474.0 376.0 484.0
181.0 574.0 168.0 582.0
278.0 587.0 265.0 595.0
136.0 309.0 124.0 312.0
278.0 586.0 265.0 595.0
136.0 307.0 124.0 312.0
270.0 377.0 257.0 384.0
279.0 586.0 265.0 595.0
408.0 386.0 396.0 397.0
389.0 474.0 376.0 484.0
279.0 587.0 265.0 595.0
409.0 386.0 396.0 397.0
409.0 387.0 396.0 397.0
62.0 233.0 48.0 233.0
320.0 494.0 308.0 502.0
197.0 492.0 181.0 502.0
408.0 387.0 396.0 397.0
401.0 52.0 395.0 49.0
218.0 607.0 204.0 617.0
322.0 494.0 308.0 502.0
392.0 591.0 380.0 600.0
219.0 607.0 204.0 617.0
104.0 408.0 93.0 412.0
434.0 311.0 420.0 321.0
271.0 376.0 257.0 384.0
95.0 448.0 80.0 453.0
135.0 309.0 124.0 312.0
143.0 452.0 130.0 457.0
168.0 622.0 151.0 625.0
433.0 309.0 420.0 321.0
136.0 308.0 124.0 312.0
388.0 474.0 376.0 484.0
85.0 27.0 74.0 26.0
271.0 375.0 257.0 384.0
84.0 27.0 73.0 25.0
219.0 608.0 204.0 617.0
181.0 575.0 168.0 582.0
349.0 609.0 334.0 621.0
142.0 451.0 130.0 457.0
135.0 308.0 124.0 312.0
433.0 310.0 420.0 321.0
62.0 316.0 52.0 318.0
52.0 181.0 37.0 181.0
135.0 307.0 124.0 312.0
287.0 481.0 273.0 489.0
197.0 493.0 181.0 502.0
61.0 233.0 48.0 233.0
288.0 480.0 273.0 488.0
62.0 234.0 48.0 233.0
270.0 376.0 257.0 384.0
407.0 574.0 394.0 585.0
51.0 180.0 37.0 181.0
349.0 608.0 334.0 621.0
61.0 198.0 49.0 198.0
212.0 557.0 202.0 564.0
433.0 311.0 420.0 321.0
94.0 448.0 80.0 453.0
61.0 234.0 48.0 233.0
407.0 573.0 394.0 585.0
142.0 452.0 130.0 457.0
462.0 342.0 449.0 353.0
434.0 309.0 420.0 321.0
164.0 240.0 151.0 242.0
245.0 392.0 235.0 397.0
83.0 27.0 73.0 25.0
407.0 575.0 394.0 585.0
94.0 447.0 80.0 453.0
348.0 608.0 334.0 621.0
218.0 609.0 204.0 617.0
211.0 557.0 202.0 564.0
408.0 573.0 394.0 585.0
182.0 576.0 168.0 582.0
51.0 181.0 37.0 181.0
50.0 180.0 37.0 181.0
95.0 447.0 80.0 453.0
286.0 480.0 273.0 488.0
50.0 181.0 37.0 181.0
217.0 608.0 204.0 617.0
93.0 448.0 80.0 453.0
100.0 481.0 85.0 492.0
348.0 609.0 334.0 621.0
408.0 575.0 394.0 585.0
434.0 310.0 420.0 321.0
51.0 182.0 37.0 181.0
244.0 392.0 234.0 397.0
218.0 608.0 204.0 617.0
141.0 451.0 130.0 457.0
60.0 234.0 48.0 233.0
211.0 558.0 202.0 564.0
287.0 480.0 273.0 488.0
408.0 574.0 394.0 585.0
95.0 446.0 80.0 453.0
50.0 182.0 37.0 181.0
61.0 199.0 49.0 198.0
141.0 452.0 130.0 457.0
60.0 199.0 49.0 198.0
245.0 391.0 235.0 397.0
126.0 333.0 111.0 339.0
60.0 198.0 49.0 198.0
244.0 391.0 234.0 397.0
348.0 610.0 334.0 621.0
100.0 482.0 85.0 492.0
318.0 580.0 305.0 590.0
62.0 315.0 52.0 318.0
210.0 558.0 202.0 564.0
165.0 240.0 151.0 242.0
84.0 28.0 74.0 26.0
168.0 623.0 151.0 625.0
60.0 233.0 48.0 233.0
181.0 576.0 168.0 582.0
85.0 28.0 74.0 26.0
167.0 623.0 151.0 625.0
347.0 610.0 334.0 621.0
347.0 609.0 334.0 621.0
286.0 481.0 273.0 489.0
127.0 333.0 111.0 339.0
142.0 574.0 127.0 581.0
210.0 557.0 202.0 564.0
168.0 624.0 151.0 625.0
150.0 248.0 133.0 251.0
64.0 353.0 52.0 357.0
448.0 330.0 436.0 342.0
150.0 247.0 133.0 251.0
143.0 574.0 127.0 581.0
443.0 475.0 428.0 489.0
411.0 593.0 396.0 595.0
448.0 331.0 436.0 342.0
128.0 333.0 111.0 339.0
26.0 147.0 13.0 148.0
61.0 521.0 46.0 530.0
442.0 475.0 428.0 489.0
147.0 624.0 137.0 631.0
151.0 247.0 133.0 251.0
151.0 246.0 133.0 251.0
465.0 604.0 451.0 617.0
148.0 624.0 137.0 631.0
449.0 329.0 438.0 341.0
443.0 476.0 428.0 489.0
465.0 603.0 451.0 617.0
149.0 247.0 133.0 251.0
442.0 476.0 428.0 489.0
128.0 332.0 111.0 339.0
16.0 586.0 7.0 588.0
64.0 352.0 52.0 357.0
16.0 585.0 7.0 588.0
150.0 246.0 133.0 251.0
449.0 330.0 438.0 341.0
46.0 292.0 30.0 293.0
60.0 521.0 46.0 530.0
61.0 271.0 50.0 272.0
149.0 246.0 133.0 251.0
148.0 623.0 137.0 631.0
43.0 248.0 29.0 248.0
63.0 353.0 50.0 357.0
63.0 352.0 50.0 357.0
147.0 623.0 137.0 631.0
61.0 272.0 49.0 273.0
43.0 249.0 29.0 248.0
16.0 584.0 7.0 588.0
68.0 320.0 52.0 318.0
62.0 353.0 50.0 357.0
25.0 275.0 16.0 275.0
32.0 150.0 13.0 148.0
250.0 444.0 228.0 458.0
62.0 352.0 50.0 357.0
60.0 271.0 49.0 273.0
26.0 276.0 16.0 275.0
61.0 452.0 47.0 458.0
68.0 321.0 52.0 318.0
27.0 275.0 16.0 275.0
26.0 275.0 16.0 275.0
25.0 276.0 16.0 275.0
42.0 248.0 29.0 248.0
62.0 452.0 47.0 458.0
41.0 79.0 31.0 77.0
62.0 451.0 47.0 458.0
238.0 11.0 187.0 5.0
61.0 451.0 47.0 458.0
131.0 575.0 111.0 585.0
130.0 576.0 111.0 585.0
21.0 129.0 12.0 147.0
129.0 501.0 120.0 511.0
250.0 443.0 228.0 458.0
129.0 332.0 111.0 339.0
32.0 151.0 13.0 148.0
41.0 78.0 31.0 77.0
148.0 574.0 128.0 581.0
431.0 525.0 419.0 537.0
149.0 573.0 128.0 581.0
432.0 525.0 419.0 537.0
129.0 502.0 120.0 511.0
27.0 542.0 17.0 542.0
60.0 272.0 49.0 273.0
24.0 395.0 12.0 399.0
40.0 78.0 31.0 77.0
59.0 271.0 49.0 273.0
131.0 576.0 111.0 585.0
128.0 501.0 120.0 511.0
40.0 79.0 31.0 77.0
32.0 152.0 13.0 148.0
59.0 272.0 49.0 273.0
28.0 543.0 17.0 542.0
24.0 394.0 12.0 399.0
27.0 544.0 17.0 542.0
27.0 543.0 17.0 542.0
28.0 544.0 17.0 542.0
128.0 502.0 120.0 511.0
128.0 503.0 120.0 511.0
33.0 151.0 13.0 148.0
52.0 39.0 39.0 35.0
52.0 40.0 39.0 35.0
238.0 628.0 265.0 595.0
60.0 95.0 52.0 88.0
