71.0 477.0 77.0 481.0
70.0 477.0 77.0 481.0
381.0 340.0 388.0 344.0
270.0 189.0 276.0 195.0
110.0 212.0 115.0 219.0
237.0 263.0 244.0 266.0
382.0 341.0 389.0 344.0
238.0 262.0 244.0 266.0
237.0 262.0 244.0 266.0
239.0 607.0 243.0 612.0
269.0 189.0 276.0 195.0
449.0 80.0 454.0 90.0
236.0 515.0 241.0 521.0
381.0 341.0 389.0 344.0
238.0 607.0 243.0 612.0
111.0 211.0 116.0 220.0
110.0 211.0 115.0 219.0
214.0 403.0 219.0 407.0
91.0 317.0 96.0 322.0
197.0 238.0 204.0 243.0
238.0 263.0 244.0 267.0
380.0 340.0 388.0 344.0
65.0 434.0 72.0 440.0
346.0 355.0 353.0 360.0
88.0 233.0 95.0 240.0
60.0 492.0 65.0 496.0
88.0 232.0 95.0 240.0
96.0 583.0 99.0 588.0
87.0 232.0 95.0 240.0
449.0 81.0 454.0 90.0
239.0 608.0 243.0 612.0
236.0 514.0 240.0 519.0
77.0 586.0 81.0 590.0
106.0 482.0 111.0 486.0
196.0 238.0 204.0 243.0
346.0 356.0 353.0 360.0
51.0 315.0 56.0 319.0
91.0 437.0 97.0 443.0
90.0 317.0 96.0 322.0
260.0 622.0 265.0 626.0
93.0 438.0 98.0 442.0
254.0 196.0 262.0 202.0
347.0 355.0 353.0 360.0
60.0 491.0 65.0 495.0
96.0 584.0 99.0 588.0
99.0 131.0 108.0 141.0
315.0 603.0 321.0 610.0
61.0 491.0 65.0 495.0
92.0 437.0 97.0 443.0
105.0 482.0 111.0 487.0
315.0 602.0 321.0 610.0
90.0 318.0 96.0 322.0
255.0 196.0 262.0 202.0
197.0 237.0 204.0 243.0
235.0 515.0 241.0 521.0
188.0 554.0 193.0 560.0
77.0 585.0 81.0 590.0
98.0 132.0 108.0 142.0
189.0 555.0 193.0 560.0
448.0 80.0 454.0 90.0
66.0 364.0 74.0 367.0
189.0 554.0 194.0 559.0
235.0 514.0 240.0 519.0
109.0 211.0 115.0 219.0
23.0 314.0 31.0 319.0
240.0 571.0 245.0 576.0
66.0 365.0 74.0 367.0
110.0 210.0 115.0 219.0
52.0 315.0 56.0 319.0
171.0 50.0 178.0 61.0
50.0 315.0 56.0 319.0
448.0 81.0 454.0 90.0
76.0 585.0 81.0 590.0
126.0 523.0 131.0 527.0
188.0 555.0 193.0 560.0
127.0 522.0 131.0 527.0
97.0 584.0 99.0 588.0
119.0 505.0 124.0 510.0
117.0 583.0 121.0 587.0
93.0 437.0 98.0 442.0
402.0 420.0 409.0 423.0
126.0 522.0 131.0 527.0
115.0 583.0 120.0 588.0
420.0 597.0 429.0 601.0
109.0 210.0 115.0 219.0
116.0 583.0 121.0 588.0
196.0 237.0 204.0 243.0
401.0 420.0 409.0 423.0
130.0 137.0 140.0 146.0
67.0 365.0 74.0 367.0
98.0 131.0 108.0 141.0
89.0 317.0 96.0 322.0
188.0 553.0 194.0 559.0
51.0 314.0 56.0 319.0
106.0 481.0 111.0 486.0
365.0 430.0 374.0 433.0
61.0 492.0 65.0 495.0
134.0 33.0 141.0 44.0
320.0 410.0 327.0 416.0
195.0 237.0 203.0 242.0
320.0 411.0 327.0 416.0
169.0 321.0 175.0 326.0
187.0 554.0 193.0 560.0
196.0 236.0 203.0 242.0
234.0 514.0 240.0 519.0
118.0 505.0 124.0 510.0
153.0 412.0 157.0 416.0
393.0 519.0 401.0 522.0
92.0 438.0 97.0 443.0
134.0 34.0 141.0 44.0
164.0 242.0 172.0 247.0
155.0 475.0 159.0 480.0
313.0 391.0 320.0 394.0
89.0 318.0 96.0 322.0
388.0 483.0 397.0 484.0
153.0 413.0 157.0 416.0
236.0 263.0 243.0 267.0
189.0 442.0 194.0 448.0
171.0 51.0 177.0 61.0
78.0 585.0 82.0 589.0
95.0 584.0 99.0 588.0
168.0 322.0 175.0 327.0
234.0 515.0 240.0 521.0
182.0 275.0 189.0 279.0
112.0 605.0 117.0 614.0
189.0 443.0 194.0 448.0
365.0 431.0 374.0 433.0
108.0 318.0 114.0 323.0
172.0 51.0 178.0 61.0
260.0 621.0 265.0 626.0
459.0 109.0 461.0 114.0
67.0 364.0 74.0 367.0
151.0 412.0 157.0 416.0
105.0 481.0 111.0 486.0
386.0 360.0 394.0 363.0
419.0 493.0 428.0 496.0
172.0 50.0 178.0 61.0
113.0 606.0 117.0 614.0
183.0 275.0 190.0 280.0
130.0 136.0 140.0 146.0
131.0 137.0 140.0 146.0
141.0 294.0 148.0 299.0
164.0 241.0 172.0 247.0
389.0 482.0 397.0 484.0
24.0 315.0 31.0 319.0
402.0 421.0 409.0 423.0
447.0 307.0 456.0 309.0
419.0 494.0 429.0 497.0
420.0 494.0 429.0 497.0
240.0 570.0 246.0 576.0
254.0 422.0 261.0 427.0
274.0 343.0 281.0 347.0
420.0 493.0 428.0 496.0
419.0 597.0 429.0 600.0
275.0 342.0 281.0 347.0
246.0 344.0 253.0 349.0
458.0 110.0 461.0 114.0
403.0 420.0 409.0 423.0
107.0 481.0 111.0 486.0
23.0 315.0 31.0 319.0
125.0 522.0 131.0 527.0
152.0 412.0 157.0 416.0
447.0 309.0 456.0 309.0
302.0 540.0 307.0 545.0
152.0 413.0 157.0 416.0
241.0 571.0 246.0 576.0
97.0 131.0 107.0 141.0
106.0 480.0 111.0 486.0
252.0 328.0 259.0 334.0
165.0 241.0 172.0 247.0
168.0 321.0 175.0 327.0
252.0 329.0 259.0 334.0
114.0 605.0 117.0 614.0
258.0 483.0 265.0 488.0
168.0 320.0 175.0 326.0
274.0 342.0 281.0 347.0
188.0 442.0 194.0 448.0
131.0 136.0 140.0 146.0
446.0 309.0 456.0 309.0
135.0 34.0 141.0 44.0
394.0 519.0 401.0 522.0
252.0 330.0 259.0 334.0
458.0 108.0 461.0 114.0
447.0 308.0 456.0 309.0
188.0 443.0 194.0 448.0
459.0 110.0 461.0 114.0
155.0 474.0 159.0 479.0
102.0 406.0 109.0 409.0
291.0 314.0 299.0 316.0
114.0 606.0 117.0 614.0
248.0 462.0 254.0 465.0
107.0 318.0 114.0 323.0
118.0 504.0 124.0 510.0
390.0 482.0 397.0 485.0
462.0 488.0 469.0 491.0
241.0 570.0 246.0 576.0
10.0 108.0 18.0 116.0
167.0 321.0 175.0 327.0
113.0 605.0 117.0 614.0
457.0 109.0 461.0 114.0
154.0 474.0 159.0 479.0
178.0 342.0 184.0 346.0
231.0 463.0 238.0 467.0
165.0 242.0 172.0 247.0
195.0 278.0 203.0 283.0
141.0 295.0 148.0 299.0
366.0 431.0 374.0 433.0
253.0 422.0 261.0 427.0
169.0 559.0 174.0 566.0
465.0 464.0 474.0 465.0
97.0 406.0 102.0 409.0
241.0 589.0 247.0 595.0
154.0 475.0 159.0 480.0
240.0 589.0 247.0 595.0
196.0 278.0 203.0 283.0
389.0 483.0 397.0 484.0
366.0 432.0 374.0 434.0
458.0 109.0 461.0 114.0
279.0 517.0 286.0 522.0
123.0 479.0 128.0 484.0
123.0 480.0 128.0 484.0
7.0 604.0 10.0 615.0
119.0 504.0 124.0 510.0
459.0 108.0 462.0 114.0
278.0 517.0 286.0 522.0
6.0 604.0 10.0 615.0
96.0 406.0 102.0 409.0
124.0 480.0 128.0 484.0
10.0 107.0 18.0 116.0
248.0 461.0 254.0 465.0
105.0 497.0 110.0 501.0
168.0 559.0 174.0 566.0
441.0 591.0 449.0 596.0
466.0 463.0 474.0 465.0
446.0 308.0 456.0 309.0
278.0 516.0 286.0 522.0
122.0 480.0 128.0 484.0
177.0 341.0 184.0 345.0
254.0 423.0 261.0 427.0
192.0 520.0 197.0 527.0
179.0 342.0 185.0 346.0
407.0 470.0 415.0 473.0
242.0 588.0 247.0 595.0
386.0 361.0 394.0 363.0
291.0 315.0 299.0 316.0
385.0 361.0 394.0 363.0
232.0 463.0 238.0 467.0
266.0 412.0 273.0 415.0
461.0 488.0 469.0 491.0
210.0 498.0 217.0 503.0
49.0 370.0 56.0 377.0
185.0 609.0 192.0 617.0
10.0 106.0 18.0 116.0
211.0 499.0 217.0 503.0
269.0 468.0 276.0 473.0
179.0 341.0 185.0 346.0
7.0 605.0 10.0 615.0
458.0 520.0 466.0 522.0
62.0 124.0 68.0 132.0
6.0 605.0 10.0 615.0
231.0 462.0 238.0 467.0
456.0 331.0 463.0 333.0
103.0 406.0 109.0 409.0
272.0 451.0 276.0 455.0
465.0 463.0 474.0 465.0
166.0 242.0 172.0 247.0
169.0 560.0 174.0 566.0
178.0 341.0 184.0 345.0
170.0 602.0 175.0 607.0
211.0 498.0 217.0 503.0
247.0 461.0 254.0 465.0
407.0 471.0 415.0 473.0
170.0 601.0 175.0 607.0
168.0 560.0 174.0 566.0
131.0 187.0 139.0 195.0
253.0 423.0 261.0 427.0
279.0 516.0 286.0 522.0
248.0 463.0 254.0 465.0
455.0 331.0 463.0 333.0
126.0 439.0 131.0 444.0
9.0 108.0 18.0 116.0
210.0 499.0 217.0 503.0
241.0 588.0 247.0 595.0
63.0 124.0 68.0 132.0
240.0 588.0 247.0 595.0
253.0 188.0 262.0 201.0
191.0 520.0 197.0 527.0
125.0 439.0 131.0 444.0
408.0 470.0 415.0 473.0
130.0 187.0 139.0 195.0
458.0 519.0 466.0 522.0
127.0 439.0 131.0 444.0
142.0 435.0 148.0 440.0
232.0 462.0 238.0 467.0
126.0 440.0 131.0 444.0
247.0 463.0 254.0 465.0
291.0 489.0 299.0 492.0
460.0 488.0 469.0 490.0
64.0 123.0 68.0 132.0
74.0 400.0 81.0 403.0
269.0 469.0 276.0 473.0
64.0 124.0 68.0 132.0
62.0 123.0 68.0 132.0
254.0 188.0 262.0 201.0
127.0 440.0 131.0 444.0
265.0 412.0 273.0 415.0
9.0 107.0 18.0 116.0
292.0 489.0 299.0 492.0
186.0 609.0 193.0 617.0
9.0 106.0 18.0 116.0
180.0 227.0 187.0 234.0
266.0 411.0 273.0 415.0
180.0 228.0 187.0 234.0
63.0 123.0 68.0 132.0
131.0 186.0 139.0 195.0
247.0 462.0 254.0 465.0
265.0 411.0 273.0 415.0
210.0 497.0 216.0 503.0
130.0 186.0 139.0 195.0
458.0 518.0 466.0 522.0
319.0 508.0 325.0 510.0
318.0 507.0 325.0 510.0
64.0 383.0 73.0 386.0
460.0 489.0 469.0 491.0
319.0 507.0 325.0 510.0
320.0 507.0 325.0 510.0
320.0 506.0 325.0 510.0
240.0 587.0 239.0 593.0
319.0 506.0 325.0 510.0
241.0 587.0 247.0 595.0
107.0 268.0 114.0 276.0
188.0 594.0 189.0 594.0
106.0 268.0 113.0 276.0
19.0 46.0 28.0 56.0
64.0 384.0 73.0 386.0
360.0 465.0 367.0 466.0
187.0 594.0 189.0 594.0
139.0 477.0 129.0 484.0
142.0 59.0 150.0 70.0
19.0 45.0 28.0 56.0
140.0 477.0 129.0 484.0
68.0 102.0 69.0 103.0
105.0 268.0 113.0 276.0
139.0 478.0 129.0 484.0
141.0 60.0 150.0 70.0
69.0 102.0 69.0 103.0
106.0 267.0 113.0 276.0
140.0 59.0 150.0 70.0
186.0 283.0 189.0 280.0
68.0 103.0 69.0 103.0
67.0 102.0 69.0 103.0
140.0 58.0 150.0 70.0
141.0 58.0 150.0 70.0
18.0 45.0 28.0 56.0
141.0 59.0 150.0 70.0
68.0 101.0 69.0 103.0
69.0 103.0 69.0 103.0
19.0 44.0 28.0 56.0
267.0 300.0 274.0 292.0
68.0 104.0 69.0 103.0
67.0 103.0 69.0 103.0
311.0 425.0 327.0 415.0
157.0 434.0 148.0 440.0
18.0 46.0 28.0 57.0
311.0 424.0 327.0 415.0
409.0 366.0 424.0 365.0
448.0 557.0 456.0 541.0
448.0 556.0 456.0 541.0
267.0 301.0 274.0 292.0
449.0 556.0 456.0 541.0
