392.0 109.0 389.0 125.0
393.0 109.0 389.0 125.0
393.0 108.0 390.0 125.0
392.0 108.0 389.0 124.0
393.0 107.0 389.0 124.0
372.0 172.0 368.0 190.0
392.0 107.0 389.0 124.0
13.0 424.0 10.0 438.0
179.0 188.0 176.0 202.0
180.0 188.0 177.0 202.0
217.0 268.0 214.0 285.0
179.0 211.0 177.0 227.0
372.0 171.0 369.0 188.0
384.0 276.0 382.0 294.0
371.0 294.0 369.0 313.0
120.0 192.0 115.0 207.0
222.0 382.0 221.0 398.0
119.0 193.0 115.0 207.0
119.0 194.0 115.0 207.0
178.0 212.0 176.0 228.0
119.0 192.0 115.0 207.0
179.0 213.0 177.0 228.0
372.0 170.0 369.0 188.0
372.0 295.0 369.0 313.0
118.0 193.0 115.0 207.0
181.0 139.0 178.0 153.0
222.0 219.0 218.0 234.0
217.0 269.0 213.0 285.0
180.0 212.0 177.0 228.0
118.0 192.0 115.0 207.0
371.0 172.0 368.0 190.0
11.0 424.0 9.0 440.0
371.0 170.0 369.0 188.0
372.0 294.0 369.0 314.0
371.0 295.0 369.0 313.0
222.0 384.0 221.0 399.0
180.0 211.0 177.0 227.0
66.0 398.0 61.0 416.0
354.0 214.0 350.0 233.0
217.0 270.0 214.0 287.0
222.0 217.0 218.0 234.0
216.0 270.0 214.0 287.0
198.0 17.0 194.0 30.0
179.0 212.0 176.0 228.0
179.0 187.0 176.0 201.0
341.0 156.0 337.0 175.0
216.0 269.0 214.0 286.0
341.0 158.0 337.0 175.0
12.0 424.0 10.0 440.0
371.0 171.0 369.0 189.0
67.0 396.0 62.0 412.0
182.0 139.0 178.0 153.0
342.0 157.0 337.0 175.0
180.0 187.0 176.0 201.0
222.0 383.0 220.0 399.0
66.0 397.0 61.0 414.0
181.0 138.0 178.0 153.0
341.0 157.0 337.0 175.0
220.0 384.0 219.0 400.0
385.0 276.0 382.0 294.0
222.0 218.0 218.0 234.0
353.0 214.0 350.0 233.0
12.0 425.0 10.0 440.0
98.0 376.0 92.0 393.0
384.0 277.0 382.0 297.0
221.0 382.0 221.0 398.0
353.0 213.0 350.0 233.0
337.0 121.0 335.0 139.0
336.0 131.0 331.0 149.0
221.0 383.0 220.0 399.0
156.0 278.0 154.0 294.0
13.0 250.0 10.0 262.0
263.0 286.0 260.0 303.0
385.0 277.0 382.0 296.0
157.0 278.0 154.0 294.0
210.0 202.0 206.0 217.0
335.0 131.0 331.0 149.0
302.0 220.0 299.0 238.0
98.0 375.0 92.0 393.0
214.0 21.0 212.0 34.0
118.0 194.0 115.0 207.0
340.0 157.0 337.0 175.0
199.0 17.0 194.0 30.0
215.0 21.0 212.0 34.0
221.0 384.0 219.0 400.0
338.0 178.0 334.0 195.0
220.0 385.0 219.0 400.0
215.0 22.0 212.0 34.0
158.0 278.0 155.0 293.0
262.0 285.0 260.0 303.0
67.0 397.0 62.0 414.0
136.0 227.0 133.0 242.0
360.0 136.0 356.0 154.0
199.0 16.0 196.0 30.0
385.0 278.0 382.0 297.0
340.0 158.0 337.0 177.0
338.0 121.0 335.0 139.0
182.0 351.0 180.0 368.0
115.0 253.0 112.0 270.0
92.0 317.0 87.0 336.0
14.0 250.0 10.0 262.0
14.0 249.0 10.0 262.0
119.0 191.0 115.0 207.0
97.0 376.0 92.0 393.0
73.0 112.0 68.0 125.0
263.0 285.0 260.0 303.0
157.0 276.0 154.0 293.0
221.0 385.0 219.0 400.0
198.0 16.0 196.0 30.0
338.0 120.0 335.0 139.0
15.0 250.0 10.0 262.0
154.0 66.0 150.0 81.0
179.0 186.0 176.0 201.0
154.0 67.0 150.0 81.0
336.0 130.0 331.0 149.0
180.0 138.0 178.0 153.0
221.0 219.0 218.0 234.0
119.0 364.0 114.0 381.0
210.0 203.0 206.0 219.0
221.0 218.0 218.0 234.0
361.0 188.0 358.0 208.0
221.0 217.0 218.0 234.0
92.0 318.0 87.0 336.0
220.0 383.0 218.0 399.0
100.0 458.0 96.0 473.0
182.0 138.0 178.0 153.0
157.0 277.0 154.0 293.0
338.0 177.0 335.0 194.0
339.0 177.0 335.0 194.0
215.0 23.0 212.0 34.0
339.0 178.0 335.0 194.0
435.0 579.0 433.0 587.0
214.0 22.0 212.0 34.0
158.0 277.0 155.0 293.0
14.0 251.0 10.0 262.0
156.0 277.0 154.0 294.0
302.0 219.0 299.0 238.0
118.0 364.0 114.0 381.0
116.0 251.0 113.0 268.0
262.0 286.0 260.0 303.0
115.0 251.0 113.0 268.0
182.0 137.0 178.0 151.0
181.0 137.0 178.0 151.0
263.0 287.0 260.0 303.0
135.0 228.0 132.0 243.0
133.0 187.0 130.0 201.0
362.0 188.0 358.0 208.0
142.0 117.0 138.0 132.0
352.0 213.0 349.0 232.0
156.0 276.0 154.0 293.0
209.0 203.0 206.0 219.0
13.0 251.0 10.0 262.0
134.0 187.0 130.0 201.0
137.0 228.0 132.0 243.0
337.0 178.0 334.0 195.0
337.0 177.0 334.0 194.0
337.0 130.0 331.0 149.0
116.0 253.0 112.0 270.0
133.0 186.0 130.0 201.0
180.0 186.0 176.0 201.0
155.0 66.0 150.0 81.0
384.0 452.0 385.0 459.0
155.0 67.0 150.0 81.0
434.0 578.0 433.0 587.0
401.0 505.0 401.0 512.0
338.0 176.0 335.0 194.0
64.0 359.0 61.0 377.0
262.0 287.0 260.0 303.0
116.0 252.0 113.0 268.0
118.0 365.0 114.0 381.0
100.0 459.0 96.0 473.0
384.0 453.0 385.0 459.0
115.0 252.0 113.0 268.0
91.0 318.0 87.0 336.0
261.0 286.0 260.0 303.0
142.0 118.0 138.0 132.0
18.0 276.0 12.0 289.0
360.0 198.0 356.0 216.0
457.0 597.0 456.0 604.0
120.0 337.0 116.0 356.0
86.0 482.0 83.0 498.0
137.0 229.0 132.0 243.0
115.0 254.0 112.0 270.0
135.0 229.0 132.0 243.0
100.0 457.0 96.0 473.0
214.0 23.0 212.0 34.0
65.0 359.0 61.0 377.0
18.0 275.0 12.0 289.0
29.0 217.0 23.0 230.0
134.0 186.0 130.0 201.0
434.0 579.0 433.0 587.0
139.0 337.0 134.0 355.0
28.0 218.0 23.0 230.0
64.0 358.0 61.0 377.0
362.0 187.0 358.0 208.0
136.0 228.0 132.0 243.0
143.0 118.0 138.0 132.0
86.0 483.0 83.0 498.0
114.0 252.0 112.0 269.0
138.0 336.0 134.0 354.0
434.0 580.0 434.0 588.0
17.0 276.0 12.0 290.0
135.0 187.0 130.0 201.0
6.0 163.0 3.0 170.0
7.0 163.0 3.0 170.0
28.0 217.0 22.0 230.0
358.0 144.0 355.0 162.0
13.0 252.0 10.0 262.0
120.0 339.0 116.0 356.0
7.0 164.0 3.0 170.0
6.0 164.0 3.0 170.0
85.0 484.0 82.0 499.0
385.0 452.0 385.0 459.0
231.0 31.0 227.0 44.0
19.0 275.0 12.0 289.0
169.0 101.0 167.0 115.0
26.0 218.0 22.0 230.0
29.0 292.0 22.0 304.0
136.0 229.0 132.0 243.0
85.0 482.0 83.0 498.0
435.0 580.0 434.0 588.0
65.0 206.0 60.0 221.0
342.0 198.0 339.0 217.0
359.0 144.0 355.0 162.0
115.0 232.0 110.0 246.0
163.0 6.0 159.0 17.0
65.0 205.0 60.0 221.0
230.0 33.0 227.0 44.0
27.0 219.0 22.0 230.0
120.0 338.0 116.0 356.0
119.0 340.0 115.0 359.0
231.0 32.0 227.0 44.0
66.0 206.0 60.0 221.0
27.0 218.0 22.0 230.0
27.0 217.0 22.0 230.0
65.0 358.0 61.0 377.0
19.0 276.0 12.0 289.0
163.0 7.0 159.0 17.0
230.0 32.0 227.0 44.0
101.0 457.0 96.0 473.0
30.0 292.0 22.0 304.0
85.0 483.0 82.0 499.0
84.0 483.0 82.0 499.0
150.0 347.0 147.0 364.0
181.0 12.0 177.0 22.0
138.0 337.0 134.0 355.0
101.0 459.0 96.0 473.0
119.0 338.0 116.0 356.0
6.0 165.0 3.0 170.0
66.0 205.0 60.0 221.0
170.0 100.0 167.0 115.0
325.0 512.0 323.0 534.0
143.0 117.0 138.0 132.0
157.0 124.0 153.0 138.0
65.0 357.0 61.0 377.0
434.0 581.0 434.0 588.0
67.0 206.0 60.0 221.0
7.0 165.0 3.0 170.0
435.0 581.0 434.0 588.0
138.0 338.0 134.0 355.0
14.0 29.0 9.0 35.0
229.0 32.0 227.0 44.0
26.0 198.0 22.0 209.0
47.0 149.0 43.0 161.0
101.0 458.0 96.0 473.0
181.0 11.0 177.0 22.0
119.0 339.0 116.0 356.0
170.0 101.0 167.0 115.0
342.0 199.0 339.0 218.0
141.0 87.0 137.0 101.0
453.0 444.0 452.0 451.0
454.0 444.0 452.0 451.0
142.0 88.0 137.0 101.0
108.0 215.0 98.0 228.0
169.0 102.0 167.0 115.0
115.0 231.0 110.0 246.0
27.0 198.0 22.0 209.0
455.0 444.0 453.0 451.0
26.0 199.0 21.0 211.0
67.0 205.0 60.0 221.0
455.0 443.0 453.0 451.0
135.0 186.0 130.0 201.0
171.0 100.0 167.0 115.0
180.0 11.0 177.0 22.0
171.0 101.0 167.0 115.0
454.0 443.0 452.0 451.0
113.0 18.0 109.0 29.0
156.0 124.0 153.0 138.0
142.0 87.0 137.0 101.0
453.0 443.0 451.0 450.0
114.0 19.0 109.0 29.0
164.0 6.0 159.0 17.0
102.0 458.0 96.0 473.0
455.0 442.0 452.0 451.0
116.0 231.0 110.0 247.0
230.0 31.0 227.0 44.0
181.0 10.0 177.0 22.0
65.0 371.0 64.0 393.0
314.0 610.0 314.0 619.0
114.0 18.0 109.0 29.0
170.0 102.0 167.0 115.0
27.0 199.0 21.0 211.0
26.0 200.0 21.0 211.0
67.0 207.0 61.0 222.0
407.0 438.0 407.0 445.0
64.0 371.0 64.0 393.0
405.0 15.0 399.0 15.0
453.0 442.0 452.0 451.0
454.0 441.0 452.0 449.0
454.0 442.0 452.0 451.0
315.0 610.0 314.0 620.0
408.0 437.0 407.0 445.0
325.0 510.0 322.0 533.0
115.0 18.0 109.0 29.0
314.0 611.0 314.0 620.0
117.0 231.0 110.0 247.0
325.0 511.0 322.0 533.0
180.0 10.0 177.0 22.0
26.0 107.0 26.0 114.0
408.0 438.0 407.0 445.0
315.0 611.0 314.0 620.0
64.0 370.0 64.0 393.0
65.0 370.0 64.0 393.0
25.0 107.0 25.0 114.0
407.0 439.0 407.0 445.0
453.0 474.0 454.0 476.0
56.0 40.0 50.0 51.0
409.0 438.0 407.0 445.0
55.0 40.0 50.0 51.0
56.0 39.0 50.0 51.0
452.0 474.0 454.0 476.0
314.0 612.0 314.0 620.0
452.0 475.0 454.0 476.0
12.0 16.0 9.0 35.0
55.0 39.0 50.0 51.0
453.0 475.0 454.0 476.0
409.0 439.0 407.0 445.0
408.0 439.0 407.0 445.0
348.0 568.0 347.0 576.0
348.0 566.0 347.0 576.0
348.0 569.0 347.0 576.0
347.0 566.0 347.0 576.0
347.0 567.0 347.0 576.0
347.0 568.0 347.0 576.0
88.0 311.0 87.0 336.0
348.0 567.0 347.0 576.0
310.0 559.0 309.0 567.0
349.0 567.0 347.0 576.0
88.0 310.0 87.0 336.0
87.0 312.0 87.0 336.0
87.0 311.0 87.0 336.0
311.0 559.0 309.0 567.0
115.0 168.0 109.0 190.0
349.0 568.0 347.0 576.0
310.0 560.0 309.0 567.0
311.0 560.0 309.0 567.0
102.0 42.0 109.0 29.0
101.0 43.0 109.0 29.0
103.0 42.0 109.0 29.0
102.0 43.0 109.0 29.0
186.0 27.0 194.0 30.0
12.0 395.0 22.0 410.0
103.0 43.0 109.0 29.0
185.0 26.0 194.0 30.0
102.0 44.0 109.0 29.0
5.0 212.0 4.0 215.0
14.0 189.0 4.0 214.0
6.0 212.0 4.0 215.0
360.0 513.0 360.0 521.0
11.0 394.0 22.0 410.0
11.0 396.0 22.0 410.0
184.0 26.0 194.0 30.0
11.0 395.0 22.0 410.0
185.0 27.0 194.0 30.0
366.0 603.0 433.0 587.0
10.0 396.0 22.0 410.0
155.0 81.0 137.0 101.0
