19.0 140.0 19.0 171.0
18.0 140.0 19.0 171.0
18.0 141.0 19.0 171.0
19.0 141.0 19.0 171.0
18.0 142.0 19.0 171.0
346.0 300.0 345.0 339.0
17.0 140.0 19.0 171.0
17.0 142.0 19.0 171.0
164.0 287.0 160.0 322.0
17.0 141.0 19.0 171.0
295.0 82.0 297.0 117.0
347.0 300.0 345.0 339.0
97.0 237.0 96.0 270.0
347.0 299.0 345.0 339.0
346.0 299.0 345.0 339.0
304.0 277.0 303.0 314.0
296.0 82.0 297.0 117.0
295.0 83.0 297.0 117.0
368.0 267.0 368.0 311.0
165.0 288.0 160.0 322.0
97.0 236.0 96.0 270.0
164.0 288.0 160.0 322.0
294.0 82.0 297.0 117.0
98.0 235.0 96.0 270.0
98.0 237.0 96.0 270.0
294.0 83.0 297.0 117.0
347.0 298.0 345.0 339.0
368.0 269.0 368.0 314.0
304.0 279.0 303.0 314.0
346.0 298.0 345.0 339.0
368.0 268.0 368.0 314.0
369.0 268.0 368.0 313.0
369.0 267.0 368.0 313.0
165.0 287.0 160.0 322.0
304.0 278.0 303.0 314.0
98.0 238.0 97.0 270.0
98.0 236.0 96.0 270.0
368.0 266.0 368.0 311.0
48.0 264.0 45.0 296.0
99.0 237.0 97.0 270.0
357.0 234.0 357.0 272.0
369.0 266.0 368.0 311.0
149.0 208.0 147.0 239.0
347.0 297.0 345.0 339.0
294.0 81.0 297.0 116.0
295.0 81.0 297.0 116.0
99.0 236.0 96.0 270.0
295.0 80.0 297.0 116.0
391.0 186.0 392.0 223.0
268.0 427.0 262.0 477.0
267.0 428.0 262.0 477.0
164.0 289.0 160.0 322.0
303.0 278.0 303.0 314.0
80.0 66.0 82.0 100.0
48.0 265.0 45.0 296.0
304.0 280.0 303.0 314.0
390.0 187.0 392.0 223.0
179.0 481.0 173.0 524.0
118.0 519.0 108.0 571.0
48.0 263.0 45.0 296.0
245.0 461.0 241.0 508.0
357.0 235.0 357.0 272.0
80.0 67.0 82.0 100.0
379.0 394.0 379.0 442.0
267.0 427.0 262.0 477.0
118.0 520.0 108.0 571.0
371.0 205.0 370.0 241.0
391.0 187.0 392.0 223.0
198.0 400.0 192.0 445.0
377.0 395.0 379.0 442.0
132.0 213.0 131.0 247.0
246.0 461.0 241.0 508.0
389.0 288.0 389.0 335.0
12.0 276.0 10.0 305.0
356.0 235.0 357.0 272.0
378.0 394.0 379.0 442.0
246.0 462.0 241.0 508.0
268.0 426.0 262.0 477.0
89.0 436.0 80.0 482.0
13.0 276.0 10.0 305.0
377.0 394.0 379.0 442.0
303.0 279.0 303.0 314.0
187.0 272.0 181.0 310.0
378.0 396.0 379.0 442.0
133.0 213.0 131.0 247.0
132.0 214.0 131.0 247.0
392.0 186.0 392.0 223.0
12.0 275.0 10.0 305.0
73.0 183.0 67.0 211.0
391.0 188.0 392.0 223.0
180.0 481.0 173.0 524.0
372.0 205.0 371.0 241.0
295.0 79.0 296.0 116.0
392.0 187.0 392.0 223.0
118.0 518.0 108.0 571.0
81.0 65.0 83.0 99.0
303.0 280.0 303.0 314.0
11.0 163.0 11.0 194.0
179.0 482.0 173.0 524.0
468.0 466.0 471.0 519.0
378.0 395.0 379.0 442.0
80.0 65.0 83.0 99.0
119.0 518.0 108.0 571.0
13.0 275.0 10.0 305.0
112.0 324.0 108.0 362.0
119.0 519.0 108.0 571.0
89.0 435.0 80.0 482.0
150.0 208.0 147.0 239.0
14.0 275.0 10.0 305.0
371.0 206.0 370.0 241.0
186.0 272.0 181.0 310.0
245.0 462.0 240.0 508.0
10.0 164.0 11.0 194.0
112.0 323.0 108.0 362.0
372.0 206.0 371.0 241.0
73.0 184.0 67.0 211.0
48.0 262.0 45.0 296.0
11.0 164.0 11.0 194.0
73.0 185.0 67.0 211.0
449.0 250.0 451.0 295.0
113.0 323.0 108.0 362.0
72.0 184.0 67.0 211.0
186.0 271.0 181.0 310.0
14.0 276.0 10.0 305.0
88.0 435.0 80.0 482.0
72.0 183.0 67.0 211.0
389.0 287.0 389.0 335.0
180.0 482.0 173.0 524.0
116.0 89.0 118.0 121.0
373.0 205.0 371.0 241.0
388.0 287.0 389.0 335.0
187.0 271.0 181.0 310.0
74.0 185.0 67.0 211.0
113.0 322.0 108.0 361.0
80.0 64.0 83.0 99.0
45.0 202.0 44.0 232.0
254.0 504.0 250.0 550.0
399.0 334.0 399.0 381.0
185.0 271.0 181.0 310.0
399.0 336.0 399.0 381.0
267.0 426.0 262.0 477.0
254.0 505.0 250.0 550.0
282.0 542.0 277.0 591.0
45.0 203.0 44.0 232.0
282.0 543.0 277.0 591.0
129.0 418.0 121.0 457.0
469.0 467.0 471.0 519.0
398.0 335.0 398.0 383.0
32.0 66.0 34.0 101.0
399.0 335.0 399.0 381.0
128.0 418.0 121.0 457.0
468.0 467.0 471.0 519.0
358.0 217.0 357.0 257.0
400.0 335.0 399.0 381.0
45.0 201.0 44.0 232.0
74.0 184.0 67.0 211.0
358.0 216.0 357.0 257.0
359.0 217.0 357.0 257.0
255.0 257.0 253.0 294.0
78.0 503.0 70.0 546.0
255.0 256.0 253.0 294.0
48.0 227.0 47.0 260.0
241.0 479.0 235.0 525.0
302.0 456.0 298.0 502.0
31.0 66.0 34.0 101.0
129.0 419.0 121.0 457.0
55.0 64.0 58.0 97.0
54.0 64.0 58.0 97.0
46.0 201.0 44.0 232.0
130.0 357.0 122.0 397.0
240.0 480.0 235.0 526.0
254.0 256.0 253.0 294.0
78.0 502.0 70.0 546.0
251.0 325.0 250.0 363.0
46.0 202.0 44.0 232.0
48.0 226.0 47.0 260.0
303.0 456.0 298.0 502.0
128.0 419.0 121.0 457.0
46.0 203.0 44.0 232.0
435.0 263.0 437.0 311.0
130.0 356.0 123.0 397.0
359.0 216.0 357.0 257.0
252.0 325.0 250.0 364.0
32.0 65.0 34.0 101.0
239.0 311.0 237.0 347.0
468.0 468.0 471.0 519.0
130.0 355.0 123.0 395.0
140.0 332.0 136.0 366.0
239.0 488.0 232.0 542.0
255.0 255.0 253.0 294.0
54.0 63.0 60.0 96.0
131.0 357.0 122.0 397.0
49.0 225.0 47.0 260.0
48.0 225.0 47.0 260.0
140.0 333.0 136.0 366.0
303.0 455.0 298.0 502.0
429.0 309.0 428.0 351.0
302.0 455.0 298.0 502.0
131.0 356.0 123.0 397.0
55.0 63.0 60.0 96.0
139.0 332.0 136.0 366.0
252.0 326.0 250.0 364.0
62.0 309.0 58.0 340.0
47.0 225.0 46.0 260.0
47.0 226.0 45.0 261.0
268.0 543.0 268.0 592.0
47.0 201.0 44.0 232.0
47.0 202.0 44.0 232.0
31.0 65.0 34.0 101.0
268.0 542.0 268.0 592.0
113.0 541.0 104.0 586.0
131.0 355.0 123.0 396.0
139.0 333.0 136.0 366.0
268.0 541.0 268.0 592.0
263.0 58.0 262.0 90.0
425.0 375.0 427.0 424.0
263.0 59.0 262.0 90.0
112.0 541.0 102.0 585.0
58.0 426.0 49.0 471.0
426.0 376.0 427.0 424.0
262.0 58.0 262.0 90.0
267.0 542.0 268.0 592.0
66.0 303.0 58.0 339.0
425.0 376.0 427.0 424.0
57.0 426.0 49.0 471.0
30.0 353.0 24.0 389.0
238.0 545.0 235.0 602.0
426.0 375.0 427.0 424.0
255.0 365.0 249.0 405.0
30.0 352.0 24.0 389.0
133.0 408.0 121.0 457.0
239.0 545.0 235.0 602.0
31.0 353.0 24.0 389.0
262.0 59.0 262.0 90.0
139.0 334.0 136.0 366.0
29.0 354.0 24.0 389.0
31.0 354.0 24.0 389.0
57.0 425.0 48.0 471.0
67.0 303.0 58.0 339.0
135.0 487.0 126.0 528.0
30.0 354.0 24.0 389.0
254.0 365.0 249.0 405.0
31.0 130.0 19.0 169.0
113.0 542.0 104.0 586.0
40.0 435.0 37.0 487.0
31.0 129.0 19.0 169.0
31.0 131.0 19.0 169.0
262.0 60.0 262.0 90.0
41.0 435.0 37.0 487.0
29.0 353.0 24.0 389.0
68.0 303.0 58.0 339.0
310.0 538.0 306.0 598.0
89.0 346.0 84.0 378.0
90.0 346.0 84.0 378.0
112.0 542.0 102.0 585.0
66.0 302.0 58.0 339.0
164.0 279.0 160.0 320.0
239.0 544.0 235.0 602.0
92.0 354.0 86.0 397.0
40.0 434.0 37.0 487.0
238.0 544.0 235.0 602.0
41.0 434.0 37.0 487.0
239.0 543.0 235.0 602.0
30.0 168.0 24.0 212.0
32.0 130.0 19.0 169.0
446.0 371.0 466.0 388.0
164.0 278.0 160.0 320.0
90.0 347.0 84.0 378.0
447.0 372.0 466.0 388.0
89.0 347.0 84.0 378.0
31.0 169.0 24.0 212.0
238.0 543.0 235.0 602.0
348.0 40.0 348.0 77.0
447.0 371.0 466.0 388.0
346.0 41.0 348.0 77.0
446.0 370.0 466.0 388.0
307.0 44.0 307.0 73.0
346.0 40.0 348.0 77.0
31.0 168.0 24.0 212.0
143.0 405.0 121.0 457.0
67.0 302.0 58.0 339.0
347.0 40.0 348.0 77.0
347.0 39.0 348.0 77.0
347.0 41.0 348.0 77.0
268.0 348.0 264.0 391.0
68.0 302.0 58.0 339.0
165.0 278.0 160.0 320.0
307.0 43.0 307.0 73.0
348.0 39.0 348.0 77.0
