401.0 394.0 398.0 405.0
154.0 30.0 155.0 29.0
154.0 29.0 155.0 29.0
421.0 212.0 422.0 224.0
14.0 33.0 14.0 28.0
359.0 271.0 358.0 283.0
155.0 30.0 155.0 29.0
125.0 37.0 126.0 36.0
153.0 29.0 155.0 29.0
202.0 106.0 203.0 110.0
420.0 212.0 422.0 224.0
332.0 254.0 331.0 266.0
421.0 211.0 422.0 224.0
125.0 38.0 126.0 37.0
359.0 272.0 358.0 283.0
359.0 288.0 359.0 300.0
88.0 227.0 84.0 226.0
185.0 532.0 177.0 537.0
87.0 226.0 84.0 226.0
126.0 37.0 127.0 36.0
185.0 531.0 177.0 537.0
125.0 36.0 126.0 36.0
184.0 531.0 176.0 538.0
112.0 178.0 111.0 179.0
401.0 393.0 398.0 405.0
151.0 626.0 142.0 629.0
151.0 625.0 142.0 629.0
153.0 626.0 142.0 629.0
402.0 393.0 398.0 405.0
400.0 393.0 398.0 405.0
151.0 627.0 142.0 629.0
190.0 251.0 188.0 255.0
13.0 33.0 14.0 28.0
92.0 159.0 91.0 158.0
112.0 179.0 111.0 179.0
124.0 38.0 126.0 37.0
336.0 176.0 338.0 185.0
10.0 16.0 9.0 10.0
137.0 21.0 139.0 20.0
359.0 289.0 359.0 300.0
136.0 300.0 133.0 304.0
358.0 288.0 359.0 300.0
364.0 348.0 362.0 360.0
201.0 106.0 203.0 110.0
53.0 193.0 51.0 192.0
184.0 532.0 176.0 538.0
78.0 81.0 79.0 79.0
358.0 271.0 358.0 283.0
278.0 242.0 277.0 250.0
195.0 124.0 196.0 128.0
61.0 63.0 61.0 61.0
193.0 56.0 195.0 58.0
275.0 371.0 273.0 380.0
358.0 272.0 358.0 283.0
152.0 626.0 142.0 629.0
86.0 227.0 84.0 226.0
277.0 371.0 273.0 381.0
60.0 64.0 61.0 62.0
152.0 625.0 142.0 629.0
276.0 372.0 273.0 381.0
214.0 68.0 218.0 72.0
194.0 55.0 196.0 58.0
87.0 227.0 84.0 226.0
152.0 627.0 142.0 629.0
111.0 178.0 111.0 179.0
81.0 253.0 78.0 253.0
315.0 315.0 313.0 324.0
61.0 64.0 61.0 62.0
421.0 213.0 422.0 224.0
202.0 105.0 203.0 110.0
111.0 179.0 111.0 179.0
337.0 176.0 338.0 185.0
14.0 34.0 14.0 28.0
80.0 252.0 78.0 253.0
52.0 193.0 49.0 192.0
239.0 563.0 231.0 571.0
380.0 312.0 378.0 326.0
81.0 252.0 78.0 253.0
380.0 313.0 378.0 326.0
190.0 428.0 185.0 433.0
276.0 371.0 273.0 380.0
354.0 247.0 355.0 259.0
60.0 63.0 61.0 61.0
190.0 427.0 185.0 433.0
68.0 277.0 65.0 278.0
127.0 431.0 121.0 437.0
166.0 432.0 160.0 438.0
194.0 123.0 195.0 127.0
86.0 228.0 84.0 228.0
123.0 225.0 122.0 228.0
168.0 343.0 163.0 348.0
21.0 309.0 18.0 307.0
80.0 253.0 78.0 253.0
193.0 55.0 195.0 58.0
67.0 277.0 65.0 278.0
145.0 284.0 143.0 287.0
354.0 248.0 354.0 259.0
59.0 64.0 61.0 62.0
194.0 124.0 196.0 128.0
234.0 78.0 236.0 82.0
22.0 309.0 18.0 307.0
178.0 45.0 180.0 47.0
314.0 314.0 313.0 324.0
123.0 226.0 122.0 228.0
402.0 392.0 398.0 405.0
143.0 283.0 141.0 286.0
203.0 104.0 203.0 110.0
364.0 349.0 362.0 360.0
401.0 392.0 398.0 405.0
13.0 34.0 14.0 28.0
68.0 276.0 65.0 278.0
177.0 45.0 179.0 47.0
277.0 242.0 277.0 250.0
233.0 78.0 236.0 82.0
17.0 155.0 15.0 150.0
191.0 251.0 188.0 255.0
93.0 113.0 93.0 111.0
87.0 228.0 84.0 228.0
358.0 289.0 359.0 300.0
36.0 18.0 36.0 13.0
167.0 343.0 163.0 348.0
140.0 348.0 134.0 352.0
57.0 359.0 53.0 363.0
379.0 313.0 378.0 326.0
213.0 69.0 218.0 72.0
168.0 344.0 163.0 348.0
137.0 22.0 139.0 20.0
189.0 251.0 188.0 255.0
127.0 248.0 125.0 248.0
314.0 315.0 313.0 324.0
125.0 226.0 123.0 228.0
124.0 225.0 122.0 228.0
67.0 276.0 64.0 278.0
124.0 226.0 123.0 228.0
143.0 284.0 141.0 286.0
92.0 113.0 93.0 111.0
144.0 284.0 142.0 288.0
145.0 283.0 143.0 287.0
167.0 344.0 163.0 348.0
191.0 428.0 185.0 434.0
92.0 114.0 92.0 112.0
138.0 161.0 137.0 162.0
91.0 113.0 92.0 111.0
177.0 44.0 179.0 46.0
196.0 78.0 198.0 80.0
36.0 359.0 30.0 361.0
60.0 65.0 61.0 62.0
137.0 160.0 137.0 162.0
379.0 312.0 378.0 326.0
35.0 359.0 30.0 361.0
17.0 154.0 15.0 150.0
240.0 252.0 238.0 259.0
57.0 358.0 52.0 362.0
126.0 431.0 121.0 437.0
92.0 112.0 93.0 111.0
212.0 85.0 214.0 89.0
214.0 69.0 218.0 72.0
31.0 240.0 29.0 238.0
137.0 161.0 137.0 162.0
126.0 433.0 121.0 438.0
315.0 314.0 313.0 324.0
52.0 13.0 54.0 9.0
56.0 358.0 52.0 362.0
29.0 258.0 26.0 258.0
233.0 77.0 236.0 82.0
51.0 13.0 54.0 10.0
211.0 86.0 214.0 91.0
195.0 123.0 195.0 127.0
144.0 283.0 141.0 286.0
337.0 177.0 338.0 186.0
125.0 433.0 121.0 438.0
139.0 348.0 134.0 352.0
126.0 432.0 121.0 438.0
225.0 347.0 222.0 353.0
94.0 540.0 85.0 543.0
85.0 276.0 81.0 277.0
33.0 240.0 30.0 239.0
63.0 115.0 63.0 113.0
16.0 155.0 15.0 150.0
212.0 86.0 214.0 90.0
63.0 114.0 63.0 113.0
136.0 21.0 139.0 20.0
136.0 22.0 139.0 20.0
196.0 77.0 198.0 80.0
56.0 359.0 53.0 363.0
32.0 375.0 27.0 378.0
30.0 259.0 26.0 258.0
30.0 258.0 26.0 258.0
32.0 240.0 29.0 238.0
125.0 432.0 120.0 438.0
191.0 427.0 185.0 433.0
212.0 87.0 214.0 91.0
48.0 426.0 42.0 428.0
67.0 275.0 64.0 278.0
35.0 18.0 36.0 13.0
258.0 393.0 255.0 401.0
107.0 562.0 97.0 566.0
68.0 275.0 64.0 278.0
239.0 252.0 238.0 259.0
93.0 540.0 85.0 543.0
128.0 248.0 125.0 248.0
48.0 427.0 42.0 428.0
385.0 411.0 381.0 424.0
138.0 160.0 137.0 162.0
19.0 509.0 12.0 504.0
192.0 197.0 192.0 202.0
384.0 411.0 380.0 423.0
35.0 17.0 36.0 13.0
383.0 253.0 383.0 269.0
106.0 562.0 97.0 566.0
127.0 318.0 123.0 322.0
243.0 386.0 239.0 394.0
176.0 44.0 179.0 46.0
28.0 477.0 20.0 477.0
240.0 251.0 238.0 259.0
197.0 77.0 198.0 80.0
193.0 198.0 192.0 202.0
382.0 253.0 383.0 269.0
194.0 197.0 192.0 202.0
95.0 540.0 86.0 543.0
99.0 305.0 95.0 307.0
243.0 385.0 240.0 393.0
193.0 197.0 192.0 202.0
32.0 376.0 27.0 378.0
32.0 377.0 27.0 378.0
211.0 85.0 214.0 89.0
59.0 136.0 58.0 134.0
243.0 387.0 239.0 394.0
219.0 377.0 216.0 383.0
140.0 347.0 134.0 352.0
128.0 249.0 125.0 248.0
32.0 150.0 31.0 146.0
93.0 114.0 93.0 111.0
139.0 347.0 134.0 352.0
94.0 539.0 85.0 543.0
166.0 188.0 166.0 192.0
19.0 510.0 11.0 504.0
125.0 225.0 122.0 228.0
191.0 250.0 188.0 255.0
58.0 136.0 57.0 134.0
234.0 77.0 236.0 82.0
32.0 241.0 30.0 240.0
31.0 259.0 27.0 258.0
182.0 163.0 182.0 167.0
30.0 257.0 28.0 257.0
190.0 250.0 188.0 255.0
58.0 135.0 57.0 133.0
31.0 258.0 27.0 258.0
383.0 252.0 383.0 269.0
385.0 410.0 381.0 424.0
50.0 400.0 45.0 402.0
198.0 600.0 190.0 605.0
221.0 376.0 216.0 383.0
182.0 164.0 182.0 167.0
58.0 134.0 57.0 133.0
220.0 376.0 216.0 383.0
202.0 512.0 195.0 518.0
106.0 563.0 97.0 566.0
360.0 437.0 355.0 449.0
385.0 409.0 381.0 423.0
371.0 446.0 368.0 458.0
189.0 250.0 188.0 255.0
99.0 304.0 95.0 307.0
33.0 241.0 30.0 239.0
20.0 509.0 12.0 504.0
152.0 138.0 151.0 140.0
226.0 347.0 222.0 353.0
202.0 511.0 195.0 518.0
121.0 279.0 117.0 282.0
230.0 314.0 228.0 321.0
360.0 438.0 355.0 449.0
127.0 317.0 123.0 322.0
182.0 162.0 182.0 167.0
151.0 138.0 151.0 140.0
33.0 406.0 27.0 408.0
96.0 448.0 87.0 454.0
222.0 278.0 220.0 283.0
384.0 410.0 380.0 423.0
445.0 614.0 437.0 617.0
222.0 279.0 220.0 283.0
10.0 275.0 6.0 274.0
181.0 163.0 182.0 167.0
225.0 346.0 221.0 353.0
239.0 251.0 238.0 259.0
382.0 252.0 383.0 269.0
220.0 377.0 216.0 383.0
183.0 163.0 182.0 167.0
180.0 375.0 176.0 380.0
179.0 375.0 176.0 380.0
105.0 563.0 97.0 566.0
244.0 386.0 239.0 394.0
97.0 348.0 92.0 351.0
11.0 277.0 6.0 274.0
59.0 134.0 57.0 133.0
225.0 576.0 219.0 582.0
192.0 198.0 192.0 202.0
198.0 599.0 188.0 606.0
74.0 465.0 67.0 468.0
27.0 477.0 20.0 477.0
11.0 276.0 6.0 274.0
74.0 466.0 66.0 469.0
199.0 600.0 190.0 605.0
97.0 366.0 93.0 370.0
359.0 436.0 355.0 448.0
185.0 613.0 175.0 618.0
50.0 399.0 45.0 402.0
158.0 369.0 154.0 374.0
59.0 135.0 57.0 133.0
259.0 392.0 255.0 401.0
31.0 149.0 30.0 145.0
11.0 244.0 9.0 241.0
31.0 148.0 30.0 145.0
32.0 148.0 31.0 146.0
27.0 478.0 20.0 477.0
12.0 243.0 9.0 241.0
152.0 137.0 152.0 140.0
32.0 149.0 31.0 146.0
226.0 576.0 219.0 582.0
359.0 437.0 355.0 449.0
20.0 510.0 12.0 504.0
9.0 276.0 6.0 274.0
359.0 438.0 355.0 449.0
156.0 431.0 151.0 437.0
151.0 137.0 151.0 140.0
190.0 249.0 188.0 255.0
259.0 393.0 255.0 401.0
185.0 612.0 175.0 618.0
117.0 586.0 108.0 589.0
396.0 46.0 398.0 48.0
157.0 431.0 151.0 437.0
222.0 277.0 220.0 283.0
10.0 277.0 6.0 274.0
184.0 612.0 175.0 618.0
226.0 575.0 219.0 582.0
97.0 347.0 92.0 351.0
157.0 432.0 151.0 437.0
98.0 366.0 93.0 370.0
155.0 160.0 155.0 162.0
226.0 346.0 222.0 353.0
10.0 276.0 6.0 274.0
97.0 365.0 93.0 370.0
444.0 615.0 437.0 617.0
194.0 198.0 192.0 202.0
360.0 436.0 355.0 449.0
225.0 345.0 221.0 353.0
166.0 116.0 167.0 118.0
445.0 615.0 437.0 617.0
97.0 448.0 87.0 454.0
159.0 369.0 154.0 374.0
97.0 346.0 92.0 351.0
98.0 365.0 93.0 370.0
166.0 115.0 167.0 118.0
191.0 249.0 188.0 255.0
73.0 466.0 66.0 469.0
98.0 348.0 92.0 351.0
99.0 366.0 93.0 370.0
123.0 599.0 119.0 614.0
158.0 431.0 151.0 437.0
226.0 345.0 222.0 353.0
166.0 117.0 167.0 118.0
165.0 116.0 167.0 118.0
123.0 598.0 119.0 614.0
64.0 454.0 58.0 457.0
65.0 454.0 58.0 457.0
444.0 616.0 437.0 617.0
128.0 250.0 125.0 248.0
180.0 376.0 176.0 380.0
323.0 616.0 316.0 625.0
63.0 455.0 58.0 457.0
129.0 374.0 124.0 378.0
395.0 46.0 398.0 48.0
122.0 598.0 119.0 614.0
322.0 615.0 315.0 625.0
338.0 624.0 331.0 633.0
144.0 243.0 142.0 246.0
64.0 455.0 58.0 457.0
32.0 406.0 27.0 408.0
338.0 623.0 331.0 633.0
32.0 600.0 23.0 600.0
165.0 117.0 167.0 118.0
323.0 615.0 316.0 625.0
26.0 477.0 20.0 479.0
63.0 454.0 58.0 457.0
38.0 188.0 36.0 186.0
155.0 159.0 155.0 162.0
339.0 622.0 331.0 633.0
338.0 622.0 331.0 633.0
123.0 597.0 107.0 590.0
12.0 620.0 22.0 600.0
26.0 478.0 20.0 479.0
97.0 447.0 87.0 454.0
395.0 47.0 398.0 48.0
158.0 432.0 151.0 437.0
281.0 308.0 279.0 314.0
38.0 187.0 36.0 185.0
98.0 347.0 92.0 351.0
99.0 365.0 93.0 370.0
21.0 229.0 17.0 226.0
83.0 552.0 74.0 554.0
358.0 317.0 358.0 336.0
99.0 409.0 95.0 415.0
82.0 552.0 74.0 554.0
83.0 553.0 74.0 554.0
98.0 364.0 93.0 370.0
48.0 447.0 41.0 450.0
97.0 364.0 93.0 370.0
98.0 447.0 87.0 454.0
156.0 159.0 155.0 162.0
100.0 409.0 95.0 415.0
266.0 350.0 263.0 359.0
82.0 553.0 74.0 554.0
49.0 447.0 41.0 450.0
48.0 445.0 41.0 450.0
267.0 350.0 263.0 359.0
51.0 115.0 53.0 108.0
48.0 446.0 41.0 450.0
143.0 166.0 137.0 163.0
143.0 167.0 137.0 163.0
50.0 115.0 53.0 108.0
359.0 317.0 358.0 336.0
49.0 446.0 41.0 450.0
50.0 116.0 53.0 108.0
98.0 583.0 107.0 589.0
98.0 582.0 107.0 589.0
97.0 582.0 107.0 589.0
252.0 270.0 258.0 269.0
107.0 609.0 119.0 614.0
372.0 333.0 378.0 333.0
371.0 333.0 378.0 333.0
229.0 625.0 174.0 619.0
372.0 334.0 378.0 333.0
