218.0 354.0 194.0 353.0
378.0 124.0 361.0 126.0
328.0 138.0 310.0 138.0
272.0 30.0 257.0 21.0
218.0 355.0 194.0 353.0
273.0 30.0 257.0 21.0
377.0 124.0 359.0 126.0
377.0 125.0 359.0 126.0
271.0 230.0 253.0 228.0
339.0 224.0 319.0 224.0
272.0 31.0 257.0 22.0
376.0 125.0 359.0 126.0
217.0 354.0 194.0 353.0
272.0 230.0 253.0 228.0
271.0 30.0 255.0 22.0
216.0 355.0 193.0 354.0
398.0 136.0 379.0 139.0
376.0 124.0 359.0 126.0
271.0 31.0 255.0 22.0
217.0 355.0 194.0 353.0
158.0 383.0 133.0 381.0
261.0 337.0 240.0 337.0
298.0 359.0 275.0 360.0
300.0 360.0 275.0 362.0
216.0 354.0 193.0 353.0
299.0 361.0 275.0 362.0
271.0 231.0 252.0 229.0
328.0 139.0 310.0 138.0
272.0 229.0 253.0 228.0
272.0 231.0 253.0 228.0
240.0 333.0 219.0 333.0
298.0 360.0 275.0 360.0
299.0 359.0 275.0 360.0
398.0 137.0 379.0 139.0
301.0 262.0 280.0 262.0
340.0 224.0 320.0 224.0
215.0 355.0 193.0 354.0
327.0 139.0 308.0 137.0
262.0 337.0 240.0 337.0
273.0 230.0 253.0 228.0
214.0 355.0 192.0 353.0
215.0 354.0 192.0 353.0
131.0 308.0 107.0 303.0
298.0 361.0 275.0 362.0
326.0 139.0 308.0 137.0
206.0 300.0 185.0 300.0
158.0 384.0 133.0 381.0
273.0 31.0 257.0 22.0
327.0 138.0 308.0 137.0
299.0 360.0 275.0 362.0
157.0 383.0 133.0 381.0
151.0 368.0 126.0 365.0
417.0 101.0 399.0 104.0
214.0 354.0 192.0 353.0
262.0 336.0 240.0 337.0
84.0 372.0 60.0 367.0
250.0 210.0 231.0 207.0
84.0 373.0 60.0 369.0
302.0 263.0 280.0 262.0
326.0 138.0 308.0 137.0
274.0 31.0 257.0 22.0
251.0 210.0 231.0 207.0
416.0 99.0 399.0 102.0
297.0 361.0 274.0 361.0
149.0 368.0 125.0 365.0
251.0 209.0 231.0 207.0
205.0 300.0 185.0 300.0
262.0 338.0 240.0 337.0
250.0 209.0 231.0 206.0
132.0 309.0 107.0 303.0
197.0 583.0 170.0 581.0
325.0 139.0 308.0 137.0
300.0 262.0 280.0 262.0
263.0 338.0 242.0 337.0
197.0 582.0 170.0 581.0
297.0 360.0 274.0 361.0
301.0 263.0 280.0 262.0
100.0 334.0 77.0 331.0
300.0 359.0 275.0 362.0
273.0 229.0 253.0 228.0
264.0 337.0 242.0 337.0
82.0 281.0 59.0 271.0
196.0 583.0 170.0 581.0
132.0 308.0 107.0 303.0
157.0 384.0 133.0 381.0
249.0 209.0 231.0 206.0
85.0 372.0 60.0 368.0
172.0 233.0 148.0 229.0
85.0 373.0 60.0 369.0
259.0 320.0 238.0 319.0
82.0 280.0 59.0 270.0
205.0 301.0 185.0 300.0
100.0 333.0 77.0 331.0
131.0 309.0 107.0 303.0
276.0 164.0 257.0 161.0
99.0 333.0 77.0 331.0
264.0 338.0 242.0 337.0
241.0 333.0 220.0 333.0
111.0 388.0 85.0 385.0
101.0 334.0 77.0 331.0
273.0 231.0 253.0 228.0
101.0 333.0 77.0 331.0
150.0 368.0 125.0 364.0
81.0 281.0 59.0 270.0
263.0 336.0 240.0 337.0
183.0 368.0 161.0 366.0
243.0 333.0 220.0 333.0
416.0 100.0 399.0 102.0
206.0 301.0 185.0 300.0
300.0 263.0 280.0 262.0
82.0 299.0 60.0 290.0
111.0 387.0 85.0 385.0
249.0 210.0 231.0 206.0
171.0 234.0 148.0 229.0
80.0 281.0 59.0 270.0
252.0 209.0 232.0 206.0
417.0 100.0 399.0 102.0
233.0 551.0 207.0 549.0
263.0 337.0 240.0 337.0
301.0 264.0 280.0 262.0
258.0 441.0 234.0 441.0
262.0 46.0 245.0 36.0
172.0 234.0 148.0 229.0
207.0 301.0 185.0 300.0
346.0 284.0 322.0 285.0
207.0 300.0 185.0 300.0
82.0 213.0 61.0 206.0
408.0 123.0 390.0 126.0
243.0 334.0 219.0 333.0
204.0 319.0 181.0 319.0
241.0 334.0 219.0 333.0
81.0 212.0 61.0 206.0
83.0 299.0 60.0 290.0
81.0 280.0 59.0 270.0
260.0 321.0 238.0 319.0
276.0 165.0 257.0 161.0
415.0 165.0 397.0 170.0
263.0 46.0 246.0 37.0
213.0 130.0 194.0 122.0
185.0 369.0 161.0 366.0
406.0 186.0 387.0 189.0
242.0 334.0 219.0 333.0
182.0 369.0 161.0 366.0
258.0 442.0 234.0 441.0
82.0 214.0 61.0 206.0
397.0 137.0 379.0 139.0
405.0 186.0 386.0 189.0
405.0 185.0 386.0 189.0
397.0 136.0 379.0 139.0
204.0 320.0 181.0 320.0
111.0 386.0 87.0 383.0
345.0 285.0 321.0 286.0
260.0 320.0 238.0 319.0
312.0 283.0 290.0 283.0
429.0 147.0 411.0 151.0
284.0 257.0 263.0 256.0
110.0 388.0 85.0 385.0
345.0 283.0 322.0 285.0
184.0 369.0 161.0 366.0
423.0 162.0 404.0 168.0
110.0 387.0 85.0 385.0
277.0 165.0 258.0 162.0
242.0 333.0 220.0 333.0
429.0 146.0 411.0 151.0
86.0 415.0 60.0 407.0
406.0 185.0 387.0 189.0
90.0 198.0 67.0 186.0
430.0 146.0 411.0 151.0
105.0 300.0 81.0 293.0
344.0 284.0 322.0 285.0
345.0 284.0 322.0 285.0
83.0 300.0 60.0 290.0
133.0 226.0 111.0 217.0
274.0 230.0 253.0 228.0
183.0 369.0 161.0 366.0
81.0 213.0 61.0 206.0
275.0 165.0 257.0 161.0
343.0 285.0 321.0 286.0
134.0 225.0 111.0 217.0
408.0 122.0 390.0 126.0
275.0 164.0 257.0 161.0
312.0 282.0 290.0 283.0
85.0 415.0 60.0 407.0
407.0 185.0 387.0 189.0
137.0 290.0 112.0 286.0
133.0 225.0 111.0 217.0
132.0 225.0 111.0 217.0
78.0 149.0 56.0 133.0
425.0 162.0 404.0 167.0
415.0 166.0 396.0 170.0
424.0 162.0 404.0 167.0
77.0 149.0 56.0 133.0
87.0 414.0 61.0 407.0
171.0 233.0 148.0 229.0
86.0 414.0 61.0 407.0
344.0 285.0 321.0 286.0
89.0 198.0 67.0 186.0
85.0 413.0 60.0 407.0
407.0 122.0 390.0 126.0
86.0 413.0 60.0 407.0
99.0 354.0 75.0 348.0
84.0 300.0 60.0 290.0
104.0 300.0 81.0 293.0
406.0 184.0 386.0 188.0
412.0 475.0 385.0 479.0
131.0 261.0 107.0 255.0
132.0 226.0 111.0 217.0
112.0 387.0 85.0 385.0
85.0 414.0 60.0 407.0
205.0 319.0 181.0 319.0
84.0 299.0 60.0 290.0
424.0 163.0 404.0 168.0
407.0 123.0 390.0 126.0
311.0 283.0 290.0 283.0
343.0 284.0 322.0 285.0
137.0 81.0 118.0 66.0
103.0 300.0 81.0 293.0
283.0 257.0 263.0 256.0
137.0 80.0 118.0 66.0
425.0 98.0 400.0 102.0
77.0 115.0 58.0 100.0
104.0 301.0 81.0 293.0
136.0 290.0 112.0 286.0
311.0 282.0 290.0 283.0
220.0 184.0 201.0 179.0
99.0 355.0 75.0 348.0
412.0 476.0 385.0 479.0
169.0 256.0 146.0 253.0
188.0 454.0 162.0 458.0
136.0 81.0 118.0 66.0
457.0 230.0 436.0 237.0
187.0 454.0 162.0 458.0
63.0 220.0 40.0 206.0
167.0 256.0 144.0 253.0
90.0 199.0 67.0 186.0
344.0 283.0 322.0 285.0
225.0 276.0 204.0 273.0
437.0 128.0 418.0 133.0
78.0 115.0 58.0 100.0
98.0 354.0 75.0 348.0
186.0 454.0 162.0 458.0
137.0 291.0 112.0 286.0
432.0 472.0 404.0 478.0
279.0 377.0 257.0 377.0
225.0 277.0 204.0 273.0
77.0 148.0 56.0 133.0
226.0 276.0 204.0 273.0
88.0 198.0 67.0 186.0
167.0 255.0 144.0 253.0
130.0 261.0 107.0 255.0
129.0 261.0 107.0 255.0
168.0 256.0 145.0 253.0
62.0 218.0 41.0 206.0
130.0 262.0 107.0 255.0
62.0 219.0 40.0 206.0
168.0 255.0 146.0 253.0
436.0 128.0 418.0 133.0
433.0 472.0 404.0 478.0
436.0 129.0 418.0 133.0
85.0 300.0 62.0 290.0
435.0 128.0 418.0 133.0
131.0 324.0 104.0 319.0
77.0 114.0 58.0 100.0
431.0 472.0 404.0 478.0
163.0 118.0 144.0 108.0
64.0 219.0 41.0 206.0
458.0 230.0 437.0 237.0
63.0 219.0 40.0 206.0
430.0 472.0 403.0 477.0
134.0 290.0 112.0 286.0
63.0 218.0 41.0 206.0
135.0 290.0 112.0 286.0
97.0 354.0 75.0 348.0
203.0 67.0 188.0 50.0
65.0 219.0 41.0 207.0
64.0 220.0 40.0 206.0
89.0 199.0 67.0 186.0
201.0 126.0 181.0 116.0
136.0 80.0 118.0 66.0
136.0 291.0 112.0 286.0
64.0 218.0 41.0 206.0
199.0 127.0 180.0 117.0
137.0 79.0 118.0 66.0
200.0 127.0 180.0 117.0
152.0 210.0 123.0 202.0
136.0 79.0 118.0 66.0
98.0 355.0 75.0 348.0
131.0 325.0 104.0 319.0
163.0 119.0 144.0 108.0
76.0 114.0 58.0 100.0
130.0 325.0 104.0 319.0
435.0 472.0 404.0 478.0
164.0 118.0 144.0 108.0
434.0 472.0 404.0 478.0
201.0 127.0 180.0 117.0
138.0 39.0 120.0 24.0
152.0 211.0 123.0 202.0
203.0 68.0 188.0 50.0
134.0 291.0 112.0 286.0
137.0 78.0 118.0 66.0
164.0 119.0 144.0 108.0
151.0 210.0 123.0 202.0
137.0 40.0 120.0 24.0
200.0 126.0 180.0 117.0
130.0 357.0 103.0 351.0
164.0 120.0 144.0 108.0
130.0 326.0 104.0 319.0
102.0 422.0 75.0 418.0
102.0 421.0 75.0 418.0
165.0 119.0 144.0 108.0
137.0 39.0 119.0 24.0
165.0 118.0 144.0 108.0
48.0 201.0 29.0 190.0
135.0 291.0 112.0 286.0
138.0 38.0 120.0 24.0
199.0 126.0 180.0 117.0
47.0 202.0 29.0 190.0
136.0 78.0 118.0 66.0
130.0 358.0 103.0 351.0
165.0 120.0 144.0 108.0
163.0 120.0 144.0 108.0
103.0 422.0 75.0 418.0
463.0 398.0 443.0 394.0
45.0 202.0 23.0 187.0
129.0 357.0 103.0 351.0
48.0 202.0 29.0 190.0
462.0 398.0 443.0 394.0
46.0 201.0 23.0 187.0
80.0 176.0 55.0 159.0
49.0 202.0 29.0 190.0
71.0 410.0 49.0 396.0
104.0 422.0 75.0 418.0
92.0 35.0 71.0 16.0
72.0 410.0 49.0 396.0
91.0 34.0 71.0 16.0
136.0 40.0 119.0 24.0
47.0 201.0 29.0 190.0
463.0 397.0 443.0 394.0
90.0 34.0 71.0 16.0
45.0 201.0 23.0 187.0
80.0 177.0 55.0 159.0
46.0 202.0 29.0 190.0
244.0 30.0 225.0 32.0
70.0 411.0 49.0 396.0
71.0 411.0 49.0 396.0
90.0 35.0 71.0 16.0
72.0 411.0 49.0 396.0
59.0 273.0 34.0 262.0
81.0 176.0 55.0 159.0
91.0 35.0 71.0 16.0
58.0 272.0 34.0 262.0
59.0 272.0 34.0 262.0
81.0 177.0 55.0 159.0
58.0 273.0 34.0 262.0
16.0 142.0 9.0 87.0
17.0 141.0 9.0 87.0
253.0 30.0 255.0 22.0
252.0 30.0 256.0 21.0
16.0 143.0 9.0 87.0
244.0 29.0 225.0 32.0
18.0 143.0 9.0 87.0
17.0 143.0 9.0 87.0
17.0 142.0 9.0 87.0
18.0 142.0 9.0 87.0
28.0 106.0 9.0 87.0
28.0 107.0 9.0 87.0
36.0 234.0 15.0 233.0
17.0 144.0 9.0 87.0
36.0 233.0 15.0 233.0
18.0 144.0 9.0 87.0
37.0 234.0 15.0 233.0
143.0 43.0 120.0 24.0
29.0 108.0 9.0 87.0
29.0 107.0 9.0 87.0
108.0 272.0 91.0 252.0
29.0 106.0 9.0 87.0
29.0 105.0 9.0 87.0
30.0 108.0 9.0 87.0
143.0 44.0 120.0 24.0
