389.0 259.0 383.0 255.0
62.0 251.0 60.0 238.0
390.0 258.0 385.0 255.0
390.0 260.0 385.0 256.0
389.0 258.0 383.0 255.0
63.0 252.0 60.0 238.0
389.0 260.0 383.0 255.0
391.0 260.0 385.0 256.0
391.0 259.0 386.0 255.0
390.0 259.0 385.0 255.0
100.0 74.0 99.0 58.0
204.0 31.0 204.0 19.0
62.0 252.0 60.0 238.0
466.0 189.0 462.0 188.0
204.0 32.0 204.0 19.0
467.0 188.0 463.0 187.0
100.0 75.0 99.0 58.0
451.0 219.0 446.0 218.0
102.0 264.0 97.0 250.0
86.0 129.0 85.0 115.0
63.0 253.0 60.0 239.0
467.0 189.0 463.0 187.0
162.0 166.0 160.0 154.0
44.0 459.0 38.0 446.0
79.0 462.0 74.0 449.0
145.0 123.0 144.0 112.0
405.0 163.0 402.0 161.0
79.0 463.0 74.0 450.0
467.0 190.0 462.0 188.0
80.0 462.0 75.0 449.0
205.0 29.0 204.0 19.0
44.0 458.0 38.0 446.0
101.0 74.0 99.0 58.0
80.0 463.0 75.0 449.0
102.0 265.0 97.0 250.0
205.0 30.0 204.0 19.0
146.0 76.0 145.0 64.0
79.0 461.0 74.0 448.0
144.0 171.0 142.0 160.0
307.0 280.0 301.0 273.0
62.0 253.0 60.0 239.0
203.0 302.0 197.0 291.0
80.0 461.0 74.0 448.0
451.0 220.0 446.0 218.0
101.0 264.0 97.0 250.0
405.0 164.0 402.0 161.0
202.0 303.0 197.0 291.0
204.0 30.0 204.0 19.0
205.0 31.0 204.0 19.0
306.0 280.0 300.0 273.0
204.0 29.0 204.0 19.0
306.0 279.0 300.0 273.0
154.0 34.0 153.0 26.0
307.0 279.0 301.0 273.0
101.0 265.0 97.0 250.0
154.0 35.0 153.0 26.0
163.0 167.0 161.0 155.0
452.0 219.0 447.0 218.0
404.0 164.0 401.0 162.0
202.0 302.0 197.0 291.0
104.0 232.0 100.0 222.0
121.0 69.0 119.0 58.0
104.0 233.0 100.0 222.0
148.0 76.0 146.0 64.0
421.0 122.0 418.0 121.0
78.0 239.0 75.0 227.0
188.0 36.0 187.0 26.0
203.0 303.0 197.0 291.0
469.0 244.0 464.0 241.0
147.0 75.0 146.0 64.0
13.0 180.0 12.0 164.0
86.0 130.0 85.0 116.0
147.0 76.0 145.0 64.0
86.0 128.0 85.0 115.0
45.0 459.0 38.0 446.0
120.0 69.0 119.0 58.0
189.0 36.0 187.0 26.0
121.0 68.0 119.0 58.0
148.0 75.0 146.0 64.0
146.0 75.0 145.0 64.0
189.0 35.0 187.0 26.0
404.0 163.0 402.0 161.0
44.0 460.0 38.0 446.0
186.0 167.0 183.0 157.0
162.0 167.0 160.0 154.0
102.0 266.0 97.0 250.0
188.0 35.0 187.0 26.0
40.0 227.0 36.0 213.0
452.0 220.0 447.0 218.0
45.0 458.0 38.0 446.0
45.0 460.0 38.0 446.0
305.0 279.0 300.0 273.0
145.0 172.0 142.0 160.0
470.0 244.0 464.0 241.0
47.0 482.0 39.0 470.0
79.0 239.0 75.0 227.0
88.0 111.0 89.0 99.0
115.0 572.0 106.0 558.0
147.0 77.0 145.0 64.0
120.0 68.0 119.0 58.0
144.0 219.0 142.0 208.0
121.0 67.0 119.0 58.0
13.0 179.0 12.0 164.0
189.0 37.0 187.0 26.0
192.0 211.0 190.0 202.0
300.0 126.0 298.0 118.0
105.0 232.0 100.0 222.0
145.0 219.0 142.0 208.0
301.0 126.0 298.0 118.0
155.0 34.0 153.0 26.0
46.0 482.0 39.0 470.0
185.0 167.0 183.0 157.0
47.0 483.0 39.0 470.0
79.0 240.0 75.0 227.0
105.0 231.0 100.0 222.0
45.0 196.0 42.0 185.0
301.0 125.0 298.0 118.0
85.0 557.0 78.0 544.0
192.0 212.0 190.0 202.0
72.0 134.0 70.0 123.0
145.0 122.0 144.0 112.0
146.0 122.0 144.0 112.0
104.0 231.0 100.0 222.0
453.0 219.0 447.0 217.0
46.0 483.0 39.0 470.0
468.0 243.0 463.0 241.0
86.0 557.0 78.0 544.0
202.0 301.0 197.0 291.0
39.0 227.0 36.0 213.0
37.0 123.0 34.0 112.0
188.0 37.0 187.0 26.0
144.0 218.0 142.0 208.0
45.0 195.0 42.0 185.0
225.0 173.0 223.0 163.0
71.0 111.0 71.0 99.0
78.0 240.0 75.0 227.0
453.0 220.0 447.0 217.0
39.0 226.0 36.0 213.0
79.0 241.0 75.0 228.0
145.0 218.0 142.0 208.0
185.0 308.0 180.0 300.0
469.0 243.0 464.0 241.0
171.0 47.0 171.0 36.0
115.0 573.0 106.0 558.0
86.0 558.0 78.0 544.0
145.0 471.0 138.0 459.0
14.0 479.0 12.0 458.0
124.0 213.0 121.0 203.0
186.0 168.0 183.0 157.0
172.0 47.0 171.0 36.0
224.0 173.0 222.0 163.0
145.0 470.0 138.0 459.0
238.0 459.0 231.0 450.0
201.0 302.0 197.0 291.0
44.0 197.0 42.0 185.0
46.0 484.0 39.0 470.0
193.0 211.0 190.0 202.0
120.0 67.0 119.0 58.0
289.0 106.0 286.0 98.0
289.0 105.0 286.0 98.0
145.0 220.0 142.0 208.0
86.0 556.0 78.0 544.0
184.0 307.0 180.0 298.0
87.0 558.0 78.0 545.0
78.0 238.0 75.0 227.0
114.0 573.0 106.0 558.0
184.0 308.0 180.0 300.0
36.0 123.0 34.0 112.0
47.0 484.0 39.0 470.0
145.0 171.0 142.0 160.0
86.0 559.0 78.0 545.0
124.0 214.0 121.0 203.0
145.0 170.0 142.0 160.0
290.0 105.0 287.0 98.0
300.0 125.0 298.0 118.0
107.0 134.0 106.0 124.0
46.0 243.0 43.0 230.0
10.0 225.0 7.0 210.0
141.0 505.0 132.0 491.0
11.0 225.0 7.0 209.0
224.0 174.0 222.0 163.0
141.0 504.0 132.0 491.0
14.0 480.0 12.0 458.0
40.0 226.0 36.0 213.0
125.0 213.0 121.0 203.0
114.0 572.0 106.0 558.0
59.0 188.0 58.0 176.0
141.0 103.0 138.0 88.0
289.0 107.0 286.0 98.0
44.0 195.0 42.0 185.0
26.0 209.0 23.0 197.0
290.0 106.0 287.0 99.0
158.0 298.0 154.0 288.0
125.0 214.0 121.0 203.0
144.0 170.0 142.0 160.0
158.0 299.0 154.0 288.0
225.0 174.0 222.0 163.0
157.0 299.0 154.0 288.0
214.0 288.0 210.0 280.0
201.0 301.0 197.0 291.0
193.0 212.0 190.0 202.0
239.0 459.0 231.0 450.0
103.0 539.0 94.0 525.0
376.0 195.0 373.0 193.0
36.0 122.0 34.0 112.0
87.0 557.0 78.0 544.0
146.0 121.0 144.0 112.0
25.0 210.0 23.0 197.0
177.0 541.0 168.0 527.0
44.0 196.0 42.0 185.0
239.0 460.0 231.0 450.0
140.0 102.0 138.0 88.0
37.0 122.0 34.0 112.0
103.0 538.0 94.0 525.0
290.0 107.0 287.0 99.0
140.0 103.0 138.0 88.0
81.0 511.0 74.0 496.0
376.0 196.0 373.0 193.0
102.0 538.0 94.0 525.0
176.0 541.0 168.0 527.0
214.0 287.0 210.0 280.0
173.0 48.0 171.0 36.0
142.0 504.0 132.0 491.0
158.0 300.0 154.0 288.0
296.0 596.0 286.0 587.0
171.0 48.0 171.0 36.0
107.0 135.0 106.0 124.0
221.0 195.0 218.0 187.0
214.0 286.0 210.0 280.0
142.0 505.0 132.0 491.0
59.0 187.0 58.0 176.0
225.0 175.0 222.0 164.0
172.0 48.0 171.0 36.0
26.0 210.0 23.0 197.0
164.0 219.0 161.0 211.0
164.0 218.0 160.0 209.0
271.0 124.0 268.0 115.0
164.0 220.0 161.0 211.0
43.0 197.0 42.0 184.0
157.0 300.0 154.0 288.0
168.0 152.0 167.0 140.0
177.0 540.0 168.0 527.0
168.0 151.0 167.0 140.0
240.0 459.0 231.0 450.0
301.0 124.0 298.0 118.0
300.0 124.0 298.0 118.0
43.0 196.0 42.0 183.0
76.0 159.0 73.0 148.0
213.0 288.0 210.0 280.0
406.0 119.0 402.0 117.0
173.0 49.0 171.0 36.0
176.0 540.0 168.0 527.0
226.0 174.0 223.0 163.0
220.0 195.0 218.0 187.0
146.0 171.0 142.0 160.0
165.0 219.0 161.0 211.0
37.0 121.0 34.0 112.0
221.0 440.0 213.0 430.0
267.0 30.0 265.0 23.0
177.0 539.0 167.0 526.0
339.0 77.0 335.0 72.0
406.0 120.0 402.0 117.0
39.0 225.0 36.0 213.0
270.0 124.0 266.0 116.0
219.0 440.0 213.0 430.0
103.0 537.0 94.0 525.0
145.0 382.0 144.0 381.0
63.0 532.0 55.0 518.0
270.0 123.0 268.0 115.0
69.0 538.0 62.0 523.0
82.0 512.0 74.0 496.0
102.0 537.0 94.0 525.0
213.0 287.0 210.0 280.0
220.0 439.0 213.0 430.0
220.0 440.0 213.0 430.0
266.0 30.0 265.0 23.0
263.0 176.0 260.0 170.0
219.0 439.0 213.0 430.0
261.0 465.0 253.0 454.0
34.0 592.0 28.0 577.0
261.0 466.0 253.0 454.0
77.0 158.0 73.0 148.0
296.0 597.0 285.0 587.0
172.0 49.0 171.0 36.0
144.0 169.0 142.0 160.0
264.0 175.0 260.0 170.0
264.0 176.0 262.0 171.0
263.0 175.0 260.0 170.0
296.0 141.0 292.0 135.0
176.0 556.0 167.0 544.0
263.0 177.0 260.0 171.0
202.0 242.0 199.0 230.0
144.0 381.0 144.0 381.0
222.0 74.0 221.0 67.0
266.0 31.0 265.0 23.0
202.0 241.0 199.0 230.0
296.0 140.0 292.0 135.0
201.0 242.0 199.0 230.0
34.0 593.0 28.0 577.0
203.0 242.0 199.0 232.0
262.0 465.0 253.0 454.0
337.0 77.0 335.0 72.0
338.0 77.0 335.0 72.0
203.0 243.0 199.0 232.0
176.0 555.0 167.0 544.0
35.0 593.0 28.0 577.0
264.0 178.0 260.0 171.0
265.0 176.0 260.0 170.0
265.0 177.0 260.0 171.0
262.0 466.0 253.0 454.0
203.0 241.0 199.0 230.0
339.0 78.0 336.0 71.0
264.0 177.0 260.0 171.0
51.0 115.0 53.0 98.0
338.0 76.0 335.0 71.0
223.0 313.0 223.0 315.0
51.0 116.0 53.0 98.0
202.0 243.0 199.0 232.0
115.0 511.0 108.0 501.0
263.0 465.0 253.0 454.0
137.0 582.0 127.0 567.0
337.0 78.0 335.0 72.0
380.0 153.0 380.0 157.0
114.0 510.0 108.0 500.0
14.0 498.0 9.0 485.0
338.0 78.0 336.0 71.0
223.0 312.0 223.0 315.0
263.0 466.0 253.0 454.0
115.0 510.0 108.0 500.0
227.0 219.0 224.0 210.0
227.0 220.0 224.0 210.0
176.0 554.0 167.0 544.0
380.0 152.0 380.0 157.0
167.0 625.0 156.0 613.0
227.0 221.0 224.0 210.0
15.0 499.0 9.0 485.0
378.0 152.0 369.0 146.0
223.0 311.0 223.0 315.0
202.0 568.0 195.0 559.0
15.0 500.0 9.0 485.0
137.0 581.0 127.0 567.0
379.0 152.0 380.0 157.0
379.0 151.0 369.0 146.0
203.0 568.0 195.0 559.0
379.0 153.0 380.0 157.0
204.0 568.0 195.0 559.0
397.0 158.0 400.0 161.0
292.0 151.0 292.0 135.0
396.0 159.0 400.0 161.0
176.0 553.0 169.0 544.0
411.0 130.0 403.0 118.0
396.0 158.0 400.0 161.0
216.0 434.0 213.0 430.0
31.0 143.0 36.0 112.0
30.0 143.0 35.0 113.0
31.0 144.0 36.0 112.0
293.0 152.0 292.0 135.0
110.0 56.0 109.0 42.0
412.0 131.0 403.0 118.0
110.0 55.0 109.0 42.0
30.0 144.0 35.0 113.0
116.0 527.0 114.0 521.0
384.0 170.0 381.0 158.0
411.0 131.0 403.0 118.0
125.0 87.0 123.0 85.0
124.0 86.0 123.0 85.0
125.0 86.0 123.0 85.0
125.0 85.0 123.0 85.0
60.0 623.0 108.0 622.0
111.0 619.0 108.0 621.0
4.0 636.0 13.0 632.0
3.0 636.0 13.0 632.0
60.0 624.0 108.0 622.0
