351.0 305.0 348.0 314.0
351.0 304.0 348.0 314.0
352.0 305.0 349.0 315.0
351.0 306.0 348.0 315.0
390.0 333.0 387.0 340.0
350.0 304.0 348.0 314.0
350.0 306.0 348.0 315.0
350.0 305.0 348.0 314.0
317.0 106.0 311.0 117.0
349.0 304.0 348.0 314.0
317.0 107.0 312.0 118.0
390.0 334.0 387.0 341.0
286.0 507.0 286.0 517.0
349.0 305.0 348.0 314.0
316.0 106.0 311.0 117.0
358.0 490.0 358.0 499.0
378.0 480.0 377.0 491.0
389.0 333.0 387.0 341.0
359.0 489.0 358.0 499.0
459.0 404.0 458.0 413.0
317.0 108.0 312.0 118.0
432.0 365.0 430.0 374.0
287.0 508.0 287.0 517.0
309.0 290.0 307.0 301.0
310.0 291.0 307.0 301.0
458.0 383.0 457.0 393.0
389.0 334.0 387.0 341.0
316.0 107.0 312.0 118.0
458.0 382.0 457.0 393.0
377.0 480.0 377.0 491.0
316.0 108.0 312.0 118.0
459.0 386.0 458.0 394.0
459.0 383.0 457.0 393.0
459.0 382.0 457.0 393.0
390.0 332.0 387.0 340.0
428.0 243.0 426.0 251.0
458.0 404.0 458.0 413.0
230.0 257.0 227.0 266.0
459.0 403.0 458.0 413.0
287.0 507.0 287.0 517.0
429.0 242.0 426.0 251.0
362.0 404.0 360.0 413.0
230.0 256.0 227.0 266.0
235.0 543.0 233.0 558.0
391.0 333.0 387.0 340.0
429.0 243.0 426.0 252.0
459.0 384.0 457.0 393.0
389.0 514.0 390.0 526.0
318.0 433.0 317.0 442.0
469.0 548.0 470.0 558.0
110.0 496.0 108.0 509.0
458.0 384.0 457.0 393.0
319.0 433.0 318.0 443.0
110.0 497.0 108.0 509.0
111.0 496.0 108.0 509.0
358.0 489.0 358.0 499.0
391.0 332.0 387.0 340.0
390.0 513.0 390.0 525.0
258.0 267.0 255.0 277.0
362.0 405.0 360.0 413.0
457.0 385.0 457.0 393.0
221.0 280.0 218.0 290.0
310.0 290.0 307.0 301.0
459.0 385.0 458.0 393.0
428.0 242.0 426.0 251.0
311.0 291.0 307.0 301.0
149.0 280.0 146.0 292.0
390.0 514.0 390.0 526.0
460.0 403.0 458.0 412.0
223.0 190.0 219.0 201.0
319.0 434.0 317.0 442.0
458.0 405.0 458.0 413.0
458.0 386.0 458.0 394.0
181.0 193.0 178.0 204.0
458.0 385.0 457.0 393.0
231.0 256.0 227.0 266.0
221.0 281.0 218.0 290.0
319.0 432.0 318.0 443.0
426.0 345.0 425.0 352.0
110.0 498.0 108.0 509.0
286.0 384.0 285.0 395.0
429.0 241.0 425.0 251.0
378.0 481.0 377.0 491.0
459.0 405.0 458.0 413.0
220.0 281.0 218.0 290.0
150.0 279.0 146.0 292.0
291.0 178.0 287.0 188.0
258.0 266.0 256.0 275.0
257.0 266.0 255.0 276.0
220.0 280.0 218.0 290.0
429.0 244.0 426.0 252.0
435.0 365.0 433.0 374.0
222.0 281.0 218.0 290.0
361.0 565.0 362.0 576.0
222.0 280.0 218.0 290.0
74.0 542.0 70.0 558.0
378.0 366.0 376.0 374.0
426.0 346.0 425.0 352.0
234.0 543.0 232.0 558.0
301.0 498.0 301.0 509.0
425.0 347.0 424.0 352.0
469.0 549.0 470.0 558.0
235.0 544.0 233.0 558.0
180.0 193.0 178.0 204.0
259.0 267.0 256.0 276.0
265.0 565.0 265.0 578.0
389.0 515.0 390.0 526.0
111.0 497.0 108.0 509.0
433.0 365.0 432.0 373.0
321.0 501.0 321.0 513.0
358.0 487.0 358.0 499.0
97.0 154.0 94.0 167.0
265.0 566.0 265.0 578.0
361.0 564.0 362.0 576.0
410.0 562.0 410.0 573.0
346.0 432.0 343.0 442.0
287.0 506.0 287.0 517.0
292.0 177.0 287.0 188.0
342.0 395.0 340.0 403.0
408.0 122.0 403.0 131.0
259.0 266.0 256.0 276.0
150.0 280.0 146.0 292.0
359.0 488.0 358.0 499.0
430.0 243.0 426.0 251.0
361.0 405.0 360.0 414.0
309.0 421.0 307.0 430.0
149.0 279.0 146.0 292.0
158.0 282.0 155.0 293.0
418.0 146.0 413.0 156.0
390.0 515.0 390.0 526.0
362.0 564.0 362.0 576.0
291.0 179.0 288.0 188.0
359.0 487.0 358.0 499.0
433.0 366.0 432.0 373.0
97.0 155.0 94.0 167.0
331.0 353.0 329.0 361.0
469.0 550.0 470.0 558.0
400.0 138.0 396.0 147.0
272.0 496.0 271.0 508.0
264.0 565.0 265.0 578.0
341.0 395.0 339.0 404.0
154.0 181.0 150.0 192.0
430.0 242.0 426.0 251.0
300.0 476.0 297.0 486.0
162.0 185.0 159.0 196.0
400.0 137.0 396.0 147.0
193.0 365.0 191.0 374.0
287.0 570.0 285.0 579.0
345.0 432.0 343.0 442.0
152.0 390.0 154.0 386.0
273.0 496.0 272.0 507.0
111.0 498.0 108.0 509.0
309.0 386.0 305.0 397.0
13.0 574.0 10.0 590.0
292.0 178.0 288.0 188.0
299.0 475.0 297.0 486.0
418.0 145.0 413.0 156.0
332.0 415.0 330.0 427.0
361.0 404.0 360.0 413.0
320.0 501.0 319.0 512.0
435.0 366.0 433.0 374.0
291.0 180.0 288.0 189.0
343.0 432.0 341.0 442.0
454.0 558.0 455.0 567.0
258.0 265.0 256.0 275.0
300.0 498.0 299.0 509.0
153.0 181.0 150.0 192.0
159.0 282.0 155.0 293.0
330.0 462.0 329.0 472.0
300.0 499.0 299.0 509.0
342.0 396.0 340.0 405.0
154.0 180.0 150.0 192.0
411.0 562.0 410.0 573.0
299.0 476.0 297.0 486.0
264.0 566.0 265.0 578.0
427.0 346.0 425.0 352.0
95.0 265.0 92.0 277.0
216.0 205.0 213.0 216.0
112.0 496.0 108.0 509.0
362.0 565.0 362.0 576.0
358.0 488.0 358.0 499.0
347.0 431.0 343.0 442.0
8.0 241.0 3.0 255.0
301.0 499.0 301.0 509.0
272.0 497.0 271.0 508.0
401.0 139.0 396.0 147.0
14.0 573.0 10.0 590.0
348.0 338.0 346.0 347.0
401.0 138.0 396.0 147.0
348.0 339.0 346.0 347.0
299.0 436.0 298.0 445.0
432.0 366.0 430.0 374.0
4.0 250.0 2.0 261.0
75.0 542.0 71.0 558.0
343.0 396.0 340.0 405.0
301.0 497.0 301.0 509.0
8.0 242.0 2.0 261.0
278.0 470.0 276.0 481.0
426.0 347.0 425.0 353.0
105.0 267.0 101.0 280.0
307.0 387.0 305.0 397.0
264.0 567.0 265.0 578.0
75.0 543.0 71.0 558.0
408.0 123.0 403.0 131.0
300.0 436.0 299.0 447.0
292.0 180.0 288.0 189.0
298.0 476.0 297.0 486.0
320.0 502.0 319.0 513.0
434.0 365.0 433.0 374.0
74.0 544.0 71.0 558.0
378.0 367.0 376.0 374.0
159.0 283.0 156.0 294.0
308.0 386.0 305.0 397.0
233.0 543.0 232.0 558.0
98.0 154.0 94.0 167.0
273.0 495.0 272.0 507.0
74.0 543.0 71.0 558.0
7.0 241.0 3.0 255.0
274.0 496.0 272.0 507.0
344.0 432.0 342.0 442.0
186.0 291.0 181.0 303.0
309.0 422.0 307.0 430.0
273.0 498.0 272.0 509.0
259.0 265.0 256.0 275.0
98.0 156.0 94.0 167.0
332.0 354.0 329.0 361.0
98.0 155.0 94.0 167.0
292.0 179.0 288.0 189.0
419.0 145.0 413.0 156.0
389.0 516.0 390.0 526.0
434.0 366.0 433.0 374.0
99.0 155.0 94.0 167.0
234.0 544.0 232.0 558.0
300.0 497.0 299.0 509.0
300.0 437.0 299.0 447.0
427.0 345.0 425.0 352.0
321.0 502.0 321.0 513.0
70.0 559.0 67.0 575.0
122.0 307.0 118.0 320.0
53.0 352.0 50.0 365.0
14.0 574.0 10.0 590.0
407.0 123.0 403.0 132.0
69.0 559.0 67.0 575.0
274.0 497.0 273.0 508.0
343.0 433.0 342.0 442.0
369.0 381.0 368.0 390.0
104.0 520.0 100.0 532.0
343.0 394.0 341.0 404.0
308.0 387.0 305.0 397.0
233.0 544.0 232.0 558.0
69.0 560.0 66.0 577.0
70.0 560.0 66.0 577.0
11.0 330.0 7.0 344.0
234.0 545.0 233.0 558.0
233.0 545.0 232.0 558.0
54.0 352.0 50.0 365.0
342.0 394.0 340.0 403.0
321.0 503.0 321.0 513.0
309.0 387.0 305.0 397.0
233.0 246.0 231.0 257.0
401.0 137.0 396.0 147.0
282.0 201.0 279.0 210.0
418.0 147.0 413.0 156.0
266.0 474.0 263.0 484.0
321.0 504.0 321.0 513.0
273.0 497.0 272.0 509.0
402.0 138.0 396.0 147.0
308.0 388.0 305.0 397.0
41.0 114.0 37.0 127.0
73.0 115.0 87.0 138.0
343.0 395.0 340.0 403.0
298.0 477.0 297.0 486.0
234.0 247.0 231.0 257.0
300.0 500.0 301.0 509.0
390.0 516.0 390.0 527.0
444.0 107.0 437.0 116.0
299.0 477.0 297.0 486.0
344.0 433.0 342.0 442.0
99.0 154.0 94.0 167.0
369.0 380.0 367.0 389.0
299.0 437.0 299.0 447.0
300.0 438.0 299.0 447.0
265.0 567.0 265.0 578.0
347.0 339.0 346.0 347.0
273.0 499.0 272.0 509.0
299.0 438.0 299.0 447.0
185.0 291.0 182.0 302.0
234.0 246.0 231.0 257.0
348.0 340.0 346.0 349.0
215.0 205.0 213.0 216.0
12.0 330.0 7.0 344.0
137.0 432.0 155.0 385.0
320.0 503.0 319.0 513.0
53.0 353.0 50.0 365.0
54.0 353.0 50.0 365.0
412.0 290.0 408.0 299.0
274.0 498.0 273.0 509.0
233.0 247.0 231.0 257.0
282.0 202.0 279.0 210.0
216.0 206.0 213.0 216.0
74.0 115.0 87.0 138.0
419.0 146.0 413.0 156.0
272.0 498.0 272.0 510.0
21.0 106.0 17.0 119.0
284.0 200.0 279.0 210.0
279.0 471.0 276.0 482.0
72.0 115.0 88.0 139.0
73.0 116.0 88.0 139.0
185.0 292.0 181.0 303.0
265.0 474.0 263.0 484.0
214.0 206.0 211.0 216.0
215.0 206.0 213.0 216.0
298.0 437.0 297.0 446.0
412.0 291.0 408.0 299.0
283.0 201.0 279.0 210.0
283.0 200.0 279.0 210.0
99.0 156.0 94.0 167.0
368.0 380.0 367.0 389.0
309.0 388.0 305.0 397.0
284.0 199.0 279.0 210.0
215.0 207.0 212.0 217.0
442.0 107.0 437.0 116.0
368.0 381.0 367.0 389.0
278.0 471.0 276.0 481.0
38.0 340.0 34.0 354.0
197.0 201.0 195.0 211.0
283.0 202.0 279.0 210.0
443.0 106.0 437.0 116.0
443.0 107.0 437.0 116.0
38.0 341.0 34.0 354.0
214.0 205.0 212.0 215.0
320.0 504.0 320.0 514.0
436.0 578.0 437.0 589.0
30.0 336.0 33.0 354.0
216.0 207.0 212.0 217.0
413.0 117.0 403.0 131.0
266.0 473.0 263.0 484.0
298.0 523.0 298.0 532.0
111.0 132.0 107.0 145.0
265.0 473.0 263.0 484.0
29.0 336.0 33.0 354.0
12.0 90.0 9.0 106.0
198.0 201.0 195.0 211.0
376.0 393.0 373.0 401.0
21.0 105.0 17.0 119.0
110.0 132.0 107.0 145.0
22.0 105.0 17.0 119.0
412.0 289.0 408.0 299.0
9.0 339.0 5.0 352.0
111.0 131.0 107.0 145.0
61.0 583.0 58.0 599.0
13.0 91.0 9.0 106.0
299.0 523.0 298.0 532.0
127.0 166.0 124.0 179.0
298.0 522.0 298.0 532.0
13.0 90.0 9.0 106.0
61.0 582.0 58.0 599.0
37.0 579.0 34.0 595.0
61.0 581.0 58.0 598.0
140.0 278.0 146.0 292.0
37.0 578.0 34.0 595.0
62.0 583.0 58.0 599.0
127.0 167.0 123.0 180.0
78.0 586.0 74.0 602.0
127.0 168.0 123.0 180.0
413.0 116.0 403.0 131.0
77.0 586.0 74.0 602.0
376.0 392.0 373.0 401.0
128.0 167.0 124.0 179.0
352.0 588.0 351.0 599.0
351.0 589.0 351.0 599.0
62.0 582.0 58.0 599.0
351.0 588.0 351.0 599.0
37.0 580.0 34.0 595.0
38.0 579.0 34.0 595.0
411.0 289.0 407.0 299.0
436.0 579.0 437.0 589.0
299.0 522.0 298.0 532.0
375.0 392.0 373.0 401.0
435.0 579.0 437.0 589.0
92.0 123.0 88.0 139.0
190.0 197.0 178.0 204.0
54.0 581.0 50.0 597.0
79.0 586.0 74.0 602.0
376.0 391.0 373.0 401.0
375.0 391.0 373.0 401.0
54.0 580.0 50.0 597.0
131.0 275.0 118.0 284.0
376.0 390.0 373.0 401.0
446.0 597.0 443.0 611.0
352.0 587.0 351.0 599.0
340.0 361.0 338.0 370.0
351.0 587.0 351.0 599.0
223.0 599.0 222.0 612.0
475.0 74.0 468.0 85.0
222.0 599.0 222.0 613.0
352.0 586.0 351.0 599.0
77.0 585.0 74.0 602.0
474.0 74.0 468.0 85.0
105.0 9.0 90.0 19.0
475.0 75.0 468.0 85.0
474.0 75.0 468.0 85.0
132.0 274.0 118.0 284.0
310.0 623.0 310.0 632.0
78.0 585.0 74.0 602.0
446.0 596.0 443.0 611.0
475.0 76.0 468.0 86.0
222.0 598.0 222.0 613.0
167.0 286.0 156.0 294.0
309.0 623.0 310.0 632.0
35.0 246.0 21.0 256.0
474.0 76.0 468.0 86.0
167.0 285.0 156.0 294.0
114.0 14.0 90.0 19.0
447.0 598.0 443.0 611.0
278.0 34.0 270.0 53.0
132.0 275.0 146.0 292.0
132.0 276.0 118.0 284.0
278.0 32.0 270.0 53.0
447.0 597.0 443.0 611.0
35.0 247.0 21.0 256.0
278.0 33.0 270.0 53.0
36.0 247.0 21.0 256.0
310.0 622.0 310.0 632.0
447.0 596.0 443.0 611.0
278.0 31.0 270.0 53.0
68.0 258.0 92.0 277.0
67.0 259.0 92.0 277.0
250.0 584.0 249.0 597.0
291.0 445.0 297.0 446.0
309.0 622.0 310.0 632.0
310.0 621.0 311.0 632.0
68.0 259.0 92.0 277.0
109.0 141.0 57.0 135.0
309.0 621.0 310.0 631.0
310.0 620.0 310.0 631.0
251.0 583.0 249.0 597.0
94.0 4.0 90.0 20.0
94.0 6.0 90.0 20.0
94.0 5.0 90.0 20.0
291.0 372.0 286.0 394.0
309.0 620.0 310.0 631.0
291.0 373.0 286.0 394.0
470.0 568.0 469.0 567.0
95.0 6.0 90.0 20.0
95.0 5.0 90.0 20.0
174.0 287.0 156.0 294.0
471.0 569.0 469.0 567.0
471.0 568.0 469.0 567.0
358.0 289.0 349.0 314.0
215.0 612.0 222.0 614.0
214.0 612.0 222.0 614.0
373.0 555.0 382.0 574.0
215.0 613.0 222.0 614.0
214.0 613.0 222.0 614.0
358.0 288.0 349.0 314.0
307.0 407.0 306.0 429.0
