434.0 275.0 437.0 285.0
396.0 372.0 400.0 381.0
395.0 373.0 399.0 382.0
435.0 274.0 437.0 285.0
395.0 374.0 399.0 382.0
435.0 275.0 437.0 285.0
396.0 373.0 399.0 382.0
434.0 274.0 437.0 285.0
395.0 372.0 400.0 381.0
417.0 281.0 420.0 288.0
395.0 189.0 398.0 197.0
395.0 333.0 399.0 341.0
433.0 274.0 437.0 285.0
403.0 293.0 405.0 302.0
394.0 372.0 399.0 382.0
358.0 387.0 362.0 394.0
395.0 188.0 398.0 197.0
404.0 293.0 406.0 302.0
410.0 601.0 419.0 614.0
249.0 79.0 251.0 91.0
404.0 292.0 406.0 301.0
357.0 385.0 361.0 393.0
403.0 292.0 406.0 301.0
394.0 373.0 399.0 382.0
336.0 325.0 340.0 334.0
358.0 386.0 362.0 394.0
412.0 601.0 419.0 614.0
357.0 386.0 361.0 395.0
418.0 281.0 420.0 288.0
249.0 80.0 251.0 91.0
159.0 533.0 166.0 542.0
411.0 601.0 419.0 614.0
250.0 80.0 251.0 91.0
395.0 334.0 399.0 341.0
98.0 625.0 108.0 633.0
346.0 310.0 349.0 318.0
249.0 81.0 251.0 91.0
411.0 600.0 419.0 614.0
476.0 478.0 472.0 486.0
417.0 282.0 420.0 288.0
418.0 282.0 420.0 288.0
396.0 336.0 399.0 341.0
417.0 280.0 420.0 288.0
127.0 465.0 132.0 470.0
337.0 325.0 340.0 334.0
397.0 443.0 401.0 451.0
394.0 188.0 396.0 198.0
302.0 475.0 307.0 484.0
355.0 505.0 363.0 515.0
159.0 534.0 166.0 542.0
476.0 477.0 472.0 486.0
427.0 397.0 430.0 407.0
248.0 80.0 251.0 91.0
325.0 69.0 326.0 81.0
301.0 477.0 307.0 485.0
346.0 309.0 349.0 318.0
337.0 324.0 341.0 333.0
396.0 444.0 401.0 451.0
407.0 432.0 413.0 443.0
342.0 490.0 349.0 500.0
325.0 68.0 326.0 81.0
127.0 464.0 132.0 470.0
406.0 432.0 413.0 443.0
380.0 285.0 383.0 292.0
302.0 476.0 307.0 484.0
356.0 506.0 363.0 515.0
300.0 475.0 307.0 483.0
454.0 497.0 458.0 506.0
227.0 253.0 233.0 260.0
352.0 174.0 354.0 182.0
351.0 175.0 354.0 182.0
99.0 625.0 108.0 633.0
452.0 496.0 458.0 506.0
300.0 476.0 307.0 483.0
295.0 149.0 297.0 157.0
410.0 600.0 419.0 614.0
301.0 476.0 307.0 484.0
394.0 187.0 396.0 198.0
33.0 142.0 38.0 153.0
352.0 175.0 354.0 182.0
350.0 355.0 354.0 364.0
357.0 506.0 363.0 515.0
406.0 433.0 413.0 443.0
350.0 354.0 354.0 364.0
301.0 475.0 307.0 483.0
427.0 398.0 430.0 407.0
453.0 497.0 458.0 506.0
295.0 148.0 297.0 157.0
185.0 540.0 193.0 550.0
128.0 464.0 132.0 470.0
414.0 500.0 420.0 508.0
227.0 252.0 233.0 260.0
395.0 336.0 399.0 341.0
381.0 284.0 383.0 291.0
426.0 398.0 430.0 407.0
351.0 355.0 354.0 364.0
381.0 285.0 383.0 292.0
335.0 325.0 340.0 334.0
184.0 540.0 192.0 550.0
357.0 505.0 363.0 515.0
382.0 284.0 384.0 291.0
203.0 238.0 207.0 248.0
32.0 142.0 38.0 153.0
351.0 174.0 354.0 182.0
425.0 397.0 430.0 407.0
414.0 499.0 420.0 508.0
324.0 68.0 325.0 81.0
380.0 284.0 383.0 291.0
426.0 397.0 430.0 407.0
395.0 444.0 401.0 451.0
227.0 251.0 233.0 260.0
336.0 324.0 340.0 334.0
227.0 250.0 233.0 260.0
294.0 147.0 297.0 157.0
396.0 550.0 401.0 562.0
343.0 490.0 349.0 500.0
395.0 549.0 401.0 561.0
217.0 509.0 224.0 517.0
395.0 443.0 401.0 451.0
241.0 556.0 248.0 566.0
32.0 141.0 38.0 153.0
186.0 540.0 193.0 550.0
202.0 238.0 207.0 248.0
396.0 443.0 401.0 451.0
344.0 491.0 349.0 500.0
241.0 574.0 248.0 582.0
356.0 504.0 363.0 515.0
128.0 466.0 132.0 470.0
242.0 574.0 248.0 582.0
343.0 491.0 349.0 500.0
413.0 499.0 420.0 508.0
356.0 505.0 363.0 515.0
202.0 239.0 207.0 248.0
128.0 465.0 132.0 470.0
350.0 174.0 354.0 182.0
335.0 324.0 340.0 334.0
358.0 505.0 363.0 515.0
215.0 509.0 223.0 518.0
431.0 88.0 426.0 113.0
214.0 509.0 223.0 518.0
413.0 500.0 420.0 509.0
426.0 396.0 430.0 407.0
358.0 506.0 363.0 515.0
203.0 239.0 207.0 248.0
202.0 240.0 207.0 248.0
324.0 69.0 326.0 81.0
204.0 539.0 210.0 549.0
325.0 300.0 330.0 308.0
186.0 539.0 193.0 550.0
382.0 320.0 385.0 328.0
347.0 309.0 349.0 318.0
203.0 237.0 207.0 248.0
431.0 89.0 426.0 113.0
294.0 148.0 297.0 157.0
33.0 141.0 38.0 153.0
396.0 337.0 399.0 341.0
242.0 556.0 248.0 566.0
205.0 539.0 210.0 549.0
407.0 433.0 413.0 443.0
243.0 556.0 248.0 565.0
347.0 310.0 349.0 318.0
189.0 171.0 192.0 178.0
323.0 69.0 324.0 81.0
322.0 442.0 325.0 452.0
240.0 573.0 248.0 582.0
382.0 285.0 384.0 291.0
202.0 237.0 207.0 248.0
184.0 539.0 192.0 550.0
350.0 173.0 354.0 182.0
387.0 537.0 394.0 547.0
343.0 492.0 349.0 500.0
216.0 509.0 224.0 517.0
383.0 320.0 385.0 328.0
417.0 443.0 422.0 452.0
185.0 539.0 193.0 550.0
294.0 149.0 297.0 157.0
264.0 137.0 267.0 148.0
395.0 550.0 401.0 562.0
425.0 398.0 430.0 407.0
323.0 68.0 324.0 81.0
471.0 603.0 475.0 613.0
265.0 138.0 267.0 148.0
388.0 188.0 396.0 198.0
351.0 173.0 354.0 182.0
204.0 538.0 210.0 549.0
470.0 602.0 475.0 613.0
287.0 460.0 291.0 467.0
215.0 508.0 224.0 517.0
321.0 443.0 325.0 452.0
388.0 536.0 394.0 547.0
382.0 348.0 388.0 359.0
437.0 217.0 438.0 225.0
395.0 551.0 401.0 562.0
432.0 89.0 426.0 113.0
470.0 601.0 475.0 613.0
337.0 402.0 338.0 413.0
353.0 337.0 359.0 347.0
336.0 363.0 339.0 369.0
436.0 218.0 439.0 226.0
357.0 504.0 363.0 515.0
287.0 459.0 291.0 467.0
437.0 218.0 439.0 226.0
387.0 536.0 394.0 547.0
129.0 465.0 132.0 470.0
471.0 602.0 475.0 613.0
14.0 194.0 19.0 201.0
264.0 138.0 267.0 148.0
386.0 536.0 394.0 547.0
293.0 149.0 297.0 157.0
293.0 148.0 297.0 157.0
239.0 573.0 248.0 582.0
265.0 137.0 267.0 148.0
241.0 555.0 248.0 566.0
288.0 459.0 292.0 468.0
288.0 460.0 292.0 468.0
324.0 390.0 327.0 399.0
130.0 594.0 139.0 601.0
387.0 189.0 396.0 198.0
472.0 602.0 475.0 613.0
15.0 194.0 19.0 201.0
240.0 574.0 248.0 582.0
322.0 443.0 326.0 453.0
336.0 402.0 338.0 413.0
431.0 87.0 426.0 113.0
395.0 442.0 401.0 451.0
323.0 389.0 327.0 399.0
396.0 551.0 401.0 562.0
432.0 87.0 426.0 113.0
205.0 538.0 210.0 549.0
432.0 88.0 426.0 113.0
387.0 188.0 396.0 198.0
436.0 217.0 438.0 226.0
336.0 403.0 338.0 413.0
386.0 462.0 392.0 469.0
242.0 555.0 248.0 566.0
289.0 460.0 293.0 468.0
385.0 461.0 391.0 468.0
323.0 390.0 327.0 399.0
322.0 444.0 326.0 453.0
33.0 140.0 38.0 153.0
218.0 183.0 221.0 188.0
387.0 461.0 392.0 469.0
287.0 458.0 292.0 468.0
289.0 459.0 293.0 468.0
384.0 320.0 386.0 329.0
321.0 442.0 325.0 452.0
15.0 195.0 19.0 201.0
324.0 389.0 329.0 399.0
410.0 267.0 412.0 276.0
336.0 362.0 339.0 369.0
395.0 337.0 399.0 341.0
416.0 443.0 422.0 452.0
218.0 182.0 220.0 187.0
302.0 443.0 306.0 452.0
46.0 230.0 42.0 239.0
131.0 593.0 139.0 601.0
381.0 348.0 387.0 358.0
217.0 182.0 220.0 188.0
390.0 225.0 393.0 233.0
386.0 460.0 391.0 468.0
219.0 182.0 221.0 188.0
411.0 268.0 412.0 276.0
73.0 239.0 94.0 247.0
410.0 269.0 412.0 276.0
47.0 230.0 42.0 239.0
410.0 268.0 412.0 276.0
272.0 423.0 277.0 432.0
129.0 594.0 139.0 601.0
385.0 320.0 386.0 329.0
386.0 461.0 392.0 469.0
217.0 183.0 221.0 188.0
433.0 88.0 442.0 96.0
396.0 338.0 399.0 341.0
381.0 347.0 388.0 359.0
56.0 233.0 67.0 239.0
302.0 442.0 306.0 451.0
15.0 470.0 4.0 471.0
254.0 166.0 257.0 175.0
411.0 267.0 412.0 276.0
288.0 458.0 292.0 468.0
372.0 241.0 375.0 249.0
243.0 555.0 248.0 565.0
391.0 225.0 393.0 233.0
254.0 165.0 256.0 176.0
301.0 443.0 306.0 452.0
83.0 601.0 91.0 611.0
336.0 381.0 341.0 390.0
55.0 233.0 67.0 239.0
131.0 594.0 139.0 601.0
272.0 424.0 277.0 432.0
301.0 444.0 306.0 452.0
301.0 442.0 306.0 452.0
271.0 423.0 277.0 432.0
390.0 226.0 393.0 233.0
72.0 239.0 94.0 247.0
255.0 166.0 257.0 175.0
411.0 269.0 412.0 276.0
175.0 593.0 185.0 604.0
169.0 578.0 176.0 588.0
335.0 382.0 341.0 390.0
395.0 264.0 398.0 273.0
261.0 464.0 268.0 474.0
336.0 382.0 341.0 390.0
386.0 320.0 387.0 328.0
31.0 403.0 35.0 408.0
83.0 600.0 90.0 610.0
271.0 424.0 277.0 432.0
382.0 248.0 384.0 258.0
255.0 165.0 257.0 175.0
132.0 594.0 139.0 601.0
82.0 601.0 91.0 611.0
335.0 381.0 341.0 390.0
262.0 463.0 268.0 474.0
168.0 578.0 176.0 588.0
10.0 219.0 11.0 223.0
391.0 226.0 393.0 233.0
394.0 264.0 398.0 273.0
371.0 241.0 375.0 249.0
261.0 465.0 268.0 474.0
82.0 600.0 90.0 611.0
71.0 239.0 94.0 247.0
380.0 347.0 387.0 358.0
395.0 265.0 398.0 273.0
30.0 405.0 35.0 408.0
151.0 537.0 164.0 542.0
30.0 404.0 35.0 408.0
396.0 264.0 398.0 272.0
334.0 45.0 335.0 51.0
9.0 219.0 11.0 223.0
31.0 405.0 35.0 408.0
395.0 263.0 398.0 272.0
334.0 44.0 335.0 51.0
31.0 406.0 35.0 408.0
262.0 464.0 268.0 474.0
31.0 404.0 35.0 408.0
258.0 156.0 257.0 174.0
181.0 615.0 190.0 626.0
333.0 44.0 335.0 51.0
182.0 615.0 190.0 626.0
32.0 405.0 35.0 408.0
119.0 425.0 127.0 432.0
233.0 506.0 240.0 521.0
390.0 227.0 393.0 233.0
333.0 45.0 335.0 51.0
168.0 579.0 176.0 588.0
32.0 404.0 35.0 408.0
262.0 465.0 268.0 474.0
300.0 443.0 306.0 452.0
132.0 439.0 139.0 448.0
232.0 506.0 240.0 521.0
454.0 430.0 451.0 449.0
182.0 616.0 190.0 626.0
258.0 155.0 257.0 174.0
132.0 438.0 139.0 448.0
455.0 430.0 451.0 449.0
9.0 220.0 11.0 223.0
453.0 430.0 451.0 449.0
391.0 227.0 393.0 233.0
183.0 615.0 190.0 626.0
233.0 505.0 240.0 521.0
263.0 464.0 268.0 474.0
183.0 616.0 190.0 626.0
133.0 439.0 140.0 448.0
133.0 440.0 140.0 448.0
268.0 469.0 268.0 474.0
15.0 314.0 26.0 326.0
263.0 465.0 268.0 474.0
13.0 314.0 6.0 316.0
266.0 514.0 264.0 523.0
14.0 315.0 26.0 326.0
454.0 429.0 451.0 449.0
14.0 314.0 6.0 316.0
267.0 514.0 264.0 523.0
453.0 429.0 451.0 449.0
459.0 475.0 472.0 486.0
466.0 517.0 457.0 506.0
337.0 419.0 339.0 414.0
397.0 208.0 393.0 232.0
459.0 476.0 472.0 486.0
336.0 418.0 339.0 414.0
336.0 419.0 339.0 414.0
95.0 144.0 155.0 168.0
96.0 144.0 155.0 168.0
466.0 518.0 457.0 506.0
397.0 207.0 393.0 232.0
465.0 518.0 457.0 506.0
335.0 419.0 339.0 414.0
316.0 401.0 327.0 399.0
398.0 208.0 393.0 232.0
116.0 436.0 127.0 432.0
