381.0 296.0 381.0 309.0
381.0 295.0 381.0 309.0
382.0 297.0 381.0 309.0
382.0 296.0 381.0 309.0
390.0 123.0 390.0 135.0
389.0 123.0 389.0 135.0
123.0 5.0 119.0 11.0
350.0 232.0 350.0 247.0
350.0 231.0 350.0 247.0
123.0 6.0 119.0 11.0
382.0 294.0 382.0 308.0
451.0 450.0 453.0 454.0
382.0 295.0 382.0 309.0
383.0 296.0 382.0 309.0
350.0 233.0 350.0 247.0
433.0 588.0 435.0 590.0
211.0 34.0 209.0 43.0
349.0 232.0 349.0 246.0
177.0 153.0 176.0 163.0
351.0 232.0 350.0 247.0
381.0 297.0 381.0 309.0
358.0 208.0 356.0 224.0
349.0 231.0 349.0 246.0
357.0 217.0 356.0 232.0
219.0 398.0 218.0 411.0
122.0 5.0 119.0 11.0
338.0 177.0 336.0 191.0
206.0 218.0 204.0 229.0
337.0 176.0 335.0 190.0
206.0 219.0 204.0 229.0
434.0 588.0 435.0 590.0
390.0 124.0 389.0 136.0
335.0 195.0 333.0 207.0
122.0 6.0 119.0 11.0
383.0 295.0 383.0 308.0
335.0 194.0 333.0 207.0
383.0 294.0 383.0 308.0
211.0 35.0 209.0 43.0
434.0 587.0 435.0 589.0
332.0 242.0 331.0 256.0
452.0 449.0 454.0 453.0
338.0 176.0 336.0 191.0
331.0 242.0 331.0 256.0
121.0 5.0 118.0 10.0
178.0 154.0 176.0 163.0
181.0 367.0 179.0 381.0
212.0 34.0 209.0 43.0
220.0 398.0 218.0 412.0
433.0 586.0 434.0 588.0
180.0 367.0 178.0 380.0
121.0 6.0 118.0 10.0
389.0 124.0 390.0 137.0
178.0 153.0 176.0 163.0
178.0 567.0 178.0 576.0
218.0 400.0 218.0 412.0
356.0 217.0 356.0 232.0
243.0 196.0 241.0 207.0
206.0 217.0 204.0 229.0
356.0 162.0 355.0 175.0
196.0 31.0 191.0 37.0
218.0 399.0 218.0 412.0
334.0 194.0 333.0 207.0
356.0 216.0 356.0 232.0
334.0 196.0 333.0 209.0
335.0 196.0 333.0 209.0
179.0 153.0 176.0 163.0
61.0 414.0 58.0 428.0
355.0 217.0 356.0 232.0
389.0 125.0 389.0 137.0
195.0 30.0 191.0 37.0
337.0 177.0 335.0 190.0
433.0 587.0 434.0 588.0
180.0 368.0 179.0 381.0
195.0 31.0 191.0 37.0
221.0 398.0 218.0 412.0
390.0 125.0 390.0 137.0
62.0 414.0 59.0 429.0
180.0 366.0 178.0 380.0
194.0 30.0 191.0 37.0
285.0 216.0 284.0 226.0
453.0 449.0 454.0 454.0
339.0 176.0 336.0 191.0
219.0 399.0 218.0 412.0
243.0 197.0 241.0 207.0
434.0 586.0 434.0 588.0
178.0 152.0 176.0 163.0
220.0 399.0 218.0 412.0
207.0 218.0 204.0 229.0
61.0 413.0 58.0 428.0
331.0 243.0 330.0 257.0
196.0 30.0 191.0 37.0
355.0 162.0 355.0 175.0
212.0 35.0 209.0 43.0
179.0 367.0 178.0 381.0
333.0 194.0 333.0 207.0
133.0 242.0 131.0 252.0
242.0 196.0 241.0 207.0
335.0 140.0 332.0 155.0
132.0 242.0 130.0 251.0
334.0 195.0 333.0 209.0
452.0 450.0 453.0 454.0
405.0 444.0 407.0 449.0
337.0 175.0 335.0 190.0
333.0 195.0 333.0 209.0
61.0 416.0 59.0 429.0
207.0 217.0 204.0 229.0
213.0 285.0 211.0 298.0
116.0 356.0 113.0 372.0
219.0 400.0 218.0 412.0
242.0 197.0 241.0 207.0
452.0 451.0 453.0 454.0
179.0 366.0 178.0 380.0
177.0 152.0 174.0 163.0
207.0 219.0 204.0 229.0
22.0 407.0 19.0 422.0
155.0 293.0 153.0 305.0
22.0 409.0 19.0 422.0
323.0 535.0 322.0 548.0
355.0 161.0 355.0 175.0
454.0 476.0 454.0 479.0
22.0 408.0 19.0 422.0
219.0 234.0 216.0 247.0
179.0 152.0 176.0 163.0
133.0 243.0 131.0 252.0
154.0 294.0 153.0 306.0
154.0 293.0 153.0 305.0
161.0 18.0 157.0 25.0
134.0 243.0 131.0 252.0
218.0 234.0 216.0 247.0
62.0 412.0 59.0 428.0
220.0 400.0 218.0 412.0
211.0 36.0 209.0 44.0
453.0 450.0 454.0 454.0
62.0 413.0 59.0 428.0
23.0 409.0 19.0 422.0
214.0 284.0 212.0 298.0
338.0 175.0 336.0 191.0
22.0 410.0 19.0 422.0
132.0 243.0 130.0 252.0
115.0 380.0 111.0 392.0
114.0 380.0 111.0 392.0
177.0 25.0 172.0 32.0
214.0 285.0 212.0 298.0
218.0 235.0 216.0 247.0
322.0 535.0 322.0 547.0
313.0 618.0 314.0 620.0
11.0 260.0 7.0 268.0
335.0 139.0 332.0 155.0
214.0 286.0 211.0 298.0
23.0 408.0 19.0 422.0
221.0 399.0 218.0 412.0
313.0 619.0 314.0 620.0
160.0 19.0 157.0 25.0
339.0 540.0 339.0 553.0
213.0 286.0 211.0 298.0
215.0 285.0 212.0 298.0
113.0 267.0 111.0 280.0
178.0 151.0 176.0 163.0
10.0 260.0 7.0 269.0
453.0 451.0 453.0 454.0
323.0 534.0 322.0 547.0
176.0 24.0 172.0 32.0
160.0 18.0 157.0 25.0
159.0 19.0 157.0 25.0
338.0 541.0 338.0 554.0
338.0 540.0 338.0 554.0
339.0 541.0 339.0 554.0
339.0 175.0 336.0 191.0
339.0 539.0 339.0 553.0
322.0 533.0 322.0 547.0
178.0 24.0 172.0 32.0
219.0 235.0 216.0 247.0
153.0 293.0 153.0 305.0
159.0 20.0 156.0 25.0
406.0 444.0 407.0 449.0
160.0 17.0 157.0 25.0
205.0 218.0 204.0 229.0
177.0 24.0 172.0 32.0
61.0 417.0 58.0 429.0
299.0 239.0 296.0 252.0
314.0 618.0 314.0 620.0
178.0 23.0 172.0 32.0
115.0 381.0 111.0 392.0
11.0 261.0 7.0 268.0
322.0 534.0 322.0 547.0
10.0 438.0 9.0 450.0
154.0 292.0 153.0 305.0
147.0 364.0 145.0 378.0
42.0 161.0 38.0 171.0
25.0 361.0 20.0 373.0
159.0 18.0 157.0 25.0
70.0 515.0 69.0 526.0
10.0 261.0 7.0 269.0
405.0 445.0 407.0 449.0
113.0 268.0 111.0 280.0
114.0 381.0 111.0 392.0
148.0 364.0 145.0 378.0
22.0 305.0 21.0 320.0
298.0 238.0 296.0 252.0
213.0 287.0 211.0 298.0
356.0 154.0 356.0 174.0
357.0 155.0 356.0 174.0
159.0 17.0 157.0 25.0
51.0 50.0 47.0 58.0
83.0 499.0 81.0 511.0
299.0 238.0 296.0 252.0
177.0 23.0 172.0 32.0
10.0 439.0 9.0 450.0
115.0 359.0 113.0 372.0
43.0 162.0 39.0 172.0
358.0 155.0 356.0 174.0
96.0 472.0 95.0 486.0
176.0 23.0 172.0 32.0
112.0 267.0 111.0 279.0
42.0 160.0 38.0 171.0
42.0 162.0 38.0 171.0
70.0 513.0 69.0 526.0
82.0 499.0 81.0 511.0
9.0 438.0 9.0 450.0
214.0 287.0 211.0 298.0
96.0 473.0 95.0 486.0
81.0 499.0 79.0 511.0
314.0 619.0 314.0 620.0
12.0 289.0 6.0 297.0
92.0 393.0 93.0 403.0
83.0 498.0 81.0 511.0
166.0 115.0 162.0 125.0
406.0 445.0 407.0 449.0
407.0 444.0 407.0 449.0
95.0 214.0 92.0 225.0
92.0 392.0 93.0 403.0
43.0 161.0 39.0 172.0
166.0 117.0 162.0 127.0
177.0 22.0 172.0 32.0
357.0 154.0 356.0 174.0
96.0 213.0 92.0 225.0
148.0 363.0 145.0 378.0
299.0 237.0 297.0 251.0
95.0 213.0 92.0 225.0
315.0 618.0 314.0 620.0
166.0 116.0 162.0 127.0
315.0 619.0 314.0 620.0
147.0 363.0 145.0 378.0
9.0 439.0 9.0 450.0
70.0 514.0 69.0 526.0
81.0 133.0 77.0 142.0
153.0 292.0 153.0 305.0
227.0 44.0 224.0 53.0
96.0 214.0 92.0 225.0
358.0 154.0 356.0 174.0
11.0 289.0 6.0 297.0
11.0 439.0 9.0 450.0
81.0 498.0 79.0 511.0
167.0 115.0 162.0 125.0
88.0 336.0 85.0 352.0
96.0 212.0 92.0 225.0
314.0 620.0 314.0 620.0
227.0 45.0 224.0 53.0
80.0 133.0 77.0 142.0
115.0 360.0 113.0 372.0
112.0 268.0 111.0 280.0
80.0 134.0 77.0 142.0
156.0 366.0 153.0 380.0
89.0 247.0 85.0 259.0
10.0 262.0 7.0 269.0
91.0 392.0 93.0 403.0
81.0 134.0 77.0 142.0
71.0 514.0 69.0 526.0
82.0 498.0 81.0 511.0
338.0 539.0 338.0 554.0
126.0 337.0 124.0 353.0
59.0 221.0 54.0 233.0
176.0 201.0 173.0 210.0
9.0 440.0 9.0 450.0
22.0 304.0 21.0 320.0
10.0 289.0 6.0 297.0
405.0 446.0 407.0 449.0
10.0 440.0 9.0 450.0
43.0 160.0 39.0 171.0
261.0 303.0 261.0 313.0
401.0 513.0 401.0 515.0
82.0 497.0 81.0 511.0
156.0 365.0 153.0 380.0
50.0 51.0 47.0 58.0
59.0 220.0 54.0 233.0
82.0 133.0 77.0 142.0
51.0 51.0 47.0 58.0
401.0 512.0 401.0 515.0
139.0 130.0 134.0 141.0
10.0 290.0 6.0 297.0
11.0 290.0 6.0 297.0
51.0 52.0 47.0 58.0
12.0 290.0 6.0 297.0
138.0 130.0 134.0 141.0
60.0 221.0 54.0 233.0
141.0 159.0 139.0 166.0
138.0 131.0 134.0 141.0
167.0 116.0 164.0 126.0
10.0 288.0 6.0 297.0
88.0 337.0 85.0 352.0
176.0 202.0 173.0 210.0
52.0 51.0 47.0 58.0
111.0 269.0 110.0 281.0
139.0 131.0 134.0 141.0
139.0 132.0 134.0 141.0
87.0 336.0 85.0 352.0
138.0 132.0 134.0 141.0
21.0 304.0 21.0 320.0
81.0 135.0 77.0 142.0
141.0 158.0 139.0 166.0
127.0 336.0 123.0 352.0
113.0 269.0 111.0 280.0
406.0 446.0 407.0 449.0
61.0 222.0 54.0 233.0
176.0 203.0 174.0 210.0
177.0 201.0 174.0 210.0
112.0 269.0 110.0 281.0
59.0 222.0 54.0 233.0
260.0 303.0 261.0 313.0
177.0 202.0 174.0 210.0
142.0 158.0 139.0 166.0
111.0 268.0 110.0 281.0
127.0 337.0 124.0 353.0
138.0 129.0 134.0 141.0
407.0 445.0 407.0 449.0
126.0 336.0 123.0 352.0
82.0 134.0 77.0 142.0
142.0 159.0 139.0 166.0
115.0 207.0 111.0 218.0
347.0 573.0 348.0 576.0
88.0 246.0 85.0 259.0
17.0 59.0 10.0 65.0
60.0 222.0 54.0 233.0
115.0 206.0 111.0 218.0
17.0 58.0 10.0 65.0
130.0 201.0 128.0 212.0
80.0 135.0 77.0 142.0
18.0 58.0 10.0 65.0
347.0 575.0 348.0 576.0
112.0 270.0 110.0 281.0
346.0 574.0 347.0 575.0
347.0 574.0 348.0 576.0
348.0 574.0 348.0 576.0
60.0 223.0 54.0 233.0
360.0 521.0 361.0 523.0
359.0 520.0 360.0 523.0
22.0 231.0 20.0 240.0
346.0 576.0 347.0 576.0
18.0 59.0 10.0 65.0
22.0 230.0 20.0 240.0
346.0 575.0 347.0 576.0
21.0 211.0 19.0 220.0
360.0 519.0 361.0 523.0
22.0 229.0 20.0 240.0
22.0 210.0 19.0 220.0
360.0 520.0 361.0 523.0
348.0 575.0 348.0 576.0
23.0 229.0 20.0 240.0
21.0 209.0 19.0 220.0
21.0 210.0 19.0 220.0
137.0 101.0 133.0 111.0
24.0 229.0 20.0 240.0
150.0 81.0 147.0 90.0
331.0 149.0 332.0 155.0
23.0 210.0 19.0 220.0
23.0 231.0 20.0 240.0
347.0 576.0 347.0 576.0
22.0 209.0 19.0 220.0
23.0 230.0 20.0 240.0
22.0 211.0 19.0 220.0
24.0 230.0 20.0 240.0
129.0 279.0 127.0 288.0
178.0 228.0 183.0 243.0
14.0 354.0 20.0 373.0
14.0 353.0 20.0 372.0
385.0 458.0 406.0 448.0
385.0 459.0 406.0 448.0
178.0 227.0 183.0 243.0
384.0 458.0 406.0 448.0
384.0 460.0 406.0 448.0
177.0 228.0 183.0 243.0
384.0 459.0 406.0 448.0
131.0 286.0 127.0 288.0
301.0 249.0 296.0 252.0
301.0 250.0 296.0 252.0
383.0 459.0 406.0 448.0
177.0 227.0 183.0 243.0
176.0 228.0 183.0 243.0
134.0 355.0 68.0 291.0
134.0 354.0 68.0 291.0
383.0 458.0 406.0 448.0
131.0 287.0 127.0 288.0
109.0 29.0 118.0 12.0
98.0 227.0 99.0 231.0
302.0 249.0 296.0 252.0
69.0 124.0 76.0 142.0
68.0 125.0 76.0 142.0
401.0 427.0 406.0 448.0
35.0 397.0 19.0 422.0
34.0 397.0 19.0 422.0
98.0 228.0 99.0 231.0
68.0 124.0 76.0 142.0
