148.0 230.0 140.0 221.0
148.0 231.0 140.0 223.0
133.0 605.0 122.0 602.0
149.0 231.0 140.0 223.0
149.0 230.0 140.0 221.0
133.0 571.0 122.0 568.0
133.0 604.0 122.0 602.0
133.0 572.0 122.0 568.0
134.0 605.0 122.0 602.0
335.0 262.0 328.0 256.0
212.0 530.0 202.0 529.0
211.0 530.0 202.0 529.0
134.0 571.0 122.0 568.0
134.0 572.0 122.0 568.0
134.0 604.0 122.0 602.0
135.0 605.0 122.0 602.0
213.0 530.0 203.0 530.0
150.0 231.0 141.0 223.0
132.0 605.0 122.0 602.0
135.0 572.0 122.0 568.0
133.0 527.0 124.0 524.0
133.0 606.0 122.0 602.0
211.0 531.0 202.0 530.0
396.0 251.0 389.0 248.0
415.0 258.0 410.0 256.0
134.0 526.0 123.0 524.0
212.0 529.0 202.0 529.0
212.0 531.0 202.0 530.0
450.0 24.0 450.0 18.0
134.0 573.0 122.0 568.0
133.0 526.0 123.0 524.0
134.0 606.0 122.0 602.0
416.0 259.0 410.0 256.0
150.0 230.0 140.0 221.0
338.0 74.0 336.0 65.0
135.0 573.0 122.0 568.0
95.0 552.0 83.0 547.0
218.0 619.0 206.0 618.0
395.0 252.0 389.0 248.0
455.0 70.0 455.0 64.0
219.0 620.0 206.0 618.0
336.0 264.0 329.0 258.0
213.0 531.0 203.0 530.0
395.0 251.0 389.0 248.0
456.0 69.0 455.0 65.0
94.0 552.0 83.0 547.0
134.0 527.0 124.0 524.0
216.0 582.0 205.0 581.0
450.0 23.0 450.0 18.0
335.0 105.0 334.0 96.0
416.0 260.0 410.0 257.0
415.0 260.0 410.0 257.0
396.0 252.0 389.0 248.0
359.0 277.0 354.0 273.0
281.0 299.0 272.0 297.0
67.0 441.0 56.0 434.0
95.0 553.0 83.0 547.0
217.0 619.0 206.0 618.0
361.0 276.0 354.0 272.0
216.0 583.0 205.0 581.0
360.0 277.0 354.0 273.0
455.0 69.0 454.0 65.0
154.0 625.0 143.0 622.0
450.0 22.0 450.0 18.0
454.0 69.0 454.0 65.0
396.0 253.0 389.0 249.0
336.0 263.0 328.0 256.0
214.0 583.0 205.0 581.0
127.0 171.0 121.0 158.0
415.0 259.0 410.0 256.0
156.0 625.0 143.0 622.0
93.0 553.0 83.0 547.0
93.0 552.0 83.0 547.0
280.0 299.0 272.0 297.0
449.0 24.0 450.0 18.0
338.0 73.0 337.0 63.0
67.0 440.0 56.0 434.0
449.0 23.0 450.0 18.0
413.0 81.0 411.0 77.0
412.0 83.0 412.0 77.0
94.0 553.0 83.0 547.0
155.0 625.0 143.0 622.0
217.0 620.0 206.0 618.0
360.0 276.0 354.0 272.0
279.0 299.0 272.0 297.0
250.0 66.0 246.0 55.0
360.0 275.0 354.0 272.0
249.0 66.0 246.0 55.0
335.0 263.0 328.0 256.0
414.0 259.0 410.0 257.0
215.0 583.0 205.0 581.0
250.0 67.0 246.0 55.0
309.0 212.0 305.0 206.0
175.0 561.0 163.0 560.0
66.0 440.0 55.0 433.0
308.0 212.0 303.0 205.0
280.0 298.0 272.0 297.0
456.0 68.0 454.0 64.0
454.0 68.0 454.0 65.0
358.0 277.0 354.0 273.0
315.0 95.0 310.0 85.0
291.0 136.0 287.0 126.0
292.0 138.0 288.0 126.0
214.0 582.0 205.0 581.0
251.0 65.0 246.0 54.0
169.0 527.0 157.0 525.0
359.0 276.0 354.0 272.0
48.0 261.0 40.0 252.0
218.0 620.0 206.0 618.0
215.0 582.0 205.0 581.0
310.0 212.0 305.0 206.0
313.0 94.0 310.0 85.0
251.0 66.0 246.0 55.0
292.0 137.0 288.0 126.0
280.0 300.0 272.0 297.0
250.0 65.0 246.0 54.0
412.0 82.0 411.0 77.0
373.0 60.0 373.0 50.0
215.0 581.0 204.0 581.0
281.0 300.0 273.0 297.0
339.0 73.0 337.0 63.0
339.0 72.0 337.0 63.0
29.0 269.0 20.0 257.0
248.0 66.0 246.0 55.0
48.0 262.0 40.0 251.0
291.0 137.0 288.0 128.0
314.0 95.0 310.0 85.0
358.0 276.0 354.0 273.0
339.0 204.0 335.0 199.0
395.0 253.0 389.0 249.0
359.0 275.0 354.0 272.0
313.0 317.0 306.0 316.0
245.0 522.0 236.0 522.0
413.0 82.0 412.0 77.0
66.0 439.0 55.0 433.0
150.0 528.0 139.0 526.0
421.0 137.0 419.0 131.0
27.0 252.0 17.0 241.0
312.0 317.0 305.0 316.0
319.0 80.0 317.0 70.0
48.0 263.0 40.0 251.0
338.0 72.0 337.0 63.0
29.0 268.0 20.0 257.0
317.0 79.0 315.0 69.0
314.0 94.0 310.0 85.0
48.0 264.0 40.0 253.0
334.0 104.0 334.0 96.0
450.0 348.0 444.0 347.0
149.0 528.0 139.0 526.0
66.0 441.0 55.0 433.0
309.0 213.0 305.0 206.0
455.0 68.0 454.0 65.0
314.0 96.0 310.0 85.0
65.0 440.0 55.0 434.0
27.0 253.0 17.0 241.0
319.0 79.0 317.0 70.0
29.0 270.0 20.0 257.0
279.0 300.0 272.0 297.0
167.0 527.0 157.0 525.0
168.0 527.0 157.0 525.0
313.0 318.0 305.0 316.0
28.0 270.0 20.0 257.0
373.0 59.0 372.0 50.0
265.0 90.0 262.0 78.0
416.0 61.0 415.0 53.0
49.0 264.0 40.0 251.0
376.0 79.0 374.0 69.0
313.0 95.0 310.0 85.0
361.0 299.0 353.0 294.0
280.0 301.0 272.0 298.0
49.0 262.0 40.0 251.0
92.0 553.0 83.0 547.0
313.0 96.0 310.0 85.0
335.0 181.0 331.0 175.0
451.0 348.0 444.0 347.0
319.0 78.0 317.0 70.0
413.0 84.0 412.0 77.0
65.0 441.0 55.0 434.0
385.0 98.0 384.0 93.0
168.0 526.0 157.0 525.0
292.0 136.0 287.0 126.0
360.0 299.0 353.0 294.0
336.0 105.0 334.0 96.0
318.0 80.0 316.0 70.0
394.0 251.0 389.0 248.0
335.0 103.0 333.0 95.0
166.0 526.0 157.0 525.0
339.0 74.0 337.0 63.0
249.0 65.0 246.0 54.0
92.0 552.0 83.0 547.0
336.0 286.0 330.0 283.0
452.0 349.0 444.0 347.0
310.0 142.0 306.0 134.0
376.0 78.0 374.0 69.0
174.0 561.0 163.0 560.0
430.0 353.0 420.0 351.0
339.0 205.0 335.0 199.0
312.0 318.0 305.0 316.0
394.0 252.0 389.0 248.0
413.0 83.0 412.0 77.0
27.0 254.0 17.0 241.0
421.0 136.0 419.0 131.0
151.0 528.0 139.0 526.0
420.0 137.0 419.0 131.0
419.0 136.0 419.0 131.0
451.0 347.0 444.0 347.0
375.0 78.0 374.0 69.0
451.0 349.0 444.0 347.0
414.0 82.0 412.0 77.0
169.0 526.0 157.0 525.0
49.0 263.0 40.0 251.0
335.0 104.0 333.0 95.0
150.0 529.0 139.0 526.0
167.0 526.0 157.0 525.0
338.0 204.0 335.0 199.0
359.0 155.0 356.0 149.0
28.0 253.0 17.0 241.0
386.0 98.0 384.0 93.0
384.0 193.0 382.0 189.0
28.0 129.0 21.0 115.0
28.0 130.0 21.0 115.0
335.0 286.0 330.0 283.0
449.0 302.0 444.0 298.0
385.0 99.0 384.0 93.0
369.0 333.0 360.0 329.0
266.0 90.0 262.0 78.0
318.0 78.0 316.0 70.0
28.0 268.0 20.0 257.0
473.0 41.0 474.0 36.0
416.0 60.0 415.0 53.0
318.0 79.0 316.0 70.0
360.0 155.0 356.0 149.0
420.0 135.0 419.0 131.0
28.0 269.0 20.0 257.0
336.0 287.0 330.0 284.0
281.0 301.0 272.0 298.0
421.0 135.0 419.0 131.0
415.0 61.0 415.0 53.0
474.0 41.0 474.0 36.0
358.0 156.0 356.0 150.0
317.0 78.0 315.0 69.0
452.0 348.0 444.0 347.0
28.0 254.0 17.0 241.0
474.0 42.0 474.0 37.0
304.0 270.0 299.0 266.0
335.0 287.0 330.0 284.0
309.0 140.0 306.0 133.0
285.0 198.0 280.0 190.0
430.0 352.0 420.0 351.0
174.0 562.0 163.0 560.0
372.0 60.0 371.0 51.0
245.0 523.0 236.0 522.0
336.0 103.0 333.0 95.0
359.0 156.0 356.0 149.0
386.0 100.0 384.0 93.0
336.0 182.0 331.0 175.0
414.0 83.0 412.0 77.0
385.0 100.0 384.0 93.0
417.0 61.0 415.0 53.0
340.0 73.0 337.0 63.0
337.0 288.0 330.0 284.0
149.0 529.0 139.0 526.0
339.0 206.0 335.0 199.0
449.0 301.0 444.0 298.0
393.0 234.0 386.0 228.0
420.0 136.0 419.0 131.0
393.0 233.0 386.0 228.0
386.0 99.0 384.0 93.0
246.0 521.0 236.0 522.0
246.0 522.0 236.0 522.0
449.0 300.0 444.0 298.0
285.0 197.0 280.0 190.0
393.0 232.0 386.0 228.0
17.0 609.0 6.0 603.0
374.0 59.0 372.0 50.0
428.0 353.0 420.0 351.0
314.0 97.0 310.0 86.0
246.0 523.0 236.0 522.0
329.0 165.0 324.0 158.0
335.0 182.0 331.0 175.0
337.0 287.0 330.0 284.0
429.0 353.0 420.0 351.0
336.0 288.0 330.0 284.0
170.0 614.0 160.0 611.0
417.0 60.0 415.0 53.0
173.0 562.0 163.0 560.0
429.0 352.0 420.0 351.0
309.0 141.0 306.0 133.0
375.0 77.0 374.0 69.0
374.0 78.0 374.0 69.0
151.0 529.0 139.0 526.0
336.0 104.0 333.0 95.0
372.0 59.0 371.0 51.0
170.0 613.0 160.0 611.0
310.0 141.0 306.0 133.0
360.0 156.0 356.0 149.0
304.0 269.0 299.0 265.0
374.0 77.0 374.0 69.0
168.0 525.0 157.0 524.0
392.0 231.0 386.0 228.0
391.0 232.0 386.0 228.0
391.0 233.0 386.0 228.0
175.0 562.0 163.0 560.0
329.0 164.0 324.0 157.0
385.0 192.0 382.0 189.0
359.0 157.0 356.0 149.0
337.0 104.0 333.0 95.0
188.0 205.0 183.0 197.0
360.0 157.0 356.0 149.0
398.0 165.0 394.0 160.0
18.0 609.0 6.0 603.0
392.0 233.0 386.0 228.0
173.0 561.0 163.0 560.0
397.0 165.0 394.0 160.0
387.0 99.0 384.0 93.0
450.0 301.0 444.0 298.0
392.0 234.0 386.0 228.0
334.0 182.0 331.0 175.0
310.0 140.0 306.0 133.0
167.0 525.0 157.0 524.0
428.0 352.0 420.0 351.0
17.0 610.0 6.0 603.0
392.0 232.0 386.0 228.0
334.0 181.0 331.0 175.0
458.0 8.0 450.0 17.0
372.0 58.0 372.0 50.0
396.0 327.0 389.0 324.0
169.0 614.0 160.0 611.0
328.0 164.0 324.0 157.0
385.0 193.0 382.0 189.0
417.0 309.0 412.0 307.0
411.0 13.0 411.0 8.0
247.0 523.0 236.0 522.0
277.0 254.0 272.0 250.0
418.0 308.0 412.0 307.0
450.0 300.0 444.0 298.0
418.0 309.0 412.0 307.0
188.0 204.0 183.0 197.0
328.0 165.0 324.0 158.0
284.0 197.0 279.0 189.0
259.0 113.0 255.0 102.0
385.0 194.0 382.0 189.0
416.0 59.0 415.0 53.0
169.0 613.0 160.0 611.0
417.0 308.0 412.0 307.0
19.0 610.0 6.0 603.0
412.0 14.0 411.0 8.0
419.0 308.0 412.0 307.0
18.0 610.0 6.0 603.0
411.0 14.0 411.0 8.0
450.0 302.0 444.0 298.0
375.0 127.0 373.0 120.0
43.0 580.0 32.0 575.0
276.0 254.0 271.0 250.0
451.0 301.0 444.0 298.0
276.0 255.0 272.0 250.0
277.0 255.0 272.0 250.0
376.0 127.0 373.0 120.0
17.0 611.0 6.0 603.0
364.0 191.0 359.0 187.0
373.0 58.0 372.0 50.0
401.0 133.0 398.0 128.0
419.0 309.0 412.0 307.0
247.0 522.0 236.0 522.0
365.0 192.0 359.0 187.0
168.0 614.0 160.0 611.0
150.0 530.0 139.0 526.0
364.0 193.0 359.0 187.0
386.0 193.0 382.0 189.0
457.0 8.0 450.0 17.0
247.0 521.0 236.0 522.0
376.0 124.0 373.0 118.0
365.0 191.0 359.0 187.0
458.0 7.0 450.0 17.0
48.0 604.0 35.0 604.0
43.0 581.0 32.0 575.0
407.0 204.0 403.0 200.0
377.0 126.0 373.0 120.0
409.0 204.0 403.0 200.0
375.0 126.0 373.0 118.0
386.0 194.0 382.0 189.0
412.0 13.0 411.0 8.0
289.0 206.0 280.0 190.0
364.0 192.0 359.0 187.0
376.0 126.0 373.0 120.0
377.0 125.0 373.0 118.0
18.0 611.0 6.0 603.0
187.0 205.0 183.0 197.0
376.0 125.0 373.0 118.0
375.0 125.0 373.0 118.0
408.0 204.0 404.0 201.0
187.0 204.0 183.0 197.0
278.0 255.0 272.0 250.0
407.0 205.0 404.0 201.0
48.0 603.0 35.0 604.0
408.0 203.0 404.0 201.0
290.0 206.0 280.0 190.0
365.0 193.0 359.0 187.0
409.0 205.0 404.0 201.0
42.0 582.0 32.0 575.0
290.0 207.0 280.0 190.0
43.0 582.0 32.0 575.0
33.0 505.0 22.0 498.0
408.0 205.0 404.0 201.0
351.0 126.0 348.0 118.0
42.0 583.0 32.0 575.0
49.0 604.0 35.0 604.0
289.0 207.0 280.0 190.0
469.0 289.0 464.0 287.0
49.0 603.0 35.0 604.0
43.0 583.0 32.0 575.0
350.0 127.0 348.0 118.0
350.0 128.0 348.0 118.0
69.0 103.0 68.0 100.0
351.0 127.0 348.0 118.0
68.0 104.0 68.0 100.0
67.0 103.0 68.0 100.0
68.0 102.0 68.0 100.0
352.0 127.0 348.0 118.0
351.0 128.0 348.0 118.0
69.0 102.0 68.0 100.0
352.0 128.0 348.0 118.0
470.0 289.0 464.0 287.0
68.0 103.0 68.0 100.0
67.0 101.0 68.0 100.0
352.0 129.0 348.0 118.0
67.0 102.0 68.0 100.0
36.0 460.0 26.0 453.0
68.0 101.0 68.0 100.0
434.0 316.0 425.0 312.0
69.0 101.0 68.0 100.0
351.0 129.0 348.0 121.0
37.0 460.0 26.0 453.0
36.0 459.0 26.0 453.0
37.0 459.0 26.0 453.0
37.0 458.0 26.0 453.0
420.0 174.0 403.0 166.0
38.0 459.0 27.0 452.0
13.0 593.0 4.0 581.0
12.0 593.0 4.0 581.0
435.0 316.0 425.0 312.0
420.0 175.0 403.0 166.0
436.0 317.0 441.0 320.0
12.0 594.0 4.0 581.0
435.0 317.0 441.0 320.0
14.0 448.0 11.0 441.0
451.0 146.0 434.0 142.0
464.0 246.0 464.0 287.0
451.0 147.0 434.0 142.0
13.0 448.0 11.0 441.0
18.0 433.0 10.0 441.0
19.0 433.0 10.0 441.0
