293.0 534.0 306.0 527.0
303.0 581.0 317.0 574.0
304.0 581.0 317.0 574.0
392.0 578.0 404.0 571.0
236.0 242.0 249.0 240.0
293.0 533.0 306.0 527.0
235.0 242.0 249.0 240.0
303.0 582.0 317.0 574.0
389.0 221.0 401.0 214.0
292.0 534.0 306.0 527.0
392.0 577.0 404.0 571.0
416.0 320.0 428.0 314.0
294.0 534.0 307.0 527.0
389.0 220.0 401.0 214.0
233.0 175.0 245.0 168.0
233.0 174.0 245.0 168.0
233.0 173.0 245.0 168.0
233.0 172.0 245.0 167.0
293.0 535.0 307.0 527.0
391.0 579.0 404.0 571.0
305.0 581.0 318.0 573.0
390.0 578.0 403.0 572.0
415.0 320.0 428.0 314.0
292.0 535.0 306.0 527.0
390.0 577.0 403.0 571.0
234.0 221.0 245.0 218.0
305.0 582.0 318.0 573.0
235.0 243.0 249.0 240.0
414.0 319.0 428.0 314.0
234.0 222.0 245.0 219.0
391.0 578.0 404.0 571.0
390.0 220.0 401.0 214.0
390.0 221.0 401.0 214.0
416.0 318.0 428.0 314.0
315.0 559.0 327.0 553.0
236.0 243.0 249.0 240.0
314.0 527.0 326.0 522.0
232.0 172.0 245.0 167.0
367.0 298.0 380.0 291.0
232.0 173.0 245.0 167.0
233.0 221.0 246.0 219.0
391.0 577.0 404.0 571.0
415.0 319.0 428.0 314.0
367.0 299.0 380.0 291.0
234.0 223.0 245.0 219.0
368.0 299.0 380.0 291.0
356.0 316.0 368.0 309.0
302.0 504.0 315.0 497.0
368.0 298.0 380.0 291.0
234.0 243.0 248.0 239.0
416.0 321.0 428.0 314.0
365.0 44.0 377.0 36.0
415.0 318.0 428.0 314.0
234.0 224.0 245.0 219.0
232.0 171.0 245.0 167.0
356.0 315.0 368.0 309.0
315.0 527.0 327.0 521.0
364.0 44.0 377.0 36.0
233.0 171.0 245.0 167.0
365.0 43.0 377.0 36.0
414.0 318.0 428.0 314.0
233.0 223.0 245.0 219.0
193.0 207.0 205.0 204.0
235.0 222.0 245.0 219.0
363.0 44.0 377.0 36.0
233.0 222.0 245.0 219.0
369.0 298.0 380.0 291.0
301.0 504.0 315.0 497.0
364.0 43.0 377.0 36.0
304.0 582.0 317.0 574.0
414.0 320.0 428.0 314.0
363.0 43.0 377.0 36.0
354.0 363.0 366.0 359.0
306.0 581.0 318.0 573.0
416.0 319.0 428.0 314.0
357.0 315.0 368.0 309.0
235.0 223.0 245.0 219.0
314.0 528.0 326.0 522.0
404.0 181.0 418.0 175.0
354.0 364.0 366.0 359.0
385.0 45.0 399.0 37.0
404.0 180.0 418.0 175.0
8.0 68.0 11.0 66.0
235.0 244.0 249.0 240.0
28.0 152.0 41.0 149.0
386.0 45.0 399.0 37.0
28.0 623.0 20.0 621.0
419.0 273.0 432.0 266.0
315.0 528.0 327.0 521.0
377.0 261.0 388.0 256.0
9.0 68.0 11.0 66.0
385.0 44.0 398.0 37.0
369.0 299.0 380.0 291.0
232.0 223.0 245.0 219.0
27.0 152.0 41.0 149.0
414.0 402.0 427.0 397.0
233.0 224.0 245.0 219.0
353.0 364.0 366.0 359.0
306.0 582.0 318.0 573.0
353.0 363.0 366.0 359.0
232.0 196.0 242.0 192.0
403.0 180.0 417.0 175.0
29.0 623.0 20.0 621.0
194.0 161.0 207.0 156.0
377.0 262.0 388.0 256.0
194.0 160.0 208.0 156.0
194.0 207.0 205.0 204.0
354.0 365.0 366.0 359.0
403.0 182.0 418.0 175.0
397.0 332.0 409.0 325.0
352.0 364.0 366.0 359.0
384.0 238.0 396.0 233.0
400.0 26.0 412.0 20.0
387.0 44.0 399.0 37.0
403.0 181.0 417.0 175.0
358.0 315.0 368.0 309.0
203.0 281.0 216.0 275.0
204.0 280.0 216.0 275.0
203.0 280.0 216.0 275.0
232.0 222.0 245.0 219.0
305.0 428.0 319.0 423.0
195.0 228.0 207.0 224.0
196.0 160.0 208.0 156.0
48.0 70.0 46.0 66.0
196.0 229.0 207.0 224.0
195.0 161.0 208.0 156.0
306.0 427.0 319.0 423.0
232.0 197.0 242.0 192.0
387.0 45.0 399.0 37.0
433.0 326.0 446.0 322.0
404.0 182.0 418.0 175.0
304.0 428.0 318.0 423.0
195.0 207.0 205.0 204.0
26.0 69.0 26.0 67.0
170.0 229.0 179.0 227.0
306.0 428.0 319.0 423.0
396.0 332.0 409.0 325.0
386.0 44.0 399.0 37.0
353.0 365.0 366.0 359.0
4.0 69.0 11.0 66.0
3.0 69.0 11.0 66.0
27.0 69.0 26.0 67.0
411.0 402.0 424.0 397.0
304.0 429.0 318.0 423.0
194.0 228.0 207.0 224.0
305.0 427.0 319.0 423.0
195.0 160.0 208.0 156.0
127.0 180.0 140.0 176.0
413.0 402.0 427.0 397.0
128.0 181.0 140.0 176.0
15.0 623.0 20.0 621.0
420.0 272.0 432.0 266.0
14.0 623.0 20.0 621.0
400.0 27.0 412.0 20.0
305.0 429.0 319.0 423.0
412.0 403.0 424.0 397.0
408.0 296.0 422.0 289.0
434.0 326.0 446.0 322.0
129.0 181.0 140.0 176.0
195.0 229.0 207.0 224.0
194.0 208.0 205.0 204.0
204.0 279.0 216.0 275.0
402.0 181.0 416.0 175.0
236.0 244.0 249.0 240.0
412.0 402.0 426.0 397.0
357.0 316.0 368.0 309.0
193.0 208.0 205.0 204.0
29.0 622.0 20.0 621.0
231.0 196.0 242.0 192.0
202.0 280.0 216.0 275.0
231.0 197.0 242.0 192.0
434.0 327.0 447.0 321.0
269.0 481.0 282.0 473.0
128.0 180.0 140.0 176.0
170.0 230.0 179.0 227.0
202.0 279.0 216.0 275.0
306.0 429.0 319.0 423.0
36.0 473.0 46.0 466.0
203.0 279.0 216.0 275.0
35.0 473.0 46.0 466.0
194.0 206.0 206.0 202.0
357.0 317.0 368.0 309.0
408.0 295.0 421.0 289.0
196.0 161.0 208.0 156.0
26.0 70.0 26.0 67.0
386.0 43.0 398.0 37.0
127.0 181.0 140.0 176.0
397.0 331.0 409.0 325.0
385.0 43.0 398.0 37.0
169.0 208.0 179.0 204.0
15.0 622.0 20.0 621.0
232.0 198.0 244.0 192.0
27.0 70.0 26.0 67.0
169.0 231.0 179.0 227.0
320.0 541.0 332.0 534.0
194.0 229.0 207.0 224.0
170.0 208.0 180.0 205.0
129.0 180.0 140.0 176.0
27.0 151.0 41.0 149.0
395.0 332.0 409.0 325.0
320.0 540.0 332.0 534.0
169.0 230.0 179.0 227.0
399.0 28.0 412.0 20.0
396.0 331.0 408.0 325.0
170.0 207.0 179.0 204.0
413.0 403.0 425.0 397.0
358.0 316.0 368.0 309.0
269.0 480.0 282.0 473.0
412.0 349.0 426.0 343.0
430.0 412.0 443.0 405.0
268.0 480.0 282.0 473.0
169.0 207.0 179.0 204.0
399.0 27.0 412.0 20.0
419.0 361.0 433.0 356.0
269.0 479.0 282.0 473.0
420.0 273.0 433.0 266.0
399.0 26.0 412.0 19.0
398.0 27.0 412.0 20.0
193.0 229.0 207.0 224.0
418.0 363.0 432.0 357.0
429.0 412.0 443.0 406.0
60.0 73.0 68.0 66.0
170.0 231.0 179.0 227.0
195.0 230.0 207.0 224.0
407.0 295.0 421.0 289.0
384.0 237.0 396.0 233.0
418.0 362.0 431.0 356.0
388.0 400.0 404.0 395.0
36.0 474.0 46.0 466.0
420.0 362.0 433.0 356.0
66.0 261.0 79.0 257.0
66.0 260.0 79.0 257.0
67.0 261.0 79.0 257.0
321.0 541.0 332.0 534.0
130.0 181.0 142.0 178.0
25.0 331.0 34.0 322.0
321.0 540.0 332.0 534.0
441.0 259.0 454.0 253.0
24.0 331.0 34.0 322.0
411.0 349.0 426.0 343.0
270.0 480.0 282.0 473.0
429.0 413.0 443.0 406.0
68.0 261.0 79.0 257.0
426.0 267.0 434.0 265.0
79.0 70.0 68.0 66.0
430.0 413.0 443.0 406.0
48.0 472.0 46.0 466.0
395.0 331.0 408.0 325.0
419.0 362.0 433.0 356.0
412.0 350.0 426.0 343.0
427.0 268.0 435.0 265.0
78.0 70.0 68.0 66.0
394.0 278.0 405.0 272.0
388.0 401.0 404.0 395.0
67.0 260.0 79.0 257.0
25.0 332.0 34.0 322.0
194.0 230.0 206.0 225.0
24.0 332.0 22.0 326.0
426.0 268.0 435.0 265.0
270.0 481.0 282.0 473.0
270.0 479.0 282.0 473.0
374.0 155.0 386.0 147.0
230.0 347.0 242.0 343.0
428.0 62.0 441.0 54.0
68.0 260.0 79.0 256.0
429.0 84.0 444.0 77.0
230.0 348.0 242.0 343.0
446.0 128.0 460.0 121.0
426.0 269.0 435.0 265.0
425.0 267.0 434.0 266.0
425.0 269.0 434.0 266.0
429.0 62.0 441.0 54.0
430.0 83.0 444.0 77.0
230.0 349.0 242.0 343.0
374.0 156.0 385.0 148.0
420.0 363.0 433.0 356.0
80.0 70.0 68.0 66.0
419.0 363.0 432.0 357.0
448.0 254.0 456.0 252.0
387.0 400.0 404.0 395.0
393.0 278.0 405.0 271.0
9.0 630.0 6.0 626.0
427.0 144.0 441.0 136.0
37.0 73.0 46.0 66.0
448.0 253.0 456.0 252.0
271.0 480.0 282.0 473.0
430.0 84.0 444.0 77.0
447.0 129.0 460.0 122.0
425.0 268.0 434.0 266.0
447.0 254.0 461.0 246.0
8.0 631.0 6.0 626.0
375.0 155.0 387.0 149.0
38.0 73.0 46.0 66.0
79.0 71.0 68.0 66.0
78.0 71.0 68.0 66.0
8.0 630.0 6.0 626.0
447.0 128.0 460.0 122.0
446.0 129.0 460.0 122.0
374.0 154.0 386.0 147.0
426.0 144.0 441.0 136.0
38.0 72.0 46.0 66.0
271.0 479.0 282.0 473.0
448.0 128.0 460.0 122.0
433.0 571.0 448.0 564.0
387.0 401.0 404.0 395.0
231.0 349.0 242.0 343.0
449.0 568.0 449.0 564.0
9.0 631.0 6.0 626.0
426.0 434.0 438.0 428.0
80.0 71.0 68.0 66.0
375.0 154.0 387.0 148.0
231.0 348.0 242.0 343.0
393.0 119.0 403.0 114.0
374.0 153.0 387.0 148.0
393.0 120.0 403.0 114.0
450.0 568.0 449.0 564.0
391.0 121.0 403.0 114.0
445.0 129.0 460.0 122.0
375.0 153.0 387.0 147.0
9.0 632.0 6.0 626.0
429.0 85.0 444.0 77.0
231.0 347.0 242.0 343.0
391.0 119.0 403.0 114.0
386.0 400.0 404.0 395.0
428.0 144.0 441.0 136.0
425.0 435.0 438.0 428.0
426.0 145.0 441.0 136.0
37.0 72.0 46.0 66.0
407.0 48.0 424.0 38.0
392.0 121.0 403.0 114.0
391.0 120.0 403.0 114.0
457.0 313.0 469.0 307.0
392.0 119.0 403.0 114.0
425.0 434.0 438.0 428.0
425.0 436.0 438.0 428.0
446.0 130.0 460.0 122.0
426.0 435.0 438.0 428.0
427.0 145.0 441.0 136.0
424.0 435.0 438.0 428.0
457.0 312.0 469.0 307.0
406.0 48.0 424.0 38.0
450.0 355.0 463.0 349.0
392.0 120.0 403.0 114.0
450.0 567.0 449.0 564.0
386.0 401.0 404.0 395.0
423.0 435.0 438.0 428.0
454.0 22.0 469.0 14.0
406.0 47.0 424.0 38.0
370.0 39.0 377.0 36.0
240.0 154.0 248.0 150.0
426.0 146.0 441.0 136.0
456.0 313.0 469.0 307.0
424.0 436.0 438.0 428.0
424.0 61.0 441.0 53.0
413.0 135.0 418.0 136.0
432.0 571.0 448.0 564.0
422.0 139.0 440.0 135.0
427.0 146.0 441.0 136.0
405.0 48.0 424.0 38.0
424.0 434.0 438.0 428.0
428.0 145.0 441.0 136.0
424.0 433.0 438.0 428.0
452.0 23.0 467.0 14.0
453.0 22.0 467.0 14.0
453.0 23.0 467.0 14.0
456.0 312.0 469.0 307.0
453.0 24.0 467.0 14.0
452.0 24.0 467.0 14.0
460.0 364.0 463.0 349.0
460.0 365.0 463.0 349.0
378.0 23.0 396.0 2.0
454.0 23.0 469.0 14.0
458.0 565.0 463.0 561.0
23.0 473.0 46.0 466.0
22.0 473.0 46.0 466.0
378.0 22.0 396.0 2.0
459.0 364.0 463.0 349.0
414.0 135.0 418.0 136.0
22.0 474.0 46.0 466.0
457.0 565.0 463.0 561.0
458.0 364.0 463.0 349.0
413.0 134.0 418.0 136.0
459.0 365.0 463.0 349.0
458.0 365.0 463.0 349.0
60.0 470.0 46.0 466.0
59.0 470.0 46.0 466.0
59.0 471.0 46.0 466.0
60.0 471.0 46.0 466.0
379.0 289.0 380.0 292.0
379.0 288.0 380.0 292.0
29.0 533.0 46.0 466.0
30.0 532.0 46.0 466.0
29.0 532.0 46.0 466.0
30.0 533.0 46.0 466.0
380.0 289.0 380.0 292.0
433.0 375.0 454.0 373.0
380.0 288.0 380.0 292.0
122.0 240.0 76.0 241.0
463.0 116.0 462.0 121.0
412.0 418.0 404.0 395.0
121.0 240.0 76.0 241.0
462.0 115.0 462.0 121.0
120.0 239.0 76.0 241.0
