53.0 161.0 69.0 158.0
53.0 160.0 69.0 158.0
263.0 98.0 275.0 94.0
52.0 161.0 69.0 158.0
53.0 162.0 69.0 158.0
262.0 97.0 275.0 94.0
158.0 112.0 172.0 109.0
77.0 178.0 94.0 173.0
263.0 96.0 275.0 94.0
264.0 97.0 275.0 94.0
129.0 106.0 144.0 102.0
157.0 113.0 172.0 109.0
157.0 112.0 172.0 109.0
262.0 98.0 275.0 94.0
131.0 106.0 144.0 102.0
263.0 97.0 275.0 94.0
54.0 161.0 69.0 158.0
130.0 107.0 144.0 102.0
130.0 106.0 144.0 102.0
231.0 18.0 241.0 15.0
76.0 177.0 93.0 172.0
131.0 105.0 144.0 102.0
264.0 98.0 275.0 94.0
158.0 113.0 172.0 109.0
382.0 246.0 391.0 245.0
263.0 99.0 275.0 94.0
159.0 112.0 172.0 108.0
127.0 313.0 142.0 308.0
381.0 245.0 392.0 244.0
127.0 311.0 142.0 307.0
262.0 99.0 275.0 94.0
261.0 97.0 274.0 94.0
382.0 247.0 391.0 245.0
128.0 431.0 143.0 424.0
382.0 245.0 392.0 244.0
128.0 311.0 143.0 307.0
130.0 105.0 144.0 102.0
159.0 113.0 172.0 109.0
261.0 98.0 275.0 94.0
128.0 312.0 143.0 307.0
75.0 175.0 92.0 172.0
141.0 92.0 156.0 89.0
127.0 312.0 142.0 308.0
77.0 179.0 94.0 173.0
127.0 432.0 143.0 425.0
230.0 19.0 241.0 15.0
126.0 312.0 142.0 307.0
381.0 246.0 391.0 245.0
239.0 68.0 250.0 64.0
231.0 19.0 241.0 15.0
331.0 78.0 341.0 77.0
383.0 247.0 391.0 245.0
239.0 67.0 250.0 64.0
128.0 432.0 143.0 425.0
126.0 313.0 142.0 307.0
383.0 245.0 392.0 244.0
142.0 91.0 156.0 89.0
383.0 246.0 392.0 244.0
238.0 66.0 250.0 63.0
70.0 346.0 85.0 340.0
76.0 178.0 94.0 173.0
231.0 20.0 241.0 15.0
232.0 19.0 241.0 15.0
60.0 164.0 76.0 159.0
141.0 91.0 155.0 89.0
141.0 90.0 155.0 89.0
129.0 431.0 143.0 424.0
381.0 247.0 391.0 245.0
332.0 78.0 342.0 76.0
129.0 432.0 143.0 425.0
130.0 431.0 143.0 424.0
69.0 346.0 85.0 340.0
419.0 270.0 430.0 268.0
165.0 477.0 178.0 469.0
128.0 430.0 143.0 424.0
238.0 67.0 250.0 63.0
237.0 66.0 250.0 63.0
61.0 164.0 77.0 159.0
238.0 65.0 250.0 63.0
237.0 67.0 250.0 63.0
333.0 78.0 342.0 76.0
142.0 90.0 156.0 89.0
237.0 65.0 250.0 63.0
140.0 91.0 155.0 89.0
129.0 430.0 143.0 424.0
76.0 179.0 94.0 173.0
71.0 345.0 85.0 340.0
138.0 574.0 152.0 564.0
233.0 582.0 245.0 575.0
303.0 64.0 311.0 63.0
418.0 270.0 430.0 269.0
166.0 477.0 178.0 469.0
187.0 491.0 200.0 484.0
165.0 478.0 178.0 469.0
239.0 66.0 250.0 63.0
60.0 165.0 76.0 159.0
59.0 332.0 76.0 325.0
140.0 90.0 155.0 89.0
302.0 64.0 311.0 63.0
302.0 65.0 311.0 63.0
10.0 631.0 2.0 630.0
188.0 492.0 200.0 484.0
333.0 77.0 342.0 76.0
139.0 573.0 152.0 563.0
166.0 478.0 178.0 469.0
384.0 246.0 392.0 244.0
43.0 335.0 58.0 331.0
9.0 630.0 2.0 630.0
138.0 573.0 152.0 563.0
42.0 335.0 58.0 331.0
301.0 65.0 311.0 63.0
237.0 64.0 249.0 62.0
42.0 336.0 58.0 331.0
141.0 89.0 155.0 89.0
420.0 269.0 430.0 268.0
42.0 334.0 58.0 331.0
42.0 337.0 58.0 332.0
159.0 500.0 171.0 494.0
186.0 490.0 201.0 485.0
60.0 332.0 76.0 325.0
54.0 139.0 70.0 135.0
232.0 530.0 242.0 524.0
236.0 557.0 248.0 551.0
43.0 334.0 58.0 331.0
59.0 333.0 76.0 325.0
233.0 530.0 243.0 524.0
158.0 501.0 171.0 494.0
171.0 508.0 184.0 502.0
234.0 583.0 245.0 575.0
54.0 138.0 71.0 135.0
9.0 631.0 2.0 630.0
81.0 296.0 96.0 292.0
9.0 632.0 2.0 630.0
172.0 508.0 184.0 502.0
41.0 337.0 58.0 332.0
231.0 531.0 242.0 524.0
43.0 333.0 58.0 330.0
55.0 138.0 71.0 135.0
239.0 65.0 251.0 63.0
232.0 531.0 242.0 524.0
235.0 556.0 248.0 551.0
94.0 562.0 109.0 553.0
188.0 491.0 200.0 484.0
182.0 571.0 193.0 561.0
187.0 490.0 201.0 485.0
153.0 547.0 163.0 541.0
94.0 625.0 110.0 613.0
185.0 573.0 194.0 562.0
238.0 64.0 250.0 63.0
236.0 556.0 248.0 551.0
170.0 489.0 183.0 483.0
236.0 558.0 248.0 551.0
188.0 490.0 200.0 484.0
58.0 333.0 76.0 325.0
235.0 558.0 247.0 553.0
183.0 571.0 193.0 561.0
60.0 333.0 76.0 325.0
181.0 570.0 193.0 561.0
234.0 557.0 247.0 553.0
186.0 574.0 194.0 562.0
187.0 574.0 200.0 563.0
186.0 573.0 194.0 562.0
62.0 380.0 77.0 372.0
101.0 586.0 115.0 575.0
86.0 273.0 103.0 272.0
85.0 273.0 103.0 272.0
101.0 585.0 115.0 575.0
414.0 184.0 422.0 184.0
84.0 274.0 103.0 272.0
102.0 585.0 115.0 575.0
205.0 489.0 225.0 484.0
233.0 584.0 245.0 575.0
235.0 557.0 248.0 551.0
186.0 489.0 201.0 485.0
182.0 570.0 193.0 561.0
234.0 556.0 248.0 551.0
102.0 586.0 115.0 575.0
173.0 507.0 184.0 502.0
153.0 546.0 163.0 541.0
233.0 583.0 245.0 575.0
84.0 273.0 103.0 272.0
151.0 547.0 163.0 541.0
94.0 626.0 110.0 613.0
85.0 272.0 103.0 272.0
187.0 489.0 201.0 485.0
68.0 459.0 75.0 450.0
152.0 546.0 163.0 541.0
151.0 548.0 163.0 542.0
232.0 583.0 245.0 575.0
171.0 507.0 184.0 502.0
232.0 585.0 244.0 577.0
234.0 558.0 247.0 553.0
173.0 508.0 184.0 502.0
235.0 559.0 247.0 553.0
68.0 460.0 75.0 450.0
152.0 547.0 163.0 541.0
69.0 460.0 75.0 450.0
439.0 214.0 446.0 213.0
415.0 185.0 422.0 184.0
172.0 507.0 184.0 502.0
415.0 183.0 422.0 184.0
69.0 459.0 75.0 450.0
59.0 334.0 76.0 325.0
93.0 626.0 110.0 613.0
86.0 272.0 103.0 272.0
14.0 48.0 30.0 45.0
70.0 459.0 92.0 448.0
94.0 627.0 110.0 613.0
231.0 585.0 244.0 577.0
152.0 548.0 163.0 542.0
84.0 272.0 103.0 272.0
415.0 184.0 422.0 184.0
172.0 506.0 184.0 502.0
290.0 483.0 301.0 479.0
94.0 65.0 110.0 62.0
173.0 506.0 184.0 502.0
193.0 420.0 206.0 416.0
416.0 184.0 422.0 184.0
34.0 586.0 49.0 575.0
232.0 584.0 245.0 575.0
15.0 48.0 30.0 45.0
462.0 244.0 470.0 242.0
458.0 192.0 469.0 191.0
454.0 146.0 465.0 148.0
194.0 420.0 206.0 416.0
93.0 627.0 110.0 613.0
23.0 164.0 38.0 159.0
221.0 544.0 233.0 536.0
13.0 47.0 30.0 45.0
290.0 484.0 301.0 479.0
34.0 587.0 48.0 576.0
69.0 458.0 75.0 450.0
459.0 193.0 469.0 191.0
432.0 214.0 443.0 213.0
433.0 215.0 444.0 213.0
15.0 47.0 30.0 45.0
49.0 141.0 70.0 136.0
45.0 27.0 65.0 20.0
49.0 142.0 70.0 136.0
462.0 243.0 470.0 242.0
44.0 427.0 60.0 419.0
45.0 26.0 65.0 20.0
204.0 489.0 224.0 483.0
454.0 147.0 465.0 148.0
45.0 28.0 65.0 20.0
14.0 47.0 30.0 45.0
432.0 215.0 445.0 214.0
93.0 65.0 110.0 62.0
458.0 193.0 469.0 191.0
250.0 83.0 251.0 64.0
33.0 587.0 48.0 576.0
231.0 584.0 243.0 577.0
461.0 244.0 470.0 242.0
22.0 164.0 37.0 160.0
453.0 146.0 465.0 148.0
13.0 49.0 30.0 45.0
221.0 543.0 233.0 536.0
222.0 543.0 233.0 536.0
250.0 82.0 251.0 64.0
461.0 243.0 470.0 242.0
221.0 542.0 233.0 536.0
251.0 82.0 251.0 64.0
54.0 498.0 74.0 486.0
93.0 66.0 110.0 62.0
12.0 49.0 30.0 45.0
431.0 214.0 443.0 213.0
13.0 48.0 30.0 45.0
12.0 48.0 28.0 44.0
209.0 550.0 222.0 543.0
432.0 216.0 445.0 214.0
49.0 148.0 70.0 142.0
22.0 165.0 37.0 160.0
220.0 542.0 233.0 536.0
458.0 194.0 470.0 192.0
92.0 66.0 110.0 62.0
33.0 586.0 49.0 575.0
67.0 63.0 89.0 74.0
453.0 147.0 465.0 148.0
221.0 541.0 233.0 536.0
222.0 542.0 233.0 536.0
219.0 542.0 233.0 536.0
20.0 164.0 37.0 160.0
12.0 47.0 28.0 44.0
11.0 48.0 28.0 44.0
44.0 28.0 65.0 20.0
46.0 444.0 60.0 435.0
45.0 443.0 60.0 435.0
170.0 531.0 184.0 523.0
21.0 164.0 37.0 160.0
21.0 165.0 37.0 160.0
408.0 186.0 422.0 184.0
455.0 147.0 465.0 148.0
171.0 531.0 184.0 523.0
20.0 165.0 37.0 160.0
27.0 569.0 43.0 558.0
431.0 216.0 443.0 213.0
92.0 65.0 110.0 62.0
431.0 215.0 443.0 213.0
11.0 49.0 28.0 44.0
66.0 63.0 89.0 74.0
460.0 244.0 470.0 242.0
220.0 543.0 233.0 536.0
46.0 408.0 62.0 400.0
460.0 243.0 470.0 242.0
430.0 215.0 443.0 213.0
33.0 153.0 55.0 147.0
46.0 443.0 60.0 435.0
44.0 27.0 65.0 20.0
34.0 153.0 55.0 147.0
170.0 532.0 184.0 523.0
461.0 242.0 470.0 242.0
50.0 150.0 70.0 143.0
46.0 442.0 60.0 435.0
171.0 532.0 184.0 523.0
208.0 551.0 222.0 543.0
78.0 33.0 87.0 23.0
33.0 85.0 47.0 81.0
45.0 442.0 60.0 435.0
408.0 187.0 422.0 184.0
44.0 26.0 65.0 20.0
49.0 149.0 70.0 143.0
48.0 141.0 70.0 136.0
209.0 551.0 222.0 543.0
94.0 317.0 117.0 309.0
26.0 570.0 43.0 558.0
45.0 406.0 62.0 400.0
208.0 552.0 222.0 543.0
27.0 570.0 43.0 558.0
45.0 407.0 62.0 400.0
32.0 84.0 47.0 81.0
46.0 407.0 62.0 400.0
467.0 64.0 476.0 62.0
48.0 142.0 70.0 136.0
26.0 571.0 43.0 558.0
14.0 587.0 26.0 578.0
14.0 588.0 26.0 578.0
407.0 186.0 422.0 184.0
45.0 408.0 62.0 400.0
448.0 52.0 457.0 51.0
49.0 150.0 70.0 143.0
466.0 64.0 476.0 62.0
10.0 612.0 24.0 598.0
209.0 552.0 222.0 543.0
33.0 84.0 47.0 81.0
13.0 588.0 26.0 578.0
32.0 85.0 47.0 81.0
13.0 589.0 26.0 578.0
467.0 65.0 476.0 62.0
447.0 53.0 457.0 51.0
48.0 13.0 65.0 20.0
26.0 569.0 43.0 558.0
49.0 12.0 65.0 20.0
44.0 408.0 62.0 400.0
447.0 52.0 457.0 51.0
32.0 83.0 47.0 81.0
9.0 612.0 24.0 598.0
10.0 613.0 24.0 598.0
33.0 83.0 47.0 81.0
44.0 407.0 61.0 400.0
449.0 54.0 457.0 51.0
407.0 187.0 422.0 184.0
406.0 186.0 422.0 184.0
34.0 84.0 47.0 81.0
93.0 317.0 117.0 309.0
468.0 63.0 476.0 62.0
448.0 53.0 457.0 51.0
447.0 54.0 457.0 51.0
44.0 406.0 61.0 400.0
448.0 54.0 457.0 51.0
449.0 52.0 457.0 51.0
449.0 53.0 457.0 51.0
48.0 149.0 70.0 142.0
468.0 64.0 476.0 62.0
48.0 12.0 65.0 20.0
469.0 64.0 476.0 62.0
34.0 83.0 47.0 81.0
406.0 187.0 422.0 184.0
213.0 521.0 242.0 524.0
92.0 317.0 117.0 309.0
93.0 318.0 117.0 309.0
13.0 223.0 34.0 216.0
23.0 369.0 13.0 307.0
48.0 150.0 70.0 143.0
69.0 102.0 89.0 74.0
22.0 369.0 13.0 307.0
44.0 377.0 54.0 368.0
15.0 403.0 31.0 394.0
15.0 404.0 31.0 394.0
92.0 318.0 117.0 309.0
46.0 36.0 65.0 20.0
145.0 580.0 152.0 564.0
16.0 403.0 31.0 394.0
22.0 370.0 13.0 307.0
28.0 391.0 43.0 383.0
16.0 404.0 31.0 394.0
27.0 391.0 42.0 383.0
27.0 390.0 42.0 383.0
48.0 11.0 65.0 20.0
28.0 389.0 43.0 383.0
28.0 390.0 43.0 383.0
64.0 114.0 90.0 120.0
45.0 36.0 65.0 20.0
45.0 377.0 54.0 368.0
63.0 80.0 89.0 74.0
23.0 370.0 13.0 307.0
276.0 479.0 300.0 478.0
63.0 79.0 89.0 74.0
68.0 102.0 89.0 74.0
27.0 389.0 42.0 383.0
65.0 113.0 90.0 120.0
64.0 113.0 90.0 120.0
56.0 63.0 69.0 102.0
63.0 114.0 90.0 120.0
14.0 362.0 24.0 349.0
64.0 112.0 90.0 120.0
15.0 361.0 24.0 349.0
56.0 64.0 69.0 102.0
15.0 362.0 24.0 349.0
