253.0 118.0 243.0 103.0
253.0 120.0 243.0 103.0
411.0 252.0 399.0 238.0
259.0 502.0 249.0 486.0
253.0 119.0 243.0 103.0
252.0 120.0 243.0 103.0
399.0 530.0 384.0 513.0
235.0 193.0 225.0 178.0
32.0 582.0 24.0 569.0
396.0 387.0 384.0 374.0
259.0 501.0 249.0 486.0
252.0 119.0 243.0 103.0
398.0 530.0 382.0 513.0
258.0 297.0 245.0 282.0
396.0 388.0 382.0 374.0
411.0 251.0 399.0 238.0
412.0 251.0 399.0 238.0
429.0 82.0 419.0 67.0
428.0 81.0 419.0 66.0
428.0 80.0 419.0 66.0
367.0 241.0 356.0 228.0
252.0 118.0 243.0 103.0
400.0 373.0 387.0 360.0
235.0 194.0 225.0 179.0
208.0 277.0 197.0 263.0
411.0 250.0 398.0 238.0
341.0 502.0 328.0 486.0
235.0 195.0 225.0 179.0
373.0 354.0 362.0 341.0
399.0 529.0 384.0 513.0
33.0 583.0 24.0 569.0
410.0 252.0 398.0 238.0
258.0 501.0 249.0 486.0
257.0 297.0 245.0 282.0
258.0 295.0 246.0 281.0
32.0 584.0 24.0 569.0
366.0 241.0 356.0 228.0
367.0 242.0 356.0 228.0
374.0 353.0 363.0 340.0
275.0 487.0 263.0 473.0
85.0 486.0 73.0 481.0
366.0 242.0 356.0 228.0
398.0 529.0 384.0 513.0
234.0 193.0 225.0 178.0
339.0 502.0 327.0 487.0
32.0 583.0 24.0 569.0
257.0 296.0 245.0 281.0
257.0 294.0 245.0 281.0
429.0 80.0 419.0 66.0
207.0 278.0 197.0 263.0
340.0 502.0 328.0 486.0
340.0 503.0 327.0 487.0
207.0 275.0 197.0 263.0
374.0 354.0 363.0 340.0
313.0 549.0 300.0 533.0
400.0 372.0 387.0 358.0
33.0 584.0 24.0 569.0
275.0 488.0 263.0 473.0
399.0 371.0 387.0 358.0
234.0 194.0 225.0 178.0
258.0 296.0 246.0 281.0
208.0 278.0 198.0 265.0
207.0 276.0 197.0 263.0
410.0 251.0 398.0 238.0
257.0 295.0 245.0 281.0
52.0 169.0 43.0 153.0
339.0 504.0 327.0 487.0
410.0 250.0 398.0 238.0
208.0 276.0 197.0 263.0
339.0 503.0 327.0 487.0
399.0 372.0 387.0 358.0
256.0 296.0 244.0 282.0
297.0 458.0 286.0 445.0
84.0 487.0 73.0 481.0
375.0 354.0 363.0 340.0
427.0 81.0 419.0 66.0
313.0 550.0 300.0 533.0
228.0 211.0 220.0 197.0
314.0 550.0 300.0 533.0
298.0 457.0 287.0 444.0
208.0 275.0 198.0 263.0
340.0 504.0 327.0 487.0
259.0 297.0 245.0 281.0
51.0 169.0 43.0 153.0
298.0 458.0 287.0 444.0
228.0 212.0 220.0 197.0
252.0 117.0 243.0 102.0
297.0 457.0 287.0 444.0
256.0 295.0 245.0 281.0
399.0 373.0 387.0 360.0
429.0 81.0 419.0 66.0
314.0 551.0 300.0 533.0
400.0 371.0 387.0 358.0
298.0 459.0 287.0 444.0
297.0 456.0 287.0 444.0
207.0 277.0 197.0 263.0
430.0 82.0 419.0 67.0
211.0 499.0 199.0 483.0
367.0 240.0 356.0 228.0
341.0 503.0 328.0 486.0
409.0 251.0 398.0 238.0
358.0 539.0 345.0 522.0
206.0 277.0 197.0 263.0
366.0 240.0 356.0 228.0
228.0 213.0 220.0 197.0
234.0 192.0 225.0 178.0
305.0 585.0 291.0 570.0
371.0 528.0 357.0 513.0
234.0 195.0 225.0 179.0
313.0 551.0 300.0 533.0
227.0 212.0 218.0 197.0
305.0 586.0 291.0 570.0
326.0 362.0 315.0 348.0
369.0 110.0 361.0 97.0
227.0 211.0 218.0 197.0
325.0 362.0 316.0 349.0
374.0 355.0 363.0 342.0
430.0 81.0 419.0 67.0
85.0 488.0 73.0 481.0
312.0 549.0 300.0 533.0
276.0 489.0 264.0 473.0
326.0 361.0 315.0 348.0
317.0 321.0 307.0 309.0
312.0 550.0 300.0 533.0
325.0 361.0 316.0 348.0
369.0 109.0 361.0 97.0
358.0 540.0 345.0 522.0
430.0 80.0 419.0 66.0
113.0 305.0 103.0 291.0
245.0 383.0 236.0 370.0
312.0 548.0 298.0 532.0
366.0 239.0 356.0 228.0
233.0 194.0 225.0 179.0
325.0 360.0 315.0 347.0
99.0 204.0 80.0 185.0
318.0 322.0 307.0 309.0
371.0 527.0 357.0 513.0
85.0 487.0 73.0 481.0
316.0 321.0 307.0 309.0
306.0 586.0 293.0 570.0
276.0 488.0 263.0 473.0
359.0 539.0 345.0 522.0
375.0 355.0 363.0 340.0
316.0 322.0 307.0 309.0
245.0 384.0 236.0 370.0
280.0 351.0 269.0 338.0
312.0 486.0 301.0 471.0
367.0 109.0 360.0 97.0
306.0 587.0 292.0 572.0
210.0 498.0 199.0 483.0
276.0 487.0 263.0 473.0
281.0 352.0 270.0 340.0
327.0 361.0 315.0 348.0
352.0 267.0 341.0 255.0
365.0 241.0 356.0 228.0
353.0 268.0 342.0 257.0
161.0 222.0 154.0 207.0
246.0 385.0 236.0 370.0
233.0 193.0 225.0 178.0
162.0 222.0 154.0 207.0
306.0 585.0 292.0 570.0
317.0 322.0 307.0 309.0
217.0 526.0 206.0 512.0
246.0 384.0 236.0 370.0
114.0 305.0 103.0 291.0
170.0 295.0 160.0 282.0
280.0 352.0 269.0 340.0
170.0 296.0 160.0 282.0
162.0 223.0 154.0 207.0
210.0 499.0 199.0 483.0
351.0 165.0 342.0 151.0
353.0 267.0 341.0 255.0
376.0 354.0 363.0 340.0
317.0 323.0 307.0 309.0
367.0 108.0 358.0 95.0
352.0 165.0 343.0 153.0
63.0 552.0 54.0 538.0
368.0 109.0 361.0 96.0
100.0 204.0 80.0 185.0
347.0 147.0 336.0 135.0
368.0 107.0 358.0 95.0
64.0 553.0 54.0 538.0
246.0 383.0 236.0 370.0
181.0 260.0 170.0 245.0
455.0 438.0 441.0 424.0
63.0 553.0 54.0 538.0
8.0 148.0 8.0 134.0
376.0 355.0 363.0 340.0
326.0 360.0 315.0 347.0
63.0 551.0 54.0 536.0
177.0 270.0 167.0 256.0
365.0 240.0 356.0 228.0
312.0 485.0 301.0 471.0
348.0 147.0 336.0 135.0
352.0 164.0 343.0 153.0
365.0 239.0 356.0 228.0
306.0 588.0 292.0 572.0
177.0 271.0 167.0 257.0
8.0 147.0 8.0 134.0
350.0 164.0 341.0 151.0
351.0 166.0 343.0 153.0
176.0 271.0 166.0 257.0
368.0 108.0 361.0 96.0
305.0 587.0 291.0 571.0
359.0 540.0 344.0 522.0
351.0 164.0 342.0 151.0
217.0 527.0 206.0 512.0
135.0 316.0 127.0 302.0
176.0 270.0 167.0 256.0
163.0 223.0 154.0 207.0
277.0 488.0 264.0 473.0
216.0 526.0 206.0 512.0
161.0 223.0 154.0 207.0
178.0 271.0 167.0 257.0
350.0 163.0 341.0 151.0
346.0 147.0 335.0 135.0
65.0 552.0 56.0 538.0
350.0 165.0 341.0 151.0
369.0 108.0 361.0 96.0
351.0 163.0 342.0 151.0
347.0 148.0 335.0 135.0
454.0 438.0 440.0 424.0
65.0 553.0 56.0 538.0
367.0 107.0 358.0 95.0
64.0 552.0 56.0 538.0
77.0 298.0 67.0 282.0
312.0 484.0 301.0 471.0
77.0 297.0 67.0 282.0
455.0 437.0 441.0 424.0
73.0 528.0 63.0 513.0
349.0 164.0 341.0 151.0
315.0 265.0 306.0 252.0
169.0 294.0 160.0 282.0
169.0 296.0 160.0 282.0
216.0 527.0 206.0 512.0
305.0 588.0 291.0 571.0
454.0 437.0 441.0 424.0
64.0 551.0 54.0 536.0
169.0 295.0 160.0 282.0
247.0 384.0 236.0 370.0
215.0 526.0 204.0 512.0
78.0 298.0 67.0 282.0
454.0 436.0 441.0 424.0
215.0 527.0 204.0 512.0
216.0 528.0 206.0 512.0
350.0 166.0 341.0 151.0
168.0 296.0 160.0 282.0
135.0 315.0 127.0 302.0
315.0 266.0 306.0 252.0
136.0 315.0 127.0 302.0
168.0 295.0 160.0 282.0
71.0 528.0 63.0 513.0
14.0 626.0 12.0 610.0
136.0 316.0 127.0 302.0
65.0 551.0 54.0 538.0
217.0 528.0 206.0 512.0
443.0 493.0 428.0 477.0
455.0 436.0 441.0 424.0
453.0 71.0 447.0 57.0
72.0 528.0 63.0 513.0
442.0 494.0 428.0 477.0
145.0 377.0 135.0 365.0
13.0 626.0 12.0 610.0
315.0 267.0 306.0 252.0
72.0 529.0 63.0 513.0
135.0 314.0 127.0 301.0
37.0 628.0 32.0 619.0
22.0 160.0 24.0 146.0
161.0 224.0 154.0 208.0
145.0 378.0 135.0 365.0
162.0 224.0 154.0 208.0
20.0 626.0 12.0 610.0
21.0 626.0 12.0 610.0
441.0 493.0 428.0 477.0
136.0 314.0 127.0 301.0
453.0 72.0 447.0 57.0
442.0 493.0 428.0 477.0
12.0 626.0 10.0 610.0
442.0 492.0 428.0 477.0
38.0 628.0 32.0 619.0
145.0 379.0 135.0 365.0
454.0 72.0 448.0 58.0
36.0 628.0 32.0 619.0
443.0 492.0 428.0 477.0
21.0 160.0 24.0 146.0
453.0 73.0 448.0 58.0
351.0 202.0 347.0 181.0
460.0 70.0 448.0 58.0
459.0 70.0 448.0 58.0
146.0 379.0 136.0 365.0
66.0 332.0 60.0 321.0
10.0 31.0 12.0 14.0
146.0 378.0 136.0 365.0
66.0 331.0 60.0 320.0
65.0 331.0 60.0 320.0
147.0 378.0 136.0 365.0
41.0 167.0 43.0 153.0
146.0 377.0 136.0 365.0
335.0 329.0 325.0 316.0
399.0 60.0 390.0 47.0
314.0 267.0 306.0 252.0
65.0 330.0 60.0 320.0
120.0 370.0 111.0 355.0
345.0 311.0 332.0 296.0
67.0 331.0 60.0 320.0
66.0 330.0 60.0 320.0
399.0 61.0 389.0 47.0
334.0 328.0 325.0 316.0
334.0 329.0 325.0 316.0
146.0 380.0 135.0 365.0
121.0 367.0 111.0 355.0
120.0 368.0 111.0 355.0
120.0 369.0 111.0 355.0
121.0 368.0 111.0 355.0
147.0 379.0 136.0 365.0
121.0 369.0 111.0 355.0
41.0 40.0 34.0 22.0
400.0 61.0 389.0 47.0
147.0 380.0 136.0 365.0
120.0 367.0 111.0 355.0
147.0 377.0 136.0 365.0
346.0 311.0 332.0 296.0
119.0 368.0 111.0 355.0
13.0 157.0 7.0 134.0
401.0 61.0 389.0 46.0
335.0 327.0 325.0 316.0
400.0 60.0 389.0 46.0
335.0 328.0 325.0 316.0
399.0 59.0 389.0 46.0
148.0 378.0 136.0 365.0
348.0 305.0 332.0 296.0
119.0 369.0 111.0 355.0
148.0 379.0 136.0 365.0
10.0 30.0 13.0 14.0
193.0 545.0 190.0 520.0
419.0 617.0 403.0 598.0
12.0 157.0 7.0 134.0
419.0 616.0 403.0 598.0
420.0 616.0 403.0 598.0
37.0 28.0 26.0 9.0
38.0 157.0 46.0 146.0
420.0 617.0 403.0 598.0
286.0 629.0 272.0 610.0
285.0 629.0 272.0 610.0
285.0 628.0 272.0 610.0
311.0 328.0 307.0 309.0
410.0 529.0 384.0 513.0
311.0 327.0 307.0 309.0
16.0 20.0 26.0 9.0
284.0 629.0 272.0 610.0
37.0 157.0 24.0 146.0
16.0 21.0 26.0 9.0
349.0 305.0 332.0 296.0
17.0 22.0 26.0 9.0
346.0 312.0 332.0 296.0
17.0 21.0 26.0 9.0
5.0 18.0 13.0 14.0
243.0 529.0 231.0 524.0
6.0 18.0 13.0 14.0
193.0 546.0 190.0 520.0
6.0 17.0 13.0 14.0
242.0 530.0 231.0 524.0
5.0 17.0 13.0 14.0
284.0 630.0 272.0 610.0
284.0 631.0 272.0 610.0
286.0 630.0 272.0 610.0
285.0 630.0 272.0 610.0
285.0 631.0 272.0 610.0
347.0 312.0 332.0 296.0
347.0 311.0 332.0 296.0
286.0 631.0 272.0 610.0
327.0 604.0 314.0 587.0
16.0 22.0 26.0 9.0
242.0 529.0 231.0 524.0
327.0 605.0 314.0 587.0
50.0 44.0 34.0 22.0
51.0 45.0 42.0 27.0
50.0 45.0 42.0 27.0
319.0 340.0 307.0 310.0
318.0 340.0 307.0 310.0
51.0 44.0 34.0 22.0
318.0 341.0 307.0 310.0
319.0 341.0 307.0 310.0
318.0 342.0 307.0 310.0
368.0 598.0 352.0 581.0
47.0 603.0 32.0 619.0
127.0 213.0 98.0 193.0
