46.0 43.0 47.0 41.0
361.0 304.0 367.0 310.0
45.0 43.0 47.0 40.0
148.0 268.0 152.0 269.0
164.0 284.0 168.0 286.0
98.0 50.0 101.0 47.0
191.0 335.0 194.0 337.0
46.0 44.0 47.0 41.0
98.0 49.0 101.0 47.0
143.0 239.0 147.0 240.0
382.0 438.0 388.0 448.0
79.0 33.0 81.0 30.0
191.0 334.0 194.0 337.0
139.0 72.0 142.0 71.0
149.0 267.0 152.0 269.0
187.0 289.0 191.0 290.0
379.0 358.0 384.0 366.0
187.0 288.0 191.0 290.0
139.0 73.0 142.0 70.0
334.0 377.0 338.0 382.0
143.0 240.0 146.0 241.0
141.0 324.0 144.0 326.0
99.0 50.0 101.0 47.0
165.0 284.0 168.0 286.0
163.0 284.0 168.0 286.0
142.0 240.0 146.0 241.0
210.0 255.0 213.0 257.0
148.0 267.0 152.0 269.0
78.0 32.0 81.0 30.0
164.0 285.0 169.0 287.0
149.0 268.0 152.0 269.0
144.0 239.0 147.0 240.0
209.0 255.0 212.0 257.0
208.0 255.0 212.0 257.0
139.0 74.0 142.0 70.0
74.0 76.0 77.0 75.0
73.0 77.0 77.0 75.0
134.0 361.0 140.0 364.0
251.0 619.0 256.0 623.0
290.0 72.0 293.0 72.0
134.0 359.0 139.0 363.0
121.0 322.0 125.0 324.0
99.0 49.0 101.0 47.0
79.0 32.0 81.0 30.0
209.0 256.0 212.0 257.0
134.0 360.0 139.0 363.0
121.0 321.0 125.0 324.0
333.0 377.0 338.0 382.0
174.0 559.0 178.0 562.0
191.0 25.0 195.0 22.0
109.0 337.0 112.0 339.0
144.0 240.0 147.0 240.0
382.0 439.0 388.0 448.0
250.0 619.0 256.0 623.0
140.0 324.0 144.0 326.0
128.0 301.0 132.0 302.0
163.0 285.0 169.0 287.0
101.0 622.0 107.0 625.0
72.0 77.0 75.0 75.0
140.0 325.0 144.0 326.0
139.0 324.0 144.0 326.0
252.0 618.0 256.0 623.0
108.0 338.0 112.0 339.0
73.0 76.0 75.0 75.0
332.0 377.0 338.0 382.0
128.0 300.0 132.0 301.0
289.0 71.0 292.0 71.0
135.0 359.0 139.0 363.0
138.0 73.0 142.0 71.0
133.0 360.0 139.0 363.0
289.0 73.0 292.0 73.0
78.0 33.0 81.0 30.0
288.0 73.0 292.0 73.0
128.0 302.0 132.0 302.0
223.0 397.0 228.0 401.0
72.0 76.0 75.0 75.0
251.0 618.0 256.0 623.0
107.0 337.0 112.0 339.0
158.0 610.0 163.0 613.0
192.0 26.0 195.0 22.0
100.0 622.0 107.0 625.0
444.0 297.0 450.0 304.0
135.0 360.0 139.0 363.0
108.0 337.0 112.0 339.0
91.0 388.0 95.0 392.0
129.0 301.0 132.0 302.0
224.0 399.0 228.0 401.0
147.0 307.0 152.0 309.0
128.0 299.0 132.0 301.0
122.0 322.0 125.0 324.0
165.0 285.0 168.0 287.0
250.0 618.0 256.0 623.0
158.0 611.0 163.0 613.0
192.0 25.0 195.0 22.0
136.0 607.0 142.0 610.0
271.0 560.0 277.0 566.0
187.0 582.0 193.0 586.0
37.0 288.0 42.0 288.0
381.0 439.0 387.0 448.0
381.0 438.0 388.0 448.0
54.0 341.0 58.0 345.0
174.0 558.0 179.0 562.0
142.0 239.0 146.0 240.0
224.0 398.0 228.0 401.0
193.0 10.0 196.0 7.0
289.0 72.0 292.0 71.0
58.0 316.0 63.0 316.0
136.0 608.0 143.0 611.0
159.0 231.0 162.0 233.0
5.0 289.0 9.0 288.0
91.0 318.0 94.0 322.0
157.0 610.0 163.0 613.0
54.0 230.0 58.0 231.0
288.0 72.0 292.0 72.0
171.0 334.0 174.0 335.0
39.0 350.0 43.0 350.0
52.0 268.0 56.0 268.0
92.0 318.0 94.0 322.0
54.0 342.0 58.0 345.0
368.0 340.0 373.0 348.0
417.0 411.0 423.0 421.0
252.0 619.0 256.0 624.0
208.0 541.0 212.0 545.0
138.0 74.0 142.0 71.0
195.0 265.0 199.0 267.0
40.0 349.0 44.0 350.0
101.0 621.0 107.0 625.0
4.0 289.0 9.0 288.0
333.0 376.0 338.0 382.0
38.0 348.0 44.0 350.0
37.0 289.0 42.0 288.0
44.0 180.0 46.0 180.0
39.0 349.0 43.0 350.0
38.0 349.0 43.0 350.0
288.0 71.0 292.0 71.0
35.0 79.0 37.0 78.0
147.0 306.0 151.0 309.0
24.0 295.0 27.0 295.0
189.0 42.0 193.0 40.0
190.0 42.0 193.0 40.0
416.0 411.0 423.0 421.0
83.0 179.0 86.0 179.0
139.0 325.0 144.0 326.0
444.0 296.0 450.0 304.0
123.0 560.0 128.0 563.0
196.0 265.0 200.0 267.0
54.0 231.0 58.0 231.0
187.0 583.0 193.0 586.0
173.0 559.0 178.0 562.0
148.0 307.0 152.0 309.0
137.0 608.0 143.0 611.0
196.0 264.0 200.0 267.0
414.0 240.0 420.0 247.0
416.0 412.0 423.0 421.0
193.0 11.0 197.0 7.0
53.0 231.0 57.0 231.0
380.0 60.0 385.0 57.0
100.0 621.0 107.0 625.0
457.0 307.0 464.0 316.0
340.0 607.0 345.0 616.0
23.0 295.0 27.0 295.0
90.0 387.0 95.0 392.0
158.0 231.0 162.0 233.0
123.0 561.0 128.0 563.0
147.0 308.0 152.0 309.0
58.0 317.0 63.0 317.0
38.0 288.0 42.0 288.0
348.0 96.0 352.0 94.0
132.0 259.0 136.0 260.0
59.0 316.0 63.0 316.0
443.0 297.0 450.0 304.0
458.0 306.0 464.0 316.0
34.0 247.0 37.0 247.0
457.0 306.0 464.0 316.0
414.0 241.0 420.0 247.0
85.0 252.0 90.0 252.0
189.0 476.0 195.0 480.0
18.0 273.0 20.0 272.0
187.0 584.0 193.0 586.0
322.0 447.0 327.0 452.0
170.0 334.0 174.0 335.0
367.0 340.0 373.0 347.0
51.0 269.0 56.0 268.0
132.0 257.0 136.0 259.0
133.0 259.0 136.0 260.0
122.0 560.0 128.0 563.0
368.0 341.0 373.0 348.0
413.0 240.0 420.0 247.0
59.0 317.0 63.0 317.0
132.0 258.0 136.0 260.0
86.0 252.0 90.0 252.0
158.0 230.0 162.0 233.0
458.0 307.0 464.0 316.0
413.0 241.0 420.0 247.0
122.0 561.0 128.0 563.0
456.0 306.0 464.0 316.0
170.0 333.0 174.0 335.0
417.0 412.0 423.0 421.0
133.0 258.0 136.0 260.0
17.0 273.0 20.0 272.0
146.0 306.0 152.0 308.0
39.0 348.0 44.0 350.0
339.0 608.0 345.0 616.0
86.0 251.0 90.0 252.0
367.0 341.0 373.0 347.0
423.0 458.0 430.0 469.0
194.0 491.0 200.0 494.0
146.0 307.0 152.0 308.0
194.0 490.0 200.0 494.0
14.0 540.0 20.0 541.0
91.0 387.0 95.0 392.0
137.0 188.0 139.0 187.0
52.0 269.0 56.0 268.0
347.0 96.0 352.0 94.0
249.0 18.0 252.0 13.0
415.0 241.0 420.0 247.0
55.0 341.0 58.0 345.0
139.0 187.0 139.0 187.0
173.0 558.0 178.0 562.0
195.0 264.0 199.0 267.0
91.0 386.0 95.0 392.0
18.0 274.0 20.0 273.0
44.0 181.0 46.0 180.0
43.0 180.0 46.0 180.0
305.0 10.0 308.0 4.0
291.0 22.0 295.0 17.0
55.0 340.0 58.0 345.0
305.0 9.0 308.0 4.0
253.0 395.0 257.0 400.0
443.0 296.0 450.0 304.0
55.0 231.0 58.0 231.0
456.0 307.0 464.0 316.0
184.0 630.0 187.0 632.0
24.0 188.0 27.0 188.0
74.0 59.0 76.0 57.0
17.0 274.0 20.0 273.0
187.0 534.0 191.0 537.0
381.0 60.0 386.0 56.0
15.0 541.0 20.0 541.0
322.0 446.0 327.0 451.0
195.0 491.0 200.0 494.0
139.0 186.0 139.0 187.0
43.0 181.0 46.0 180.0
16.0 273.0 20.0 272.0
169.0 333.0 174.0 335.0
183.0 630.0 187.0 632.0
35.0 247.0 37.0 247.0
63.0 356.0 67.0 358.0
64.0 357.0 67.0 358.0
309.0 425.0 314.0 431.0
321.0 446.0 327.0 451.0
390.0 86.0 395.0 83.0
137.0 187.0 139.0 187.0
304.0 10.0 308.0 4.0
339.0 607.0 345.0 616.0
138.0 188.0 139.0 187.0
368.0 342.0 373.0 348.0
270.0 560.0 277.0 566.0
188.0 476.0 195.0 480.0
61.0 528.0 66.0 533.0
157.0 611.0 163.0 613.0
138.0 187.0 139.0 187.0
220.0 563.0 225.0 568.0
84.0 179.0 87.0 179.0
268.0 416.0 271.0 423.0
427.0 278.0 433.0 286.0
52.0 196.0 56.0 196.0
86.0 435.0 90.0 438.0
184.0 631.0 187.0 632.0
14.0 542.0 20.0 541.0
189.0 475.0 195.0 480.0
119.0 491.0 124.0 493.0
186.0 583.0 192.0 585.0
14.0 541.0 20.0 541.0
195.0 490.0 200.0 494.0
66.0 294.0 69.0 295.0
63.0 357.0 66.0 358.0
447.0 521.0 452.0 533.0
308.0 423.0 314.0 431.0
60.0 527.0 66.0 533.0
66.0 295.0 69.0 295.0
382.0 59.0 386.0 56.0
16.0 274.0 20.0 272.0
189.0 43.0 193.0 40.0
304.0 9.0 308.0 4.0
216.0 586.0 221.0 590.0
84.0 180.0 87.0 179.0
217.0 586.0 221.0 590.0
85.0 436.0 90.0 438.0
427.0 279.0 433.0 286.0
118.0 491.0 124.0 493.0
52.0 506.0 57.0 510.0
309.0 424.0 314.0 431.0
51.0 506.0 56.0 510.0
67.0 294.0 69.0 295.0
446.0 521.0 451.0 533.0
268.0 417.0 271.0 423.0
183.0 631.0 187.0 632.0
186.0 584.0 192.0 586.0
86.0 436.0 90.0 438.0
216.0 585.0 221.0 590.0
23.0 187.0 27.0 188.0
15.0 542.0 20.0 541.0
137.0 186.0 139.0 187.0
381.0 61.0 386.0 56.0
186.0 534.0 191.0 537.0
233.0 15.0 235.0 12.0
118.0 492.0 124.0 494.0
391.0 86.0 395.0 83.0
24.0 187.0 27.0 188.0
382.0 60.0 387.0 56.0
305.0 11.0 308.0 4.0
190.0 43.0 193.0 40.0
85.0 435.0 90.0 438.0
51.0 505.0 56.0 509.0
60.0 528.0 66.0 533.0
274.0 334.0 278.0 339.0
86.0 527.0 93.0 531.0
446.0 520.0 451.0 533.0
426.0 278.0 433.0 286.0
52.0 505.0 56.0 509.0
53.0 196.0 56.0 196.0
215.0 608.0 222.0 613.0
85.0 437.0 90.0 439.0
88.0 527.0 93.0 531.0
381.0 59.0 385.0 57.0
138.0 186.0 139.0 187.0
142.0 374.0 147.0 376.0
67.0 295.0 69.0 295.0
308.0 424.0 314.0 431.0
442.0 296.0 450.0 304.0
252.0 395.0 257.0 400.0
273.0 611.0 278.0 619.0
233.0 16.0 235.0 12.0
425.0 542.0 431.0 554.0
347.0 97.0 352.0 94.0
274.0 335.0 278.0 339.0
252.0 394.0 257.0 400.0
267.0 416.0 270.0 422.0
425.0 543.0 431.0 554.0
445.0 521.0 451.0 531.0
188.0 475.0 194.0 480.0
63.0 30.0 64.0 33.0
123.0 62.0 125.0 64.0
273.0 610.0 278.0 619.0
41.0 403.0 47.0 403.0
87.0 527.0 93.0 531.0
232.0 15.0 235.0 12.0
445.0 520.0 451.0 531.0
267.0 417.0 271.0 423.0
141.0 374.0 147.0 376.0
86.0 437.0 91.0 438.0
53.0 197.0 56.0 196.0
215.0 607.0 222.0 613.0
129.0 525.0 134.0 529.0
251.0 394.0 257.0 400.0
232.0 16.0 235.0 12.0
313.0 514.0 319.0 521.0
408.0 597.0 413.0 607.0
175.0 441.0 180.0 444.0
410.0 570.0 416.0 580.0
268.0 400.0 273.0 405.0
141.0 375.0 147.0 376.0
135.0 524.0 135.0 529.0
266.0 417.0 271.0 423.0
424.0 542.0 431.0 554.0
408.0 598.0 413.0 607.0
136.0 525.0 135.0 529.0
128.0 525.0 134.0 529.0
313.0 513.0 319.0 521.0
424.0 543.0 431.0 554.0
413.0 614.0 418.0 625.0
174.0 441.0 178.0 444.0
410.0 569.0 416.0 580.0
412.0 614.0 418.0 625.0
138.0 490.0 142.0 494.0
175.0 440.0 180.0 444.0
132.0 438.0 138.0 441.0
132.0 404.0 137.0 407.0
52.0 441.0 57.0 443.0
413.0 615.0 418.0 625.0
174.0 440.0 178.0 444.0
52.0 440.0 57.0 443.0
413.0 616.0 418.0 625.0
412.0 615.0 418.0 625.0
411.0 615.0 418.0 625.0
412.0 616.0 418.0 625.0
69.0 527.0 66.0 533.0
51.0 440.0 57.0 443.0
132.0 439.0 138.0 441.0
40.0 158.0 35.0 168.0
136.0 490.0 142.0 494.0
137.0 490.0 142.0 494.0
53.0 440.0 57.0 443.0
388.0 489.0 393.0 497.0
52.0 439.0 57.0 443.0
137.0 491.0 142.0 494.0
138.0 491.0 142.0 494.0
387.0 489.0 393.0 497.0
53.0 439.0 57.0 443.0
70.0 527.0 66.0 533.0
80.0 635.0 106.0 625.0
70.0 528.0 66.0 533.0
54.0 97.0 62.0 90.0
233.0 554.0 235.0 571.0
153.0 473.0 157.0 477.0
153.0 472.0 157.0 477.0
48.0 298.0 58.0 311.0
360.0 72.0 385.0 57.0
359.0 72.0 385.0 57.0
152.0 472.0 157.0 477.0
