149.0 502.0 149.0 502.0
149.0 503.0 149.0 502.0
150.0 502.0 149.0 502.0
150.0 503.0 149.0 502.0
404.0 353.0 413.0 369.0
138.0 607.0 137.0 604.0
404.0 352.0 413.0 369.0
382.0 375.0 388.0 388.0
382.0 374.0 388.0 388.0
165.0 509.0 166.0 510.0
138.0 606.0 137.0 603.0
192.0 423.0 194.0 426.0
191.0 423.0 193.0 426.0
139.0 606.0 137.0 603.0
96.0 542.0 96.0 540.0
166.0 509.0 166.0 510.0
382.0 376.0 388.0 388.0
137.0 606.0 137.0 603.0
173.0 433.0 175.0 435.0
127.0 410.0 130.0 412.0
191.0 422.0 193.0 426.0
30.0 360.0 32.0 356.0
126.0 411.0 130.0 412.0
158.0 430.0 160.0 432.0
127.0 411.0 130.0 412.0
90.0 338.0 94.0 339.0
30.0 361.0 32.0 356.0
197.0 506.0 197.0 507.0
95.0 542.0 96.0 540.0
414.0 422.0 419.0 436.0
158.0 429.0 160.0 432.0
383.0 376.0 389.0 388.0
383.0 375.0 389.0 388.0
197.0 505.0 197.0 507.0
414.0 423.0 419.0 436.0
414.0 424.0 419.0 437.0
118.0 357.0 122.0 358.0
30.0 359.0 32.0 356.0
224.0 377.0 228.0 381.0
172.0 597.0 172.0 597.0
126.0 410.0 130.0 412.0
138.0 605.0 137.0 603.0
29.0 361.0 32.0 356.0
154.0 270.0 158.0 270.0
167.0 509.0 166.0 510.0
190.0 423.0 193.0 426.0
126.0 431.0 130.0 432.0
90.0 337.0 94.0 339.0
413.0 424.0 419.0 437.0
225.0 378.0 228.0 381.0
413.0 423.0 419.0 437.0
225.0 377.0 228.0 381.0
31.0 360.0 33.0 357.0
224.0 378.0 228.0 381.0
173.0 334.0 176.0 335.0
29.0 360.0 32.0 356.0
29.0 359.0 32.0 356.0
191.0 424.0 194.0 426.0
166.0 510.0 166.0 510.0
133.0 309.0 138.0 308.0
143.0 288.0 148.0 288.0
72.0 337.0 76.0 334.0
72.0 336.0 76.0 334.0
224.0 31.0 236.0 31.0
192.0 424.0 194.0 426.0
118.0 356.0 122.0 358.0
153.0 271.0 158.0 270.0
133.0 308.0 138.0 308.0
89.0 339.0 94.0 339.0
119.0 356.0 122.0 358.0
153.0 270.0 158.0 270.0
173.0 335.0 176.0 335.0
71.0 336.0 76.0 334.0
119.0 357.0 122.0 359.0
152.0 270.0 158.0 270.0
393.0 440.0 398.0 454.0
126.0 432.0 130.0 432.0
172.0 598.0 172.0 597.0
176.0 522.0 177.0 522.0
58.0 354.0 60.0 354.0
59.0 163.0 65.0 159.0
46.0 422.0 49.0 418.0
152.0 271.0 158.0 270.0
187.0 587.0 186.0 588.0
173.0 597.0 172.0 597.0
135.0 210.0 141.0 208.0
143.0 289.0 148.0 289.0
60.0 164.0 66.0 161.0
174.0 142.0 182.0 142.0
187.0 589.0 186.0 588.0
203.0 244.0 208.0 247.0
223.0 378.0 228.0 381.0
144.0 288.0 148.0 288.0
188.0 227.0 194.0 228.0
71.0 337.0 75.0 335.0
392.0 440.0 398.0 454.0
59.0 164.0 65.0 159.0
198.0 506.0 197.0 507.0
177.0 523.0 178.0 523.0
224.0 379.0 228.0 381.0
89.0 338.0 94.0 339.0
60.0 165.0 66.0 161.0
393.0 439.0 398.0 454.0
103.0 294.0 108.0 293.0
177.0 521.0 177.0 521.0
203.0 245.0 208.0 247.0
202.0 245.0 208.0 247.0
178.0 522.0 178.0 523.0
186.0 589.0 186.0 588.0
187.0 588.0 186.0 588.0
186.0 588.0 186.0 588.0
60.0 163.0 65.0 159.0
74.0 316.0 78.0 313.0
392.0 439.0 398.0 454.0
134.0 309.0 138.0 308.0
186.0 587.0 186.0 588.0
228.0 465.0 229.0 468.0
86.0 518.0 86.0 515.0
188.0 588.0 186.0 588.0
356.0 276.0 365.0 288.0
188.0 226.0 194.0 228.0
96.0 202.0 101.0 202.0
357.0 276.0 365.0 288.0
45.0 422.0 48.0 418.0
399.0 346.0 407.0 360.0
173.0 598.0 172.0 597.0
399.0 347.0 407.0 360.0
125.0 432.0 130.0 432.0
177.0 522.0 178.0 522.0
59.0 165.0 65.0 159.0
215.0 617.0 212.0 619.0
100.0 408.0 103.0 409.0
74.0 265.0 79.0 262.0
214.0 617.0 212.0 619.0
96.0 204.0 100.0 202.0
216.0 570.0 215.0 572.0
174.0 141.0 182.0 142.0
202.0 246.0 208.0 247.0
187.0 227.0 194.0 228.0
89.0 337.0 93.0 338.0
364.0 460.0 369.0 473.0
173.0 599.0 172.0 597.0
101.0 408.0 103.0 409.0
135.0 209.0 141.0 208.0
100.0 407.0 103.0 409.0
136.0 209.0 141.0 208.0
101.0 407.0 105.0 409.0
30.0 227.0 34.0 222.0
236.0 278.0 241.0 281.0
82.0 495.0 82.0 491.0
30.0 228.0 34.0 222.0
101.0 364.0 106.0 365.0
172.0 599.0 170.0 598.0
229.0 464.0 229.0 468.0
381.0 354.0 389.0 369.0
176.0 406.0 180.0 408.0
104.0 294.0 108.0 293.0
134.0 308.0 138.0 308.0
177.0 405.0 180.0 408.0
21.0 276.0 25.0 270.0
381.0 353.0 389.0 369.0
229.0 465.0 229.0 468.0
217.0 569.0 215.0 572.0
100.0 409.0 103.0 409.0
177.0 406.0 180.0 408.0
202.0 244.0 208.0 247.0
400.0 346.0 407.0 360.0
215.0 570.0 215.0 572.0
99.0 408.0 103.0 409.0
32.0 227.0 34.0 222.0
104.0 295.0 108.0 293.0
364.0 461.0 369.0 473.0
32.0 228.0 34.0 222.0
95.0 204.0 101.0 202.0
31.0 228.0 34.0 222.0
20.0 454.0 21.0 449.0
178.0 407.0 180.0 408.0
329.0 330.0 335.0 337.0
85.0 518.0 85.0 516.0
95.0 203.0 101.0 202.0
217.0 570.0 215.0 572.0
20.0 276.0 25.0 270.0
216.0 569.0 215.0 572.0
155.0 229.0 160.0 229.0
85.0 519.0 85.0 516.0
203.0 243.0 208.0 247.0
235.0 279.0 241.0 281.0
75.0 264.0 79.0 262.0
185.0 372.0 188.0 374.0
19.0 455.0 21.0 449.0
31.0 227.0 34.0 222.0
96.0 203.0 101.0 202.0
73.0 264.0 79.0 262.0
235.0 278.0 241.0 281.0
21.0 455.0 21.0 449.0
86.0 519.0 86.0 515.0
74.0 264.0 79.0 262.0
178.0 406.0 180.0 408.0
234.0 348.0 238.0 352.0
69.0 239.0 74.0 236.0
45.0 156.0 51.0 152.0
100.0 364.0 106.0 365.0
380.0 353.0 389.0 369.0
357.0 277.0 365.0 288.0
10.0 240.0 14.0 234.0
22.0 276.0 25.0 270.0
45.0 157.0 51.0 152.0
5.0 399.0 8.0 394.0
126.0 433.0 130.0 432.0
233.0 348.0 238.0 352.0
234.0 347.0 238.0 352.0
37.0 211.0 41.0 206.0
21.0 454.0 21.0 449.0
20.0 455.0 21.0 449.0
31.0 229.0 34.0 222.0
233.0 349.0 237.0 353.0
102.0 364.0 106.0 365.0
7.0 58.0 13.0 49.0
212.0 292.0 218.0 296.0
254.0 311.0 258.0 315.0
173.0 141.0 182.0 142.0
38.0 211.0 42.0 207.0
363.0 460.0 369.0 473.0
213.0 292.0 218.0 296.0
44.0 157.0 51.0 152.0
189.0 113.0 197.0 114.0
22.0 398.0 24.0 393.0
361.0 346.0 369.0 358.0
87.0 230.0 92.0 227.0
88.0 230.0 92.0 227.0
202.0 243.0 208.0 247.0
362.0 346.0 369.0 358.0
74.0 263.0 79.0 262.0
233.0 347.0 238.0 352.0
74.0 21.0 81.0 14.0
188.0 113.0 197.0 114.0
173.0 142.0 182.0 142.0
232.0 348.0 238.0 352.0
255.0 311.0 258.0 315.0
30.0 229.0 34.0 222.0
81.0 552.0 81.0 549.0
37.0 210.0 41.0 206.0
130.0 287.0 134.0 287.0
82.0 552.0 81.0 549.0
23.0 398.0 24.0 393.0
6.0 59.0 13.0 49.0
361.0 347.0 369.0 358.0
184.0 371.0 188.0 374.0
187.0 113.0 197.0 114.0
232.0 347.0 236.0 352.0
255.0 310.0 258.0 315.0
212.0 291.0 218.0 296.0
38.0 212.0 42.0 207.0
255.0 312.0 258.0 315.0
7.0 59.0 13.0 49.0
184.0 372.0 188.0 374.0
13.0 209.0 17.0 203.0
360.0 346.0 369.0 358.0
86.0 230.0 92.0 227.0
131.0 287.0 135.0 287.0
73.0 22.0 81.0 14.0
361.0 345.0 369.0 358.0
256.0 311.0 258.0 315.0
74.0 22.0 81.0 14.0
212.0 290.0 218.0 296.0
421.0 593.0 418.0 598.0
36.0 210.0 41.0 206.0
256.0 310.0 259.0 315.0
36.0 211.0 41.0 206.0
183.0 372.0 188.0 374.0
421.0 594.0 418.0 598.0
422.0 593.0 418.0 598.0
37.0 212.0 42.0 207.0
87.0 231.0 92.0 227.0
70.0 239.0 74.0 236.0
86.0 231.0 92.0 227.0
243.0 70.0 255.0 74.0
42.0 116.0 47.0 111.0
422.0 594.0 418.0 598.0
184.0 177.0 193.0 177.0
74.0 23.0 82.0 14.0
36.0 212.0 41.0 206.0
12.0 209.0 17.0 203.0
185.0 177.0 193.0 177.0
184.0 373.0 188.0 374.0
421.0 595.0 417.0 598.0
376.0 472.0 380.0 488.0
34.0 137.0 40.0 130.0
377.0 471.0 380.0 488.0
34.0 136.0 40.0 129.0
275.0 358.0 281.0 365.0
12.0 210.0 17.0 203.0
403.0 573.0 401.0 578.0
174.0 160.0 182.0 161.0
185.0 176.0 193.0 177.0
34.0 135.0 40.0 129.0
13.0 210.0 17.0 203.0
163.0 368.0 167.0 370.0
33.0 136.0 40.0 129.0
200.0 362.0 205.0 358.0
377.0 470.0 380.0 488.0
33.0 137.0 40.0 130.0
376.0 470.0 380.0 488.0
183.0 176.0 193.0 177.0
376.0 471.0 380.0 488.0
403.0 574.0 401.0 578.0
242.0 70.0 255.0 74.0
311.0 621.0 308.0 627.0
404.0 573.0 401.0 578.0
184.0 176.0 193.0 177.0
166.0 430.0 160.0 431.0
167.0 430.0 175.0 435.0
311.0 619.0 308.0 627.0
174.0 161.0 182.0 161.0
310.0 620.0 308.0 627.0
173.0 159.0 182.0 161.0
185.0 175.0 193.0 177.0
159.0 147.0 166.0 145.0
311.0 620.0 308.0 627.0
159.0 148.0 166.0 145.0
381.0 311.0 388.0 311.0
76.0 446.0 69.0 446.0
172.0 159.0 181.0 160.0
405.0 573.0 401.0 578.0
173.0 160.0 182.0 161.0
241.0 70.0 255.0 74.0
107.0 78.0 115.0 72.0
172.0 160.0 182.0 161.0
404.0 574.0 401.0 578.0
312.0 620.0 309.0 626.0
106.0 77.0 115.0 72.0
173.0 161.0 182.0 161.0
158.0 148.0 166.0 145.0
126.0 103.0 133.0 98.0
108.0 77.0 115.0 72.0
158.0 147.0 166.0 145.0
108.0 76.0 115.0 72.0
107.0 77.0 115.0 72.0
200.0 616.0 212.0 619.0
200.0 617.0 212.0 619.0
405.0 574.0 401.0 578.0
107.0 76.0 115.0 72.0
106.0 76.0 115.0 72.0
23.0 200.0 18.0 203.0
77.0 446.0 69.0 446.0
202.0 24.0 236.0 32.0
21.0 245.0 15.0 234.0
73.0 354.0 86.0 355.0
22.0 245.0 15.0 234.0
22.0 244.0 15.0 234.0
202.0 25.0 236.0 32.0
14.0 438.0 6.0 447.0
230.0 611.0 213.0 619.0
73.0 353.0 86.0 355.0
192.0 43.0 219.0 50.0
192.0 41.0 219.0 50.0
