330.0 362.0 331.0 370.0
303.0 12.0 304.0 12.0
139.0 74.0 141.0 74.0
438.0 493.0 441.0 509.0
329.0 361.0 331.0 370.0
393.0 52.0 395.0 51.0
303.0 43.0 304.0 43.0
303.0 14.0 305.0 13.0
330.0 361.0 331.0 370.0
303.0 13.0 305.0 13.0
208.0 247.0 210.0 252.0
304.0 43.0 304.0 43.0
420.0 260.0 422.0 270.0
392.0 52.0 395.0 51.0
436.0 277.0 438.0 289.0
140.0 367.0 142.0 370.0
437.0 493.0 441.0 509.0
329.0 362.0 331.0 370.0
192.0 250.0 194.0 253.0
120.0 315.0 121.0 318.0
139.0 75.0 141.0 74.0
290.0 25.0 291.0 24.0
289.0 25.0 291.0 24.0
99.0 52.0 102.0 50.0
329.0 360.0 331.0 370.0
195.0 257.0 196.0 260.0
208.0 248.0 210.0 252.0
393.0 51.0 395.0 51.0
303.0 42.0 304.0 42.0
116.0 372.0 117.0 377.0
302.0 43.0 304.0 43.0
439.0 494.0 441.0 509.0
439.0 493.0 441.0 509.0
159.0 226.0 159.0 228.0
438.0 494.0 441.0 509.0
330.0 360.0 331.0 370.0
410.0 390.0 412.0 402.0
158.0 227.0 159.0 228.0
140.0 74.0 142.0 74.0
141.0 367.0 143.0 369.0
158.0 226.0 159.0 228.0
377.0 63.0 379.0 62.0
386.0 86.0 388.0 88.0
119.0 315.0 121.0 318.0
100.0 51.0 102.0 50.0
99.0 51.0 102.0 50.0
138.0 186.0 139.0 187.0
100.0 52.0 102.0 50.0
437.0 492.0 441.0 509.0
435.0 277.0 438.0 289.0
193.0 13.0 194.0 12.0
140.0 366.0 143.0 369.0
138.0 75.0 141.0 74.0
20.0 150.0 22.0 147.0
302.0 42.0 304.0 43.0
80.0 624.0 80.0 629.0
303.0 44.0 304.0 43.0
142.0 366.0 143.0 369.0
363.0 323.0 365.0 333.0
148.0 301.0 149.0 304.0
146.0 300.0 148.0 303.0
138.0 187.0 139.0 187.0
436.0 276.0 438.0 288.0
39.0 612.0 40.0 617.0
386.0 87.0 388.0 88.0
140.0 75.0 142.0 74.0
147.0 301.0 148.0 304.0
376.0 63.0 379.0 62.0
387.0 86.0 388.0 88.0
158.0 225.0 159.0 228.0
147.0 302.0 149.0 304.0
438.0 492.0 440.0 508.0
378.0 62.0 379.0 62.0
139.0 76.0 141.0 74.0
141.0 366.0 143.0 369.0
195.0 256.0 196.0 260.0
377.0 62.0 379.0 62.0
137.0 186.0 139.0 187.0
133.0 351.0 135.0 355.0
139.0 186.0 139.0 187.0
473.0 7.0 474.0 6.0
375.0 416.0 378.0 429.0
50.0 267.0 53.0 267.0
116.0 373.0 117.0 377.0
115.0 372.0 117.0 377.0
137.0 187.0 139.0 187.0
448.0 287.0 452.0 298.0
375.0 417.0 378.0 429.0
349.0 116.0 352.0 121.0
79.0 625.0 79.0 630.0
448.0 286.0 451.0 298.0
376.0 416.0 378.0 429.0
435.0 275.0 438.0 288.0
134.0 351.0 135.0 355.0
157.0 226.0 159.0 228.0
121.0 549.0 122.0 556.0
473.0 6.0 474.0 6.0
139.0 187.0 139.0 187.0
37.0 347.0 41.0 348.0
269.0 541.0 270.0 552.0
363.0 324.0 365.0 333.0
98.0 608.0 100.0 614.0
409.0 552.0 410.0 566.0
51.0 268.0 53.0 268.0
85.0 251.0 87.0 250.0
187.0 462.0 188.0 468.0
269.0 542.0 270.0 552.0
84.0 179.0 86.0 179.0
79.0 624.0 80.0 629.0
51.0 266.0 54.0 267.0
72.0 80.0 75.0 79.0
85.0 250.0 87.0 250.0
218.0 403.0 220.0 410.0
376.0 417.0 378.0 429.0
349.0 117.0 352.0 121.0
373.0 339.0 376.0 350.0
51.0 267.0 54.0 267.0
157.0 225.0 159.0 228.0
78.0 36.0 80.0 35.0
57.0 623.0 59.0 629.0
147.0 300.0 148.0 303.0
146.0 301.0 147.0 304.0
39.0 611.0 40.0 617.0
20.0 149.0 22.0 147.0
376.0 62.0 379.0 62.0
191.0 29.0 193.0 28.0
72.0 79.0 75.0 78.0
189.0 325.0 191.0 329.0
78.0 624.0 80.0 629.0
184.0 522.0 184.0 528.0
84.0 251.0 87.0 250.0
59.0 315.0 60.0 315.0
435.0 276.0 438.0 288.0
143.0 235.0 144.0 237.0
137.0 188.0 138.0 188.0
450.0 287.0 453.0 299.0
449.0 286.0 452.0 298.0
449.0 287.0 452.0 298.0
170.0 325.0 172.0 330.0
79.0 36.0 81.0 34.0
77.0 625.0 79.0 630.0
73.0 79.0 76.0 78.0
37.0 348.0 40.0 348.0
120.0 550.0 122.0 556.0
409.0 551.0 410.0 566.0
219.0 403.0 220.0 410.0
131.0 259.0 133.0 261.0
143.0 234.0 144.0 236.0
57.0 624.0 59.0 629.0
218.0 548.0 220.0 557.0
135.0 351.0 136.0 355.0
169.0 325.0 172.0 330.0
449.0 288.0 453.0 299.0
78.0 625.0 79.0 630.0
64.0 292.0 67.0 293.0
285.0 65.0 289.0 71.0
80.0 625.0 79.0 630.0
219.0 404.0 220.0 410.0
91.0 378.0 93.0 382.0
222.0 385.0 223.0 392.0
114.0 373.0 117.0 377.0
318.0 429.0 319.0 438.0
106.0 330.0 108.0 333.0
387.0 88.0 388.0 88.0
52.0 267.0 54.0 267.0
90.0 378.0 93.0 382.0
146.0 302.0 148.0 304.0
183.0 522.0 184.0 528.0
79.0 37.0 81.0 34.0
387.0 87.0 388.0 88.0
38.0 348.0 41.0 348.0
78.0 37.0 80.0 35.0
187.0 463.0 188.0 468.0
142.0 234.0 143.0 236.0
190.0 325.0 191.0 329.0
450.0 288.0 453.0 299.0
58.0 315.0 60.0 316.0
83.0 179.0 86.0 179.0
200.0 526.0 201.0 532.0
115.0 373.0 117.0 377.0
319.0 429.0 320.0 438.0
377.0 61.0 379.0 62.0
90.0 376.0 93.0 382.0
138.0 480.0 138.0 484.0
84.0 250.0 87.0 250.0
349.0 115.0 352.0 121.0
138.0 188.0 138.0 188.0
19.0 149.0 22.0 147.0
108.0 330.0 109.0 333.0
222.0 386.0 223.0 392.0
25.0 154.0 22.0 147.0
145.0 301.0 147.0 304.0
98.0 609.0 101.0 615.0
38.0 347.0 41.0 348.0
142.0 235.0 143.0 236.0
374.0 340.0 376.0 350.0
221.0 385.0 223.0 392.0
23.0 294.0 25.0 293.0
99.0 608.0 100.0 614.0
200.0 527.0 201.0 532.0
99.0 609.0 101.0 615.0
72.0 78.0 75.0 77.0
137.0 480.0 138.0 484.0
16.0 273.0 18.0 272.0
363.0 562.0 363.0 574.0
121.0 550.0 122.0 556.0
142.0 236.0 144.0 237.0
43.0 182.0 46.0 180.0
185.0 571.0 186.0 575.0
199.0 526.0 201.0 532.0
376.0 418.0 378.0 429.0
201.0 526.0 201.0 532.0
107.0 330.0 108.0 333.0
90.0 377.0 93.0 382.0
73.0 78.0 76.0 77.0
169.0 324.0 171.0 329.0
184.0 571.0 186.0 575.0
171.0 547.0 172.0 553.0
187.0 464.0 188.0 470.0
408.0 551.0 410.0 566.0
362.0 560.0 363.0 574.0
84.0 252.0 87.0 250.0
408.0 552.0 409.0 566.0
91.0 377.0 93.0 382.0
42.0 182.0 45.0 180.0
364.0 324.0 365.0 333.0
285.0 66.0 289.0 71.0
201.0 527.0 201.0 532.0
188.0 463.0 189.0 470.0
73.0 77.0 75.0 77.0
139.0 188.0 139.0 187.0
83.0 178.0 86.0 179.0
68.0 515.0 70.0 520.0
16.0 272.0 18.0 271.0
168.0 325.0 171.0 329.0
319.0 430.0 320.0 438.0
85.0 429.0 87.0 432.0
133.0 350.0 135.0 355.0
270.0 541.0 270.0 552.0
15.0 272.0 18.0 271.0
432.0 59.0 434.0 60.0
191.0 30.0 193.0 28.0
362.0 561.0 363.0 574.0
12.0 537.0 14.0 538.0
277.0 518.0 278.0 528.0
319.0 428.0 320.0 437.0
136.0 480.0 138.0 484.0
172.0 547.0 173.0 553.0
65.0 293.0 67.0 293.0
39.0 348.0 41.0 348.0
66.0 293.0 68.0 293.0
137.0 481.0 138.0 484.0
85.0 428.0 87.0 432.0
15.0 273.0 18.0 271.0
13.0 537.0 15.0 538.0
433.0 59.0 434.0 60.0
184.0 570.0 186.0 575.0
408.0 553.0 409.0 566.0
311.0 450.0 313.0 460.0
318.0 428.0 319.0 438.0
276.0 518.0 278.0 528.0
168.0 324.0 171.0 329.0
43.0 181.0 46.0 180.0
188.0 464.0 189.0 470.0
122.0 69.0 124.0 67.0
172.0 548.0 173.0 553.0
432.0 60.0 434.0 60.0
42.0 181.0 45.0 180.0
134.0 350.0 135.0 355.0
127.0 294.0 129.0 297.0
194.0 478.0 195.0 483.0
51.0 493.0 52.0 499.0
121.0 551.0 122.0 556.0
44.0 398.0 44.0 399.0
65.0 292.0 67.0 293.0
136.0 481.0 138.0 484.0
221.0 384.0 223.0 392.0
135.0 350.0 136.0 355.0
84.0 429.0 87.0 432.0
277.0 519.0 278.0 528.0
285.0 64.0 289.0 71.0
66.0 292.0 68.0 293.0
29.0 122.0 32.0 120.0
84.0 428.0 87.0 432.0
265.0 401.0 265.0 411.0
248.0 602.0 250.0 612.0
248.0 603.0 250.0 612.0
284.0 64.0 289.0 71.0
116.0 480.0 118.0 485.0
345.0 98.0 346.0 99.0
272.0 323.0 273.0 331.0
221.0 383.0 223.0 392.0
345.0 97.0 346.0 99.0
12.0 538.0 14.0 538.0
83.0 429.0 87.0 432.0
51.0 494.0 52.0 499.0
265.0 402.0 265.0 411.0
284.0 65.0 289.0 71.0
184.0 569.0 186.0 575.0
249.0 603.0 250.0 612.0
311.0 451.0 313.0 460.0
43.0 398.0 44.0 399.0
284.0 66.0 289.0 71.0
306.0 550.0 307.0 561.0
305.0 550.0 306.0 561.0
307.0 550.0 307.0 561.0
272.0 322.0 273.0 329.0
424.0 338.0 427.0 351.0
29.0 535.0 32.0 537.0
194.0 477.0 195.0 483.0
249.0 602.0 250.0 612.0
171.0 548.0 172.0 553.0
230.0 540.0 232.0 548.0
200.0 624.0 201.0 631.0
42.0 398.0 44.0 399.0
344.0 98.0 346.0 99.0
199.0 624.0 201.0 631.0
424.0 339.0 427.0 351.0
344.0 99.0 346.0 99.0
30.0 535.0 32.0 537.0
117.0 480.0 118.0 485.0
13.0 538.0 15.0 538.0
35.0 473.0 35.0 478.0
264.0 402.0 265.0 411.0
44.0 399.0 44.0 399.0
36.0 474.0 35.0 478.0
52.0 494.0 52.0 499.0
251.0 382.0 252.0 388.0
257.0 460.0 258.0 468.0
84.0 515.0 84.0 520.0
306.0 551.0 306.0 561.0
35.0 474.0 35.0 478.0
83.0 428.0 87.0 432.0
283.0 65.0 289.0 71.0
133.0 349.0 135.0 355.0
264.0 403.0 265.0 411.0
250.0 381.0 252.0 388.0
340.0 35.0 342.0 34.0
52.0 493.0 52.0 499.0
44.0 48.0 48.0 46.0
250.0 382.0 252.0 388.0
29.0 536.0 32.0 537.0
118.0 480.0 118.0 485.0
251.0 381.0 252.0 388.0
339.0 35.0 342.0 34.0
257.0 459.0 258.0 468.0
134.0 349.0 135.0 355.0
258.0 460.0 258.0 468.0
30.0 536.0 32.0 537.0
116.0 479.0 117.0 485.0
51.0 492.0 52.0 499.0
152.0 461.0 154.0 463.0
263.0 402.0 265.0 411.0
129.0 428.0 131.0 433.0
43.0 48.0 48.0 46.0
134.0 595.0 136.0 601.0
309.0 496.0 310.0 506.0
51.0 230.0 55.0 230.0
52.0 230.0 55.0 230.0
129.0 429.0 131.0 433.0
118.0 479.0 118.0 485.0
308.0 496.0 310.0 506.0
250.0 380.0 252.0 388.0
134.0 596.0 136.0 601.0
117.0 479.0 118.0 485.0
251.0 380.0 252.0 388.0
119.0 602.0 119.0 608.0
118.0 602.0 119.0 608.0
49.0 476.0 50.0 480.0
135.0 595.0 136.0 601.0
135.0 596.0 136.0 601.0
53.0 230.0 55.0 230.0
58.0 515.0 54.0 521.0
453.0 437.0 460.0 463.0
453.0 436.0 460.0 463.0
452.0 437.0 460.0 463.0
162.0 623.0 157.0 608.0
28.0 104.0 40.0 102.0
452.0 436.0 460.0 463.0
51.0 431.0 53.0 434.0
28.0 103.0 40.0 102.0
51.0 432.0 53.0 434.0
52.0 431.0 53.0 434.0
50.0 432.0 53.0 434.0
52.0 432.0 53.0 434.0
59.0 94.0 57.0 100.0
424.0 13.0 424.0 35.0
60.0 94.0 57.0 100.0
61.0 94.0 57.0 100.0
212.0 475.0 227.0 477.0
400.0 6.0 369.0 7.0
60.0 93.0 74.0 78.0
