236.0 413.0 241.0 436.0
357.0 401.0 370.0 443.0
236.0 414.0 241.0 436.0
208.0 163.0 209.0 190.0
171.0 168.0 172.0 193.0
208.0 162.0 209.0 190.0
235.0 426.0 241.0 451.0
171.0 167.0 172.0 193.0
358.0 401.0 370.0 442.0
171.0 169.0 172.0 193.0
357.0 400.0 370.0 442.0
208.0 164.0 209.0 190.0
269.0 60.0 267.0 82.0
236.0 427.0 241.0 451.0
136.0 160.0 138.0 187.0
302.0 221.0 302.0 242.0
188.0 191.0 191.0 217.0
125.0 148.0 126.0 174.0
189.0 190.0 191.0 217.0
227.0 467.0 237.0 496.0
235.0 413.0 241.0 436.0
236.0 412.0 241.0 436.0
179.0 332.0 185.0 355.0
316.0 254.0 317.0 275.0
317.0 253.0 317.0 274.0
235.0 427.0 241.0 451.0
269.0 61.0 267.0 82.0
229.0 468.0 237.0 496.0
233.0 393.0 238.0 417.0
172.0 167.0 172.0 193.0
235.0 412.0 241.0 436.0
189.0 191.0 191.0 217.0
301.0 221.0 301.0 242.0
172.0 170.0 173.0 194.0
124.0 148.0 126.0 174.0
317.0 254.0 317.0 274.0
316.0 252.0 317.0 273.0
269.0 62.0 267.0 82.0
171.0 87.0 171.0 116.0
232.0 394.0 238.0 417.0
316.0 253.0 317.0 274.0
188.0 190.0 191.0 217.0
302.0 220.0 302.0 240.0
172.0 168.0 172.0 193.0
207.0 161.0 208.0 190.0
135.0 161.0 138.0 187.0
233.0 394.0 238.0 418.0
171.0 170.0 172.0 193.0
350.0 272.0 351.0 292.0
233.0 468.0 241.0 495.0
199.0 370.0 204.0 395.0
170.0 87.0 171.0 116.0
335.0 240.0 335.0 260.0
300.0 221.0 301.0 242.0
270.0 61.0 267.0 82.0
228.0 468.0 237.0 496.0
315.0 253.0 316.0 273.0
180.0 332.0 185.0 355.0
315.0 254.0 316.0 275.0
350.0 273.0 352.0 293.0
187.0 191.0 189.0 218.0
188.0 193.0 190.0 219.0
253.0 161.0 253.0 185.0
170.0 86.0 171.0 115.0
234.0 427.0 241.0 451.0
136.0 161.0 138.0 187.0
208.0 161.0 209.0 190.0
137.0 160.0 138.0 187.0
172.0 169.0 173.0 194.0
179.0 333.0 185.0 355.0
350.0 274.0 352.0 293.0
172.0 86.0 171.0 116.0
188.0 192.0 190.0 219.0
242.0 250.0 244.0 273.0
125.0 149.0 126.0 174.0
351.0 272.0 352.0 293.0
210.0 483.0 219.0 510.0
335.0 241.0 335.0 260.0
254.0 162.0 254.0 185.0
95.0 49.0 96.0 79.0
137.0 161.0 138.0 187.0
351.0 273.0 352.0 293.0
227.0 468.0 237.0 496.0
336.0 241.0 335.0 260.0
232.0 392.0 238.0 417.0
124.0 149.0 126.0 174.0
208.0 165.0 208.0 192.0
135.0 160.0 138.0 187.0
316.0 255.0 317.0 275.0
189.0 192.0 191.0 217.0
351.0 274.0 352.0 293.0
102.0 62.0 104.0 93.0
231.0 468.0 237.0 496.0
228.0 469.0 236.0 496.0
209.0 483.0 219.0 510.0
171.0 86.0 171.0 116.0
334.0 242.0 335.0 265.0
232.0 393.0 238.0 417.0
335.0 243.0 335.0 265.0
335.0 242.0 335.0 260.0
167.0 438.0 174.0 466.0
227.0 469.0 236.0 496.0
301.0 220.0 301.0 241.0
239.0 518.0 248.0 547.0
277.0 501.0 286.0 526.0
166.0 437.0 172.0 465.0
336.0 242.0 335.0 265.0
334.0 243.0 335.0 265.0
170.0 85.0 171.0 115.0
211.0 483.0 219.0 511.0
171.0 85.0 171.0 116.0
334.0 241.0 335.0 260.0
198.0 370.0 204.0 395.0
172.0 85.0 171.0 116.0
278.0 502.0 286.0 526.0
249.0 481.0 255.0 507.0
277.0 503.0 286.0 527.0
211.0 482.0 219.0 511.0
277.0 502.0 286.0 527.0
197.0 370.0 204.0 395.0
176.0 382.0 181.0 407.0
180.0 333.0 185.0 355.0
373.0 261.0 373.0 282.0
218.0 506.0 224.0 533.0
95.0 48.0 96.0 79.0
171.0 171.0 173.0 194.0
239.0 519.0 248.0 547.0
180.0 334.0 186.0 356.0
208.0 482.0 218.0 510.0
208.0 166.0 208.0 192.0
102.0 63.0 104.0 94.0
188.0 510.0 198.0 540.0
267.0 158.0 267.0 186.0
181.0 332.0 185.0 355.0
136.0 162.0 138.0 187.0
240.0 519.0 248.0 547.0
181.0 335.0 185.0 360.0
232.0 468.0 237.0 496.0
239.0 520.0 248.0 547.0
170.0 483.0 178.0 514.0
247.0 482.0 255.0 507.0
335.0 239.0 335.0 260.0
299.0 220.0 300.0 241.0
236.0 485.0 244.0 512.0
253.0 162.0 252.0 185.0
300.0 220.0 300.0 241.0
254.0 157.0 254.0 183.0
166.0 438.0 174.0 466.0
240.0 520.0 249.0 548.0
240.0 518.0 249.0 548.0
199.0 369.0 204.0 395.0
208.0 167.0 208.0 193.0
198.0 369.0 204.0 395.0
101.0 63.0 103.0 94.0
372.0 260.0 373.0 282.0
229.0 469.0 237.0 496.0
373.0 262.0 373.0 283.0
124.0 150.0 126.0 174.0
248.0 481.0 255.0 507.0
248.0 482.0 255.0 507.0
247.0 483.0 255.0 507.0
189.0 510.0 198.0 540.0
217.0 506.0 224.0 533.0
301.0 219.0 301.0 241.0
177.0 382.0 181.0 407.0
335.0 244.0 335.0 265.0
190.0 509.0 198.0 540.0
249.0 482.0 256.0 507.0
179.0 334.0 185.0 356.0
241.0 454.0 250.0 480.0
180.0 554.0 190.0 582.0
94.0 48.0 94.0 79.0
169.0 290.0 175.0 309.0
101.0 62.0 104.0 93.0
180.0 335.0 186.0 358.0
238.0 518.0 248.0 547.0
372.0 261.0 372.0 283.0
190.0 510.0 198.0 540.0
238.0 101.0 237.0 128.0
372.0 262.0 372.0 283.0
146.0 450.0 154.0 478.0
167.0 437.0 174.0 466.0
183.0 495.0 192.0 526.0
208.0 168.0 208.0 193.0
336.0 243.0 335.0 265.0
181.0 334.0 185.0 360.0
255.0 117.0 253.0 143.0
125.0 150.0 126.0 174.0
176.0 383.0 181.0 407.0
256.0 117.0 254.0 143.0
96.0 47.0 96.0 79.0
238.0 519.0 248.0 547.0
209.0 481.0 218.0 510.0
132.0 405.0 140.0 430.0
181.0 333.0 186.0 357.0
372.0 263.0 372.0 283.0
161.0 225.0 163.0 251.0
189.0 509.0 198.0 540.0
278.0 503.0 286.0 527.0
255.0 116.0 253.0 143.0
199.0 368.0 204.0 395.0
255.0 118.0 253.0 143.0
248.0 483.0 256.0 507.0
238.0 520.0 248.0 547.0
209.0 482.0 218.0 510.0
132.0 406.0 140.0 430.0
96.0 48.0 96.0 79.0
132.0 404.0 140.0 430.0
206.0 395.0 211.0 419.0
238.0 102.0 237.0 128.0
236.0 486.0 244.0 512.0
188.0 509.0 198.0 540.0
167.0 436.0 172.0 465.0
177.0 383.0 181.0 407.0
170.0 482.0 178.0 514.0
197.0 368.0 204.0 395.0
373.0 263.0 373.0 283.0
169.0 483.0 178.0 516.0
208.0 169.0 209.0 193.0
198.0 368.0 204.0 395.0
94.0 47.0 94.0 77.0
157.0 382.0 163.0 410.0
197.0 369.0 204.0 395.0
254.0 117.0 253.0 143.0
210.0 482.0 218.0 510.0
268.0 157.0 267.0 186.0
186.0 453.0 191.0 480.0
169.0 482.0 178.0 514.0
235.0 485.0 243.0 512.0
161.0 226.0 163.0 251.0
267.0 157.0 267.0 186.0
184.0 495.0 192.0 526.0
161.0 224.0 163.0 251.0
443.0 138.0 438.0 157.0
267.0 156.0 267.0 186.0
133.0 404.0 140.0 430.0
188.0 508.0 198.0 540.0
462.0 154.0 459.0 173.0
94.0 46.0 94.0 77.0
169.0 291.0 175.0 309.0
238.0 104.0 237.0 128.0
443.0 136.0 438.0 157.0
462.0 152.0 459.0 169.0
160.0 226.0 163.0 251.0
95.0 47.0 95.0 77.0
133.0 406.0 139.0 431.0
238.0 103.0 237.0 128.0
443.0 135.0 438.0 157.0
168.0 482.0 178.0 516.0
133.0 405.0 140.0 430.0
132.0 407.0 139.0 431.0
184.0 494.0 192.0 526.0
183.0 494.0 192.0 526.0
443.0 137.0 438.0 157.0
210.0 481.0 219.0 510.0
462.0 153.0 459.0 173.0
189.0 508.0 198.0 540.0
124.0 151.0 126.0 174.0
217.0 505.0 224.0 533.0
156.0 379.0 162.0 408.0
218.0 505.0 224.0 533.0
156.0 380.0 162.0 410.0
262.0 247.0 264.0 269.0
157.0 381.0 163.0 410.0
168.0 481.0 178.0 515.0
459.0 162.0 459.0 173.0
237.0 103.0 237.0 128.0
170.0 481.0 178.0 514.0
185.0 454.0 191.0 480.0
185.0 452.0 191.0 480.0
185.0 453.0 191.0 480.0
460.0 161.0 459.0 173.0
168.0 483.0 178.0 516.0
186.0 454.0 191.0 480.0
169.0 481.0 178.0 514.0
125.0 151.0 126.0 174.0
157.0 379.0 163.0 409.0
211.0 481.0 219.0 510.0
156.0 381.0 163.0 409.0
160.0 225.0 163.0 251.0
224.0 200.0 224.0 223.0
160.0 224.0 163.0 251.0
460.0 162.0 459.0 173.0
234.0 486.0 243.0 512.0
167.0 482.0 178.0 516.0
167.0 481.0 178.0 515.0
190.0 508.0 198.0 540.0
444.0 137.0 439.0 156.0
157.0 380.0 163.0 409.0
95.0 46.0 95.0 77.0
185.0 451.0 191.0 479.0
95.0 45.0 95.0 77.0
235.0 486.0 244.0 512.0
241.0 538.0 249.0 555.0
444.0 136.0 439.0 156.0
175.0 397.0 180.0 428.0
184.0 453.0 191.0 480.0
463.0 153.0 459.0 169.0
96.0 46.0 95.0 77.0
242.0 539.0 249.0 555.0
184.0 452.0 190.0 480.0
242.0 538.0 249.0 555.0
241.0 537.0 249.0 555.0
184.0 451.0 191.0 480.0
193.0 459.0 192.0 481.0
242.0 537.0 249.0 555.0
119.0 378.0 125.0 406.0
241.0 539.0 249.0 555.0
240.0 537.0 249.0 555.0
174.0 397.0 180.0 428.0
119.0 379.0 125.0 406.0
175.0 396.0 180.0 428.0
243.0 538.0 249.0 555.0
240.0 538.0 249.0 555.0
257.0 255.0 262.0 271.0
174.0 396.0 180.0 428.0
368.0 257.0 372.0 282.0
427.0 12.0 418.0 33.0
172.0 95.0 171.0 117.0
174.0 497.0 178.0 517.0
175.0 395.0 180.0 428.0
428.0 12.0 418.0 33.0
453.0 170.0 459.0 173.0
165.0 110.0 162.0 148.0
173.0 95.0 171.0 117.0
174.0 498.0 177.0 515.0
220.0 226.0 223.0 239.0
174.0 395.0 180.0 428.0
426.0 11.0 418.0 33.0
177.0 204.0 189.0 218.0
427.0 11.0 418.0 33.0
220.0 227.0 223.0 239.0
231.0 384.0 238.0 417.0
219.0 424.0 217.0 449.0
428.0 11.0 418.0 33.0
265.0 186.0 265.0 217.0
196.0 602.0 200.0 609.0
177.0 205.0 189.0 218.0
178.0 205.0 191.0 219.0
219.0 423.0 217.0 449.0
219.0 425.0 217.0 449.0
196.0 603.0 200.0 609.0
196.0 601.0 200.0 609.0
196.0 600.0 200.0 609.0
145.0 390.0 140.0 430.0
146.0 390.0 162.0 409.0
145.0 391.0 140.0 430.0
427.0 10.0 418.0 33.0
145.0 392.0 140.0 430.0
197.0 604.0 200.0 609.0
428.0 10.0 418.0 33.0
40.0 472.0 52.0 505.0
197.0 602.0 200.0 609.0
178.0 206.0 191.0 219.0
177.0 206.0 191.0 219.0
205.0 309.0 185.0 355.0
197.0 603.0 200.0 609.0
206.0 308.0 185.0 355.0
197.0 601.0 200.0 609.0
146.0 391.0 162.0 409.0
176.0 205.0 189.0 218.0
146.0 392.0 162.0 409.0
204.0 308.0 185.0 355.0
176.0 204.0 189.0 218.0
205.0 308.0 185.0 355.0
205.0 307.0 185.0 355.0
206.0 307.0 185.0 355.0
149.0 302.0 156.0 335.0
150.0 302.0 156.0 335.0
32.0 480.0 39.0 520.0
200.0 619.0 200.0 609.0
191.0 586.0 200.0 609.0
243.0 504.0 248.0 547.0
192.0 587.0 200.0 609.0
201.0 619.0 200.0 609.0
239.0 502.0 248.0 547.0
244.0 504.0 248.0 547.0
239.0 501.0 248.0 547.0
201.0 620.0 200.0 609.0
192.0 586.0 200.0 609.0
201.0 621.0 200.0 609.0
244.0 503.0 248.0 547.0
200.0 621.0 200.0 609.0
150.0 301.0 156.0 335.0
200.0 620.0 200.0 609.0
192.0 585.0 200.0 609.0
169.0 297.0 175.0 309.0
446.0 106.0 441.0 138.0
49.0 566.0 56.0 595.0
49.0 565.0 56.0 595.0
191.0 585.0 200.0 609.0
149.0 301.0 156.0 335.0
191.0 584.0 200.0 609.0
191.0 583.0 200.0 609.0
48.0 567.0 55.0 595.0
149.0 300.0 174.0 308.0
447.0 106.0 441.0 138.0
150.0 300.0 174.0 308.0
446.0 105.0 441.0 138.0
