307.0 324.0 304.0 319.0
243.0 362.0 238.0 354.0
243.0 361.0 238.0 354.0
261.0 139.0 257.0 130.0
260.0 138.0 257.0 130.0
260.0 139.0 257.0 130.0
377.0 258.0 372.0 251.0
424.0 271.0 419.0 262.0
307.0 325.0 304.0 319.0
260.0 140.0 257.0 131.0
244.0 362.0 238.0 354.0
259.0 139.0 257.0 130.0
244.0 361.0 238.0 354.0
261.0 140.0 257.0 130.0
425.0 271.0 419.0 262.0
425.0 270.0 419.0 262.0
308.0 324.0 304.0 319.0
259.0 140.0 257.0 131.0
308.0 325.0 304.0 319.0
423.0 270.0 419.0 262.0
353.0 401.0 347.0 394.0
376.0 259.0 372.0 251.0
425.0 269.0 419.0 262.0
309.0 325.0 305.0 318.0
376.0 258.0 372.0 251.0
424.0 270.0 419.0 262.0
308.0 326.0 304.0 319.0
245.0 362.0 238.0 354.0
333.0 579.0 324.0 567.0
376.0 257.0 372.0 251.0
352.0 401.0 347.0 394.0
375.0 257.0 372.0 251.0
436.0 567.0 428.0 558.0
325.0 283.0 321.0 277.0
375.0 258.0 372.0 251.0
437.0 567.0 428.0 558.0
325.0 284.0 322.0 274.0
333.0 578.0 324.0 567.0
436.0 566.0 428.0 558.0
424.0 269.0 419.0 262.0
353.0 402.0 347.0 394.0
359.0 169.0 355.0 161.0
359.0 526.0 351.0 516.0
325.0 613.0 317.0 604.0
360.0 527.0 352.0 516.0
325.0 612.0 317.0 604.0
359.0 170.0 355.0 161.0
348.0 496.0 340.0 486.0
358.0 169.0 354.0 161.0
324.0 288.0 322.0 275.0
361.0 527.0 352.0 516.0
423.0 269.0 419.0 262.0
360.0 526.0 351.0 516.0
471.0 93.0 468.0 84.0
326.0 612.0 317.0 604.0
19.0 171.0 14.0 161.0
357.0 169.0 354.0 161.0
359.0 527.0 352.0 516.0
470.0 92.0 468.0 84.0
359.0 528.0 352.0 516.0
332.0 578.0 324.0 567.0
361.0 528.0 352.0 517.0
347.0 496.0 339.0 486.0
326.0 283.0 322.0 274.0
352.0 402.0 346.0 394.0
326.0 613.0 317.0 604.0
332.0 579.0 324.0 567.0
360.0 528.0 352.0 516.0
351.0 401.0 346.0 394.0
470.0 93.0 468.0 84.0
347.0 495.0 339.0 485.0
343.0 162.0 339.0 154.0
361.0 526.0 352.0 516.0
217.0 297.0 212.0 289.0
470.0 91.0 468.0 84.0
342.0 162.0 339.0 154.0
341.0 162.0 339.0 154.0
347.0 494.0 339.0 485.0
342.0 161.0 339.0 154.0
471.0 92.0 468.0 84.0
23.0 526.0 15.0 519.0
274.0 524.0 268.0 514.0
378.0 132.0 375.0 124.0
273.0 524.0 268.0 514.0
325.0 614.0 317.0 604.0
389.0 375.0 383.0 368.0
217.0 296.0 212.0 289.0
189.0 289.0 182.0 282.0
296.0 528.0 288.0 516.0
357.0 168.0 353.0 160.0
358.0 170.0 354.0 161.0
328.0 423.0 322.0 416.0
326.0 614.0 317.0 604.0
16.0 46.0 14.0 43.0
469.0 92.0 467.0 84.0
346.0 495.0 340.0 487.0
332.0 577.0 324.0 566.0
379.0 131.0 375.0 124.0
378.0 130.0 375.0 124.0
329.0 508.0 321.0 497.0
237.0 229.0 233.0 223.0
297.0 528.0 288.0 516.0
27.0 49.0 24.0 46.0
326.0 282.0 322.0 274.0
274.0 523.0 268.0 514.0
242.0 209.0 238.0 205.0
357.0 127.0 353.0 119.0
378.0 131.0 375.0 124.0
389.0 374.0 383.0 367.0
273.0 523.0 268.0 514.0
328.0 422.0 322.0 416.0
388.0 557.0 380.0 546.0
379.0 130.0 375.0 124.0
216.0 297.0 212.0 289.0
216.0 296.0 212.0 289.0
237.0 230.0 233.0 223.0
346.0 496.0 340.0 487.0
358.0 168.0 355.0 161.0
356.0 127.0 353.0 119.0
172.0 240.0 165.0 234.0
380.0 131.0 376.0 124.0
340.0 161.0 339.0 154.0
238.0 230.0 233.0 223.0
237.0 228.0 233.0 223.0
359.0 185.0 356.0 176.0
189.0 288.0 182.0 282.0
352.0 575.0 344.0 564.0
238.0 229.0 233.0 223.0
242.0 210.0 238.0 205.0
216.0 295.0 212.0 289.0
215.0 297.0 212.0 289.0
215.0 296.0 212.0 289.0
390.0 375.0 384.0 367.0
346.0 494.0 340.0 486.0
379.0 132.0 376.0 124.0
327.0 422.0 322.0 416.0
284.0 492.0 278.0 483.0
357.0 126.0 353.0 119.0
316.0 451.0 308.0 443.0
389.0 557.0 380.0 546.0
390.0 374.0 384.0 367.0
388.0 556.0 380.0 546.0
315.0 480.0 307.0 472.0
369.0 213.0 364.0 206.0
347.0 349.0 341.0 341.0
341.0 161.0 339.0 154.0
358.0 184.0 356.0 176.0
348.0 349.0 342.0 341.0
359.0 184.0 356.0 176.0
172.0 241.0 165.0 234.0
236.0 230.0 233.0 223.0
413.0 390.0 407.0 384.0
273.0 522.0 268.0 514.0
358.0 127.0 353.0 119.0
171.0 241.0 166.0 234.0
421.0 61.0 419.0 53.0
347.0 348.0 342.0 340.0
369.0 214.0 364.0 206.0
307.0 360.0 303.0 351.0
236.0 229.0 233.0 223.0
328.0 503.0 320.0 495.0
180.0 313.0 176.0 306.0
306.0 415.0 300.0 406.0
414.0 390.0 408.0 384.0
357.0 329.0 353.0 321.0
188.0 288.0 183.0 283.0
307.0 359.0 303.0 351.0
171.0 240.0 166.0 234.0
391.0 630.0 382.0 620.0
243.0 211.0 238.0 205.0
392.0 630.0 382.0 620.0
17.0 46.0 14.0 43.0
243.0 210.0 238.0 205.0
272.0 523.0 267.0 514.0
348.0 348.0 341.0 341.0
311.0 450.0 304.0 443.0
389.0 556.0 380.0 546.0
328.0 505.0 320.0 495.0
414.0 391.0 407.0 384.0
78.0 572.0 69.0 564.0
47.0 606.0 40.0 598.0
272.0 524.0 267.0 514.0
173.0 241.0 165.0 234.0
370.0 214.0 364.0 206.0
180.0 314.0 176.0 306.0
328.0 507.0 321.0 497.0
391.0 629.0 382.0 620.0
358.0 126.0 353.0 119.0
392.0 631.0 382.0 620.0
421.0 62.0 419.0 53.0
328.0 506.0 320.0 495.0
296.0 529.0 288.0 517.0
48.0 606.0 40.0 598.0
370.0 213.0 364.0 206.0
405.0 81.0 403.0 74.0
328.0 504.0 320.0 495.0
391.0 375.0 384.0 367.0
414.0 392.0 407.0 384.0
9.0 170.0 13.0 162.0
391.0 631.0 382.0 620.0
297.0 529.0 288.0 517.0
242.0 211.0 238.0 205.0
328.0 508.0 321.0 497.0
173.0 242.0 165.0 234.0
188.0 289.0 183.0 283.0
327.0 421.0 321.0 415.0
171.0 242.0 166.0 235.0
392.0 629.0 382.0 620.0
268.0 315.0 266.0 309.0
308.0 360.0 303.0 352.0
413.0 391.0 407.0 384.0
314.0 480.0 307.0 472.0
172.0 242.0 165.0 234.0
348.0 565.0 342.0 557.0
65.0 188.0 65.0 185.0
212.0 583.0 205.0 576.0
47.0 605.0 39.0 597.0
370.0 215.0 364.0 206.0
346.0 348.0 342.0 340.0
267.0 315.0 266.0 309.0
8.0 170.0 13.0 162.0
308.0 359.0 303.0 351.0
390.0 557.0 380.0 546.0
391.0 374.0 384.0 367.0
307.0 415.0 301.0 409.0
371.0 214.0 364.0 206.0
284.0 491.0 278.0 483.0
413.0 389.0 407.0 384.0
65.0 187.0 54.0 174.0
47.0 181.0 46.0 179.0
457.0 12.0 454.0 5.0
46.0 182.0 46.0 179.0
66.0 187.0 54.0 174.0
422.0 62.0 419.0 53.0
63.0 623.0 53.0 617.0
243.0 212.0 238.0 205.0
184.0 305.0 178.0 298.0
411.0 7.0 410.0 3.0
413.0 7.0 410.0 3.0
404.0 81.0 403.0 74.0
421.0 63.0 419.0 54.0
478.0 404.0 469.0 395.0
456.0 12.0 454.0 5.0
413.0 8.0 410.0 3.0
477.0 404.0 469.0 395.0
267.0 314.0 265.0 308.0
67.0 187.0 54.0 174.0
347.0 347.0 342.0 340.0
211.0 583.0 204.0 576.0
412.0 9.0 410.0 3.0
181.0 313.0 176.0 306.0
158.0 398.0 154.0 392.0
412.0 8.0 410.0 3.0
412.0 7.0 410.0 3.0
211.0 584.0 205.0 576.0
182.0 314.0 176.0 306.0
158.0 397.0 152.0 390.0
32.0 55.0 24.0 46.0
212.0 584.0 205.0 576.0
89.0 546.0 83.0 524.0
411.0 8.0 410.0 3.0
47.0 182.0 46.0 179.0
191.0 281.0 186.0 272.0
457.0 10.0 454.0 5.0
457.0 11.0 454.0 5.0
88.0 546.0 83.0 524.0
32.0 56.0 24.0 46.0
213.0 583.0 205.0 576.0
108.0 322.0 101.0 315.0
31.0 55.0 24.0 46.0
181.0 314.0 176.0 306.0
63.0 622.0 53.0 617.0
87.0 546.0 76.0 541.0
89.0 545.0 83.0 524.0
88.0 544.0 76.0 541.0
51.0 62.0 54.0 58.0
62.0 623.0 53.0 617.0
62.0 622.0 53.0 617.0
158.0 401.0 153.0 394.0
88.0 545.0 83.0 524.0
132.0 386.0 126.0 381.0
191.0 280.0 186.0 272.0
52.0 62.0 54.0 58.0
405.0 82.0 403.0 74.0
456.0 11.0 454.0 5.0
87.0 545.0 76.0 541.0
33.0 55.0 24.0 46.0
88.0 547.0 83.0 524.0
158.0 400.0 154.0 392.0
157.0 401.0 153.0 394.0
107.0 322.0 101.0 315.0
158.0 399.0 154.0 392.0
192.0 280.0 186.0 272.0
456.0 10.0 454.0 5.0
8.0 171.0 13.0 162.0
463.0 518.0 455.0 508.0
132.0 388.0 126.0 381.0
192.0 281.0 186.0 272.0
133.0 386.0 126.0 381.0
463.0 519.0 455.0 508.0
132.0 387.0 126.0 381.0
157.0 399.0 154.0 392.0
34.0 55.0 24.0 46.0
157.0 400.0 154.0 392.0
126.0 326.0 119.0 318.0
107.0 321.0 101.0 315.0
133.0 387.0 126.0 381.0
133.0 388.0 126.0 381.0
106.0 322.0 93.0 313.0
319.0 23.0 316.0 14.0
318.0 23.0 316.0 14.0
44.0 621.0 37.0 613.0
430.0 43.0 428.0 33.0
45.0 620.0 37.0 613.0
43.0 620.0 37.0 613.0
97.0 365.0 85.0 354.0
96.0 365.0 85.0 354.0
96.0 364.0 85.0 354.0
125.0 325.0 119.0 318.0
125.0 326.0 119.0 318.0
45.0 621.0 37.0 613.0
225.0 522.0 217.0 513.0
5.0 42.0 14.0 43.0
6.0 42.0 14.0 43.0
318.0 24.0 316.0 14.0
44.0 620.0 37.0 613.0
265.0 594.0 257.0 588.0
225.0 521.0 217.0 513.0
319.0 24.0 316.0 14.0
226.0 522.0 217.0 513.0
430.0 42.0 428.0 33.0
224.0 521.0 217.0 513.0
265.0 595.0 257.0 588.0
97.0 364.0 85.0 354.0
226.0 521.0 217.0 513.0
338.0 605.0 318.0 605.0
377.0 68.0 378.0 55.0
245.0 597.0 238.0 589.0
6.0 41.0 14.0 43.0
27.0 307.0 45.0 305.0
5.0 41.0 14.0 43.0
246.0 597.0 238.0 589.0
314.0 343.0 316.0 338.0
246.0 598.0 238.0 589.0
313.0 343.0 316.0 338.0
245.0 598.0 238.0 589.0
431.0 42.0 428.0 33.0
14.0 402.0 26.0 398.0
339.0 605.0 318.0 605.0
338.0 604.0 317.0 603.0
27.0 308.0 45.0 305.0
13.0 402.0 26.0 398.0
269.0 486.0 265.0 472.0
339.0 604.0 317.0 603.0
12.0 402.0 26.0 398.0
15.0 403.0 26.0 398.0
269.0 487.0 265.0 472.0
432.0 558.0 428.0 558.0
14.0 403.0 26.0 398.0
13.0 403.0 26.0 398.0
432.0 557.0 428.0 558.0
14.0 404.0 26.0 398.0
330.0 398.0 332.0 399.0
121.0 425.0 124.0 381.0
133.0 91.0 82.0 62.0
443.0 5.0 454.0 5.0
133.0 92.0 82.0 62.0
121.0 424.0 124.0 381.0
443.0 6.0 454.0 5.0
442.0 5.0 437.0 17.0
379.0 570.0 380.0 547.0
134.0 92.0 82.0 62.0
260.0 505.0 262.0 491.0
363.0 116.0 354.0 119.0
340.0 623.0 318.0 605.0
364.0 116.0 354.0 119.0
122.0 424.0 124.0 381.0
381.0 113.0 394.0 103.0
186.0 417.0 189.0 423.0
260.0 504.0 262.0 491.0
