371.0 469.0 376.0 472.0
371.0 468.0 377.0 470.0
372.0 468.0 377.0 470.0
372.0 467.0 377.0 470.0
371.0 467.0 377.0 470.0
356.0 457.0 363.0 460.0
357.0 457.0 363.0 460.0
357.0 458.0 364.0 461.0
357.0 456.0 363.0 460.0
356.0 456.0 363.0 460.0
373.0 371.0 382.0 376.0
192.0 249.0 203.0 244.0
373.0 372.0 382.0 376.0
192.0 250.0 203.0 243.0
192.0 251.0 203.0 245.0
220.0 468.0 228.0 465.0
358.0 457.0 364.0 461.0
358.0 458.0 364.0 461.0
373.0 467.0 377.0 470.0
408.0 418.0 413.0 424.0
87.0 211.0 96.0 204.0
117.0 435.0 126.0 433.0
407.0 418.0 413.0 424.0
139.0 512.0 149.0 502.0
409.0 418.0 413.0 424.0
117.0 434.0 126.0 431.0
138.0 512.0 149.0 503.0
193.0 249.0 203.0 244.0
188.0 34.0 202.0 25.0
139.0 511.0 149.0 502.0
80.0 341.0 90.0 337.0
79.0 341.0 90.0 337.0
193.0 250.0 203.0 245.0
138.0 511.0 149.0 502.0
348.0 274.0 357.0 277.0
86.0 211.0 96.0 204.0
409.0 419.0 413.0 424.0
348.0 273.0 357.0 277.0
79.0 342.0 90.0 337.0
85.0 210.0 96.0 203.0
117.0 415.0 127.0 411.0
193.0 251.0 203.0 245.0
63.0 271.0 75.0 264.0
85.0 211.0 96.0 204.0
123.0 217.0 135.0 209.0
81.0 342.0 90.0 337.0
75.0 239.0 87.0 230.0
245.0 313.0 255.0 311.0
373.0 347.0 381.0 353.0
80.0 343.0 90.0 337.0
116.0 435.0 126.0 431.0
87.0 210.0 96.0 203.0
349.0 274.0 357.0 277.0
118.0 415.0 127.0 411.0
278.0 380.0 286.0 381.0
137.0 512.0 149.0 503.0
349.0 273.0 357.0 277.0
117.0 414.0 127.0 410.0
86.0 210.0 96.0 203.0
188.0 35.0 202.0 25.0
64.0 271.0 75.0 264.0
79.0 344.0 90.0 337.0
170.0 529.0 177.0 523.0
386.0 434.0 392.0 440.0
224.0 350.0 234.0 348.0
80.0 342.0 90.0 337.0
408.0 419.0 413.0 424.0
169.0 529.0 178.0 522.0
141.0 277.0 153.0 271.0
130.0 617.0 138.0 606.0
64.0 272.0 75.0 264.0
76.0 239.0 87.0 230.0
62.0 343.0 72.0 336.0
223.0 350.0 234.0 348.0
61.0 344.0 71.0 336.0
225.0 350.0 234.0 348.0
62.0 344.0 72.0 336.0
230.0 75.0 243.0 70.0
198.0 190.0 211.0 186.0
129.0 617.0 138.0 606.0
223.0 351.0 234.0 348.0
373.0 346.0 381.0 353.0
170.0 528.0 177.0 522.0
324.0 631.0 327.0 631.0
76.0 238.0 87.0 230.0
387.0 434.0 392.0 440.0
197.0 191.0 211.0 186.0
130.0 616.0 138.0 606.0
183.0 428.0 191.0 423.0
407.0 419.0 413.0 424.0
187.0 35.0 202.0 25.0
194.0 250.0 203.0 244.0
325.0 631.0 327.0 631.0
224.0 351.0 234.0 348.0
124.0 217.0 135.0 209.0
79.0 343.0 90.0 337.0
198.0 191.0 211.0 186.0
277.0 380.0 286.0 381.0
231.0 75.0 243.0 70.0
301.0 580.0 307.0 579.0
307.0 623.0 310.0 620.0
374.0 347.0 381.0 353.0
131.0 616.0 138.0 606.0
278.0 381.0 286.0 381.0
318.0 330.0 329.0 330.0
223.0 349.0 234.0 348.0
65.0 272.0 75.0 264.0
131.0 615.0 138.0 606.0
225.0 351.0 234.0 348.0
324.0 630.0 327.0 631.0
61.0 343.0 72.0 336.0
226.0 350.0 234.0 348.0
60.0 343.0 71.0 336.0
284.0 361.0 293.0 361.0
338.0 595.0 340.0 595.0
78.0 343.0 90.0 337.0
140.0 277.0 153.0 271.0
199.0 191.0 211.0 186.0
372.0 346.0 381.0 353.0
230.0 76.0 242.0 70.0
175.0 180.0 185.0 176.0
142.0 277.0 153.0 271.0
123.0 216.0 135.0 209.0
369.0 309.0 381.0 311.0
77.0 239.0 88.0 230.0
173.0 105.0 186.0 96.0
200.0 192.0 211.0 186.0
225.0 349.0 234.0 348.0
308.0 622.0 310.0 620.0
307.0 622.0 310.0 620.0
65.0 271.0 75.0 264.0
182.0 428.0 191.0 423.0
200.0 191.0 211.0 186.0
77.0 128.0 89.0 117.0
277.0 381.0 286.0 381.0
78.0 128.0 89.0 117.0
323.0 631.0 327.0 631.0
231.0 76.0 243.0 70.0
198.0 192.0 211.0 186.0
199.0 192.0 211.0 186.0
118.0 414.0 127.0 410.0
338.0 594.0 341.0 595.0
85.0 113.0 98.0 101.0
78.0 239.0 88.0 230.0
78.0 238.0 88.0 230.0
197.0 192.0 211.0 186.0
386.0 433.0 392.0 440.0
143.0 277.0 154.0 270.0
256.0 401.0 264.0 401.0
224.0 349.0 234.0 348.0
77.0 238.0 87.0 230.0
302.0 580.0 307.0 579.0
339.0 594.0 341.0 595.0
174.0 105.0 187.0 96.0
174.0 181.0 185.0 176.0
85.0 254.0 100.0 244.0
34.0 413.0 47.0 404.0
308.0 623.0 310.0 620.0
174.0 180.0 185.0 176.0
277.0 382.0 286.0 381.0
257.0 401.0 264.0 401.0
396.0 345.0 404.0 352.0
276.0 381.0 286.0 381.0
181.0 595.0 187.0 589.0
124.0 216.0 135.0 209.0
163.0 148.0 174.0 142.0
192.0 366.0 200.0 362.0
60.0 344.0 71.0 337.0
301.0 581.0 307.0 579.0
11.0 287.0 20.0 276.0
240.0 392.0 248.0 391.0
388.0 434.0 392.0 440.0
395.0 345.0 404.0 352.0
190.0 156.0 202.0 150.0
396.0 344.0 404.0 352.0
62.0 35.0 74.0 23.0
36.0 413.0 47.0 404.0
166.0 410.0 177.0 405.0
175.0 181.0 185.0 176.0
174.0 182.0 185.0 176.0
125.0 217.0 135.0 209.0
62.0 34.0 74.0 23.0
224.0 280.0 235.0 278.0
224.0 564.0 230.0 561.0
163.0 149.0 174.0 142.0
338.0 596.0 340.0 595.0
192.0 365.0 200.0 362.0
85.0 255.0 100.0 244.0
11.0 286.0 20.0 276.0
68.0 452.0 77.0 446.0
224.0 565.0 230.0 561.0
387.0 433.0 392.0 440.0
63.0 35.0 74.0 23.0
85.0 114.0 98.0 101.0
86.0 114.0 98.0 101.0
32.0 432.0 45.0 422.0
303.0 580.0 307.0 579.0
304.0 580.0 307.0 579.0
86.0 113.0 98.0 101.0
224.0 566.0 230.0 561.0
225.0 566.0 230.0 561.0
125.0 216.0 135.0 209.0
191.0 157.0 202.0 150.0
122.0 292.0 131.0 287.0
166.0 411.0 176.0 406.0
189.0 157.0 202.0 150.0
339.0 595.0 340.0 595.0
63.0 34.0 74.0 23.0
175.0 182.0 185.0 176.0
160.0 123.0 171.0 117.0
268.0 358.0 275.0 358.0
178.0 52.0 191.0 43.0
242.0 600.0 246.0 594.0
396.0 343.0 404.0 352.0
243.0 599.0 246.0 594.0
242.0 599.0 246.0 594.0
223.0 564.0 230.0 561.0
269.0 358.0 275.0 358.0
302.0 581.0 307.0 579.0
240.0 393.0 248.0 391.0
69.0 452.0 77.0 446.0
97.0 86.0 108.0 76.0
241.0 391.0 248.0 391.0
86.0 115.0 98.0 101.0
225.0 565.0 230.0 561.0
141.0 278.0 153.0 271.0
239.0 391.0 247.0 391.0
251.0 357.0 260.0 354.0
31.0 125.0 42.0 116.0
31.0 126.0 42.0 116.0
224.0 567.0 230.0 561.0
35.0 413.0 47.0 404.0
243.0 600.0 246.0 594.0
240.0 391.0 247.0 391.0
21.0 238.0 30.0 229.0
239.0 393.0 247.0 391.0
191.0 156.0 202.0 150.0
143.0 278.0 154.0 270.0
122.0 293.0 131.0 287.0
162.0 339.0 173.0 335.0
189.0 158.0 202.0 150.0
69.0 451.0 77.0 446.0
239.0 392.0 247.0 391.0
155.0 371.0 163.0 368.0
190.0 157.0 202.0 150.0
241.0 392.0 248.0 391.0
161.0 123.0 171.0 117.0
395.0 344.0 404.0 352.0
35.0 412.0 47.0 404.0
337.0 550.0 337.0 559.0
156.0 371.0 163.0 368.0
163.0 339.0 173.0 335.0
96.0 86.0 107.0 77.0
395.0 343.0 399.0 347.0
35.0 414.0 47.0 404.0
164.0 148.0 174.0 142.0
223.0 565.0 230.0 561.0
11.0 257.0 21.0 245.0
230.0 59.0 244.0 52.0
20.0 238.0 31.0 227.0
118.0 271.0 125.0 266.0
303.0 581.0 307.0 579.0
32.0 125.0 42.0 116.0
252.0 358.0 260.0 354.0
160.0 124.0 171.0 117.0
142.0 278.0 153.0 271.0
250.0 358.0 260.0 354.0
195.0 26.0 224.0 31.0
163.0 340.0 173.0 335.0
113.0 537.0 121.0 529.0
95.0 89.0 107.0 78.0
95.0 87.0 107.0 78.0
20.0 237.0 31.0 227.0
11.0 407.0 22.0 398.0
31.0 433.0 45.0 422.0
388.0 433.0 392.0 440.0
95.0 88.0 107.0 78.0
26.0 221.0 36.0 212.0
17.0 369.0 29.0 359.0
252.0 357.0 260.0 354.0
231.0 60.0 244.0 52.0
121.0 292.0 131.0 287.0
20.0 239.0 30.0 229.0
34.0 414.0 47.0 404.0
26.0 222.0 36.0 212.0
223.0 566.0 230.0 561.0
32.0 433.0 45.0 422.0
17.0 368.0 29.0 359.0
10.0 256.0 21.0 245.0
12.0 256.0 21.0 245.0
231.0 59.0 244.0 52.0
162.0 123.0 172.0 117.0
162.0 340.0 173.0 335.0
12.0 407.0 22.0 398.0
304.0 581.0 307.0 579.0
355.0 600.0 355.0 608.0
11.0 255.0 21.0 245.0
21.0 237.0 31.0 227.0
209.0 576.0 216.0 569.0
12.0 254.0 22.0 244.0
19.0 368.0 29.0 359.0
12.0 255.0 22.0 244.0
32.0 167.0 44.0 157.0
161.0 124.0 172.0 117.0
25.0 221.0 36.0 212.0
18.0 369.0 29.0 359.0
356.0 600.0 355.0 608.0
210.0 576.0 216.0 569.0
18.0 368.0 29.0 359.0
31.0 432.0 45.0 422.0
199.0 281.0 208.0 278.0
11.0 254.0 10.0 240.0
25.0 222.0 36.0 212.0
162.0 124.0 172.0 117.0
96.0 87.0 107.0 77.0
218.0 67.0 241.0 70.0
251.0 358.0 260.0 354.0
105.0 246.0 119.0 248.0
34.0 167.0 45.0 157.0
33.0 166.0 45.0 157.0
336.0 550.0 337.0 559.0
32.0 168.0 44.0 157.0
19.0 239.0 30.0 229.0
97.0 87.0 108.0 77.0
121.0 293.0 131.0 287.0
19.0 238.0 31.0 227.0
217.0 67.0 241.0 70.0
166.0 605.0 173.0 597.0
356.0 599.0 355.0 608.0
96.0 88.0 107.0 78.0
355.0 599.0 355.0 608.0
166.0 606.0 173.0 597.0
231.0 58.0 244.0 52.0
33.0 167.0 45.0 157.0
96.0 89.0 107.0 78.0
232.0 59.0 244.0 52.0
337.0 549.0 337.0 559.0
403.0 579.0 405.0 574.0
11.0 256.0 21.0 245.0
403.0 578.0 405.0 574.0
217.0 66.0 241.0 70.0
378.0 307.0 381.0 311.0
105.0 245.0 119.0 248.0
104.0 246.0 119.0 248.0
404.0 578.0 405.0 574.0
404.0 577.0 405.0 574.0
85.0 413.0 100.0 408.0
378.0 308.0 381.0 311.0
404.0 579.0 405.0 574.0
336.0 549.0 337.0 559.0
234.0 586.0 237.0 576.0
236.0 585.0 237.0 576.0
235.0 586.0 237.0 576.0
235.0 585.0 237.0 576.0
404.0 580.0 405.0 574.0
97.0 88.0 108.0 77.0
236.0 586.0 237.0 576.0
87.0 551.0 95.0 542.0
104.0 245.0 119.0 248.0
232.0 58.0 244.0 52.0
405.0 578.0 405.0 574.0
235.0 587.0 237.0 576.0
9.0 466.0 20.0 454.0
117.0 316.0 133.0 309.0
8.0 466.0 20.0 454.0
86.0 552.0 95.0 542.0
87.0 552.0 95.0 542.0
105.0 353.0 118.0 356.0
8.0 465.0 20.0 454.0
116.0 317.0 133.0 309.0
7.0 466.0 20.0 454.0
116.0 318.0 133.0 309.0
117.0 317.0 133.0 309.0
118.0 317.0 133.0 309.0
104.0 353.0 118.0 356.0
117.0 318.0 133.0 309.0
382.0 333.0 399.0 346.0
381.0 334.0 399.0 346.0
262.0 395.0 265.0 400.0
105.0 352.0 118.0 356.0
381.0 332.0 399.0 346.0
381.0 333.0 399.0 346.0
100.0 271.0 100.0 244.0
386.0 357.0 404.0 352.0
262.0 394.0 264.0 400.0
190.0 381.0 200.0 362.0
