283.0 536.0 298.0 535.0
283.0 535.0 298.0 535.0
291.0 609.0 309.0 609.0
284.0 535.0 298.0 535.0
294.0 591.0 310.0 591.0
284.0 536.0 300.0 535.0
330.0 625.0 350.0 625.0
329.0 625.0 350.0 625.0
292.0 609.0 309.0 609.0
293.0 590.0 310.0 590.0
292.0 610.0 309.0 609.0
292.0 590.0 310.0 591.0
293.0 591.0 310.0 591.0
292.0 608.0 309.0 609.0
284.0 418.0 300.0 418.0
330.0 446.0 344.0 445.0
231.0 468.0 245.0 469.0
267.0 173.0 275.0 175.0
293.0 608.0 310.0 608.0
267.0 172.0 275.0 175.0
308.0 208.0 318.0 208.0
232.0 468.0 246.0 468.0
293.0 609.0 310.0 608.0
285.0 418.0 300.0 418.0
268.0 426.0 283.0 426.0
309.0 494.0 324.0 494.0
238.0 491.0 252.0 492.0
292.0 398.0 306.0 398.0
114.0 499.0 130.0 501.0
231.0 469.0 245.0 469.0
198.0 500.0 212.0 502.0
257.0 275.0 269.0 276.0
232.0 469.0 245.0 469.0
162.0 505.0 177.0 507.0
172.0 547.0 187.0 549.0
171.0 547.0 187.0 549.0
310.0 494.0 325.0 494.0
237.0 261.0 245.0 264.0
268.0 172.0 275.0 175.0
153.0 53.0 160.0 62.0
293.0 610.0 310.0 608.0
268.0 173.0 275.0 175.0
154.0 53.0 160.0 62.0
252.0 177.0 261.0 180.0
230.0 469.0 245.0 469.0
306.0 288.0 317.0 287.0
308.0 209.0 318.0 209.0
269.0 426.0 283.0 426.0
148.0 524.0 162.0 526.0
161.0 505.0 177.0 507.0
235.0 442.0 251.0 444.0
258.0 275.0 269.0 276.0
253.0 176.0 261.0 180.0
171.0 546.0 187.0 549.0
197.0 500.0 212.0 502.0
160.0 260.0 172.0 265.0
294.0 609.0 310.0 608.0
309.0 495.0 325.0 494.0
232.0 304.0 244.0 306.0
299.0 378.0 310.0 377.0
169.0 181.0 178.0 187.0
258.0 276.0 269.0 276.0
155.0 53.0 161.0 62.0
237.0 260.0 245.0 264.0
298.0 379.0 310.0 377.0
101.0 172.0 111.0 180.0
149.0 524.0 162.0 526.0
115.0 499.0 130.0 501.0
309.0 361.0 321.0 360.0
154.0 54.0 160.0 62.0
196.0 500.0 212.0 502.0
236.0 261.0 245.0 264.0
290.0 360.0 302.0 360.0
157.0 541.0 174.0 543.0
298.0 377.0 310.0 377.0
253.0 177.0 262.0 180.0
252.0 178.0 262.0 180.0
145.0 226.0 155.0 234.0
162.0 506.0 177.0 507.0
284.0 417.0 300.0 418.0
55.0 159.0 67.0 166.0
161.0 506.0 177.0 507.0
309.0 360.0 321.0 360.0
236.0 260.0 245.0 264.0
161.0 261.0 173.0 265.0
308.0 360.0 321.0 360.0
175.0 347.0 188.0 349.0
146.0 254.0 158.0 258.0
169.0 180.0 178.0 187.0
294.0 343.0 306.0 342.0
299.0 377.0 310.0 377.0
166.0 24.0 173.0 34.0
147.0 253.0 159.0 258.0
166.0 23.0 173.0 34.0
198.0 499.0 212.0 502.0
170.0 181.0 179.0 187.0
252.0 176.0 261.0 180.0
307.0 288.0 317.0 287.0
56.0 159.0 67.0 166.0
237.0 578.0 256.0 580.0
153.0 54.0 160.0 62.0
309.0 208.0 318.0 208.0
295.0 343.0 306.0 342.0
167.0 25.0 173.0 34.0
160.0 261.0 173.0 265.0
174.0 347.0 188.0 349.0
145.0 227.0 155.0 234.0
165.0 23.0 173.0 34.0
65.0 102.0 75.0 111.0
298.0 378.0 310.0 377.0
141.0 507.0 156.0 510.0
165.0 24.0 173.0 34.0
285.0 417.0 300.0 418.0
296.0 343.0 306.0 342.0
162.0 261.0 173.0 265.0
147.0 254.0 159.0 258.0
156.0 152.0 164.0 160.0
237.0 579.0 256.0 580.0
290.0 361.0 302.0 360.0
253.0 178.0 262.0 180.0
190.0 317.0 202.0 318.0
291.0 361.0 302.0 360.0
254.0 177.0 262.0 180.0
161.0 260.0 173.0 265.0
146.0 253.0 158.0 258.0
236.0 262.0 246.0 264.0
122.0 341.0 132.0 346.0
155.0 153.0 164.0 160.0
336.0 411.0 351.0 411.0
235.0 261.0 245.0 264.0
397.0 356.0 412.0 352.0
75.0 30.0 83.0 41.0
175.0 346.0 188.0 349.0
310.0 361.0 321.0 360.0
170.0 182.0 179.0 187.0
334.0 412.0 350.0 411.0
335.0 412.0 350.0 411.0
174.0 346.0 188.0 349.0
217.0 361.0 228.0 362.0
54.0 159.0 67.0 166.0
169.0 182.0 178.0 187.0
156.0 153.0 164.0 160.0
122.0 342.0 132.0 346.0
155.0 54.0 161.0 62.0
335.0 411.0 350.0 411.0
21.0 496.0 36.0 500.0
331.0 529.0 349.0 528.0
161.0 607.0 167.0 607.0
230.0 232.0 240.0 236.0
336.0 412.0 351.0 411.0
161.0 262.0 173.0 265.0
119.0 607.0 135.0 608.0
214.0 183.0 224.0 187.0
59.0 604.0 77.0 605.0
102.0 172.0 111.0 180.0
60.0 604.0 77.0 605.0
399.0 355.0 414.0 351.0
189.0 316.0 202.0 318.0
102.0 173.0 111.0 180.0
309.0 209.0 318.0 209.0
140.0 425.0 154.0 427.0
119.0 392.0 135.0 393.0
357.0 359.0 375.0 357.0
336.0 413.0 351.0 411.0
234.0 261.0 245.0 264.0
60.0 605.0 77.0 605.0
326.0 374.0 340.0 373.0
357.0 360.0 375.0 357.0
75.0 31.0 83.0 41.0
209.0 346.0 220.0 349.0
200.0 401.0 213.0 401.0
263.0 276.0 274.0 278.0
20.0 496.0 36.0 500.0
54.0 158.0 67.0 166.0
55.0 158.0 67.0 166.0
199.0 401.0 213.0 402.0
236.0 578.0 256.0 580.0
141.0 425.0 154.0 427.0
331.0 530.0 349.0 528.0
217.0 360.0 228.0 362.0
155.0 152.0 164.0 160.0
189.0 317.0 202.0 318.0
347.0 497.0 367.0 495.0
332.0 530.0 349.0 528.0
208.0 346.0 220.0 349.0
118.0 392.0 135.0 393.0
398.0 356.0 412.0 351.0
235.0 262.0 246.0 264.0
339.0 322.0 350.0 320.0
372.0 415.0 389.0 411.0
59.0 605.0 77.0 605.0
310.0 208.0 318.0 208.0
231.0 232.0 240.0 236.0
347.0 498.0 367.0 495.0
351.0 305.0 365.0 303.0
58.0 605.0 77.0 605.0
425.0 42.0 430.0 40.0
91.0 236.0 102.0 245.0
56.0 158.0 67.0 166.0
372.0 414.0 389.0 411.0
161.0 608.0 168.0 608.0
235.0 260.0 245.0 264.0
140.0 402.0 153.0 405.0
188.0 316.0 195.0 316.0
291.0 362.0 302.0 360.0
337.0 323.0 349.0 321.0
209.0 99.0 216.0 105.0
76.0 32.0 83.0 41.0
162.0 607.0 167.0 607.0
199.0 400.0 213.0 402.0
119.0 393.0 135.0 393.0
179.0 109.0 187.0 116.0
371.0 415.0 389.0 411.0
398.0 355.0 413.0 351.0
236.0 579.0 256.0 580.0
338.0 322.0 350.0 320.0
371.0 414.0 389.0 411.0
332.0 529.0 349.0 528.0
92.0 236.0 102.0 245.0
66.0 102.0 75.0 111.0
141.0 402.0 154.0 405.0
327.0 374.0 340.0 373.0
66.0 101.0 75.0 111.0
338.0 321.0 350.0 320.0
424.0 42.0 430.0 40.0
118.0 393.0 135.0 393.0
59.0 606.0 77.0 605.0
346.0 498.0 367.0 495.0
424.0 43.0 430.0 40.0
337.0 322.0 349.0 321.0
232.0 232.0 240.0 236.0
356.0 359.0 375.0 357.0
208.0 99.0 216.0 105.0
140.0 403.0 153.0 405.0
338.0 323.0 350.0 320.0
326.0 375.0 340.0 373.0
76.0 31.0 83.0 41.0
205.0 267.0 216.0 270.0
209.0 98.0 216.0 105.0
133.0 468.0 148.0 469.0
423.0 42.0 430.0 40.0
216.0 360.0 228.0 362.0
262.0 276.0 274.0 278.0
351.0 304.0 365.0 303.0
320.0 328.0 333.0 328.0
172.0 90.0 179.0 97.0
34.0 475.0 50.0 479.0
352.0 304.0 365.0 303.0
352.0 303.0 365.0 302.0
134.0 468.0 148.0 469.0
425.0 43.0 430.0 40.0
147.0 305.0 159.0 310.0
132.0 468.0 147.0 471.0
185.0 276.0 196.0 280.0
35.0 475.0 50.0 479.0
77.0 32.0 84.0 41.0
346.0 497.0 367.0 495.0
179.0 256.0 191.0 261.0
139.0 402.0 153.0 405.0
185.0 277.0 196.0 280.0
147.0 304.0 159.0 310.0
345.0 498.0 367.0 495.0
206.0 267.0 216.0 270.0
35.0 476.0 50.0 479.0
139.0 178.0 144.0 182.0
91.0 235.0 97.0 241.0
339.0 321.0 350.0 320.0
184.0 277.0 196.0 280.0
127.0 273.0 137.0 280.0
172.0 89.0 179.0 97.0
319.0 328.0 332.0 328.0
199.0 173.0 206.0 180.0
148.0 304.0 159.0 310.0
28.0 157.0 40.0 167.0
30.0 158.0 40.0 167.0
194.0 433.0 209.0 435.0
180.0 109.0 187.0 116.0
140.0 401.0 153.0 405.0
85.0 412.0 99.0 418.0
180.0 257.0 191.0 261.0
148.0 305.0 159.0 310.0
179.0 110.0 188.0 118.0
34.0 476.0 50.0 479.0
200.0 173.0 206.0 180.0
84.0 412.0 99.0 418.0
45.0 462.0 61.0 466.0
180.0 256.0 191.0 261.0
443.0 350.0 458.0 345.0
345.0 497.0 367.0 495.0
128.0 633.0 142.0 627.0
33.0 475.0 50.0 479.0
364.0 525.0 381.0 522.0
128.0 632.0 142.0 627.0
148.0 306.0 159.0 310.0
12.0 260.0 25.0 267.0
171.0 89.0 179.0 97.0
353.0 303.0 365.0 302.0
12.0 259.0 25.0 267.0
146.0 344.0 157.0 347.0
140.0 178.0 144.0 182.0
67.0 102.0 76.0 111.0
129.0 633.0 142.0 627.0
29.0 158.0 40.0 167.0
363.0 526.0 381.0 523.0
146.0 345.0 157.0 347.0
443.0 351.0 458.0 345.0
45.0 463.0 61.0 466.0
145.0 344.0 157.0 347.0
44.0 461.0 60.0 467.0
442.0 352.0 458.0 345.0
172.0 88.0 179.0 97.0
29.0 157.0 40.0 167.0
140.0 179.0 144.0 182.0
179.0 111.0 188.0 118.0
44.0 462.0 60.0 467.0
216.0 404.0 230.0 406.0
173.0 89.0 179.0 97.0
315.0 329.0 330.0 328.0
217.0 404.0 230.0 406.0
150.0 379.0 164.0 379.0
83.0 412.0 99.0 418.0
216.0 403.0 230.0 406.0
428.0 426.0 445.0 420.0
33.0 476.0 50.0 479.0
179.0 255.0 191.0 261.0
217.0 402.0 230.0 406.0
23.0 187.0 35.0 197.0
22.0 187.0 35.0 197.0
44.0 463.0 61.0 466.0
365.0 525.0 382.0 522.0
217.0 403.0 230.0 406.0
24.0 188.0 35.0 197.0
426.0 425.0 444.0 420.0
364.0 526.0 381.0 522.0
23.0 188.0 35.0 197.0
141.0 178.0 144.0 182.0
141.0 179.0 144.0 182.0
215.0 403.0 230.0 406.0
180.0 110.0 188.0 118.0
365.0 526.0 381.0 522.0
43.0 463.0 60.0 467.0
180.0 255.0 191.0 261.0
10.0 129.0 19.0 140.0
426.0 426.0 444.0 420.0
240.0 545.0 261.0 548.0
180.0 111.0 188.0 118.0
10.0 128.0 19.0 140.0
314.0 328.0 330.0 328.0
216.0 402.0 230.0 406.0
172.0 400.0 176.0 399.0
43.0 462.0 60.0 467.0
453.0 473.0 470.0 466.0
427.0 426.0 445.0 420.0
9.0 129.0 19.0 140.0
314.0 329.0 330.0 328.0
239.0 546.0 261.0 548.0
9.0 130.0 19.0 140.0
458.0 69.0 466.0 69.0
239.0 545.0 261.0 548.0
9.0 128.0 19.0 140.0
452.0 473.0 470.0 466.0
425.0 507.0 442.0 504.0
424.0 507.0 442.0 504.0
424.0 506.0 442.0 504.0
457.0 69.0 466.0 69.0
238.0 545.0 261.0 548.0
423.0 507.0 442.0 504.0
424.0 508.0 442.0 504.0
25.0 180.0 35.0 197.0
25.0 179.0 35.0 197.0
423.0 508.0 442.0 504.0
126.0 193.0 143.0 183.0
450.0 62.0 466.0 69.0
450.0 63.0 466.0 69.0
322.0 421.0 350.0 411.0
127.0 193.0 143.0 183.0
150.0 31.0 173.0 34.0
