352.0 531.0 363.0 529.0
352.0 530.0 363.0 529.0
353.0 531.0 363.0 529.0
351.0 530.0 363.0 529.0
351.0 531.0 363.0 529.0
281.0 319.0 288.0 320.0
411.0 379.0 418.0 374.0
282.0 319.0 288.0 320.0
241.0 193.0 245.0 196.0
361.0 144.0 363.0 145.0
362.0 144.0 363.0 145.0
362.0 143.0 363.0 145.0
352.0 532.0 363.0 529.0
361.0 143.0 363.0 145.0
179.0 275.0 186.0 279.0
361.0 142.0 363.0 145.0
226.0 108.0 229.0 113.0
282.0 320.0 288.0 320.0
180.0 275.0 186.0 279.0
472.0 34.0 472.0 37.0
227.0 108.0 230.0 114.0
179.0 274.0 186.0 279.0
471.0 33.0 471.0 36.0
124.0 548.0 132.0 554.0
281.0 320.0 288.0 320.0
471.0 34.0 472.0 37.0
68.0 478.0 76.0 482.0
91.0 84.0 96.0 96.0
362.0 142.0 363.0 145.0
471.0 35.0 472.0 37.0
203.0 257.0 207.0 260.0
277.0 419.0 285.0 420.0
416.0 403.0 424.0 400.0
238.0 454.0 245.0 457.0
90.0 84.0 96.0 96.0
470.0 34.0 472.0 37.0
222.0 574.0 230.0 576.0
340.0 149.0 343.0 151.0
101.0 493.0 110.0 497.0
251.0 560.0 260.0 561.0
241.0 192.0 245.0 196.0
411.0 378.0 418.0 374.0
190.0 210.0 194.0 214.0
473.0 77.0 473.0 77.0
180.0 274.0 186.0 279.0
339.0 149.0 343.0 151.0
251.0 559.0 260.0 561.0
227.0 107.0 230.0 114.0
90.0 85.0 96.0 96.0
219.0 353.0 226.0 355.0
276.0 420.0 285.0 420.0
124.0 549.0 132.0 554.0
381.0 605.0 393.0 602.0
250.0 560.0 260.0 561.0
91.0 85.0 96.0 96.0
237.0 454.0 245.0 457.0
101.0 492.0 110.0 497.0
226.0 107.0 229.0 113.0
180.0 276.0 186.0 279.0
190.0 212.0 194.0 214.0
340.0 150.0 343.0 151.0
80.0 486.0 90.0 493.0
69.0 477.0 76.0 482.0
189.0 210.0 194.0 214.0
339.0 150.0 343.0 151.0
381.0 604.0 393.0 602.0
190.0 589.0 198.0 592.0
320.0 480.0 330.0 479.0
333.0 539.0 342.0 537.0
123.0 548.0 132.0 554.0
474.0 76.0 473.0 77.0
345.0 390.0 353.0 388.0
472.0 76.0 473.0 77.0
333.0 538.0 343.0 537.0
277.0 420.0 285.0 420.0
191.0 588.0 198.0 592.0
219.0 438.0 226.0 440.0
473.0 76.0 473.0 77.0
346.0 391.0 353.0 388.0
68.0 477.0 76.0 482.0
415.0 403.0 423.0 399.0
404.0 341.0 411.0 338.0
190.0 588.0 198.0 592.0
185.0 338.0 191.0 341.0
178.0 229.0 184.0 234.0
82.0 486.0 90.0 493.0
102.0 492.0 110.0 497.0
409.0 379.0 418.0 374.0
345.0 392.0 352.0 389.0
85.0 507.0 96.0 513.0
179.0 229.0 184.0 234.0
270.0 592.0 282.0 593.0
348.0 412.0 356.0 410.0
262.0 337.0 270.0 338.0
184.0 337.0 191.0 341.0
396.0 410.0 404.0 407.0
320.0 479.0 330.0 479.0
81.0 487.0 89.0 493.0
394.0 411.0 404.0 407.0
346.0 392.0 352.0 389.0
345.0 391.0 353.0 388.0
67.0 477.0 76.0 482.0
410.0 378.0 418.0 374.0
190.0 211.0 194.0 214.0
350.0 488.0 361.0 486.0
257.0 196.0 261.0 199.0
221.0 575.0 230.0 576.0
410.0 379.0 418.0 374.0
81.0 486.0 90.0 493.0
466.0 105.0 468.0 106.0
447.0 162.0 449.0 160.0
154.0 336.0 160.0 341.0
123.0 549.0 132.0 554.0
395.0 410.0 404.0 407.0
193.0 144.0 197.0 150.0
250.0 559.0 260.0 561.0
189.0 211.0 193.0 215.0
396.0 411.0 404.0 407.0
257.0 197.0 261.0 200.0
147.0 230.0 152.0 235.0
82.0 487.0 89.0 493.0
249.0 560.0 260.0 561.0
68.0 476.0 76.0 482.0
256.0 196.0 261.0 199.0
256.0 197.0 261.0 199.0
189.0 572.0 198.0 576.0
249.0 559.0 260.0 561.0
159.0 283.0 165.0 286.0
395.0 446.0 405.0 442.0
163.0 217.0 168.0 222.0
191.0 589.0 198.0 592.0
349.0 488.0 361.0 486.0
366.0 424.0 375.0 421.0
189.0 415.0 195.0 417.0
184.0 338.0 191.0 341.0
270.0 591.0 282.0 593.0
473.0 75.0 473.0 77.0
350.0 489.0 361.0 486.0
192.0 516.0 201.0 519.0
451.0 112.0 454.0 109.0
156.0 337.0 160.0 341.0
97.0 171.0 101.0 179.0
349.0 489.0 360.0 486.0
403.0 341.0 411.0 338.0
472.0 75.0 473.0 77.0
96.0 172.0 101.0 179.0
395.0 411.0 404.0 407.0
202.0 257.0 207.0 260.0
177.0 189.0 180.0 196.0
177.0 190.0 180.0 196.0
414.0 404.0 423.0 399.0
190.0 572.0 198.0 576.0
467.0 104.0 468.0 106.0
158.0 283.0 165.0 286.0
382.0 605.0 393.0 602.0
257.0 444.0 266.0 445.0
194.0 143.0 197.0 150.0
84.0 401.0 91.0 405.0
181.0 275.0 186.0 279.0
367.0 424.0 375.0 421.0
171.0 497.0 178.0 500.0
404.0 342.0 411.0 338.0
178.0 230.0 184.0 234.0
140.0 461.0 146.0 466.0
163.0 216.0 168.0 222.0
155.0 337.0 160.0 341.0
147.0 231.0 152.0 235.0
416.0 404.0 424.0 400.0
269.0 591.0 282.0 593.0
118.0 405.0 124.0 409.0
466.0 104.0 468.0 106.0
188.0 415.0 195.0 417.0
208.0 130.0 211.0 134.0
202.0 256.0 207.0 260.0
446.0 162.0 449.0 160.0
320.0 481.0 330.0 479.0
155.0 336.0 160.0 341.0
117.0 405.0 124.0 409.0
221.0 574.0 230.0 576.0
271.0 591.0 282.0 593.0
146.0 231.0 152.0 235.0
146.0 230.0 152.0 235.0
191.0 516.0 201.0 519.0
179.0 230.0 184.0 234.0
98.0 212.0 105.0 219.0
341.0 359.0 349.0 357.0
451.0 113.0 454.0 109.0
155.0 338.0 161.0 342.0
172.0 479.0 179.0 482.0
208.0 129.0 211.0 134.0
221.0 573.0 230.0 576.0
415.0 404.0 424.0 399.0
170.0 496.0 178.0 500.0
395.0 412.0 404.0 407.0
181.0 404.0 187.0 407.0
140.0 460.0 146.0 466.0
159.0 282.0 165.0 286.0
171.0 479.0 178.0 483.0
219.0 352.0 226.0 355.0
344.0 391.0 353.0 388.0
99.0 213.0 105.0 220.0
155.0 101.0 158.0 109.0
164.0 217.0 168.0 222.0
128.0 622.0 138.0 627.0
404.0 25.0 405.0 29.0
96.0 171.0 101.0 179.0
170.0 497.0 178.0 500.0
193.0 143.0 197.0 150.0
95.0 140.0 100.0 149.0
466.0 103.0 468.0 106.0
446.0 161.0 449.0 160.0
189.0 588.0 198.0 592.0
207.0 129.0 211.0 134.0
97.0 172.0 101.0 179.0
208.0 128.0 211.0 134.0
319.0 480.0 330.0 479.0
201.0 255.0 204.0 256.0
319.0 479.0 330.0 479.0
96.0 140.0 100.0 149.0
144.0 548.0 154.0 554.0
154.0 337.0 160.0 341.0
468.0 169.0 471.0 164.0
468.0 170.0 471.0 164.0
446.0 491.0 458.0 486.0
348.0 413.0 356.0 411.0
86.0 508.0 96.0 513.0
98.0 213.0 105.0 219.0
201.0 256.0 207.0 260.0
192.0 144.0 197.0 150.0
227.0 486.0 235.0 487.0
447.0 161.0 449.0 160.0
218.0 352.0 226.0 355.0
139.0 461.0 146.0 466.0
397.0 561.0 412.0 557.0
232.0 531.0 240.0 533.0
169.0 496.0 178.0 500.0
220.0 574.0 230.0 576.0
347.0 413.0 356.0 410.0
145.0 307.0 150.0 313.0
154.0 102.0 157.0 110.0
144.0 549.0 154.0 554.0
144.0 307.0 150.0 313.0
399.0 561.0 412.0 557.0
170.0 479.0 178.0 483.0
220.0 575.0 230.0 576.0
164.0 216.0 168.0 222.0
405.0 25.0 405.0 29.0
445.0 161.0 449.0 160.0
169.0 497.0 178.0 500.0
348.0 488.0 360.0 486.0
311.0 144.0 315.0 147.0
467.0 169.0 471.0 164.0
398.0 561.0 412.0 557.0
406.0 25.0 405.0 29.0
139.0 460.0 146.0 466.0
242.0 418.0 250.0 419.0
231.0 531.0 240.0 533.0
145.0 306.0 150.0 312.0
145.0 308.0 150.0 313.0
128.0 621.0 138.0 627.0
312.0 145.0 315.0 147.0
96.0 170.0 101.0 179.0
121.0 463.0 127.0 467.0
231.0 530.0 240.0 533.0
398.0 562.0 411.0 558.0
161.0 273.0 166.0 277.0
232.0 530.0 240.0 533.0
156.0 435.0 163.0 440.0
415.0 405.0 424.0 399.0
312.0 144.0 315.0 147.0
155.0 102.0 157.0 110.0
120.0 149.0 124.0 157.0
171.0 478.0 179.0 482.0
399.0 562.0 411.0 558.0
230.0 468.0 238.0 471.0
192.0 143.0 197.0 150.0
109.0 599.0 118.0 604.0
319.0 481.0 330.0 479.0
230.0 530.0 240.0 533.0
119.0 149.0 124.0 157.0
120.0 462.0 126.0 467.0
313.0 144.0 315.0 147.0
220.0 573.0 230.0 576.0
311.0 392.0 320.0 392.0
156.0 436.0 162.0 441.0
119.0 463.0 126.0 467.0
91.0 466.0 99.0 470.0
162.0 272.0 166.0 277.0
313.0 392.0 320.0 392.0
192.0 515.0 201.0 519.0
191.0 515.0 201.0 519.0
178.0 189.0 180.0 196.0
230.0 469.0 238.0 471.0
161.0 272.0 166.0 277.0
141.0 14.0 143.0 25.0
109.0 600.0 118.0 604.0
92.0 466.0 99.0 470.0
95.0 139.0 100.0 149.0
173.0 13.0 176.0 21.0
312.0 391.0 320.0 392.0
179.0 442.0 188.0 445.0
227.0 485.0 235.0 487.0
446.0 160.0 449.0 160.0
120.0 150.0 124.0 157.0
145.0 231.0 152.0 236.0
145.0 230.0 152.0 236.0
97.0 170.0 101.0 179.0
312.0 392.0 320.0 392.0
173.0 12.0 176.0 20.0
108.0 599.0 118.0 604.0
193.0 515.0 201.0 519.0
179.0 441.0 188.0 445.0
312.0 143.0 315.0 147.0
347.0 414.0 356.0 410.0
32.0 371.0 39.0 374.0
140.0 14.0 143.0 25.0
90.0 466.0 99.0 470.0
120.0 463.0 126.0 467.0
179.0 440.0 188.0 443.0
108.0 600.0 118.0 604.0
405.0 24.0 405.0 29.0
89.0 237.0 93.0 244.0
122.0 482.0 130.0 488.0
278.0 568.0 288.0 569.0
122.0 96.0 127.0 106.0
116.0 238.0 128.0 244.0
67.0 289.0 74.0 297.0
180.0 441.0 188.0 443.0
172.0 12.0 175.0 20.0
155.0 435.0 163.0 440.0
145.0 548.0 154.0 554.0
311.0 391.0 320.0 391.0
93.0 301.0 100.0 307.0
140.0 13.0 143.0 25.0
141.0 13.0 143.0 25.0
455.0 76.0 456.0 78.0
85.0 401.0 91.0 405.0
141.0 12.0 143.0 25.0
123.0 97.0 127.0 106.0
96.0 139.0 100.0 149.0
91.0 467.0 99.0 471.0
155.0 434.0 163.0 439.0
124.0 97.0 127.0 106.0
128.0 620.0 138.0 627.0
180.0 440.0 188.0 443.0
88.0 236.0 93.0 244.0
424.0 41.0 425.0 44.0
231.0 468.0 238.0 471.0
231.0 469.0 238.0 471.0
228.0 485.0 235.0 487.0
73.0 192.0 77.0 201.0
66.0 289.0 74.0 298.0
31.0 370.0 39.0 374.0
90.0 237.0 94.0 244.0
429.0 486.0 439.0 481.0
278.0 567.0 288.0 569.0
124.0 96.0 127.0 106.0
123.0 96.0 127.0 106.0
425.0 41.0 425.0 44.0
192.0 514.0 201.0 519.0
92.0 300.0 100.0 307.0
89.0 236.0 93.0 244.0
72.0 192.0 77.0 201.0
279.0 567.0 288.0 569.0
155.0 436.0 163.0 440.0
145.0 549.0 154.0 554.0
66.0 288.0 74.0 297.0
32.0 464.0 41.0 469.0
214.0 497.0 223.0 499.0
425.0 40.0 425.0 44.0
112.0 302.0 119.0 307.0
38.0 396.0 46.0 398.0
424.0 40.0 425.0 44.0
93.0 300.0 100.0 307.0
31.0 371.0 39.0 374.0
428.0 486.0 439.0 481.0
425.0 39.0 425.0 44.0
33.0 464.0 41.0 469.0
432.0 532.0 444.0 528.0
215.0 497.0 223.0 499.0
426.0 40.0 425.0 44.0
123.0 95.0 127.0 106.0
427.0 486.0 438.0 482.0
428.0 487.0 439.0 481.0
431.0 532.0 444.0 528.0
241.0 201.0 246.0 196.0
215.0 496.0 223.0 499.0
242.0 201.0 246.0 196.0
432.0 533.0 443.0 529.0
37.0 396.0 46.0 398.0
431.0 533.0 443.0 529.0
124.0 634.0 138.0 628.0
38.0 397.0 46.0 398.0
427.0 487.0 438.0 482.0
37.0 397.0 46.0 398.0
106.0 209.0 105.0 220.0
82.0 572.0 89.0 575.0
106.0 208.0 105.0 220.0
107.0 209.0 105.0 220.0
82.0 571.0 89.0 575.0
253.0 431.0 258.0 425.0
128.0 422.0 131.0 426.0
81.0 571.0 89.0 575.0
81.0 570.0 89.0 575.0
107.0 208.0 105.0 220.0
274.0 324.0 288.0 320.0
220.0 131.0 211.0 134.0
247.0 334.0 270.0 337.0
268.0 560.0 288.0 569.0
247.0 335.0 270.0 338.0
221.0 131.0 211.0 134.0
