309.0 490.0 297.0 477.0
117.0 131.0 102.0 130.0
116.0 131.0 102.0 130.0
116.0 129.0 102.0 128.0
116.0 130.0 102.0 129.0
390.0 273.0 374.0 260.0
117.0 129.0 102.0 128.0
308.0 491.0 297.0 477.0
336.0 500.0 322.0 487.0
117.0 130.0 102.0 129.0
308.0 490.0 297.0 477.0
334.0 500.0 321.0 488.0
309.0 491.0 297.0 477.0
390.0 274.0 374.0 260.0
95.0 248.0 82.0 246.0
121.0 562.0 111.0 558.0
94.0 246.0 82.0 245.0
118.0 130.0 102.0 129.0
334.0 499.0 321.0 487.0
335.0 500.0 322.0 488.0
335.0 499.0 321.0 487.0
389.0 273.0 374.0 260.0
118.0 129.0 102.0 129.0
120.0 562.0 110.0 558.0
120.0 561.0 110.0 558.0
95.0 247.0 82.0 245.0
251.0 122.0 235.0 114.0
121.0 561.0 111.0 558.0
334.0 498.0 321.0 487.0
313.0 446.0 300.0 432.0
179.0 54.0 163.0 52.0
134.0 508.0 123.0 503.0
133.0 507.0 123.0 503.0
136.0 508.0 123.0 503.0
311.0 446.0 299.0 433.0
71.0 187.0 56.0 187.0
294.0 442.0 282.0 431.0
154.0 510.0 143.0 505.0
155.0 511.0 143.0 505.0
312.0 446.0 299.0 433.0
133.0 366.0 123.0 361.0
135.0 508.0 123.0 503.0
179.0 53.0 163.0 52.0
312.0 445.0 299.0 433.0
155.0 510.0 143.0 505.0
293.0 441.0 280.0 430.0
150.0 409.0 139.0 402.0
180.0 53.0 163.0 52.0
133.0 367.0 122.0 362.0
94.0 247.0 81.0 245.0
94.0 248.0 82.0 246.0
250.0 122.0 235.0 114.0
294.0 441.0 280.0 430.0
134.0 507.0 123.0 503.0
132.0 367.0 122.0 362.0
102.0 187.0 88.0 184.0
295.0 442.0 280.0 430.0
149.0 409.0 139.0 402.0
180.0 55.0 163.0 52.0
134.0 367.0 122.0 362.0
181.0 54.0 163.0 52.0
72.0 187.0 57.0 186.0
79.0 258.0 66.0 256.0
94.0 528.0 82.0 525.0
180.0 54.0 163.0 52.0
117.0 330.0 103.0 327.0
312.0 447.0 299.0 433.0
311.0 447.0 299.0 433.0
250.0 123.0 235.0 114.0
294.0 351.0 283.0 341.0
147.0 376.0 134.0 370.0
293.0 442.0 282.0 431.0
117.0 331.0 103.0 327.0
154.0 511.0 143.0 505.0
212.0 232.0 198.0 224.0
154.0 509.0 143.0 505.0
58.0 195.0 44.0 196.0
155.0 509.0 143.0 505.0
181.0 53.0 164.0 52.0
71.0 188.0 57.0 186.0
135.0 507.0 123.0 503.0
101.0 187.0 88.0 184.0
313.0 447.0 300.0 434.0
147.0 377.0 135.0 371.0
61.0 101.0 48.0 101.0
55.0 209.0 44.0 209.0
328.0 283.0 311.0 270.0
121.0 445.0 111.0 444.0
72.0 188.0 56.0 187.0
93.0 247.0 81.0 245.0
94.0 631.0 83.0 628.0
78.0 258.0 66.0 256.0
295.0 352.0 283.0 341.0
329.0 283.0 311.0 270.0
155.0 512.0 143.0 505.0
211.0 232.0 198.0 224.0
94.0 630.0 83.0 628.0
95.0 629.0 83.0 626.0
32.0 621.0 23.0 621.0
61.0 100.0 48.0 101.0
134.0 506.0 123.0 503.0
329.0 282.0 311.0 269.0
94.0 529.0 82.0 525.0
249.0 122.0 234.0 115.0
95.0 631.0 83.0 628.0
327.0 282.0 311.0 270.0
142.0 447.0 131.0 444.0
128.0 289.0 117.0 285.0
95.0 630.0 83.0 628.0
32.0 620.0 23.0 621.0
102.0 509.0 90.0 507.0
108.0 541.0 96.0 537.0
263.0 633.0 254.0 625.0
108.0 540.0 96.0 537.0
41.0 592.0 32.0 593.0
327.0 281.0 311.0 269.0
158.0 471.0 146.0 466.0
327.0 280.0 311.0 269.0
80.0 259.0 67.0 257.0
162.0 486.0 152.0 480.0
328.0 282.0 311.0 270.0
40.0 593.0 32.0 593.0
263.0 632.0 254.0 625.0
148.0 375.0 135.0 370.0
107.0 540.0 96.0 537.0
328.0 281.0 311.0 269.0
56.0 209.0 44.0 209.0
83.0 444.0 68.0 443.0
184.0 613.0 174.0 606.0
56.0 381.0 44.0 379.0
180.0 563.0 170.0 557.0
129.0 288.0 117.0 285.0
40.0 592.0 32.0 593.0
129.0 289.0 117.0 285.0
264.0 633.0 254.0 625.0
264.0 634.0 254.0 625.0
18.0 547.0 16.0 544.0
133.0 532.0 126.0 528.0
148.0 376.0 135.0 370.0
56.0 478.0 48.0 477.0
79.0 259.0 66.0 257.0
264.0 632.0 254.0 625.0
134.0 532.0 126.0 528.0
143.0 446.0 131.0 444.0
33.0 621.0 23.0 621.0
180.0 564.0 170.0 557.0
58.0 196.0 44.0 196.0
78.0 259.0 66.0 257.0
250.0 291.0 237.0 280.0
265.0 633.0 254.0 625.0
136.0 394.0 124.0 391.0
84.0 444.0 68.0 443.0
250.0 290.0 237.0 280.0
57.0 195.0 44.0 196.0
161.0 486.0 150.0 480.0
107.0 541.0 96.0 537.0
33.0 620.0 23.0 621.0
162.0 485.0 150.0 480.0
60.0 100.0 48.0 101.0
134.0 533.0 126.0 528.0
60.0 101.0 48.0 101.0
101.0 509.0 90.0 507.0
55.0 382.0 43.0 380.0
57.0 479.0 46.0 478.0
84.0 443.0 68.0 443.0
178.0 466.0 166.0 460.0
142.0 446.0 131.0 444.0
289.0 259.0 276.0 247.0
56.0 382.0 44.0 379.0
184.0 614.0 173.0 606.0
288.0 260.0 275.0 248.0
17.0 547.0 16.0 544.0
18.0 546.0 16.0 544.0
56.0 383.0 43.0 380.0
161.0 485.0 150.0 480.0
128.0 288.0 117.0 285.0
61.0 99.0 48.0 101.0
33.0 619.0 23.0 621.0
85.0 444.0 68.0 443.0
183.0 614.0 173.0 606.0
243.0 605.0 235.0 601.0
60.0 99.0 47.0 101.0
177.0 466.0 166.0 460.0
135.0 394.0 124.0 391.0
183.0 613.0 174.0 606.0
59.0 100.0 47.0 101.0
289.0 260.0 276.0 247.0
17.0 546.0 16.0 544.0
127.0 288.0 117.0 284.0
45.0 510.0 35.0 506.0
55.0 479.0 46.0 478.0
188.0 226.0 176.0 220.0
139.0 577.0 129.0 572.0
201.0 577.0 190.0 570.0
56.0 479.0 46.0 478.0
157.0 471.0 146.0 466.0
162.0 616.0 152.0 609.0
154.0 349.0 140.0 345.0
188.0 225.0 176.0 220.0
38.0 380.0 27.0 378.0
59.0 101.0 47.0 102.0
70.0 497.0 61.0 496.0
102.0 619.0 90.0 614.0
45.0 509.0 35.0 506.0
135.0 393.0 124.0 391.0
39.0 592.0 31.0 593.0
242.0 605.0 235.0 600.0
141.0 556.0 133.0 550.0
289.0 261.0 276.0 247.0
202.0 577.0 191.0 571.0
66.0 475.0 48.0 476.0
141.0 555.0 133.0 550.0
103.0 618.0 91.0 614.0
269.0 182.0 252.0 174.0
153.0 349.0 140.0 345.0
265.0 513.0 253.0 502.0
138.0 577.0 129.0 573.0
77.0 258.0 66.0 256.0
242.0 604.0 235.0 600.0
230.0 307.0 218.0 300.0
139.0 576.0 129.0 572.0
38.0 381.0 27.0 378.0
202.0 576.0 190.0 570.0
264.0 513.0 252.0 502.0
2.0 276.0 2.0 268.0
223.0 361.0 209.0 352.0
136.0 393.0 124.0 391.0
155.0 350.0 141.0 345.0
265.0 514.0 255.0 502.0
154.0 351.0 140.0 345.0
103.0 619.0 90.0 614.0
39.0 380.0 27.0 378.0
231.0 307.0 217.0 299.0
14.0 448.0 10.0 504.0
26.0 546.0 16.0 544.0
264.0 515.0 252.0 502.0
187.0 225.0 176.0 220.0
153.0 350.0 140.0 345.0
270.0 182.0 252.0 174.0
263.0 513.0 252.0 502.0
141.0 446.0 131.0 444.0
138.0 575.0 129.0 572.0
154.0 350.0 140.0 345.0
429.0 533.0 418.0 525.0
140.0 555.0 133.0 550.0
147.0 542.0 137.0 535.0
31.0 440.0 19.0 441.0
102.0 618.0 90.0 614.0
140.0 556.0 133.0 550.0
241.0 604.0 235.0 600.0
18.0 378.0 9.0 376.0
243.0 604.0 235.0 601.0
30.0 440.0 19.0 440.0
264.0 514.0 252.0 502.0
29.0 441.0 18.0 441.0
138.0 24.0 129.0 25.0
86.0 444.0 68.0 443.0
201.0 576.0 190.0 570.0
138.0 576.0 129.0 572.0
141.0 447.0 131.0 444.0
211.0 460.0 200.0 451.0
269.0 183.0 252.0 174.0
147.0 543.0 137.0 535.0
212.0 460.0 200.0 451.0
242.0 603.0 235.0 600.0
264.0 512.0 252.0 502.0
429.0 532.0 418.0 525.0
166.0 16.0 153.0 19.0
201.0 370.0 189.0 363.0
430.0 534.0 418.0 525.0
211.0 461.0 197.0 451.0
29.0 440.0 18.0 441.0
430.0 533.0 418.0 525.0
209.0 498.0 196.0 488.0
30.0 439.0 18.0 441.0
138.0 23.0 129.0 25.0
209.0 497.0 196.0 488.0
430.0 532.0 418.0 525.0
212.0 461.0 197.0 451.0
165.0 16.0 153.0 19.0
137.0 577.0 129.0 573.0
241.0 603.0 235.0 600.0
18.0 377.0 9.0 376.0
201.0 575.0 190.0 570.0
39.0 381.0 27.0 378.0
270.0 183.0 252.0 174.0
19.0 378.0 9.0 376.0
139.0 23.0 129.0 25.0
231.0 308.0 218.0 300.0
137.0 576.0 129.0 572.0
208.0 499.0 196.0 488.0
20.0 378.0 9.0 376.0
19.0 377.0 9.0 376.0
137.0 24.0 129.0 25.0
56.0 308.0 46.0 305.0
103.0 576.0 100.0 575.0
103.0 577.0 100.0 575.0
25.0 79.0 11.0 80.0
36.0 307.0 23.0 303.0
57.0 308.0 46.0 305.0
224.0 362.0 209.0 352.0
19.0 507.0 9.0 505.0
208.0 498.0 196.0 488.0
26.0 79.0 11.0 81.0
137.0 23.0 129.0 25.0
224.0 361.0 209.0 352.0
102.0 576.0 100.0 575.0
21.0 508.0 11.0 505.0
207.0 498.0 196.0 488.0
207.0 499.0 196.0 488.0
36.0 308.0 23.0 303.0
102.0 577.0 100.0 575.0
26.0 78.0 11.0 80.0
20.0 508.0 9.0 505.0
20.0 507.0 9.0 505.0
25.0 78.0 11.0 80.0
21.0 507.0 9.0 505.0
148.0 620.0 144.0 632.0
27.0 79.0 11.0 81.0
27.0 78.0 11.0 81.0
147.0 620.0 144.0 632.0
152.0 29.0 130.0 26.0
241.0 622.0 236.0 601.0
152.0 28.0 130.0 26.0
306.0 430.0 300.0 432.0
270.0 594.0 254.0 583.0
252.0 216.0 234.0 199.0
152.0 27.0 130.0 26.0
45.0 254.0 33.0 253.0
103.0 600.0 101.0 597.0
148.0 619.0 144.0 632.0
153.0 29.0 130.0 26.0
153.0 28.0 130.0 26.0
252.0 217.0 234.0 199.0
46.0 254.0 33.0 253.0
137.0 354.0 122.0 360.0
305.0 430.0 300.0 432.0
13.0 431.0 8.0 376.0
14.0 432.0 8.0 376.0
253.0 216.0 234.0 199.0
137.0 353.0 122.0 360.0
188.0 567.0 170.0 557.0
14.0 431.0 8.0 376.0
14.0 430.0 8.0 376.0
154.0 593.0 151.0 608.0
