124.0 469.0 152.0 452.0
381.0 517.0 401.0 503.0
127.0 160.0 149.0 150.0
251.0 367.0 272.0 356.0
404.0 421.0 425.0 410.0
125.0 470.0 152.0 452.0
405.0 421.0 425.0 410.0
404.0 420.0 425.0 410.0
126.0 160.0 149.0 150.0
90.0 117.0 112.0 107.0
124.0 471.0 152.0 454.0
123.0 470.0 152.0 452.0
405.0 420.0 425.0 410.0
252.0 367.0 273.0 356.0
186.0 436.0 210.0 422.0
404.0 422.0 425.0 410.0
123.0 471.0 152.0 452.0
124.0 470.0 152.0 452.0
405.0 422.0 425.0 410.0
251.0 368.0 273.0 356.0
149.0 242.0 174.0 233.0
122.0 470.0 152.0 452.0
204.0 431.0 225.0 419.0
90.0 116.0 110.0 106.0
89.0 117.0 110.0 106.0
121.0 285.0 143.0 275.0
134.0 208.0 155.0 197.0
125.0 160.0 149.0 150.0
205.0 431.0 225.0 419.0
187.0 436.0 210.0 422.0
367.0 415.0 387.0 403.0
208.0 265.0 229.0 256.0
320.0 440.0 343.0 427.0
166.0 122.0 189.0 111.0
208.0 266.0 229.0 256.0
367.0 414.0 387.0 403.0
204.0 432.0 225.0 419.0
218.0 109.0 237.0 99.0
122.0 285.0 143.0 275.0
319.0 442.0 343.0 427.0
150.0 242.0 174.0 233.0
237.0 481.0 260.0 465.0
209.0 349.0 231.0 339.0
306.0 150.0 332.0 141.0
187.0 437.0 210.0 422.0
204.0 433.0 225.0 420.0
253.0 367.0 273.0 356.0
406.0 421.0 425.0 410.0
89.0 116.0 110.0 106.0
238.0 481.0 260.0 465.0
223.0 492.0 245.0 477.0
238.0 480.0 260.0 465.0
124.0 160.0 148.0 150.0
125.0 161.0 149.0 150.0
211.0 348.0 237.0 334.0
81.0 315.0 106.0 303.0
205.0 433.0 226.0 420.0
149.0 243.0 172.0 234.0
134.0 207.0 155.0 197.0
186.0 437.0 210.0 422.0
150.0 243.0 172.0 234.0
237.0 480.0 260.0 465.0
80.0 315.0 106.0 303.0
306.0 151.0 331.0 140.0
395.0 438.0 414.0 427.0
252.0 368.0 273.0 356.0
222.0 492.0 245.0 477.0
322.0 172.0 348.0 161.0
150.0 244.0 172.0 234.0
135.0 208.0 155.0 197.0
205.0 432.0 226.0 419.0
218.0 108.0 237.0 99.0
135.0 207.0 155.0 197.0
167.0 123.0 189.0 111.0
314.0 312.0 333.0 302.0
223.0 493.0 245.0 477.0
79.0 315.0 105.0 302.0
151.0 242.0 174.0 233.0
308.0 68.0 334.0 56.0
207.0 266.0 229.0 256.0
307.0 68.0 332.0 57.0
122.0 471.0 151.0 453.0
253.0 368.0 273.0 356.0
79.0 314.0 105.0 302.0
209.0 348.0 231.0 338.0
151.0 243.0 174.0 233.0
319.0 441.0 343.0 427.0
307.0 67.0 332.0 57.0
212.0 348.0 237.0 334.0
167.0 122.0 189.0 111.0
309.0 68.0 334.0 56.0
217.0 108.0 237.0 99.0
259.0 424.0 283.0 410.0
319.0 440.0 343.0 427.0
236.0 482.0 259.0 466.0
185.0 437.0 210.0 422.0
373.0 395.0 394.0 384.0
66.0 356.0 92.0 343.0
236.0 481.0 259.0 466.0
103.0 419.0 129.0 404.0
308.0 67.0 334.0 56.0
401.0 164.0 425.0 155.0
207.0 265.0 228.0 255.0
80.0 314.0 106.0 302.0
80.0 194.0 106.0 182.0
309.0 67.0 334.0 56.0
206.0 266.0 228.0 256.0
102.0 419.0 129.0 404.0
319.0 386.0 339.0 378.0
210.0 349.0 231.0 339.0
321.0 172.0 347.0 161.0
217.0 109.0 237.0 99.0
168.0 122.0 189.0 111.0
313.0 310.0 333.0 302.0
372.0 484.0 397.0 468.0
321.0 173.0 348.0 161.0
47.0 215.0 70.0 204.0
203.0 432.0 225.0 419.0
322.0 171.0 347.0 161.0
47.0 214.0 70.0 204.0
401.0 163.0 425.0 155.0
373.0 484.0 397.0 468.0
210.0 348.0 237.0 334.0
66.0 357.0 92.0 344.0
49.0 81.0 66.0 68.0
165.0 224.0 188.0 214.0
402.0 164.0 425.0 155.0
261.0 423.0 283.0 410.0
121.0 471.0 151.0 453.0
260.0 423.0 283.0 410.0
49.0 80.0 66.0 68.0
158.0 456.0 182.0 442.0
313.0 311.0 333.0 302.0
50.0 80.0 66.0 68.0
50.0 82.0 67.0 69.0
206.0 265.0 228.0 256.0
372.0 485.0 397.0 468.0
50.0 81.0 66.0 68.0
260.0 424.0 283.0 410.0
401.0 333.0 421.0 322.0
319.0 387.0 339.0 378.0
320.0 386.0 344.0 374.0
51.0 81.0 67.0 69.0
164.0 224.0 188.0 214.0
273.0 455.0 296.0 442.0
159.0 456.0 182.0 442.0
318.0 387.0 339.0 378.0
48.0 214.0 70.0 204.0
320.0 172.0 347.0 161.0
314.0 311.0 333.0 302.0
50.0 134.0 68.0 126.0
103.0 420.0 129.0 404.0
402.0 163.0 425.0 155.0
312.0 493.0 332.0 480.0
158.0 455.0 183.0 441.0
273.0 454.0 296.0 442.0
401.0 332.0 421.0 322.0
371.0 485.0 397.0 468.0
48.0 215.0 73.0 203.0
318.0 388.0 339.0 378.0
377.0 522.0 400.0 504.0
53.0 272.0 80.0 262.0
260.0 425.0 283.0 410.0
319.0 388.0 339.0 378.0
321.0 171.0 347.0 161.0
373.0 394.0 394.0 384.0
216.0 109.0 237.0 99.0
73.0 429.0 94.0 416.0
374.0 395.0 395.0 384.0
320.0 387.0 339.0 378.0
353.0 505.0 377.0 490.0
261.0 424.0 283.0 410.0
102.0 420.0 129.0 404.0
412.0 482.0 430.0 469.0
72.0 428.0 94.0 416.0
211.0 349.0 237.0 334.0
402.0 332.0 421.0 322.0
274.0 455.0 297.0 442.0
55.0 318.0 75.0 306.0
313.0 493.0 332.0 480.0
216.0 108.0 237.0 99.0
354.0 506.0 377.0 489.0
46.0 214.0 70.0 204.0
65.0 357.0 91.0 343.0
46.0 215.0 70.0 204.0
267.0 65.0 291.0 55.0
67.0 357.0 92.0 344.0
205.0 137.0 227.0 126.0
56.0 318.0 75.0 306.0
320.0 171.0 347.0 161.0
371.0 484.0 397.0 468.0
320.0 173.0 347.0 162.0
374.0 394.0 395.0 384.0
318.0 441.0 343.0 427.0
382.0 64.0 408.0 53.0
411.0 482.0 430.0 469.0
403.0 164.0 425.0 155.0
313.0 492.0 332.0 480.0
45.0 214.0 70.0 204.0
94.0 180.0 116.0 170.0
274.0 454.0 296.0 442.0
159.0 454.0 183.0 441.0
344.0 558.0 368.0 540.0
166.0 224.0 188.0 214.0
353.0 506.0 377.0 490.0
159.0 455.0 182.0 442.0
45.0 215.0 70.0 204.0
72.0 429.0 94.0 416.0
163.0 174.0 183.0 168.0
55.0 317.0 75.0 306.0
376.0 522.0 400.0 504.0
73.0 428.0 94.0 416.0
322.0 170.0 347.0 161.0
74.0 429.0 94.0 416.0
160.0 454.0 182.0 442.0
74.0 428.0 94.0 416.0
165.0 223.0 188.0 214.0
54.0 272.0 80.0 262.0
55.0 272.0 80.0 262.0
57.0 317.0 75.0 306.0
318.0 442.0 343.0 427.0
147.0 219.0 169.0 209.0
343.0 558.0 368.0 540.0
93.0 180.0 116.0 170.0
383.0 64.0 408.0 53.0
403.0 163.0 425.0 155.0
56.0 316.0 75.0 306.0
56.0 317.0 75.0 306.0
412.0 481.0 430.0 469.0
94.0 181.0 116.0 170.0
354.0 505.0 377.0 489.0
93.0 181.0 116.0 170.0
160.0 456.0 183.0 442.0
375.0 395.0 395.0 384.0
273.0 398.0 298.0 386.0
160.0 455.0 182.0 442.0
204.0 137.0 227.0 127.0
376.0 521.0 400.0 504.0
342.0 558.0 368.0 540.0
166.0 223.0 188.0 214.0
375.0 394.0 395.0 384.0
73.0 427.0 94.0 416.0
411.0 501.0 430.0 490.0
75.0 428.0 94.0 416.0
48.0 518.0 75.0 504.0
55.0 316.0 75.0 306.0
383.0 63.0 408.0 53.0
384.0 64.0 408.0 53.0
374.0 393.0 394.0 384.0
164.0 175.0 183.0 168.0
384.0 63.0 408.0 53.0
412.0 480.0 430.0 469.0
74.0 427.0 94.0 416.0
411.0 481.0 430.0 469.0
345.0 559.0 368.0 540.0
411.0 502.0 430.0 490.0
411.0 480.0 430.0 469.0
375.0 522.0 400.0 504.0
270.0 182.0 294.0 172.0
92.0 181.0 116.0 170.0
61.0 359.0 92.0 344.0
269.0 181.0 294.0 172.0
49.0 517.0 75.0 504.0
47.0 518.0 75.0 504.0
341.0 558.0 368.0 540.0
48.0 517.0 75.0 504.0
46.0 518.0 74.0 503.0
80.0 389.0 105.0 372.0
164.0 174.0 183.0 168.0
412.0 502.0 430.0 490.0
57.0 427.0 93.0 416.0
342.0 559.0 368.0 540.0
269.0 183.0 294.0 172.0
348.0 277.0 371.0 268.0
269.0 182.0 294.0 172.0
268.0 182.0 294.0 172.0
344.0 559.0 368.0 540.0
81.0 389.0 105.0 372.0
164.0 173.0 183.0 168.0
47.0 517.0 74.0 503.0
343.0 559.0 368.0 540.0
56.0 428.0 93.0 416.0
347.0 277.0 371.0 268.0
56.0 427.0 93.0 416.0
48.0 516.0 74.0 503.0
30.0 507.0 53.0 491.0
268.0 183.0 294.0 172.0
47.0 516.0 74.0 503.0
46.0 517.0 74.0 503.0
412.0 503.0 430.0 490.0
30.0 508.0 53.0 491.0
222.0 153.0 242.0 146.0
165.0 175.0 183.0 168.0
81.0 390.0 105.0 372.0
165.0 174.0 183.0 168.0
348.0 278.0 371.0 268.0
57.0 426.0 93.0 416.0
165.0 173.0 183.0 168.0
29.0 507.0 53.0 491.0
29.0 508.0 53.0 491.0
80.0 390.0 105.0 372.0
222.0 152.0 242.0 146.0
347.0 278.0 371.0 268.0
164.0 437.0 187.0 424.0
79.0 390.0 105.0 372.0
371.0 421.0 387.0 403.0
52.0 612.0 81.0 590.0
72.0 198.0 105.0 182.0
164.0 438.0 187.0 424.0
301.0 145.0 331.0 140.0
15.0 214.0 31.0 207.0
439.0 218.0 462.0 210.0
440.0 218.0 462.0 210.0
165.0 437.0 187.0 424.0
166.0 174.0 183.0 168.0
35.0 150.0 66.0 127.0
165.0 438.0 193.0 429.0
15.0 213.0 31.0 207.0
166.0 173.0 183.0 168.0
14.0 213.0 31.0 207.0
71.0 198.0 105.0 182.0
35.0 149.0 66.0 127.0
166.0 437.0 187.0 424.0
34.0 285.0 54.0 276.0
33.0 286.0 54.0 276.0
18.0 356.0 34.0 347.0
454.0 245.0 466.0 239.0
268.0 381.0 281.0 372.0
16.0 405.0 37.0 394.0
33.0 285.0 54.0 276.0
454.0 244.0 466.0 239.0
34.0 284.0 54.0 276.0
15.0 405.0 37.0 394.0
17.0 405.0 38.0 394.0
17.0 404.0 38.0 395.0
32.0 286.0 54.0 276.0
431.0 491.0 454.0 485.0
430.0 492.0 454.0 485.0
269.0 381.0 281.0 372.0
16.0 404.0 38.0 395.0
430.0 490.0 454.0 485.0
430.0 491.0 454.0 485.0
33.0 284.0 54.0 276.0
32.0 284.0 54.0 276.0
32.0 285.0 54.0 276.0
31.0 286.0 54.0 276.0
