130.0 251.0 132.0 244.0
131.0 251.0 133.0 244.0
173.0 265.0 175.0 258.0
58.0 91.0 58.0 86.0
332.0 206.0 333.0 198.0
63.0 265.0 67.0 258.0
426.0 355.0 428.0 347.0
57.0 91.0 58.0 86.0
60.0 108.0 62.0 101.0
116.0 112.0 118.0 107.0
131.0 252.0 133.0 244.0
459.0 34.0 459.0 30.0
61.0 108.0 62.0 101.0
60.0 107.0 62.0 101.0
131.0 250.0 133.0 244.0
58.0 92.0 58.0 86.0
425.0 357.0 428.0 347.0
459.0 35.0 459.0 30.0
330.0 207.0 331.0 198.0
63.0 263.0 67.0 258.0
117.0 113.0 118.0 107.0
116.0 113.0 118.0 107.0
57.0 92.0 58.0 86.0
52.0 30.0 53.0 27.0
63.0 264.0 67.0 258.0
172.0 265.0 175.0 258.0
426.0 357.0 428.0 347.0
329.0 207.0 330.0 199.0
330.0 205.0 331.0 198.0
11.0 145.0 13.0 141.0
415.0 147.0 415.0 139.0
117.0 112.0 118.0 107.0
426.0 356.0 428.0 347.0
427.0 355.0 429.0 345.0
330.0 206.0 331.0 198.0
245.0 216.0 246.0 208.0
425.0 356.0 428.0 347.0
329.0 206.0 331.0 198.0
413.0 147.0 414.0 140.0
331.0 206.0 333.0 198.0
10.0 145.0 12.0 141.0
425.0 355.0 428.0 345.0
427.0 357.0 429.0 346.0
244.0 217.0 246.0 208.0
95.0 78.0 96.0 75.0
331.0 207.0 332.0 198.0
52.0 29.0 53.0 27.0
56.0 92.0 58.0 86.0
414.0 147.0 414.0 140.0
51.0 30.0 53.0 27.0
415.0 146.0 415.0 139.0
64.0 265.0 67.0 258.0
473.0 293.0 474.0 284.0
59.0 108.0 62.0 101.0
117.0 114.0 118.0 107.0
472.0 293.0 474.0 284.0
95.0 79.0 96.0 75.0
329.0 205.0 331.0 198.0
62.0 265.0 67.0 258.0
331.0 205.0 333.0 198.0
10.0 144.0 12.0 141.0
64.0 263.0 67.0 258.0
56.0 90.0 58.0 86.0
64.0 264.0 68.0 258.0
60.0 109.0 62.0 101.0
414.0 146.0 414.0 139.0
427.0 356.0 429.0 345.0
17.0 202.0 21.0 196.0
56.0 91.0 58.0 86.0
63.0 210.0 65.0 204.0
51.0 29.0 53.0 26.0
415.0 148.0 414.0 140.0
95.0 80.0 96.0 75.0
212.0 555.0 218.0 539.0
51.0 31.0 53.0 27.0
63.0 211.0 65.0 204.0
57.0 90.0 58.0 86.0
77.0 246.0 81.0 240.0
414.0 148.0 414.0 140.0
118.0 80.0 119.0 75.0
213.0 552.0 218.0 539.0
50.0 30.0 53.0 27.0
22.0 615.0 29.0 604.0
244.0 215.0 246.0 208.0
187.0 502.0 193.0 492.0
11.0 146.0 13.0 141.0
62.0 264.0 67.0 258.0
63.0 212.0 65.0 204.0
244.0 216.0 246.0 208.0
53.0 30.0 53.0 27.0
94.0 78.0 97.0 73.0
94.0 79.0 96.0 75.0
235.0 84.0 235.0 78.0
240.0 68.0 240.0 62.0
473.0 288.0 474.0 277.0
116.0 114.0 118.0 107.0
22.0 613.0 29.0 604.0
231.0 198.0 231.0 190.0
24.0 123.0 25.0 122.0
212.0 556.0 217.0 540.0
213.0 550.0 218.0 539.0
62.0 211.0 65.0 204.0
52.0 31.0 53.0 27.0
28.0 110.0 30.0 105.0
22.0 614.0 29.0 604.0
224.0 212.0 226.0 204.0
88.0 117.0 89.0 111.0
23.0 123.0 25.0 122.0
28.0 109.0 30.0 105.0
226.0 213.0 226.0 204.0
21.0 614.0 29.0 604.0
226.0 212.0 226.0 204.0
188.0 503.0 193.0 492.0
240.0 69.0 241.0 63.0
10.0 146.0 13.0 141.0
84.0 403.0 89.0 395.0
10.0 197.0 13.0 193.0
24.0 122.0 25.0 122.0
213.0 551.0 218.0 539.0
11.0 197.0 13.0 193.0
10.0 198.0 13.0 193.0
11.0 198.0 13.0 193.0
370.0 84.0 371.0 79.0
211.0 556.0 217.0 540.0
118.0 81.0 119.0 75.0
224.0 213.0 226.0 204.0
89.0 56.0 90.0 50.0
93.0 15.0 94.0 10.0
88.0 118.0 90.0 112.0
225.0 213.0 226.0 204.0
93.0 14.0 94.0 10.0
119.0 80.0 119.0 75.0
94.0 80.0 96.0 75.0
35.0 84.0 36.0 80.0
230.0 198.0 232.0 191.0
59.0 109.0 62.0 101.0
467.0 120.0 466.0 116.0
77.0 247.0 81.0 240.0
188.0 504.0 192.0 493.0
86.0 163.0 89.0 157.0
87.0 117.0 89.0 111.0
187.0 503.0 193.0 492.0
178.0 390.0 180.0 381.0
87.0 163.0 89.0 157.0
468.0 121.0 466.0 116.0
231.0 197.0 231.0 190.0
117.0 80.0 119.0 75.0
235.0 85.0 235.0 78.0
234.0 85.0 235.0 78.0
89.0 55.0 90.0 50.0
133.0 113.0 134.0 107.0
230.0 197.0 231.0 190.0
90.0 56.0 90.0 50.0
36.0 84.0 38.0 80.0
94.0 13.0 95.0 10.0
225.0 212.0 226.0 204.0
10.0 147.0 13.0 141.0
243.0 216.0 246.0 208.0
117.0 81.0 119.0 75.0
473.0 287.0 474.0 277.0
89.0 118.0 90.0 112.0
134.0 113.0 134.0 107.0
230.0 52.0 231.0 47.0
474.0 287.0 474.0 277.0
118.0 79.0 119.0 75.0
371.0 84.0 371.0 79.0
95.0 13.0 95.0 10.0
225.0 214.0 226.0 204.0
230.0 199.0 232.0 191.0
95.0 15.0 95.0 10.0
65.0 43.0 66.0 39.0
64.0 44.0 66.0 39.0
64.0 43.0 66.0 39.0
94.0 15.0 95.0 10.0
85.0 163.0 89.0 157.0
36.0 85.0 38.0 80.0
214.0 551.0 218.0 539.0
51.0 398.0 57.0 390.0
22.0 92.0 24.0 89.0
53.0 31.0 53.0 27.0
243.0 215.0 246.0 208.0
76.0 246.0 80.0 240.0
95.0 14.0 95.0 10.0
157.0 230.0 159.0 224.0
231.0 52.0 231.0 47.0
158.0 230.0 159.0 223.0
157.0 231.0 159.0 224.0
234.0 84.0 235.0 78.0
113.0 296.0 116.0 289.0
158.0 231.0 159.0 224.0
158.0 229.0 159.0 223.0
23.0 613.0 29.0 604.0
50.0 399.0 57.0 390.0
356.0 126.0 357.0 121.0
22.0 93.0 24.0 89.0
403.0 188.0 404.0 177.0
295.0 153.0 299.0 147.0
239.0 68.0 239.0 62.0
23.0 614.0 29.0 604.0
112.0 296.0 116.0 289.0
355.0 126.0 356.0 121.0
84.0 405.0 89.0 396.0
187.0 504.0 193.0 492.0
76.0 247.0 80.0 240.0
31.0 479.0 37.0 471.0
83.0 404.0 89.0 396.0
88.0 119.0 90.0 112.0
94.0 14.0 95.0 10.0
18.0 128.0 25.0 124.0
84.0 404.0 89.0 395.0
201.0 392.0 204.0 381.0
279.0 30.0 279.0 22.0
51.0 399.0 57.0 390.0
75.0 54.0 76.0 49.0
87.0 118.0 89.0 112.0
403.0 187.0 404.0 177.0
113.0 297.0 116.0 289.0
144.0 244.0 146.0 235.0
65.0 44.0 66.0 39.0
156.0 230.0 158.0 224.0
200.0 393.0 204.0 381.0
279.0 29.0 279.0 22.0
278.0 29.0 279.0 22.0
296.0 154.0 299.0 147.0
48.0 479.0 53.0 472.0
90.0 318.0 93.0 311.0
157.0 229.0 159.0 223.0
200.0 391.0 204.0 381.0
95.0 334.0 99.0 327.0
47.0 479.0 53.0 471.0
66.0 399.0 71.0 391.0
35.0 85.0 36.0 80.0
48.0 480.0 53.0 472.0
83.0 405.0 89.0 396.0
177.0 391.0 180.0 381.0
75.0 53.0 76.0 49.0
22.0 91.0 24.0 87.0
43.0 204.0 44.0 199.0
112.0 297.0 116.0 289.0
76.0 54.0 77.0 50.0
177.0 390.0 180.0 381.0
356.0 125.0 357.0 121.0
239.0 69.0 240.0 63.0
144.0 402.0 148.0 392.0
278.0 28.0 279.0 22.0
120.0 413.0 126.0 404.0
98.0 239.0 101.0 232.0
143.0 243.0 146.0 235.0
200.0 392.0 204.0 381.0
49.0 479.0 53.0 472.0
468.0 120.0 466.0 116.0
134.0 114.0 134.0 107.0
42.0 203.0 44.0 199.0
144.0 243.0 146.0 235.0
42.0 204.0 44.0 199.0
279.0 28.0 279.0 22.0
43.0 202.0 44.0 199.0
230.0 53.0 231.0 47.0
133.0 114.0 134.0 107.0
121.0 413.0 126.0 404.0
98.0 240.0 102.0 232.0
355.0 125.0 357.0 121.0
18.0 620.0 29.0 604.0
67.0 399.0 71.0 391.0
30.0 480.0 37.0 471.0
43.0 203.0 44.0 199.0
16.0 535.0 24.0 526.0
473.0 286.0 474.0 277.0
99.0 239.0 102.0 232.0
47.0 481.0 53.0 472.0
16.0 534.0 25.0 526.0
60.0 569.0 67.0 558.0
176.0 391.0 180.0 381.0
47.0 480.0 53.0 472.0
97.0 239.0 101.0 232.0
98.0 238.0 101.0 232.0
18.0 619.0 29.0 604.0
60.0 570.0 67.0 558.0
231.0 53.0 231.0 47.0
218.0 620.0 224.0 603.0
163.0 142.0 166.0 135.0
205.0 122.0 206.0 114.0
204.0 123.0 206.0 114.0
107.0 165.0 110.0 159.0
239.0 70.0 241.0 63.0
59.0 569.0 68.0 557.0
59.0 570.0 66.0 557.0
65.0 159.0 67.0 154.0
176.0 390.0 180.0 381.0
144.0 401.0 148.0 391.0
143.0 244.0 146.0 235.0
34.0 397.0 40.0 390.0
145.0 187.0 147.0 177.0
42.0 202.0 44.0 199.0
17.0 129.0 25.0 124.0
219.0 620.0 224.0 603.0
97.0 238.0 101.0 232.0
18.0 127.0 25.0 124.0
30.0 479.0 37.0 471.0
108.0 165.0 110.0 159.0
205.0 123.0 206.0 114.0
66.0 159.0 67.0 154.0
231.0 54.0 231.0 47.0
163.0 141.0 166.0 135.0
175.0 221.0 177.0 213.0
66.0 161.0 67.0 154.0
164.0 143.0 166.0 135.0
120.0 298.0 123.0 291.0
176.0 222.0 177.0 213.0
48.0 478.0 54.0 471.0
204.0 121.0 206.0 114.0
205.0 124.0 206.0 115.0
204.0 122.0 206.0 114.0
175.0 390.0 180.0 381.0
230.0 54.0 231.0 47.0
177.0 220.0 178.0 213.0
17.0 619.0 29.0 604.0
17.0 535.0 24.0 526.0
163.0 143.0 166.0 135.0
169.0 29.0 169.0 25.0
35.0 398.0 40.0 390.0
17.0 533.0 25.0 526.0
66.0 160.0 67.0 154.0
17.0 128.0 25.0 124.0
107.0 164.0 108.0 159.0
168.0 29.0 169.0 25.0
177.0 221.0 179.0 212.0
65.0 160.0 67.0 154.0
146.0 186.0 147.0 177.0
67.0 405.0 73.0 398.0
17.0 534.0 24.0 526.0
170.0 30.0 169.0 25.0
164.0 142.0 166.0 135.0
164.0 140.0 166.0 128.0
34.0 398.0 40.0 390.0
18.0 534.0 24.0 526.0
175.0 391.0 180.0 381.0
41.0 203.0 43.0 199.0
156.0 511.0 162.0 500.0
146.0 187.0 147.0 177.0
205.0 120.0 206.0 114.0
155.0 511.0 162.0 500.0
108.0 164.0 110.0 158.0
157.0 510.0 162.0 500.0
164.0 141.0 166.0 135.0
205.0 121.0 206.0 114.0
65.0 161.0 67.0 154.0
167.0 120.0 170.0 114.0
171.0 164.0 173.0 158.0
176.0 219.0 178.0 213.0
59.0 571.0 68.0 557.0
168.0 30.0 168.0 26.0
17.0 127.0 25.0 124.0
263.0 616.0 268.0 602.0
67.0 406.0 73.0 398.0
8.0 475.0 16.0 466.0
176.0 220.0 178.0 213.0
8.0 409.0 8.0 404.0
168.0 120.0 170.0 114.0
9.0 475.0 16.0 466.0
145.0 186.0 147.0 177.0
145.0 185.0 147.0 177.0
146.0 185.0 147.0 177.0
169.0 120.0 171.0 114.0
9.0 474.0 16.0 466.0
16.0 128.0 13.0 140.0
176.0 221.0 178.0 213.0
121.0 412.0 126.0 404.0
8.0 474.0 16.0 466.0
33.0 398.0 40.0 390.0
169.0 30.0 169.0 25.0
19.0 407.0 25.0 402.0
82.0 461.0 88.0 447.0
120.0 412.0 126.0 404.0
59.0 430.0 66.0 420.0
169.0 121.0 171.0 114.0
168.0 121.0 170.0 114.0
145.0 184.0 147.0 177.0
156.0 510.0 162.0 499.0
119.0 105.0 119.0 106.0
9.0 473.0 16.0 466.0
81.0 461.0 88.0 447.0
84.0 441.0 90.0 430.0
19.0 408.0 25.0 402.0
156.0 240.0 159.0 225.0
62.0 593.0 69.0 585.0
70.0 27.0 72.0 12.0
136.0 156.0 133.0 146.0
171.0 165.0 173.0 158.0
170.0 164.0 173.0 158.0
171.0 166.0 173.0 158.0
196.0 171.0 198.0 164.0
121.0 411.0 126.0 404.0
63.0 594.0 69.0 585.0
60.0 246.0 64.0 229.0
84.0 442.0 90.0 430.0
42.0 598.0 50.0 587.0
63.0 595.0 69.0 585.0
62.0 594.0 69.0 585.0
71.0 27.0 72.0 12.0
252.0 39.0 252.0 32.0
61.0 246.0 64.0 229.0
362.0 94.0 357.0 78.0
43.0 597.0 50.0 587.0
170.0 165.0 173.0 158.0
63.0 593.0 69.0 585.0
246.0 42.0 252.0 32.0
85.0 441.0 90.0 430.0
37.0 209.0 43.0 199.0
18.0 408.0 25.0 402.0
60.0 247.0 64.0 229.0
85.0 442.0 90.0 430.0
136.0 149.0 133.0 146.0
44.0 598.0 50.0 587.0
38.0 209.0 43.0 199.0
136.0 157.0 133.0 146.0
43.0 598.0 50.0 587.0
70.0 28.0 72.0 12.0
14.0 481.0 16.0 466.0
61.0 247.0 64.0 229.0
42.0 599.0 50.0 587.0
89.0 337.0 94.0 311.0
362.0 95.0 357.0 78.0
136.0 150.0 133.0 146.0
88.0 336.0 94.0 311.0
170.0 166.0 173.0 158.0
43.0 599.0 50.0 587.0
106.0 374.0 97.0 370.0
187.0 129.0 188.0 114.0
44.0 599.0 50.0 587.0
105.0 463.0 104.0 450.0
88.0 337.0 94.0 311.0
107.0 336.0 99.0 327.0
106.0 463.0 104.0 450.0
107.0 337.0 99.0 327.0
121.0 284.0 124.0 290.0
50.0 236.0 64.0 229.0
55.0 455.0 68.0 443.0
108.0 336.0 99.0 327.0
121.0 283.0 123.0 290.0
108.0 337.0 99.0 327.0
56.0 456.0 68.0 443.0
79.0 356.0 96.0 369.0
144.0 618.0 77.0 624.0
144.0 617.0 77.0 624.0
55.0 456.0 68.0 443.0
145.0 618.0 77.0 624.0
