12.0 214.0 13.0 229.0
13.0 215.0 13.0 229.0
321.0 582.0 331.0 581.0
12.0 216.0 12.0 230.0
12.0 215.0 13.0 229.0
317.0 138.0 314.0 144.0
13.0 216.0 13.0 229.0
322.0 582.0 331.0 581.0
35.0 219.0 35.0 233.0
107.0 161.0 105.0 172.0
106.0 161.0 105.0 172.0
318.0 137.0 315.0 142.0
318.0 138.0 315.0 143.0
321.0 581.0 331.0 580.0
108.0 161.0 105.0 172.0
316.0 137.0 314.0 143.0
36.0 220.0 35.0 233.0
323.0 582.0 332.0 581.0
107.0 160.0 106.0 171.0
317.0 137.0 314.0 144.0
107.0 159.0 106.0 171.0
229.0 161.0 227.0 169.0
322.0 580.0 331.0 580.0
322.0 581.0 331.0 580.0
318.0 136.0 315.0 142.0
108.0 160.0 106.0 171.0
230.0 310.0 231.0 315.0
35.0 220.0 35.0 233.0
106.0 160.0 105.0 172.0
68.0 538.0 73.0 550.0
466.0 236.0 466.0 233.0
271.0 626.0 282.0 628.0
229.0 160.0 227.0 169.0
108.0 162.0 106.0 173.0
305.0 386.0 307.0 386.0
304.0 387.0 307.0 386.0
162.0 203.0 160.0 211.0
230.0 159.0 228.0 167.0
272.0 626.0 282.0 628.0
107.0 162.0 105.0 172.0
230.0 309.0 231.0 314.0
305.0 387.0 307.0 386.0
68.0 537.0 73.0 550.0
103.0 228.0 103.0 238.0
468.0 237.0 467.0 234.0
317.0 136.0 314.0 142.0
230.0 161.0 228.0 169.0
67.0 538.0 73.0 550.0
231.0 310.0 231.0 315.0
323.0 581.0 332.0 581.0
230.0 160.0 227.0 169.0
274.0 416.0 278.0 417.0
76.0 232.0 75.0 243.0
104.0 228.0 104.0 238.0
467.0 236.0 467.0 234.0
230.0 162.0 228.0 169.0
271.0 627.0 282.0 628.0
272.0 627.0 282.0 628.0
69.0 538.0 73.0 550.0
273.0 415.0 277.0 416.0
271.0 628.0 282.0 628.0
304.0 386.0 307.0 386.0
231.0 309.0 231.0 314.0
96.0 541.0 101.0 551.0
96.0 540.0 101.0 551.0
141.0 223.0 140.0 232.0
142.0 117.0 139.0 130.0
272.0 628.0 282.0 628.0
73.0 56.0 69.0 73.0
141.0 224.0 140.0 234.0
115.0 357.0 117.0 367.0
97.0 523.0 101.0 534.0
209.0 63.0 203.0 76.0
97.0 524.0 101.0 534.0
273.0 416.0 278.0 417.0
162.0 210.0 161.0 219.0
467.0 237.0 467.0 234.0
76.0 233.0 75.0 244.0
433.0 213.0 431.0 212.0
243.0 398.0 247.0 401.0
274.0 415.0 278.0 417.0
162.0 202.0 160.0 211.0
162.0 209.0 161.0 219.0
355.0 387.0 357.0 384.0
58.0 128.0 56.0 143.0
466.0 237.0 467.0 234.0
59.0 128.0 57.0 143.0
116.0 358.0 117.0 367.0
96.0 542.0 101.0 551.0
431.0 214.0 429.0 212.0
142.0 224.0 141.0 234.0
330.0 543.0 336.0 541.0
432.0 213.0 430.0 212.0
141.0 225.0 141.0 234.0
355.0 386.0 357.0 384.0
103.0 229.0 103.0 238.0
195.0 74.0 191.0 86.0
244.0 398.0 247.0 401.0
183.0 226.0 181.0 235.0
284.0 606.0 293.0 607.0
283.0 607.0 292.0 607.0
194.0 75.0 191.0 86.0
95.0 541.0 101.0 551.0
242.0 398.0 247.0 401.0
368.0 393.0 371.0 390.0
182.0 226.0 181.0 235.0
161.0 203.0 160.0 211.0
161.0 202.0 160.0 211.0
260.0 512.0 267.0 514.0
337.0 432.0 340.0 430.0
271.0 440.0 274.0 441.0
284.0 607.0 293.0 607.0
95.0 542.0 101.0 551.0
368.0 394.0 371.0 390.0
436.0 171.0 433.0 173.0
23.0 396.0 26.0 410.0
437.0 171.0 433.0 173.0
116.0 357.0 117.0 367.0
182.0 225.0 181.0 235.0
124.0 549.0 129.0 558.0
422.0 17.0 413.0 25.0
432.0 214.0 430.0 212.0
195.0 75.0 191.0 86.0
209.0 65.0 204.0 77.0
194.0 73.0 191.0 86.0
243.0 397.0 247.0 401.0
431.0 213.0 430.0 212.0
58.0 129.0 56.0 143.0
59.0 129.0 57.0 143.0
116.0 356.0 117.0 367.0
195.0 73.0 191.0 86.0
335.0 460.0 340.0 457.0
117.0 357.0 117.0 367.0
23.0 397.0 26.0 410.0
24.0 397.0 26.0 410.0
433.0 214.0 430.0 212.0
209.0 64.0 204.0 77.0
437.0 170.0 433.0 173.0
270.0 439.0 274.0 440.0
421.0 17.0 413.0 25.0
274.0 477.0 278.0 478.0
209.0 320.0 210.0 326.0
194.0 74.0 191.0 86.0
431.0 215.0 429.0 212.0
283.0 606.0 292.0 607.0
297.0 588.0 306.0 587.0
215.0 150.0 212.0 158.0
438.0 170.0 433.0 173.0
124.0 547.0 129.0 557.0
432.0 215.0 430.0 212.0
43.0 565.0 49.0 579.0
369.0 393.0 371.0 390.0
181.0 226.0 181.0 235.0
433.0 215.0 430.0 212.0
244.0 397.0 247.0 401.0
95.0 540.0 101.0 551.0
142.0 118.0 139.0 130.0
67.0 537.0 73.0 550.0
182.0 227.0 181.0 235.0
282.0 606.0 292.0 607.0
270.0 440.0 274.0 440.0
438.0 171.0 433.0 173.0
329.0 543.0 336.0 541.0
336.0 460.0 340.0 458.0
367.0 393.0 371.0 390.0
277.0 382.0 279.0 383.0
297.0 587.0 306.0 587.0
278.0 382.0 280.0 383.0
115.0 219.0 115.0 229.0
253.0 611.0 262.0 614.0
213.0 162.0 210.0 171.0
10.0 501.0 12.0 514.0
368.0 395.0 371.0 390.0
215.0 149.0 212.0 158.0
216.0 150.0 212.0 158.0
163.0 318.0 165.0 327.0
212.0 162.0 210.0 171.0
274.0 476.0 278.0 478.0
160.0 401.0 163.0 410.0
114.0 218.0 114.0 229.0
163.0 319.0 165.0 327.0
115.0 218.0 114.0 229.0
346.0 549.0 353.0 549.0
11.0 501.0 14.0 514.0
463.0 190.0 460.0 189.0
23.0 398.0 26.0 410.0
290.0 422.0 294.0 422.0
306.0 412.0 309.0 411.0
250.0 588.0 258.0 589.0
271.0 438.0 274.0 440.0
24.0 398.0 26.0 410.0
196.0 54.0 190.0 68.0
297.0 589.0 306.0 587.0
139.0 373.0 141.0 381.0
209.0 321.0 210.0 326.0
143.0 117.0 139.0 130.0
270.0 438.0 274.0 440.0
464.0 189.0 460.0 189.0
208.0 320.0 210.0 326.0
436.0 170.0 433.0 173.0
163.0 320.0 165.0 326.0
329.0 544.0 336.0 541.0
296.0 588.0 306.0 587.0
124.0 548.0 129.0 557.0
271.0 439.0 274.0 440.0
291.0 421.0 294.0 422.0
202.0 435.0 207.0 441.0
345.0 549.0 353.0 549.0
213.0 163.0 210.0 171.0
254.0 611.0 262.0 614.0
163.0 432.0 166.0 441.0
253.0 612.0 262.0 614.0
346.0 550.0 353.0 549.0
275.0 477.0 278.0 478.0
122.0 373.0 123.0 381.0
282.0 607.0 292.0 607.0
143.0 499.0 148.0 508.0
164.0 318.0 165.0 327.0
250.0 587.0 258.0 589.0
369.0 394.0 371.0 390.0
463.0 189.0 460.0 189.0
114.0 219.0 114.0 229.0
181.0 103.0 176.0 117.0
123.0 548.0 129.0 558.0
101.0 509.0 105.0 520.0
10.0 502.0 13.0 515.0
160.0 403.0 163.0 410.0
367.0 394.0 371.0 390.0
159.0 402.0 163.0 410.0
123.0 547.0 129.0 557.0
203.0 436.0 207.0 441.0
349.0 97.0 344.0 103.0
212.0 163.0 210.0 171.0
336.0 461.0 341.0 458.0
337.0 433.0 340.0 430.0
204.0 435.0 208.0 441.0
11.0 502.0 14.0 514.0
229.0 496.0 235.0 501.0
160.0 402.0 163.0 410.0
209.0 25.0 202.0 41.0
345.0 550.0 353.0 549.0
35.0 445.0 37.0 452.0
181.0 102.0 176.0 117.0
290.0 421.0 294.0 422.0
36.0 446.0 37.0 452.0
208.0 321.0 210.0 326.0
229.0 495.0 235.0 501.0
296.0 587.0 306.0 587.0
254.0 612.0 262.0 614.0
180.0 103.0 176.0 117.0
36.0 445.0 37.0 452.0
462.0 189.0 460.0 189.0
116.0 595.0 123.0 604.0
463.0 188.0 460.0 189.0
35.0 444.0 37.0 452.0
11.0 503.0 13.0 515.0
209.0 26.0 202.0 41.0
296.0 589.0 306.0 587.0
106.0 494.0 110.0 502.0
170.0 550.0 176.0 556.0
293.0 460.0 299.0 460.0
292.0 461.0 299.0 460.0
459.0 113.0 452.0 117.0
207.0 320.0 210.0 326.0
204.0 434.0 208.0 441.0
155.0 536.0 160.0 543.0
293.0 461.0 299.0 460.0
98.0 429.0 100.0 439.0
210.0 25.0 202.0 41.0
203.0 434.0 208.0 441.0
170.0 549.0 176.0 556.0
105.0 494.0 110.0 502.0
159.0 403.0 163.0 410.0
162.0 432.0 166.0 441.0
121.0 373.0 124.0 383.0
459.0 84.0 451.0 88.0
459.0 83.0 451.0 88.0
161.0 432.0 166.0 441.0
207.0 321.0 210.0 326.0
121.0 499.0 126.0 508.0
230.0 497.0 235.0 501.0
289.0 421.0 293.0 422.0
35.0 446.0 37.0 452.0
120.0 499.0 126.0 508.0
122.0 499.0 126.0 508.0
203.0 435.0 208.0 441.0
147.0 479.0 153.0 486.0
121.0 498.0 126.0 508.0
460.0 83.0 451.0 88.0
148.0 479.0 153.0 486.0
307.0 413.0 310.0 412.0
9.0 542.0 13.0 554.0
121.0 500.0 126.0 508.0
155.0 535.0 160.0 543.0
90.0 377.0 92.0 387.0
285.0 457.0 291.0 458.0
104.0 494.0 109.0 502.0
127.0 577.0 133.0 585.0
230.0 496.0 235.0 501.0
97.0 430.0 100.0 439.0
306.0 413.0 310.0 412.0
8.0 542.0 13.0 554.0
105.0 493.0 109.0 502.0
117.0 595.0 123.0 604.0
105.0 495.0 110.0 502.0
255.0 611.0 262.0 614.0
169.0 549.0 176.0 556.0
126.0 170.0 125.0 181.0
175.0 489.0 180.0 494.0
441.0 42.0 432.0 48.0
178.0 341.0 187.0 347.0
118.0 595.0 123.0 604.0
161.0 433.0 166.0 441.0
149.0 479.0 153.0 486.0
286.0 457.0 291.0 458.0
305.0 413.0 309.0 412.0
98.0 430.0 100.0 439.0
99.0 430.0 101.0 440.0
120.0 609.0 127.0 618.0
122.0 374.0 124.0 383.0
336.0 483.0 342.0 478.0
121.0 374.0 124.0 383.0
295.0 588.0 306.0 587.0
177.0 340.0 187.0 347.0
117.0 594.0 123.0 604.0
154.0 535.0 160.0 543.0
175.0 488.0 180.0 494.0
185.0 473.0 188.0 479.0
255.0 612.0 262.0 614.0
440.0 42.0 432.0 48.0
120.0 608.0 127.0 618.0
119.0 608.0 127.0 618.0
169.0 550.0 176.0 556.0
102.0 363.0 103.0 372.0
100.0 362.0 103.0 372.0
101.0 363.0 103.0 372.0
230.0 495.0 236.0 499.0
177.0 341.0 187.0 347.0
179.0 615.0 188.0 622.0
90.0 376.0 92.0 387.0
120.0 610.0 127.0 618.0
202.0 417.0 208.0 417.0
148.0 478.0 153.0 486.0
178.0 615.0 189.0 622.0
147.0 478.0 153.0 486.0
89.0 376.0 92.0 387.0
227.0 570.0 234.0 573.0
176.0 341.0 187.0 347.0
177.0 342.0 187.0 347.0
124.0 414.0 126.0 422.0
125.0 169.0 124.0 181.0
101.0 362.0 103.0 372.0
124.0 415.0 126.0 422.0
126.0 169.0 124.0 181.0
83.0 358.0 83.0 368.0
231.0 495.0 236.0 499.0
231.0 496.0 235.0 501.0
84.0 358.0 83.0 368.0
68.0 613.0 75.0 625.0
102.0 362.0 103.0 372.0
7.0 597.0 4.0 611.0
222.0 311.0 230.0 314.0
189.0 48.0 190.0 66.0
69.0 612.0 75.0 625.0
161.0 24.0 156.0 39.0
68.0 612.0 75.0 625.0
85.0 358.0 83.0 368.0
83.0 357.0 83.0 367.0
160.0 25.0 156.0 39.0
84.0 357.0 84.0 367.0
92.0 268.0 99.0 280.0
69.0 613.0 75.0 625.0
126.0 168.0 124.0 181.0
186.0 341.0 187.0 347.0
123.0 415.0 126.0 422.0
222.0 312.0 230.0 314.0
114.0 464.0 120.0 472.0
439.0 69.0 430.0 76.0
438.0 69.0 430.0 76.0
161.0 26.0 156.0 39.0
133.0 467.0 137.0 475.0
160.0 26.0 156.0 39.0
161.0 25.0 156.0 39.0
438.0 68.0 430.0 76.0
70.0 612.0 75.0 625.0
115.0 464.0 120.0 472.0
68.0 611.0 75.0 625.0
132.0 468.0 137.0 475.0
69.0 611.0 75.0 625.0
133.0 468.0 137.0 475.0
187.0 341.0 187.0 347.0
439.0 68.0 430.0 76.0
162.0 25.0 156.0 39.0
221.0 312.0 230.0 314.0
91.0 267.0 99.0 279.0
178.0 521.0 179.0 532.0
91.0 268.0 99.0 279.0
41.0 64.0 36.0 93.0
24.0 584.0 28.0 597.0
23.0 584.0 28.0 597.0
61.0 358.0 62.0 366.0
63.0 357.0 62.0 366.0
25.0 584.0 28.0 597.0
24.0 583.0 28.0 597.0
19.0 531.0 13.0 554.0
63.0 358.0 62.0 366.0
62.0 357.0 62.0 366.0
63.0 359.0 62.0 366.0
62.0 358.0 62.0 366.0
19.0 530.0 13.0 554.0
61.0 359.0 62.0 366.0
180.0 593.0 192.0 584.0
62.0 359.0 62.0 366.0
51.0 396.0 66.0 411.0
75.0 398.0 67.0 412.0
75.0 397.0 67.0 412.0
62.0 360.0 62.0 366.0
181.0 593.0 192.0 584.0
29.0 598.0 43.0 623.0
51.0 397.0 66.0 411.0
181.0 594.0 192.0 584.0
