408.0 618.0 405.0 614.0
408.0 617.0 405.0 614.0
409.0 617.0 405.0 614.0
409.0 618.0 404.0 615.0
454.0 403.0 448.0 399.0
454.0 402.0 448.0 399.0
260.0 621.0 256.0 611.0
228.0 51.0 212.0 54.0
357.0 620.0 355.0 615.0
261.0 621.0 256.0 611.0
455.0 403.0 448.0 399.0
340.0 402.0 333.0 399.0
358.0 620.0 355.0 615.0
186.0 389.0 174.0 382.0
358.0 621.0 355.0 615.0
397.0 379.0 378.0 362.0
398.0 379.0 378.0 362.0
455.0 402.0 448.0 399.0
431.0 627.0 430.0 627.0
229.0 51.0 212.0 54.0
431.0 628.0 430.0 627.0
183.0 615.0 178.0 610.0
151.0 345.0 138.0 336.0
341.0 402.0 333.0 399.0
352.0 637.0 354.0 637.0
366.0 263.0 355.0 261.0
185.0 389.0 174.0 382.0
432.0 628.0 430.0 627.0
183.0 616.0 178.0 610.0
228.0 50.0 212.0 54.0
353.0 637.0 354.0 637.0
353.0 638.0 354.0 637.0
152.0 345.0 138.0 336.0
230.0 51.0 212.0 54.0
152.0 346.0 138.0 336.0
367.0 262.0 355.0 261.0
261.0 620.0 256.0 611.0
398.0 380.0 378.0 362.0
123.0 610.0 116.0 609.0
367.0 263.0 355.0 261.0
153.0 345.0 138.0 336.0
368.0 262.0 355.0 261.0
294.0 236.0 282.0 234.0
185.0 388.0 174.0 382.0
227.0 50.0 211.0 54.0
92.0 579.0 83.0 575.0
339.0 401.0 333.0 399.0
151.0 346.0 138.0 336.0
183.0 618.0 178.0 611.0
261.0 619.0 256.0 611.0
357.0 621.0 355.0 615.0
356.0 620.0 355.0 615.0
101.0 521.0 93.0 517.0
294.0 235.0 282.0 234.0
293.0 236.0 282.0 234.0
356.0 621.0 354.0 615.0
341.0 400.0 333.0 399.0
399.0 380.0 378.0 362.0
92.0 578.0 83.0 575.0
292.0 237.0 282.0 235.0
293.0 237.0 282.0 234.0
260.0 620.0 256.0 611.0
184.0 388.0 174.0 382.0
229.0 50.0 212.0 54.0
183.0 617.0 178.0 611.0
357.0 622.0 355.0 615.0
153.0 346.0 138.0 336.0
122.0 610.0 116.0 609.0
194.0 164.0 177.0 157.0
90.0 576.0 83.0 575.0
358.0 399.0 351.0 397.0
341.0 401.0 333.0 399.0
184.0 387.0 174.0 381.0
356.0 622.0 354.0 615.0
91.0 578.0 83.0 575.0
342.0 401.0 333.0 399.0
92.0 577.0 83.0 575.0
340.0 400.0 333.0 399.0
91.0 576.0 83.0 575.0
128.0 190.0 112.0 185.0
127.0 190.0 112.0 185.0
293.0 235.0 282.0 234.0
250.0 586.0 243.0 576.0
91.0 577.0 83.0 575.0
128.0 191.0 113.0 186.0
129.0 190.0 114.0 185.0
193.0 164.0 176.0 156.0
340.0 401.0 333.0 399.0
97.0 310.0 84.0 305.0
292.0 236.0 282.0 234.0
291.0 236.0 282.0 234.0
152.0 344.0 138.0 336.0
259.0 620.0 255.0 611.0
92.0 576.0 83.0 575.0
151.0 344.0 138.0 336.0
193.0 165.0 177.0 157.0
90.0 578.0 83.0 575.0
106.0 498.0 95.0 493.0
90.0 577.0 83.0 575.0
297.0 212.0 283.0 209.0
184.0 389.0 174.0 382.0
230.0 50.0 212.0 54.0
128.0 189.0 113.0 185.0
101.0 520.0 93.0 517.0
249.0 586.0 243.0 576.0
292.0 235.0 282.0 234.0
97.0 309.0 84.0 305.0
342.0 402.0 333.0 399.0
101.0 443.0 90.0 441.0
153.0 344.0 138.0 336.0
96.0 309.0 84.0 305.0
250.0 585.0 243.0 576.0
249.0 584.0 242.0 575.0
249.0 585.0 243.0 576.0
194.0 165.0 177.0 157.0
91.0 579.0 83.0 575.0
116.0 588.0 109.0 587.0
251.0 585.0 243.0 576.0
96.0 310.0 84.0 305.0
107.0 606.0 99.0 605.0
116.0 589.0 109.0 587.0
126.0 190.0 112.0 185.0
127.0 189.0 112.0 185.0
260.0 619.0 255.0 610.0
116.0 590.0 109.0 587.0
365.0 209.0 350.0 207.0
251.0 586.0 243.0 576.0
96.0 308.0 84.0 305.0
117.0 589.0 110.0 586.0
129.0 189.0 114.0 184.0
102.0 443.0 90.0 441.0
250.0 584.0 242.0 575.0
238.0 258.0 223.0 255.0
366.0 209.0 350.0 207.0
102.0 519.0 94.0 518.0
162.0 532.0 151.0 525.0
359.0 400.0 351.0 397.0
356.0 237.0 343.0 231.0
105.0 498.0 95.0 493.0
298.0 213.0 283.0 209.0
115.0 588.0 109.0 587.0
102.0 521.0 93.0 517.0
124.0 374.0 111.0 368.0
117.0 590.0 110.0 586.0
127.0 191.0 113.0 186.0
342.0 400.0 333.0 399.0
106.0 606.0 99.0 605.0
124.0 373.0 111.0 368.0
359.0 398.0 352.0 396.0
97.0 308.0 84.0 305.0
360.0 399.0 352.0 396.0
259.0 619.0 255.0 610.0
102.0 444.0 90.0 441.0
114.0 265.0 99.0 259.0
115.0 590.0 109.0 587.0
163.0 532.0 151.0 525.0
357.0 237.0 343.0 231.0
103.0 520.0 94.0 518.0
103.0 521.0 94.0 518.0
115.0 589.0 109.0 587.0
296.0 213.0 283.0 209.0
91.0 526.0 78.0 522.0
102.0 520.0 93.0 517.0
360.0 400.0 351.0 397.0
361.0 400.0 351.0 397.0
359.0 399.0 351.0 397.0
95.0 310.0 84.0 305.0
132.0 349.0 119.0 341.0
106.0 499.0 95.0 493.0
297.0 213.0 283.0 209.0
143.0 365.0 131.0 357.0
133.0 349.0 119.0 341.0
356.0 236.0 343.0 231.0
356.0 238.0 343.0 231.0
67.0 492.0 58.0 487.0
294.0 437.0 288.0 434.0
239.0 259.0 223.0 255.0
377.0 197.0 362.0 196.0
138.0 213.0 122.0 206.0
295.0 438.0 287.0 435.0
164.0 626.0 152.0 620.0
139.0 213.0 122.0 206.0
107.0 607.0 99.0 605.0
68.0 492.0 58.0 487.0
143.0 364.0 131.0 357.0
231.0 256.0 222.0 255.0
355.0 237.0 343.0 231.0
114.0 589.0 109.0 587.0
139.0 212.0 122.0 206.0
106.0 607.0 99.0 605.0
142.0 364.0 131.0 357.0
239.0 258.0 223.0 255.0
106.0 608.0 99.0 605.0
108.0 607.0 99.0 605.0
238.0 259.0 223.0 255.0
142.0 365.0 130.0 358.0
355.0 238.0 343.0 231.0
149.0 557.0 142.0 550.0
116.0 266.0 99.0 259.0
138.0 212.0 122.0 206.0
34.0 593.0 26.0 591.0
32.0 592.0 25.0 591.0
295.0 437.0 287.0 435.0
123.0 374.0 111.0 368.0
123.0 373.0 111.0 368.0
141.0 364.0 131.0 357.0
34.0 592.0 26.0 591.0
158.0 387.0 145.0 379.0
68.0 491.0 58.0 487.0
163.0 533.0 151.0 525.0
107.0 608.0 99.0 605.0
118.0 500.0 110.0 496.0
33.0 594.0 26.0 591.0
131.0 349.0 119.0 341.0
31.0 592.0 25.0 591.0
223.0 583.0 220.0 575.0
159.0 387.0 145.0 379.0
150.0 558.0 142.0 550.0
33.0 592.0 25.0 591.0
33.0 593.0 26.0 591.0
231.0 257.0 222.0 255.0
118.0 501.0 110.0 496.0
73.0 547.0 63.0 545.0
53.0 412.0 40.0 409.0
121.0 333.0 111.0 328.0
157.0 388.0 145.0 379.0
32.0 593.0 25.0 591.0
115.0 266.0 99.0 259.0
54.0 412.0 40.0 409.0
54.0 413.0 40.0 409.0
158.0 388.0 145.0 379.0
31.0 593.0 25.0 591.0
48.0 267.0 32.0 268.0
133.0 350.0 119.0 341.0
53.0 413.0 40.0 409.0
118.0 499.0 110.0 496.0
68.0 493.0 58.0 487.0
115.0 265.0 99.0 259.0
119.0 500.0 110.0 496.0
150.0 557.0 142.0 550.0
143.0 363.0 130.0 358.0
122.0 373.0 111.0 368.0
48.0 268.0 32.0 269.0
51.0 605.0 45.0 603.0
122.0 374.0 111.0 368.0
134.0 350.0 119.0 341.0
132.0 350.0 119.0 341.0
402.0 236.0 390.0 235.0
142.0 363.0 130.0 358.0
72.0 548.0 63.0 545.0
159.0 388.0 145.0 379.0
401.0 236.0 390.0 235.0
158.0 389.0 145.0 379.0
52.0 605.0 45.0 603.0
118.0 498.0 110.0 496.0
239.0 260.0 223.0 255.0
49.0 268.0 32.0 269.0
53.0 605.0 45.0 603.0
119.0 541.0 114.0 540.0
51.0 606.0 45.0 603.0
186.0 161.0 174.0 156.0
71.0 547.0 63.0 545.0
52.0 413.0 38.0 410.0
119.0 499.0 110.0 496.0
186.0 162.0 174.0 156.0
52.0 412.0 38.0 410.0
49.0 267.0 32.0 268.0
120.0 541.0 114.0 540.0
121.0 332.0 111.0 328.0
52.0 606.0 45.0 603.0
45.0 535.0 31.0 533.0
51.0 413.0 38.0 410.0
403.0 237.0 390.0 235.0
119.0 542.0 114.0 540.0
152.0 590.0 152.0 588.0
50.0 511.0 44.0 509.0
231.0 258.0 222.0 255.0
51.0 511.0 44.0 509.0
402.0 237.0 390.0 235.0
118.0 541.0 114.0 540.0
45.0 534.0 31.0 533.0
58.0 584.0 50.0 583.0
116.0 265.0 99.0 259.0
71.0 546.0 63.0 545.0
119.0 498.0 110.0 496.0
44.0 535.0 31.0 533.0
31.0 618.0 18.0 618.0
51.0 412.0 38.0 410.0
72.0 547.0 63.0 545.0
97.0 408.0 85.0 402.0
151.0 590.0 152.0 588.0
72.0 546.0 63.0 545.0
60.0 585.0 51.0 584.0
30.0 618.0 18.0 618.0
59.0 584.0 50.0 583.0
98.0 407.0 85.0 402.0
46.0 534.0 31.0 533.0
169.0 560.0 160.0 552.0
30.0 619.0 18.0 618.0
185.0 161.0 174.0 156.0
118.0 542.0 114.0 540.0
401.0 237.0 390.0 235.0
59.0 586.0 50.0 584.0
60.0 584.0 51.0 584.0
59.0 585.0 50.0 584.0
29.0 618.0 18.0 618.0
184.0 161.0 174.0 156.0
152.0 591.0 152.0 588.0
86.0 395.0 74.0 397.0
117.0 541.0 114.0 540.0
185.0 162.0 174.0 156.0
46.0 535.0 31.0 533.0
32.0 247.0 17.0 245.0
96.0 408.0 85.0 402.0
58.0 585.0 50.0 583.0
59.0 137.0 44.0 129.0
47.0 535.0 31.0 533.0
400.0 237.0 390.0 235.0
58.0 136.0 44.0 129.0
321.0 14.0 378.0 13.0
85.0 396.0 74.0 397.0
151.0 591.0 152.0 588.0
97.0 407.0 85.0 402.0
60.0 136.0 44.0 129.0
189.0 627.0 178.0 611.0
402.0 238.0 390.0 235.0
96.0 407.0 85.0 402.0
401.0 238.0 390.0 235.0
320.0 14.0 378.0 13.0
59.0 135.0 44.0 129.0
60.0 135.0 44.0 129.0
59.0 136.0 44.0 129.0
24.0 633.0 18.0 618.0
75.0 574.0 66.0 580.0
57.0 446.0 46.0 445.0
57.0 445.0 45.0 444.0
56.0 445.0 45.0 444.0
148.0 564.0 141.0 551.0
370.0 439.0 351.0 422.0
149.0 564.0 141.0 550.0
17.0 599.0 25.0 591.0
56.0 446.0 45.0 444.0
149.0 565.0 141.0 551.0
148.0 565.0 141.0 551.0
18.0 599.0 25.0 591.0
287.0 264.0 266.0 258.0
26.0 488.0 12.0 487.0
56.0 447.0 46.0 445.0
25.0 488.0 12.0 487.0
287.0 265.0 266.0 258.0
55.0 446.0 45.0 444.0
348.0 426.0 350.0 423.0
348.0 425.0 350.0 423.0
17.0 600.0 25.0 591.0
25.0 486.0 12.0 487.0
25.0 487.0 12.0 487.0
288.0 265.0 266.0 258.0
471.0 509.0 462.0 486.0
446.0 517.0 426.0 505.0
446.0 518.0 426.0 505.0
48.0 114.0 36.0 110.0
472.0 507.0 462.0 486.0
472.0 509.0 462.0 486.0
471.0 507.0 462.0 486.0
473.0 509.0 462.0 486.0
