436.0 477.0 436.0 495.0
436.0 478.0 436.0 495.0
435.0 478.0 436.0 496.0
437.0 478.0 436.0 495.0
142.0 613.0 140.0 619.0
435.0 477.0 436.0 495.0
141.0 613.0 140.0 619.0
383.0 506.0 383.0 523.0
436.0 479.0 436.0 496.0
142.0 612.0 140.0 617.0
141.0 614.0 139.0 618.0
241.0 490.0 241.0 499.0
140.0 613.0 139.0 618.0
384.0 508.0 383.0 524.0
240.0 490.0 241.0 499.0
437.0 477.0 437.0 495.0
144.0 449.0 146.0 459.0
384.0 507.0 383.0 524.0
17.0 622.0 15.0 622.0
384.0 506.0 384.0 523.0
385.0 508.0 383.0 524.0
241.0 489.0 241.0 499.0
141.0 612.0 139.0 618.0
32.0 452.0 34.0 455.0
46.0 427.0 49.0 431.0
46.0 428.0 49.0 431.0
207.0 443.0 208.0 451.0
32.0 453.0 34.0 455.0
207.0 442.0 208.0 451.0
93.0 168.0 99.0 171.0
240.0 489.0 241.0 499.0
239.0 490.0 241.0 500.0
436.0 476.0 437.0 495.0
31.0 453.0 34.0 455.0
242.0 489.0 242.0 499.0
33.0 452.0 34.0 455.0
171.0 267.0 176.0 274.0
47.0 428.0 49.0 431.0
191.0 603.0 189.0 611.0
191.0 604.0 189.0 611.0
177.0 612.0 175.0 618.0
33.0 453.0 34.0 455.0
263.0 304.0 267.0 315.0
90.0 497.0 91.0 501.0
31.0 452.0 34.0 455.0
176.0 610.0 174.0 618.0
176.0 611.0 174.0 618.0
47.0 427.0 49.0 431.0
385.0 507.0 383.0 524.0
158.0 321.0 161.0 330.0
176.0 612.0 174.0 618.0
117.0 423.0 121.0 435.0
91.0 498.0 92.0 502.0
91.0 496.0 91.0 501.0
194.0 350.0 197.0 357.0
89.0 497.0 91.0 501.0
28.0 558.0 28.0 558.0
192.0 603.0 189.0 611.0
118.0 425.0 122.0 436.0
118.0 424.0 121.0 435.0
261.0 303.0 267.0 314.0
283.0 430.0 284.0 443.0
190.0 603.0 189.0 611.0
177.0 611.0 175.0 618.0
92.0 169.0 99.0 171.0
95.0 520.0 95.0 526.0
263.0 303.0 267.0 314.0
241.0 488.0 241.0 499.0
118.0 423.0 121.0 435.0
235.0 299.0 238.0 307.0
262.0 304.0 267.0 314.0
92.0 168.0 99.0 171.0
92.0 498.0 92.0 502.0
109.0 506.0 110.0 511.0
190.0 602.0 189.0 611.0
92.0 167.0 99.0 171.0
262.0 303.0 267.0 314.0
90.0 498.0 91.0 502.0
91.0 497.0 92.0 502.0
191.0 602.0 189.0 611.0
175.0 611.0 173.0 618.0
140.0 361.0 145.0 369.0
240.0 488.0 241.0 499.0
119.0 425.0 122.0 436.0
386.0 508.0 384.0 524.0
36.0 233.0 41.0 236.0
92.0 497.0 92.0 501.0
93.0 167.0 99.0 170.0
283.0 431.0 284.0 443.0
239.0 489.0 241.0 499.0
167.0 302.0 172.0 308.0
102.0 276.0 108.0 283.0
195.0 350.0 198.0 357.0
284.0 431.0 285.0 443.0
93.0 498.0 93.0 502.0
103.0 276.0 108.0 283.0
177.0 610.0 175.0 618.0
261.0 302.0 267.0 314.0
78.0 157.0 85.0 160.0
240.0 316.0 243.0 324.0
92.0 459.0 94.0 467.0
356.0 367.0 361.0 383.0
195.0 349.0 197.0 357.0
36.0 234.0 41.0 236.0
91.0 167.0 99.0 171.0
140.0 359.0 145.0 369.0
119.0 424.0 122.0 436.0
95.0 521.0 95.0 526.0
139.0 240.0 144.0 245.0
221.0 382.0 223.0 390.0
103.0 545.0 103.0 550.0
431.0 402.0 435.0 421.0
239.0 315.0 243.0 324.0
120.0 18.0 130.0 21.0
140.0 375.0 144.0 385.0
29.0 369.0 34.0 371.0
95.0 522.0 95.0 526.0
235.0 298.0 239.0 306.0
141.0 376.0 144.0 385.0
140.0 360.0 145.0 369.0
262.0 302.0 267.0 314.0
109.0 505.0 110.0 511.0
138.0 240.0 144.0 245.0
37.0 234.0 41.0 236.0
141.0 360.0 145.0 369.0
176.0 609.0 174.0 618.0
154.0 389.0 158.0 400.0
91.0 169.0 98.0 172.0
153.0 389.0 158.0 400.0
355.0 367.0 361.0 383.0
239.0 317.0 242.0 324.0
239.0 316.0 243.0 324.0
255.0 372.0 257.0 384.0
37.0 233.0 41.0 236.0
29.0 368.0 34.0 371.0
140.0 376.0 144.0 385.0
16.0 315.0 20.0 317.0
431.0 401.0 435.0 421.0
431.0 403.0 435.0 421.0
355.0 366.0 361.0 383.0
232.0 266.0 238.0 274.0
176.0 524.0 175.0 530.0
141.0 359.0 145.0 368.0
243.0 400.0 246.0 411.0
194.0 348.0 197.0 357.0
177.0 524.0 175.0 530.0
240.0 315.0 243.0 324.0
244.0 400.0 246.0 411.0
167.0 301.0 172.0 308.0
168.0 302.0 172.0 308.0
90.0 168.0 98.0 172.0
220.0 381.0 223.0 390.0
141.0 361.0 145.0 369.0
102.0 275.0 108.0 283.0
194.0 349.0 197.0 357.0
91.0 168.0 99.0 171.0
142.0 360.0 146.0 369.0
232.0 265.0 238.0 274.0
31.0 322.0 36.0 324.0
234.0 299.0 238.0 307.0
176.0 523.0 175.0 530.0
287.0 96.0 296.0 107.0
233.0 265.0 238.0 274.0
240.0 317.0 243.0 324.0
17.0 315.0 21.0 317.0
153.0 390.0 158.0 400.0
157.0 321.0 161.0 330.0
92.0 458.0 94.0 467.0
32.0 323.0 36.0 324.0
16.0 316.0 20.0 317.0
255.0 373.0 257.0 384.0
233.0 266.0 239.0 274.0
256.0 372.0 258.0 384.0
158.0 322.0 161.0 330.0
268.0 78.0 280.0 89.0
32.0 322.0 36.0 324.0
234.0 266.0 239.0 274.0
234.0 265.0 238.0 274.0
32.0 324.0 36.0 324.0
168.0 301.0 172.0 308.0
176.0 522.0 175.0 530.0
89.0 342.0 92.0 348.0
79.0 157.0 85.0 160.0
110.0 501.0 110.0 511.0
256.0 373.0 258.0 384.0
187.0 537.0 186.0 544.0
138.0 16.0 150.0 18.0
154.0 390.0 158.0 400.0
165.0 219.0 173.0 227.0
104.0 544.0 103.0 550.0
105.0 545.0 103.0 551.0
104.0 545.0 103.0 550.0
120.0 17.0 129.0 21.0
269.0 78.0 280.0 89.0
53.0 544.0 60.0 543.0
270.0 51.0 282.0 62.0
109.0 502.0 110.0 511.0
45.0 269.0 49.0 270.0
268.0 77.0 280.0 89.0
66.0 209.0 72.0 213.0
178.0 284.0 184.0 291.0
155.0 389.0 158.0 400.0
269.0 79.0 280.0 89.0
443.0 286.0 447.0 304.0
155.0 390.0 158.0 400.0
44.0 269.0 49.0 270.0
234.0 298.0 239.0 306.0
74.0 458.0 76.0 465.0
356.0 366.0 361.0 383.0
220.0 382.0 223.0 390.0
44.0 268.0 49.0 270.0
17.0 316.0 21.0 317.0
65.0 210.0 71.0 213.0
158.0 323.0 161.0 330.0
193.0 349.0 197.0 357.0
104.0 546.0 103.0 551.0
245.0 400.0 246.0 411.0
271.0 51.0 281.0 61.0
103.0 546.0 103.0 550.0
442.0 285.0 447.0 303.0
64.0 209.0 71.0 213.0
109.0 501.0 110.0 511.0
154.0 391.0 158.0 400.0
187.0 536.0 186.0 544.0
365.0 383.0 363.0 398.0
17.0 317.0 20.0 317.0
255.0 374.0 257.0 384.0
206.0 524.0 206.0 532.0
66.0 210.0 72.0 214.0
180.0 283.0 184.0 291.0
177.0 523.0 175.0 530.0
65.0 209.0 72.0 213.0
179.0 284.0 184.0 291.0
159.0 512.0 158.0 520.0
74.0 457.0 76.0 465.0
73.0 458.0 75.0 466.0
89.0 343.0 92.0 348.0
93.0 459.0 94.0 467.0
207.0 524.0 206.0 532.0
222.0 592.0 219.0 599.0
156.0 353.0 160.0 362.0
93.0 458.0 94.0 467.0
110.0 500.0 110.0 511.0
442.0 286.0 447.0 303.0
186.0 536.0 185.0 545.0
256.0 374.0 257.0 384.0
220.0 383.0 223.0 390.0
185.0 537.0 185.0 545.0
255.0 262.0 260.0 272.0
186.0 538.0 185.0 545.0
90.0 341.0 92.0 348.0
180.0 284.0 184.0 291.0
90.0 343.0 91.0 349.0
43.0 269.0 49.0 270.0
159.0 513.0 158.0 520.0
178.0 283.0 184.0 291.0
287.0 95.0 296.0 107.0
179.0 283.0 184.0 291.0
186.0 537.0 185.0 545.0
244.0 401.0 246.0 411.0
15.0 272.0 20.0 271.0
92.0 457.0 94.0 467.0
111.0 569.0 111.0 574.0
109.0 500.0 110.0 511.0
222.0 591.0 219.0 599.0
90.0 342.0 92.0 348.0
112.0 569.0 111.0 574.0
156.0 322.0 161.0 330.0
106.0 334.0 109.0 336.0
155.0 353.0 160.0 362.0
73.0 457.0 75.0 466.0
43.0 268.0 49.0 270.0
157.0 322.0 161.0 330.0
207.0 525.0 206.0 532.0
14.0 272.0 20.0 271.0
245.0 401.0 246.0 411.0
177.0 522.0 175.0 530.0
39.0 203.0 46.0 205.0
222.0 590.0 219.0 599.0
93.0 457.0 94.0 467.0
366.0 383.0 363.0 398.0
220.0 492.0 219.0 501.0
14.0 273.0 20.0 272.0
103.0 368.0 108.0 380.0
219.0 493.0 219.0 501.0
137.0 16.0 149.0 18.0
288.0 96.0 296.0 107.0
157.0 323.0 161.0 330.0
104.0 369.0 108.0 380.0
35.0 394.0 37.0 397.0
194.0 424.0 196.0 435.0
40.0 203.0 46.0 205.0
223.0 591.0 220.0 599.0
194.0 423.0 197.0 434.0
219.0 193.0 224.0 204.0
40.0 202.0 46.0 205.0
219.0 492.0 219.0 501.0
158.0 512.0 158.0 520.0
270.0 50.0 282.0 62.0
130.0 306.0 135.0 314.0
221.0 591.0 219.0 599.0
254.0 262.0 260.0 272.0
218.0 194.0 224.0 204.0
200.0 242.0 204.0 248.0
154.0 353.0 160.0 362.0
137.0 15.0 149.0 18.0
221.0 194.0 226.0 205.0
178.0 282.0 184.0 291.0
219.0 491.0 219.0 501.0
91.0 342.0 92.0 348.0
201.0 242.0 204.0 248.0
219.0 195.0 226.0 205.0
218.0 492.0 219.0 501.0
106.0 335.0 109.0 336.0
156.0 354.0 160.0 362.0
197.0 617.0 189.0 611.0
179.0 282.0 184.0 291.0
220.0 195.0 226.0 205.0
15.0 435.0 16.0 431.0
199.0 241.0 204.0 248.0
107.0 334.0 109.0 336.0
200.0 241.0 204.0 248.0
45.0 375.0 48.0 381.0
81.0 366.0 85.0 373.0
129.0 307.0 135.0 314.0
41.0 46.0 50.0 44.0
21.0 219.0 18.0 227.0
220.0 193.0 224.0 204.0
198.0 618.0 189.0 611.0
21.0 147.0 28.0 147.0
39.0 202.0 46.0 205.0
43.0 46.0 51.0 45.0
84.0 278.0 87.0 287.0
43.0 45.0 50.0 44.0
52.0 363.0 55.0 368.0
22.0 218.0 28.0 218.0
209.0 177.0 216.0 185.0
220.0 194.0 226.0 205.0
42.0 46.0 51.0 45.0
198.0 617.0 189.0 611.0
91.0 343.0 92.0 348.0
55.0 224.0 62.0 225.0
219.0 194.0 224.0 204.0
21.0 218.0 28.0 218.0
81.0 365.0 85.0 373.0
32.0 191.0 40.0 194.0
303.0 411.0 307.0 428.0
80.0 365.0 85.0 373.0
57.0 224.0 62.0 225.0
129.0 306.0 135.0 314.0
31.0 190.0 40.0 194.0
155.0 354.0 160.0 362.0
22.0 219.0 28.0 218.0
17.0 98.0 26.0 99.0
31.0 191.0 40.0 194.0
130.0 305.0 135.0 314.0
227.0 131.0 236.0 139.0
303.0 412.0 307.0 428.0
79.0 365.0 85.0 373.0
52.0 362.0 55.0 368.0
42.0 45.0 50.0 44.0
172.0 310.0 173.0 309.0
127.0 607.0 139.0 618.0
16.0 435.0 16.0 431.0
80.0 366.0 85.0 373.0
353.0 577.0 351.0 594.0
126.0 607.0 139.0 618.0
173.0 310.0 173.0 309.0
55.0 223.0 62.0 225.0
107.0 335.0 109.0 336.0
151.0 108.0 159.0 112.0
43.0 122.0 53.0 115.0
129.0 305.0 134.0 314.0
56.0 224.0 62.0 225.0
43.0 123.0 53.0 115.0
15.0 436.0 16.0 431.0
56.0 223.0 62.0 225.0
17.0 100.0 26.0 99.0
42.0 123.0 53.0 115.0
17.0 99.0 26.0 99.0
106.0 336.0 109.0 336.0
116.0 236.0 122.0 241.0
128.0 306.0 135.0 314.0
16.0 436.0 16.0 431.0
80.0 364.0 85.0 373.0
435.0 412.0 436.0 422.0
5.0 604.0 15.0 622.0
116.0 235.0 122.0 241.0
141.0 79.0 153.0 83.0
6.0 604.0 15.0 622.0
125.0 118.0 133.0 122.0
115.0 236.0 122.0 241.0
107.0 336.0 109.0 336.0
227.0 132.0 236.0 139.0
228.0 131.0 236.0 139.0
435.0 413.0 436.0 422.0
81.0 226.0 89.0 231.0
141.0 78.0 153.0 82.0
125.0 119.0 133.0 122.0
140.0 79.0 152.0 83.0
83.0 226.0 89.0 231.0
25.0 606.0 15.0 622.0
123.0 211.0 131.0 217.0
115.0 235.0 122.0 241.0
82.0 226.0 89.0 231.0
114.0 235.0 122.0 241.0
227.0 133.0 236.0 140.0
90.0 554.0 103.0 551.0
140.0 78.0 152.0 83.0
139.0 78.0 152.0 83.0
411.0 409.0 411.0 419.0
139.0 79.0 152.0 83.0
89.0 554.0 103.0 551.0
133.0 123.0 146.0 134.0
228.0 132.0 236.0 139.0
134.0 123.0 146.0 134.0
3.0 306.0 20.0 317.0
194.0 399.0 206.0 402.0
4.0 306.0 20.0 317.0
193.0 398.0 206.0 402.0
82.0 529.0 95.0 526.0
193.0 399.0 206.0 402.0
134.0 122.0 146.0 134.0
133.0 122.0 146.0 134.0
81.0 529.0 95.0 526.0
18.0 291.0 20.0 272.0
