241.0 170.0 220.0 170.0
305.0 479.0 289.0 476.0
272.0 351.0 255.0 349.0
241.0 171.0 220.0 170.0
236.0 577.0 221.0 579.0
271.0 350.0 255.0 349.0
320.0 621.0 307.0 620.0
131.0 555.0 112.0 559.0
236.0 578.0 221.0 579.0
222.0 554.0 207.0 557.0
322.0 102.0 300.0 102.0
182.0 516.0 165.0 521.0
173.0 569.0 158.0 573.0
182.0 517.0 166.0 520.0
132.0 555.0 112.0 559.0
66.0 185.0 44.0 191.0
237.0 577.0 221.0 579.0
304.0 479.0 289.0 476.0
271.0 351.0 255.0 349.0
237.0 578.0 221.0 579.0
272.0 350.0 255.0 349.0
221.0 595.0 205.0 595.0
116.0 368.0 97.0 371.0
133.0 555.0 112.0 559.0
132.0 553.0 112.0 559.0
132.0 554.0 112.0 559.0
174.0 569.0 158.0 573.0
145.0 499.0 127.0 505.0
321.0 621.0 307.0 620.0
305.0 478.0 290.0 476.0
159.0 298.0 140.0 300.0
133.0 553.0 112.0 559.0
131.0 554.0 112.0 559.0
159.0 299.0 140.0 300.0
237.0 579.0 221.0 579.0
238.0 578.0 221.0 579.0
133.0 554.0 112.0 559.0
221.0 596.0 205.0 596.0
273.0 351.0 255.0 349.0
236.0 579.0 221.0 580.0
272.0 352.0 255.0 349.0
157.0 485.0 140.0 490.0
304.0 478.0 289.0 475.0
238.0 579.0 221.0 579.0
158.0 298.0 140.0 300.0
145.0 498.0 127.0 505.0
175.0 568.0 159.0 574.0
158.0 299.0 140.0 300.0
181.0 519.0 164.0 521.0
323.0 102.0 300.0 102.0
157.0 486.0 140.0 490.0
181.0 516.0 165.0 521.0
180.0 518.0 164.0 521.0
140.0 628.0 124.0 635.0
269.0 397.0 251.0 394.0
181.0 517.0 165.0 521.0
160.0 299.0 140.0 300.0
205.0 507.0 189.0 509.0
176.0 568.0 159.0 574.0
117.0 368.0 98.0 372.0
294.0 286.0 275.0 284.0
288.0 457.0 271.0 452.0
459.0 484.0 443.0 482.0
116.0 369.0 96.0 373.0
174.0 568.0 158.0 573.0
156.0 486.0 140.0 490.0
182.0 518.0 166.0 520.0
109.0 502.0 91.0 509.0
205.0 506.0 189.0 509.0
67.0 185.0 44.0 191.0
273.0 352.0 255.0 349.0
144.0 497.0 127.0 504.0
273.0 353.0 255.0 349.0
303.0 479.0 288.0 475.0
295.0 286.0 275.0 284.0
272.0 353.0 255.0 349.0
67.0 184.0 44.0 191.0
279.0 376.0 262.0 373.0
66.0 184.0 44.0 191.0
294.0 287.0 275.0 284.0
72.0 508.0 52.0 516.0
160.0 298.0 140.0 300.0
278.0 378.0 262.0 373.0
278.0 377.0 262.0 373.0
173.0 568.0 158.0 573.0
271.0 352.0 255.0 349.0
180.0 517.0 164.0 521.0
107.0 391.0 85.0 396.0
181.0 518.0 165.0 521.0
279.0 377.0 262.0 373.0
144.0 498.0 127.0 504.0
458.0 483.0 442.0 481.0
236.0 420.0 218.0 419.0
180.0 519.0 164.0 521.0
224.0 460.0 206.0 459.0
262.0 333.0 244.0 331.0
137.0 324.0 116.0 329.0
459.0 483.0 443.0 482.0
117.0 369.0 97.0 371.0
278.0 376.0 262.0 373.0
118.0 369.0 98.0 372.0
107.0 390.0 85.0 396.0
277.0 377.0 261.0 375.0
157.0 487.0 140.0 490.0
277.0 376.0 262.0 373.0
118.0 368.0 98.0 372.0
125.0 342.0 105.0 345.0
270.0 351.0 255.0 348.0
295.0 287.0 275.0 284.0
288.0 456.0 271.0 452.0
284.0 425.0 266.0 420.0
125.0 343.0 105.0 345.0
235.0 493.0 218.0 493.0
460.0 484.0 443.0 482.0
145.0 497.0 127.0 505.0
122.0 214.0 98.0 219.0
279.0 262.0 259.0 259.0
261.0 333.0 243.0 330.0
237.0 420.0 219.0 419.0
296.0 286.0 275.0 284.0
100.0 269.0 81.0 272.0
71.0 508.0 52.0 516.0
108.0 502.0 91.0 509.0
124.0 343.0 105.0 345.0
72.0 507.0 52.0 516.0
284.0 424.0 266.0 420.0
460.0 483.0 443.0 482.0
110.0 502.0 92.0 509.0
235.0 494.0 218.0 493.0
146.0 498.0 127.0 505.0
100.0 268.0 81.0 272.0
293.0 264.0 274.0 260.0
136.0 324.0 116.0 328.0
71.0 507.0 52.0 516.0
283.0 424.0 266.0 420.0
238.0 420.0 219.0 419.0
101.0 270.0 81.0 273.0
204.0 507.0 189.0 509.0
122.0 213.0 98.0 219.0
203.0 392.0 186.0 392.0
156.0 487.0 140.0 491.0
200.0 470.0 183.0 472.0
89.0 253.0 65.0 261.0
109.0 503.0 91.0 509.0
88.0 253.0 65.0 261.0
181.0 324.0 163.0 325.0
225.0 460.0 207.0 458.0
276.0 447.0 258.0 444.0
294.0 264.0 274.0 260.0
146.0 497.0 127.0 505.0
236.0 494.0 218.0 493.0
108.0 503.0 89.0 509.0
204.0 392.0 187.0 392.0
278.0 263.0 259.0 259.0
107.0 503.0 89.0 509.0
284.0 423.0 267.0 420.0
123.0 214.0 100.0 218.0
278.0 262.0 259.0 258.0
87.0 254.0 65.0 261.0
236.0 421.0 219.0 419.0
94.0 557.0 76.0 565.0
287.0 456.0 271.0 452.0
124.0 342.0 105.0 345.0
292.0 264.0 274.0 260.0
236.0 493.0 219.0 493.0
285.0 425.0 267.0 420.0
277.0 378.0 261.0 375.0
88.0 254.0 65.0 261.0
147.0 626.0 131.0 631.0
180.0 220.0 160.0 220.0
204.0 391.0 187.0 392.0
107.0 389.0 85.0 396.0
296.0 287.0 275.0 284.0
292.0 262.0 273.0 260.0
93.0 558.0 74.0 565.0
182.0 324.0 163.0 325.0
123.0 342.0 105.0 345.0
264.0 421.0 247.0 418.0
94.0 558.0 76.0 565.0
108.0 390.0 85.0 396.0
271.0 353.0 255.0 349.0
132.0 479.0 114.0 484.0
285.0 423.0 267.0 420.0
204.0 506.0 189.0 509.0
224.0 459.0 207.0 458.0
121.0 214.0 98.0 219.0
133.0 479.0 114.0 484.0
134.0 479.0 114.0 484.0
203.0 391.0 186.0 392.0
88.0 255.0 65.0 261.0
277.0 262.0 259.0 258.0
123.0 343.0 105.0 345.0
292.0 263.0 274.0 260.0
204.0 393.0 187.0 392.0
106.0 390.0 85.0 396.0
285.0 424.0 267.0 420.0
149.0 268.0 130.0 272.0
108.0 391.0 85.0 396.0
66.0 524.0 48.0 532.0
277.0 263.0 259.0 259.0
148.0 626.0 131.0 631.0
152.0 218.0 132.0 221.0
95.0 558.0 76.0 564.0
180.0 219.0 160.0 220.0
238.0 153.0 216.0 153.0
150.0 218.0 132.0 221.0
248.0 278.0 228.0 275.0
238.0 154.0 216.0 153.0
89.0 254.0 65.0 261.0
110.0 503.0 91.0 509.0
239.0 153.0 216.0 153.0
120.0 214.0 98.0 219.0
294.0 263.0 274.0 260.0
276.0 446.0 258.0 444.0
203.0 393.0 186.0 392.0
65.0 525.0 48.0 532.0
282.0 468.0 264.0 463.0
150.0 270.0 130.0 272.0
270.0 352.0 255.0 349.0
152.0 219.0 132.0 221.0
121.0 213.0 98.0 219.0
89.0 255.0 65.0 261.0
276.0 377.0 261.0 375.0
293.0 262.0 274.0 260.0
90.0 348.0 70.0 354.0
232.0 439.0 215.0 439.0
293.0 263.0 274.0 260.0
95.0 491.0 75.0 498.0
149.0 219.0 132.0 221.0
71.0 506.0 52.0 516.0
181.0 219.0 160.0 220.0
68.0 184.0 44.0 191.0
95.0 557.0 76.0 564.0
183.0 324.0 163.0 325.0
180.0 448.0 162.0 449.0
151.0 218.0 132.0 221.0
150.0 269.0 130.0 272.0
249.0 278.0 228.0 275.0
181.0 218.0 160.0 220.0
294.0 262.0 274.0 260.0
149.0 269.0 130.0 272.0
181.0 447.0 163.0 448.0
101.0 268.0 81.0 272.0
239.0 154.0 216.0 153.0
180.0 447.0 163.0 448.0
182.0 447.0 163.0 448.0
68.0 185.0 44.0 191.0
225.0 459.0 207.0 458.0
197.0 218.0 177.0 218.0
101.0 269.0 81.0 272.0
150.0 219.0 132.0 221.0
182.0 448.0 163.0 448.0
101.0 267.0 81.0 272.0
94.0 491.0 75.0 498.0
70.0 507.0 52.0 516.0
264.0 422.0 247.0 418.0
181.0 446.0 163.0 447.0
65.0 524.0 48.0 532.0
181.0 448.0 163.0 448.0
295.0 263.0 275.0 262.0
232.0 438.0 215.0 439.0
151.0 219.0 132.0 221.0
265.0 421.0 247.0 418.0
151.0 220.0 133.0 222.0
265.0 422.0 247.0 418.0
237.0 494.0 219.0 493.0
247.0 278.0 228.0 275.0
179.0 447.0 162.0 448.0
66.0 525.0 48.0 532.0
85.0 237.0 63.0 242.0
102.0 268.0 81.0 272.0
91.0 348.0 70.0 354.0
94.0 490.0 75.0 498.0
85.0 236.0 63.0 242.0
76.0 535.0 58.0 542.0
77.0 534.0 58.0 542.0
150.0 220.0 133.0 222.0
198.0 410.0 180.0 411.0
103.0 423.0 83.0 427.0
86.0 236.0 63.0 242.0
86.0 237.0 63.0 242.0
203.0 507.0 189.0 509.0
196.0 218.0 177.0 218.0
78.0 534.0 58.0 542.0
76.0 536.0 58.0 542.0
199.0 410.0 180.0 411.0
77.0 535.0 58.0 542.0
108.0 389.0 85.0 396.0
95.0 490.0 75.0 498.0
77.0 536.0 58.0 542.0
102.0 269.0 81.0 272.0
102.0 267.0 81.0 272.0
91.0 347.0 70.0 354.0
88.0 575.0 69.0 582.0
179.0 446.0 162.0 448.0
102.0 423.0 83.0 427.0
78.0 535.0 58.0 542.0
180.0 446.0 163.0 447.0
218.0 252.0 199.0 252.0
103.0 422.0 83.0 427.0
109.0 390.0 85.0 396.0
122.0 258.0 101.0 262.0
218.0 251.0 198.0 250.0
422.0 82.0 395.0 90.0
129.0 321.0 115.0 328.0
87.0 575.0 69.0 582.0
218.0 250.0 198.0 250.0
78.0 536.0 58.0 542.0
122.0 259.0 101.0 262.0
102.0 421.0 83.0 427.0
219.0 252.0 199.0 251.0
102.0 422.0 83.0 427.0
86.0 575.0 68.0 582.0
203.0 219.0 177.0 218.0
104.0 421.0 84.0 426.0
103.0 421.0 84.0 426.0
103.0 420.0 84.0 426.0
233.0 607.0 225.0 622.0
219.0 251.0 199.0 251.0
121.0 258.0 101.0 262.0
88.0 576.0 68.0 583.0
133.0 23.0 113.0 33.0
132.0 23.0 112.0 34.0
203.0 220.0 177.0 218.0
133.0 24.0 113.0 33.0
29.0 105.0 10.0 112.0
122.0 260.0 101.0 262.0
121.0 259.0 101.0 262.0
87.0 576.0 68.0 583.0
30.0 105.0 10.0 112.0
63.0 246.0 38.0 254.0
29.0 104.0 10.0 112.0
64.0 246.0 38.0 254.0
64.0 245.0 38.0 254.0
64.0 247.0 39.0 254.0
134.0 24.0 113.0 33.0
30.0 104.0 10.0 112.0
30.0 106.0 10.0 112.0
86.0 576.0 68.0 583.0
63.0 247.0 38.0 254.0
31.0 105.0 10.0 112.0
62.0 246.0 38.0 254.0
134.0 292.0 122.0 296.0
31.0 106.0 10.0 112.0
37.0 189.0 16.0 196.0
118.0 32.0 112.0 34.0
31.0 104.0 10.0 112.0
86.0 320.0 62.0 332.0
210.0 394.0 187.0 392.0
210.0 395.0 187.0 393.0
135.0 291.0 122.0 296.0
32.0 506.0 12.0 512.0
134.0 291.0 122.0 296.0
36.0 188.0 16.0 196.0
116.0 442.0 93.0 450.0
26.0 211.0 5.0 216.0
37.0 188.0 16.0 196.0
24.0 197.0 15.0 197.0
32.0 505.0 12.0 512.0
27.0 210.0 5.0 216.0
24.0 198.0 15.0 197.0
38.0 188.0 17.0 196.0
23.0 198.0 15.0 197.0
26.0 210.0 5.0 216.0
220.0 541.0 197.0 544.0
26.0 209.0 5.0 216.0
110.0 528.0 100.0 535.0
25.0 210.0 5.0 216.0
90.0 407.0 62.0 411.0
17.0 421.0 11.0 487.0
30.0 479.0 11.0 486.0
117.0 442.0 93.0 450.0
117.0 441.0 93.0 450.0
90.0 408.0 62.0 411.0
18.0 421.0 11.0 487.0
118.0 548.0 111.0 560.0
91.0 408.0 62.0 411.0
91.0 407.0 62.0 411.0
31.0 479.0 11.0 486.0
32.0 479.0 30.0 486.0
258.0 406.0 251.0 394.0
18.0 420.0 11.0 487.0
109.0 528.0 100.0 535.0
19.0 421.0 11.0 487.0
91.0 409.0 62.0 411.0
110.0 527.0 100.0 535.0
118.0 442.0 93.0 450.0
277.0 394.0 262.0 373.0
32.0 478.0 30.0 486.0
258.0 407.0 251.0 394.0
53.0 477.0 31.0 485.0
