409.0 463.0 392.0 445.0
408.0 462.0 391.0 445.0
408.0 463.0 391.0 445.0
256.0 453.0 239.0 437.0
257.0 454.0 240.0 439.0
257.0 453.0 240.0 439.0
258.0 455.0 240.0 439.0
256.0 454.0 239.0 438.0
356.0 501.0 341.0 484.0
258.0 454.0 240.0 438.0
75.0 492.0 55.0 491.0
76.0 493.0 56.0 492.0
407.0 462.0 391.0 445.0
76.0 492.0 55.0 491.0
407.0 464.0 390.0 446.0
407.0 463.0 391.0 445.0
408.0 464.0 391.0 445.0
253.0 93.0 223.0 81.0
257.0 455.0 240.0 439.0
234.0 404.0 214.0 393.0
254.0 93.0 223.0 81.0
242.0 270.0 220.0 256.0
253.0 92.0 223.0 81.0
242.0 269.0 220.0 256.0
234.0 403.0 214.0 393.0
75.0 493.0 55.0 491.0
407.0 461.0 391.0 445.0
235.0 405.0 214.0 393.0
406.0 462.0 391.0 445.0
252.0 92.0 223.0 81.0
235.0 404.0 214.0 393.0
83.0 560.0 67.0 557.0
252.0 93.0 222.0 82.0
254.0 94.0 223.0 82.0
347.0 90.0 318.0 82.0
139.0 109.0 109.0 102.0
253.0 94.0 223.0 82.0
68.0 360.0 45.0 358.0
137.0 108.0 107.0 102.0
252.0 94.0 222.0 82.0
241.0 269.0 220.0 256.0
164.0 628.0 151.0 622.0
256.0 455.0 239.0 438.0
135.0 521.0 118.0 517.0
134.0 522.0 118.0 517.0
241.0 270.0 220.0 256.0
234.0 405.0 214.0 393.0
68.0 359.0 45.0 358.0
347.0 89.0 319.0 82.0
69.0 535.0 51.0 535.0
219.0 422.0 202.0 410.0
74.0 473.0 54.0 473.0
348.0 90.0 320.0 83.0
138.0 109.0 108.0 102.0
134.0 521.0 118.0 517.0
97.0 507.0 78.0 505.0
164.0 629.0 151.0 622.0
144.0 611.0 128.0 605.0
108.0 561.0 90.0 557.0
69.0 536.0 51.0 535.0
165.0 630.0 151.0 622.0
143.0 611.0 128.0 605.0
234.0 449.0 215.0 435.0
360.0 505.0 342.0 484.0
88.0 371.0 64.0 367.0
89.0 372.0 64.0 367.0
361.0 504.0 346.0 490.0
360.0 504.0 342.0 484.0
361.0 505.0 346.0 490.0
165.0 629.0 151.0 622.0
233.0 449.0 215.0 435.0
89.0 371.0 64.0 367.0
96.0 506.0 77.0 504.0
220.0 422.0 202.0 411.0
163.0 629.0 150.0 621.0
164.0 630.0 151.0 622.0
348.0 89.0 319.0 81.0
138.0 108.0 108.0 102.0
233.0 404.0 214.0 393.0
104.0 170.0 75.0 165.0
105.0 169.0 75.0 165.0
235.0 449.0 216.0 436.0
102.0 634.0 92.0 630.0
163.0 562.0 147.0 554.0
103.0 634.0 92.0 630.0
87.0 371.0 63.0 367.0
103.0 633.0 92.0 630.0
239.0 436.0 221.0 423.0
219.0 421.0 202.0 410.0
86.0 372.0 63.0 368.0
88.0 373.0 63.0 368.0
88.0 372.0 64.0 367.0
239.0 435.0 221.0 423.0
69.0 537.0 51.0 535.0
133.0 523.0 118.0 517.0
161.0 263.0 137.0 254.0
87.0 372.0 63.0 368.0
133.0 522.0 118.0 517.0
234.0 448.0 215.0 435.0
104.0 171.0 75.0 165.0
82.0 349.0 60.0 348.0
81.0 350.0 60.0 348.0
97.0 506.0 78.0 504.0
191.0 484.0 173.0 474.0
89.0 226.0 61.0 223.0
87.0 617.0 73.0 614.0
133.0 521.0 118.0 517.0
233.0 405.0 214.0 393.0
82.0 352.0 59.0 349.0
81.0 352.0 59.0 349.0
81.0 351.0 60.0 348.0
233.0 448.0 215.0 435.0
134.0 520.0 118.0 517.0
211.0 318.0 190.0 307.0
200.0 612.0 190.0 603.0
70.0 535.0 51.0 535.0
109.0 561.0 90.0 557.0
70.0 536.0 51.0 535.0
82.0 351.0 60.0 348.0
299.0 230.0 273.0 217.0
105.0 170.0 75.0 165.0
131.0 576.0 115.0 572.0
109.0 562.0 90.0 557.0
83.0 315.0 59.0 313.0
145.0 407.0 127.0 402.0
86.0 617.0 73.0 614.0
70.0 537.0 51.0 535.0
201.0 613.0 190.0 603.0
212.0 587.0 202.0 577.0
86.0 618.0 73.0 614.0
163.0 563.0 147.0 554.0
105.0 171.0 75.0 165.0
89.0 225.0 61.0 223.0
132.0 521.0 118.0 517.0
83.0 351.0 60.0 348.0
129.0 445.0 110.0 439.0
132.0 522.0 118.0 517.0
131.0 445.0 111.0 440.0
199.0 620.0 187.0 610.0
133.0 576.0 116.0 571.0
83.0 350.0 60.0 348.0
88.0 226.0 61.0 223.0
177.0 612.0 163.0 604.0
211.0 317.0 190.0 307.0
200.0 620.0 187.0 610.0
132.0 576.0 115.0 572.0
115.0 613.0 99.0 609.0
82.0 350.0 60.0 348.0
200.0 613.0 190.0 603.0
214.0 587.0 202.0 576.0
105.0 362.0 82.0 357.0
240.0 436.0 221.0 423.0
191.0 483.0 173.0 474.0
175.0 612.0 163.0 604.0
176.0 613.0 163.0 604.0
176.0 612.0 163.0 604.0
146.0 406.0 127.0 402.0
105.0 361.0 82.0 357.0
115.0 614.0 99.0 610.0
130.0 445.0 111.0 440.0
130.0 444.0 111.0 440.0
176.0 611.0 163.0 604.0
84.0 315.0 59.0 313.0
235.0 448.0 216.0 436.0
114.0 614.0 99.0 610.0
133.0 520.0 118.0 517.0
87.0 225.0 61.0 222.0
88.0 225.0 61.0 222.0
213.0 588.0 202.0 577.0
189.0 409.0 170.0 399.0
85.0 617.0 73.0 614.0
180.0 494.0 162.0 485.0
102.0 299.0 78.0 296.0
104.0 361.0 82.0 357.0
105.0 360.0 82.0 357.0
129.0 446.0 110.0 439.0
188.0 409.0 170.0 399.0
214.0 588.0 202.0 577.0
175.0 611.0 163.0 604.0
87.0 226.0 61.0 223.0
200.0 614.0 190.0 603.0
146.0 407.0 127.0 402.0
101.0 300.0 78.0 296.0
213.0 587.0 202.0 577.0
56.0 634.0 42.0 633.0
129.0 444.0 111.0 440.0
106.0 360.0 82.0 357.0
192.0 483.0 173.0 474.0
130.0 446.0 111.0 440.0
143.0 322.0 120.0 314.0
164.0 563.0 148.0 555.0
114.0 613.0 99.0 609.0
56.0 635.0 42.0 633.0
212.0 588.0 202.0 577.0
143.0 321.0 121.0 315.0
213.0 589.0 202.0 577.0
103.0 299.0 78.0 296.0
215.0 588.0 202.0 577.0
189.0 408.0 170.0 399.0
143.0 287.0 117.0 280.0
142.0 287.0 117.0 280.0
149.0 187.0 123.0 178.0
69.0 471.0 54.0 472.0
106.0 361.0 82.0 357.0
131.0 444.0 111.0 440.0
101.0 299.0 78.0 296.0
102.0 300.0 78.0 296.0
85.0 315.0 59.0 313.0
125.0 269.0 99.0 263.0
234.0 447.0 215.0 435.0
212.0 318.0 190.0 307.0
131.0 446.0 111.0 440.0
144.0 322.0 121.0 315.0
191.0 482.0 173.0 474.0
103.0 300.0 78.0 296.0
66.0 349.0 41.0 348.0
123.0 358.0 100.0 353.0
188.0 408.0 170.0 399.0
142.0 286.0 117.0 280.0
143.0 286.0 117.0 280.0
144.0 321.0 121.0 315.0
59.0 377.0 36.0 377.0
124.0 269.0 99.0 264.0
64.0 349.0 41.0 348.0
148.0 187.0 123.0 178.0
131.0 210.0 106.0 203.0
65.0 350.0 41.0 348.0
212.0 317.0 190.0 307.0
179.0 426.0 160.0 415.0
187.0 409.0 170.0 399.0
124.0 320.0 97.0 312.0
60.0 376.0 36.0 377.0
132.0 210.0 106.0 203.0
148.0 186.0 123.0 178.0
102.0 301.0 78.0 296.0
59.0 376.0 36.0 377.0
68.0 471.0 54.0 472.0
125.0 319.0 97.0 312.0
189.0 260.0 165.0 249.0
58.0 378.0 36.0 377.0
125.0 320.0 97.0 312.0
180.0 426.0 160.0 415.0
133.0 210.0 106.0 203.0
124.0 268.0 99.0 264.0
58.0 376.0 34.0 376.0
294.0 228.0 273.0 217.0
60.0 377.0 36.0 377.0
140.0 342.0 117.0 335.0
147.0 407.0 127.0 402.0
123.0 359.0 100.0 353.0
123.0 269.0 99.0 264.0
65.0 349.0 41.0 348.0
131.0 211.0 106.0 203.0
123.0 268.0 99.0 264.0
132.0 211.0 106.0 203.0
147.0 186.0 122.0 178.0
72.0 54.0 43.0 56.0
64.0 350.0 41.0 348.0
149.0 186.0 123.0 178.0
187.0 408.0 169.0 400.0
148.0 185.0 123.0 178.0
63.0 349.0 41.0 348.0
190.0 261.0 165.0 249.0
190.0 260.0 165.0 249.0
179.0 425.0 160.0 415.0
58.0 377.0 36.0 377.0
145.0 322.0 121.0 315.0
57.0 377.0 34.0 376.0
126.0 320.0 97.0 312.0
124.0 358.0 100.0 352.0
186.0 408.0 169.0 400.0
39.0 613.0 24.0 620.0
139.0 343.0 117.0 335.0
46.0 348.0 24.0 349.0
125.0 321.0 97.0 312.0
124.0 267.0 99.0 264.0
47.0 348.0 24.0 349.0
139.0 342.0 117.0 335.0
228.0 605.0 218.0 596.0
61.0 223.0 36.0 220.0
228.0 606.0 218.0 596.0
293.0 228.0 273.0 217.0
292.0 228.0 273.0 217.0
293.0 227.0 273.0 217.0
139.0 341.0 117.0 335.0
138.0 344.0 117.0 335.0
39.0 612.0 23.0 621.0
180.0 425.0 160.0 415.0
47.0 349.0 26.0 351.0
60.0 223.0 36.0 220.0
61.0 222.0 36.0 220.0
61.0 224.0 36.0 220.0
59.0 280.0 34.0 279.0
138.0 343.0 117.0 335.0
67.0 471.0 54.0 472.0
175.0 538.0 155.0 533.0
138.0 342.0 117.0 335.0
46.0 349.0 24.0 349.0
60.0 222.0 36.0 220.0
62.0 222.0 36.0 220.0
64.0 596.0 43.0 596.0
229.0 606.0 218.0 596.0
229.0 605.0 218.0 596.0
179.0 594.0 161.0 579.0
63.0 596.0 43.0 596.0
58.0 280.0 34.0 279.0
162.0 243.0 137.0 233.0
162.0 241.0 137.0 233.0
59.0 279.0 34.0 279.0
74.0 510.0 46.0 512.0
163.0 242.0 137.0 233.0
228.0 604.0 218.0 596.0
63.0 222.0 36.0 220.0
62.0 224.0 36.0 220.0
64.0 597.0 43.0 596.0
82.0 488.0 56.0 492.0
49.0 235.0 22.0 236.0
162.0 242.0 137.0 233.0
82.0 489.0 56.0 492.0
58.0 279.0 34.0 279.0
62.0 223.0 36.0 220.0
63.0 597.0 43.0 596.0
281.0 600.0 268.0 584.0
178.0 465.0 159.0 456.0
281.0 601.0 268.0 584.0
63.0 223.0 36.0 220.0
48.0 235.0 22.0 236.0
163.0 241.0 137.0 233.0
66.0 455.0 42.0 457.0
49.0 236.0 22.0 236.0
75.0 510.0 46.0 512.0
48.0 236.0 22.0 236.0
32.0 364.0 6.0 366.0
65.0 455.0 42.0 457.0
203.0 232.0 171.0 214.0
31.0 363.0 6.0 366.0
180.0 594.0 161.0 579.0
177.0 466.0 159.0 456.0
30.0 363.0 6.0 366.0
42.0 576.0 23.0 577.0
32.0 363.0 6.0 366.0
43.0 576.0 23.0 577.0
32.0 597.0 18.0 599.0
178.0 467.0 159.0 456.0
42.0 574.0 23.0 577.0
41.0 576.0 23.0 577.0
178.0 466.0 159.0 456.0
33.0 597.0 18.0 599.0
43.0 575.0 23.0 577.0
176.0 538.0 155.0 533.0
42.0 575.0 23.0 577.0
203.0 233.0 171.0 214.0
83.0 489.0 56.0 492.0
33.0 596.0 18.0 599.0
204.0 233.0 171.0 214.0
32.0 596.0 18.0 599.0
83.0 488.0 56.0 492.0
282.0 601.0 268.0 584.0
43.0 574.0 23.0 577.0
35.0 597.0 18.0 599.0
179.0 466.0 159.0 456.0
34.0 597.0 18.0 599.0
176.0 537.0 155.0 533.0
91.0 270.0 60.0 262.0
91.0 269.0 60.0 262.0
179.0 465.0 159.0 456.0
90.0 270.0 60.0 262.0
33.0 421.0 12.0 423.0
29.0 421.0 11.0 423.0
30.0 421.0 11.0 423.0
35.0 596.0 18.0 599.0
32.0 422.0 12.0 423.0
34.0 596.0 18.0 599.0
92.0 270.0 60.0 262.0
32.0 421.0 12.0 423.0
92.0 271.0 60.0 260.0
21.0 627.0 24.0 621.0
91.0 271.0 60.0 262.0
178.0 545.0 155.0 533.0
21.0 628.0 24.0 622.0
90.0 271.0 60.0 262.0
29.0 420.0 11.0 423.0
76.0 601.0 59.0 621.0
76.0 600.0 43.0 596.0
21.0 629.0 24.0 622.0
23.0 554.0 8.0 556.0
178.0 546.0 155.0 533.0
22.0 554.0 8.0 556.0
55.0 515.0 45.0 512.0
24.0 554.0 8.0 556.0
56.0 515.0 45.0 512.0
