212.0 141.0 208.0 163.0
336.0 221.0 336.0 241.0
212.0 142.0 208.0 164.0
259.0 133.0 254.0 157.0
213.0 142.0 208.0 164.0
212.0 140.0 208.0 162.0
336.0 222.0 335.0 242.0
246.0 454.0 249.0 481.0
213.0 141.0 208.0 164.0
212.0 143.0 208.0 164.0
258.0 134.0 254.0 157.0
213.0 139.0 208.0 162.0
336.0 224.0 334.0 243.0
246.0 453.0 249.0 481.0
318.0 235.0 316.0 253.0
335.0 221.0 334.0 242.0
213.0 140.0 208.0 162.0
336.0 223.0 335.0 242.0
274.0 479.0 277.0 502.0
274.0 477.0 277.0 502.0
275.0 479.0 277.0 502.0
335.0 223.0 334.0 242.0
335.0 222.0 334.0 242.0
246.0 452.0 249.0 481.0
259.0 134.0 254.0 157.0
274.0 478.0 277.0 502.0
229.0 387.0 235.0 413.0
318.0 234.0 316.0 253.0
228.0 447.0 227.0 469.0
275.0 478.0 277.0 502.0
350.0 253.0 350.0 272.0
258.0 135.0 254.0 157.0
228.0 388.0 235.0 413.0
334.0 222.0 334.0 242.0
219.0 224.0 215.0 243.0
372.0 241.0 372.0 260.0
351.0 253.0 350.0 273.0
227.0 447.0 227.0 469.0
373.0 241.0 373.0 261.0
227.0 446.0 227.0 469.0
349.0 253.0 350.0 272.0
350.0 254.0 350.0 273.0
371.0 241.0 372.0 260.0
188.0 487.0 188.0 510.0
228.0 387.0 235.0 413.0
302.0 201.0 300.0 221.0
175.0 148.0 172.0 170.0
372.0 242.0 373.0 261.0
334.0 223.0 334.0 242.0
174.0 474.0 174.0 497.0
188.0 486.0 188.0 510.0
170.0 131.0 166.0 151.0
170.0 130.0 166.0 151.0
188.0 485.0 189.0 510.0
193.0 171.0 188.0 193.0
318.0 233.0 316.0 252.0
335.0 224.0 334.0 243.0
189.0 486.0 188.0 510.0
350.0 252.0 350.0 272.0
219.0 225.0 215.0 243.0
317.0 235.0 316.0 253.0
260.0 133.0 254.0 157.0
171.0 461.0 170.0 482.0
171.0 460.0 170.0 482.0
243.0 80.0 238.0 104.0
349.0 254.0 350.0 273.0
189.0 487.0 188.0 510.0
193.0 170.0 189.0 191.0
303.0 202.0 300.0 221.0
317.0 234.0 316.0 253.0
187.0 486.0 188.0 510.0
349.0 252.0 350.0 272.0
273.0 478.0 277.0 502.0
303.0 198.0 301.0 219.0
304.0 201.0 302.0 220.0
211.0 459.0 211.0 483.0
259.0 135.0 254.0 157.0
169.0 461.0 167.0 482.0
303.0 199.0 301.0 219.0
185.0 427.0 185.0 451.0
302.0 200.0 300.0 221.0
212.0 458.0 211.0 483.0
171.0 129.0 166.0 151.0
171.0 130.0 166.0 151.0
53.0 535.0 49.0 566.0
260.0 134.0 254.0 157.0
242.0 83.0 238.0 104.0
302.0 199.0 300.0 221.0
258.0 136.0 254.0 157.0
317.0 233.0 316.0 253.0
305.0 199.0 302.0 220.0
447.0 117.0 443.0 138.0
169.0 460.0 167.0 482.0
304.0 202.0 302.0 221.0
53.0 534.0 49.0 566.0
168.0 413.0 167.0 436.0
304.0 200.0 302.0 220.0
304.0 199.0 302.0 220.0
243.0 497.0 240.0 520.0
52.0 533.0 49.0 566.0
243.0 498.0 240.0 520.0
174.0 150.0 172.0 170.0
243.0 499.0 240.0 520.0
171.0 131.0 166.0 151.0
259.0 136.0 254.0 157.0
305.0 200.0 302.0 220.0
176.0 149.0 172.0 170.0
244.0 497.0 240.0 520.0
220.0 224.0 215.0 243.0
147.0 428.0 146.0 450.0
220.0 225.0 215.0 243.0
52.0 535.0 49.0 566.0
305.0 201.0 302.0 221.0
186.0 427.0 185.0 451.0
176.0 148.0 172.0 170.0
146.0 428.0 146.0 450.0
211.0 458.0 210.0 483.0
303.0 201.0 302.0 220.0
53.0 533.0 49.0 566.0
260.0 135.0 254.0 157.0
446.0 118.0 443.0 137.0
187.0 428.0 185.0 453.0
212.0 459.0 211.0 483.0
190.0 479.0 190.0 508.0
170.0 462.0 168.0 483.0
168.0 414.0 167.0 436.0
147.0 429.0 146.0 450.0
52.0 534.0 49.0 566.0
146.0 429.0 146.0 450.0
170.0 460.0 169.0 481.0
175.0 149.0 172.0 170.0
303.0 200.0 302.0 220.0
233.0 360.0 231.0 384.0
447.0 118.0 444.0 137.0
170.0 459.0 170.0 482.0
213.0 458.0 211.0 483.0
170.0 461.0 167.0 482.0
185.0 428.0 185.0 453.0
186.0 428.0 185.0 453.0
244.0 498.0 240.0 520.0
233.0 361.0 231.0 384.0
447.0 119.0 444.0 137.0
201.0 351.0 199.0 370.0
213.0 459.0 211.0 483.0
189.0 169.0 187.0 191.0
220.0 226.0 215.0 243.0
189.0 168.0 188.0 190.0
186.0 429.0 185.0 453.0
221.0 225.0 215.0 243.0
200.0 352.0 199.0 370.0
147.0 427.0 146.0 450.0
199.0 352.0 199.0 370.0
226.0 182.0 224.0 200.0
201.0 352.0 199.0 370.0
273.0 1.0 273.0 1.0
187.0 429.0 185.0 453.0
146.0 430.0 146.0 450.0
167.0 413.0 166.0 437.0
236.0 407.0 236.0 427.0
233.0 359.0 231.0 384.0
265.0 224.0 262.0 247.0
242.0 84.0 238.0 104.0
446.0 119.0 443.0 137.0
181.0 317.0 181.0 335.0
167.0 414.0 166.0 437.0
145.0 52.0 142.0 77.0
213.0 460.0 211.0 483.0
245.0 229.0 242.0 250.0
185.0 429.0 185.0 453.0
146.0 427.0 146.0 450.0
237.0 408.0 236.0 427.0
199.0 353.0 199.0 370.0
188.0 169.0 187.0 191.0
190.0 477.0 190.0 508.0
234.0 359.0 231.0 384.0
221.0 226.0 215.0 243.0
176.0 150.0 172.0 170.0
191.0 479.0 190.0 508.0
174.0 151.0 172.0 170.0
236.0 408.0 236.0 427.0
264.0 224.0 262.0 247.0
175.0 150.0 172.0 170.0
190.0 478.0 190.0 508.0
246.0 229.0 242.0 250.0
175.0 151.0 172.0 170.0
234.0 360.0 231.0 384.0
244.0 230.0 242.0 250.0
245.0 230.0 242.0 250.0
185.0 430.0 185.0 453.0
181.0 187.0 178.0 206.0
241.0 84.0 238.0 104.0
181.0 318.0 181.0 335.0
169.0 91.0 165.0 110.0
237.0 407.0 236.0 427.0
144.0 51.0 140.0 76.0
191.0 478.0 190.0 508.0
169.0 94.0 165.0 110.0
231.0 462.0 234.0 486.0
229.0 461.0 234.0 486.0
174.0 152.0 172.0 170.0
230.0 462.0 234.0 486.0
186.0 430.0 185.0 453.0
231.0 460.0 235.0 485.0
176.0 465.0 170.0 483.0
144.0 374.0 145.0 390.0
191.0 477.0 190.0 508.0
230.0 460.0 235.0 485.0
231.0 461.0 234.0 486.0
202.0 374.0 206.0 395.0
230.0 461.0 234.0 486.0
115.0 291.0 111.0 312.0
246.0 230.0 242.0 250.0
143.0 373.0 145.0 390.0
192.0 478.0 190.0 508.0
144.0 373.0 145.0 390.0
182.0 187.0 178.0 206.0
168.0 95.0 165.0 110.0
143.0 481.0 140.0 502.0
142.0 481.0 140.0 502.0
168.0 94.0 165.0 110.0
242.0 85.0 238.0 104.0
143.0 374.0 145.0 390.0
181.0 319.0 181.0 335.0
181.0 188.0 178.0 206.0
264.0 223.0 262.0 247.0
244.0 231.0 242.0 250.0
265.0 223.0 262.0 247.0
241.0 85.0 238.0 104.0
250.0 482.0 244.0 504.0
250.0 483.0 244.0 504.0
177.0 370.0 175.0 396.0
142.0 374.0 145.0 390.0
144.0 52.0 140.0 76.0
143.0 375.0 145.0 390.0
163.0 211.0 160.0 226.0
183.0 187.0 178.0 206.0
318.0 226.0 316.0 252.0
222.0 226.0 215.0 243.0
182.0 188.0 178.0 206.0
162.0 213.0 161.0 225.0
162.0 212.0 161.0 225.0
335.0 599.0 341.0 620.0
335.0 600.0 341.0 620.0
181.0 189.0 178.0 206.0
100.0 22.0 95.0 45.0
163.0 213.0 161.0 225.0
163.0 212.0 161.0 225.0
99.0 23.0 95.0 45.0
179.0 363.0 177.0 383.0
183.0 188.0 178.0 206.0
180.0 362.0 177.0 383.0
245.0 231.0 242.0 250.0
180.0 363.0 177.0 383.0
135.0 384.0 133.0 404.0
242.0 86.0 238.0 104.0
182.0 189.0 178.0 206.0
246.0 231.0 242.0 250.0
267.0 17.0 273.0 1.0
335.0 598.0 341.0 620.0
264.0 222.0 262.0 247.0
179.0 362.0 177.0 383.0
147.0 181.0 137.0 202.0
175.0 267.0 169.0 290.0
100.0 23.0 95.0 46.0
100.0 24.0 95.0 46.0
174.0 267.0 169.0 290.0
99.0 25.0 95.0 46.0
158.0 363.0 156.0 379.0
99.0 24.0 95.0 46.0
241.0 86.0 238.0 104.0
275.0 35.0 269.0 61.0
174.0 268.0 169.0 290.0
266.0 17.0 273.0 1.0
158.0 364.0 156.0 379.0
274.0 36.0 269.0 61.0
98.0 25.0 95.0 46.0
157.0 364.0 156.0 379.0
183.0 527.0 180.0 554.0
266.0 18.0 273.0 1.0
175.0 268.0 169.0 291.0
158.0 365.0 157.0 380.0
184.0 529.0 180.0 554.0
107.0 39.0 102.0 63.0
173.0 268.0 169.0 290.0
185.0 528.0 180.0 554.0
183.0 528.0 180.0 554.0
220.0 404.0 219.0 425.0
220.0 403.0 219.0 425.0
185.0 527.0 180.0 554.0
158.0 366.0 157.0 380.0
184.0 527.0 180.0 554.0
159.0 364.0 157.0 380.0
224.0 201.0 220.0 226.0
453.0 123.0 444.0 137.0
184.0 528.0 180.0 554.0
220.0 405.0 219.0 425.0
157.0 366.0 157.0 380.0
157.0 365.0 156.0 380.0
221.0 403.0 219.0 425.0
224.0 200.0 220.0 226.0
221.0 404.0 219.0 425.0
225.0 198.0 220.0 226.0
229.0 168.0 224.0 200.0
228.0 168.0 224.0 200.0
164.0 59.0 170.0 85.0
225.0 199.0 220.0 226.0
222.0 404.0 219.0 425.0
224.0 199.0 220.0 226.0
228.0 167.0 224.0 200.0
293.0 578.0 298.0 609.0
228.0 166.0 224.0 200.0
221.0 405.0 219.0 425.0
229.0 167.0 224.0 200.0
294.0 578.0 298.0 609.0
147.0 506.0 180.0 554.0
228.0 165.0 224.0 200.0
294.0 577.0 298.0 609.0
293.0 577.0 298.0 609.0
229.0 166.0 224.0 200.0
140.0 201.0 137.0 203.0
173.0 261.0 169.0 290.0
229.0 165.0 224.0 200.0
159.0 144.0 165.0 151.0
309.0 597.0 313.0 624.0
145.0 508.0 180.0 554.0
308.0 596.0 313.0 624.0
159.0 143.0 165.0 151.0
146.0 507.0 180.0 554.0
147.0 507.0 180.0 554.0
146.0 506.0 180.0 554.0
308.0 595.0 313.0 624.0
298.0 610.0 313.0 624.0
211.0 412.0 219.0 424.0
140.0 202.0 137.0 203.0
182.0 538.0 180.0 554.0
145.0 507.0 180.0 554.0
147.0 508.0 180.0 554.0
182.0 539.0 180.0 554.0
132.0 154.0 136.0 162.0
309.0 595.0 313.0 624.0
146.0 508.0 180.0 554.0
309.0 596.0 313.0 624.0
