98.0 244.0 98.0 244.0
177.0 37.0 172.0 36.0
81.0 288.0 81.0 288.0
129.0 260.0 129.0 259.0
158.0 241.0 157.0 239.0
16.0 200.0 16.0 203.0
76.0 253.0 76.0 253.0
114.0 53.0 111.0 53.0
62.0 266.0 62.0 267.0
16.0 201.0 16.0 203.0
176.0 37.0 172.0 36.0
177.0 36.0 172.0 36.0
131.0 8.0 127.0 10.0
119.0 305.0 119.0 304.0
99.0 244.0 98.0 244.0
176.0 36.0 172.0 36.0
76.0 254.0 76.0 253.0
115.0 53.0 111.0 53.0
158.0 242.0 157.0 239.0
177.0 38.0 172.0 36.0
119.0 306.0 119.0 304.0
118.0 305.0 118.0 304.0
98.0 245.0 98.0 244.0
118.0 306.0 118.0 304.0
130.0 259.0 130.0 258.0
62.0 92.0 59.0 94.0
176.0 38.0 172.0 36.0
129.0 259.0 129.0 258.0
75.0 254.0 75.0 254.0
101.0 82.0 97.0 84.0
77.0 253.0 76.0 253.0
130.0 260.0 129.0 259.0
175.0 37.0 172.0 36.0
100.0 82.0 97.0 84.0
86.0 324.0 86.0 324.0
61.0 266.0 62.0 267.0
195.0 405.0 197.0 401.0
44.0 203.0 43.0 205.0
132.0 9.0 127.0 10.0
75.0 253.0 75.0 254.0
62.0 91.0 59.0 94.0
85.0 324.0 86.0 324.0
423.0 381.0 424.0 370.0
332.0 224.0 330.0 218.0
44.0 202.0 42.0 205.0
117.0 305.0 118.0 304.0
61.0 92.0 59.0 94.0
422.0 382.0 424.0 370.0
77.0 412.0 78.0 411.0
195.0 406.0 197.0 401.0
332.0 225.0 330.0 218.0
62.0 93.0 59.0 94.0
62.0 265.0 62.0 267.0
118.0 304.0 118.0 304.0
76.0 412.0 78.0 411.0
100.0 245.0 99.0 245.0
423.0 382.0 424.0 370.0
59.0 407.0 61.0 406.0
133.0 8.0 128.0 9.0
101.0 81.0 97.0 84.0
422.0 381.0 424.0 370.0
64.0 109.0 61.0 111.0
74.0 253.0 74.0 253.0
76.0 252.0 76.0 253.0
100.0 81.0 97.0 83.0
86.0 325.0 86.0 324.0
87.0 324.0 87.0 324.0
132.0 8.0 127.0 10.0
61.0 265.0 62.0 267.0
61.0 91.0 59.0 94.0
297.0 166.0 294.0 162.0
99.0 245.0 99.0 245.0
16.0 102.0 13.0 105.0
140.0 157.0 139.0 156.0
196.0 405.0 197.0 401.0
89.0 358.0 90.0 357.0
68.0 163.0 66.0 164.0
141.0 157.0 139.0 156.0
331.0 226.0 330.0 218.0
12.0 143.0 10.0 146.0
179.0 523.0 183.0 517.0
330.0 224.0 329.0 218.0
330.0 225.0 328.0 218.0
297.0 165.0 294.0 162.0
68.0 164.0 66.0 164.0
180.0 523.0 183.0 515.0
68.0 162.0 66.0 164.0
86.0 323.0 86.0 324.0
64.0 215.0 62.0 216.0
76.0 413.0 78.0 411.0
101.0 16.0 97.0 17.0
62.0 90.0 59.0 94.0
89.0 357.0 90.0 357.0
115.0 52.0 111.0 53.0
331.0 224.0 330.0 218.0
120.0 118.0 116.0 118.0
297.0 167.0 294.0 162.0
180.0 522.0 183.0 515.0
331.0 225.0 330.0 218.0
62.0 240.0 60.0 241.0
120.0 117.0 116.0 118.0
192.0 129.0 188.0 127.0
331.0 223.0 328.0 217.0
193.0 129.0 188.0 127.0
192.0 130.0 188.0 127.0
421.0 381.0 424.0 370.0
12.0 144.0 10.0 146.0
192.0 128.0 188.0 127.0
69.0 164.0 66.0 164.0
210.0 134.0 207.0 130.0
422.0 380.0 424.0 370.0
64.0 110.0 61.0 112.0
175.0 38.0 172.0 36.0
58.0 28.0 52.0 31.0
196.0 406.0 197.0 401.0
330.0 226.0 328.0 218.0
13.0 144.0 11.0 145.0
118.0 118.0 116.0 118.0
172.0 128.0 169.0 127.0
57.0 27.0 52.0 31.0
179.0 522.0 183.0 515.0
102.0 16.0 97.0 17.0
16.0 101.0 13.0 105.0
13.0 143.0 11.0 145.0
421.0 380.0 424.0 370.0
99.0 246.0 99.0 245.0
64.0 216.0 62.0 216.0
296.0 166.0 294.0 162.0
64.0 214.0 63.0 215.0
57.0 28.0 52.0 31.0
414.0 165.0 413.0 157.0
69.0 10.0 65.0 14.0
58.0 27.0 52.0 31.0
414.0 166.0 413.0 158.0
415.0 167.0 413.0 158.0
296.0 165.0 294.0 162.0
75.0 166.0 73.0 167.0
74.0 166.0 73.0 167.0
37.0 485.0 41.0 486.0
73.0 364.0 74.0 364.0
119.0 118.0 116.0 118.0
211.0 134.0 207.0 130.0
210.0 133.0 207.0 130.0
173.0 128.0 169.0 127.0
246.0 232.0 245.0 226.0
16.0 100.0 13.0 105.0
193.0 128.0 188.0 127.0
59.0 28.0 53.0 31.0
58.0 29.0 52.0 31.0
58.0 407.0 61.0 406.0
64.0 111.0 61.0 112.0
137.0 120.0 134.0 120.0
423.0 380.0 424.0 370.0
65.0 109.0 61.0 112.0
415.0 166.0 413.0 158.0
37.0 486.0 40.0 486.0
247.0 231.0 245.0 226.0
13.0 145.0 11.0 145.0
47.0 511.0 50.0 511.0
81.0 55.0 78.0 57.0
64.0 217.0 63.0 217.0
138.0 120.0 133.0 120.0
45.0 202.0 42.0 205.0
65.0 214.0 63.0 214.0
226.0 225.0 225.0 221.0
46.0 511.0 50.0 511.0
92.0 341.0 92.0 340.0
136.0 120.0 133.0 120.0
174.0 129.0 169.0 127.0
65.0 111.0 61.0 112.0
119.0 117.0 116.0 118.0
91.0 341.0 92.0 340.0
173.0 129.0 169.0 127.0
65.0 110.0 61.0 112.0
174.0 128.0 169.0 127.0
69.0 163.0 66.0 164.0
247.0 232.0 245.0 226.0
227.0 225.0 225.0 221.0
360.0 99.0 356.0 92.0
107.0 569.0 111.0 565.0
205.0 197.0 203.0 192.0
10.0 70.0 6.0 75.0
249.0 83.0 244.0 80.0
136.0 119.0 134.0 120.0
365.0 109.0 362.0 103.0
107.0 568.0 111.0 565.0
13.0 142.0 11.0 145.0
93.0 123.0 89.0 123.0
128.0 185.0 125.0 183.0
28.0 91.0 25.0 94.0
366.0 109.0 362.0 103.0
127.0 183.0 125.0 182.0
210.0 135.0 207.0 130.0
415.0 165.0 413.0 158.0
106.0 569.0 111.0 565.0
247.0 82.0 243.0 80.0
248.0 82.0 243.0 80.0
14.0 143.0 11.0 145.0
85.0 386.0 88.0 385.0
100.0 16.0 97.0 17.0
227.0 226.0 225.0 221.0
135.0 120.0 133.0 120.0
233.0 213.0 230.0 209.0
65.0 215.0 62.0 216.0
65.0 216.0 62.0 216.0
12.0 406.0 14.0 410.0
93.0 122.0 89.0 123.0
177.0 231.0 176.0 229.0
248.0 83.0 242.0 80.0
287.0 42.0 281.0 39.0
86.0 386.0 88.0 385.0
211.0 135.0 207.0 130.0
205.0 196.0 203.0 192.0
27.0 91.0 24.0 93.0
6.0 484.0 9.0 484.0
127.0 184.0 125.0 183.0
247.0 83.0 242.0 80.0
218.0 82.0 213.0 80.0
5.0 484.0 9.0 484.0
59.0 479.0 60.0 478.0
90.0 469.0 93.0 467.0
211.0 133.0 207.0 130.0
286.0 43.0 281.0 39.0
206.0 197.0 203.0 192.0
128.0 182.0 125.0 182.0
39.0 84.0 36.0 87.0
106.0 568.0 111.0 565.0
357.0 142.0 355.0 134.0
218.0 81.0 213.0 79.0
358.0 141.0 355.0 134.0
37.0 487.0 40.0 486.0
359.0 142.0 355.0 134.0
91.0 342.0 92.0 340.0
60.0 479.0 62.0 478.0
28.0 90.0 25.0 94.0
128.0 183.0 125.0 182.0
110.0 171.0 108.0 171.0
27.0 90.0 24.0 93.0
38.0 486.0 40.0 486.0
110.0 37.0 105.0 39.0
109.0 37.0 104.0 39.0
172.0 403.0 175.0 400.0
287.0 43.0 281.0 39.0
90.0 341.0 92.0 340.0
203.0 229.0 201.0 226.0
357.0 141.0 355.0 134.0
107.0 567.0 112.0 565.0
330.0 172.0 328.0 167.0
91.0 468.0 93.0 467.0
92.0 123.0 89.0 123.0
404.0 137.0 401.0 129.0
110.0 170.0 107.0 170.0
5.0 541.0 10.0 541.0
41.0 84.0 37.0 86.0
128.0 184.0 125.0 182.0
288.0 43.0 283.0 39.0
6.0 483.0 9.0 484.0
202.0 230.0 201.0 226.0
60.0 413.0 62.0 413.0
148.0 193.0 146.0 191.0
60.0 478.0 62.0 477.0
40.0 83.0 37.0 86.0
111.0 171.0 108.0 171.0
206.0 196.0 203.0 192.0
90.0 468.0 93.0 467.0
138.0 411.0 141.0 409.0
189.0 146.0 187.0 144.0
237.0 66.0 233.0 64.0
248.0 84.0 242.0 80.0
92.0 122.0 89.0 123.0
403.0 136.0 401.0 129.0
472.0 314.0 472.0 300.0
202.0 576.0 207.0 570.0
82.0 56.0 78.0 57.0
61.0 478.0 62.0 478.0
190.0 146.0 187.0 144.0
202.0 229.0 201.0 226.0
358.0 142.0 355.0 134.0
40.0 84.0 37.0 86.0
139.0 411.0 141.0 409.0
137.0 411.0 141.0 409.0
129.0 183.0 126.0 184.0
170.0 404.0 174.0 400.0
149.0 193.0 146.0 192.0
237.0 67.0 233.0 64.0
359.0 141.0 355.0 134.0
360.0 100.0 356.0 92.0
169.0 142.0 166.0 141.0
6.0 626.0 12.0 624.0
129.0 184.0 126.0 184.0
11.0 406.0 14.0 410.0
35.0 471.0 38.0 471.0
91.0 469.0 93.0 467.0
91.0 122.0 88.0 123.0
109.0 36.0 104.0 39.0
190.0 147.0 187.0 144.0
238.0 67.0 233.0 64.0
7.0 625.0 12.0 624.0
169.0 143.0 166.0 141.0
238.0 66.0 233.0 64.0
92.0 121.0 88.0 122.0
202.0 228.0 201.0 225.0
82.0 55.0 78.0 57.0
217.0 83.0 213.0 80.0
235.0 57.0 230.0 56.0
189.0 147.0 187.0 144.0
6.0 625.0 12.0 624.0
168.0 142.0 165.0 140.0
130.0 532.0 131.0 529.0
217.0 82.0 213.0 79.0
97.0 58.0 92.0 59.0
203.0 576.0 208.0 569.0
186.0 365.0 187.0 365.0
66.0 110.0 61.0 111.0
11.0 408.0 14.0 410.0
148.0 194.0 146.0 192.0
12.0 407.0 14.0 410.0
219.0 595.0 225.0 588.0
7.0 624.0 12.0 624.0
331.0 172.0 328.0 167.0
404.0 136.0 401.0 129.0
138.0 412.0 141.0 409.0
82.0 54.0 78.0 57.0
168.0 143.0 165.0 140.0
239.0 598.0 244.0 588.0
202.0 575.0 207.0 568.0
238.0 598.0 244.0 588.0
34.0 471.0 38.0 471.0
472.0 315.0 472.0 300.0
185.0 364.0 187.0 365.0
11.0 407.0 14.0 410.0
242.0 98.0 236.0 95.0
186.0 364.0 187.0 365.0
149.0 194.0 146.0 192.0
203.0 575.0 208.0 567.0
52.0 434.0 56.0 435.0
241.0 99.0 236.0 95.0
139.0 412.0 141.0 409.0
241.0 98.0 236.0 95.0
203.0 574.0 208.0 567.0
157.0 249.0 157.0 239.0
131.0 532.0 131.0 529.0
239.0 599.0 244.0 588.0
242.0 99.0 236.0 95.0
34.0 470.0 37.0 470.0
83.0 55.0 78.0 57.0
132.0 395.0 133.0 394.0
314.0 611.0 318.0 599.0
52.0 461.0 56.0 460.0
202.0 574.0 208.0 567.0
35.0 470.0 37.0 470.0
314.0 612.0 318.0 599.0
132.0 396.0 134.0 394.0
174.0 174.0 171.0 173.0
47.0 607.0 52.0 606.0
313.0 613.0 318.0 599.0
131.0 531.0 131.0 529.0
218.0 596.0 225.0 588.0
313.0 611.0 318.0 599.0
312.0 612.0 318.0 599.0
219.0 596.0 225.0 588.0
218.0 595.0 224.0 588.0
239.0 600.0 244.0 588.0
190.0 214.0 189.0 204.0
79.0 593.0 84.0 589.0
156.0 249.0 157.0 239.0
219.0 597.0 225.0 588.0
313.0 612.0 318.0 599.0
141.0 429.0 144.0 425.0
185.0 363.0 187.0 365.0
46.0 608.0 52.0 606.0
46.0 607.0 52.0 606.0
142.0 429.0 144.0 425.0
238.0 599.0 244.0 588.0
52.0 460.0 56.0 459.0
191.0 214.0 189.0 204.0
53.0 460.0 56.0 460.0
140.0 429.0 144.0 425.0
47.0 579.0 52.0 578.0
141.0 430.0 144.0 425.0
190.0 215.0 189.0 204.0
53.0 461.0 56.0 460.0
191.0 215.0 189.0 204.0
10.0 197.0 15.0 203.0
70.0 44.0 67.0 46.0
53.0 459.0 56.0 459.0
69.0 44.0 67.0 46.0
180.0 199.0 178.0 196.0
53.0 458.0 55.0 458.0
52.0 459.0 55.0 458.0
70.0 43.0 67.0 46.0
54.0 460.0 56.0 460.0
47.0 580.0 52.0 578.0
51.0 240.0 60.0 241.0
69.0 43.0 67.0 46.0
107.0 472.0 112.0 477.0
50.0 240.0 60.0 241.0
50.0 239.0 60.0 241.0
193.0 190.0 196.0 182.0
54.0 621.0 53.0 606.0
193.0 191.0 196.0 182.0
49.0 240.0 60.0 241.0
54.0 622.0 52.0 606.0
55.0 622.0 53.0 606.0
55.0 621.0 53.0 606.0
192.0 190.0 196.0 182.0
192.0 191.0 196.0 182.0
336.0 133.0 336.0 136.0
337.0 133.0 336.0 136.0
123.0 109.0 117.0 117.0
109.0 449.0 105.0 437.0
336.0 132.0 336.0 136.0
29.0 609.0 12.0 625.0
123.0 371.0 135.0 363.0
124.0 109.0 117.0 117.0
29.0 610.0 12.0 625.0
28.0 610.0 12.0 624.0
28.0 611.0 12.0 624.0
