337.0 274.0 340.0 271.0
336.0 274.0 340.0 271.0
456.0 366.0 453.0 364.0
338.0 274.0 341.0 271.0
455.0 366.0 453.0 364.0
339.0 275.0 341.0 271.0
337.0 275.0 340.0 271.0
338.0 275.0 340.0 271.0
335.0 275.0 340.0 271.0
338.0 276.0 340.0 271.0
336.0 276.0 340.0 271.0
336.0 275.0 340.0 271.0
456.0 367.0 453.0 364.0
337.0 276.0 340.0 271.0
335.0 274.0 340.0 271.0
457.0 368.0 453.0 364.0
457.0 366.0 453.0 364.0
211.0 151.0 219.0 141.0
210.0 152.0 219.0 141.0
210.0 151.0 219.0 141.0
246.0 513.0 245.0 510.0
455.0 367.0 453.0 364.0
456.0 365.0 453.0 364.0
210.0 150.0 219.0 141.0
457.0 367.0 453.0 364.0
208.0 150.0 218.0 140.0
209.0 150.0 218.0 140.0
458.0 315.0 458.0 314.0
211.0 150.0 219.0 141.0
247.0 513.0 245.0 509.0
209.0 151.0 219.0 141.0
458.0 316.0 458.0 314.0
456.0 368.0 453.0 364.0
276.0 102.0 286.0 90.0
454.0 367.0 453.0 364.0
209.0 152.0 219.0 141.0
455.0 368.0 453.0 364.0
425.0 311.0 426.0 308.0
208.0 151.0 218.0 140.0
458.0 314.0 458.0 314.0
461.0 308.0 462.0 305.0
277.0 102.0 286.0 90.0
276.0 103.0 286.0 90.0
264.0 520.0 262.0 514.0
208.0 152.0 218.0 141.0
424.0 311.0 425.0 308.0
277.0 103.0 286.0 90.0
374.0 296.0 379.0 291.0
161.0 493.0 162.0 485.0
461.0 309.0 462.0 305.0
375.0 297.0 379.0 291.0
424.0 313.0 425.0 308.0
264.0 518.0 262.0 514.0
424.0 312.0 425.0 308.0
263.0 520.0 262.0 514.0
425.0 313.0 425.0 308.0
189.0 130.0 196.0 120.0
375.0 296.0 379.0 291.0
263.0 519.0 262.0 514.0
264.0 519.0 262.0 514.0
425.0 312.0 426.0 308.0
162.0 494.0 162.0 485.0
188.0 129.0 196.0 120.0
412.0 268.0 414.0 262.0
380.0 243.0 386.0 238.0
379.0 241.0 386.0 238.0
263.0 518.0 262.0 514.0
187.0 129.0 196.0 120.0
188.0 130.0 196.0 120.0
186.0 131.0 196.0 120.0
426.0 312.0 426.0 308.0
359.0 215.0 363.0 210.0
381.0 242.0 386.0 238.0
439.0 258.0 442.0 255.0
189.0 129.0 196.0 120.0
136.0 527.0 136.0 521.0
131.0 559.0 130.0 550.0
188.0 131.0 196.0 120.0
185.0 128.0 196.0 120.0
162.0 493.0 162.0 485.0
136.0 528.0 137.0 522.0
186.0 129.0 196.0 120.0
411.0 268.0 414.0 262.0
186.0 128.0 196.0 120.0
187.0 131.0 196.0 120.0
262.0 519.0 262.0 514.0
410.0 268.0 414.0 262.0
138.0 528.0 137.0 521.0
131.0 560.0 130.0 550.0
130.0 558.0 130.0 550.0
102.0 613.0 101.0 607.0
30.0 244.0 37.0 233.0
380.0 242.0 386.0 238.0
188.0 128.0 196.0 120.0
137.0 528.0 137.0 521.0
187.0 130.0 196.0 120.0
137.0 527.0 137.0 521.0
460.0 309.0 462.0 305.0
102.0 614.0 101.0 607.0
380.0 241.0 386.0 238.0
187.0 128.0 196.0 120.0
411.0 226.0 414.0 221.0
182.0 499.0 181.0 492.0
386.0 241.0 387.0 238.0
181.0 498.0 181.0 492.0
136.0 529.0 137.0 522.0
262.0 518.0 261.0 514.0
412.0 267.0 414.0 262.0
186.0 130.0 196.0 120.0
130.0 559.0 130.0 550.0
130.0 560.0 130.0 550.0
410.0 225.0 414.0 221.0
410.0 226.0 414.0 221.0
102.0 615.0 101.0 606.0
359.0 214.0 363.0 210.0
129.0 559.0 129.0 550.0
386.0 174.0 396.0 169.0
360.0 215.0 363.0 210.0
129.0 560.0 129.0 551.0
101.0 614.0 100.0 606.0
180.0 498.0 181.0 492.0
29.0 245.0 37.0 233.0
180.0 499.0 181.0 492.0
408.0 226.0 414.0 221.0
434.0 161.0 440.0 155.0
137.0 529.0 137.0 522.0
385.0 174.0 396.0 169.0
385.0 173.0 396.0 169.0
163.0 493.0 162.0 485.0
376.0 102.0 386.0 93.0
379.0 242.0 386.0 238.0
360.0 214.0 363.0 210.0
409.0 225.0 414.0 221.0
411.0 267.0 414.0 262.0
387.0 174.0 396.0 169.0
379.0 243.0 386.0 238.0
410.0 267.0 414.0 262.0
181.0 499.0 181.0 492.0
409.0 226.0 414.0 221.0
83.0 153.0 92.0 138.0
101.0 615.0 101.0 606.0
433.0 160.0 440.0 155.0
129.0 561.0 129.0 551.0
83.0 152.0 92.0 138.0
29.0 244.0 37.0 233.0
353.0 217.0 362.0 211.0
387.0 173.0 396.0 169.0
386.0 173.0 396.0 169.0
352.0 216.0 362.0 210.0
433.0 161.0 440.0 155.0
432.0 161.0 438.0 156.0
130.0 561.0 130.0 551.0
410.0 227.0 414.0 221.0
83.0 154.0 92.0 138.0
353.0 218.0 362.0 211.0
352.0 217.0 362.0 211.0
466.0 155.0 473.0 151.0
85.0 152.0 92.0 138.0
30.0 243.0 37.0 233.0
73.0 623.0 71.0 626.0
72.0 623.0 71.0 626.0
465.0 285.0 467.0 281.0
409.0 227.0 413.0 221.0
466.0 156.0 473.0 151.0
84.0 152.0 92.0 138.0
465.0 156.0 473.0 151.0
152.0 560.0 153.0 553.0
153.0 560.0 153.0 553.0
84.0 153.0 92.0 138.0
29.0 243.0 37.0 233.0
467.0 155.0 473.0 151.0
466.0 157.0 473.0 151.0
467.0 157.0 473.0 151.0
412.0 266.0 414.0 262.0
411.0 266.0 414.0 262.0
200.0 592.0 199.0 587.0
468.0 156.0 473.0 151.0
382.0 101.0 387.0 93.0
85.0 153.0 92.0 138.0
84.0 154.0 92.0 138.0
12.0 572.0 12.0 560.0
468.0 155.0 473.0 151.0
467.0 156.0 473.0 151.0
14.0 517.0 19.0 503.0
28.0 244.0 37.0 235.0
199.0 592.0 199.0 587.0
199.0 590.0 199.0 587.0
353.0 80.0 364.0 71.0
73.0 622.0 71.0 626.0
200.0 591.0 199.0 587.0
199.0 591.0 199.0 587.0
415.0 80.0 428.0 72.0
221.0 574.0 219.0 569.0
29.0 242.0 37.0 233.0
216.0 610.0 214.0 604.0
414.0 79.0 428.0 72.0
423.0 144.0 430.0 138.0
88.0 365.0 93.0 357.0
98.0 491.0 101.0 480.0
28.0 243.0 37.0 235.0
159.0 595.0 156.0 587.0
88.0 367.0 94.0 357.0
4.0 210.0 12.0 195.0
353.0 81.0 364.0 71.0
86.0 366.0 93.0 357.0
87.0 366.0 93.0 357.0
215.0 609.0 213.0 603.0
97.0 491.0 100.0 478.0
383.0 123.0 394.0 112.0
3.0 209.0 11.0 195.0
354.0 81.0 365.0 71.0
14.0 518.0 19.0 503.0
86.0 367.0 93.0 357.0
169.0 557.0 170.0 552.0
4.0 209.0 11.0 195.0
423.0 145.0 430.0 138.0
159.0 594.0 156.0 587.0
28.0 242.0 37.0 233.0
88.0 366.0 94.0 357.0
5.0 209.0 11.0 195.0
32.0 572.0 33.0 561.0
98.0 489.0 100.0 478.0
97.0 489.0 100.0 478.0
97.0 490.0 100.0 478.0
99.0 490.0 100.0 478.0
11.0 338.0 13.0 341.0
414.0 80.0 428.0 72.0
157.0 595.0 156.0 587.0
87.0 367.0 93.0 357.0
383.0 122.0 394.0 112.0
4.0 208.0 11.0 195.0
157.0 594.0 156.0 587.0
3.0 208.0 11.0 195.0
354.0 80.0 365.0 72.0
160.0 594.0 156.0 587.0
13.0 519.0 19.0 503.0
5.0 208.0 11.0 195.0
13.0 518.0 19.0 503.0
4.0 207.0 12.0 195.0
158.0 595.0 156.0 587.0
98.0 490.0 100.0 478.0
157.0 542.0 156.0 533.0
217.0 610.0 213.0 603.0
12.0 571.0 12.0 560.0
413.0 79.0 428.0 72.0
353.0 82.0 364.0 71.0
99.0 489.0 100.0 478.0
385.0 123.0 396.0 112.0
384.0 123.0 394.0 112.0
221.0 573.0 219.0 569.0
169.0 558.0 170.0 552.0
216.0 57.0 225.0 43.0
168.0 557.0 170.0 552.0
158.0 594.0 156.0 587.0
355.0 81.0 365.0 72.0
10.0 338.0 13.0 341.0
215.0 608.0 213.0 603.0
221.0 572.0 220.0 568.0
413.0 80.0 428.0 72.0
215.0 57.0 225.0 43.0
11.0 337.0 13.0 341.0
157.0 541.0 156.0 533.0
216.0 609.0 213.0 603.0
168.0 558.0 170.0 552.0
424.0 145.0 430.0 138.0
32.0 571.0 33.0 561.0
354.0 79.0 365.0 72.0
159.0 542.0 156.0 533.0
14.0 519.0 19.0 503.0
217.0 609.0 213.0 603.0
31.0 572.0 33.0 561.0
424.0 144.0 430.0 138.0
414.0 81.0 428.0 72.0
222.0 572.0 220.0 568.0
355.0 80.0 365.0 72.0
158.0 542.0 156.0 533.0
216.0 58.0 225.0 43.0
11.0 232.0 11.0 209.0
31.0 571.0 33.0 561.0
216.0 608.0 213.0 603.0
215.0 58.0 225.0 43.0
158.0 541.0 156.0 533.0
73.0 170.0 87.0 155.0
77.0 367.0 93.0 357.0
217.0 57.0 225.0 43.0
160.0 541.0 156.0 533.0
384.0 122.0 395.0 112.0
412.0 80.0 428.0 72.0
181.0 535.0 179.0 528.0
182.0 535.0 179.0 528.0
20.0 398.0 15.0 389.0
27.0 446.0 28.0 434.0
2.0 84.0 7.0 79.0
1.0 84.0 7.0 79.0
72.0 170.0 87.0 155.0
74.0 169.0 87.0 155.0
159.0 541.0 156.0 533.0
413.0 81.0 428.0 72.0
2.0 85.0 7.0 79.0
222.0 573.0 220.0 568.0
48.0 315.0 50.0 310.0
1.0 85.0 7.0 79.0
48.0 316.0 50.0 310.0
30.0 572.0 33.0 562.0
355.0 79.0 365.0 72.0
160.0 542.0 156.0 533.0
48.0 317.0 50.0 310.0
74.0 168.0 87.0 155.0
12.0 232.0 11.0 209.0
73.0 169.0 87.0 155.0
26.0 445.0 28.0 434.0
181.0 536.0 179.0 528.0
25.0 447.0 28.0 434.0
182.0 536.0 179.0 528.0
26.0 446.0 28.0 434.0
21.0 397.0 15.0 389.0
21.0 398.0 15.0 389.0
25.0 446.0 28.0 434.0
144.0 544.0 155.0 533.0
143.0 544.0 155.0 533.0
13.0 232.0 11.0 209.0
29.0 572.0 33.0 562.0
21.0 399.0 15.0 390.0
197.0 60.0 212.0 43.0
73.0 168.0 87.0 155.0
26.0 447.0 28.0 434.0
72.0 169.0 87.0 155.0
18.0 69.0 7.0 79.0
30.0 571.0 33.0 562.0
18.0 70.0 7.0 79.0
197.0 61.0 212.0 43.0
343.0 18.0 372.0 39.0
22.0 397.0 15.0 389.0
73.0 167.0 91.0 139.0
180.0 535.0 179.0 528.0
2.0 401.0 15.0 390.0
23.0 398.0 31.0 387.0
142.0 544.0 155.0 533.0
72.0 168.0 91.0 139.0
343.0 19.0 372.0 39.0
3.0 401.0 15.0 390.0
342.0 18.0 372.0 39.0
22.0 398.0 31.0 387.0
29.0 571.0 33.0 562.0
143.0 545.0 155.0 533.0
23.0 397.0 31.0 387.0
472.0 110.0 473.0 151.0
474.0 111.0 473.0 151.0
356.0 80.0 365.0 72.0
474.0 110.0 473.0 151.0
473.0 111.0 473.0 151.0
473.0 110.0 473.0 151.0
472.0 111.0 473.0 151.0
3.0 402.0 15.0 390.0
28.0 572.0 13.0 559.0
2.0 402.0 15.0 390.0
142.0 545.0 155.0 533.0
142.0 543.0 155.0 533.0
186.0 564.0 170.0 552.0
67.0 103.0 67.0 101.0
68.0 104.0 67.0 101.0
11.0 541.0 17.0 539.0
356.0 79.0 365.0 72.0
47.0 341.0 63.0 336.0
14.0 382.0 15.0 389.0
46.0 341.0 63.0 336.0
143.0 471.0 146.0 475.0
143.0 470.0 146.0 475.0
67.0 102.0 67.0 101.0
11.0 183.0 16.0 121.0
142.0 471.0 146.0 475.0
10.0 184.0 16.0 121.0
12.0 480.0 17.0 540.0
46.0 340.0 63.0 336.0
67.0 101.0 67.0 101.0
46.0 342.0 63.0 336.0
11.0 184.0 16.0 121.0
11.0 185.0 16.0 121.0
142.0 470.0 146.0 475.0
12.0 183.0 16.0 121.0
45.0 341.0 63.0 336.0
42.0 545.0 17.0 539.0
12.0 184.0 16.0 121.0
141.0 544.0 137.0 522.0
219.0 113.0 217.0 88.0
68.0 22.0 94.0 19.0
14.0 381.0 15.0 389.0
11.0 480.0 17.0 540.0
141.0 545.0 155.0 533.0
67.0 22.0 94.0 19.0
