234.0 309.0 248.0 320.0
348.0 68.0 363.0 78.0
340.0 465.0 362.0 479.0
233.0 310.0 248.0 320.0
398.0 409.0 419.0 422.0
218.0 386.0 235.0 398.0
340.0 467.0 363.0 480.0
397.0 409.0 419.0 422.0
234.0 310.0 248.0 320.0
340.0 466.0 362.0 479.0
233.0 309.0 248.0 320.0
397.0 410.0 419.0 422.0
348.0 69.0 363.0 78.0
402.0 427.0 425.0 440.0
280.0 70.0 294.0 78.0
348.0 67.0 363.0 77.0
218.0 385.0 235.0 398.0
398.0 410.0 419.0 422.0
269.0 435.0 287.0 448.0
232.0 309.0 247.0 320.0
270.0 435.0 287.0 448.0
281.0 70.0 294.0 78.0
218.0 431.0 235.0 441.0
268.0 435.0 287.0 448.0
339.0 465.0 362.0 479.0
288.0 445.0 306.0 457.0
403.0 427.0 425.0 440.0
275.0 357.0 291.0 368.0
396.0 410.0 419.0 423.0
406.0 276.0 427.0 286.0
347.0 68.0 363.0 78.0
404.0 427.0 425.0 440.0
232.0 310.0 248.0 320.0
406.0 275.0 427.0 286.0
403.0 426.0 425.0 439.0
252.0 250.0 267.0 258.0
252.0 121.0 264.0 130.0
339.0 466.0 362.0 479.0
302.0 73.0 316.0 81.0
281.0 71.0 294.0 79.0
282.0 70.0 294.0 79.0
270.0 276.0 285.0 286.0
281.0 72.0 294.0 79.0
72.0 434.0 88.0 443.0
251.0 251.0 267.0 258.0
233.0 311.0 248.0 320.0
332.0 140.0 348.0 148.0
331.0 137.0 346.0 146.0
388.0 250.0 408.0 259.0
217.0 385.0 235.0 398.0
347.0 67.0 363.0 77.0
398.0 411.0 419.0 422.0
397.0 411.0 419.0 422.0
218.0 430.0 235.0 441.0
332.0 139.0 347.0 146.0
326.0 324.0 346.0 335.0
70.0 433.0 88.0 443.0
270.0 436.0 287.0 448.0
71.0 433.0 88.0 443.0
70.0 434.0 88.0 443.0
252.0 251.0 267.0 258.0
282.0 71.0 294.0 79.0
268.0 436.0 287.0 448.0
219.0 431.0 235.0 441.0
216.0 385.0 235.0 398.0
273.0 181.0 286.0 190.0
288.0 446.0 305.0 457.0
338.0 465.0 361.0 479.0
269.0 436.0 287.0 448.0
332.0 137.0 347.0 145.0
317.0 426.0 335.0 435.0
219.0 430.0 235.0 441.0
273.0 182.0 286.0 190.0
274.0 357.0 291.0 368.0
289.0 445.0 307.0 457.0
303.0 72.0 316.0 81.0
274.0 356.0 291.0 367.0
70.0 432.0 88.0 443.0
72.0 433.0 89.0 443.0
282.0 72.0 294.0 79.0
71.0 434.0 88.0 443.0
253.0 122.0 265.0 130.0
299.0 141.0 313.0 150.0
332.0 138.0 347.0 145.0
318.0 425.0 335.0 435.0
331.0 139.0 346.0 147.0
216.0 384.0 235.0 398.0
71.0 432.0 89.0 443.0
331.0 138.0 346.0 146.0
65.0 361.0 82.0 370.0
251.0 122.0 265.0 130.0
190.0 4.0 205.0 15.0
317.0 112.0 332.0 122.0
197.0 257.0 213.0 266.0
253.0 251.0 267.0 258.0
190.0 3.0 205.0 15.0
318.0 426.0 335.0 435.0
251.0 252.0 267.0 258.0
289.0 446.0 307.0 457.0
318.0 427.0 335.0 435.0
252.0 302.0 266.0 311.0
252.0 252.0 267.0 258.0
252.0 122.0 265.0 130.0
272.0 277.0 285.0 286.0
63.0 361.0 80.0 370.0
381.0 18.0 396.0 28.0
270.0 277.0 285.0 286.0
216.0 265.0 231.0 272.0
64.0 360.0 81.0 369.0
215.0 265.0 231.0 272.0
312.0 440.0 333.0 454.0
190.0 209.0 207.0 220.0
217.0 265.0 231.0 272.0
271.0 277.0 285.0 286.0
299.0 142.0 313.0 150.0
274.0 182.0 286.0 190.0
62.0 361.0 80.0 369.0
198.0 257.0 213.0 266.0
310.0 377.0 330.0 388.0
274.0 181.0 286.0 190.0
217.0 264.0 231.0 272.0
270.0 278.0 285.0 286.0
273.0 356.0 289.0 366.0
64.0 361.0 82.0 370.0
324.0 437.0 345.0 450.0
382.0 18.0 396.0 28.0
276.0 374.0 293.0 385.0
215.0 264.0 231.0 272.0
250.0 252.0 267.0 258.0
88.0 355.0 107.0 366.0
317.0 113.0 332.0 122.0
252.0 303.0 266.0 311.0
380.0 18.0 396.0 28.0
76.0 453.0 95.0 464.0
140.0 597.0 156.0 607.0
273.0 357.0 291.0 368.0
75.0 453.0 95.0 464.0
381.0 17.0 396.0 28.0
392.0 422.0 413.0 434.0
346.0 152.0 362.0 160.0
196.0 255.0 213.0 266.0
271.0 278.0 285.0 286.0
216.0 264.0 231.0 272.0
76.0 454.0 95.0 464.0
189.0 209.0 205.0 219.0
80.0 396.0 99.0 407.0
191.0 4.0 205.0 15.0
290.0 446.0 307.0 457.0
393.0 422.0 413.0 434.0
238.0 448.0 258.0 461.0
197.0 256.0 213.0 266.0
141.0 597.0 156.0 607.0
140.0 598.0 156.0 607.0
198.0 256.0 213.0 266.0
191.0 3.0 205.0 15.0
309.0 377.0 330.0 388.0
195.0 273.0 211.0 285.0
352.0 192.0 369.0 201.0
289.0 447.0 307.0 457.0
142.0 598.0 156.0 607.0
277.0 374.0 293.0 385.0
141.0 598.0 156.0 607.0
308.0 376.0 327.0 388.0
104.0 20.0 117.0 33.0
272.0 278.0 285.0 286.0
196.0 256.0 213.0 266.0
298.0 142.0 312.0 150.0
346.0 151.0 362.0 160.0
253.0 302.0 266.0 311.0
442.0 317.0 461.0 325.0
197.0 255.0 213.0 266.0
345.0 151.0 362.0 160.0
353.0 192.0 370.0 201.0
299.0 143.0 313.0 150.0
442.0 318.0 461.0 325.0
77.0 79.0 93.0 91.0
276.0 375.0 293.0 385.0
238.0 449.0 258.0 461.0
75.0 454.0 95.0 464.0
308.0 377.0 327.0 388.0
79.0 396.0 98.0 407.0
104.0 19.0 117.0 33.0
380.0 17.0 396.0 28.0
188.0 209.0 205.0 219.0
79.0 559.0 97.0 571.0
122.0 595.0 140.0 606.0
298.0 143.0 313.0 150.0
78.0 80.0 93.0 91.0
79.0 558.0 97.0 571.0
68.0 588.0 90.0 601.0
422.0 50.0 437.0 56.0
443.0 318.0 461.0 325.0
187.0 347.0 204.0 357.0
421.0 50.0 436.0 56.0
67.0 588.0 90.0 601.0
78.0 78.0 94.0 92.0
258.0 219.0 271.0 225.0
187.0 348.0 204.0 357.0
186.0 348.0 204.0 357.0
78.0 79.0 93.0 91.0
291.0 561.0 309.0 575.0
319.0 29.0 333.0 38.0
352.0 191.0 369.0 201.0
187.0 349.0 205.0 357.0
421.0 49.0 436.0 56.0
122.0 596.0 140.0 606.0
345.0 152.0 362.0 160.0
77.0 80.0 92.0 92.0
186.0 350.0 205.0 357.0
145.0 10.0 156.0 19.0
189.0 210.0 205.0 219.0
74.0 453.0 95.0 464.0
78.0 559.0 96.0 572.0
441.0 318.0 461.0 325.0
77.0 78.0 93.0 91.0
319.0 28.0 333.0 38.0
277.0 375.0 293.0 385.0
123.0 596.0 140.0 606.0
67.0 587.0 90.0 601.0
422.0 49.0 437.0 56.0
103.0 20.0 117.0 33.0
186.0 347.0 204.0 357.0
423.0 49.0 437.0 56.0
186.0 349.0 205.0 357.0
121.0 596.0 140.0 606.0
344.0 151.0 362.0 160.0
292.0 561.0 310.0 575.0
424.0 50.0 437.0 56.0
283.0 96.0 300.0 104.0
423.0 50.0 437.0 56.0
68.0 587.0 90.0 601.0
121.0 595.0 140.0 606.0
130.0 613.0 148.0 625.0
145.0 9.0 156.0 19.0
283.0 95.0 300.0 104.0
283.0 93.0 300.0 104.0
106.0 602.0 124.0 612.0
344.0 152.0 362.0 160.0
129.0 613.0 148.0 625.0
103.0 19.0 117.0 33.0
129.0 614.0 148.0 625.0
318.0 28.0 333.0 38.0
258.0 218.0 271.0 225.0
146.0 9.0 156.0 19.0
418.0 206.0 442.0 216.0
318.0 29.0 333.0 38.0
78.0 558.0 96.0 572.0
282.0 94.0 300.0 104.0
105.0 601.0 124.0 612.0
417.0 205.0 442.0 216.0
417.0 204.0 442.0 216.0
146.0 10.0 156.0 19.0
106.0 601.0 124.0 612.0
77.0 559.0 96.0 572.0
147.0 10.0 156.0 19.0
283.0 94.0 300.0 104.0
67.0 586.0 90.0 601.0
319.0 27.0 333.0 38.0
154.0 244.0 170.0 257.0
416.0 204.0 442.0 216.0
77.0 558.0 96.0 572.0
282.0 95.0 300.0 104.0
417.0 206.0 442.0 216.0
282.0 93.0 299.0 104.0
282.0 96.0 300.0 104.0
318.0 27.0 333.0 38.0
289.0 590.0 308.0 602.0
121.0 610.0 147.0 625.0
121.0 611.0 147.0 625.0
258.0 217.0 271.0 225.0
418.0 204.0 442.0 216.0
281.0 93.0 299.0 104.0
36.0 422.0 56.0 433.0
418.0 205.0 442.0 216.0
416.0 205.0 442.0 216.0
36.0 421.0 55.0 432.0
153.0 244.0 170.0 257.0
18.0 441.0 37.0 451.0
281.0 94.0 300.0 104.0
107.0 601.0 124.0 612.0
105.0 600.0 124.0 612.0
35.0 421.0 55.0 432.0
27.0 381.0 47.0 390.0
281.0 95.0 300.0 104.0
333.0 358.0 355.0 369.0
107.0 600.0 124.0 612.0
106.0 600.0 124.0 612.0
28.0 380.0 47.0 390.0
293.0 561.0 310.0 575.0
35.0 422.0 56.0 433.0
154.0 243.0 170.0 257.0
27.0 380.0 47.0 390.0
18.0 440.0 37.0 451.0
36.0 420.0 55.0 432.0
153.0 243.0 170.0 257.0
36.0 419.0 55.0 432.0
338.0 574.0 362.0 589.0
17.0 440.0 37.0 451.0
132.0 264.0 149.0 276.0
17.0 441.0 37.0 452.0
17.0 439.0 37.0 451.0
26.0 380.0 47.0 390.0
339.0 574.0 362.0 589.0
27.0 379.0 47.0 390.0
35.0 420.0 55.0 432.0
16.0 440.0 37.0 452.0
338.0 575.0 362.0 589.0
16.0 439.0 37.0 452.0
16.0 441.0 37.0 452.0
255.0 606.0 272.0 614.0
393.0 194.0 425.0 208.0
154.0 242.0 170.0 257.0
338.0 374.0 355.0 369.0
337.0 374.0 355.0 369.0
218.0 338.0 241.0 347.0
393.0 195.0 425.0 208.0
206.0 601.0 206.0 610.0
339.0 375.0 355.0 369.0
3.0 379.0 19.0 387.0
153.0 242.0 170.0 257.0
206.0 602.0 206.0 610.0
2.0 378.0 19.0 387.0
393.0 196.0 425.0 208.0
254.0 205.0 271.0 225.0
256.0 606.0 272.0 614.0
392.0 195.0 425.0 208.0
3.0 378.0 19.0 387.0
13.0 272.0 12.0 310.0
365.0 320.0 390.0 333.0
207.0 601.0 206.0 610.0
12.0 272.0 12.0 310.0
339.0 575.0 362.0 589.0
253.0 205.0 271.0 225.0
257.0 606.0 272.0 614.0
12.0 273.0 12.0 310.0
338.0 375.0 355.0 369.0
392.0 194.0 425.0 208.0
108.0 307.0 130.0 316.0
442.0 299.0 452.0 309.0
443.0 300.0 452.0 309.0
13.0 274.0 12.0 310.0
337.0 375.0 355.0 369.0
256.0 607.0 272.0 614.0
392.0 196.0 424.0 210.0
13.0 273.0 12.0 310.0
443.0 299.0 452.0 309.0
256.0 608.0 272.0 614.0
255.0 607.0 272.0 614.0
364.0 321.0 390.0 333.0
243.0 598.0 272.0 614.0
364.0 320.0 390.0 333.0
14.0 273.0 12.0 310.0
257.0 607.0 272.0 614.0
273.0 113.0 288.0 133.0
308.0 592.0 327.0 605.0
444.0 299.0 452.0 309.0
254.0 168.0 273.0 185.0
254.0 167.0 273.0 185.0
161.0 602.0 158.0 609.0
322.0 104.0 332.0 121.0
162.0 602.0 158.0 609.0
322.0 105.0 332.0 121.0
161.0 603.0 158.0 609.0
274.0 113.0 288.0 133.0
246.0 233.0 267.0 257.0
253.0 168.0 273.0 185.0
162.0 603.0 158.0 609.0
247.0 233.0 267.0 257.0
163.0 603.0 158.0 609.0
163.0 602.0 158.0 609.0
191.0 287.0 211.0 285.0
188.0 600.0 206.0 610.0
188.0 599.0 206.0 610.0
189.0 599.0 206.0 610.0
252.0 168.0 273.0 185.0
253.0 167.0 273.0 185.0
252.0 167.0 273.0 185.0
286.0 470.0 296.0 493.0
