66.0 412.0 66.0 412.0
185.0 350.0 182.0 347.0
66.0 409.0 66.0 409.0
66.0 413.0 66.0 413.0
185.0 349.0 182.0 347.0
66.0 410.0 66.0 409.0
347.0 234.0 341.0 231.0
62.0 241.0 61.0 242.0
63.0 241.0 61.0 242.0
84.0 413.0 84.0 413.0
113.0 248.0 111.0 248.0
43.0 486.0 44.0 486.0
31.0 613.0 33.0 611.0
63.0 242.0 61.0 242.0
43.0 193.0 41.0 195.0
253.0 583.0 253.0 579.0
112.0 248.0 110.0 247.0
347.0 233.0 341.0 230.0
66.0 414.0 66.0 413.0
184.0 350.0 182.0 347.0
186.0 534.0 186.0 531.0
108.0 318.0 107.0 319.0
31.0 614.0 33.0 611.0
30.0 613.0 33.0 611.0
10.0 148.0 8.0 150.0
67.0 413.0 67.0 413.0
30.0 612.0 33.0 611.0
84.0 414.0 84.0 414.0
185.0 533.0 186.0 531.0
142.0 262.0 139.0 262.0
253.0 584.0 253.0 579.0
9.0 149.0 8.0 150.0
196.0 612.0 196.0 610.0
30.0 614.0 33.0 611.0
141.0 263.0 139.0 262.0
83.0 414.0 84.0 413.0
185.0 534.0 186.0 531.0
108.0 319.0 107.0 319.0
209.0 589.0 209.0 586.0
196.0 613.0 196.0 611.0
31.0 612.0 33.0 611.0
42.0 193.0 41.0 195.0
119.0 345.0 118.0 337.0
160.0 472.0 161.0 470.0
58.0 461.0 59.0 461.0
64.0 241.0 61.0 242.0
186.0 533.0 186.0 531.0
112.0 249.0 110.0 248.0
29.0 614.0 32.0 612.0
347.0 232.0 342.0 229.0
57.0 26.0 52.0 28.0
141.0 262.0 139.0 262.0
161.0 472.0 161.0 470.0
112.0 247.0 110.0 247.0
57.0 25.0 52.0 28.0
346.0 234.0 341.0 231.0
128.0 307.0 127.0 307.0
81.0 110.0 78.0 111.0
72.0 264.0 71.0 266.0
209.0 588.0 209.0 586.0
114.0 484.0 114.0 484.0
8.0 149.0 7.0 150.0
208.0 589.0 208.0 586.0
196.0 614.0 196.0 611.0
56.0 26.0 52.0 28.0
346.0 233.0 342.0 230.0
29.0 613.0 33.0 611.0
129.0 307.0 128.0 306.0
60.0 195.0 57.0 197.0
81.0 109.0 78.0 111.0
73.0 265.0 71.0 266.0
208.0 588.0 208.0 586.0
27.0 138.0 25.0 139.0
74.0 264.0 71.0 266.0
50.0 416.0 50.0 416.0
120.0 344.0 118.0 337.0
128.0 308.0 127.0 307.0
120.0 345.0 118.0 337.0
76.0 87.0 73.0 89.0
78.0 215.0 76.0 216.0
61.0 195.0 57.0 197.0
73.0 264.0 71.0 265.0
208.0 587.0 208.0 585.0
157.0 255.0 155.0 254.0
346.0 232.0 341.0 230.0
111.0 248.0 110.0 247.0
142.0 263.0 140.0 263.0
58.0 460.0 59.0 461.0
42.0 194.0 41.0 195.0
262.0 241.0 258.0 239.0
65.0 480.0 67.0 479.0
60.0 194.0 57.0 197.0
77.0 88.0 74.0 89.0
171.0 246.0 169.0 245.0
67.0 414.0 67.0 413.0
117.0 80.0 114.0 80.0
263.0 241.0 258.0 239.0
435.0 399.0 431.0 395.0
74.0 265.0 71.0 266.0
83.0 413.0 84.0 413.0
65.0 481.0 66.0 480.0
153.0 121.0 148.0 121.0
435.0 398.0 431.0 395.0
223.0 610.0 223.0 606.0
262.0 240.0 258.0 238.0
82.0 110.0 78.0 111.0
26.0 139.0 23.0 139.0
185.0 532.0 186.0 531.0
98.0 51.0 95.0 52.0
9.0 148.0 8.0 150.0
434.0 398.0 431.0 395.0
224.0 611.0 224.0 608.0
172.0 246.0 169.0 245.0
77.0 87.0 74.0 89.0
152.0 121.0 148.0 121.0
87.0 254.0 86.0 255.0
114.0 483.0 114.0 483.0
26.0 197.0 25.0 198.0
8.0 148.0 7.0 149.0
98.0 359.0 98.0 359.0
252.0 583.0 253.0 579.0
78.0 216.0 76.0 216.0
64.0 480.0 66.0 480.0
435.0 397.0 431.0 395.0
156.0 255.0 155.0 254.0
26.0 138.0 23.0 139.0
9.0 147.0 8.0 149.0
263.0 240.0 258.0 239.0
258.0 69.0 252.0 70.0
118.0 79.0 114.0 80.0
195.0 36.0 190.0 38.0
119.0 344.0 118.0 337.0
149.0 435.0 148.0 434.0
52.0 514.0 54.0 514.0
50.0 417.0 50.0 416.0
6.0 503.0 9.0 503.0
157.0 254.0 154.0 253.0
111.0 247.0 110.0 247.0
172.0 245.0 169.0 245.0
151.0 121.0 148.0 121.0
113.0 484.0 114.0 483.0
42.0 192.0 41.0 195.0
74.0 281.0 74.0 282.0
154.0 121.0 148.0 121.0
436.0 399.0 432.0 394.0
95.0 24.0 91.0 26.0
51.0 416.0 51.0 416.0
131.0 374.0 131.0 373.0
75.0 281.0 74.0 282.0
74.0 280.0 74.0 282.0
77.0 216.0 75.0 217.0
7.0 503.0 9.0 503.0
258.0 70.0 252.0 70.0
51.0 514.0 54.0 514.0
436.0 398.0 432.0 394.0
171.0 245.0 168.0 245.0
82.0 109.0 78.0 111.0
99.0 52.0 95.0 53.0
9.0 482.0 12.0 482.0
195.0 613.0 196.0 611.0
436.0 397.0 432.0 394.0
152.0 122.0 148.0 121.0
258.0 71.0 252.0 70.0
261.0 104.0 255.0 103.0
153.0 122.0 148.0 121.0
26.0 198.0 25.0 198.0
154.0 122.0 148.0 121.0
171.0 244.0 168.0 245.0
224.0 610.0 224.0 608.0
117.0 79.0 114.0 80.0
75.0 280.0 74.0 282.0
96.0 473.0 97.0 472.0
6.0 540.0 10.0 540.0
7.0 540.0 10.0 540.0
131.0 375.0 131.0 374.0
208.0 590.0 208.0 586.0
81.0 108.0 78.0 111.0
190.0 130.0 186.0 130.0
17.0 404.0 18.0 404.0
139.0 82.0 135.0 83.0
78.0 217.0 75.0 217.0
56.0 78.0 53.0 81.0
17.0 403.0 18.0 404.0
139.0 514.0 139.0 514.0
190.0 131.0 186.0 130.0
79.0 215.0 76.0 216.0
259.0 69.0 252.0 70.0
157.0 256.0 155.0 255.0
191.0 130.0 186.0 130.0
7.0 502.0 9.0 503.0
158.0 255.0 155.0 255.0
7.0 539.0 10.0 539.0
133.0 118.0 130.0 119.0
260.0 104.0 255.0 103.0
195.0 614.0 196.0 611.0
79.0 216.0 76.0 216.0
261.0 103.0 255.0 103.0
309.0 48.0 303.0 46.0
262.0 103.0 255.0 103.0
113.0 483.0 114.0 483.0
99.0 51.0 95.0 53.0
259.0 70.0 252.0 70.0
87.0 253.0 85.0 254.0
125.0 32.0 122.0 34.0
195.0 37.0 190.0 38.0
196.0 36.0 190.0 38.0
95.0 473.0 97.0 472.0
309.0 47.0 303.0 46.0
26.0 137.0 23.0 139.0
126.0 173.0 123.0 173.0
189.0 130.0 186.0 130.0
98.0 557.0 100.0 556.0
8.0 482.0 11.0 482.0
158.0 256.0 155.0 255.0
257.0 69.0 252.0 70.0
16.0 404.0 18.0 403.0
205.0 414.0 204.0 412.0
78.0 87.0 74.0 89.0
86.0 254.0 86.0 255.0
243.0 233.0 237.0 231.0
192.0 237.0 188.0 235.0
185.0 153.0 181.0 153.0
242.0 233.0 237.0 231.0
117.0 78.0 113.0 79.0
308.0 47.0 302.0 46.0
7.0 451.0 8.0 451.0
27.0 137.0 25.0 139.0
227.0 539.0 226.0 535.0
100.0 342.0 99.0 342.0
100.0 343.0 99.0 342.0
8.0 483.0 11.0 482.0
111.0 52.0 109.0 59.0
191.0 131.0 186.0 130.0
126.0 172.0 123.0 173.0
134.0 118.0 130.0 119.0
111.0 53.0 109.0 59.0
237.0 568.0 237.0 565.0
96.0 371.0 94.0 379.0
124.0 562.0 125.0 561.0
227.0 540.0 226.0 536.0
125.0 172.0 122.0 174.0
132.0 374.0 131.0 373.0
249.0 220.0 245.0 219.0
39.0 470.0 41.0 470.0
9.0 483.0 12.0 482.0
82.0 108.0 78.0 111.0
75.0 23.0 70.0 26.0
43.0 85.0 39.0 87.0
38.0 472.0 40.0 471.0
112.0 53.0 109.0 59.0
101.0 342.0 99.0 342.0
101.0 343.0 99.0 342.0
125.0 173.0 122.0 174.0
97.0 371.0 94.0 379.0
131.0 540.0 132.0 538.0
96.0 474.0 97.0 472.0
257.0 70.0 252.0 70.0
308.0 48.0 303.0 46.0
76.0 23.0 72.0 26.0
78.0 88.0 74.0 89.0
16.0 403.0 18.0 403.0
95.0 474.0 97.0 472.0
196.0 37.0 190.0 38.0
130.0 539.0 132.0 537.0
86.0 255.0 85.0 255.0
44.0 117.0 40.0 118.0
130.0 540.0 132.0 537.0
182.0 411.0 181.0 409.0
131.0 539.0 132.0 538.0
87.0 255.0 85.0 255.0
151.0 4.0 146.0 7.0
112.0 52.0 109.0 59.0
249.0 221.0 245.0 219.0
38.0 470.0 41.0 470.0
185.0 154.0 181.0 153.0
151.0 5.0 146.0 7.0
124.0 32.0 122.0 35.0
268.0 88.0 261.0 87.0
192.0 236.0 188.0 235.0
44.0 116.0 40.0 118.0
50.0 514.0 54.0 514.0
27.0 136.0 23.0 139.0
40.0 470.0 41.0 470.0
124.0 33.0 122.0 35.0
38.0 471.0 41.0 470.0
90.0 166.0 87.0 167.0
268.0 89.0 261.0 87.0
132.0 539.0 132.0 538.0
205.0 415.0 204.0 412.0
8.0 627.0 10.0 626.0
43.0 117.0 40.0 118.0
161.0 177.0 158.0 177.0
76.0 24.0 72.0 26.0
42.0 116.0 40.0 118.0
267.0 88.0 261.0 87.0
7.0 627.0 10.0 626.0
163.0 197.0 160.0 197.0
269.0 89.0 261.0 87.0
244.0 615.0 244.0 612.0
43.0 116.0 40.0 118.0
152.0 4.0 146.0 7.0
160.0 177.0 157.0 176.0
244.0 614.0 244.0 612.0
7.0 628.0 10.0 626.0
110.0 123.0 106.0 123.0
42.0 85.0 39.0 87.0
6.0 628.0 10.0 626.0
39.0 471.0 41.0 470.0
50.0 582.0 52.0 582.0
228.0 139.0 223.0 139.0
51.0 461.0 59.0 461.0
269.0 88.0 261.0 87.0
155.0 167.0 151.0 167.0
49.0 583.0 51.0 582.0
42.0 84.0 39.0 87.0
91.0 166.0 87.0 167.0
228.0 138.0 223.0 137.0
228.0 140.0 223.0 139.0
227.0 139.0 223.0 139.0
161.0 178.0 158.0 177.0
146.0 417.0 146.0 416.0
85.0 164.0 81.0 164.0
184.0 154.0 181.0 153.0
147.0 417.0 147.0 416.0
423.0 219.0 418.0 217.0
210.0 133.0 205.0 133.0
229.0 139.0 223.0 139.0
50.0 581.0 52.0 582.0
424.0 219.0 418.0 217.0
166.0 439.0 167.0 437.0
424.0 218.0 418.0 215.0
423.0 218.0 418.0 215.0
109.0 123.0 105.0 124.0
229.0 138.0 223.0 139.0
183.0 411.0 181.0 409.0
106.0 169.0 103.0 169.0
422.0 219.0 418.0 217.0
42.0 117.0 40.0 118.0
243.0 615.0 244.0 612.0
222.0 203.0 218.0 202.0
184.0 153.0 180.0 153.0
146.0 416.0 146.0 416.0
85.0 165.0 81.0 164.0
221.0 203.0 218.0 202.0
49.0 582.0 51.0 582.0
211.0 133.0 206.0 132.0
167.0 438.0 167.0 437.0
163.0 196.0 160.0 195.0
109.0 122.0 106.0 123.0
167.0 439.0 167.0 437.0
51.0 40.0 48.0 43.0
422.0 218.0 418.0 215.0
164.0 197.0 160.0 197.0
110.0 122.0 106.0 123.0
84.0 164.0 81.0 164.0
222.0 202.0 218.0 202.0
229.0 140.0 223.0 139.0
108.0 122.0 105.0 124.0
350.0 134.0 349.0 139.0
147.0 416.0 146.0 416.0
164.0 196.0 161.0 195.0
109.0 121.0 106.0 123.0
163.0 195.0 160.0 195.0
84.0 165.0 81.0 164.0
221.0 202.0 218.0 202.0
105.0 169.0 103.0 169.0
164.0 195.0 161.0 195.0
87.0 39.0 83.0 40.0
298.0 628.0 287.0 624.0
88.0 39.0 83.0 40.0
88.0 40.0 83.0 40.0
170.0 253.0 169.0 245.0
108.0 121.0 105.0 124.0
82.0 365.0 93.0 379.0
150.0 163.0 151.0 167.0
280.0 618.0 287.0 624.0
82.0 364.0 93.0 379.0
150.0 162.0 151.0 167.0
121.0 305.0 126.0 306.0
151.0 162.0 151.0 167.0
112.0 502.0 109.0 509.0
121.0 304.0 126.0 306.0
179.0 269.0 181.0 280.0
280.0 617.0 287.0 624.0
215.0 189.0 211.0 188.0
279.0 617.0 287.0 624.0
217.0 128.0 206.0 132.0
216.0 128.0 206.0 132.0
217.0 181.0 211.0 188.0
151.0 161.0 151.0 167.0
29.0 527.0 38.0 528.0
113.0 502.0 109.0 509.0
5.0 401.0 18.0 402.0
94.0 388.0 94.0 379.0
145.0 453.0 155.0 448.0
266.0 601.0 253.0 580.0
120.0 304.0 126.0 306.0
216.0 181.0 211.0 188.0
267.0 601.0 253.0 580.0
266.0 600.0 253.0 580.0
95.0 333.0 99.0 342.0
93.0 388.0 94.0 379.0
216.0 180.0 211.0 188.0
63.0 62.0 62.0 54.0
95.0 332.0 99.0 342.0
31.0 405.0 19.0 402.0
144.0 453.0 155.0 448.0
27.0 527.0 38.0 528.0
119.0 12.0 122.0 34.0
387.0 145.0 368.0 145.0
64.0 62.0 62.0 54.0
94.0 389.0 94.0 379.0
93.0 389.0 94.0 379.0
196.0 203.0 203.0 211.0
387.0 144.0 368.0 145.0
156.0 159.0 151.0 167.0
60.0 534.0 51.0 535.0
157.0 159.0 151.0 167.0
13.0 466.0 11.0 482.0
119.0 11.0 122.0 34.0
188.0 224.0 188.0 235.0
388.0 145.0 368.0 145.0
388.0 144.0 368.0 145.0
188.0 223.0 188.0 235.0
189.0 223.0 188.0 235.0
189.0 222.0 188.0 235.0
188.0 222.0 188.0 235.0
144.0 187.0 128.0 189.0
64.0 63.0 62.0 54.0
187.0 223.0 188.0 235.0
