147.0 33.0 148.0 36.0
158.0 240.0 162.0 240.0
8.0 74.0 10.0 81.0
147.0 32.0 148.0 36.0
358.0 109.0 358.0 108.0
266.0 201.0 269.0 198.0
161.0 161.0 163.0 162.0
6.0 75.0 9.0 82.0
160.0 162.0 163.0 162.0
159.0 241.0 162.0 241.0
7.0 75.0 9.0 82.0
157.0 240.0 161.0 240.0
265.0 201.0 269.0 198.0
178.0 30.0 179.0 32.0
146.0 32.0 147.0 36.0
105.0 518.0 111.0 518.0
146.0 33.0 147.0 36.0
250.0 205.0 253.0 204.0
229.0 271.0 234.0 269.0
8.0 75.0 10.0 81.0
229.0 272.0 234.0 269.0
159.0 240.0 162.0 240.0
100.0 104.0 102.0 109.0
178.0 29.0 179.0 32.0
210.0 594.0 219.0 593.0
228.0 272.0 233.0 270.0
158.0 242.0 161.0 241.0
158.0 241.0 161.0 241.0
228.0 271.0 233.0 270.0
190.0 238.0 193.0 237.0
7.0 74.0 10.0 81.0
182.0 566.0 190.0 565.0
189.0 238.0 192.0 237.0
6.0 74.0 10.0 81.0
179.0 29.0 179.0 32.0
404.0 32.0 404.0 32.0
266.0 200.0 269.0 198.0
145.0 33.0 147.0 36.0
100.0 105.0 102.0 109.0
145.0 32.0 147.0 36.0
265.0 200.0 269.0 198.0
405.0 32.0 405.0 31.0
358.0 108.0 358.0 108.0
161.0 162.0 163.0 162.0
210.0 595.0 219.0 593.0
108.0 476.0 114.0 476.0
216.0 139.0 217.0 139.0
104.0 517.0 111.0 518.0
126.0 313.0 130.0 314.0
104.0 518.0 111.0 518.0
233.0 357.0 237.0 354.0
448.0 325.0 452.0 316.0
107.0 476.0 114.0 476.0
174.0 226.0 178.0 226.0
474.0 78.0 473.0 73.0
99.0 104.0 102.0 109.0
215.0 139.0 217.0 139.0
348.0 147.0 349.0 142.0
209.0 595.0 219.0 593.0
188.0 238.0 192.0 237.0
189.0 237.0 192.0 237.0
157.0 241.0 161.0 240.0
227.0 530.0 235.0 528.0
192.0 282.0 194.0 281.0
250.0 197.0 253.0 195.0
448.0 326.0 452.0 316.0
229.0 140.0 231.0 139.0
424.0 46.0 424.0 45.0
160.0 163.0 163.0 163.0
190.0 237.0 193.0 237.0
192.0 281.0 194.0 281.0
108.0 477.0 114.0 477.0
169.0 345.0 173.0 345.0
230.0 271.0 234.0 269.0
171.0 444.0 177.0 443.0
107.0 477.0 114.0 477.0
472.0 35.0 470.0 34.0
175.0 226.0 178.0 226.0
179.0 30.0 179.0 32.0
191.0 283.0 194.0 281.0
105.0 158.0 108.0 162.0
229.0 141.0 231.0 139.0
162.0 116.0 165.0 118.0
454.0 79.0 456.0 75.0
471.0 35.0 470.0 34.0
111.0 409.0 114.0 410.0
449.0 325.0 452.0 316.0
174.0 225.0 178.0 226.0
471.0 36.0 470.0 34.0
173.0 226.0 178.0 226.0
472.0 36.0 470.0 34.0
227.0 531.0 235.0 528.0
10.0 306.0 16.0 308.0
11.0 306.0 16.0 308.0
228.0 140.0 231.0 139.0
105.0 157.0 108.0 162.0
162.0 117.0 165.0 119.0
99.0 105.0 102.0 109.0
107.0 189.0 110.0 192.0
191.0 282.0 194.0 281.0
469.0 105.0 469.0 101.0
405.0 31.0 404.0 30.0
173.0 225.0 178.0 226.0
169.0 344.0 173.0 344.0
211.0 595.0 219.0 593.0
425.0 45.0 425.0 44.0
425.0 46.0 424.0 45.0
104.0 157.0 108.0 162.0
209.0 565.0 217.0 564.0
107.0 188.0 110.0 192.0
110.0 409.0 114.0 410.0
85.0 488.0 93.0 490.0
449.0 326.0 452.0 316.0
474.0 77.0 473.0 73.0
186.0 198.0 188.0 200.0
380.0 380.0 384.0 371.0
125.0 313.0 130.0 314.0
168.0 345.0 173.0 345.0
165.0 634.0 175.0 634.0
185.0 199.0 188.0 200.0
434.0 390.0 439.0 379.0
169.0 346.0 173.0 345.0
85.0 489.0 93.0 490.0
163.0 116.0 165.0 118.0
434.0 389.0 439.0 379.0
167.0 345.0 173.0 345.0
451.0 470.0 458.0 458.0
168.0 344.0 173.0 345.0
348.0 148.0 349.0 142.0
191.0 281.0 194.0 281.0
451.0 471.0 458.0 458.0
125.0 312.0 130.0 314.0
339.0 474.0 346.0 466.0
232.0 118.0 233.0 119.0
456.0 79.0 456.0 75.0
111.0 224.0 114.0 226.0
86.0 489.0 93.0 490.0
205.0 420.0 210.0 418.0
349.0 148.0 351.0 143.0
110.0 225.0 114.0 226.0
168.0 346.0 173.0 345.0
471.0 37.0 470.0 34.0
347.0 148.0 349.0 142.0
455.0 79.0 456.0 75.0
448.0 327.0 452.0 316.0
190.0 282.0 194.0 281.0
110.0 411.0 114.0 410.0
10.0 305.0 16.0 308.0
111.0 225.0 114.0 226.0
110.0 410.0 114.0 410.0
111.0 410.0 114.0 410.0
166.0 634.0 175.0 634.0
173.0 288.0 177.0 287.0
469.0 104.0 469.0 101.0
10.0 586.0 17.0 587.0
172.0 289.0 177.0 287.0
170.0 518.0 176.0 519.0
44.0 306.0 49.0 308.0
111.0 434.0 117.0 435.0
457.0 518.0 462.0 508.0
163.0 556.0 171.0 555.0
339.0 475.0 346.0 466.0
173.0 289.0 177.0 287.0
131.0 114.0 134.0 118.0
236.0 442.0 242.0 439.0
433.0 390.0 439.0 379.0
232.0 119.0 233.0 119.0
130.0 295.0 135.0 295.0
186.0 199.0 188.0 200.0
278.0 334.0 282.0 330.0
137.0 473.0 142.0 473.0
157.0 317.0 161.0 318.0
124.0 313.0 130.0 314.0
426.0 46.0 424.0 45.0
209.0 522.0 219.0 521.0
393.0 363.0 399.0 353.0
98.0 498.0 106.0 499.0
294.0 319.0 299.0 314.0
233.0 118.0 233.0 119.0
43.0 306.0 49.0 308.0
294.0 318.0 299.0 314.0
19.0 9.0 21.0 15.0
111.0 411.0 114.0 410.0
19.0 10.0 21.0 15.0
433.0 389.0 439.0 379.0
112.0 434.0 117.0 435.0
190.0 281.0 194.0 281.0
18.0 10.0 21.0 15.0
129.0 295.0 134.0 295.0
457.0 519.0 462.0 508.0
169.0 518.0 176.0 519.0
18.0 9.0 21.0 15.0
187.0 199.0 188.0 200.0
158.0 317.0 161.0 318.0
233.0 597.0 241.0 594.0
277.0 334.0 282.0 330.0
157.0 318.0 161.0 318.0
348.0 149.0 350.0 143.0
155.0 470.0 161.0 468.0
164.0 556.0 171.0 555.0
236.0 441.0 242.0 439.0
210.0 523.0 219.0 521.0
210.0 521.0 219.0 521.0
141.0 558.0 150.0 558.0
456.0 518.0 462.0 508.0
110.0 224.0 114.0 226.0
235.0 597.0 241.0 594.0
211.0 522.0 219.0 521.0
211.0 521.0 219.0 521.0
130.0 114.0 133.0 118.0
207.0 324.0 211.0 323.0
207.0 325.0 211.0 323.0
237.0 442.0 242.0 437.0
234.0 597.0 241.0 594.0
251.0 534.0 260.0 530.0
156.0 470.0 161.0 468.0
234.0 596.0 241.0 594.0
78.0 422.0 83.0 425.0
142.0 558.0 150.0 558.0
295.0 318.0 299.0 314.0
83.0 210.0 86.0 212.0
426.0 45.0 424.0 45.0
234.0 271.0 234.0 269.0
98.0 497.0 106.0 499.0
131.0 113.0 134.0 118.0
129.0 610.0 138.0 610.0
210.0 522.0 219.0 521.0
233.0 119.0 233.0 119.0
217.0 495.0 224.0 492.0
137.0 472.0 143.0 472.0
456.0 78.0 456.0 75.0
237.0 441.0 242.0 437.0
109.0 225.0 114.0 226.0
272.0 562.0 277.0 557.0
155.0 471.0 161.0 468.0
339.0 476.0 346.0 466.0
113.0 434.0 117.0 436.0
250.0 534.0 260.0 530.0
132.0 114.0 134.0 118.0
128.0 295.0 134.0 295.0
235.0 500.0 241.0 496.0
210.0 579.0 219.0 576.0
251.0 535.0 260.0 530.0
77.0 422.0 83.0 425.0
164.0 557.0 171.0 555.0
78.0 423.0 83.0 425.0
363.0 383.0 367.0 376.0
130.0 610.0 138.0 610.0
188.0 504.0 194.0 502.0
295.0 319.0 299.0 314.0
340.0 475.0 346.0 466.0
428.0 366.0 433.0 355.0
139.0 493.0 145.0 494.0
139.0 494.0 145.0 494.0
271.0 562.0 277.0 557.0
77.0 423.0 83.0 425.0
385.0 415.0 391.0 406.0
136.0 473.0 142.0 473.0
366.0 405.0 371.0 396.0
185.0 432.0 190.0 430.0
278.0 335.0 282.0 330.0
340.0 474.0 346.0 466.0
189.0 486.0 195.0 484.0
237.0 440.0 242.0 437.0
42.0 306.0 48.0 308.0
455.0 78.0 456.0 75.0
456.0 519.0 462.0 508.0
454.0 78.0 456.0 75.0
277.0 335.0 282.0 330.0
63.0 96.0 67.0 106.0
386.0 415.0 391.0 406.0
158.0 318.0 161.0 318.0
292.0 592.0 302.0 587.0
62.0 95.0 67.0 106.0
187.0 504.0 194.0 502.0
384.0 415.0 390.0 406.0
456.0 520.0 462.0 508.0
365.0 404.0 370.0 396.0
99.0 497.0 106.0 499.0
156.0 471.0 161.0 468.0
271.0 561.0 277.0 557.0
366.0 406.0 371.0 396.0
208.0 325.0 211.0 323.0
270.0 561.0 277.0 557.0
362.0 383.0 367.0 376.0
136.0 472.0 143.0 472.0
82.0 209.0 85.0 212.0
188.0 503.0 194.0 502.0
428.0 365.0 433.0 355.0
82.0 210.0 86.0 212.0
340.0 476.0 346.0 466.0
79.0 423.0 83.0 425.0
236.0 440.0 242.0 437.0
455.0 519.0 462.0 508.0
83.0 209.0 86.0 212.0
208.0 324.0 211.0 323.0
362.0 384.0 368.0 375.0
196.0 409.0 202.0 407.0
431.0 528.0 437.0 517.0
188.0 486.0 195.0 484.0
363.0 384.0 368.0 375.0
197.0 445.0 202.0 444.0
64.0 96.0 67.0 106.0
365.0 405.0 370.0 396.0
326.0 388.0 333.0 382.0
361.0 384.0 368.0 375.0
135.0 472.0 142.0 473.0
427.0 366.0 433.0 355.0
64.0 95.0 67.0 106.0
63.0 95.0 67.0 106.0
272.0 560.0 277.0 557.0
234.0 500.0 241.0 496.0
84.0 209.0 86.0 212.0
455.0 520.0 462.0 508.0
274.0 444.0 282.0 441.0
293.0 592.0 303.0 587.0
427.0 365.0 433.0 355.0
89.0 581.0 95.0 582.0
84.0 210.0 86.0 212.0
96.0 310.0 100.0 312.0
271.0 560.0 277.0 557.0
234.0 499.0 241.0 496.0
16.0 626.0 25.0 632.0
15.0 626.0 25.0 632.0
365.0 406.0 371.0 397.0
15.0 625.0 25.0 632.0
273.0 444.0 282.0 441.0
291.0 592.0 302.0 587.0
430.0 528.0 437.0 517.0
292.0 593.0 302.0 587.0
272.0 561.0 277.0 557.0
291.0 593.0 302.0 587.0
196.0 446.0 202.0 444.0
198.0 445.0 202.0 444.0
327.0 388.0 333.0 382.0
197.0 446.0 202.0 444.0
328.0 387.0 334.0 381.0
328.0 388.0 333.0 382.0
212.0 471.0 219.0 468.0
14.0 625.0 25.0 632.0
16.0 625.0 25.0 632.0
430.0 529.0 437.0 517.0
88.0 581.0 95.0 582.0
177.0 519.0 177.0 518.0
221.0 207.0 230.0 206.0
212.0 470.0 219.0 468.0
328.0 389.0 333.0 382.0
429.0 528.0 437.0 517.0
327.0 389.0 333.0 382.0
221.0 206.0 230.0 206.0
220.0 207.0 230.0 206.0
68.0 186.0 76.0 186.0
211.0 471.0 219.0 468.0
178.0 519.0 177.0 518.0
67.0 185.0 76.0 186.0
220.0 206.0 230.0 206.0
95.0 437.0 96.0 444.0
133.0 301.0 131.0 314.0
67.0 186.0 76.0 186.0
55.0 403.0 52.0 405.0
219.0 207.0 230.0 206.0
95.0 436.0 96.0 444.0
219.0 206.0 230.0 206.0
96.0 437.0 96.0 444.0
408.0 595.0 418.0 605.0
177.0 421.0 190.0 430.0
409.0 594.0 418.0 605.0
289.0 449.0 304.0 435.0
133.0 300.0 135.0 295.0
189.0 587.0 186.0 588.0
267.0 423.0 265.0 415.0
96.0 436.0 96.0 444.0
267.0 424.0 275.0 429.0
106.0 312.0 101.0 311.0
107.0 312.0 101.0 311.0
266.0 424.0 275.0 429.0
254.0 404.0 264.0 414.0
150.0 512.0 150.0 507.0
261.0 597.0 277.0 586.0
224.0 482.0 225.0 492.0
225.0 481.0 225.0 492.0
225.0 482.0 225.0 492.0
224.0 481.0 225.0 492.0
