171.0 566.0 180.0 534.0
171.0 565.0 180.0 534.0
171.0 567.0 180.0 534.0
59.0 113.0 76.0 80.0
60.0 113.0 76.0 80.0
82.0 399.0 95.0 372.0
81.0 400.0 95.0 372.0
82.0 400.0 95.0 372.0
443.0 400.0 443.0 385.0
95.0 333.0 109.0 305.0
442.0 400.0 443.0 385.0
94.0 333.0 108.0 305.0
230.0 495.0 237.0 466.0
171.0 197.0 181.0 175.0
95.0 332.0 109.0 304.0
95.0 334.0 109.0 305.0
83.0 400.0 95.0 372.0
170.0 197.0 181.0 175.0
83.0 399.0 95.0 372.0
82.0 398.0 95.0 372.0
333.0 253.0 340.0 237.0
83.0 398.0 95.0 372.0
171.0 198.0 181.0 175.0
19.0 587.0 31.0 543.0
69.0 91.0 81.0 60.0
171.0 196.0 181.0 175.0
172.0 198.0 183.0 176.0
105.0 88.0 117.0 60.0
168.0 384.0 177.0 362.0
446.0 258.0 450.0 243.0
461.0 507.0 460.0 487.0
285.0 144.0 299.0 119.0
172.0 197.0 183.0 176.0
446.0 259.0 450.0 243.0
229.0 495.0 237.0 466.0
219.0 474.0 224.0 447.0
334.0 125.0 344.0 106.0
286.0 144.0 299.0 119.0
332.0 253.0 340.0 237.0
218.0 173.0 231.0 149.0
335.0 124.0 344.0 106.0
105.0 87.0 117.0 60.0
284.0 145.0 299.0 119.0
326.0 149.0 338.0 131.0
167.0 384.0 177.0 362.0
218.0 174.0 231.0 149.0
217.0 174.0 231.0 149.0
332.0 254.0 340.0 237.0
105.0 89.0 117.0 60.0
333.0 252.0 340.0 236.0
354.0 127.0 365.0 110.0
364.0 157.0 377.0 135.0
220.0 474.0 224.0 446.0
333.0 125.0 344.0 106.0
78.0 570.0 86.0 541.0
334.0 124.0 344.0 106.0
217.0 173.0 231.0 149.0
154.0 392.0 161.0 368.0
154.0 391.0 161.0 368.0
190.0 467.0 199.0 440.0
344.0 211.0 354.0 193.0
219.0 473.0 224.0 447.0
220.0 473.0 224.0 446.0
221.0 474.0 224.0 446.0
461.0 508.0 460.0 487.0
195.0 173.0 209.0 148.0
447.0 258.0 450.0 243.0
284.0 144.0 299.0 119.0
285.0 145.0 299.0 119.0
462.0 508.0 460.0 487.0
218.0 175.0 231.0 149.0
373.0 327.0 377.0 312.0
221.0 473.0 224.0 446.0
353.0 127.0 365.0 110.0
197.0 332.0 207.0 308.0
400.0 272.0 405.0 257.0
153.0 392.0 161.0 368.0
335.0 123.0 344.0 106.0
354.0 126.0 365.0 110.0
461.0 509.0 459.0 486.0
106.0 89.0 117.0 60.0
194.0 173.0 209.0 148.0
445.0 260.0 449.0 245.0
335.0 125.0 344.0 106.0
70.0 91.0 81.0 60.0
363.0 157.0 378.0 135.0
264.0 143.0 283.0 111.0
405.0 208.0 417.0 192.0
300.0 122.0 314.0 99.0
446.0 260.0 450.0 243.0
447.0 259.0 450.0 243.0
383.0 233.0 393.0 216.0
390.0 316.0 393.0 302.0
445.0 259.0 449.0 244.0
153.0 391.0 161.0 368.0
401.0 270.0 405.0 256.0
326.0 150.0 338.0 131.0
404.0 209.0 415.0 191.0
373.0 326.0 377.0 311.0
106.0 88.0 117.0 60.0
364.0 158.0 377.0 136.0
198.0 332.0 207.0 308.0
383.0 231.0 393.0 216.0
384.0 232.0 393.0 216.0
106.0 87.0 117.0 60.0
355.0 126.0 365.0 110.0
374.0 327.0 377.0 312.0
197.0 333.0 207.0 308.0
400.0 271.0 405.0 256.0
13.0 558.0 31.0 543.0
400.0 270.0 405.0 256.0
193.0 173.0 208.0 148.0
198.0 333.0 207.0 308.0
400.0 269.0 404.0 255.0
204.0 158.0 216.0 134.0
372.0 326.0 377.0 311.0
327.0 149.0 338.0 131.0
300.0 123.0 314.0 99.0
13.0 559.0 31.0 543.0
198.0 334.0 207.0 308.0
217.0 175.0 231.0 149.0
193.0 172.0 208.0 148.0
438.0 304.0 443.0 290.0
372.0 327.0 377.0 312.0
194.0 171.0 208.0 148.0
437.0 304.0 442.0 291.0
363.0 158.0 377.0 135.0
194.0 172.0 208.0 148.0
336.0 124.0 344.0 106.0
237.0 498.0 238.0 466.0
195.0 172.0 209.0 148.0
401.0 271.0 405.0 256.0
438.0 303.0 443.0 290.0
405.0 209.0 415.0 191.0
462.0 509.0 460.0 487.0
306.0 267.0 315.0 249.0
306.0 268.0 315.0 250.0
373.0 308.0 376.0 294.0
391.0 317.0 393.0 302.0
196.0 334.0 207.0 308.0
383.0 232.0 393.0 216.0
427.0 390.0 427.0 375.0
237.0 280.0 250.0 257.0
307.0 268.0 315.0 250.0
353.0 126.0 365.0 110.0
237.0 278.0 250.0 257.0
384.0 231.0 393.0 216.0
356.0 320.0 360.0 305.0
238.0 280.0 250.0 257.0
390.0 315.0 395.0 302.0
439.0 303.0 443.0 290.0
391.0 316.0 395.0 302.0
439.0 304.0 443.0 292.0
152.0 392.0 161.0 368.0
336.0 123.0 344.0 106.0
149.0 538.0 156.0 507.0
152.0 391.0 161.0 368.0
427.0 391.0 427.0 375.0
374.0 326.0 377.0 312.0
238.0 278.0 250.0 257.0
208.0 126.0 221.0 105.0
427.0 392.0 427.0 376.0
197.0 334.0 207.0 308.0
188.0 82.0 201.0 57.0
205.0 158.0 216.0 134.0
241.0 258.0 251.0 239.0
239.0 280.0 250.0 257.0
440.0 304.0 443.0 292.0
12.0 558.0 31.0 543.0
12.0 559.0 31.0 543.0
307.0 267.0 315.0 250.0
188.0 83.0 201.0 57.0
149.0 537.0 156.0 507.0
373.0 307.0 376.0 294.0
428.0 392.0 427.0 376.0
3.0 517.0 15.0 483.0
237.0 279.0 250.0 257.0
2.0 518.0 16.0 483.0
391.0 315.0 395.0 302.0
3.0 518.0 16.0 483.0
428.0 391.0 427.0 376.0
392.0 316.0 395.0 302.0
406.0 209.0 416.0 192.0
428.0 390.0 427.0 375.0
204.0 157.0 216.0 132.0
433.0 38.0 444.0 25.0
2.0 517.0 15.0 483.0
238.0 279.0 250.0 257.0
377.0 35.0 396.0 16.0
12.0 557.0 31.0 543.0
307.0 266.0 315.0 249.0
429.0 392.0 427.0 376.0
210.0 202.0 220.0 180.0
3.0 519.0 16.0 483.0
392.0 317.0 395.0 302.0
2.0 519.0 16.0 483.0
392.0 315.0 395.0 302.0
396.0 375.0 397.0 362.0
205.0 156.0 216.0 132.0
241.0 259.0 251.0 239.0
209.0 201.0 220.0 180.0
239.0 279.0 250.0 257.0
239.0 278.0 250.0 257.0
187.0 82.0 201.0 57.0
205.0 157.0 216.0 134.0
337.0 73.0 348.0 52.0
210.0 125.0 221.0 104.0
138.0 184.0 150.0 161.0
357.0 320.0 360.0 305.0
206.0 157.0 217.0 133.0
206.0 156.0 217.0 132.0
434.0 38.0 444.0 25.0
137.0 184.0 150.0 161.0
209.0 126.0 221.0 105.0
337.0 72.0 348.0 52.0
139.0 184.0 150.0 161.0
209.0 125.0 221.0 104.0
188.0 81.0 201.0 57.0
210.0 126.0 221.0 104.0
429.0 391.0 427.0 376.0
193.0 269.0 203.0 247.0
126.0 248.0 138.0 222.0
139.0 183.0 150.0 161.0
242.0 257.0 251.0 239.0
125.0 249.0 138.0 222.0
210.0 200.0 220.0 178.0
395.0 376.0 397.0 362.0
138.0 185.0 150.0 161.0
414.0 371.0 413.0 358.0
338.0 73.0 348.0 52.0
413.0 372.0 414.0 359.0
138.0 183.0 150.0 161.0
115.0 284.0 128.0 254.0
124.0 248.0 138.0 222.0
309.0 205.0 318.0 189.0
395.0 375.0 397.0 362.0
126.0 247.0 138.0 222.0
242.0 260.0 251.0 239.0
125.0 248.0 138.0 222.0
414.0 372.0 414.0 359.0
242.0 259.0 251.0 239.0
242.0 258.0 251.0 239.0
210.0 201.0 220.0 180.0
394.0 377.0 397.0 362.0
125.0 247.0 138.0 222.0
395.0 377.0 397.0 362.0
338.0 72.0 348.0 52.0
211.0 200.0 220.0 178.0
414.0 373.0 414.0 359.0
338.0 71.0 348.0 52.0
309.0 204.0 318.0 189.0
243.0 259.0 251.0 239.0
310.0 205.0 318.0 189.0
211.0 201.0 220.0 178.0
64.0 183.0 79.0 159.0
376.0 566.0 373.0 545.0
64.0 184.0 79.0 159.0
310.0 204.0 318.0 189.0
339.0 73.0 348.0 52.0
297.0 290.0 312.0 274.0
243.0 258.0 251.0 239.0
406.0 248.0 403.0 237.0
68.0 176.0 78.0 159.0
376.0 567.0 373.0 545.0
375.0 567.0 373.0 545.0
339.0 72.0 348.0 52.0
218.0 43.0 234.0 17.0
68.0 177.0 78.0 159.0
219.0 44.0 235.0 18.0
218.0 44.0 235.0 18.0
296.0 290.0 312.0 274.0
219.0 45.0 235.0 18.0
217.0 44.0 235.0 18.0
310.0 203.0 318.0 189.0
218.0 45.0 235.0 18.0
86.0 21.0 104.0 26.0
447.0 240.0 451.0 211.0
217.0 45.0 235.0 18.0
351.0 93.0 365.0 60.0
446.0 240.0 451.0 211.0
329.0 165.0 345.0 159.0
133.0 290.0 140.0 275.0
218.0 46.0 234.0 18.0
325.0 293.0 347.0 273.0
217.0 46.0 234.0 18.0
447.0 241.0 451.0 211.0
356.0 73.0 366.0 59.0
323.0 57.0 340.0 36.0
323.0 58.0 340.0 36.0
134.0 290.0 140.0 275.0
351.0 94.0 365.0 60.0
352.0 93.0 365.0 60.0
323.0 56.0 340.0 36.0
352.0 94.0 365.0 60.0
322.0 603.0 324.0 576.0
324.0 603.0 324.0 575.0
323.0 603.0 324.0 575.0
446.0 241.0 451.0 211.0
185.0 598.0 181.0 559.0
324.0 292.0 347.0 273.0
187.0 590.0 182.0 559.0
357.0 73.0 366.0 59.0
323.0 604.0 324.0 576.0
322.0 57.0 340.0 36.0
322.0 604.0 324.0 576.0
324.0 293.0 347.0 273.0
