114.0 143.0 128.0 134.0
114.0 142.0 128.0 134.0
113.0 143.0 128.0 134.0
222.0 129.0 238.0 121.0
223.0 128.0 238.0 121.0
114.0 141.0 128.0 134.0
112.0 143.0 128.0 134.0
222.0 130.0 238.0 121.0
113.0 142.0 128.0 134.0
222.0 128.0 237.0 120.0
114.0 144.0 128.0 134.0
344.0 264.0 360.0 261.0
404.0 163.0 422.0 160.0
223.0 129.0 238.0 121.0
221.0 128.0 237.0 120.0
403.0 162.0 422.0 160.0
380.0 287.0 396.0 285.0
113.0 144.0 128.0 134.0
344.0 263.0 360.0 261.0
113.0 141.0 128.0 134.0
381.0 286.0 397.0 285.0
403.0 163.0 421.0 160.0
381.0 288.0 396.0 285.0
404.0 162.0 422.0 160.0
221.0 129.0 237.0 120.0
222.0 127.0 238.0 119.0
345.0 264.0 360.0 261.0
343.0 263.0 360.0 261.0
112.0 144.0 128.0 134.0
405.0 162.0 422.0 160.0
405.0 163.0 422.0 160.0
223.0 127.0 238.0 119.0
343.0 264.0 360.0 261.0
113.0 145.0 129.0 134.0
221.0 127.0 237.0 120.0
345.0 265.0 360.0 261.0
346.0 263.0 360.0 261.0
346.0 265.0 360.0 261.0
344.0 265.0 360.0 261.0
346.0 264.0 362.0 261.0
382.0 287.0 397.0 285.0
364.0 205.0 382.0 202.0
364.0 204.0 381.0 202.0
364.0 206.0 382.0 202.0
406.0 162.0 422.0 160.0
381.0 287.0 397.0 285.0
380.0 288.0 396.0 285.0
345.0 263.0 360.0 261.0
382.0 288.0 397.0 285.0
372.0 203.0 390.0 199.0
373.0 202.0 390.0 199.0
372.0 202.0 390.0 199.0
405.0 161.0 422.0 160.0
390.0 233.0 407.0 230.0
365.0 205.0 382.0 202.0
159.0 476.0 165.0 463.0
365.0 204.0 382.0 202.0
201.0 102.0 215.0 94.0
95.0 124.0 110.0 115.0
159.0 475.0 165.0 463.0
94.0 124.0 110.0 115.0
391.0 233.0 407.0 230.0
365.0 206.0 382.0 202.0
390.0 231.0 407.0 230.0
391.0 232.0 407.0 230.0
201.0 101.0 215.0 94.0
373.0 203.0 390.0 200.0
206.0 620.0 214.0 613.0
95.0 123.0 111.0 115.0
94.0 125.0 110.0 115.0
390.0 232.0 407.0 230.0
392.0 233.0 407.0 229.0
207.0 619.0 214.0 613.0
94.0 123.0 111.0 115.0
366.0 205.0 382.0 202.0
94.0 122.0 111.0 115.0
158.0 475.0 165.0 463.0
274.0 82.0 288.0 77.0
206.0 619.0 214.0 613.0
200.0 102.0 215.0 94.0
207.0 620.0 214.0 613.0
95.0 122.0 111.0 115.0
207.0 618.0 214.0 613.0
189.0 621.0 196.0 613.0
199.0 101.0 215.0 94.0
391.0 231.0 407.0 230.0
200.0 101.0 215.0 94.0
178.0 483.0 187.0 478.0
207.0 617.0 214.0 613.0
200.0 100.0 215.0 94.0
158.0 476.0 165.0 463.0
392.0 232.0 407.0 230.0
172.0 543.0 175.0 531.0
190.0 621.0 196.0 613.0
93.0 123.0 111.0 115.0
275.0 82.0 288.0 77.0
206.0 618.0 214.0 613.0
93.0 124.0 110.0 115.0
159.0 477.0 165.0 463.0
133.0 510.0 142.0 501.0
179.0 483.0 187.0 478.0
157.0 475.0 165.0 463.0
366.0 206.0 382.0 202.0
275.0 81.0 288.0 77.0
157.0 611.0 161.0 601.0
131.0 510.0 141.0 501.0
133.0 508.0 142.0 501.0
133.0 509.0 142.0 501.0
37.0 217.0 48.0 202.0
155.0 525.0 161.0 515.0
215.0 559.0 225.0 553.0
421.0 260.0 438.0 259.0
162.0 538.0 175.0 530.0
179.0 482.0 187.0 478.0
422.0 260.0 438.0 259.0
132.0 508.0 142.0 501.0
201.0 561.0 211.0 557.0
158.0 477.0 165.0 463.0
157.0 476.0 165.0 463.0
132.0 510.0 142.0 501.0
215.0 560.0 225.0 553.0
97.0 466.0 104.0 459.0
132.0 509.0 142.0 501.0
155.0 524.0 162.0 515.0
60.0 154.0 76.0 140.0
421.0 259.0 437.0 259.0
154.0 523.0 162.0 515.0
244.0 502.0 256.0 499.0
422.0 259.0 438.0 259.0
156.0 612.0 161.0 601.0
157.0 612.0 161.0 601.0
200.0 561.0 211.0 557.0
201.0 562.0 211.0 557.0
200.0 562.0 211.0 557.0
158.0 478.0 165.0 463.0
244.0 501.0 256.0 499.0
132.0 507.0 142.0 501.0
420.0 259.0 437.0 259.0
154.0 525.0 161.0 515.0
131.0 508.0 142.0 501.0
155.0 613.0 160.0 602.0
61.0 154.0 76.0 140.0
96.0 467.0 104.0 459.0
11.0 189.0 19.0 176.0
88.0 140.0 99.0 129.0
61.0 153.0 76.0 140.0
153.0 523.0 161.0 515.0
97.0 467.0 104.0 459.0
214.0 560.0 225.0 553.0
214.0 559.0 225.0 553.0
11.0 190.0 19.0 176.0
131.0 509.0 142.0 501.0
162.0 537.0 174.0 529.0
60.0 153.0 76.0 140.0
10.0 189.0 19.0 176.0
60.0 155.0 76.0 140.0
96.0 466.0 104.0 459.0
125.0 540.0 133.0 530.0
95.0 468.0 104.0 459.0
125.0 539.0 133.0 530.0
153.0 524.0 161.0 515.0
154.0 524.0 161.0 515.0
214.0 561.0 225.0 553.0
95.0 467.0 104.0 459.0
89.0 140.0 99.0 129.0
11.0 188.0 19.0 176.0
243.0 502.0 256.0 499.0
94.0 467.0 103.0 459.0
157.0 477.0 165.0 463.0
125.0 538.0 133.0 530.0
96.0 468.0 104.0 459.0
124.0 541.0 133.0 530.0
153.0 525.0 161.0 515.0
124.0 538.0 133.0 530.0
243.0 501.0 256.0 499.0
95.0 466.0 103.0 459.0
420.0 258.0 437.0 258.0
124.0 539.0 133.0 530.0
417.0 215.0 434.0 212.0
200.0 563.0 211.0 557.0
12.0 189.0 19.0 176.0
123.0 539.0 133.0 530.0
152.0 524.0 161.0 515.0
88.0 141.0 99.0 129.0
418.0 216.0 434.0 212.0
89.0 141.0 99.0 129.0
89.0 142.0 100.0 130.0
124.0 540.0 133.0 530.0
418.0 214.0 434.0 212.0
88.0 142.0 99.0 129.0
208.0 593.0 215.0 586.0
123.0 540.0 133.0 530.0
420.0 215.0 434.0 212.0
234.0 26.0 249.0 18.0
152.0 523.0 161.0 515.0
8.0 543.0 15.0 529.0
90.0 141.0 100.0 129.0
418.0 215.0 434.0 212.0
398.0 230.0 408.0 229.0
92.0 344.0 101.0 333.0
92.0 343.0 101.0 333.0
12.0 392.0 11.0 388.0
394.0 84.0 418.0 78.0
6.0 543.0 15.0 529.0
91.0 345.0 100.0 335.0
7.0 543.0 15.0 529.0
91.0 344.0 101.0 333.0
5.0 543.0 15.0 529.0
92.0 345.0 100.0 335.0
420.0 216.0 434.0 212.0
68.0 101.0 67.0 103.0
13.0 393.0 11.0 388.0
67.0 102.0 68.0 104.0
67.0 101.0 67.0 103.0
71.0 635.0 71.0 637.0
67.0 103.0 68.0 104.0
13.0 392.0 11.0 388.0
52.0 45.0 63.0 38.0
12.0 391.0 11.0 388.0
68.0 102.0 67.0 103.0
90.0 142.0 100.0 130.0
207.0 593.0 215.0 586.0
419.0 215.0 434.0 212.0
32.0 163.0 47.0 150.0
91.0 343.0 101.0 333.0
180.0 610.0 197.0 612.0
398.0 231.0 408.0 229.0
419.0 216.0 434.0 212.0
68.0 104.0 68.0 104.0
68.0 103.0 67.0 103.0
394.0 85.0 418.0 78.0
143.0 465.0 152.0 445.0
181.0 610.0 197.0 612.0
144.0 465.0 165.0 463.0
191.0 597.0 199.0 594.0
52.0 46.0 63.0 38.0
208.0 594.0 215.0 586.0
222.0 38.0 230.0 20.0
69.0 103.0 67.0 103.0
53.0 45.0 63.0 38.0
69.0 101.0 67.0 103.0
13.0 391.0 11.0 388.0
179.0 610.0 197.0 612.0
69.0 102.0 67.0 103.0
190.0 597.0 199.0 594.0
191.0 598.0 199.0 594.0
144.0 466.0 165.0 463.0
53.0 46.0 63.0 38.0
54.0 46.0 63.0 38.0
8.0 472.0 17.0 457.0
32.0 164.0 47.0 150.0
180.0 611.0 197.0 612.0
52.0 47.0 63.0 38.0
14.0 392.0 27.0 382.0
7.0 472.0 17.0 457.0
143.0 466.0 165.0 463.0
12.0 175.0 27.0 164.0
222.0 39.0 230.0 20.0
181.0 609.0 197.0 612.0
180.0 609.0 197.0 612.0
207.0 594.0 215.0 586.0
12.0 174.0 27.0 164.0
94.0 591.0 106.0 575.0
42.0 497.0 43.0 489.0
238.0 506.0 256.0 499.0
43.0 496.0 43.0 489.0
143.0 467.0 165.0 463.0
238.0 505.0 256.0 499.0
208.0 595.0 215.0 586.0
42.0 496.0 43.0 489.0
223.0 38.0 230.0 20.0
12.0 176.0 26.0 164.0
12.0 173.0 27.0 164.0
41.0 497.0 43.0 489.0
223.0 39.0 230.0 20.0
166.0 624.0 149.0 613.0
54.0 47.0 63.0 39.0
179.0 609.0 197.0 612.0
11.0 174.0 27.0 164.0
11.0 175.0 26.0 164.0
167.0 624.0 149.0 613.0
53.0 47.0 63.0 38.0
95.0 592.0 106.0 575.0
237.0 506.0 256.0 499.0
11.0 173.0 27.0 164.0
54.0 281.0 63.0 274.0
80.0 344.0 83.0 335.0
237.0 505.0 256.0 499.0
81.0 344.0 83.0 335.0
41.0 496.0 43.0 489.0
179.0 608.0 197.0 612.0
80.0 343.0 83.0 335.0
207.0 595.0 215.0 586.0
54.0 280.0 63.0 274.0
80.0 345.0 83.0 335.0
180.0 608.0 197.0 612.0
181.0 608.0 197.0 612.0
79.0 345.0 83.0 335.0
203.0 497.0 187.0 478.0
80.0 346.0 83.0 335.0
94.0 592.0 106.0 575.0
202.0 497.0 187.0 478.0
95.0 593.0 106.0 575.0
48.0 294.0 63.0 275.0
157.0 450.0 153.0 444.0
166.0 622.0 162.0 601.0
48.0 295.0 63.0 275.0
93.0 591.0 107.0 574.0
48.0 296.0 63.0 275.0
42.0 495.0 43.0 489.0
94.0 593.0 106.0 575.0
203.0 498.0 187.0 478.0
166.0 623.0 162.0 601.0
415.0 93.0 419.0 78.0
16.0 412.0 11.0 388.0
77.0 14.0 69.0 2.0
25.0 504.0 42.0 490.0
157.0 451.0 153.0 444.0
236.0 505.0 256.0 499.0
93.0 593.0 106.0 575.0
123.0 592.0 130.0 578.0
167.0 622.0 162.0 601.0
93.0 592.0 107.0 574.0
157.0 449.0 153.0 444.0
136.0 525.0 142.0 503.0
168.0 623.0 162.0 601.0
415.0 94.0 419.0 78.0
202.0 498.0 187.0 478.0
167.0 623.0 162.0 601.0
77.0 15.0 51.0 15.0
236.0 506.0 256.0 499.0
136.0 526.0 142.0 503.0
135.0 525.0 142.0 503.0
159.0 449.0 153.0 444.0
150.0 576.0 149.0 560.0
150.0 577.0 149.0 560.0
24.0 502.0 42.0 490.0
158.0 449.0 153.0 444.0
62.0 351.0 66.0 341.0
25.0 503.0 42.0 490.0
24.0 503.0 42.0 490.0
16.0 413.0 11.0 388.0
10.0 323.0 19.0 312.0
61.0 351.0 66.0 341.0
158.0 450.0 153.0 444.0
26.0 372.0 33.0 358.0
92.0 592.0 108.0 575.0
26.0 371.0 33.0 358.0
24.0 504.0 42.0 490.0
62.0 350.0 66.0 341.0
158.0 451.0 153.0 444.0
77.0 16.0 51.0 15.0
135.0 526.0 142.0 503.0
15.0 356.0 26.0 344.0
24.0 418.0 35.0 407.0
451.0 120.0 472.0 115.0
63.0 350.0 66.0 341.0
61.0 350.0 66.0 341.0
193.0 578.0 215.0 584.0
10.0 324.0 19.0 312.0
