294.0 348.0 277.0 349.0
293.0 348.0 277.0 349.0
126.0 102.0 121.0 88.0
282.0 328.0 265.0 330.0
233.0 358.0 217.0 357.0
232.0 358.0 217.0 357.0
108.0 259.0 95.0 245.0
235.0 30.0 234.0 21.0
456.0 50.0 457.0 61.0
281.0 328.0 265.0 330.0
138.0 566.0 113.0 556.0
108.0 258.0 95.0 245.0
294.0 347.0 278.0 349.0
137.0 566.0 113.0 556.0
242.0 388.0 225.0 387.0
424.0 91.0 420.0 99.0
243.0 388.0 225.0 387.0
368.0 118.0 363.0 123.0
139.0 567.0 113.0 556.0
233.0 359.0 217.0 357.0
234.0 358.0 217.0 357.0
457.0 50.0 457.0 61.0
281.0 327.0 265.0 330.0
458.0 50.0 457.0 61.0
282.0 327.0 265.0 330.0
127.0 103.0 122.0 88.0
327.0 282.0 315.0 284.0
458.0 51.0 457.0 62.0
374.0 63.0 372.0 68.0
236.0 30.0 234.0 21.0
316.0 317.0 301.0 321.0
457.0 51.0 457.0 62.0
136.0 566.0 113.0 556.0
327.0 281.0 315.0 284.0
456.0 51.0 457.0 62.0
235.0 29.0 234.0 21.0
457.0 52.0 457.0 63.0
292.0 348.0 277.0 349.0
69.0 219.0 61.0 197.0
373.0 63.0 372.0 68.0
236.0 29.0 234.0 21.0
293.0 347.0 278.0 349.0
457.0 49.0 457.0 61.0
107.0 259.0 95.0 245.0
315.0 317.0 301.0 321.0
107.0 257.0 95.0 245.0
425.0 91.0 420.0 99.0
338.0 319.0 324.0 324.0
107.0 258.0 95.0 245.0
456.0 52.0 457.0 63.0
327.0 280.0 315.0 284.0
347.0 238.0 336.0 243.0
346.0 238.0 336.0 243.0
131.0 205.0 122.0 193.0
131.0 204.0 122.0 193.0
328.0 280.0 315.0 284.0
348.0 237.0 336.0 243.0
457.0 53.0 457.0 63.0
328.0 282.0 315.0 284.0
292.0 347.0 278.0 349.0
359.0 190.0 352.0 195.0
328.0 281.0 315.0 284.0
348.0 239.0 337.0 243.0
347.0 239.0 337.0 243.0
120.0 299.0 108.0 287.0
378.0 332.0 362.0 338.0
360.0 190.0 352.0 195.0
348.0 238.0 337.0 243.0
349.0 238.0 338.0 242.0
106.0 259.0 95.0 245.0
373.0 64.0 372.0 68.0
291.0 347.0 277.0 349.0
285.0 264.0 273.0 266.0
245.0 258.0 236.0 258.0
360.0 189.0 352.0 195.0
256.0 293.0 241.0 293.0
190.0 433.0 172.0 428.0
177.0 266.0 166.0 258.0
373.0 255.0 363.0 261.0
123.0 173.0 114.0 159.0
126.0 382.0 110.0 374.0
119.0 300.0 107.0 288.0
293.0 346.0 278.0 349.0
317.0 316.0 303.0 320.0
286.0 265.0 274.0 267.0
229.0 256.0 218.0 255.0
446.0 79.0 443.0 88.0
215.0 322.0 198.0 319.0
256.0 292.0 241.0 293.0
315.0 316.0 301.0 321.0
347.0 237.0 336.0 243.0
297.0 184.0 289.0 185.0
120.0 298.0 108.0 286.0
130.0 205.0 122.0 193.0
299.0 41.0 298.0 37.0
191.0 433.0 172.0 428.0
374.0 255.0 363.0 261.0
122.0 174.0 114.0 159.0
98.0 330.0 84.0 316.0
106.0 258.0 95.0 245.0
228.0 255.0 218.0 255.0
299.0 40.0 298.0 37.0
220.0 63.0 218.0 51.0
338.0 320.0 324.0 324.0
316.0 316.0 301.0 321.0
367.0 119.0 362.0 124.0
177.0 267.0 166.0 258.0
191.0 432.0 172.0 428.0
276.0 289.0 261.0 290.0
119.0 299.0 108.0 287.0
76.0 191.0 67.0 170.0
234.0 240.0 223.0 238.0
298.0 41.0 298.0 37.0
244.0 121.0 239.0 116.0
70.0 219.0 61.0 197.0
367.0 118.0 362.0 123.0
98.0 329.0 84.0 316.0
271.0 18.0 273.0 11.0
230.0 255.0 218.0 255.0
130.0 204.0 122.0 193.0
286.0 264.0 273.0 266.0
229.0 255.0 218.0 255.0
476.0 72.0 474.0 85.0
359.0 189.0 352.0 195.0
377.0 332.0 362.0 338.0
477.0 72.0 474.0 85.0
303.0 205.0 294.0 205.0
255.0 293.0 241.0 293.0
300.0 40.0 298.0 37.0
236.0 28.0 234.0 21.0
124.0 174.0 115.0 158.0
230.0 256.0 218.0 255.0
374.0 254.0 363.0 261.0
181.0 289.0 166.0 284.0
378.0 331.0 362.0 338.0
123.0 174.0 114.0 159.0
97.0 330.0 84.0 316.0
219.0 63.0 218.0 51.0
235.0 240.0 223.0 238.0
470.0 106.0 466.0 119.0
300.0 39.0 298.0 37.0
244.0 258.0 236.0 258.0
271.0 19.0 273.0 11.0
235.0 28.0 235.0 20.0
178.0 267.0 166.0 258.0
70.0 218.0 61.0 197.0
254.0 145.0 249.0 140.0
192.0 433.0 172.0 428.0
120.0 156.0 113.0 141.0
192.0 432.0 172.0 428.0
458.0 136.0 456.0 148.0
178.0 266.0 166.0 258.0
245.0 122.0 239.0 116.0
332.0 303.0 319.0 306.0
120.0 300.0 108.0 287.0
220.0 62.0 218.0 51.0
243.0 121.0 238.0 116.0
337.0 319.0 323.0 323.0
215.0 323.0 198.0 319.0
214.0 322.0 197.0 319.0
179.0 266.0 166.0 258.0
285.0 265.0 273.0 266.0
473.0 91.0 468.0 104.0
377.0 333.0 362.0 340.0
98.0 384.0 81.0 376.0
97.0 383.0 81.0 376.0
122.0 173.0 114.0 159.0
210.0 88.0 207.0 79.0
123.0 175.0 114.0 159.0
163.0 473.0 146.0 459.0
257.0 292.0 241.0 293.0
120.0 157.0 112.0 141.0
179.0 267.0 166.0 258.0
297.0 185.0 289.0 185.0
304.0 205.0 294.0 205.0
270.0 18.0 273.0 11.0
472.0 91.0 468.0 104.0
298.0 40.0 298.0 37.0
207.0 223.0 196.0 218.0
296.0 185.0 288.0 185.0
375.0 255.0 363.0 261.0
297.0 186.0 289.0 185.0
124.0 175.0 115.0 158.0
189.0 251.0 177.0 244.0
208.0 222.0 195.0 217.0
472.0 90.0 469.0 103.0
233.0 85.0 229.0 79.0
339.0 320.0 324.0 324.0
473.0 90.0 469.0 103.0
244.0 122.0 239.0 116.0
163.0 472.0 146.0 459.0
122.0 175.0 114.0 159.0
147.0 240.0 136.0 230.0
244.0 123.0 239.0 117.0
477.0 73.0 475.0 86.0
234.0 86.0 229.0 79.0
331.0 303.0 319.0 306.0
97.0 382.0 81.0 376.0
459.0 136.0 456.0 148.0
265.0 452.0 244.0 452.0
208.0 223.0 196.0 218.0
206.0 221.0 195.0 217.0
269.0 18.0 273.0 11.0
152.0 344.0 138.0 336.0
181.0 290.0 166.0 284.0
476.0 73.0 475.0 86.0
243.0 123.0 239.0 117.0
219.0 62.0 217.0 51.0
264.0 452.0 244.0 452.0
299.0 39.0 298.0 36.0
255.0 292.0 241.0 293.0
218.0 62.0 216.0 52.0
276.0 288.0 262.0 290.0
214.0 323.0 197.0 319.0
71.0 219.0 62.0 198.0
265.0 453.0 244.0 452.0
70.0 220.0 61.0 197.0
304.0 204.0 294.0 205.0
206.0 222.0 195.0 217.0
211.0 89.0 207.0 79.0
235.0 241.0 223.0 239.0
207.0 222.0 195.0 217.0
172.0 126.0 164.0 113.0
229.0 254.0 217.0 254.0
332.0 302.0 319.0 306.0
210.0 89.0 207.0 79.0
99.0 382.0 82.0 375.0
75.0 191.0 67.0 170.0
259.0 202.0 252.0 201.0
97.0 329.0 84.0 316.0
233.0 86.0 229.0 79.0
276.0 287.0 262.0 290.0
395.0 107.0 390.0 114.0
234.0 241.0 223.0 239.0
443.0 92.0 440.0 105.0
264.0 453.0 244.0 452.0
152.0 345.0 138.0 336.0
277.0 287.0 262.0 290.0
250.0 53.0 250.0 46.0
394.0 107.0 390.0 114.0
243.0 122.0 239.0 116.0
296.0 186.0 288.0 185.0
275.0 288.0 261.0 290.0
394.0 109.0 390.0 114.0
250.0 54.0 250.0 46.0
219.0 61.0 217.0 51.0
251.0 53.0 250.0 46.0
147.0 239.0 136.0 230.0
252.0 53.0 250.0 46.0
98.0 382.0 82.0 375.0
394.0 108.0 390.0 114.0
211.0 88.0 207.0 79.0
303.0 204.0 294.0 205.0
146.0 240.0 136.0 230.0
211.0 90.0 207.0 79.0
98.0 383.0 82.0 375.0
259.0 203.0 252.0 201.0
162.0 474.0 146.0 459.0
99.0 383.0 82.0 376.0
239.0 144.0 232.0 140.0
201.0 169.0 193.0 161.0
395.0 108.0 390.0 114.0
164.0 474.0 145.0 461.0
212.0 88.0 208.0 80.0
245.0 123.0 239.0 116.0
212.0 296.0 196.0 290.0
220.0 61.0 217.0 51.0
212.0 89.0 208.0 80.0
331.0 302.0 319.0 306.0
202.0 169.0 193.0 161.0
251.0 54.0 250.0 46.0
75.0 192.0 67.0 172.0
428.0 159.0 421.0 168.0
130.0 141.0 124.0 124.0
220.0 60.0 217.0 51.0
238.0 144.0 232.0 140.0
74.0 191.0 67.0 170.0
250.0 99.0 247.0 94.0
251.0 55.0 250.0 46.0
202.0 168.0 193.0 161.0
163.0 475.0 145.0 461.0
252.0 54.0 250.0 46.0
258.0 203.0 252.0 201.0
74.0 192.0 67.0 170.0
239.0 145.0 232.0 140.0
212.0 295.0 196.0 290.0
270.0 19.0 273.0 11.0
75.0 194.0 67.0 172.0
260.0 203.0 252.0 201.0
170.0 162.0 162.0 153.0
163.0 474.0 146.0 459.0
144.0 150.0 138.0 137.0
171.0 126.0 164.0 113.0
429.0 159.0 421.0 168.0
74.0 193.0 67.0 172.0
201.0 168.0 193.0 161.0
145.0 151.0 138.0 137.0
211.0 295.0 196.0 290.0
258.0 202.0 252.0 201.0
75.0 193.0 67.0 172.0
145.0 152.0 138.0 137.0
144.0 151.0 138.0 137.0
238.0 145.0 232.0 140.0
200.0 168.0 193.0 161.0
182.0 290.0 166.0 284.0
172.0 125.0 164.0 113.0
359.0 143.0 353.0 147.0
182.0 289.0 166.0 284.0
200.0 169.0 193.0 161.0
240.0 145.0 234.0 134.0
147.0 67.0 144.0 50.0
74.0 194.0 67.0 172.0
183.0 290.0 166.0 284.0
201.0 167.0 193.0 161.0
210.0 295.0 196.0 290.0
146.0 67.0 144.0 50.0
147.0 68.0 144.0 50.0
357.0 143.0 353.0 147.0
237.0 145.0 232.0 140.0
334.0 215.0 321.0 220.0
183.0 289.0 166.0 284.0
211.0 296.0 196.0 290.0
148.0 67.0 144.0 50.0
250.0 555.0 215.0 560.0
204.0 279.0 192.0 275.0
247.0 217.0 237.0 211.0
171.0 125.0 164.0 113.0
200.0 167.0 193.0 161.0
146.0 151.0 138.0 137.0
251.0 555.0 215.0 560.0
358.0 142.0 353.0 147.0
238.0 146.0 232.0 140.0
247.0 216.0 237.0 211.0
104.0 43.0 102.0 23.0
170.0 161.0 162.0 153.0
358.0 143.0 353.0 147.0
248.0 217.0 237.0 211.0
248.0 216.0 237.0 211.0
170.0 63.0 167.0 46.0
335.0 215.0 321.0 220.0
171.0 124.0 164.0 113.0
399.0 224.0 388.0 233.0
104.0 44.0 102.0 23.0
169.0 161.0 162.0 153.0
239.0 146.0 232.0 140.0
162.0 436.0 145.0 422.0
170.0 160.0 162.0 153.0
290.0 150.0 284.0 148.0
398.0 225.0 388.0 233.0
195.0 35.0 193.0 20.0
146.0 152.0 138.0 137.0
170.0 64.0 167.0 46.0
171.0 64.0 167.0 46.0
398.0 224.0 388.0 233.0
104.0 45.0 102.0 23.0
194.0 35.0 193.0 20.0
194.0 34.0 193.0 20.0
163.0 435.0 145.0 422.0
195.0 34.0 193.0 20.0
275.0 117.0 266.0 114.0
43.0 381.0 26.0 372.0
45.0 382.0 26.0 372.0
44.0 382.0 26.0 372.0
181.0 44.0 180.0 29.0
171.0 65.0 167.0 46.0
45.0 381.0 26.0 372.0
44.0 381.0 26.0 372.0
170.0 65.0 167.0 46.0
275.0 118.0 266.0 114.0
181.0 43.0 180.0 29.0
180.0 44.0 180.0 29.0
275.0 119.0 266.0 114.0
164.0 435.0 155.0 433.0
163.0 436.0 145.0 422.0
43.0 380.0 26.0 372.0
44.0 380.0 26.0 372.0
276.0 118.0 266.0 114.0
276.0 119.0 266.0 114.0
56.0 313.0 42.0 298.0
130.0 528.0 115.0 522.0
368.0 201.0 352.0 196.0
170.0 7.0 235.0 19.0
170.0 6.0 235.0 19.0
260.0 111.0 265.0 113.0
260.0 112.0 265.0 113.0
170.0 8.0 235.0 19.0
169.0 7.0 235.0 19.0
129.0 528.0 115.0 522.0
292.0 158.0 284.0 148.0
169.0 8.0 235.0 19.0
171.0 7.0 235.0 19.0
