387.0 209.0 418.0 194.0
379.0 208.0 411.0 192.0
279.0 335.0 310.0 320.0
283.0 155.0 314.0 139.0
380.0 208.0 411.0 192.0
388.0 209.0 419.0 194.0
259.0 131.0 288.0 115.0
295.0 217.0 325.0 201.0
279.0 334.0 310.0 320.0
374.0 173.0 405.0 157.0
283.0 154.0 314.0 139.0
296.0 215.0 325.0 201.0
296.0 216.0 325.0 201.0
296.0 214.0 325.0 201.0
307.0 464.0 340.0 450.0
295.0 216.0 325.0 201.0
381.0 208.0 411.0 192.0
295.0 214.0 325.0 201.0
284.0 153.0 314.0 139.0
280.0 334.0 310.0 320.0
379.0 207.0 411.0 192.0
297.0 215.0 325.0 201.0
380.0 207.0 411.0 192.0
260.0 131.0 289.0 115.0
280.0 335.0 311.0 320.0
295.0 215.0 325.0 201.0
258.0 131.0 288.0 116.0
297.0 216.0 325.0 201.0
296.0 217.0 325.0 201.0
388.0 208.0 419.0 193.0
282.0 155.0 314.0 139.0
258.0 132.0 288.0 117.0
319.0 214.0 349.0 201.0
284.0 154.0 314.0 139.0
261.0 131.0 290.0 115.0
186.0 377.0 217.0 362.0
283.0 153.0 314.0 139.0
388.0 210.0 419.0 194.0
320.0 213.0 350.0 200.0
186.0 124.0 216.0 110.0
389.0 209.0 419.0 194.0
241.0 159.0 270.0 146.0
185.0 379.0 216.0 363.0
223.0 361.0 253.0 349.0
262.0 130.0 290.0 115.0
184.0 377.0 216.0 362.0
240.0 409.0 271.0 394.0
321.0 213.0 351.0 199.0
283.0 398.0 315.0 384.0
281.0 334.0 311.0 320.0
185.0 378.0 217.0 363.0
185.0 377.0 216.0 362.0
282.0 153.0 314.0 139.0
238.0 354.0 267.0 340.0
208.0 275.0 238.0 261.0
282.0 154.0 314.0 139.0
389.0 210.0 419.0 194.0
389.0 207.0 419.0 193.0
162.0 288.0 193.0 275.0
237.0 354.0 267.0 340.0
241.0 408.0 271.0 394.0
223.0 362.0 253.0 349.0
239.0 408.0 269.0 394.0
257.0 131.0 287.0 116.0
162.0 290.0 193.0 275.0
162.0 289.0 193.0 275.0
262.0 131.0 290.0 115.0
185.0 126.0 216.0 110.0
321.0 214.0 351.0 199.0
184.0 378.0 216.0 363.0
283.0 152.0 314.0 139.0
322.0 111.0 353.0 95.0
181.0 429.0 214.0 413.0
239.0 353.0 267.0 340.0
285.0 450.0 317.0 437.0
238.0 355.0 268.0 340.0
180.0 429.0 214.0 413.0
161.0 290.0 193.0 275.0
208.0 276.0 236.0 262.0
240.0 410.0 271.0 394.0
281.0 154.0 314.0 139.0
238.0 353.0 267.0 340.0
239.0 409.0 269.0 394.0
184.0 379.0 216.0 363.0
160.0 290.0 191.0 275.0
239.0 407.0 270.0 393.0
241.0 409.0 271.0 394.0
375.0 173.0 405.0 158.0
186.0 378.0 217.0 363.0
239.0 355.0 268.0 342.0
268.0 216.0 296.0 203.0
240.0 237.0 268.0 225.0
262.0 459.0 294.0 442.0
240.0 407.0 270.0 393.0
181.0 430.0 214.0 413.0
269.0 215.0 296.0 202.0
308.0 71.0 341.0 55.0
241.0 410.0 271.0 394.0
237.0 353.0 267.0 340.0
389.0 208.0 419.0 193.0
298.0 182.0 328.0 166.0
184.0 126.0 216.0 110.0
262.0 458.0 294.0 442.0
161.0 289.0 192.0 275.0
266.0 215.0 294.0 202.0
268.0 215.0 296.0 202.0
267.0 340.0 296.0 326.0
267.0 215.0 294.0 203.0
269.0 216.0 296.0 202.0
239.0 238.0 268.0 224.0
257.0 132.0 287.0 116.0
303.0 495.0 337.0 479.0
266.0 216.0 294.0 203.0
238.0 352.0 267.0 340.0
240.0 408.0 270.0 393.0
208.0 274.0 238.0 261.0
369.0 175.0 403.0 158.0
263.0 458.0 294.0 442.0
239.0 354.0 268.0 342.0
263.0 130.0 290.0 115.0
268.0 340.0 296.0 326.0
209.0 276.0 236.0 262.0
208.0 205.0 237.0 192.0
390.0 209.0 419.0 195.0
267.0 216.0 294.0 203.0
241.0 411.0 271.0 394.0
270.0 215.0 297.0 202.0
180.0 430.0 214.0 413.0
210.0 274.0 238.0 261.0
209.0 275.0 238.0 261.0
209.0 274.0 238.0 261.0
265.0 215.0 294.0 202.0
284.0 449.0 316.0 438.0
299.0 180.0 328.0 166.0
376.0 173.0 405.0 158.0
390.0 208.0 419.0 193.0
224.0 361.0 253.0 349.0
209.0 273.0 238.0 261.0
224.0 360.0 253.0 349.0
369.0 176.0 403.0 158.0
208.0 204.0 236.0 192.0
240.0 236.0 268.0 224.0
219.0 59.0 247.0 43.0
240.0 411.0 271.0 394.0
242.0 159.0 270.0 146.0
323.0 111.0 353.0 95.0
308.0 72.0 341.0 55.0
268.0 339.0 296.0 326.0
235.0 232.0 262.0 219.0
300.0 180.0 329.0 166.0
218.0 59.0 247.0 43.0
181.0 245.0 211.0 230.0
172.0 161.0 201.0 144.0
299.0 181.0 328.0 166.0
224.0 363.0 253.0 349.0
209.0 418.0 237.0 405.0
286.0 347.0 314.0 335.0
218.0 60.0 247.0 43.0
224.0 362.0 253.0 349.0
239.0 237.0 268.0 224.0
242.0 158.0 270.0 146.0
307.0 72.0 341.0 55.0
208.0 203.0 236.0 192.0
300.0 181.0 328.0 166.0
171.0 162.0 201.0 144.0
322.0 110.0 353.0 95.0
182.0 244.0 211.0 230.0
181.0 244.0 211.0 230.0
225.0 361.0 253.0 349.0
269.0 339.0 296.0 326.0
225.0 362.0 253.0 349.0
213.0 92.0 243.0 72.0
182.0 245.0 211.0 230.0
299.0 182.0 328.0 166.0
323.0 110.0 353.0 95.0
299.0 183.0 329.0 168.0
156.0 95.0 190.0 80.0
234.0 232.0 262.0 219.0
368.0 176.0 403.0 158.0
236.0 233.0 262.0 219.0
307.0 71.0 341.0 55.0
287.0 347.0 314.0 335.0
286.0 346.0 314.0 335.0
172.0 162.0 201.0 144.0
183.0 244.0 211.0 230.0
193.0 345.0 220.0 333.0
225.0 360.0 253.0 349.0
225.0 363.0 253.0 349.0
156.0 96.0 190.0 80.0
240.0 235.0 268.0 224.0
368.0 175.0 403.0 158.0
239.0 236.0 268.0 224.0
209.0 205.0 237.0 192.0
221.0 145.0 246.0 134.0
204.0 136.0 234.0 116.0
156.0 94.0 190.0 80.0
214.0 92.0 243.0 72.0
209.0 204.0 237.0 192.0
222.0 144.0 246.0 134.0
367.0 176.0 403.0 158.0
221.0 144.0 246.0 134.0
194.0 345.0 220.0 333.0
171.0 163.0 201.0 144.0
170.0 163.0 201.0 144.0
310.0 117.0 346.0 98.0
238.0 237.0 268.0 224.0
247.0 348.0 268.0 342.0
246.0 347.0 268.0 342.0
213.0 93.0 243.0 72.0
282.0 603.0 312.0 582.0
155.0 96.0 190.0 80.0
209.0 203.0 237.0 192.0
283.0 603.0 312.0 582.0
78.0 481.0 117.0 460.0
195.0 345.0 219.0 334.0
247.0 347.0 268.0 342.0
418.0 222.0 451.0 206.0
139.0 30.0 170.0 18.0
239.0 235.0 268.0 224.0
194.0 346.0 219.0 334.0
248.0 347.0 268.0 342.0
420.0 220.0 451.0 206.0
155.0 97.0 190.0 80.0
77.0 481.0 117.0 460.0
401.0 200.0 435.0 184.0
195.0 344.0 219.0 334.0
418.0 223.0 451.0 207.0
155.0 95.0 190.0 80.0
78.0 482.0 118.0 460.0
247.0 346.0 268.0 342.0
205.0 136.0 234.0 116.0
238.0 236.0 268.0 224.0
233.0 166.0 268.0 147.0
420.0 221.0 451.0 206.0
233.0 165.0 268.0 147.0
140.0 30.0 170.0 18.0
226.0 183.0 253.0 165.0
195.0 346.0 219.0 334.0
284.0 602.0 317.0 580.0
401.0 201.0 435.0 184.0
248.0 346.0 268.0 342.0
418.0 221.0 451.0 206.0
210.0 205.0 237.0 192.0
226.0 361.0 253.0 349.0
403.0 199.0 435.0 184.0
141.0 30.0 170.0 18.0
402.0 200.0 435.0 184.0
402.0 199.0 435.0 184.0
419.0 221.0 451.0 206.0
284.0 603.0 317.0 580.0
419.0 222.0 451.0 206.0
139.0 29.0 170.0 18.0
141.0 29.0 170.0 18.0
226.0 362.0 253.0 349.0
140.0 29.0 170.0 18.0
210.0 204.0 237.0 192.0
210.0 203.0 237.0 192.0
403.0 200.0 435.0 184.0
226.0 184.0 253.0 165.0
206.0 135.0 234.0 116.0
419.0 220.0 451.0 206.0
402.0 201.0 435.0 184.0
310.0 118.0 346.0 98.0
238.0 235.0 268.0 224.0
310.0 119.0 346.0 98.0
77.0 482.0 117.0 460.0
140.0 28.0 170.0 18.0
76.0 481.0 117.0 460.0
403.0 201.0 435.0 184.0
307.0 483.0 337.0 478.0
368.0 104.0 404.0 81.0
309.0 118.0 346.0 98.0
309.0 119.0 346.0 98.0
227.0 184.0 253.0 165.0
214.0 93.0 243.0 72.0
293.0 57.0 323.0 41.0
368.0 105.0 404.0 81.0
403.0 202.0 435.0 184.0
232.0 165.0 268.0 147.0
402.0 202.0 435.0 184.0
294.0 57.0 323.0 41.0
294.0 58.0 323.0 41.0
404.0 201.0 435.0 184.0
293.0 58.0 323.0 41.0
404.0 200.0 436.0 183.0
155.0 94.0 190.0 80.0
214.0 94.0 243.0 72.0
213.0 94.0 243.0 72.0
237.0 235.0 262.0 219.0
238.0 234.0 268.0 224.0
295.0 57.0 323.0 41.0
232.0 166.0 268.0 147.0
309.0 120.0 346.0 98.0
232.0 167.0 268.0 147.0
308.0 118.0 346.0 98.0
294.0 56.0 323.0 41.0
197.0 213.0 234.0 193.0
275.0 390.0 313.0 382.0
308.0 119.0 346.0 98.0
197.0 214.0 234.0 193.0
196.0 212.0 234.0 193.0
231.0 166.0 268.0 147.0
274.0 391.0 313.0 382.0
274.0 390.0 313.0 382.0
231.0 167.0 268.0 147.0
196.0 214.0 234.0 193.0
197.0 215.0 234.0 193.0
195.0 213.0 234.0 193.0
281.0 171.0 315.0 140.0
291.0 64.0 322.0 41.0
196.0 215.0 234.0 193.0
196.0 213.0 234.0 193.0
367.0 106.0 404.0 81.0
367.0 105.0 404.0 81.0
442.0 206.0 475.0 190.0
292.0 64.0 322.0 41.0
291.0 65.0 322.0 41.0
152.0 416.0 134.0 445.0
250.0 227.0 268.0 225.0
292.0 65.0 322.0 41.0
442.0 207.0 475.0 190.0
250.0 226.0 268.0 225.0
443.0 207.0 475.0 190.0
442.0 208.0 475.0 190.0
153.0 416.0 134.0 445.0
443.0 206.0 475.0 190.0
21.0 249.0 48.0 239.0
251.0 227.0 268.0 225.0
21.0 248.0 48.0 239.0
444.0 207.0 475.0 190.0
152.0 417.0 134.0 445.0
153.0 417.0 134.0 445.0
21.0 247.0 48.0 239.0
251.0 226.0 268.0 225.0
20.0 248.0 48.0 239.0
295.0 501.0 337.0 479.0
20.0 249.0 48.0 239.0
19.0 248.0 48.0 239.0
20.0 247.0 48.0 239.0
295.0 502.0 337.0 479.0
