75.0 102.0 60.0 99.0
76.0 102.0 61.0 99.0
74.0 102.0 60.0 99.0
74.0 101.0 60.0 99.0
75.0 101.0 60.0 99.0
130.0 132.0 116.0 129.0
131.0 133.0 118.0 130.0
70.0 83.0 56.0 81.0
130.0 134.0 117.0 131.0
130.0 133.0 117.0 131.0
339.0 295.0 329.0 282.0
340.0 297.0 328.0 282.0
319.0 507.0 309.0 491.0
70.0 82.0 56.0 80.0
319.0 508.0 309.0 491.0
130.0 135.0 117.0 131.0
340.0 296.0 328.0 282.0
340.0 295.0 329.0 282.0
69.0 83.0 56.0 80.0
199.0 235.0 188.0 226.0
339.0 296.0 329.0 282.0
131.0 134.0 117.0 131.0
128.0 134.0 117.0 131.0
129.0 134.0 117.0 131.0
402.0 290.0 390.0 274.0
129.0 133.0 117.0 131.0
403.0 290.0 390.0 274.0
430.0 80.0 415.0 75.0
341.0 297.0 328.0 282.0
93.0 450.0 84.0 444.0
341.0 296.0 328.0 282.0
129.0 135.0 117.0 131.0
223.0 473.0 211.0 460.0
403.0 291.0 390.0 274.0
84.0 190.0 72.0 187.0
128.0 133.0 116.0 129.0
95.0 450.0 84.0 444.0
224.0 241.0 212.0 232.0
115.0 192.0 101.0 187.0
190.0 575.0 180.0 563.0
114.0 192.0 101.0 187.0
247.0 343.0 236.0 333.0
220.0 621.0 211.0 611.0
70.0 199.0 58.0 195.0
195.0 59.0 180.0 54.0
402.0 291.0 390.0 274.0
224.0 242.0 212.0 232.0
223.0 474.0 211.0 460.0
163.0 515.0 154.0 509.0
341.0 320.0 329.0 306.0
431.0 80.0 415.0 75.0
220.0 509.0 209.0 498.0
220.0 622.0 211.0 611.0
94.0 450.0 84.0 444.0
263.0 303.0 250.0 290.0
223.0 472.0 211.0 460.0
114.0 193.0 101.0 187.0
194.0 60.0 180.0 54.0
165.0 29.0 153.0 28.0
61.0 25.0 47.0 23.0
128.0 499.0 118.0 492.0
71.0 199.0 58.0 195.0
60.0 25.0 47.0 23.0
225.0 241.0 212.0 232.0
305.0 459.0 294.0 442.0
219.0 509.0 209.0 498.0
83.0 191.0 72.0 187.0
159.0 383.0 147.0 376.0
84.0 191.0 72.0 187.0
323.0 461.0 313.0 446.0
175.0 15.0 165.0 16.0
225.0 242.0 212.0 232.0
195.0 60.0 180.0 54.0
193.0 58.0 180.0 54.0
195.0 58.0 180.0 54.0
145.0 513.0 133.0 507.0
194.0 59.0 180.0 54.0
59.0 25.0 47.0 23.0
128.0 498.0 118.0 492.0
92.0 265.0 79.0 258.0
194.0 58.0 180.0 54.0
163.0 518.0 155.0 510.0
222.0 473.0 211.0 460.0
93.0 265.0 79.0 258.0
219.0 621.0 211.0 611.0
222.0 474.0 211.0 460.0
222.0 472.0 211.0 460.0
163.0 358.0 155.0 350.0
127.0 499.0 118.0 492.0
71.0 198.0 58.0 195.0
128.0 500.0 119.0 493.0
70.0 198.0 58.0 195.0
305.0 458.0 294.0 442.0
193.0 59.0 180.0 54.0
163.0 357.0 154.0 349.0
219.0 620.0 211.0 611.0
218.0 620.0 211.0 611.0
143.0 514.0 133.0 507.0
189.0 575.0 180.0 563.0
144.0 513.0 133.0 507.0
196.0 59.0 180.0 54.0
29.0 513.0 20.0 508.0
283.0 195.0 270.0 183.0
164.0 29.0 153.0 28.0
219.0 622.0 211.0 611.0
146.0 514.0 133.0 507.0
116.0 192.0 102.0 187.0
146.0 515.0 133.0 507.0
306.0 458.0 294.0 441.0
207.0 41.0 192.0 38.0
306.0 459.0 294.0 442.0
218.0 621.0 211.0 611.0
246.0 343.0 236.0 333.0
194.0 61.0 180.0 54.0
50.0 316.0 36.0 308.0
129.0 501.0 119.0 493.0
304.0 457.0 294.0 441.0
218.0 622.0 210.0 612.0
164.0 28.0 153.0 28.0
93.0 264.0 78.0 259.0
129.0 499.0 119.0 492.0
283.0 196.0 270.0 183.0
128.0 501.0 119.0 493.0
92.0 264.0 78.0 259.0
60.0 26.0 47.0 23.0
221.0 472.0 211.0 460.0
30.0 513.0 21.0 508.0
219.0 508.0 209.0 497.0
129.0 500.0 120.0 492.0
166.0 29.0 153.0 28.0
29.0 512.0 19.0 507.0
220.0 508.0 209.0 498.0
158.0 384.0 147.0 376.0
165.0 28.0 153.0 28.0
115.0 193.0 102.0 187.0
344.0 515.0 334.0 499.0
171.0 493.0 161.0 485.0
344.0 516.0 334.0 500.0
145.0 514.0 133.0 507.0
70.0 213.0 56.0 209.0
164.0 356.0 154.0 349.0
274.0 527.0 265.0 513.0
59.0 26.0 47.0 23.0
181.0 18.0 166.0 16.0
274.0 528.0 265.0 513.0
304.0 458.0 294.0 442.0
275.0 528.0 265.0 513.0
205.0 41.0 191.0 39.0
250.0 460.0 239.0 446.0
234.0 372.0 223.0 361.0
220.0 507.0 209.0 497.0
163.0 356.0 154.0 349.0
193.0 60.0 180.0 54.0
145.0 376.0 134.0 367.0
323.0 462.0 313.0 446.0
206.0 40.0 192.0 38.0
144.0 514.0 133.0 507.0
229.0 285.0 217.0 276.0
207.0 40.0 192.0 38.0
275.0 527.0 265.0 513.0
235.0 372.0 223.0 361.0
206.0 41.0 192.0 39.0
170.0 493.0 161.0 485.0
243.0 320.0 230.0 307.0
251.0 617.0 241.0 603.0
343.0 514.0 334.0 499.0
251.0 616.0 241.0 603.0
344.0 514.0 334.0 499.0
158.0 383.0 147.0 376.0
145.0 515.0 133.0 507.0
282.0 195.0 269.0 183.0
221.0 473.0 211.0 460.0
164.0 357.0 154.0 349.0
283.0 194.0 269.0 182.0
49.0 314.0 36.0 308.0
127.0 500.0 118.0 493.0
144.0 515.0 133.0 507.0
112.0 372.0 102.0 366.0
145.0 375.0 134.0 367.0
31.0 513.0 20.0 507.0
149.0 27.0 138.0 23.0
323.0 463.0 313.0 446.0
71.0 213.0 56.0 209.0
164.0 358.0 154.0 349.0
50.0 315.0 36.0 308.0
112.0 373.0 102.0 367.0
96.0 612.0 85.0 609.0
41.0 80.0 27.0 78.0
343.0 515.0 334.0 499.0
146.0 375.0 134.0 367.0
113.0 625.0 102.0 619.0
146.0 376.0 134.0 367.0
41.0 81.0 27.0 79.0
150.0 457.0 142.0 447.0
49.0 315.0 36.0 307.0
148.0 26.0 138.0 23.0
58.0 516.0 45.0 510.0
113.0 373.0 102.0 367.0
40.0 81.0 27.0 79.0
111.0 515.0 102.0 509.0
263.0 506.0 254.0 493.0
148.0 27.0 138.0 23.0
111.0 372.0 101.0 366.0
113.0 372.0 102.0 366.0
50.0 314.0 36.0 308.0
250.0 459.0 239.0 446.0
42.0 80.0 27.0 78.0
112.0 625.0 102.0 619.0
149.0 26.0 138.0 23.0
28.0 381.0 20.0 378.0
110.0 514.0 101.0 509.0
148.0 25.0 138.0 23.0
282.0 194.0 269.0 183.0
250.0 617.0 241.0 603.0
324.0 462.0 313.0 446.0
221.0 474.0 211.0 460.0
96.0 613.0 85.0 609.0
205.0 40.0 191.0 38.0
30.0 512.0 20.0 507.0
251.0 618.0 242.0 605.0
52.0 386.0 38.0 381.0
40.0 82.0 27.0 79.0
171.0 494.0 161.0 486.0
235.0 371.0 223.0 361.0
53.0 385.0 38.0 381.0
110.0 515.0 102.0 509.0
111.0 514.0 101.0 509.0
42.0 81.0 27.0 78.0
141.0 381.0 132.0 367.0
263.0 505.0 254.0 493.0
57.0 516.0 45.0 510.0
205.0 39.0 191.0 38.0
51.0 315.0 36.0 308.0
324.0 463.0 313.0 446.0
30.0 382.0 20.0 378.0
72.0 312.0 57.0 308.0
252.0 617.0 243.0 604.0
95.0 613.0 85.0 609.0
129.0 416.0 118.0 409.0
58.0 517.0 45.0 510.0
157.0 383.0 147.0 376.0
73.0 312.0 57.0 308.0
149.0 25.0 138.0 23.0
95.0 612.0 85.0 609.0
113.0 624.0 102.0 619.0
27.0 553.0 18.0 547.0
112.0 624.0 102.0 619.0
41.0 82.0 27.0 79.0
28.0 553.0 18.0 547.0
111.0 624.0 102.0 619.0
410.0 294.0 390.0 274.0
171.0 495.0 161.0 486.0
28.0 383.0 18.0 378.0
185.0 257.0 172.0 249.0
170.0 494.0 161.0 486.0
42.0 82.0 27.0 79.0
29.0 382.0 18.0 378.0
31.0 512.0 21.0 507.0
54.0 386.0 38.0 381.0
57.0 517.0 45.0 510.0
109.0 514.0 101.0 509.0
46.0 370.0 36.0 366.0
28.0 382.0 18.0 378.0
48.0 370.0 36.0 366.0
53.0 386.0 38.0 381.0
110.0 256.0 95.0 248.0
27.0 433.0 14.0 431.0
47.0 370.0 36.0 366.0
109.0 256.0 95.0 248.0
184.0 256.0 172.0 249.0
140.0 381.0 132.0 367.0
63.0 212.0 55.0 209.0
184.0 257.0 172.0 249.0
44.0 441.0 29.0 440.0
148.0 585.0 138.0 575.0
48.0 371.0 36.0 366.0
63.0 213.0 55.0 209.0
83.0 499.0 70.0 497.0
53.0 552.0 45.0 546.0
349.0 320.0 329.0 306.0
48.0 369.0 36.0 366.0
44.0 442.0 29.0 440.0
27.0 382.0 18.0 378.0
46.0 369.0 36.0 366.0
129.0 628.0 118.0 617.0
111.0 257.0 95.0 248.0
47.0 369.0 36.0 366.0
110.0 257.0 95.0 248.0
84.0 500.0 70.0 497.0
27.0 450.0 14.0 448.0
24.0 304.0 10.0 299.0
162.0 475.0 157.0 471.0
24.0 184.0 10.0 181.0
147.0 357.0 135.0 347.0
232.0 521.0 223.0 513.0
84.0 499.0 70.0 497.0
131.0 292.0 127.0 288.0
47.0 371.0 36.0 366.0
161.0 476.0 157.0 471.0
134.0 457.0 121.0 445.0
23.0 304.0 10.0 299.0
24.0 183.0 10.0 181.0
108.0 257.0 95.0 248.0
44.0 622.0 33.0 621.0
147.0 356.0 135.0 347.0
160.0 476.0 157.0 471.0
43.0 623.0 33.0 621.0
44.0 621.0 33.0 621.0
170.0 625.0 148.0 620.0
43.0 621.0 33.0 621.0
23.0 184.0 10.0 181.0
43.0 622.0 33.0 621.0
23.0 183.0 10.0 181.0
27.0 449.0 14.0 448.0
170.0 626.0 148.0 620.0
108.0 256.0 95.0 247.0
109.0 257.0 95.0 248.0
43.0 441.0 29.0 440.0
26.0 450.0 14.0 448.0
171.0 626.0 148.0 620.0
43.0 443.0 29.0 440.0
43.0 442.0 29.0 440.0
134.0 456.0 121.0 445.0
22.0 183.0 10.0 181.0
161.0 475.0 157.0 471.0
232.0 520.0 223.0 513.0
135.0 457.0 121.0 445.0
42.0 442.0 29.0 440.0
26.0 449.0 14.0 448.0
160.0 475.0 157.0 471.0
42.0 441.0 29.0 440.0
22.0 87.0 9.0 86.0
23.0 88.0 9.0 86.0
135.0 456.0 121.0 445.0
22.0 86.0 9.0 86.0
24.0 87.0 9.0 86.0
24.0 88.0 9.0 86.0
23.0 87.0 9.0 86.0
137.0 344.0 117.0 331.0
24.0 86.0 9.0 86.0
23.0 86.0 9.0 86.0
113.0 606.0 103.0 600.0
50.0 595.0 40.0 592.0
266.0 464.0 241.0 446.0
149.0 341.0 135.0 347.0
310.0 477.0 303.0 468.0
9.0 555.0 17.0 546.0
51.0 595.0 40.0 592.0
9.0 556.0 17.0 546.0
49.0 595.0 40.0 592.0
124.0 550.0 108.0 541.0
7.0 511.0 14.0 448.0
51.0 596.0 40.0 592.0
125.0 550.0 108.0 541.0
50.0 596.0 40.0 592.0
137.0 536.0 133.0 532.0
14.0 109.0 9.0 86.0
12.0 374.0 18.0 378.0
311.0 381.0 295.0 352.0
14.0 108.0 9.0 86.0
8.0 556.0 17.0 546.0
8.0 555.0 17.0 546.0
11.0 375.0 18.0 378.0
6.0 510.0 14.0 448.0
15.0 107.0 9.0 86.0
7.0 510.0 14.0 448.0
78.0 269.0 77.0 258.0
15.0 108.0 9.0 86.0
14.0 493.0 13.0 431.0
