335.0 55.0 266.0 59.0
402.0 63.0 333.0 71.0
336.0 55.0 267.0 59.0
402.0 62.0 333.0 71.0
98.0 452.0 57.0 454.0
97.0 453.0 57.0 454.0
99.0 453.0 57.0 454.0
79.0 602.0 51.0 606.0
98.0 453.0 57.0 454.0
336.0 56.0 267.0 59.0
387.0 49.0 318.0 54.0
387.0 48.0 318.0 54.0
98.0 454.0 57.0 454.0
79.0 601.0 50.0 606.0
80.0 601.0 50.0 606.0
386.0 49.0 318.0 54.0
58.0 603.0 51.0 606.0
42.0 606.0 18.0 614.0
57.0 603.0 51.0 606.0
18.0 138.0 17.0 132.0
347.0 104.0 280.0 96.0
18.0 137.0 17.0 132.0
43.0 606.0 18.0 614.0
93.0 599.0 52.0 606.0
58.0 604.0 51.0 606.0
17.0 138.0 17.0 132.0
57.0 604.0 51.0 606.0
361.0 236.0 292.0 230.0
17.0 137.0 17.0 132.0
16.0 137.0 17.0 132.0
361.0 237.0 292.0 230.0
371.0 120.0 302.0 124.0
371.0 119.0 302.0 124.0
8.0 53.0 12.0 45.0
7.0 53.0 12.0 45.0
6.0 53.0 12.0 45.0
7.0 52.0 12.0 45.0
6.0 52.0 12.0 45.0
60.0 315.0 41.0 315.0
434.0 118.0 365.0 125.0
215.0 188.0 146.0 236.0
59.0 315.0 41.0 315.0
215.0 189.0 146.0 236.0
58.0 315.0 41.0 315.0
435.0 118.0 366.0 125.0
435.0 119.0 366.0 126.0
435.0 120.0 366.0 126.0
434.0 119.0 365.0 125.0
368.0 45.0 308.0 39.0
367.0 383.0 304.0 401.0
366.0 383.0 304.0 401.0
367.0 44.0 308.0 39.0
52.0 132.0 19.0 133.0
368.0 44.0 308.0 39.0
394.0 364.0 331.0 379.0
29.0 56.0 13.0 46.0
365.0 383.0 304.0 401.0
367.0 43.0 308.0 39.0
28.0 56.0 13.0 46.0
367.0 45.0 308.0 39.0
27.0 56.0 13.0 46.0
