16.0 484.0 17.0 456.0
17.0 482.0 18.0 456.0
16.0 483.0 17.0 456.0
17.0 483.0 18.0 456.0
16.0 482.0 17.0 456.0
95.0 373.0 98.0 351.0
15.0 483.0 17.0 456.0
182.0 177.0 184.0 160.0
95.0 372.0 98.0 350.0
183.0 176.0 184.0 160.0
31.0 543.0 30.0 508.0
182.0 176.0 184.0 160.0
182.0 175.0 184.0 160.0
270.0 239.0 271.0 225.0
181.0 175.0 184.0 160.0
271.0 239.0 271.0 224.0
271.0 238.0 271.0 224.0
140.0 275.0 143.0 254.0
409.0 121.0 409.0 115.0
109.0 303.0 110.0 284.0
410.0 120.0 409.0 115.0
283.0 111.0 284.0 99.0
199.0 257.0 202.0 239.0
200.0 257.0 202.0 239.0
409.0 120.0 409.0 115.0
219.0 180.0 221.0 164.0
313.0 274.0 313.0 260.0
140.0 276.0 143.0 255.0
213.0 424.0 212.0 403.0
214.0 424.0 212.0 403.0
314.0 251.0 314.0 239.0
409.0 119.0 409.0 115.0
108.0 303.0 110.0 284.0
312.0 274.0 313.0 260.0
313.0 275.0 313.0 260.0
312.0 275.0 313.0 260.0
318.0 189.0 317.0 175.0
200.0 258.0 202.0 239.0
109.0 304.0 110.0 284.0
313.0 273.0 313.0 260.0
178.0 362.0 176.0 344.0
397.0 360.0 390.0 351.0
108.0 304.0 110.0 284.0
231.0 149.0 235.0 131.0
397.0 361.0 390.0 351.0
139.0 276.0 143.0 255.0
214.0 423.0 213.0 403.0
344.0 105.0 347.0 91.0
177.0 362.0 176.0 344.0
245.0 340.0 243.0 322.0
220.0 104.0 222.0 89.0
199.0 258.0 202.0 239.0
231.0 150.0 235.0 131.0
435.0 320.0 430.0 312.0
213.0 423.0 212.0 403.0
376.0 502.0 367.0 486.0
232.0 150.0 235.0 131.0
282.0 111.0 283.0 98.0
219.0 179.0 221.0 164.0
314.0 250.0 313.0 239.0
414.0 359.0 409.0 351.0
244.0 341.0 242.0 323.0
343.0 106.0 347.0 91.0
282.0 110.0 283.0 98.0
213.0 422.0 212.0 403.0
398.0 361.0 390.0 351.0
220.0 179.0 221.0 164.0
109.0 305.0 110.0 285.0
156.0 507.0 154.0 485.0
178.0 361.0 176.0 344.0
108.0 305.0 110.0 284.0
312.0 276.0 313.0 260.0
220.0 178.0 221.0 164.0
250.0 255.0 252.0 241.0
214.0 422.0 213.0 403.0
413.0 358.0 409.0 351.0
344.0 106.0 347.0 91.0
250.0 257.0 251.0 242.0
220.0 180.0 221.0 164.0
300.0 119.0 304.0 104.0
397.0 362.0 390.0 351.0
314.0 249.0 313.0 238.0
315.0 250.0 314.0 239.0
283.0 110.0 283.0 98.0
414.0 357.0 409.0 351.0
398.0 360.0 391.0 350.0
177.0 361.0 176.0 344.0
281.0 110.0 283.0 98.0
301.0 118.0 304.0 104.0
244.0 340.0 243.0 322.0
416.0 192.0 414.0 185.0
214.0 421.0 213.0 403.0
184.0 432.0 183.0 413.0
416.0 191.0 414.0 184.0
354.0 194.0 355.0 181.0
184.0 256.0 186.0 240.0
313.0 276.0 313.0 260.0
398.0 362.0 390.0 351.0
417.0 192.0 414.0 185.0
76.0 80.0 84.0 54.0
245.0 339.0 243.0 322.0
231.0 151.0 235.0 131.0
435.0 319.0 430.0 312.0
434.0 320.0 430.0 312.0
433.0 319.0 429.0 312.0
415.0 357.0 410.0 350.0
354.0 193.0 355.0 181.0
179.0 533.0 178.0 507.0
250.0 256.0 252.0 242.0
324.0 575.0 317.0 552.0
325.0 574.0 317.0 552.0
185.0 255.0 186.0 240.0
244.0 339.0 243.0 322.0
340.0 35.0 343.0 24.0
244.0 338.0 243.0 322.0
344.0 161.0 345.0 148.0
414.0 358.0 409.0 351.0
464.0 25.0 463.0 18.0
75.0 79.0 84.0 54.0
184.0 433.0 183.0 413.0
338.0 131.0 341.0 119.0
159.0 563.0 156.0 540.0
355.0 194.0 355.0 181.0
456.0 320.0 449.0 312.0
415.0 358.0 410.0 350.0
208.0 306.0 209.0 289.0
433.0 318.0 429.0 312.0
463.0 25.0 463.0 18.0
343.0 107.0 347.0 91.0
448.0 46.0 449.0 43.0
185.0 432.0 183.0 413.0
159.0 562.0 156.0 540.0
344.0 107.0 347.0 91.0
221.0 105.0 223.0 89.0
450.0 244.0 447.0 241.0
340.0 36.0 343.0 24.0
350.0 321.0 346.0 309.0
75.0 80.0 84.0 54.0
314.0 248.0 313.0 238.0
434.0 319.0 429.0 312.0
355.0 193.0 355.0 181.0
377.0 135.0 378.0 130.0
184.0 255.0 186.0 240.0
464.0 24.0 463.0 18.0
325.0 575.0 317.0 552.0
180.0 533.0 178.0 507.0
221.0 104.0 222.0 89.0
386.0 347.0 382.0 337.0
378.0 136.0 378.0 130.0
378.0 135.0 378.0 130.0
299.0 119.0 304.0 104.0
315.0 249.0 313.0 238.0
324.0 574.0 317.0 552.0
366.0 30.0 369.0 19.0
434.0 318.0 429.0 312.0
412.0 99.0 413.0 95.0
339.0 36.0 343.0 24.0
344.0 160.0 345.0 147.0
417.0 191.0 415.0 185.0
450.0 245.0 447.0 241.0
405.0 255.0 402.0 248.0
425.0 220.0 424.0 214.0
341.0 36.0 343.0 24.0
456.0 318.0 449.0 312.0
345.0 159.0 347.0 147.0
180.0 534.0 178.0 507.0
463.0 23.0 463.0 18.0
202.0 248.0 202.0 233.0
462.0 23.0 463.0 18.0
377.0 136.0 378.0 130.0
411.0 99.0 412.0 95.0
207.0 308.0 209.0 289.0
76.0 79.0 84.0 54.0
229.0 359.0 229.0 343.0
343.0 160.0 345.0 147.0
134.0 163.0 137.0 143.0
345.0 160.0 346.0 147.0
404.0 255.0 401.0 248.0
315.0 248.0 313.0 238.0
345.0 161.0 345.0 148.0
326.0 575.0 317.0 552.0
321.0 562.0 311.0 543.0
449.0 245.0 447.0 241.0
74.0 79.0 84.0 54.0
74.0 80.0 84.0 54.0
251.0 239.0 251.0 226.0
367.0 29.0 369.0 19.0
344.0 108.0 347.0 91.0
135.0 162.0 137.0 144.0
456.0 319.0 449.0 312.0
455.0 320.0 449.0 312.0
183.0 431.0 183.0 413.0
135.0 163.0 137.0 145.0
203.0 248.0 202.0 233.0
450.0 243.0 448.0 240.0
463.0 24.0 463.0 18.0
343.0 108.0 347.0 91.0
367.0 30.0 369.0 19.0
426.0 219.0 424.0 214.0
455.0 319.0 449.0 312.0
416.0 190.0 415.0 185.0
321.0 561.0 311.0 543.0
350.0 322.0 346.0 311.0
405.0 256.0 402.0 249.0
325.0 576.0 316.0 552.0
382.0 250.0 380.0 242.0
386.0 346.0 382.0 337.0
392.0 218.0 391.0 210.0
415.0 192.0 414.0 184.0
184.0 431.0 183.0 413.0
449.0 244.0 447.0 241.0
426.0 220.0 424.0 214.0
207.0 306.0 209.0 289.0
344.0 159.0 345.0 147.0
415.0 191.0 414.0 184.0
324.0 576.0 316.0 552.0
349.0 321.0 346.0 311.0
393.0 218.0 391.0 210.0
386.0 345.0 382.0 337.0
412.0 100.0 413.0 95.0
462.0 24.0 463.0 18.0
229.0 360.0 229.0 343.0
404.0 256.0 402.0 249.0
387.0 347.0 382.0 337.0
349.0 322.0 346.0 311.0
348.0 272.0 343.0 260.0
339.0 238.0 338.0 227.0
184.0 254.0 186.0 240.0
411.0 100.0 412.0 95.0
404.0 257.0 402.0 249.0
426.0 221.0 424.0 214.0
402.0 237.0 400.0 226.0
185.0 254.0 186.0 240.0
405.0 257.0 402.0 249.0
392.0 217.0 391.0 210.0
207.0 307.0 209.0 289.0
455.0 318.0 449.0 312.0
379.0 135.0 378.0 130.0
349.0 320.0 346.0 309.0
151.0 219.0 154.0 200.0
410.0 100.0 412.0 95.0
381.0 250.0 380.0 242.0
347.0 273.0 343.0 260.0
203.0 247.0 202.0 233.0
381.0 249.0 379.0 241.0
150.0 219.0 154.0 200.0
387.0 346.0 382.0 337.0
149.0 161.0 152.0 143.0
403.0 237.0 400.0 226.0
442.0 291.0 436.0 284.0
314.0 99.0 317.0 88.0
393.0 217.0 391.0 210.0
150.0 161.0 152.0 143.0
314.0 98.0 317.0 88.0
387.0 345.0 382.0 337.0
346.0 52.0 347.0 43.0
443.0 290.0 437.0 285.0
340.0 237.0 338.0 227.0
151.0 218.0 154.0 200.0
339.0 237.0 338.0 227.0
202.0 247.0 202.0 233.0
449.0 243.0 446.0 240.0
382.0 249.0 380.0 242.0
377.0 312.0 372.0 304.0
387.0 348.0 382.0 337.0
403.0 238.0 401.0 227.0
346.0 53.0 347.0 43.0
392.0 216.0 391.0 210.0
344.0 267.0 342.0 259.0
393.0 216.0 392.0 210.0
443.0 292.0 437.0 285.0
428.0 474.0 420.0 460.0
459.0 486.0 448.0 474.0
320.0 29.0 321.0 13.0
298.0 171.0 296.0 154.0
442.0 292.0 437.0 285.0
410.0 102.0 412.0 95.0
396.0 16.0 414.0 14.0
377.0 311.0 372.0 304.0
443.0 26.0 437.0 22.0
459.0 487.0 448.0 474.0
355.0 288.0 353.0 281.0
442.0 290.0 436.0 284.0
444.0 26.0 437.0 22.0
460.0 487.0 448.0 474.0
347.0 52.0 348.0 43.0
395.0 16.0 414.0 14.0
402.0 238.0 400.0 226.0
320.0 28.0 321.0 13.0
395.0 15.0 414.0 14.0
396.0 15.0 414.0 14.0
410.0 101.0 412.0 95.0
411.0 101.0 413.0 95.0
427.0 474.0 420.0 460.0
460.0 488.0 448.0 474.0
344.0 266.0 342.0 259.0
376.0 314.0 372.0 304.0
388.0 347.0 382.0 337.0
443.0 291.0 437.0 285.0
347.0 53.0 348.0 43.0
375.0 312.0 372.0 304.0
354.0 288.0 353.0 281.0
450.0 476.0 437.0 464.0
375.0 311.0 372.0 304.0
464.0 344.0 454.0 338.0
441.0 385.0 432.0 377.0
382.0 155.0 382.0 145.0
122.0 87.0 128.0 66.0
348.0 52.0 348.0 43.0
428.0 475.0 420.0 460.0
444.0 25.0 437.0 22.0
376.0 311.0 372.0 304.0
441.0 384.0 432.0 377.0
428.0 476.0 420.0 460.0
427.0 475.0 420.0 460.0
381.0 155.0 382.0 145.0
123.0 86.0 128.0 66.0
464.0 343.0 454.0 338.0
376.0 312.0 372.0 304.0
382.0 154.0 382.0 145.0
375.0 313.0 372.0 304.0
122.0 86.0 128.0 66.0
376.0 313.0 372.0 304.0
339.0 236.0 338.0 227.0
442.0 386.0 432.0 377.0
340.0 236.0 338.0 227.0
465.0 344.0 454.0 338.0
442.0 384.0 432.0 377.0
442.0 385.0 432.0 377.0
465.0 343.0 454.0 338.0
107.0 618.0 112.0 609.0
443.0 385.0 432.0 377.0
465.0 342.0 454.0 338.0
161.0 368.0 176.0 345.0
238.0 466.0 242.0 448.0
107.0 617.0 112.0 609.0
107.0 616.0 112.0 609.0
161.0 367.0 176.0 345.0
105.0 618.0 100.0 595.0
139.0 222.0 154.0 201.0
106.0 617.0 112.0 609.0
106.0 618.0 112.0 609.0
138.0 222.0 154.0 201.0
4.0 437.0 2.0 387.0
137.0 29.0 95.0 34.0
106.0 616.0 112.0 609.0
237.0 466.0 242.0 448.0
105.0 617.0 100.0 595.0
4.0 439.0 2.0 387.0
105.0 616.0 100.0 595.0
138.0 223.0 154.0 201.0
324.0 161.0 319.0 140.0
219.0 629.0 215.0 617.0
220.0 629.0 215.0 617.0
201.0 57.0 205.0 37.0
4.0 438.0 2.0 387.0
5.0 438.0 2.0 387.0
220.0 628.0 215.0 617.0
372.0 545.0 349.0 521.0
451.0 211.0 458.0 216.0
219.0 628.0 215.0 617.0
