381.0 417.0 369.0 410.0
381.0 418.0 369.0 410.0
380.0 418.0 369.0 410.0
332.0 338.0 321.0 333.0
380.0 417.0 369.0 410.0
84.0 90.0 65.0 78.0
158.0 404.0 147.0 399.0
379.0 417.0 369.0 410.0
379.0 418.0 369.0 410.0
159.0 404.0 147.0 399.0
417.0 390.0 406.0 383.0
241.0 314.0 229.0 307.0
90.0 209.0 80.0 201.0
331.0 338.0 321.0 333.0
173.0 351.0 161.0 345.0
84.0 91.0 65.0 78.0
280.0 156.0 270.0 148.0
279.0 156.0 270.0 148.0
313.0 510.0 302.0 501.0
85.0 91.0 65.0 78.0
417.0 389.0 406.0 383.0
399.0 271.0 390.0 265.0
88.0 210.0 80.0 201.0
89.0 210.0 80.0 201.0
65.0 427.0 48.0 418.0
240.0 314.0 229.0 307.0
418.0 390.0 406.0 383.0
90.0 210.0 80.0 201.0
259.0 246.0 249.0 240.0
89.0 209.0 80.0 201.0
64.0 427.0 48.0 418.0
312.0 510.0 302.0 501.0
83.0 91.0 65.0 78.0
259.0 247.0 249.0 240.0
260.0 246.0 249.0 240.0
88.0 209.0 80.0 201.0
172.0 351.0 161.0 345.0
393.0 546.0 379.0 538.0
253.0 539.0 242.0 532.0
240.0 313.0 229.0 307.0
205.0 332.0 193.0 324.0
317.0 355.0 307.0 349.0
280.0 157.0 270.0 148.0
313.0 509.0 302.0 501.0
206.0 332.0 194.0 324.0
400.0 271.0 390.0 265.0
400.0 270.0 390.0 265.0
327.0 547.0 316.0 539.0
444.0 407.0 432.0 399.0
279.0 157.0 270.0 148.0
400.0 272.0 390.0 265.0
262.0 345.0 250.0 338.0
391.0 545.0 379.0 538.0
157.0 405.0 147.0 399.0
260.0 247.0 249.0 240.0
258.0 246.0 249.0 240.0
211.0 306.0 202.0 299.0
241.0 313.0 229.0 307.0
173.0 350.0 161.0 345.0
311.0 510.0 301.0 502.0
258.0 247.0 249.0 240.0
281.0 157.0 271.0 149.0
71.0 205.0 59.0 197.0
399.0 270.0 390.0 265.0
419.0 389.0 408.0 382.0
159.0 405.0 147.0 399.0
150.0 443.0 138.0 436.0
327.0 548.0 316.0 539.0
204.0 331.0 193.0 324.0
304.0 544.0 292.0 533.0
420.0 461.0 406.0 451.0
305.0 544.0 293.0 534.0
390.0 225.0 381.0 220.0
312.0 509.0 302.0 501.0
372.0 363.0 362.0 356.0
150.0 442.0 138.0 436.0
70.0 205.0 59.0 197.0
149.0 443.0 138.0 436.0
418.0 389.0 407.0 382.0
281.0 158.0 271.0 150.0
261.0 345.0 250.0 338.0
392.0 545.0 379.0 538.0
328.0 547.0 316.0 539.0
444.0 408.0 432.0 399.0
420.0 460.0 406.0 451.0
393.0 545.0 379.0 538.0
324.0 454.0 313.0 447.0
260.0 345.0 250.0 338.0
65.0 428.0 48.0 418.0
390.0 545.0 380.0 537.0
149.0 442.0 138.0 436.0
117.0 564.0 106.0 557.0
205.0 331.0 194.0 324.0
373.0 364.0 363.0 356.0
328.0 548.0 316.0 539.0
212.0 307.0 202.0 299.0
253.0 538.0 242.0 532.0
421.0 461.0 406.0 451.0
280.0 158.0 269.0 150.0
158.0 405.0 147.0 399.0
401.0 271.0 390.0 265.0
298.0 618.0 285.0 607.0
392.0 544.0 379.0 538.0
172.0 350.0 161.0 345.0
343.0 498.0 331.0 490.0
391.0 546.0 379.0 538.0
329.0 548.0 316.0 540.0
116.0 564.0 106.0 557.0
344.0 498.0 331.0 490.0
148.0 443.0 137.0 436.0
289.0 523.0 279.0 515.0
305.0 543.0 292.0 533.0
148.0 442.0 137.0 436.0
206.0 331.0 194.0 324.0
318.0 355.0 307.0 349.0
240.0 312.0 229.0 307.0
114.0 338.0 94.0 330.0
328.0 546.0 316.0 539.0
149.0 345.0 139.0 337.0
392.0 546.0 379.0 538.0
304.0 543.0 292.0 533.0
127.0 621.0 115.0 613.0
127.0 620.0 115.0 613.0
391.0 544.0 379.0 538.0
419.0 390.0 408.0 382.0
374.0 364.0 363.0 356.0
329.0 547.0 316.0 539.0
125.0 535.0 113.0 529.0
64.0 428.0 48.0 418.0
126.0 621.0 115.0 613.0
5.0 187.0 9.0 186.0
213.0 297.0 204.0 290.0
373.0 363.0 362.0 356.0
311.0 509.0 302.0 501.0
149.0 441.0 138.0 436.0
312.0 508.0 302.0 501.0
261.0 344.0 250.0 338.0
262.0 344.0 250.0 338.0
440.0 426.0 429.0 419.0
318.0 388.0 307.0 381.0
319.0 388.0 307.0 381.0
254.0 538.0 242.0 532.0
306.0 543.0 293.0 534.0
125.0 536.0 113.0 529.0
126.0 620.0 115.0 613.0
289.0 522.0 279.0 515.0
159.0 406.0 147.0 399.0
440.0 424.0 428.0 417.0
115.0 338.0 94.0 330.0
317.0 388.0 307.0 381.0
260.0 344.0 250.0 338.0
422.0 461.0 406.0 451.0
211.0 307.0 201.0 299.0
324.0 453.0 313.0 447.0
239.0 313.0 229.0 307.0
421.0 460.0 406.0 451.0
354.0 439.0 344.0 432.0
391.0 225.0 383.0 220.0
317.0 356.0 307.0 349.0
76.0 86.0 65.0 78.0
252.0 538.0 242.0 532.0
305.0 542.0 292.0 533.0
54.0 198.0 43.0 190.0
288.0 522.0 279.0 515.0
234.0 581.0 222.0 573.0
333.0 376.0 322.0 369.0
253.0 537.0 242.0 532.0
441.0 426.0 428.0 417.0
79.0 625.0 67.0 619.0
318.0 356.0 307.0 349.0
374.0 363.0 363.0 356.0
298.0 617.0 285.0 607.0
64.0 429.0 48.0 419.0
183.0 417.0 172.0 412.0
31.0 193.0 41.0 192.0
422.0 460.0 406.0 451.0
75.0 86.0 65.0 78.0
386.0 299.0 374.0 299.0
288.0 523.0 279.0 515.0
440.0 425.0 428.0 417.0
182.0 417.0 172.0 412.0
127.0 622.0 115.0 613.0
239.0 312.0 229.0 307.0
214.0 296.0 204.0 290.0
332.0 375.0 322.0 369.0
158.0 406.0 147.0 399.0
348.0 303.0 337.0 295.0
262.0 225.0 253.0 219.0
72.0 204.0 59.0 197.0
254.0 537.0 242.0 532.0
54.0 199.0 42.0 190.0
348.0 302.0 337.0 295.0
374.0 362.0 362.0 356.0
441.0 424.0 428.0 417.0
334.0 375.0 322.0 369.0
343.0 497.0 331.0 490.0
373.0 362.0 362.0 356.0
214.0 297.0 204.0 290.0
71.0 204.0 59.0 197.0
338.0 358.0 327.0 351.0
441.0 425.0 428.0 417.0
116.0 338.0 94.0 330.0
252.0 537.0 242.0 532.0
80.0 626.0 67.0 619.0
53.0 199.0 42.0 190.0
195.0 259.0 185.0 253.0
334.0 376.0 322.0 369.0
11.0 189.0 9.0 186.0
304.0 542.0 292.0 533.0
449.0 281.0 439.0 276.0
332.0 376.0 322.0 369.0
448.0 281.0 439.0 276.0
298.0 616.0 285.0 607.0
385.0 343.0 372.0 336.0
76.0 87.0 65.0 78.0
318.0 389.0 307.0 381.0
333.0 375.0 324.0 369.0
386.0 298.0 374.0 299.0
183.0 418.0 172.0 412.0
194.0 259.0 185.0 253.0
319.0 389.0 307.0 381.0
355.0 439.0 344.0 432.0
442.0 425.0 428.0 417.0
386.0 596.0 374.0 587.0
4.0 186.0 8.0 186.0
387.0 298.0 374.0 299.0
367.0 600.0 354.0 592.0
449.0 282.0 439.0 277.0
378.0 514.0 365.0 505.0
195.0 258.0 185.0 253.0
74.0 86.0 65.0 78.0
194.0 258.0 185.0 253.0
79.0 626.0 67.0 619.0
292.0 553.0 281.0 544.0
349.0 301.0 337.0 295.0
360.0 631.0 347.0 624.0
317.0 389.0 307.0 382.0
252.0 536.0 242.0 532.0
356.0 440.0 344.0 432.0
348.0 301.0 337.0 295.0
448.0 283.0 439.0 277.0
381.0 197.0 370.0 190.0
12.0 189.0 9.0 186.0
30.0 193.0 41.0 192.0
48.0 423.0 48.0 418.0
349.0 303.0 337.0 295.0
366.0 599.0 354.0 591.0
385.0 596.0 374.0 587.0
380.0 197.0 370.0 190.0
360.0 632.0 347.0 624.0
183.0 416.0 172.0 412.0
243.0 602.0 230.0 595.0
387.0 597.0 374.0 587.0
253.0 536.0 242.0 532.0
75.0 87.0 65.0 78.0
367.0 601.0 354.0 592.0
386.0 342.0 373.0 336.0
366.0 600.0 354.0 591.0
303.0 543.0 292.0 533.0
356.0 439.0 345.0 432.0
349.0 302.0 337.0 295.0
39.0 198.0 41.0 192.0
355.0 440.0 344.0 432.0
381.0 198.0 370.0 190.0
79.0 627.0 68.0 620.0
387.0 598.0 374.0 587.0
57.0 81.0 44.0 73.0
243.0 603.0 230.0 595.0
425.0 577.0 410.0 567.0
348.0 300.0 337.0 295.0
184.0 417.0 172.0 412.0
183.0 415.0 172.0 407.0
386.0 597.0 374.0 587.0
196.0 259.0 185.0 253.0
80.0 627.0 68.0 620.0
12.0 188.0 9.0 186.0
397.0 143.0 389.0 138.0
244.0 602.0 230.0 595.0
365.0 601.0 354.0 591.0
28.0 421.0 30.0 416.0
395.0 142.0 389.0 137.0
137.0 109.0 141.0 104.0
448.0 282.0 439.0 276.0
380.0 198.0 370.0 190.0
378.0 513.0 365.0 505.0
379.0 197.0 370.0 190.0
387.0 297.0 374.0 299.0
47.0 424.0 48.0 418.0
366.0 601.0 354.0 592.0
195.0 260.0 185.0 253.0
227.0 137.0 216.0 128.0
227.0 135.0 216.0 128.0
426.0 578.0 410.0 567.0
379.0 198.0 370.0 190.0
29.0 421.0 30.0 416.0
244.0 603.0 230.0 595.0
29.0 70.0 16.0 60.0
379.0 513.0 365.0 505.0
80.0 628.0 68.0 620.0
378.0 512.0 365.0 505.0
55.0 81.0 44.0 73.0
380.0 199.0 370.0 190.0
447.0 281.0 439.0 276.0
242.0 603.0 230.0 595.0
386.0 343.0 373.0 336.0
425.0 578.0 410.0 567.0
48.0 424.0 48.0 418.0
47.0 423.0 48.0 418.0
385.0 597.0 374.0 587.0
56.0 81.0 44.0 73.0
226.0 137.0 217.0 128.0
244.0 604.0 230.0 595.0
366.0 602.0 354.0 592.0
365.0 600.0 354.0 591.0
243.0 604.0 230.0 595.0
57.0 82.0 44.0 73.0
56.0 82.0 44.0 73.0
226.0 136.0 217.0 128.0
417.0 591.0 402.0 581.0
416.0 591.0 402.0 581.0
227.0 136.0 216.0 128.0
424.0 577.0 410.0 567.0
264.0 227.0 254.0 220.0
396.0 143.0 389.0 137.0
28.0 70.0 16.0 60.0
361.0 175.0 353.0 170.0
388.0 598.0 374.0 587.0
424.0 578.0 410.0 567.0
29.0 71.0 16.0 60.0
396.0 142.0 389.0 137.0
470.0 20.0 464.0 15.0
416.0 592.0 402.0 581.0
303.0 542.0 292.0 533.0
288.0 599.0 277.0 591.0
425.0 120.0 417.0 115.0
360.0 175.0 353.0 170.0
242.0 604.0 230.0 595.0
53.0 330.0 42.0 321.0
395.0 141.0 389.0 137.0
29.0 422.0 30.0 416.0
426.0 579.0 409.0 568.0
136.0 109.0 141.0 104.0
21.0 419.0 30.0 415.0
456.0 79.0 451.0 75.0
388.0 317.0 378.0 319.0
447.0 282.0 439.0 276.0
470.0 21.0 464.0 15.0
208.0 323.0 194.0 323.0
137.0 110.0 141.0 104.0
417.0 592.0 402.0 581.0
455.0 79.0 451.0 75.0
456.0 80.0 451.0 75.0
288.0 598.0 277.0 591.0
471.0 21.0 464.0 15.0
53.0 329.0 42.0 321.0
376.0 180.0 368.0 175.0
27.0 71.0 16.0 60.0
388.0 316.0 378.0 319.0
472.0 21.0 464.0 15.0
54.0 330.0 42.0 321.0
379.0 512.0 365.0 505.0
473.0 21.0 464.0 15.0
54.0 329.0 42.0 321.0
28.0 71.0 16.0 60.0
55.0 330.0 42.0 321.0
471.0 20.0 464.0 15.0
374.0 180.0 368.0 175.0
315.0 366.0 301.0 369.0
398.0 126.0 390.0 120.0
425.0 118.0 417.0 115.0
417.0 593.0 402.0 581.0
136.0 110.0 141.0 104.0
397.0 125.0 390.0 120.0
454.0 79.0 451.0 75.0
425.0 119.0 417.0 115.0
472.0 20.0 464.0 15.0
375.0 180.0 368.0 175.0
473.0 20.0 464.0 15.0
398.0 125.0 390.0 120.0
376.0 181.0 368.0 175.0
397.0 126.0 390.0 120.0
394.0 141.0 389.0 137.0
387.0 316.0 378.0 319.0
399.0 126.0 390.0 120.0
375.0 181.0 368.0 175.0
387.0 317.0 378.0 319.0
118.0 380.0 114.0 378.0
424.0 118.0 417.0 115.0
421.0 94.0 413.0 87.0
421.0 93.0 413.0 87.0
422.0 94.0 413.0 87.0
374.0 181.0 368.0 175.0
117.0 380.0 114.0 378.0
447.0 52.0 441.0 48.0
422.0 93.0 413.0 87.0
446.0 53.0 441.0 48.0
423.0 94.0 413.0 87.0
455.0 14.0 450.0 9.0
446.0 52.0 441.0 48.0
454.0 15.0 450.0 9.0
455.0 15.0 450.0 9.0
445.0 52.0 441.0 48.0
453.0 16.0 450.0 9.0
423.0 93.0 413.0 87.0
454.0 14.0 450.0 9.0
445.0 53.0 441.0 48.0
454.0 16.0 450.0 9.0
96.0 627.0 62.0 633.0
337.0 437.0 322.0 424.0
302.0 481.0 300.0 480.0
96.0 628.0 62.0 633.0
97.0 628.0 62.0 633.0
96.0 629.0 62.0 633.0
337.0 438.0 322.0 424.0
338.0 438.0 322.0 424.0
377.0 628.0 348.0 623.0
338.0 437.0 322.0 424.0
95.0 628.0 62.0 633.0
3.0 415.0 17.0 417.0
4.0 415.0 17.0 417.0
95.0 629.0 63.0 633.0
5.0 415.0 17.0 417.0
376.0 628.0 348.0 623.0
3.0 414.0 17.0 417.0
4.0 416.0 17.0 417.0
5.0 416.0 17.0 417.0
301.0 481.0 300.0 480.0
377.0 629.0 348.0 623.0
3.0 416.0 17.0 417.0
376.0 629.0 348.0 623.0
339.0 438.0 322.0 424.0
301.0 480.0 300.0 480.0
378.0 629.0 348.0 623.0
