309.0 143.0 311.0 154.0
52.0 384.0 58.0 400.0
311.0 143.0 313.0 155.0
53.0 384.0 58.0 400.0
52.0 385.0 58.0 400.0
370.0 435.0 379.0 446.0
309.0 144.0 312.0 155.0
53.0 385.0 58.0 400.0
260.0 299.0 264.0 310.0
395.0 169.0 398.0 178.0
128.0 59.0 130.0 76.0
310.0 144.0 313.0 155.0
396.0 169.0 398.0 178.0
53.0 386.0 58.0 400.0
110.0 60.0 113.0 77.0
398.0 417.0 406.0 427.0
398.0 416.0 406.0 426.0
228.0 289.0 234.0 301.0
369.0 435.0 378.0 446.0
400.0 418.0 406.0 427.0
399.0 418.0 406.0 427.0
310.0 143.0 312.0 155.0
399.0 417.0 406.0 427.0
371.0 436.0 379.0 447.0
259.0 300.0 264.0 310.0
370.0 436.0 379.0 446.0
311.0 144.0 313.0 155.0
87.0 317.0 92.0 332.0
310.0 142.0 311.0 154.0
87.0 318.0 92.0 332.0
36.0 388.0 43.0 403.0
394.0 168.0 398.0 178.0
396.0 168.0 398.0 178.0
395.0 168.0 398.0 178.0
412.0 193.0 414.0 201.0
352.0 493.0 363.0 506.0
413.0 192.0 414.0 201.0
430.0 271.0 433.0 279.0
259.0 299.0 264.0 310.0
371.0 437.0 379.0 447.0
345.0 153.0 347.0 164.0
344.0 153.0 347.0 164.0
370.0 437.0 379.0 447.0
37.0 388.0 43.0 403.0
158.0 418.0 164.0 431.0
345.0 152.0 347.0 164.0
160.0 223.0 166.0 237.0
128.0 60.0 131.0 77.0
412.0 176.0 414.0 185.0
345.0 154.0 347.0 164.0
36.0 389.0 42.0 403.0
156.0 317.0 161.0 331.0
412.0 192.0 414.0 201.0
464.0 89.0 464.0 98.0
229.0 289.0 234.0 301.0
229.0 290.0 234.0 302.0
369.0 436.0 378.0 447.0
430.0 269.0 433.0 277.0
400.0 419.0 407.0 428.0
110.0 61.0 112.0 78.0
464.0 88.0 464.0 98.0
398.0 418.0 406.0 427.0
161.0 223.0 166.0 237.0
259.0 298.0 264.0 310.0
373.0 410.0 382.0 420.0
411.0 176.0 413.0 184.0
411.0 303.0 415.0 311.0
430.0 270.0 433.0 277.0
230.0 289.0 235.0 302.0
157.0 419.0 164.0 431.0
157.0 418.0 164.0 431.0
411.0 175.0 413.0 184.0
465.0 88.0 464.0 98.0
413.0 191.0 414.0 201.0
162.0 223.0 166.0 237.0
309.0 320.0 316.0 332.0
373.0 409.0 382.0 420.0
465.0 106.0 465.0 114.0
412.0 191.0 414.0 201.0
465.0 89.0 464.0 98.0
463.0 88.0 464.0 98.0
399.0 419.0 406.0 427.0
420.0 122.0 420.0 131.0
429.0 271.0 433.0 277.0
321.0 502.0 332.0 515.0
147.0 316.0 153.0 329.0
161.0 222.0 166.0 237.0
321.0 501.0 332.0 514.0
412.0 175.0 414.0 185.0
58.0 157.0 80.0 179.0
435.0 139.0 437.0 147.0
429.0 269.0 433.0 277.0
411.0 192.0 414.0 201.0
39.0 158.0 45.0 174.0
410.0 175.0 413.0 184.0
406.0 342.0 412.0 351.0
322.0 502.0 332.0 515.0
155.0 318.0 161.0 331.0
287.0 211.0 290.0 221.0
373.0 411.0 382.0 421.0
374.0 410.0 382.0 420.0
157.0 318.0 162.0 331.0
322.0 503.0 332.0 515.0
411.0 191.0 414.0 201.0
258.0 298.0 262.0 310.0
258.0 299.0 262.0 310.0
282.0 235.0 285.0 244.0
282.0 234.0 286.0 244.0
352.0 492.0 363.0 506.0
194.0 397.0 201.0 410.0
288.0 211.0 291.0 222.0
258.0 300.0 262.0 310.0
374.0 411.0 382.0 420.0
403.0 547.0 413.0 560.0
57.0 157.0 80.0 179.0
353.0 494.0 363.0 506.0
435.0 138.0 437.0 147.0
283.0 234.0 286.0 244.0
436.0 138.0 437.0 147.0
288.0 210.0 291.0 222.0
410.0 303.0 415.0 311.0
19.0 383.0 17.0 395.0
221.0 314.0 225.0 326.0
347.0 426.0 354.0 435.0
170.0 382.0 175.0 396.0
288.0 217.0 291.0 226.0
406.0 343.0 412.0 351.0
305.0 509.0 315.0 522.0
410.0 304.0 415.0 311.0
169.0 382.0 174.0 397.0
429.0 270.0 433.0 277.0
215.0 241.0 219.0 253.0
169.0 385.0 174.0 397.0
310.0 320.0 316.0 332.0
40.0 158.0 45.0 174.0
382.0 422.0 390.0 432.0
287.0 210.0 290.0 221.0
353.0 493.0 363.0 506.0
306.0 509.0 315.0 522.0
404.0 548.0 414.0 560.0
288.0 212.0 291.0 222.0
464.0 107.0 465.0 114.0
405.0 548.0 415.0 560.0
20.0 151.0 25.0 168.0
40.0 157.0 45.0 174.0
195.0 396.0 201.0 410.0
383.0 424.0 390.0 432.0
407.0 343.0 412.0 351.0
282.0 365.0 286.0 375.0
403.0 548.0 414.0 560.0
170.0 383.0 175.0 397.0
169.0 384.0 175.0 397.0
309.0 321.0 316.0 332.0
214.0 241.0 219.0 253.0
310.0 321.0 316.0 332.0
281.0 365.0 286.0 375.0
215.0 242.0 219.0 253.0
306.0 510.0 315.0 522.0
402.0 548.0 413.0 560.0
299.0 543.0 307.0 555.0
38.0 148.0 43.0 165.0
354.0 494.0 363.0 506.0
465.0 107.0 465.0 114.0
117.0 536.0 126.0 549.0
347.0 425.0 354.0 435.0
419.0 122.0 420.0 131.0
156.0 318.0 162.0 331.0
38.0 147.0 43.0 165.0
117.0 535.0 126.0 549.0
307.0 412.0 314.0 424.0
382.0 423.0 390.0 432.0
221.0 313.0 225.0 325.0
214.0 242.0 219.0 253.0
87.0 166.0 91.0 181.0
354.0 493.0 363.0 506.0
143.0 217.0 166.0 237.0
289.0 217.0 291.0 226.0
464.0 106.0 465.0 114.0
311.0 321.0 316.0 331.0
194.0 396.0 201.0 410.0
383.0 422.0 390.0 432.0
143.0 216.0 166.0 237.0
407.0 344.0 412.0 351.0
170.0 384.0 174.0 397.0
428.0 270.0 433.0 277.0
116.0 536.0 126.0 549.0
323.0 503.0 332.0 515.0
19.0 150.0 25.0 167.0
116.0 537.0 126.0 549.0
143.0 215.0 166.0 237.0
57.0 156.0 81.0 179.0
353.0 492.0 363.0 505.0
169.0 383.0 175.0 397.0
407.0 342.0 412.0 351.0
428.0 269.0 433.0 277.0
3.0 291.0 9.0 306.0
383.0 423.0 390.0 432.0
213.0 241.0 219.0 253.0
142.0 216.0 166.0 237.0
20.0 150.0 25.0 167.0
9.0 497.0 16.0 513.0
168.0 384.0 175.0 397.0
165.0 320.0 177.0 335.0
282.0 233.0 286.0 244.0
4.0 291.0 9.0 306.0
40.0 159.0 45.0 174.0
383.0 421.0 391.0 432.0
281.0 234.0 285.0 244.0
288.0 215.0 291.0 223.0
10.0 497.0 16.0 513.0
223.0 419.0 231.0 433.0
223.0 418.0 231.0 433.0
194.0 395.0 201.0 410.0
129.0 312.0 134.0 324.0
254.0 122.0 261.0 120.0
255.0 120.0 261.0 120.0
307.0 413.0 314.0 424.0
19.0 151.0 25.0 168.0
312.0 321.0 316.0 331.0
255.0 119.0 261.0 120.0
405.0 549.0 415.0 560.0
365.0 625.0 377.0 637.0
288.0 213.0 291.0 222.0
441.0 394.0 448.0 402.0
351.0 463.0 361.0 474.0
288.0 214.0 291.0 223.0
289.0 216.0 291.0 226.0
298.0 543.0 307.0 555.0
61.0 29.0 63.0 46.0
254.0 121.0 261.0 120.0
419.0 121.0 420.0 131.0
311.0 320.0 316.0 331.0
364.0 626.0 377.0 637.0
442.0 392.0 448.0 402.0
213.0 242.0 219.0 253.0
129.0 311.0 134.0 324.0
61.0 28.0 63.0 46.0
165.0 321.0 177.0 335.0
288.0 216.0 291.0 223.0
193.0 395.0 201.0 410.0
255.0 121.0 261.0 120.0
404.0 549.0 415.0 560.0
223.0 417.0 231.0 433.0
9.0 496.0 16.0 513.0
354.0 492.0 363.0 505.0
60.0 29.0 62.0 46.0
220.0 314.0 225.0 326.0
364.0 625.0 377.0 637.0
350.0 367.0 357.0 378.0
351.0 462.0 360.0 474.0
9.0 20.0 12.0 40.0
254.0 120.0 261.0 120.0
312.0 322.0 316.0 331.0
431.0 198.0 434.0 207.0
195.0 394.0 201.0 409.0
442.0 393.0 448.0 402.0
311.0 322.0 316.0 332.0
408.0 343.0 413.0 351.0
8.0 20.0 12.0 40.0
50.0 24.0 52.0 42.0
365.0 626.0 377.0 637.0
403.0 549.0 414.0 560.0
21.0 30.0 23.0 48.0
195.0 395.0 202.0 409.0
420.0 121.0 420.0 131.0
281.0 233.0 285.0 244.0
99.0 45.0 102.0 63.0
196.0 395.0 202.0 409.0
169.0 226.0 166.0 237.0
442.0 394.0 449.0 402.0
352.0 368.0 358.0 380.0
108.0 182.0 121.0 201.0
336.0 383.0 341.0 393.0
60.0 28.0 63.0 46.0
431.0 196.0 433.0 207.0
220.0 313.0 225.0 325.0
431.0 197.0 433.0 207.0
100.0 45.0 102.0 63.0
194.0 394.0 201.0 410.0
365.0 624.0 377.0 637.0
50.0 23.0 52.0 42.0
311.0 535.0 320.0 547.0
87.0 167.0 91.0 181.0
440.0 393.0 447.0 401.0
311.0 534.0 320.0 547.0
351.0 368.0 357.0 378.0
219.0 314.0 225.0 326.0
351.0 367.0 357.0 378.0
21.0 31.0 23.0 48.0
394.0 361.0 401.0 369.0
135.0 190.0 122.0 200.0
35.0 381.0 35.0 400.0
10.0 380.0 16.0 395.0
440.0 392.0 447.0 400.0
8.0 19.0 12.0 40.0
222.0 417.0 231.0 433.0
364.0 624.0 377.0 637.0
336.0 382.0 341.0 393.0
51.0 24.0 52.0 42.0
310.0 535.0 319.0 548.0
441.0 393.0 448.0 402.0
441.0 392.0 448.0 402.0
364.0 623.0 377.0 637.0
222.0 418.0 231.0 433.0
374.0 601.0 386.0 613.0
351.0 369.0 358.0 380.0
20.0 10.0 22.0 30.0
350.0 368.0 357.0 378.0
70.0 390.0 59.0 400.0
317.0 536.0 320.0 547.0
109.0 50.0 102.0 63.0
393.0 361.0 401.0 369.0
70.0 391.0 59.0 400.0
310.0 534.0 319.0 547.0
394.0 360.0 401.0 369.0
19.0 10.0 22.0 30.0
439.0 465.0 446.0 473.0
20.0 11.0 22.0 30.0
350.0 369.0 358.0 380.0
438.0 465.0 446.0 473.0
375.0 601.0 386.0 613.0
431.0 135.0 436.0 146.0
9.0 380.0 16.0 395.0
100.0 46.0 102.0 63.0
374.0 600.0 386.0 613.0
19.0 12.0 22.0 31.0
464.0 431.0 472.0 439.0
438.0 464.0 446.0 473.0
437.0 464.0 446.0 473.0
233.0 281.0 234.0 301.0
309.0 471.0 317.0 482.0
464.0 432.0 472.0 439.0
395.0 599.0 407.0 612.0
19.0 11.0 22.0 30.0
439.0 464.0 446.0 473.0
463.0 431.0 470.0 439.0
233.0 280.0 234.0 301.0
440.0 464.0 448.0 473.0
463.0 432.0 470.0 439.0
234.0 281.0 234.0 301.0
232.0 281.0 234.0 301.0
232.0 280.0 234.0 301.0
276.0 604.0 287.0 619.0
396.0 600.0 407.0 612.0
277.0 604.0 287.0 619.0
465.0 115.0 465.0 116.0
224.0 305.0 226.0 325.0
18.0 11.0 21.0 31.0
115.0 177.0 122.0 200.0
101.0 305.0 125.0 322.0
184.0 327.0 191.0 344.0
318.0 536.0 320.0 547.0
93.0 301.0 78.0 312.0
277.0 605.0 287.0 619.0
116.0 177.0 122.0 200.0
93.0 302.0 78.0 312.0
225.0 305.0 226.0 325.0
183.0 326.0 191.0 344.0
278.0 605.0 287.0 619.0
106.0 173.0 122.0 200.0
49.0 41.0 52.0 60.0
184.0 326.0 191.0 344.0
8.0 135.0 21.0 156.0
8.0 136.0 21.0 156.0
48.0 43.0 52.0 60.0
47.0 42.0 52.0 60.0
47.0 41.0 51.0 60.0
437.0 585.0 449.0 597.0
49.0 43.0 52.0 61.0
48.0 41.0 52.0 60.0
465.0 116.0 465.0 116.0
48.0 42.0 52.0 60.0
49.0 42.0 52.0 60.0
353.0 434.0 355.0 437.0
76.0 590.0 83.0 605.0
352.0 434.0 355.0 437.0
353.0 435.0 355.0 437.0
466.0 116.0 465.0 116.0
76.0 589.0 83.0 605.0
474.0 12.0 471.0 22.0
473.0 12.0 471.0 22.0
75.0 590.0 83.0 605.0
80.0 37.0 92.0 60.0
473.0 11.0 471.0 22.0
80.0 36.0 63.0 46.0
75.0 589.0 83.0 605.0
7.0 371.0 16.0 395.0
75.0 588.0 84.0 605.0
90.0 609.0 99.0 625.0
12.0 620.0 20.0 636.0
89.0 609.0 99.0 625.0
12.0 621.0 20.0 636.0
20.0 283.0 7.0 298.0
90.0 610.0 98.0 626.0
89.0 608.0 99.0 625.0
242.0 588.0 252.0 600.0
89.0 610.0 98.0 626.0
241.0 587.0 250.0 600.0
330.0 455.0 335.0 476.0
242.0 587.0 252.0 600.0
36.0 503.0 17.0 512.0
74.0 589.0 83.0 605.0
90.0 611.0 98.0 626.0
331.0 455.0 335.0 476.0
241.0 586.0 250.0 600.0
