333.0 517.0 336.0 525.0
334.0 516.0 336.0 525.0
334.0 517.0 336.0 525.0
334.0 518.0 336.0 525.0
450.0 250.0 451.0 254.0
358.0 321.0 360.0 327.0
175.0 336.0 177.0 341.0
431.0 238.0 432.0 242.0
335.0 517.0 336.0 525.0
333.0 516.0 336.0 525.0
276.0 501.0 277.0 509.0
451.0 250.0 451.0 254.0
471.0 272.0 473.0 276.0
356.0 483.0 358.0 490.0
431.0 237.0 432.0 242.0
358.0 322.0 360.0 327.0
301.0 308.0 303.0 314.0
357.0 321.0 360.0 327.0
391.0 176.0 390.0 181.0
371.0 198.0 371.0 203.0
355.0 483.0 358.0 490.0
448.0 227.0 448.0 232.0
452.0 250.0 453.0 254.0
372.0 198.0 373.0 203.0
249.0 351.0 250.0 357.0
355.0 363.0 357.0 367.0
451.0 249.0 451.0 254.0
332.0 160.0 332.0 165.0
390.0 176.0 390.0 181.0
373.0 198.0 373.0 203.0
322.0 308.0 323.0 314.0
355.0 484.0 358.0 490.0
452.0 249.0 452.0 254.0
6.0 406.0 6.0 413.0
447.0 227.0 448.0 232.0
295.0 169.0 296.0 175.0
372.0 199.0 373.0 204.0
250.0 351.0 250.0 357.0
354.0 363.0 356.0 366.0
295.0 168.0 296.0 175.0
302.0 308.0 303.0 314.0
355.0 362.0 356.0 366.0
472.0 271.0 473.0 276.0
170.0 478.0 171.0 484.0
80.0 388.0 81.0 395.0
333.0 160.0 332.0 165.0
332.0 159.0 332.0 165.0
380.0 261.0 382.0 265.0
322.0 307.0 323.0 314.0
193.0 527.0 194.0 532.0
354.0 361.0 356.0 366.0
171.0 478.0 172.0 484.0
83.0 426.0 84.0 432.0
230.0 400.0 233.0 405.0
354.0 362.0 356.0 366.0
453.0 570.0 457.0 577.0
124.0 557.0 126.0 564.0
229.0 399.0 231.0 404.0
249.0 350.0 250.0 357.0
277.0 126.0 278.0 133.0
347.0 307.0 349.0 313.0
218.0 437.0 220.0 444.0
370.0 432.0 372.0 436.0
472.0 270.0 473.0 276.0
277.0 127.0 278.0 133.0
191.0 168.0 193.0 174.0
369.0 431.0 371.0 436.0
275.0 127.0 276.0 133.0
230.0 398.0 231.0 404.0
80.0 389.0 81.0 395.0
373.0 199.0 373.0 204.0
330.0 335.0 332.0 340.0
303.0 308.0 304.0 314.0
302.0 309.0 303.0 314.0
350.0 273.0 351.0 277.0
171.0 477.0 171.0 484.0
119.0 345.0 121.0 352.0
294.0 169.0 296.0 175.0
355.0 361.0 356.0 366.0
335.0 290.0 336.0 297.0
193.0 526.0 194.0 532.0
83.0 427.0 84.0 432.0
331.0 159.0 332.0 165.0
348.0 308.0 349.0 313.0
350.0 272.0 351.0 277.0
298.0 344.0 299.0 349.0
108.0 366.0 110.0 372.0
230.0 399.0 231.0 404.0
6.0 407.0 6.0 413.0
335.0 291.0 336.0 297.0
217.0 489.0 219.0 496.0
229.0 398.0 231.0 404.0
276.0 502.0 277.0 509.0
243.0 435.0 244.0 441.0
217.0 488.0 219.0 495.0
335.0 289.0 336.0 297.0
234.0 139.0 235.0 145.0
170.0 477.0 171.0 484.0
5.0 407.0 6.0 413.0
353.0 237.0 354.0 242.0
446.0 511.0 450.0 515.0
458.0 590.0 461.0 596.0
196.0 150.0 198.0 157.0
303.0 307.0 304.0 314.0
355.0 360.0 356.0 366.0
191.0 169.0 193.0 174.0
190.0 170.0 193.0 174.0
192.0 526.0 194.0 532.0
346.0 307.0 348.0 313.0
433.0 599.0 436.0 607.0
3.0 85.0 6.0 95.0
218.0 436.0 220.0 444.0
397.0 431.0 400.0 437.0
433.0 598.0 436.0 607.0
297.0 365.0 299.0 371.0
364.0 215.0 365.0 221.0
229.0 400.0 231.0 404.0
346.0 308.0 349.0 313.0
294.0 170.0 295.0 175.0
446.0 510.0 450.0 515.0
125.0 557.0 126.0 564.0
243.0 434.0 244.0 441.0
276.0 127.0 278.0 133.0
330.0 334.0 332.0 340.0
370.0 284.0 372.0 288.0
278.0 228.0 280.0 233.0
275.0 126.0 276.0 133.0
432.0 600.0 436.0 607.0
364.0 217.0 365.0 222.0
322.0 309.0 323.0 314.0
324.0 27.0 325.0 32.0
119.0 347.0 121.0 352.0
91.0 405.0 92.0 412.0
3.0 86.0 6.0 95.0
446.0 509.0 449.0 516.0
370.0 283.0 372.0 288.0
235.0 51.0 235.0 58.0
244.0 435.0 245.0 442.0
218.0 488.0 220.0 496.0
349.0 273.0 351.0 277.0
119.0 346.0 121.0 352.0
277.0 423.0 279.0 429.0
279.0 227.0 280.0 233.0
138.0 507.0 139.0 514.0
331.0 158.0 332.0 165.0
432.0 598.0 436.0 607.0
321.0 308.0 323.0 314.0
108.0 365.0 110.0 372.0
333.0 159.0 332.0 165.0
270.0 360.0 272.0 366.0
433.0 600.0 436.0 607.0
287.0 317.0 287.0 323.0
194.0 526.0 194.0 532.0
348.0 307.0 349.0 313.0
331.0 334.0 332.0 340.0
196.0 151.0 198.0 157.0
445.0 510.0 449.0 516.0
278.0 423.0 279.0 429.0
298.0 364.0 300.0 370.0
432.0 599.0 436.0 607.0
138.0 508.0 139.0 515.0
2.0 86.0 6.0 95.0
125.0 558.0 126.0 564.0
255.0 450.0 256.0 458.0
244.0 434.0 245.0 441.0
397.0 432.0 400.0 437.0
147.0 560.0 147.0 569.0
349.0 272.0 350.0 277.0
431.0 318.0 432.0 321.0
371.0 199.0 371.0 203.0
91.0 404.0 92.0 411.0
458.0 589.0 461.0 596.0
84.0 426.0 84.0 433.0
371.0 178.0 371.0 183.0
347.0 308.0 349.0 313.0
365.0 216.0 365.0 221.0
354.0 237.0 354.0 242.0
270.0 359.0 272.0 366.0
278.0 227.0 280.0 233.0
371.0 179.0 371.0 183.0
195.0 150.0 198.0 157.0
28.0 557.0 29.0 565.0
445.0 509.0 449.0 516.0
270.0 361.0 272.0 366.0
352.0 582.0 354.0 590.0
193.0 580.0 194.0 589.0
278.0 424.0 279.0 429.0
147.0 561.0 147.0 569.0
364.0 216.0 365.0 222.0
235.0 52.0 235.0 58.0
192.0 542.0 193.0 549.0
137.0 507.0 139.0 514.0
372.0 178.0 372.0 183.0
353.0 238.0 354.0 242.0
277.0 424.0 279.0 429.0
218.0 489.0 220.0 496.0
441.0 432.0 443.0 437.0
276.0 126.0 277.0 132.0
255.0 449.0 256.0 458.0
445.0 511.0 449.0 516.0
370.0 431.0 371.0 436.0
118.0 347.0 121.0 352.0
236.0 52.0 235.0 58.0
255.0 451.0 257.0 459.0
317.0 371.0 318.0 377.0
345.0 229.0 346.0 234.0
256.0 450.0 257.0 459.0
236.0 51.0 235.0 58.0
317.0 370.0 318.0 377.0
105.0 502.0 106.0 511.0
146.0 560.0 147.0 569.0
137.0 506.0 139.0 514.0
316.0 369.0 319.0 376.0
193.0 525.0 194.0 532.0
351.0 430.0 353.0 435.0
235.0 139.0 235.0 145.0
191.0 170.0 193.0 174.0
125.0 559.0 126.0 567.0
187.0 483.0 188.0 490.0
410.0 98.0 409.0 103.0
271.0 360.0 272.0 366.0
187.0 482.0 188.0 490.0
138.0 506.0 139.0 514.0
440.0 433.0 443.0 438.0
457.0 590.0 461.0 596.0
124.0 558.0 126.0 564.0
256.0 451.0 257.0 459.0
297.0 364.0 300.0 370.0
354.0 238.0 354.0 242.0
369.0 283.0 371.0 287.0
457.0 589.0 461.0 596.0
6.0 622.0 4.0 629.0
279.0 228.0 280.0 233.0
339.0 442.0 342.0 448.0
118.0 542.0 119.0 549.0
350.0 430.0 353.0 435.0
242.0 435.0 244.0 441.0
201.0 226.0 203.0 233.0
5.0 622.0 4.0 629.0
440.0 432.0 443.0 437.0
316.0 370.0 318.0 377.0
196.0 152.0 198.0 157.0
201.0 227.0 203.0 233.0
265.0 339.0 266.0 346.0
107.0 366.0 110.0 372.0
200.0 226.0 203.0 233.0
131.0 581.0 131.0 589.0
192.0 580.0 194.0 589.0
314.0 49.0 313.0 57.0
118.0 541.0 119.0 549.0
317.0 369.0 319.0 376.0
29.0 558.0 29.0 565.0
146.0 561.0 147.0 569.0
276.0 125.0 277.0 132.0
324.0 26.0 325.0 32.0
364.0 254.0 365.0 260.0
406.0 587.0 410.0 593.0
298.0 363.0 300.0 370.0
372.0 179.0 372.0 183.0
299.0 344.0 299.0 349.0
316.0 371.0 318.0 377.0
271.0 359.0 272.0 366.0
340.0 534.0 342.0 542.0
363.0 217.0 365.0 222.0
350.0 429.0 353.0 435.0
345.0 228.0 346.0 234.0
129.0 580.0 131.0 589.0
105.0 503.0 106.0 511.0
90.0 404.0 92.0 411.0
344.0 228.0 346.0 234.0
130.0 580.0 131.0 589.0
254.0 451.0 256.0 458.0
325.0 26.0 325.0 32.0
5.0 621.0 4.0 629.0
271.0 358.0 272.0 366.0
6.0 621.0 4.0 629.0
200.0 486.0 202.0 493.0
119.0 541.0 119.0 549.0
363.0 216.0 365.0 221.0
251.0 379.0 252.0 386.0
306.0 484.0 308.0 493.0
254.0 450.0 256.0 458.0
304.0 308.0 304.0 314.0
369.0 284.0 372.0 288.0
247.0 112.0 248.0 118.0
195.0 152.0 198.0 157.0
339.0 443.0 343.0 448.0
195.0 151.0 198.0 157.0
363.0 215.0 365.0 221.0
236.0 50.0 236.0 58.0
307.0 484.0 308.0 493.0
351.0 429.0 353.0 435.0
468.0 113.0 467.0 118.0
334.0 290.0 336.0 296.0
324.0 25.0 325.0 32.0
409.0 212.0 409.0 217.0
296.0 468.0 297.0 477.0
314.0 50.0 314.0 56.0
297.0 363.0 299.0 370.0
313.0 50.0 313.0 57.0
119.0 542.0 119.0 549.0
368.0 283.0 371.0 287.0
382.0 386.0 384.0 394.0
408.0 212.0 409.0 217.0
432.0 317.0 432.0 321.0
29.0 557.0 29.0 565.0
304.0 307.0 304.0 314.0
295.0 468.0 297.0 477.0
305.0 484.0 308.0 493.0
278.0 425.0 279.0 429.0
303.0 507.0 306.0 515.0
469.0 574.0 474.0 580.0
406.0 586.0 410.0 593.0
469.0 573.0 474.0 580.0
61.0 609.0 62.0 618.0
405.0 587.0 410.0 593.0
275.0 383.0 278.0 388.0
365.0 254.0 365.0 260.0
408.0 213.0 409.0 217.0
250.0 379.0 252.0 386.0
257.0 420.0 259.0 427.0
150.0 585.0 151.0 593.0
307.0 485.0 308.0 493.0
313.0 49.0 312.0 56.0
470.0 574.0 474.0 581.0
28.0 558.0 29.0 565.0
409.0 213.0 409.0 217.0
285.0 370.0 287.0 377.0
470.0 573.0 474.0 580.0
344.0 229.0 346.0 234.0
382.0 387.0 384.0 394.0
258.0 420.0 260.0 427.0
340.0 442.0 343.0 448.0
151.0 585.0 151.0 593.0
284.0 371.0 287.0 377.0
339.0 533.0 341.0 541.0
248.0 112.0 248.0 118.0
62.0 609.0 62.0 618.0
285.0 371.0 287.0 377.0
276.0 382.0 278.0 388.0
284.0 370.0 287.0 377.0
377.0 481.0 379.0 488.0
192.0 596.0 194.0 606.0
275.0 382.0 278.0 388.0
431.0 317.0 432.0 321.0
339.0 534.0 341.0 541.0
378.0 481.0 379.0 488.0
306.0 486.0 308.0 493.0
30.0 191.0 24.0 196.0
130.0 581.0 131.0 589.0
276.0 383.0 278.0 388.0
305.0 485.0 308.0 493.0
29.0 559.0 29.0 565.0
264.0 339.0 265.0 345.0
295.0 469.0 298.0 477.0
378.0 480.0 379.0 488.0
31.0 191.0 24.0 196.0
469.0 113.0 468.0 118.0
304.0 507.0 307.0 515.0
377.0 480.0 379.0 488.0
364.0 253.0 365.0 259.0
324.0 24.0 325.0 32.0
306.0 485.0 308.0 493.0
104.0 503.0 106.0 511.0
405.0 586.0 410.0 593.0
452.0 433.0 456.0 438.0
192.0 597.0 194.0 606.0
468.0 114.0 468.0 118.0
129.0 581.0 131.0 589.0
191.0 596.0 194.0 606.0
469.0 114.0 468.0 118.0
75.0 400.0 77.0 406.0
296.0 469.0 298.0 477.0
323.0 25.0 324.0 31.0
339.0 535.0 341.0 541.0
150.0 584.0 151.0 593.0
76.0 400.0 77.0 406.0
250.0 378.0 252.0 386.0
103.0 502.0 106.0 511.0
468.0 115.0 468.0 118.0
104.0 502.0 106.0 511.0
149.0 584.0 151.0 593.0
305.0 486.0 308.0 493.0
418.0 82.0 417.0 88.0
192.0 595.0 193.0 605.0
191.0 595.0 193.0 605.0
456.0 453.0 459.0 458.0
453.0 433.0 456.0 438.0
453.0 434.0 456.0 438.0
251.0 378.0 252.0 386.0
130.0 582.0 131.0 589.0
31.0 192.0 24.0 196.0
30.0 192.0 24.0 196.0
339.0 441.0 342.0 448.0
28.0 559.0 29.0 565.0
396.0 482.0 398.0 489.0
76.0 401.0 77.0 406.0
365.0 253.0 365.0 259.0
75.0 401.0 77.0 406.0
457.0 453.0 459.0 458.0
97.0 127.0 107.0 142.0
456.0 454.0 459.0 458.0
396.0 483.0 398.0 489.0
396.0 481.0 399.0 489.0
417.0 82.0 409.0 103.0
44.0 584.0 46.0 591.0
45.0 584.0 46.0 591.0
395.0 482.0 398.0 489.0
45.0 583.0 46.0 591.0
459.0 128.0 447.0 147.0
240.0 131.0 237.0 146.0
46.0 584.0 46.0 591.0
72.0 590.0 73.0 597.0
131.0 318.0 121.0 352.0
460.0 128.0 447.0 147.0
46.0 583.0 46.0 591.0
131.0 317.0 121.0 352.0
131.0 316.0 121.0 352.0
268.0 500.0 278.0 508.0
251.0 103.0 248.0 118.0
72.0 589.0 73.0 597.0
251.0 102.0 248.0 118.0
405.0 422.0 400.0 437.0
405.0 421.0 400.0 437.0
252.0 103.0 249.0 118.0
406.0 422.0 400.0 437.0
314.0 294.0 323.0 314.0
314.0 295.0 323.0 314.0
23.0 410.0 6.0 413.0
313.0 295.0 323.0 314.0
313.0 294.0 323.0 314.0
312.0 294.0 323.0 314.0
