211.0 178.0 230.0 191.0
87.0 203.0 102.0 215.0
87.0 202.0 102.0 215.0
207.0 233.0 223.0 244.0
212.0 178.0 231.0 192.0
88.0 203.0 102.0 215.0
165.0 539.0 180.0 558.0
210.0 178.0 229.0 192.0
212.0 177.0 230.0 191.0
86.0 202.0 102.0 215.0
164.0 539.0 180.0 558.0
188.0 451.0 205.0 471.0
210.0 179.0 229.0 192.0
211.0 179.0 229.0 192.0
187.0 451.0 203.0 469.0
212.0 179.0 231.0 192.0
187.0 450.0 203.0 469.0
210.0 177.0 230.0 191.0
211.0 177.0 230.0 191.0
3.0 179.0 1.0 187.0
164.0 540.0 181.0 559.0
2.0 179.0 1.0 187.0
1.0 179.0 1.0 187.0
1.0 180.0 1.0 187.0
86.0 204.0 101.0 217.0
211.0 176.0 230.0 191.0
2.0 180.0 1.0 187.0
172.0 564.0 187.0 584.0
186.0 449.0 203.0 469.0
206.0 233.0 223.0 243.0
186.0 450.0 203.0 469.0
85.0 203.0 101.0 215.0
85.0 202.0 102.0 215.0
93.0 475.0 109.0 491.0
188.0 450.0 205.0 471.0
186.0 451.0 203.0 469.0
87.0 204.0 101.0 217.0
243.0 250.0 259.0 262.0
86.0 203.0 101.0 215.0
207.0 232.0 223.0 244.0
187.0 449.0 203.0 469.0
206.0 232.0 223.0 243.0
237.0 105.0 254.0 113.0
171.0 566.0 187.0 583.0
166.0 540.0 181.0 559.0
116.0 572.0 133.0 587.0
165.0 540.0 181.0 559.0
117.0 570.0 132.0 587.0
171.0 567.0 187.0 584.0
170.0 567.0 187.0 583.0
160.0 511.0 176.0 530.0
161.0 512.0 177.0 531.0
116.0 571.0 132.0 587.0
170.0 82.0 187.0 90.0
206.0 231.0 223.0 243.0
171.0 82.0 188.0 90.0
171.0 564.0 187.0 583.0
259.0 83.0 272.0 91.0
171.0 565.0 187.0 583.0
116.0 570.0 132.0 587.0
258.0 150.0 273.0 158.0
244.0 250.0 259.0 262.0
170.0 565.0 187.0 583.0
78.0 519.0 95.0 536.0
205.0 231.0 223.0 243.0
172.0 563.0 187.0 583.0
159.0 511.0 176.0 530.0
118.0 571.0 133.0 587.0
117.0 571.0 133.0 587.0
161.0 511.0 176.0 530.0
160.0 512.0 176.0 530.0
160.0 510.0 176.0 530.0
118.0 569.0 132.0 587.0
170.0 566.0 187.0 583.0
257.0 149.0 273.0 158.0
220.0 143.0 235.0 151.0
117.0 572.0 133.0 587.0
118.0 570.0 133.0 587.0
311.0 10.0 327.0 16.0
205.0 232.0 223.0 244.0
113.0 151.0 129.0 161.0
260.0 83.0 272.0 91.0
236.0 105.0 254.0 113.0
170.0 568.0 187.0 583.0
77.0 519.0 95.0 536.0
113.0 152.0 129.0 161.0
244.0 251.0 259.0 262.0
108.0 569.0 124.0 585.0
335.0 133.0 355.0 144.0
309.0 9.0 325.0 14.0
77.0 520.0 95.0 537.0
311.0 9.0 327.0 16.0
87.0 547.0 102.0 564.0
334.0 133.0 355.0 144.0
205.0 233.0 223.0 243.0
334.0 134.0 355.0 144.0
221.0 144.0 235.0 151.0
76.0 519.0 95.0 536.0
161.0 510.0 177.0 530.0
310.0 10.0 327.0 16.0
333.0 133.0 355.0 144.0
114.0 152.0 129.0 161.0
353.0 31.0 372.0 38.0
235.0 105.0 254.0 113.0
141.0 541.0 156.0 559.0
258.0 151.0 273.0 158.0
237.0 104.0 255.0 113.0
310.0 9.0 327.0 16.0
222.0 144.0 234.0 150.0
245.0 250.0 260.0 261.0
312.0 9.0 327.0 16.0
147.0 525.0 162.0 542.0
170.0 546.0 185.0 565.0
354.0 30.0 372.0 38.0
256.0 151.0 272.0 158.0
138.0 85.0 148.0 89.0
256.0 149.0 272.0 158.0
257.0 150.0 273.0 158.0
109.0 569.0 124.0 585.0
77.0 518.0 95.0 536.0
138.0 541.0 156.0 559.0
334.0 132.0 355.0 144.0
140.0 542.0 156.0 559.0
223.0 144.0 236.0 150.0
139.0 542.0 156.0 559.0
140.0 541.0 156.0 559.0
245.0 251.0 259.0 262.0
256.0 150.0 272.0 158.0
310.0 8.0 327.0 16.0
236.0 104.0 254.0 113.0
139.0 541.0 156.0 559.0
257.0 151.0 273.0 158.0
311.0 8.0 327.0 16.0
334.0 131.0 355.0 144.0
235.0 104.0 254.0 113.0
335.0 131.0 355.0 144.0
354.0 31.0 372.0 38.0
75.0 518.0 95.0 536.0
109.0 568.0 124.0 585.0
204.0 232.0 223.0 244.0
146.0 525.0 162.0 542.0
170.0 547.0 185.0 565.0
76.0 518.0 95.0 536.0
140.0 540.0 156.0 559.0
66.0 103.0 69.0 101.0
75.0 519.0 95.0 536.0
236.0 103.0 255.0 113.0
335.0 132.0 355.0 144.0
407.0 244.0 422.0 253.0
353.0 30.0 372.0 38.0
101.0 520.0 113.0 536.0
127.0 604.0 141.0 617.0
275.0 13.0 292.0 19.0
354.0 29.0 372.0 38.0
147.0 526.0 162.0 542.0
355.0 31.0 372.0 39.0
281.0 154.0 297.0 161.0
333.0 163.0 350.0 172.0
100.0 519.0 113.0 536.0
333.0 164.0 350.0 172.0
145.0 525.0 162.0 543.0
356.0 31.0 372.0 39.0
146.0 526.0 162.0 542.0
316.0 190.0 330.0 197.0
333.0 132.0 355.0 144.0
334.0 163.0 350.0 172.0
101.0 518.0 113.0 536.0
315.0 190.0 330.0 197.0
246.0 251.0 260.0 261.0
255.0 149.0 272.0 158.0
315.0 189.0 330.0 197.0
235.0 103.0 254.0 113.0
334.0 164.0 350.0 172.0
101.0 519.0 113.0 536.0
66.0 102.0 69.0 101.0
234.0 105.0 254.0 113.0
334.0 165.0 350.0 172.0
332.0 89.0 349.0 97.0
407.0 245.0 422.0 254.0
171.0 546.0 185.0 565.0
289.0 271.0 300.0 285.0
408.0 244.0 422.0 253.0
311.0 163.0 325.0 166.0
355.0 30.0 372.0 38.0
68.0 104.0 69.0 101.0
102.0 519.0 113.0 536.0
315.0 188.0 330.0 197.0
276.0 13.0 292.0 19.0
276.0 12.0 292.0 19.0
255.0 151.0 271.0 158.0
146.0 524.0 162.0 542.0
316.0 27.0 335.0 36.0
355.0 29.0 372.0 38.0
30.0 512.0 49.0 527.0
31.0 513.0 49.0 527.0
127.0 603.0 141.0 617.0
61.0 189.0 78.0 197.0
281.0 155.0 297.0 163.0
234.0 104.0 254.0 113.0
67.0 103.0 69.0 101.0
170.0 545.0 185.0 565.0
102.0 520.0 113.0 536.0
128.0 604.0 141.0 617.0
172.0 546.0 185.0 565.0
32.0 514.0 49.0 528.0
157.0 540.0 179.0 559.0
316.0 28.0 335.0 36.0
83.0 543.0 97.0 564.0
234.0 103.0 254.0 113.0
289.0 270.0 300.0 285.0
356.0 30.0 373.0 38.0
316.0 29.0 335.0 36.0
290.0 272.0 301.0 287.0
408.0 246.0 422.0 254.0
341.0 166.0 367.0 177.0
67.0 101.0 69.0 101.0
69.0 103.0 69.0 101.0
171.0 547.0 185.0 565.0
60.0 189.0 78.0 197.0
127.0 602.0 141.0 617.0
312.0 163.0 325.0 166.0
31.0 512.0 49.0 527.0
408.0 245.0 422.0 254.0
409.0 245.0 422.0 254.0
145.0 524.0 162.0 543.0
255.0 150.0 272.0 158.0
67.0 102.0 69.0 101.0
288.0 271.0 300.0 285.0
139.0 540.0 156.0 559.0
32.0 512.0 49.0 528.0
332.0 88.0 349.0 97.0
290.0 270.0 300.0 285.0
32.0 513.0 49.0 528.0
68.0 103.0 69.0 101.0
315.0 29.0 335.0 36.0
68.0 102.0 69.0 101.0
291.0 270.0 300.0 285.0
315.0 30.0 335.0 36.0
313.0 164.0 325.0 166.0
316.0 188.0 330.0 197.0
342.0 166.0 367.0 177.0
171.0 545.0 185.0 565.0
30.0 513.0 49.0 527.0
82.0 543.0 96.0 564.0
316.0 189.0 330.0 197.0
257.0 54.0 275.0 61.0
52.0 186.0 69.0 193.0
257.0 53.0 275.0 61.0
256.0 54.0 275.0 61.0
90.0 524.0 111.0 535.0
341.0 167.0 367.0 177.0
172.0 547.0 185.0 565.0
69.0 102.0 69.0 101.0
331.0 89.0 349.0 97.0
31.0 514.0 49.0 528.0
268.0 263.0 280.0 272.0
372.0 9.0 390.0 11.0
291.0 272.0 301.0 287.0
101.0 537.0 115.0 551.0
33.0 513.0 49.0 528.0
342.0 167.0 367.0 177.0
96.0 604.0 111.0 618.0
103.0 519.0 113.0 536.0
373.0 11.0 390.0 11.0
157.0 541.0 179.0 559.0
157.0 539.0 179.0 559.0
30.0 514.0 49.0 527.0
29.0 512.0 49.0 527.0
29.0 513.0 49.0 527.0
315.0 27.0 335.0 36.0
68.0 101.0 69.0 101.0
51.0 185.0 70.0 194.0
267.0 263.0 275.0 278.0
267.0 264.0 275.0 278.0
314.0 29.0 335.0 36.0
290.0 271.0 300.0 285.0
414.0 117.0 431.0 124.0
373.0 10.0 390.0 11.0
315.0 28.0 335.0 36.0
291.0 271.0 301.0 287.0
372.0 10.0 390.0 11.0
138.0 540.0 156.0 559.0
413.0 118.0 431.0 124.0
312.0 164.0 325.0 166.0
96.0 603.0 111.0 618.0
61.0 190.0 78.0 197.0
372.0 11.0 390.0 11.0
271.0 265.0 280.0 272.0
270.0 265.0 280.0 272.0
268.0 264.0 275.0 278.0
272.0 265.0 280.0 272.0
137.0 540.0 156.0 559.0
269.0 264.0 280.0 272.0
51.0 186.0 69.0 193.0
272.0 266.0 280.0 272.0
317.0 190.0 330.0 197.0
414.0 116.0 431.0 124.0
238.0 148.0 255.0 156.0
30.0 511.0 49.0 527.0
413.0 116.0 431.0 124.0
413.0 117.0 431.0 124.0
272.0 268.0 275.0 278.0
69.0 101.0 69.0 101.0
394.0 157.0 416.0 164.0
314.0 28.0 335.0 36.0
271.0 266.0 280.0 272.0
28.0 513.0 49.0 527.0
50.0 186.0 69.0 193.0
52.0 187.0 69.0 194.0
52.0 185.0 69.0 193.0
97.0 603.0 111.0 618.0
311.0 164.0 325.0 166.0
273.0 266.0 280.0 272.0
156.0 540.0 179.0 559.0
97.0 602.0 111.0 618.0
101.0 538.0 115.0 551.0
68.0 100.0 69.0 101.0
102.0 538.0 115.0 551.0
292.0 271.0 301.0 287.0
98.0 602.0 111.0 618.0
273.0 268.0 275.0 278.0
317.0 189.0 330.0 197.0
331.0 88.0 349.0 97.0
156.0 541.0 179.0 559.0
138.0 539.0 156.0 559.0
137.0 539.0 156.0 559.0
415.0 116.0 431.0 124.0
271.0 267.0 274.0 278.0
393.0 157.0 416.0 164.0
394.0 158.0 416.0 164.0
51.0 187.0 69.0 193.0
347.0 48.0 366.0 55.0
272.0 267.0 280.0 272.0
102.0 539.0 115.0 551.0
312.0 165.0 325.0 166.0
156.0 539.0 179.0 559.0
330.0 88.0 349.0 97.0
273.0 267.0 280.0 272.0
277.0 30.0 291.0 20.0
155.0 540.0 179.0 559.0
81.0 542.0 96.0 564.0
277.0 31.0 291.0 20.0
83.0 542.0 97.0 564.0
237.0 147.0 255.0 156.0
393.0 158.0 416.0 164.0
82.0 542.0 96.0 564.0
237.0 148.0 255.0 156.0
347.0 47.0 366.0 55.0
346.0 47.0 366.0 55.0
348.0 47.0 366.0 55.0
225.0 191.0 233.0 192.0
278.0 32.0 291.0 20.0
278.0 31.0 291.0 20.0
225.0 190.0 233.0 192.0
279.0 30.0 291.0 20.0
236.0 148.0 238.0 151.0
278.0 30.0 291.0 20.0
348.0 46.0 366.0 55.0
277.0 32.0 291.0 20.0
236.0 147.0 255.0 156.0
347.0 46.0 366.0 55.0
279.0 31.0 291.0 20.0
346.0 46.0 366.0 55.0
82.0 541.0 96.0 564.0
83.0 541.0 97.0 564.0
279.0 32.0 291.0 20.0
226.0 190.0 233.0 192.0
154.0 584.0 169.0 600.0
153.0 584.0 168.0 600.0
155.0 584.0 169.0 600.0
155.0 583.0 169.0 600.0
346.0 45.0 365.0 55.0
299.0 130.0 291.0 140.0
154.0 583.0 169.0 600.0
227.0 190.0 233.0 192.0
156.0 582.0 169.0 600.0
153.0 583.0 168.0 600.0
378.0 122.0 408.0 141.0
227.0 191.0 233.0 192.0
155.0 582.0 169.0 600.0
226.0 191.0 233.0 192.0
154.0 582.0 169.0 600.0
154.0 581.0 169.0 600.0
155.0 581.0 169.0 600.0
156.0 583.0 169.0 600.0
347.0 45.0 366.0 55.0
300.0 130.0 291.0 141.0
153.0 582.0 168.0 600.0
153.0 581.0 168.0 600.0
228.0 190.0 233.0 192.0
81.0 541.0 96.0 564.0
228.0 191.0 233.0 192.0
141.0 595.0 141.0 616.0
377.0 122.0 408.0 141.0
176.0 448.0 203.0 470.0
300.0 129.0 291.0 140.0
302.0 208.0 288.0 211.0
398.0 112.0 431.0 125.0
299.0 129.0 291.0 140.0
133.0 58.0 148.0 89.0
336.0 8.0 405.0 17.0
335.0 10.0 337.0 36.0
303.0 208.0 288.0 211.0
300.0 128.0 291.0 140.0
428.0 235.0 422.0 253.0
304.0 207.0 288.0 211.0
335.0 9.0 337.0 36.0
336.0 9.0 337.0 36.0
304.0 208.0 288.0 211.0
303.0 209.0 288.0 211.0
429.0 236.0 422.0 253.0
175.0 448.0 203.0 470.0
304.0 209.0 288.0 211.0
175.0 447.0 203.0 470.0
134.0 58.0 148.0 89.0
302.0 209.0 288.0 211.0
305.0 209.0 288.0 211.0
175.0 449.0 203.0 470.0
428.0 236.0 422.0 253.0
304.0 210.0 288.0 211.0
