177.0 160.0 156.0 170.0
177.0 161.0 156.0 171.0
309.0 243.0 287.0 250.0
238.0 89.0 214.0 102.0
333.0 58.0 306.0 68.0
369.0 610.0 343.0 613.0
370.0 610.0 343.0 613.0
322.0 415.0 298.0 420.0
238.0 90.0 214.0 102.0
308.0 244.0 287.0 250.0
75.0 315.0 49.0 323.0
239.0 89.0 214.0 102.0
202.0 245.0 179.0 254.0
237.0 90.0 214.0 102.0
201.0 245.0 179.0 254.0
202.0 244.0 179.0 254.0
285.0 507.0 260.0 513.0
176.0 161.0 156.0 171.0
180.0 265.0 157.0 274.0
308.0 243.0 287.0 250.0
388.0 342.0 363.0 344.0
222.0 81.0 199.0 94.0
201.0 244.0 179.0 254.0
387.0 341.0 362.0 345.0
353.0 365.0 329.0 369.0
352.0 365.0 329.0 369.0
81.0 105.0 59.0 114.0
222.0 80.0 200.0 93.0
322.0 414.0 298.0 418.0
164.0 284.0 144.0 294.0
239.0 90.0 214.0 102.0
76.0 314.0 51.0 323.0
106.0 278.0 81.0 287.0
397.0 524.0 370.0 523.0
112.0 177.0 89.0 186.0
220.0 81.0 199.0 94.0
309.0 244.0 287.0 250.0
165.0 313.0 142.0 322.0
388.0 341.0 363.0 345.0
221.0 81.0 199.0 94.0
285.0 506.0 260.0 513.0
332.0 58.0 306.0 68.0
165.0 314.0 142.0 322.0
169.0 184.0 148.0 193.0
165.0 284.0 144.0 294.0
333.0 57.0 306.0 68.0
397.0 525.0 370.0 524.0
196.0 302.0 175.0 309.0
389.0 342.0 363.0 344.0
221.0 80.0 199.0 93.0
331.0 57.0 305.0 68.0
284.0 507.0 260.0 513.0
398.0 524.0 371.0 523.0
284.0 506.0 260.0 513.0
195.0 301.0 173.0 310.0
332.0 57.0 306.0 68.0
392.0 52.0 369.0 67.0
78.0 283.0 51.0 292.0
165.0 285.0 144.0 294.0
396.0 524.0 370.0 524.0
369.0 611.0 343.0 613.0
164.0 283.0 144.0 294.0
353.0 366.0 329.0 369.0
368.0 610.0 343.0 613.0
265.0 540.0 240.0 548.0
388.0 340.0 363.0 345.0
352.0 366.0 329.0 369.0
82.0 104.0 59.0 114.0
197.0 301.0 175.0 309.0
105.0 278.0 81.0 287.0
271.0 417.0 245.0 421.0
266.0 542.0 241.0 548.0
74.0 315.0 49.0 323.0
166.0 79.0 139.0 90.0
81.0 104.0 59.0 114.0
103.0 279.0 78.0 288.0
284.0 505.0 260.0 513.0
196.0 301.0 175.0 309.0
113.0 177.0 89.0 186.0
270.0 417.0 245.0 421.0
128.0 352.0 105.0 362.0
74.0 314.0 49.0 323.0
393.0 50.0 370.0 66.0
180.0 264.0 157.0 274.0
203.0 277.0 178.0 287.0
81.0 103.0 58.0 114.0
78.0 282.0 51.0 292.0
129.0 353.0 105.0 362.0
334.0 57.0 306.0 68.0
166.0 314.0 142.0 322.0
77.0 282.0 51.0 292.0
130.0 352.0 105.0 362.0
392.0 50.0 370.0 66.0
359.0 484.0 334.0 486.0
391.0 51.0 369.0 66.0
265.0 541.0 241.0 548.0
266.0 540.0 240.0 547.0
391.0 52.0 369.0 67.0
389.0 341.0 363.0 345.0
196.0 300.0 175.0 309.0
392.0 51.0 369.0 66.0
266.0 541.0 241.0 548.0
355.0 431.0 330.0 434.0
167.0 79.0 139.0 90.0
104.0 278.0 78.0 288.0
285.0 505.0 260.0 513.0
321.0 415.0 298.0 418.0
219.0 202.0 195.0 211.0
98.0 597.0 71.0 610.0
181.0 265.0 157.0 274.0
112.0 178.0 89.0 186.0
75.0 314.0 49.0 323.0
177.0 162.0 156.0 171.0
175.0 180.0 155.0 189.0
267.0 541.0 241.0 548.0
166.0 285.0 144.0 294.0
113.0 178.0 88.0 187.0
129.0 352.0 105.0 362.0
356.0 431.0 330.0 434.0
168.0 79.0 139.0 90.0
202.0 277.0 178.0 287.0
176.0 180.0 155.0 189.0
202.0 278.0 178.0 287.0
358.0 483.0 334.0 486.0
358.0 484.0 334.0 486.0
199.0 515.0 174.0 523.0
176.0 179.0 155.0 188.0
359.0 483.0 335.0 485.0
270.0 416.0 245.0 421.0
99.0 597.0 71.0 610.0
208.0 469.0 183.0 478.0
80.0 103.0 58.0 114.0
269.0 417.0 245.0 421.0
351.0 455.0 325.0 458.0
210.0 470.0 185.0 478.0
271.0 416.0 245.0 421.0
218.0 202.0 196.0 211.0
98.0 596.0 71.0 610.0
198.0 493.0 175.0 502.0
270.0 418.0 245.0 421.0
114.0 177.0 89.0 186.0
111.0 217.0 85.0 226.0
298.0 307.0 275.0 313.0
197.0 300.0 175.0 309.0
200.0 515.0 175.0 523.0
246.0 350.0 223.0 355.0
166.0 284.0 144.0 294.0
357.0 431.0 330.0 434.0
369.0 300.0 342.0 304.0
80.0 102.0 58.0 113.0
217.0 203.0 195.0 211.0
370.0 300.0 342.0 304.0
99.0 596.0 71.0 610.0
97.0 597.0 71.0 610.0
181.0 264.0 158.0 273.0
199.0 516.0 174.0 523.0
110.0 216.0 85.0 226.0
209.0 469.0 185.0 478.0
325.0 433.0 302.0 436.0
114.0 178.0 88.0 187.0
218.0 203.0 195.0 211.0
111.0 216.0 85.0 226.0
201.0 278.0 178.0 287.0
198.0 516.0 174.0 523.0
223.0 391.0 199.0 395.0
298.0 306.0 275.0 313.0
234.0 473.0 211.0 480.0
256.0 389.0 229.0 394.0
198.0 301.0 175.0 309.0
167.0 78.0 139.0 90.0
350.0 305.0 325.0 309.0
107.0 575.0 79.0 589.0
185.0 98.0 165.0 109.0
255.0 389.0 229.0 394.0
410.0 322.0 383.0 326.0
409.0 322.0 382.0 326.0
409.0 323.0 382.0 326.0
233.0 473.0 211.0 480.0
409.0 321.0 382.0 325.0
186.0 98.0 165.0 109.0
201.0 277.0 178.0 287.0
408.0 321.0 382.0 325.0
111.0 215.0 85.0 226.0
200.0 516.0 175.0 523.0
146.0 420.0 120.0 426.0
218.0 201.0 196.0 210.0
146.0 421.0 120.0 426.0
258.0 310.0 236.0 317.0
208.0 470.0 183.0 478.0
209.0 470.0 185.0 478.0
351.0 456.0 325.0 458.0
326.0 433.0 302.0 436.0
198.0 492.0 175.0 502.0
217.0 202.0 196.0 211.0
108.0 66.0 80.0 79.0
254.0 389.0 229.0 394.0
349.0 305.0 325.0 309.0
112.0 216.0 85.0 226.0
182.0 125.0 160.0 136.0
222.0 391.0 199.0 395.0
199.0 493.0 175.0 502.0
327.0 433.0 302.0 436.0
408.0 323.0 382.0 326.0
168.0 78.0 139.0 90.0
247.0 350.0 224.0 355.0
181.0 125.0 160.0 135.0
297.0 307.0 275.0 313.0
167.0 77.0 139.0 90.0
235.0 472.0 211.0 480.0
346.0 547.0 322.0 552.0
182.0 126.0 160.0 136.0
347.0 548.0 322.0 552.0
229.0 572.0 204.0 580.0
181.0 126.0 160.0 135.0
100.0 596.0 71.0 610.0
258.0 471.0 236.0 479.0
199.0 492.0 175.0 502.0
145.0 420.0 118.0 426.0
368.0 397.0 342.0 401.0
108.0 67.0 80.0 79.0
222.0 392.0 199.0 395.0
106.0 575.0 78.0 588.0
147.0 421.0 120.0 426.0
251.0 591.0 225.0 598.0
259.0 310.0 238.0 316.0
259.0 472.0 236.0 479.0
408.0 322.0 382.0 325.0
257.0 472.0 236.0 479.0
258.0 472.0 236.0 479.0
254.0 390.0 229.0 394.0
367.0 398.0 342.0 401.0
248.0 349.0 224.0 355.0
246.0 349.0 223.0 355.0
252.0 591.0 225.0 598.0
247.0 349.0 224.0 355.0
65.0 262.0 40.0 271.0
346.0 548.0 322.0 552.0
107.0 574.0 79.0 588.0
251.0 592.0 225.0 598.0
367.0 397.0 342.0 401.0
217.0 201.0 196.0 210.0
274.0 581.0 250.0 588.0
253.0 390.0 229.0 394.0
345.0 547.0 322.0 552.0
234.0 472.0 211.0 480.0
350.0 304.0 325.0 309.0
286.0 605.0 261.0 612.0
147.0 420.0 120.0 426.0
356.0 23.0 336.0 37.0
255.0 390.0 229.0 394.0
217.0 439.0 193.0 446.0
108.0 576.0 79.0 589.0
107.0 576.0 78.0 588.0
185.0 99.0 165.0 109.0
316.0 602.0 287.0 608.0
255.0 440.0 230.0 446.0
255.0 439.0 230.0 446.0
216.0 202.0 196.0 211.0
108.0 575.0 79.0 588.0
238.0 257.0 215.0 267.0
227.0 572.0 204.0 580.0
317.0 602.0 287.0 608.0
146.0 419.0 120.0 426.0
252.0 592.0 225.0 598.0
233.0 472.0 211.0 480.0
109.0 575.0 79.0 588.0
275.0 581.0 250.0 588.0
234.0 471.0 211.0 480.0
64.0 261.0 40.0 271.0
259.0 471.0 236.0 479.0
228.0 572.0 204.0 580.0
256.0 440.0 230.0 446.0
346.0 549.0 322.0 552.0
206.0 389.0 180.0 393.0
216.0 438.0 193.0 446.0
366.0 397.0 342.0 401.0
347.0 430.0 322.0 432.0
357.0 22.0 336.0 37.0
285.0 604.0 259.0 612.0
355.0 23.0 335.0 37.0
286.0 604.0 261.0 612.0
355.0 21.0 335.0 36.0
109.0 576.0 79.0 588.0
285.0 605.0 259.0 612.0
106.0 576.0 78.0 588.0
65.0 261.0 40.0 271.0
168.0 77.0 139.0 90.0
317.0 601.0 287.0 608.0
268.0 355.0 244.0 363.0
256.0 390.0 229.0 394.0
354.0 23.0 334.0 37.0
65.0 263.0 40.0 271.0
221.0 391.0 199.0 395.0
366.0 398.0 342.0 401.0
345.0 548.0 322.0 552.0
207.0 389.0 180.0 393.0
248.0 348.0 224.0 355.0
64.0 263.0 40.0 271.0
216.0 439.0 193.0 446.0
180.0 439.0 157.0 448.0
268.0 356.0 244.0 363.0
247.0 348.0 224.0 355.0
204.0 389.0 180.0 393.0
215.0 439.0 193.0 446.0
258.0 543.0 240.0 548.0
274.0 582.0 250.0 588.0
354.0 22.0 334.0 37.0
64.0 262.0 40.0 271.0
181.0 439.0 157.0 448.0
71.0 379.0 47.0 389.0
74.0 377.0 47.0 388.0
198.0 491.0 175.0 502.0
356.0 22.0 336.0 37.0
345.0 549.0 322.0 552.0
71.0 378.0 47.0 389.0
283.0 605.0 259.0 612.0
356.0 21.0 335.0 36.0
346.0 429.0 322.0 432.0
355.0 22.0 335.0 37.0
181.0 438.0 157.0 448.0
346.0 430.0 322.0 432.0
284.0 605.0 259.0 612.0
73.0 378.0 47.0 389.0
73.0 377.0 47.0 388.0
72.0 377.0 47.0 388.0
74.0 378.0 47.0 389.0
275.0 582.0 250.0 588.0
72.0 378.0 47.0 389.0
199.0 491.0 175.0 502.0
72.0 379.0 47.0 389.0
344.0 548.0 322.0 552.0
222.0 360.0 206.0 360.0
283.0 604.0 259.0 612.0
270.0 106.0 240.0 125.0
284.0 604.0 259.0 612.0
222.0 359.0 206.0 360.0
317.0 520.0 293.0 525.0
275.0 583.0 250.0 588.0
276.0 582.0 249.0 589.0
399.0 367.0 374.0 381.0
57.0 334.0 32.0 344.0
257.0 543.0 240.0 548.0
56.0 334.0 32.0 344.0
57.0 333.0 32.0 344.0
56.0 333.0 32.0 344.0
399.0 366.0 374.0 381.0
39.0 265.0 19.0 275.0
398.0 367.0 374.0 381.0
54.0 366.0 28.0 374.0
398.0 366.0 374.0 381.0
365.0 593.0 344.0 612.0
54.0 365.0 28.0 374.0
54.0 364.0 28.0 374.0
55.0 366.0 28.0 374.0
36.0 535.0 9.0 549.0
390.0 11.0 354.0 17.0
36.0 534.0 9.0 549.0
36.0 532.0 9.0 549.0
391.0 11.0 354.0 17.0
36.0 533.0 9.0 549.0
