283.0 456.0 284.0 472.0
283.0 455.0 284.0 472.0
284.0 455.0 284.0 471.0
381.0 542.0 380.0 563.0
284.0 456.0 284.0 471.0
284.0 454.0 284.0 471.0
380.0 541.0 380.0 562.0
283.0 454.0 284.0 471.0
317.0 385.0 319.0 402.0
381.0 541.0 380.0 562.0
241.0 286.0 246.0 300.0
382.0 542.0 380.0 563.0
279.0 297.0 283.0 312.0
237.0 509.0 236.0 522.0
242.0 285.0 246.0 300.0
238.0 509.0 236.0 522.0
259.0 393.0 260.0 409.0
238.0 510.0 236.0 522.0
380.0 542.0 380.0 562.0
241.0 285.0 246.0 300.0
452.0 330.0 456.0 353.0
260.0 395.0 261.0 411.0
259.0 395.0 260.0 410.0
247.0 420.0 247.0 435.0
454.0 330.0 457.0 355.0
453.0 330.0 457.0 355.0
259.0 394.0 260.0 410.0
260.0 393.0 261.0 409.0
258.0 395.0 261.0 411.0
193.0 310.0 197.0 323.0
453.0 331.0 456.0 353.0
270.0 325.0 273.0 340.0
89.0 506.0 87.0 512.0
258.0 394.0 260.0 410.0
287.0 99.0 298.0 115.0
260.0 394.0 261.0 409.0
193.0 311.0 197.0 323.0
435.0 444.0 437.0 470.0
288.0 100.0 298.0 115.0
278.0 385.0 279.0 400.0
239.0 510.0 237.0 524.0
246.0 421.0 246.0 435.0
288.0 98.0 298.0 114.0
89.0 505.0 86.0 510.0
158.0 411.0 158.0 422.0
157.0 410.0 158.0 422.0
43.0 235.0 47.0 238.0
288.0 99.0 298.0 115.0
241.0 316.0 244.0 331.0
157.0 411.0 158.0 422.0
269.0 326.0 273.0 341.0
287.0 98.0 298.0 114.0
454.0 331.0 457.0 355.0
241.0 284.0 246.0 300.0
360.0 398.0 362.0 417.0
435.0 445.0 437.0 470.0
394.0 432.0 396.0 455.0
187.0 298.0 190.0 309.0
382.0 541.0 380.0 562.0
270.0 326.0 273.0 340.0
43.0 236.0 47.0 238.0
399.0 358.0 402.0 383.0
31.0 457.0 29.0 462.0
239.0 509.0 236.0 523.0
436.0 444.0 437.0 470.0
398.0 358.0 402.0 383.0
21.0 318.0 24.0 319.0
436.0 443.0 438.0 470.0
21.0 316.0 24.0 319.0
223.0 399.0 224.0 413.0
122.0 444.0 122.0 456.0
220.0 61.0 231.0 74.0
395.0 432.0 396.0 455.0
395.0 433.0 396.0 455.0
240.0 509.0 237.0 523.0
4.0 374.0 4.0 380.0
174.0 315.0 177.0 326.0
157.0 409.0 158.0 421.0
3.0 374.0 4.0 380.0
399.0 359.0 402.0 383.0
255.0 192.0 262.0 208.0
121.0 445.0 122.0 456.0
254.0 191.0 262.0 207.0
197.0 365.0 200.0 377.0
270.0 327.0 273.0 341.0
158.0 410.0 158.0 422.0
361.0 398.0 363.0 418.0
186.0 298.0 189.0 308.0
241.0 317.0 244.0 331.0
253.0 191.0 262.0 208.0
21.0 317.0 24.0 319.0
149.0 252.0 153.0 259.0
253.0 192.0 262.0 208.0
148.0 251.0 153.0 259.0
122.0 445.0 122.0 456.0
44.0 235.0 47.0 238.0
22.0 317.0 24.0 319.0
361.0 399.0 364.0 418.0
277.0 385.0 279.0 400.0
88.0 505.0 86.0 510.0
158.0 409.0 160.0 422.0
186.0 299.0 189.0 308.0
57.0 42.0 67.0 45.0
254.0 192.0 262.0 208.0
121.0 444.0 122.0 456.0
398.0 359.0 402.0 383.0
220.0 60.0 231.0 74.0
32.0 457.0 29.0 462.0
258.0 393.0 260.0 409.0
46.0 436.0 46.0 443.0
186.0 297.0 190.0 309.0
148.0 252.0 153.0 259.0
145.0 374.0 147.0 384.0
222.0 400.0 224.0 413.0
223.0 400.0 224.0 413.0
20.0 317.0 24.0 319.0
269.0 327.0 273.0 342.0
175.0 316.0 177.0 326.0
277.0 386.0 279.0 401.0
198.0 365.0 200.0 377.0
91.0 352.0 92.0 360.0
278.0 386.0 279.0 401.0
435.0 443.0 438.0 470.0
57.0 41.0 66.0 44.0
176.0 348.0 180.0 358.0
47.0 137.0 53.0 138.0
148.0 253.0 154.0 261.0
121.0 443.0 122.0 455.0
185.0 297.0 189.0 308.0
47.0 437.0 46.0 443.0
177.0 347.0 180.0 358.0
30.0 456.0 29.0 461.0
44.0 234.0 47.0 238.0
51.0 271.0 54.0 273.0
185.0 298.0 189.0 308.0
223.0 401.0 224.0 414.0
47.0 436.0 46.0 443.0
221.0 61.0 232.0 74.0
146.0 374.0 147.0 384.0
67.0 84.0 75.0 86.0
66.0 83.0 75.0 86.0
48.0 436.0 46.0 443.0
92.0 353.0 92.0 360.0
241.0 318.0 244.0 331.0
360.0 399.0 364.0 418.0
42.0 236.0 47.0 238.0
255.0 193.0 262.0 209.0
242.0 317.0 246.0 331.0
147.0 374.0 147.0 384.0
47.0 435.0 46.0 443.0
42.0 235.0 47.0 238.0
90.0 352.0 92.0 360.0
133.0 624.0 128.0 629.0
123.0 444.0 122.0 456.0
16.0 406.0 19.0 409.0
66.0 84.0 75.0 86.0
185.0 299.0 189.0 308.0
133.0 623.0 128.0 629.0
36.0 399.0 35.0 403.0
179.0 280.0 182.0 291.0
145.0 375.0 147.0 384.0
146.0 375.0 147.0 384.0
43.0 234.0 47.0 238.0
132.0 624.0 128.0 629.0
12.0 303.0 12.0 304.0
90.0 353.0 92.0 360.0
254.0 193.0 262.0 209.0
46.0 437.0 45.0 443.0
147.0 375.0 147.0 384.0
176.0 347.0 179.0 357.0
56.0 42.0 66.0 44.0
11.0 304.0 12.0 304.0
10.0 621.0 14.0 619.0
11.0 621.0 14.0 619.0
11.0 303.0 12.0 304.0
132.0 623.0 128.0 629.0
66.0 85.0 75.0 86.0
122.0 443.0 122.0 455.0
163.0 337.0 165.0 349.0
187.0 406.0 188.0 418.0
31.0 456.0 29.0 461.0
174.0 316.0 177.0 326.0
102.0 175.0 109.0 184.0
306.0 123.0 315.0 140.0
139.0 25.0 150.0 33.0
242.0 318.0 245.0 332.0
91.0 353.0 92.0 360.0
173.0 316.0 177.0 326.0
32.0 456.0 29.0 462.0
134.0 623.0 128.0 629.0
198.0 366.0 200.0 377.0
16.0 405.0 19.0 409.0
73.0 300.0 77.0 307.0
187.0 407.0 188.0 418.0
67.0 85.0 75.0 86.0
242.0 316.0 244.0 331.0
184.0 298.0 189.0 308.0
20.0 607.0 15.0 619.0
255.0 194.0 263.0 209.0
46.0 136.0 53.0 138.0
180.0 280.0 182.0 291.0
72.0 300.0 77.0 307.0
47.0 359.0 49.0 364.0
48.0 360.0 49.0 364.0
52.0 271.0 54.0 273.0
125.0 289.0 130.0 299.0
48.0 359.0 49.0 364.0
46.0 137.0 53.0 138.0
45.0 136.0 53.0 138.0
73.0 301.0 77.0 307.0
263.0 284.0 268.0 298.0
99.0 554.0 95.0 558.0
57.0 372.0 57.0 378.0
72.0 301.0 77.0 308.0
174.0 317.0 177.0 326.0
89.0 293.0 93.0 301.0
138.0 24.0 150.0 33.0
102.0 176.0 109.0 184.0
45.0 137.0 53.0 138.0
180.0 281.0 182.0 291.0
90.0 294.0 93.0 302.0
63.0 226.0 67.0 230.0
64.0 226.0 68.0 230.0
19.0 607.0 15.0 619.0
22.0 289.0 26.0 291.0
63.0 227.0 67.0 230.0
19.0 606.0 15.0 619.0
23.0 290.0 26.0 291.0
88.0 294.0 93.0 302.0
106.0 387.0 108.0 398.0
162.0 338.0 165.0 349.0
21.0 271.0 25.0 273.0
89.0 295.0 93.0 302.0
98.0 554.0 95.0 558.0
139.0 24.0 150.0 33.0
163.0 338.0 166.0 349.0
71.0 434.0 72.0 440.0
56.0 372.0 57.0 378.0
306.0 122.0 315.0 140.0
263.0 285.0 268.0 298.0
89.0 294.0 93.0 302.0
180.0 279.0 182.0 291.0
48.0 361.0 49.0 364.0
164.0 370.0 166.0 382.0
199.0 365.0 200.0 377.0
264.0 285.0 268.0 298.0
148.0 132.0 157.0 141.0
88.0 293.0 93.0 301.0
47.0 361.0 49.0 364.0
21.0 272.0 25.0 273.0
99.0 555.0 95.0 558.0
64.0 227.0 68.0 230.0
37.0 324.0 39.0 326.0
47.0 360.0 49.0 364.0
307.0 122.0 315.0 140.0
162.0 339.0 165.0 349.0
72.0 433.0 72.0 440.0
22.0 290.0 26.0 291.0
165.0 370.0 166.0 382.0
49.0 360.0 49.0 364.0
107.0 387.0 108.0 398.0
22.0 271.0 25.0 273.0
98.0 555.0 95.0 558.0
108.0 388.0 109.0 398.0
183.0 617.0 178.0 626.0
23.0 559.0 19.0 560.0
264.0 284.0 268.0 298.0
48.0 205.0 53.0 207.0
36.0 323.0 39.0 326.0
180.0 551.0 177.0 561.0
22.0 272.0 25.0 273.0
181.0 550.0 177.0 561.0
94.0 476.0 92.0 487.0
103.0 176.0 109.0 184.0
36.0 324.0 39.0 326.0
91.0 530.0 88.0 535.0
71.0 433.0 72.0 440.0
108.0 387.0 109.0 397.0
57.0 373.0 57.0 378.0
49.0 361.0 49.0 364.0
69.0 104.0 77.0 107.0
107.0 388.0 109.0 398.0
103.0 175.0 109.0 184.0
184.0 617.0 178.0 626.0
24.0 558.0 19.0 561.0
72.0 434.0 72.0 440.0
243.0 151.0 252.0 166.0
9.0 206.0 14.0 206.0
64.0 228.0 67.0 230.0
8.0 205.0 12.0 206.0
8.0 206.0 12.0 206.0
125.0 245.0 129.0 253.0
11.0 424.0 12.0 431.0
125.0 246.0 129.0 253.0
239.0 117.0 249.0 131.0
181.0 551.0 177.0 561.0
234.0 5.0 246.0 17.0
184.0 616.0 178.0 626.0
24.0 559.0 19.0 560.0
165.0 371.0 166.0 382.0
183.0 616.0 178.0 626.0
180.0 552.0 177.0 561.0
91.0 529.0 88.0 535.0
93.0 477.0 92.0 487.0
29.0 167.0 35.0 171.0
9.0 205.0 14.0 206.0
19.0 226.0 24.0 228.0
181.0 552.0 177.0 561.0
66.0 386.0 67.0 392.0
182.0 551.0 178.0 562.0
20.0 262.0 25.0 272.0
93.0 476.0 92.0 487.0
20.0 226.0 24.0 228.0
124.0 244.0 129.0 253.0
25.0 628.0 15.0 620.0
92.0 530.0 88.0 535.0
10.0 206.0 14.0 206.0
20.0 227.0 24.0 228.0
25.0 558.0 19.0 561.0
243.0 152.0 252.0 166.0
164.0 371.0 166.0 382.0
31.0 145.0 38.0 146.0
109.0 109.0 117.0 116.0
43.0 195.0 48.0 200.0
92.0 529.0 88.0 535.0
65.0 386.0 67.0 392.0
65.0 387.0 67.0 392.0
87.0 383.0 88.0 393.0
86.0 383.0 88.0 393.0
31.0 146.0 38.0 146.0
124.0 245.0 129.0 253.0
108.0 109.0 117.0 116.0
28.0 168.0 34.0 171.0
19.0 227.0 24.0 228.0
80.0 88.0 90.0 93.0
86.0 384.0 88.0 394.0
20.0 263.0 25.0 272.0
28.0 167.0 34.0 171.0
124.0 246.0 129.0 253.0
87.0 382.0 88.0 393.0
92.0 476.0 92.0 487.0
30.0 215.0 35.0 217.0
86.0 382.0 88.0 393.0
11.0 423.0 12.0 431.0
108.0 108.0 117.0 116.0
93.0 475.0 92.0 487.0
31.0 216.0 35.0 217.0
89.0 164.0 90.0 182.0
86.0 381.0 88.0 393.0
31.0 215.0 35.0 217.0
30.0 216.0 35.0 217.0
75.0 475.0 74.0 484.0
16.0 437.0 13.0 433.0
77.0 536.0 65.0 546.0
89.0 163.0 90.0 182.0
16.0 597.0 15.0 619.0
90.0 164.0 90.0 182.0
92.0 235.0 97.0 239.0
93.0 235.0 97.0 239.0
75.0 474.0 74.0 484.0
144.0 317.0 141.0 331.0
90.0 163.0 90.0 182.0
106.0 252.0 111.0 259.0
16.0 438.0 13.0 433.0
106.0 578.0 95.0 560.0
169.0 623.0 178.0 626.0
105.0 252.0 111.0 259.0
139.0 126.0 157.0 140.0
168.0 622.0 178.0 626.0
169.0 622.0 178.0 626.0
92.0 234.0 97.0 239.0
92.0 233.0 97.0 239.0
74.0 474.0 74.0 484.0
107.0 578.0 95.0 560.0
168.0 623.0 178.0 626.0
63.0 543.0 52.0 549.0
93.0 234.0 98.0 239.0
168.0 624.0 178.0 626.0
138.0 126.0 157.0 140.0
167.0 622.0 178.0 626.0
75.0 473.0 74.0 484.0
106.0 251.0 111.0 259.0
206.0 410.0 196.0 430.0
167.0 623.0 178.0 626.0
107.0 579.0 95.0 560.0
206.0 411.0 196.0 430.0
60.0 142.0 54.0 139.0
284.0 330.0 274.0 341.0
105.0 251.0 111.0 259.0
74.0 473.0 74.0 484.0
61.0 141.0 54.0 139.0
61.0 142.0 54.0 139.0
413.0 439.0 414.0 476.0
412.0 440.0 414.0 476.0
207.0 410.0 196.0 430.0
