101.0 474.0 115.0 465.0
102.0 473.0 115.0 465.0
383.0 506.0 397.0 497.0
383.0 507.0 397.0 497.0
375.0 381.0 386.0 371.0
101.0 473.0 115.0 465.0
300.0 538.0 313.0 526.0
374.0 381.0 386.0 371.0
375.0 380.0 386.0 371.0
15.0 147.0 17.0 139.0
383.0 508.0 397.0 497.0
301.0 537.0 313.0 526.0
382.0 507.0 397.0 497.0
16.0 146.0 17.0 139.0
102.0 472.0 115.0 465.0
100.0 473.0 115.0 465.0
148.0 170.0 146.0 159.0
374.0 382.0 386.0 371.0
101.0 472.0 115.0 465.0
301.0 538.0 313.0 526.0
14.0 146.0 17.0 139.0
375.0 382.0 386.0 371.0
382.0 508.0 397.0 497.0
16.0 147.0 17.0 139.0
15.0 146.0 17.0 139.0
321.0 501.0 335.0 491.0
281.0 157.0 288.0 147.0
382.0 615.0 394.0 603.0
300.0 537.0 313.0 526.0
147.0 170.0 146.0 159.0
373.0 346.0 385.0 334.0
165.0 175.0 173.0 168.0
382.0 616.0 394.0 603.0
322.0 501.0 335.0 492.0
320.0 501.0 335.0 491.0
322.0 500.0 335.0 491.0
281.0 158.0 288.0 147.0
302.0 537.0 313.0 526.0
373.0 345.0 385.0 334.0
321.0 500.0 335.0 490.0
281.0 159.0 288.0 147.0
362.0 331.0 376.0 322.0
148.0 169.0 146.0 159.0
382.0 617.0 394.0 603.0
321.0 499.0 335.0 490.0
383.0 616.0 394.0 603.0
282.0 157.0 288.0 147.0
251.0 148.0 257.0 138.0
280.0 158.0 288.0 147.0
359.0 549.0 373.0 537.0
166.0 175.0 173.0 168.0
282.0 158.0 288.0 147.0
236.0 91.0 242.0 79.0
236.0 92.0 242.0 79.0
364.0 331.0 376.0 321.0
382.0 445.0 394.0 434.0
360.0 549.0 373.0 536.0
79.0 467.0 93.0 459.0
374.0 345.0 385.0 334.0
235.0 92.0 241.0 79.0
383.0 615.0 394.0 603.0
402.0 408.0 415.0 397.0
363.0 332.0 376.0 322.0
383.0 617.0 395.0 603.0
305.0 316.0 315.0 303.0
360.0 550.0 373.0 537.0
251.0 149.0 257.0 138.0
382.0 446.0 394.0 434.0
184.0 181.0 190.0 173.0
250.0 148.0 257.0 138.0
333.0 396.0 343.0 386.0
280.0 159.0 288.0 147.0
333.0 397.0 343.0 386.0
364.0 332.0 376.0 322.0
374.0 346.0 385.0 334.0
318.0 371.0 328.0 361.0
364.0 292.0 374.0 284.0
403.0 406.0 415.0 397.0
78.0 467.0 92.0 458.0
320.0 500.0 335.0 491.0
330.0 518.0 341.0 507.0
348.0 313.0 357.0 303.0
373.0 347.0 385.0 334.0
402.0 407.0 415.0 397.0
348.0 314.0 357.0 303.0
235.0 91.0 242.0 79.0
90.0 8.0 111.0 6.0
319.0 371.0 329.0 362.0
374.0 347.0 385.0 334.0
334.0 395.0 343.0 386.0
334.0 396.0 343.0 386.0
250.0 149.0 257.0 138.0
362.0 332.0 376.0 322.0
360.0 548.0 373.0 536.0
304.0 315.0 315.0 303.0
330.0 519.0 342.0 507.0
382.0 302.0 395.0 293.0
334.0 397.0 343.0 386.0
300.0 199.0 307.0 189.0
403.0 407.0 415.0 397.0
318.0 370.0 329.0 361.0
331.0 519.0 342.0 507.0
363.0 292.0 375.0 283.0
310.0 82.0 316.0 71.0
183.0 181.0 190.0 173.0
165.0 176.0 173.0 168.0
184.0 182.0 190.0 173.0
331.0 518.0 342.0 507.0
349.0 313.0 357.0 303.0
404.0 408.0 418.0 397.0
403.0 408.0 418.0 397.0
166.0 176.0 173.0 168.0
64.0 576.0 82.0 560.0
319.0 370.0 329.0 362.0
376.0 452.0 393.0 435.0
311.0 82.0 316.0 71.0
65.0 574.0 82.0 558.0
379.0 200.0 385.0 189.0
26.0 349.0 31.0 341.0
311.0 81.0 316.0 71.0
336.0 184.0 347.0 174.0
335.0 396.0 343.0 386.0
174.0 178.0 190.0 172.0
64.0 575.0 82.0 560.0
44.0 352.0 50.0 346.0
404.0 406.0 415.0 397.0
364.0 293.0 374.0 284.0
382.0 303.0 395.0 293.0
65.0 575.0 82.0 560.0
78.0 468.0 92.0 458.0
404.0 407.0 418.0 397.0
365.0 468.0 378.0 460.0
363.0 293.0 374.0 284.0
300.0 349.0 311.0 337.0
365.0 292.0 374.0 284.0
312.0 81.0 316.0 71.0
418.0 228.0 430.0 219.0
300.0 200.0 307.0 189.0
249.0 149.0 257.0 138.0
334.0 398.0 343.0 386.0
419.0 227.0 430.0 219.0
238.0 529.0 249.0 516.0
337.0 184.0 347.0 174.0
238.0 528.0 249.0 516.0
337.0 183.0 347.0 174.0
44.0 353.0 50.0 346.0
210.0 266.0 219.0 254.0
43.0 352.0 50.0 346.0
365.0 469.0 378.0 460.0
300.0 201.0 307.0 189.0
312.0 82.0 316.0 71.0
379.0 201.0 385.0 189.0
418.0 229.0 430.0 219.0
364.0 469.0 377.0 462.0
240.0 175.0 247.0 165.0
363.0 294.0 374.0 284.0
202.0 189.0 210.0 181.0
2.0 414.0 15.0 404.0
364.0 468.0 377.0 462.0
364.0 470.0 377.0 462.0
255.0 138.0 261.0 127.0
381.0 302.0 395.0 293.0
463.0 260.0 473.0 251.0
203.0 188.0 210.0 181.0
312.0 79.0 316.0 71.0
381.0 303.0 395.0 293.0
239.0 529.0 250.0 516.0
393.0 370.0 405.0 363.0
255.0 137.0 261.0 127.0
392.0 370.0 405.0 363.0
377.0 201.0 385.0 189.0
463.0 261.0 473.0 251.0
377.0 200.0 385.0 189.0
299.0 458.0 311.0 446.0
390.0 280.0 404.0 268.0
378.0 200.0 385.0 189.0
364.0 294.0 374.0 284.0
3.0 415.0 15.0 404.0
298.0 458.0 311.0 446.0
392.0 369.0 405.0 363.0
390.0 281.0 404.0 268.0
2.0 415.0 15.0 404.0
378.0 202.0 386.0 188.0
298.0 200.0 307.0 189.0
335.0 397.0 343.0 386.0
298.0 201.0 307.0 189.0
239.0 528.0 249.0 516.0
299.0 457.0 311.0 446.0
299.0 201.0 307.0 189.0
202.0 188.0 210.0 181.0
419.0 228.0 430.0 219.0
420.0 228.0 430.0 219.0
464.0 260.0 473.0 251.0
240.0 177.0 247.0 165.0
239.0 175.0 247.0 165.0
43.0 353.0 50.0 346.0
299.0 200.0 307.0 189.0
378.0 201.0 386.0 188.0
203.0 187.0 210.0 181.0
337.0 185.0 347.0 174.0
463.0 259.0 473.0 251.0
202.0 187.0 210.0 181.0
327.0 305.0 337.0 294.0
326.0 305.0 337.0 294.0
240.0 176.0 247.0 165.0
190.0 618.0 204.0 606.0
338.0 184.0 347.0 174.0
391.0 280.0 404.0 268.0
216.0 624.0 233.0 612.0
254.0 137.0 261.0 127.0
286.0 391.0 300.0 381.0
239.0 177.0 247.0 165.0
239.0 176.0 247.0 165.0
189.0 617.0 204.0 605.0
138.0 167.0 146.0 159.0
190.0 617.0 206.0 605.0
101.0 11.0 111.0 6.0
169.0 606.0 184.0 595.0
338.0 185.0 347.0 174.0
286.0 392.0 300.0 381.0
278.0 451.0 293.0 443.0
254.0 138.0 261.0 127.0
420.0 229.0 430.0 219.0
160.0 315.0 183.0 271.0
420.0 227.0 430.0 219.0
189.0 618.0 204.0 605.0
380.0 303.0 395.0 293.0
393.0 369.0 405.0 363.0
90.0 447.0 101.0 438.0
419.0 229.0 430.0 219.0
462.0 260.0 473.0 251.0
287.0 391.0 300.0 381.0
168.0 607.0 184.0 595.0
392.0 368.0 405.0 363.0
89.0 448.0 101.0 438.0
279.0 452.0 293.0 443.0
462.0 261.0 473.0 251.0
217.0 623.0 233.0 612.0
278.0 453.0 293.0 443.0
216.0 623.0 233.0 612.0
278.0 452.0 293.0 443.0
244.0 166.0 250.0 156.0
391.0 279.0 404.0 268.0
169.0 607.0 184.0 595.0
431.0 503.0 445.0 495.0
217.0 624.0 233.0 612.0
430.0 504.0 445.0 495.0
430.0 505.0 445.0 495.0
430.0 503.0 445.0 495.0
108.0 158.0 146.0 159.0
189.0 616.0 204.0 605.0
109.0 158.0 146.0 159.0
90.0 448.0 101.0 438.0
190.0 615.0 204.0 604.0
191.0 229.0 195.0 234.0
281.0 369.0 292.0 360.0
218.0 623.0 233.0 612.0
447.0 179.0 459.0 169.0
277.0 453.0 293.0 443.0
102.0 10.0 111.0 6.0
403.0 262.0 414.0 255.0
190.0 616.0 206.0 605.0
101.0 10.0 111.0 6.0
124.0 552.0 136.0 540.0
279.0 451.0 293.0 443.0
102.0 11.0 111.0 6.0
429.0 504.0 444.0 495.0
213.0 571.0 228.0 555.0
216.0 622.0 233.0 612.0
403.0 264.0 414.0 255.0
43.0 238.0 56.0 237.0
429.0 503.0 444.0 495.0
109.0 159.0 146.0 160.0
146.0 609.0 161.0 595.0
287.0 392.0 300.0 381.0
84.0 468.0 93.0 458.0
431.0 504.0 445.0 495.0
158.0 554.0 171.0 542.0
220.0 525.0 232.0 515.0
153.0 336.0 183.0 271.0
316.0 335.0 330.0 323.0
191.0 228.0 195.0 234.0
316.0 336.0 330.0 323.0
158.0 553.0 171.0 542.0
404.0 264.0 414.0 255.0
182.0 252.0 195.0 234.0
182.0 253.0 195.0 234.0
156.0 554.0 170.0 542.0
315.0 335.0 329.0 322.0
157.0 553.0 170.0 542.0
123.0 552.0 136.0 540.0
158.0 632.0 172.0 618.0
158.0 631.0 172.0 618.0
404.0 263.0 414.0 255.0
157.0 554.0 171.0 542.0
91.0 448.0 102.0 438.0
403.0 263.0 414.0 255.0
159.0 630.0 172.0 618.0
47.0 616.0 66.0 600.0
90.0 449.0 102.0 438.0
276.0 341.0 287.0 333.0
315.0 336.0 329.0 322.0
159.0 631.0 172.0 618.0
221.0 526.0 232.0 515.0
158.0 630.0 172.0 618.0
47.0 615.0 66.0 600.0
146.0 610.0 161.0 595.0
374.0 235.0 383.0 226.0
156.0 553.0 170.0 542.0
212.0 571.0 228.0 555.0
157.0 552.0 171.0 542.0
248.0 434.0 262.0 422.0
248.0 433.0 262.0 422.0
314.0 335.0 329.0 322.0
249.0 433.0 262.0 422.0
6.0 225.0 9.0 224.0
83.0 526.0 82.0 558.0
123.0 551.0 136.0 540.0
41.0 462.0 54.0 453.0
248.0 432.0 262.0 422.0
84.0 469.0 93.0 459.0
276.0 340.0 287.0 333.0
212.0 572.0 228.0 555.0
143.0 361.0 159.0 341.0
249.0 432.0 262.0 422.0
143.0 362.0 159.0 341.0
277.0 340.0 287.0 333.0
143.0 360.0 159.0 341.0
247.0 434.0 262.0 422.0
85.0 468.0 93.0 458.0
247.0 433.0 262.0 422.0
40.0 462.0 54.0 453.0
41.0 461.0 54.0 453.0
295.0 426.0 303.0 419.0
322.0 54.0 328.0 45.0
247.0 432.0 261.0 422.0
40.0 461.0 54.0 453.0
295.0 425.0 303.0 419.0
322.0 55.0 328.0 45.0
121.0 20.0 111.0 6.0
85.0 469.0 93.0 459.0
121.0 19.0 111.0 6.0
461.0 145.0 458.0 154.0
46.0 617.0 66.0 600.0
376.0 249.0 384.0 227.0
80.0 153.0 146.0 160.0
122.0 20.0 111.0 6.0
375.0 249.0 384.0 227.0
46.0 615.0 66.0 600.0
122.0 19.0 111.0 6.0
461.0 146.0 458.0 154.0
46.0 616.0 66.0 600.0
80.0 152.0 146.0 160.0
45.0 616.0 65.0 600.0
312.0 416.0 326.0 416.0
106.0 450.0 122.0 429.0
91.0 615.0 116.0 594.0
313.0 415.0 326.0 416.0
91.0 616.0 116.0 594.0
313.0 416.0 326.0 416.0
312.0 415.0 326.0 416.0
105.0 450.0 122.0 429.0
96.0 435.0 102.0 437.0
471.0 128.0 457.0 153.0
90.0 616.0 116.0 594.0
472.0 128.0 457.0 153.0
105.0 451.0 122.0 429.0
311.0 415.0 326.0 416.0
439.0 615.0 459.0 600.0
472.0 127.0 457.0 153.0
313.0 414.0 326.0 416.0
123.0 411.0 147.0 373.0
