232.0 268.0 234.0 266.0
233.0 268.0 234.0 266.0
232.0 267.0 234.0 266.0
195.0 280.0 195.0 280.0
162.0 239.0 162.0 240.0
195.0 281.0 195.0 280.0
233.0 267.0 234.0 266.0
163.0 240.0 162.0 241.0
232.0 269.0 234.0 266.0
194.0 280.0 195.0 279.0
163.0 241.0 162.0 241.0
62.0 474.0 64.0 476.0
194.0 237.0 194.0 237.0
162.0 240.0 162.0 241.0
194.0 236.0 194.0 237.0
204.0 220.0 204.0 220.0
193.0 237.0 193.0 238.0
178.0 225.0 177.0 226.0
179.0 226.0 178.0 227.0
195.0 237.0 194.0 238.0
193.0 236.0 193.0 237.0
189.0 200.0 188.0 201.0
268.0 195.0 269.0 193.0
162.0 241.0 162.0 241.0
62.0 475.0 65.0 476.0
63.0 475.0 65.0 476.0
194.0 238.0 193.0 238.0
216.0 257.0 217.0 257.0
196.0 280.0 195.0 280.0
195.0 279.0 195.0 279.0
97.0 490.0 99.0 494.0
162.0 166.0 161.0 168.0
179.0 285.0 180.0 285.0
268.0 196.0 268.0 194.0
204.0 219.0 204.0 219.0
196.0 279.0 195.0 280.0
105.0 256.0 104.0 259.0
97.0 491.0 99.0 494.0
18.0 439.0 19.0 443.0
216.0 256.0 217.0 257.0
179.0 225.0 178.0 226.0
178.0 226.0 178.0 227.0
163.0 166.0 162.0 168.0
202.0 157.0 202.0 158.0
105.0 257.0 104.0 260.0
133.0 316.0 133.0 317.0
18.0 440.0 19.0 443.0
188.0 200.0 188.0 201.0
136.0 293.0 137.0 294.0
252.0 202.0 253.0 200.0
252.0 201.0 252.0 200.0
193.0 238.0 193.0 238.0
180.0 286.0 180.0 285.0
106.0 256.0 104.0 259.0
100.0 113.0 98.0 119.0
152.0 287.0 154.0 287.0
96.0 491.0 99.0 494.0
195.0 563.0 199.0 564.0
19.0 309.0 19.0 311.0
192.0 237.0 192.0 237.0
163.0 167.0 162.0 168.0
133.0 315.0 133.0 316.0
96.0 490.0 98.0 492.0
19.0 310.0 20.0 313.0
132.0 314.0 132.0 316.0
46.0 447.0 48.0 449.0
253.0 202.0 253.0 200.0
179.0 286.0 180.0 285.0
19.0 439.0 19.0 443.0
164.0 318.0 164.0 319.0
104.0 256.0 104.0 260.0
132.0 315.0 132.0 316.0
46.0 448.0 48.0 449.0
100.0 114.0 98.0 119.0
106.0 257.0 105.0 260.0
20.0 310.0 20.0 311.0
202.0 155.0 201.0 157.0
153.0 288.0 154.0 288.0
153.0 287.0 154.0 287.0
110.0 196.0 110.0 200.0
178.0 35.0 175.0 39.0
51.0 489.0 54.0 490.0
229.0 139.0 229.0 140.0
46.0 99.0 44.0 105.0
43.0 539.0 46.0 540.0
21.0 22.0 19.0 27.0
137.0 294.0 137.0 295.0
195.0 564.0 199.0 564.0
162.0 167.0 162.0 168.0
52.0 488.0 54.0 490.0
300.0 309.0 302.0 306.0
53.0 488.0 54.0 490.0
152.0 288.0 153.0 288.0
253.0 201.0 253.0 200.0
177.0 36.0 175.0 40.0
468.0 74.0 467.0 70.0
190.0 587.0 194.0 588.0
103.0 313.0 104.0 315.0
106.0 139.0 105.0 144.0
109.0 276.0 109.0 279.0
101.0 113.0 99.0 117.0
177.0 35.0 175.0 39.0
191.0 587.0 194.0 588.0
175.0 345.0 175.0 343.0
174.0 344.0 175.0 343.0
52.0 489.0 54.0 490.0
164.0 121.0 163.0 124.0
468.0 73.0 467.0 70.0
162.0 168.0 162.0 168.0
136.0 294.0 137.0 295.0
350.0 138.0 349.0 133.0
175.0 343.0 175.0 343.0
44.0 539.0 47.0 541.0
202.0 156.0 201.0 158.0
120.0 246.0 120.0 248.0
102.0 313.0 104.0 315.0
204.0 140.0 203.0 141.0
204.0 139.0 203.0 141.0
233.0 120.0 231.0 121.0
112.0 196.0 111.0 200.0
20.0 309.0 19.0 311.0
44.0 538.0 46.0 540.0
300.0 310.0 302.0 306.0
115.0 226.0 115.0 228.0
230.0 139.0 229.0 140.0
465.0 33.0 461.0 32.0
108.0 140.0 107.0 144.0
48.0 448.0 49.0 450.0
224.0 591.0 228.0 590.0
118.0 477.0 119.0 478.0
174.0 343.0 175.0 343.0
53.0 489.0 54.0 490.0
119.0 246.0 120.0 248.0
47.0 448.0 48.0 450.0
204.0 406.0 207.0 405.0
47.0 447.0 49.0 449.0
118.0 478.0 119.0 479.0
156.0 558.0 159.0 559.0
178.0 36.0 175.0 39.0
349.0 139.0 349.0 133.0
115.0 227.0 115.0 228.0
107.0 139.0 107.0 144.0
163.0 317.0 163.0 318.0
232.0 120.0 231.0 121.0
163.0 318.0 163.0 318.0
45.0 539.0 47.0 541.0
116.0 518.0 118.0 520.0
204.0 407.0 207.0 405.0
107.0 140.0 107.0 144.0
21.0 21.0 19.0 27.0
22.0 22.0 19.0 27.0
119.0 245.0 120.0 248.0
115.0 518.0 118.0 520.0
145.0 411.0 147.0 412.0
99.0 113.0 98.0 119.0
224.0 592.0 228.0 590.0
11.0 86.0 9.0 94.0
111.0 196.0 111.0 200.0
175.0 344.0 175.0 343.0
164.0 317.0 164.0 318.0
46.0 98.0 44.0 105.0
114.0 226.0 114.0 228.0
51.0 488.0 54.0 490.0
138.0 430.0 140.0 431.0
144.0 412.0 146.0 412.0
165.0 121.0 163.0 124.0
144.0 411.0 146.0 412.0
350.0 137.0 350.0 132.0
111.0 197.0 111.0 200.0
97.0 581.0 98.0 583.0
225.0 591.0 229.0 590.0
142.0 13.0 139.0 18.0
11.0 87.0 9.0 94.0
349.0 138.0 349.0 133.0
117.0 477.0 119.0 478.0
222.0 519.0 227.0 517.0
10.0 87.0 9.0 94.0
299.0 309.0 301.0 306.0
203.0 139.0 202.0 141.0
25.0 3.0 22.0 9.0
145.0 412.0 146.0 412.0
22.0 21.0 19.0 27.0
221.0 519.0 227.0 517.0
464.0 34.0 461.0 32.0
191.0 588.0 194.0 588.0
222.0 518.0 227.0 517.0
102.0 312.0 104.0 315.0
224.0 574.0 229.0 573.0
12.0 86.0 9.0 94.0
201.0 483.0 203.0 482.0
356.0 110.0 355.0 110.0
103.0 312.0 104.0 315.0
51.0 310.0 50.0 312.0
111.0 195.0 110.0 200.0
133.0 121.0 131.0 124.0
87.0 427.0 87.0 430.0
223.0 592.0 228.0 590.0
87.0 426.0 88.0 429.0
223.0 591.0 228.0 590.0
133.0 120.0 131.0 124.0
47.0 99.0 44.0 105.0
223.0 575.0 228.0 573.0
48.0 99.0 45.0 105.0
201.0 482.0 203.0 482.0
145.0 472.0 147.0 474.0
464.0 33.0 461.0 32.0
174.0 555.0 177.0 555.0
240.0 525.0 244.0 522.0
138.0 431.0 140.0 431.0
221.0 518.0 227.0 517.0
355.0 110.0 355.0 110.0
164.0 316.0 164.0 318.0
12.0 87.0 9.0 94.0
133.0 122.0 131.0 126.0
141.0 82.0 139.0 85.0
140.0 82.0 139.0 85.0
86.0 427.0 87.0 430.0
47.0 100.0 44.0 105.0
223.0 574.0 228.0 573.0
443.0 504.0 450.0 493.0
116.0 409.0 116.0 409.0
180.0 442.0 182.0 442.0
204.0 405.0 207.0 405.0
137.0 431.0 140.0 431.0
146.0 40.0 144.0 44.0
164.0 471.0 167.0 473.0
165.0 120.0 163.0 124.0
398.0 32.0 396.0 32.0
181.0 519.0 190.0 518.0
349.0 137.0 350.0 132.0
52.0 310.0 51.0 312.0
141.0 13.0 139.0 18.0
180.0 518.0 183.0 519.0
464.0 32.0 461.0 32.0
224.0 575.0 228.0 573.0
145.0 473.0 147.0 474.0
332.0 607.0 342.0 605.0
435.0 345.0 438.0 335.0
145.0 41.0 143.0 45.0
463.0 34.0 461.0 32.0
163.0 471.0 167.0 473.0
163.0 470.0 167.0 473.0
202.0 482.0 203.0 482.0
145.0 40.0 144.0 44.0
163.0 316.0 163.0 318.0
47.0 98.0 44.0 104.0
164.0 470.0 167.0 473.0
255.0 422.0 257.0 419.0
181.0 634.0 186.0 635.0
180.0 519.0 183.0 519.0
132.0 121.0 131.0 124.0
146.0 41.0 143.0 45.0
180.0 441.0 182.0 441.0
180.0 634.0 186.0 635.0
399.0 32.0 396.0 32.0
50.0 310.0 50.0 311.0
398.0 33.0 396.0 32.0
146.0 472.0 147.0 474.0
49.0 310.0 50.0 311.0
244.0 494.0 249.0 491.0
331.0 607.0 342.0 605.0
434.0 345.0 438.0 333.0
399.0 33.0 396.0 32.0
443.0 505.0 449.0 493.0
140.0 81.0 139.0 85.0
369.0 368.0 373.0 361.0
140.0 13.0 139.0 18.0
245.0 435.0 248.0 433.0
146.0 473.0 147.0 474.0
461.0 449.0 468.0 434.0
355.0 109.0 355.0 110.0
393.0 397.0 397.0 389.0
330.0 607.0 342.0 605.0
240.0 353.0 241.0 351.0
255.0 423.0 257.0 419.0
246.0 494.0 249.0 491.0
245.0 494.0 249.0 491.0
369.0 369.0 373.0 361.0
254.0 423.0 257.0 419.0
463.0 33.0 461.0 32.0
157.0 558.0 159.0 559.0
246.0 435.0 248.0 433.0
463.0 32.0 461.0 32.0
141.0 12.0 139.0 18.0
42.0 421.0 44.0 424.0
246.0 434.0 249.0 432.0
336.0 376.0 338.0 369.0
43.0 421.0 44.0 424.0
254.0 422.0 257.0 419.0
265.0 527.0 268.0 525.0
85.0 215.0 86.0 221.0
245.0 495.0 249.0 491.0
141.0 80.0 139.0 85.0
426.0 106.0 426.0 100.0
400.0 33.0 397.0 33.0
141.0 81.0 139.0 85.0
41.0 421.0 43.0 424.0
197.0 501.0 202.0 500.0
140.0 80.0 139.0 85.0
148.0 494.0 152.0 495.0
266.0 527.0 268.0 525.0
368.0 368.0 373.0 361.0
239.0 353.0 241.0 351.0
121.0 436.0 122.0 437.0
149.0 494.0 152.0 495.0
17.0 614.0 18.0 621.0
267.0 411.0 271.0 407.0
332.0 606.0 342.0 605.0
147.0 472.0 149.0 473.0
255.0 421.0 257.0 419.0
97.0 230.0 96.0 234.0
18.0 614.0 18.0 621.0
400.0 32.0 397.0 33.0
266.0 526.0 268.0 525.0
204.0 444.0 208.0 443.0
266.0 411.0 271.0 407.0
427.0 106.0 426.0 100.0
331.0 606.0 342.0 605.0
67.0 397.0 69.0 402.0
96.0 230.0 96.0 234.0
198.0 501.0 202.0 500.0
426.0 104.0 426.0 100.0
442.0 505.0 449.0 493.0
425.0 105.0 426.0 100.0
267.0 412.0 271.0 407.0
120.0 435.0 121.0 437.0
335.0 377.0 338.0 370.0
439.0 368.0 445.0 357.0
468.0 495.0 474.0 486.0
149.0 493.0 152.0 495.0
95.0 229.0 96.0 234.0
460.0 450.0 468.0 434.0
119.0 436.0 121.0 437.0
335.0 376.0 338.0 369.0
256.0 480.0 260.0 477.0
96.0 229.0 96.0 234.0
121.0 435.0 122.0 437.0
42.0 420.0 43.0 424.0
95.0 230.0 96.0 234.0
442.0 506.0 449.0 493.0
426.0 105.0 426.0 100.0
204.0 445.0 208.0 443.0
91.0 407.0 96.0 407.0
119.0 435.0 121.0 437.0
448.0 384.0 454.0 374.0
120.0 437.0 121.0 438.0
350.0 458.0 354.0 450.0
120.0 436.0 121.0 437.0
467.0 496.0 474.0 486.0
427.0 105.0 426.0 100.0
326.0 588.0 333.0 584.0
66.0 584.0 75.0 584.0
96.0 231.0 96.0 234.0
330.0 606.0 342.0 605.0
326.0 590.0 333.0 585.0
467.0 497.0 474.0 486.0
307.0 582.0 314.0 577.0
386.0 484.0 393.0 473.0
326.0 589.0 334.0 585.0
449.0 384.0 454.0 374.0
441.0 368.0 445.0 357.0
440.0 368.0 445.0 357.0
467.0 498.0 474.0 486.0
350.0 459.0 354.0 450.0
468.0 496.0 474.0 486.0
440.0 367.0 445.0 357.0
468.0 498.0 474.0 486.0
449.0 385.0 454.0 374.0
450.0 384.0 454.0 374.0
373.0 389.0 378.0 380.0
372.0 389.0 377.0 380.0
427.0 104.0 426.0 100.0
468.0 497.0 474.0 486.0
440.0 369.0 445.0 357.0
257.0 356.0 268.0 351.0
256.0 481.0 260.0 477.0
90.0 407.0 96.0 407.0
90.0 406.0 96.0 407.0
349.0 458.0 354.0 450.0
334.0 376.0 337.0 370.0
372.0 390.0 378.0 380.0
109.0 499.0 112.0 501.0
258.0 357.0 268.0 351.0
327.0 589.0 334.0 585.0
349.0 459.0 354.0 450.0
109.0 498.0 112.0 501.0
257.0 357.0 268.0 351.0
256.0 566.0 262.0 563.0
256.0 567.0 262.0 563.0
373.0 390.0 378.0 380.0
257.0 567.0 262.0 563.0
348.0 459.0 354.0 450.0
229.0 488.0 231.0 485.0
257.0 566.0 262.0 563.0
308.0 582.0 314.0 577.0
309.0 582.0 314.0 577.0
301.0 525.0 306.0 517.0
373.0 391.0 377.0 381.0
282.0 552.0 287.0 549.0
130.0 504.0 136.0 514.0
283.0 552.0 287.0 549.0
284.0 553.0 287.0 549.0
283.0 553.0 287.0 549.0
430.0 557.0 440.0 545.0
178.0 278.0 180.0 285.0
282.0 553.0 287.0 549.0
177.0 278.0 180.0 285.0
129.0 504.0 136.0 514.0
130.0 503.0 136.0 514.0
129.0 503.0 136.0 514.0
275.0 416.0 271.0 408.0
275.0 417.0 281.0 420.0
178.0 277.0 180.0 285.0
293.0 614.0 313.0 604.0
430.0 558.0 440.0 545.0
153.0 508.0 152.0 495.0
