146.0 244.0 145.0 256.0
146.0 246.0 145.0 256.0
434.0 494.0 433.0 494.0
146.0 245.0 145.0 256.0
156.0 136.0 156.0 148.0
157.0 136.0 156.0 148.0
224.0 146.0 223.0 157.0
456.0 547.0 456.0 546.0
413.0 542.0 413.0 543.0
157.0 137.0 156.0 148.0
207.0 434.0 206.0 443.0
382.0 239.0 378.0 243.0
435.0 493.0 433.0 494.0
456.0 546.0 456.0 545.0
156.0 137.0 156.0 148.0
124.0 249.0 124.0 260.0
218.0 257.0 217.0 266.0
153.0 517.0 153.0 527.0
310.0 444.0 309.0 449.0
435.0 494.0 433.0 494.0
154.0 517.0 153.0 527.0
434.0 493.0 433.0 494.0
123.0 249.0 124.0 260.0
157.0 138.0 157.0 149.0
225.0 146.0 223.0 157.0
218.0 256.0 217.0 266.0
383.0 239.0 378.0 243.0
220.0 480.0 219.0 491.0
119.0 276.0 120.0 288.0
207.0 433.0 206.0 443.0
413.0 543.0 413.0 543.0
224.0 147.0 223.0 157.0
120.0 276.0 120.0 288.0
224.0 145.0 223.0 157.0
309.0 444.0 309.0 449.0
186.0 481.0 186.0 491.0
65.0 520.0 63.0 534.0
358.0 618.0 358.0 622.0
93.0 294.0 93.0 306.0
460.0 526.0 459.0 528.0
119.0 277.0 120.0 288.0
63.0 521.0 63.0 534.0
219.0 257.0 217.0 266.0
63.0 520.0 63.0 534.0
154.0 568.0 155.0 578.0
186.0 482.0 186.0 492.0
116.0 339.0 115.0 355.0
297.0 51.0 293.0 65.0
124.0 248.0 124.0 260.0
370.0 248.0 366.0 253.0
177.0 516.0 177.0 526.0
115.0 339.0 115.0 355.0
123.0 248.0 124.0 260.0
64.0 521.0 63.0 534.0
120.0 277.0 120.0 288.0
83.0 397.0 85.0 388.0
412.0 542.0 413.0 543.0
457.0 547.0 456.0 547.0
178.0 516.0 177.0 526.0
369.0 248.0 366.0 253.0
154.0 567.0 155.0 577.0
103.0 228.0 103.0 239.0
93.0 295.0 94.0 306.0
92.0 294.0 93.0 306.0
64.0 520.0 63.0 534.0
240.0 550.0 240.0 557.0
82.0 397.0 85.0 388.0
232.0 319.0 232.0 330.0
185.0 481.0 186.0 491.0
234.0 122.0 232.0 134.0
153.0 518.0 153.0 527.0
421.0 565.0 421.0 566.0
339.0 218.0 336.0 225.0
410.0 485.0 409.0 486.0
185.0 482.0 186.0 492.0
420.0 564.0 421.0 566.0
119.0 278.0 120.0 288.0
122.0 268.0 122.0 279.0
310.0 443.0 309.0 449.0
187.0 481.0 186.0 492.0
437.0 560.0 437.0 560.0
218.0 255.0 217.0 266.0
194.0 500.0 193.0 512.0
457.0 546.0 456.0 546.0
436.0 560.0 437.0 560.0
339.0 219.0 336.0 225.0
186.0 480.0 186.0 491.0
336.0 508.0 335.0 513.0
316.0 301.0 314.0 307.0
219.0 480.0 219.0 491.0
421.0 564.0 421.0 566.0
178.0 517.0 177.0 526.0
234.0 121.0 232.0 134.0
357.0 618.0 358.0 622.0
239.0 551.0 240.0 558.0
336.0 507.0 335.0 513.0
296.0 53.0 293.0 65.0
335.0 507.0 335.0 513.0
219.0 256.0 217.0 266.0
274.0 173.0 274.0 183.0
153.0 566.0 155.0 577.0
92.0 295.0 93.0 306.0
459.0 526.0 459.0 527.0
297.0 53.0 293.0 65.0
234.0 320.0 232.0 330.0
209.0 356.0 209.0 365.0
410.0 486.0 409.0 486.0
438.0 560.0 437.0 560.0
151.0 198.0 151.0 208.0
369.0 247.0 366.0 253.0
239.0 552.0 239.0 559.0
425.0 513.0 423.0 515.0
340.0 218.0 336.0 225.0
41.0 552.0 41.0 565.0
220.0 479.0 219.0 489.0
218.0 594.0 218.0 601.0
357.0 617.0 358.0 622.0
370.0 247.0 366.0 253.0
232.0 320.0 232.0 330.0
330.0 603.0 331.0 608.0
254.0 560.0 254.0 567.0
310.0 331.0 309.0 335.0
40.0 570.0 39.0 583.0
240.0 551.0 240.0 558.0
188.0 254.0 187.0 263.0
296.0 52.0 293.0 65.0
233.0 121.0 232.0 134.0
103.0 227.0 103.0 239.0
358.0 617.0 358.0 622.0
403.0 565.0 404.0 569.0
297.0 52.0 293.0 65.0
403.0 567.0 404.0 569.0
409.0 486.0 409.0 486.0
102.0 228.0 102.0 239.0
426.0 513.0 424.0 515.0
294.0 348.0 292.0 353.0
153.0 567.0 155.0 577.0
275.0 174.0 274.0 184.0
39.0 570.0 38.0 583.0
233.0 122.0 232.0 134.0
211.0 517.0 211.0 524.0
422.0 620.0 424.0 622.0
233.0 320.0 232.0 330.0
323.0 226.0 320.0 234.0
116.0 340.0 115.0 355.0
153.0 568.0 155.0 577.0
316.0 346.0 314.0 352.0
420.0 565.0 421.0 566.0
403.0 566.0 404.0 569.0
239.0 426.0 237.0 431.0
239.0 550.0 240.0 557.0
210.0 357.0 209.0 365.0
219.0 479.0 219.0 489.0
441.0 312.0 436.0 314.0
347.0 528.0 347.0 533.0
269.0 377.0 269.0 383.0
240.0 552.0 240.0 558.0
216.0 558.0 217.0 564.0
350.0 403.0 350.0 406.0
324.0 288.0 321.0 293.0
316.0 345.0 314.0 352.0
418.0 437.0 416.0 439.0
102.0 227.0 102.0 239.0
324.0 225.0 321.0 235.0
324.0 287.0 322.0 292.0
410.0 487.0 409.0 486.0
269.0 376.0 269.0 383.0
347.0 527.0 347.0 533.0
459.0 525.0 459.0 527.0
238.0 426.0 237.0 431.0
296.0 51.0 293.0 65.0
302.0 398.0 301.0 403.0
75.0 453.0 79.0 433.0
295.0 348.0 292.0 353.0
41.0 551.0 41.0 565.0
266.0 395.0 267.0 401.0
311.0 330.0 309.0 336.0
210.0 356.0 209.0 364.0
404.0 566.0 404.0 569.0
309.0 330.0 309.0 335.0
310.0 330.0 309.0 335.0
238.0 551.0 239.0 559.0
294.0 347.0 292.0 353.0
152.0 566.0 155.0 577.0
246.0 251.0 245.0 260.0
246.0 252.0 244.0 261.0
316.0 300.0 314.0 307.0
417.0 619.0 418.0 620.0
275.0 173.0 274.0 184.0
270.0 376.0 269.0 383.0
302.0 397.0 301.0 403.0
357.0 616.0 358.0 622.0
238.0 427.0 237.0 431.0
247.0 252.0 246.0 261.0
81.0 411.0 79.0 433.0
273.0 546.0 273.0 554.0
187.0 254.0 187.0 263.0
215.0 557.0 217.0 563.0
219.0 478.0 219.0 489.0
276.0 173.0 274.0 184.0
344.0 375.0 342.0 379.0
220.0 478.0 219.0 489.0
238.0 425.0 237.0 431.0
217.0 558.0 217.0 564.0
402.0 378.0 400.0 382.0
302.0 542.0 303.0 548.0
410.0 484.0 409.0 486.0
418.0 438.0 416.0 439.0
217.0 557.0 217.0 563.0
259.0 510.0 260.0 516.0
211.0 518.0 211.0 525.0
72.0 481.0 71.0 490.0
217.0 556.0 217.0 563.0
153.0 178.0 153.0 190.0
219.0 255.0 217.0 265.0
302.0 399.0 301.0 403.0
260.0 508.0 259.0 516.0
362.0 493.0 362.0 497.0
323.0 227.0 321.0 234.0
239.0 425.0 237.0 431.0
343.0 375.0 342.0 379.0
354.0 436.0 353.0 439.0
372.0 551.0 371.0 555.0
267.0 395.0 267.0 401.0
237.0 426.0 237.0 431.0
260.0 509.0 260.0 516.0
384.0 384.0 382.0 388.0
273.0 547.0 273.0 554.0
373.0 532.0 374.0 537.0
295.0 426.0 295.0 430.0
259.0 509.0 259.0 516.0
267.0 394.0 267.0 401.0
216.0 556.0 217.0 563.0
354.0 435.0 353.0 439.0
276.0 174.0 274.0 184.0
39.0 569.0 39.0 583.0
26.0 210.0 42.0 226.0
343.0 309.0 340.0 315.0
292.0 441.0 292.0 446.0
309.0 329.0 309.0 335.0
151.0 197.0 151.0 208.0
347.0 529.0 347.0 535.0
342.0 309.0 340.0 315.0
303.0 397.0 301.0 403.0
440.0 313.0 436.0 314.0
383.0 384.0 382.0 388.0
270.0 375.0 269.0 383.0
53.0 599.0 53.0 611.0
216.0 557.0 217.0 563.0
268.0 394.0 267.0 401.0
255.0 559.0 254.0 567.0
324.0 227.0 321.0 234.0
317.0 346.0 314.0 352.0
330.0 602.0 331.0 608.0
353.0 435.0 353.0 439.0
237.0 425.0 237.0 431.0
268.0 393.0 267.0 401.0
248.0 252.0 246.0 261.0
416.0 619.0 418.0 620.0
247.0 251.0 245.0 260.0
240.0 443.0 238.0 449.0
384.0 616.0 385.0 621.0
315.0 301.0 314.0 307.0
56.0 552.0 56.0 565.0
310.0 329.0 309.0 335.0
315.0 300.0 314.0 307.0
234.0 512.0 235.0 519.0
151.0 196.0 151.0 208.0
324.0 226.0 321.0 235.0
212.0 518.0 211.0 524.0
317.0 345.0 315.0 352.0
233.0 363.0 233.0 373.0
266.0 394.0 267.0 401.0
240.0 444.0 239.0 450.0
350.0 404.0 350.0 407.0
239.0 444.0 239.0 450.0
384.0 385.0 382.0 388.0
251.0 189.0 249.0 199.0
52.0 599.0 53.0 611.0
343.0 308.0 340.0 315.0
169.0 530.0 169.0 540.0
251.0 48.0 250.0 64.0
303.0 398.0 301.0 403.0
251.0 462.0 251.0 469.0
311.0 329.0 309.0 335.0
168.0 530.0 169.0 540.0
343.0 310.0 340.0 315.0
423.0 553.0 422.0 553.0
385.0 385.0 382.0 388.0
351.0 403.0 351.0 407.0
251.0 190.0 249.0 199.0
238.0 443.0 238.0 449.0
301.0 542.0 302.0 548.0
418.0 439.0 416.0 439.0
342.0 310.0 339.0 315.0
249.0 311.0 247.0 318.0
248.0 312.0 247.0 318.0
402.0 566.0 403.0 570.0
40.0 568.0 39.0 583.0
55.0 552.0 56.0 565.0
363.0 306.0 360.0 310.0
251.0 463.0 251.0 469.0
235.0 512.0 235.0 519.0
373.0 533.0 374.0 537.0
440.0 312.0 436.0 314.0
252.0 49.0 250.0 64.0
293.0 441.0 293.0 447.0
371.0 551.0 371.0 555.0
40.0 569.0 39.0 583.0
238.0 444.0 238.0 450.0
284.0 592.0 285.0 599.0
267.0 393.0 267.0 401.0
302.0 543.0 303.0 548.0
302.0 541.0 303.0 548.0
295.0 425.0 295.0 430.0
414.0 366.0 412.0 367.0
248.0 311.0 247.0 318.0
383.0 385.0 382.0 388.0
224.0 413.0 224.0 416.0
250.0 189.0 249.0 199.0
252.0 48.0 250.0 64.0
344.0 310.0 340.0 315.0
440.0 311.0 436.0 314.0
303.0 399.0 301.0 403.0
351.0 404.0 351.0 407.0
430.0 371.0 427.0 372.0
337.0 481.0 336.0 486.0
359.0 449.0 358.0 453.0
234.0 364.0 233.0 373.0
233.0 364.0 233.0 373.0
53.0 598.0 53.0 611.0
273.0 57.0 269.0 70.0
250.0 462.0 250.0 469.0
415.0 366.0 412.0 367.0
212.0 519.0 211.0 524.0
296.0 426.0 295.0 430.0
295.0 424.0 295.0 430.0
431.0 372.0 427.0 372.0
250.0 188.0 249.0 199.0
52.0 598.0 53.0 611.0
280.0 354.0 278.0 360.0
251.0 188.0 249.0 199.0
296.0 425.0 295.0 430.0
279.0 353.0 278.0 360.0
355.0 590.0 355.0 595.0
168.0 531.0 169.0 540.0
301.0 543.0 302.0 548.0
239.0 443.0 238.0 449.0
431.0 371.0 427.0 372.0
253.0 49.0 250.0 64.0
247.0 312.0 247.0 318.0
292.0 440.0 292.0 446.0
415.0 367.0 412.0 367.0
169.0 531.0 169.0 540.0
284.0 593.0 285.0 599.0
248.0 217.0 246.0 227.0
249.0 217.0 246.0 227.0
253.0 48.0 250.0 64.0
279.0 354.0 278.0 360.0
250.0 461.0 250.0 469.0
374.0 533.0 374.0 537.0
296.0 424.0 295.0 430.0
415.0 365.0 412.0 367.0
234.0 363.0 233.0 373.0
329.0 602.0 331.0 608.0
267.0 465.0 266.0 471.0
247.0 217.0 246.0 227.0
211.0 519.0 211.0 525.0
354.0 590.0 355.0 595.0
278.0 354.0 278.0 360.0
250.0 190.0 249.0 199.0
248.0 216.0 246.0 227.0
379.0 513.0 378.0 517.0
292.0 238.0 290.0 246.0
364.0 306.0 360.0 310.0
177.0 312.0 175.0 327.0
249.0 216.0 246.0 227.0
292.0 237.0 290.0 246.0
353.0 589.0 355.0 595.0
264.0 435.0 262.0 442.0
378.0 513.0 377.0 517.0
266.0 464.0 266.0 471.0
240.0 393.0 241.0 399.0
240.0 392.0 241.0 399.0
242.0 392.0 241.0 399.0
330.0 70.0 327.0 83.0
331.0 71.0 327.0 83.0
324.0 422.0 324.0 427.0
241.0 392.0 241.0 399.0
241.0 393.0 241.0 399.0
355.0 589.0 355.0 595.0
330.0 71.0 327.0 83.0
331.0 70.0 327.0 83.0
266.0 465.0 266.0 471.0
354.0 589.0 355.0 595.0
222.0 272.0 216.0 267.0
221.0 272.0 216.0 267.0
265.0 465.0 266.0 471.0
177.0 311.0 175.0 327.0
222.0 273.0 216.0 267.0
221.0 273.0 216.0 267.0
427.0 387.0 425.0 389.0
324.0 423.0 324.0 427.0
222.0 274.0 216.0 267.0
427.0 386.0 425.0 388.0
209.0 391.0 204.0 397.0
278.0 35.0 275.0 49.0
221.0 274.0 216.0 267.0
91.0 335.0 85.0 388.0
279.0 34.0 275.0 49.0
278.0 34.0 275.0 49.0
91.0 334.0 85.0 388.0
298.0 391.0 300.0 403.0
218.0 445.0 207.0 443.0
184.0 426.0 184.0 417.0
184.0 424.0 184.0 417.0
389.0 370.0 382.0 387.0
184.0 425.0 184.0 417.0
