81.0 177.0 97.0 189.0
80.0 177.0 97.0 189.0
80.0 176.0 97.0 189.0
81.0 176.0 97.0 189.0
97.0 56.0 110.0 70.0
97.0 55.0 110.0 69.0
96.0 55.0 110.0 69.0
340.0 361.0 354.0 363.0
377.0 627.0 398.0 630.0
443.0 38.0 450.0 41.0
277.0 582.0 299.0 587.0
320.0 538.0 338.0 541.0
443.0 39.0 450.0 41.0
339.0 360.0 354.0 362.0
376.0 627.0 398.0 630.0
340.0 360.0 354.0 362.0
162.0 195.0 175.0 205.0
377.0 626.0 398.0 630.0
321.0 538.0 338.0 541.0
79.0 176.0 96.0 189.0
258.0 310.0 273.0 315.0
443.0 40.0 450.0 41.0
320.0 539.0 338.0 541.0
319.0 538.0 338.0 541.0
320.0 537.0 338.0 541.0
376.0 626.0 398.0 630.0
200.0 352.0 216.0 358.0
287.0 178.0 299.0 184.0
89.0 123.0 103.0 137.0
70.0 484.0 90.0 491.0
199.0 353.0 216.0 358.0
253.0 300.0 267.0 304.0
254.0 300.0 267.0 304.0
321.0 539.0 338.0 541.0
276.0 583.0 298.0 588.0
442.0 37.0 450.0 41.0
277.0 583.0 299.0 587.0
288.0 177.0 299.0 184.0
88.0 124.0 103.0 138.0
289.0 282.0 303.0 285.0
89.0 124.0 103.0 138.0
276.0 582.0 298.0 587.0
69.0 484.0 90.0 491.0
278.0 583.0 299.0 587.0
207.0 553.0 227.0 558.0
442.0 38.0 450.0 41.0
172.0 73.0 183.0 84.0
163.0 195.0 175.0 205.0
209.0 554.0 228.0 559.0
278.0 582.0 299.0 587.0
287.0 177.0 299.0 184.0
321.0 537.0 338.0 541.0
88.0 123.0 104.0 138.0
208.0 318.0 224.0 322.0
69.0 483.0 90.0 491.0
162.0 196.0 175.0 205.0
164.0 195.0 175.0 205.0
209.0 318.0 224.0 322.0
208.0 554.0 228.0 559.0
172.0 72.0 183.0 84.0
253.0 299.0 267.0 304.0
257.0 310.0 272.0 315.0
201.0 353.0 216.0 358.0
70.0 483.0 90.0 491.0
208.0 319.0 224.0 322.0
224.0 112.0 237.0 122.0
209.0 319.0 224.0 322.0
208.0 552.0 227.0 558.0
442.0 40.0 450.0 41.0
331.0 211.0 344.0 213.0
208.0 553.0 228.0 559.0
288.0 178.0 301.0 184.0
35.0 153.0 49.0 168.0
289.0 281.0 303.0 285.0
171.0 72.0 181.0 85.0
171.0 73.0 181.0 86.0
200.0 353.0 216.0 358.0
332.0 211.0 345.0 214.0
187.0 271.0 201.0 278.0
289.0 280.0 303.0 285.0
141.0 564.0 160.0 568.0
171.0 74.0 181.0 86.0
87.0 123.0 103.0 138.0
225.0 112.0 238.0 122.0
35.0 152.0 49.0 168.0
261.0 472.0 281.0 477.0
252.0 299.0 264.0 303.0
172.0 74.0 183.0 85.0
164.0 196.0 175.0 205.0
210.0 553.0 228.0 559.0
294.0 5.0 301.0 15.0
331.0 210.0 344.0 213.0
294.0 6.0 301.0 15.0
322.0 538.0 338.0 541.0
295.0 6.0 301.0 15.0
226.0 112.0 238.0 123.0
34.0 153.0 49.0 168.0
352.0 351.0 366.0 352.0
289.0 178.0 301.0 184.0
295.0 5.0 301.0 15.0
420.0 130.0 428.0 132.0
72.0 513.0 91.0 522.0
188.0 271.0 202.0 278.0
442.0 39.0 450.0 41.0
207.0 552.0 227.0 558.0
348.0 329.0 363.0 330.0
262.0 472.0 281.0 477.0
34.0 151.0 49.0 168.0
261.0 471.0 281.0 477.0
262.0 267.0 276.0 273.0
170.0 73.0 181.0 86.0
268.0 530.0 286.0 536.0
381.0 302.0 396.0 302.0
261.0 268.0 276.0 273.0
209.0 553.0 228.0 559.0
208.0 317.0 224.0 322.0
189.0 271.0 202.0 278.0
196.0 612.0 225.0 615.0
316.0 420.0 333.0 422.0
226.0 113.0 238.0 123.0
302.0 59.0 312.0 66.0
268.0 529.0 286.0 536.0
288.0 179.0 301.0 184.0
315.0 421.0 333.0 422.0
201.0 126.0 211.0 137.0
270.0 446.0 287.0 451.0
267.0 530.0 286.0 536.0
141.0 563.0 160.0 568.0
246.0 409.0 262.0 414.0
353.0 350.0 367.0 352.0
78.0 471.0 99.0 479.0
225.0 113.0 238.0 123.0
290.0 282.0 303.0 285.0
247.0 409.0 262.0 414.0
269.0 446.0 286.0 451.0
200.0 126.0 211.0 137.0
201.0 127.0 212.0 137.0
315.0 420.0 333.0 422.0
79.0 473.0 99.0 479.0
290.0 281.0 303.0 285.0
34.0 152.0 49.0 168.0
349.0 329.0 363.0 330.0
352.0 350.0 366.0 352.0
80.0 472.0 99.0 479.0
100.0 608.0 123.0 613.0
195.0 157.0 206.0 165.0
195.0 156.0 206.0 165.0
246.0 410.0 262.0 414.0
163.0 196.0 175.0 205.0
296.0 6.0 303.0 17.0
268.0 447.0 286.0 451.0
441.0 39.0 450.0 41.0
193.0 400.0 211.0 404.0
332.0 210.0 344.0 213.0
270.0 447.0 287.0 451.0
262.0 471.0 281.0 477.0
290.0 280.0 303.0 285.0
268.0 528.0 286.0 536.0
79.0 472.0 99.0 479.0
285.0 422.0 304.0 425.0
441.0 38.0 450.0 41.0
195.0 158.0 206.0 165.0
71.0 513.0 91.0 522.0
78.0 473.0 99.0 479.0
349.0 328.0 363.0 330.0
245.0 410.0 262.0 414.0
348.0 328.0 363.0 330.0
209.0 552.0 228.0 559.0
289.0 179.0 301.0 184.0
267.0 529.0 286.0 536.0
78.0 472.0 99.0 479.0
101.0 608.0 123.0 613.0
217.0 321.0 232.0 325.0
19.0 267.0 36.0 279.0
194.0 401.0 211.0 404.0
232.0 506.0 249.0 512.0
194.0 400.0 211.0 404.0
261.0 267.0 276.0 273.0
172.0 410.0 189.0 414.0
193.0 401.0 211.0 404.0
195.0 159.0 206.0 165.0
382.0 302.0 396.0 302.0
314.0 421.0 333.0 422.0
347.0 329.0 363.0 330.0
347.0 328.0 363.0 330.0
146.0 411.0 163.0 416.0
266.0 530.0 286.0 536.0
184.0 530.0 203.0 536.0
171.0 409.0 189.0 413.0
269.0 447.0 286.0 451.0
79.0 471.0 99.0 479.0
195.0 611.0 208.0 616.0
346.0 328.0 363.0 330.0
146.0 412.0 163.0 416.0
285.0 423.0 304.0 425.0
244.0 365.0 259.0 370.0
101.0 607.0 123.0 613.0
196.0 611.0 225.0 615.0
178.0 459.0 195.0 466.0
18.0 268.0 36.0 279.0
19.0 268.0 36.0 279.0
315.0 419.0 333.0 422.0
192.0 401.0 211.0 404.0
233.0 506.0 249.0 511.0
231.0 506.0 249.0 512.0
196.0 159.0 206.0 165.0
291.0 281.0 303.0 285.0
266.0 529.0 286.0 536.0
267.0 528.0 286.0 536.0
263.0 471.0 281.0 477.0
175.0 318.0 189.0 325.0
260.0 268.0 276.0 273.0
19.0 269.0 36.0 281.0
246.0 408.0 262.0 414.0
189.0 241.0 203.0 248.0
194.0 509.0 213.0 513.0
194.0 545.0 213.0 551.0
265.0 529.0 286.0 536.0
182.0 529.0 203.0 536.0
182.0 531.0 203.0 536.0
173.0 410.0 189.0 414.0
148.0 351.0 163.0 357.0
182.0 530.0 203.0 536.0
209.0 21.0 220.0 33.0
148.0 350.0 163.0 357.0
195.0 401.0 211.0 404.0
147.0 413.0 163.0 416.0
209.0 22.0 220.0 33.0
190.0 106.0 200.0 117.0
367.0 408.0 385.0 411.0
245.0 409.0 262.0 414.0
314.0 420.0 333.0 422.0
192.0 195.0 205.0 204.0
231.0 505.0 248.0 511.0
382.0 301.0 396.0 302.0
371.0 528.0 391.0 530.0
18.0 267.0 36.0 279.0
183.0 529.0 203.0 536.0
226.0 437.0 243.0 443.0
228.0 404.0 242.0 411.0
102.0 607.0 123.0 613.0
193.0 195.0 205.0 204.0
147.0 411.0 163.0 416.0
172.0 409.0 189.0 414.0
232.0 505.0 249.0 511.0
194.0 510.0 213.0 513.0
183.0 531.0 203.0 536.0
183.0 530.0 203.0 536.0
266.0 528.0 286.0 536.0
370.0 528.0 391.0 530.0
193.0 509.0 213.0 513.0
315.0 213.0 330.0 222.0
149.0 351.0 163.0 357.0
149.0 350.0 163.0 357.0
165.0 475.0 183.0 480.0
154.0 392.0 173.0 397.0
173.0 409.0 189.0 414.0
271.0 629.0 299.0 629.0
166.0 475.0 184.0 480.0
192.0 196.0 205.0 204.0
102.0 608.0 123.0 613.0
167.0 475.0 184.0 480.0
225.0 437.0 243.0 443.0
245.0 365.0 259.0 370.0
192.0 400.0 211.0 404.0
193.0 510.0 213.0 513.0
147.0 412.0 163.0 416.0
102.0 609.0 123.0 613.0
181.0 530.0 203.0 536.0
245.0 366.0 259.0 370.0
336.0 314.0 353.0 317.0
228.0 405.0 242.0 411.0
190.0 105.0 200.0 117.0
188.0 106.0 200.0 116.0
314.0 213.0 330.0 222.0
366.0 408.0 385.0 411.0
18.0 269.0 36.0 281.0
193.0 196.0 205.0 204.0
193.0 544.0 213.0 551.0
260.0 267.0 276.0 273.0
369.0 528.0 391.0 530.0
245.0 408.0 262.0 414.0
209.0 20.0 220.0 33.0
370.0 529.0 391.0 530.0
189.0 106.0 200.0 116.0
366.0 407.0 385.0 411.0
229.0 405.0 242.0 411.0
148.0 412.0 163.0 416.0
244.0 409.0 259.0 414.0
193.0 546.0 213.0 551.0
210.0 21.0 220.0 33.0
226.0 438.0 243.0 443.0
225.0 438.0 243.0 443.0
103.0 608.0 123.0 613.0
189.0 105.0 200.0 116.0
337.0 470.0 352.0 472.0
295.0 519.0 314.0 523.0
193.0 545.0 213.0 551.0
181.0 529.0 203.0 536.0
167.0 474.0 184.0 480.0
295.0 520.0 314.0 523.0
210.0 20.0 220.0 33.0
229.0 406.0 242.0 411.0
228.0 406.0 242.0 411.0
166.0 474.0 184.0 480.0
429.0 349.0 446.0 348.0
192.0 546.0 213.0 551.0
296.0 520.0 314.0 523.0
398.0 139.0 427.0 132.0
314.0 212.0 330.0 222.0
191.0 400.0 211.0 404.0
296.0 519.0 314.0 523.0
336.0 313.0 353.0 317.0
297.0 519.0 314.0 523.0
192.0 545.0 213.0 551.0
165.0 474.0 182.0 479.0
297.0 520.0 314.0 523.0
189.0 104.0 200.0 116.0
16.0 149.0 29.0 162.0
188.0 105.0 200.0 116.0
315.0 212.0 331.0 222.0
270.0 630.0 299.0 629.0
271.0 630.0 299.0 629.0
165.0 473.0 182.0 479.0
231.0 611.0 244.0 615.0
181.0 353.0 200.0 360.0
428.0 349.0 446.0 348.0
188.0 104.0 200.0 115.0
39.0 277.0 57.0 288.0
24.0 603.0 45.0 613.0
232.0 611.0 259.0 616.0
15.0 149.0 28.0 161.0
228.0 548.0 248.0 554.0
190.0 279.0 203.0 278.0
25.0 604.0 45.0 613.0
24.0 231.0 40.0 245.0
271.0 631.0 299.0 629.0
24.0 232.0 40.0 245.0
16.0 148.0 29.0 162.0
23.0 232.0 40.0 245.0
182.0 353.0 200.0 360.0
270.0 631.0 299.0 629.0
23.0 231.0 40.0 245.0
23.0 230.0 40.0 245.0
25.0 603.0 45.0 613.0
26.0 603.0 45.0 613.0
22.0 232.0 40.0 245.0
15.0 148.0 28.0 161.0
427.0 349.0 446.0 348.0
22.0 231.0 40.0 245.0
417.0 506.0 440.0 506.0
417.0 507.0 440.0 506.0
173.0 429.0 198.0 435.0
417.0 508.0 440.0 506.0
173.0 430.0 198.0 435.0
416.0 506.0 440.0 506.0
246.0 607.0 259.0 616.0
8.0 336.0 26.0 350.0
8.0 337.0 26.0 350.0
172.0 57.0 182.0 84.0
416.0 507.0 440.0 506.0
416.0 508.0 440.0 506.0
172.0 430.0 198.0 435.0
324.0 586.0 351.0 596.0
172.0 429.0 198.0 435.0
255.0 240.0 260.0 251.0
