146.0 578.0 131.0 576.0
123.0 562.0 108.0 561.0
274.0 465.0 257.0 454.0
275.0 465.0 258.0 454.0
256.0 446.0 239.0 435.0
145.0 577.0 131.0 576.0
274.0 466.0 257.0 454.0
146.0 577.0 131.0 576.0
256.0 447.0 240.0 436.0
191.0 543.0 176.0 538.0
273.0 465.0 257.0 453.0
145.0 578.0 131.0 576.0
256.0 445.0 239.0 435.0
373.0 93.0 347.0 89.0
257.0 446.0 240.0 436.0
78.0 377.0 59.0 377.0
372.0 93.0 347.0 89.0
122.0 561.0 108.0 561.0
93.0 473.0 74.0 473.0
123.0 561.0 108.0 561.0
162.0 292.0 142.0 286.0
377.0 515.0 360.0 505.0
85.0 538.0 70.0 537.0
373.0 92.0 347.0 89.0
277.0 99.0 252.0 92.0
273.0 466.0 256.0 455.0
93.0 472.0 74.0 473.0
250.0 459.0 234.0 447.0
250.0 458.0 234.0 447.0
375.0 515.0 360.0 505.0
278.0 97.0 252.0 92.0
79.0 377.0 59.0 377.0
145.0 576.0 131.0 576.0
86.0 538.0 70.0 537.0
80.0 376.0 60.0 376.0
376.0 515.0 360.0 505.0
252.0 414.0 234.0 404.0
252.0 415.0 234.0 404.0
278.0 98.0 254.0 93.0
191.0 542.0 176.0 538.0
275.0 466.0 258.0 454.0
218.0 159.0 195.0 154.0
277.0 98.0 254.0 93.0
86.0 471.0 68.0 471.0
210.0 578.0 196.0 572.0
376.0 514.0 360.0 505.0
375.0 514.0 360.0 505.0
257.0 445.0 240.0 436.0
80.0 377.0 59.0 377.0
78.0 376.0 59.0 377.0
260.0 278.0 241.0 270.0
277.0 97.0 252.0 92.0
87.0 470.0 69.0 471.0
251.0 459.0 234.0 448.0
124.0 561.0 109.0 561.0
190.0 543.0 175.0 538.0
65.0 347.0 46.0 349.0
150.0 523.0 133.0 520.0
249.0 458.0 233.0 448.0
262.0 278.0 241.0 269.0
372.0 92.0 347.0 89.0
252.0 413.0 234.0 403.0
79.0 376.0 59.0 377.0
86.0 539.0 70.0 537.0
87.0 471.0 68.0 471.0
251.0 414.0 234.0 404.0
213.0 620.0 200.0 620.0
148.0 449.0 130.0 446.0
144.0 578.0 131.0 576.0
218.0 160.0 195.0 154.0
377.0 514.0 360.0 505.0
261.0 278.0 241.0 269.0
212.0 620.0 199.0 620.0
178.0 567.0 163.0 562.0
263.0 278.0 241.0 270.0
116.0 462.0 98.0 462.0
84.0 539.0 69.0 537.0
78.0 378.0 59.0 377.0
251.0 415.0 234.0 404.0
178.0 566.0 163.0 562.0
251.0 458.0 234.0 447.0
178.0 568.0 163.0 562.0
189.0 615.0 175.0 611.0
150.0 522.0 133.0 520.0
79.0 378.0 59.0 377.0
100.0 488.0 82.0 488.0
214.0 620.0 200.0 620.0
212.0 619.0 200.0 620.0
144.0 577.0 131.0 576.0
250.0 457.0 234.0 447.0
190.0 542.0 175.0 538.0
85.0 539.0 70.0 537.0
60.0 572.0 43.0 575.0
99.0 562.0 83.0 560.0
278.0 99.0 254.0 93.0
100.0 489.0 82.0 488.0
84.0 538.0 69.0 537.0
213.0 619.0 200.0 620.0
148.0 448.0 130.0 446.0
99.0 488.0 82.0 488.0
152.0 523.0 134.0 520.0
151.0 523.0 134.0 520.0
78.0 597.0 63.0 597.0
104.0 617.0 86.0 617.0
94.0 473.0 74.0 473.0
254.0 255.0 231.0 245.0
146.0 324.0 126.0 320.0
82.0 453.0 65.0 455.0
251.0 413.0 234.0 404.0
250.0 414.0 233.0 404.0
322.0 241.0 299.0 230.0
151.0 522.0 134.0 520.0
179.0 568.0 164.0 563.0
428.0 476.0 408.0 462.0
83.0 453.0 65.0 455.0
77.0 597.0 63.0 597.0
165.0 327.0 143.0 322.0
113.0 507.0 96.0 506.0
113.0 506.0 96.0 506.0
149.0 449.0 130.0 446.0
206.0 416.0 189.0 409.0
86.0 349.0 66.0 349.0
322.0 242.0 299.0 230.0
321.0 241.0 299.0 230.0
179.0 567.0 164.0 563.0
217.0 159.0 195.0 154.0
59.0 571.0 43.0 574.0
105.0 617.0 86.0 617.0
85.0 350.0 65.0 349.0
149.0 448.0 131.0 445.0
76.0 597.0 63.0 597.0
113.0 505.0 96.0 506.0
183.0 269.0 161.0 263.0
112.0 506.0 96.0 506.0
60.0 571.0 43.0 574.0
146.0 325.0 126.0 320.0
99.0 489.0 82.0 488.0
156.0 618.0 143.0 611.0
429.0 477.0 409.0 463.0
123.0 303.0 101.0 300.0
81.0 453.0 65.0 455.0
161.0 292.0 142.0 286.0
174.0 192.0 148.0 187.0
158.0 111.0 137.0 108.0
156.0 619.0 143.0 611.0
106.0 617.0 86.0 617.0
253.0 254.0 231.0 245.0
182.0 269.0 161.0 263.0
66.0 346.0 47.0 348.0
82.0 454.0 65.0 455.0
150.0 450.0 130.0 446.0
73.0 514.0 54.0 516.0
66.0 347.0 47.0 348.0
123.0 302.0 101.0 300.0
112.0 505.0 96.0 506.0
195.0 123.0 171.0 118.0
73.0 515.0 54.0 516.0
165.0 328.0 143.0 322.0
321.0 242.0 299.0 230.0
114.0 506.0 96.0 506.0
182.0 270.0 161.0 263.0
71.0 515.0 54.0 516.0
145.0 324.0 126.0 320.0
59.0 572.0 43.0 575.0
72.0 515.0 54.0 516.0
59.0 573.0 43.0 575.0
196.0 124.0 171.0 118.0
429.0 476.0 409.0 463.0
429.0 478.0 408.0 463.0
152.0 522.0 134.0 520.0
65.0 348.0 46.0 349.0
78.0 598.0 63.0 597.0
112.0 507.0 96.0 506.0
206.0 415.0 186.0 408.0
72.0 516.0 54.0 516.0
149.0 450.0 130.0 446.0
67.0 347.0 47.0 349.0
321.0 243.0 299.0 230.0
83.0 538.0 69.0 537.0
152.0 521.0 134.0 520.0
214.0 619.0 200.0 620.0
195.0 124.0 171.0 118.0
58.0 571.0 43.0 574.0
430.0 478.0 409.0 463.0
76.0 598.0 63.0 597.0
98.0 488.0 82.0 488.0
87.0 349.0 66.0 349.0
123.0 364.0 105.0 360.0
122.0 302.0 101.0 300.0
66.0 348.0 47.0 348.0
153.0 522.0 134.0 520.0
77.0 598.0 63.0 597.0
258.0 284.0 241.0 270.0
67.0 348.0 47.0 349.0
145.0 325.0 126.0 320.0
88.0 349.0 66.0 349.0
181.0 269.0 161.0 263.0
173.0 191.0 147.0 186.0
205.0 416.0 186.0 408.0
86.0 350.0 66.0 349.0
87.0 350.0 66.0 349.0
151.0 448.0 131.0 445.0
254.0 254.0 231.0 245.0
166.0 327.0 143.0 322.0
150.0 448.0 131.0 445.0
173.0 192.0 148.0 187.0
81.0 454.0 65.0 455.0
75.0 598.0 63.0 597.0
214.0 271.0 190.0 261.0
150.0 449.0 130.0 446.0
71.0 514.0 54.0 516.0
58.0 572.0 43.0 575.0
72.0 514.0 54.0 516.0
205.0 415.0 186.0 408.0
88.0 350.0 66.0 349.0
58.0 573.0 43.0 575.0
158.0 110.0 137.0 108.0
322.0 243.0 299.0 230.0
191.0 457.0 174.0 450.0
98.0 489.0 82.0 488.0
86.0 351.0 65.0 349.0
204.0 415.0 186.0 408.0
166.0 328.0 144.0 322.0
204.0 416.0 186.0 408.0
430.0 477.0 409.0 463.0
205.0 414.0 186.0 408.0
204.0 414.0 186.0 408.0
173.0 193.0 148.0 187.0
87.0 351.0 66.0 349.0
203.0 416.0 186.0 408.0
430.0 476.0 409.0 463.0
151.0 449.0 131.0 445.0
203.0 415.0 186.0 408.0
111.0 272.0 91.0 271.0
190.0 594.0 179.0 594.0
229.0 325.0 211.0 318.0
215.0 271.0 190.0 261.0
230.0 325.0 211.0 317.0
295.0 614.0 281.0 601.0
228.0 325.0 211.0 318.0
80.0 454.0 65.0 455.0
165.0 411.0 145.0 407.0
50.0 594.0 34.0 596.0
230.0 326.0 211.0 318.0
172.0 191.0 147.0 186.0
295.0 615.0 281.0 601.0
296.0 614.0 282.0 601.0
122.0 364.0 104.0 361.0
47.0 614.0 39.0 613.0
126.0 308.0 102.0 301.0
50.0 592.0 34.0 596.0
203.0 414.0 186.0 408.0
189.0 594.0 179.0 594.0
50.0 593.0 34.0 596.0
296.0 615.0 282.0 601.0
49.0 593.0 34.0 596.0
169.0 389.0 149.0 383.0
170.0 389.0 149.0 383.0
46.0 613.0 39.0 613.0
60.0 294.0 40.0 297.0
172.0 192.0 148.0 187.0
40.0 549.0 24.0 553.0
59.0 294.0 40.0 297.0
51.0 593.0 34.0 596.0
188.0 593.0 179.0 594.0
165.0 410.0 146.0 406.0
59.0 293.0 40.0 297.0
189.0 593.0 179.0 594.0
60.0 293.0 40.0 297.0
229.0 326.0 211.0 318.0
29.0 575.0 13.0 578.0
188.0 594.0 179.0 594.0
228.0 326.0 211.0 318.0
227.0 325.0 211.0 318.0
127.0 308.0 102.0 299.0
30.0 575.0 13.0 578.0
51.0 360.0 32.0 363.0
41.0 550.0 24.0 553.0
41.0 549.0 24.0 553.0
171.0 217.0 150.0 212.0
85.0 221.0 63.0 222.0
42.0 550.0 24.0 553.0
86.0 221.0 63.0 222.0
180.0 611.0 175.0 612.0
42.0 549.0 24.0 553.0
86.0 220.0 63.0 222.0
47.0 249.0 29.0 249.0
203.0 250.0 189.0 245.0
120.0 222.0 89.0 226.0
112.0 326.0 85.0 315.0
205.0 605.0 199.0 620.0
113.0 325.0 85.0 315.0
46.0 249.0 29.0 249.0
46.0 248.0 29.0 249.0
179.0 611.0 175.0 612.0
87.0 221.0 63.0 222.0
34.0 524.0 17.0 528.0
202.0 251.0 189.0 245.0
112.0 325.0 85.0 315.0
87.0 220.0 63.0 222.0
65.0 604.0 39.0 612.0
46.0 250.0 29.0 249.0
149.0 362.0 124.0 358.0
31.0 542.0 12.0 546.0
12.0 318.0 3.0 320.0
202.0 250.0 189.0 245.0
35.0 524.0 17.0 528.0
121.0 222.0 89.0 226.0
66.0 604.0 39.0 612.0
13.0 318.0 3.0 320.0
113.0 326.0 85.0 315.0
24.0 198.0 2.0 201.0
36.0 523.0 26.0 522.0
45.0 250.0 29.0 249.0
47.0 454.0 28.0 455.0
23.0 198.0 2.0 201.0
83.0 268.0 59.0 279.0
172.0 116.0 139.0 109.0
34.0 523.0 17.0 528.0
172.0 115.0 139.0 109.0
35.0 523.0 17.0 528.0
36.0 524.0 26.0 522.0
23.0 199.0 2.0 201.0
114.0 325.0 85.0 315.0
112.0 342.0 83.0 350.0
25.0 199.0 2.0 201.0
45.0 248.0 29.0 249.0
112.0 343.0 83.0 350.0
18.0 260.0 2.0 201.0
47.0 453.0 28.0 455.0
11.0 318.0 3.0 320.0
24.0 199.0 2.0 201.0
18.0 261.0 2.0 201.0
114.0 326.0 85.0 315.0
45.0 249.0 29.0 249.0
25.0 197.0 2.0 201.0
19.0 259.0 2.0 201.0
44.0 248.0 29.0 249.0
25.0 198.0 2.0 201.0
48.0 454.0 28.0 455.0
44.0 249.0 29.0 249.0
48.0 453.0 28.0 455.0
19.0 260.0 2.0 201.0
24.0 197.0 2.0 201.0
25.0 425.0 12.0 430.0
113.0 342.0 83.0 350.0
173.0 115.0 139.0 109.0
19.0 261.0 2.0 201.0
113.0 343.0 83.0 350.0
82.0 268.0 59.0 279.0
20.0 259.0 3.0 202.0
20.0 260.0 3.0 202.0
151.0 108.0 137.0 108.0
105.0 594.0 76.0 601.0
106.0 594.0 76.0 601.0
84.0 267.0 59.0 279.0
107.0 594.0 76.0 601.0
22.0 554.0 12.0 546.0
105.0 593.0 76.0 601.0
106.0 593.0 76.0 601.0
