179.0 61.0 179.0 106.0
328.0 237.0 327.0 277.0
179.0 62.0 179.0 106.0
180.0 60.0 179.0 106.0
143.0 234.0 142.0 275.0
29.0 143.0 30.0 188.0
30.0 144.0 30.0 188.0
143.0 235.0 143.0 276.0
181.0 61.0 180.0 105.0
29.0 144.0 30.0 188.0
186.0 243.0 186.0 285.0
180.0 61.0 180.0 105.0
28.0 142.0 30.0 188.0
30.0 143.0 31.0 189.0
142.0 235.0 142.0 275.0
29.0 142.0 30.0 188.0
28.0 143.0 30.0 188.0
181.0 62.0 180.0 105.0
181.0 60.0 180.0 105.0
186.0 242.0 186.0 284.0
163.0 93.0 162.0 140.0
29.0 141.0 31.0 187.0
180.0 62.0 180.0 105.0
328.0 238.0 326.0 277.0
207.0 250.0 206.0 291.0
187.0 244.0 186.0 286.0
30.0 142.0 31.0 187.0
81.0 476.0 78.0 521.0
87.0 498.0 81.0 546.0
187.0 243.0 186.0 285.0
187.0 242.0 186.0 285.0
163.0 92.0 162.0 140.0
240.0 225.0 239.0 268.0
186.0 244.0 186.0 286.0
200.0 365.0 199.0 406.0
163.0 91.0 162.0 140.0
189.0 94.0 187.0 141.0
197.0 149.0 196.0 194.0
201.0 364.0 199.0 406.0
143.0 233.0 142.0 275.0
231.0 194.0 228.0 236.0
189.0 93.0 188.0 140.0
217.0 96.0 214.0 141.0
47.0 347.0 45.0 391.0
190.0 94.0 188.0 140.0
47.0 345.0 45.0 390.0
231.0 193.0 228.0 236.0
231.0 192.0 228.0 236.0
48.0 347.0 45.0 391.0
82.0 476.0 78.0 521.0
230.0 192.0 228.0 235.0
240.0 226.0 239.0 268.0
81.0 478.0 78.0 523.0
142.0 234.0 142.0 275.0
85.0 499.0 81.0 546.0
207.0 249.0 206.0 291.0
86.0 498.0 80.0 545.0
188.0 243.0 187.0 285.0
137.0 195.0 136.0 237.0
22.0 378.0 18.0 420.0
47.0 344.0 45.0 390.0
87.0 499.0 81.0 546.0
208.0 250.0 206.0 291.0
240.0 224.0 239.0 268.0
85.0 500.0 81.0 546.0
298.0 92.0 293.0 135.0
224.0 164.0 222.0 206.0
197.0 150.0 196.0 194.0
230.0 193.0 228.0 236.0
136.0 195.0 135.0 238.0
217.0 97.0 214.0 141.0
198.0 149.0 196.0 193.0
47.0 346.0 45.0 390.0
277.0 240.0 275.0 282.0
208.0 249.0 206.0 291.0
198.0 148.0 196.0 193.0
48.0 346.0 45.0 390.0
80.0 477.0 78.0 523.0
143.0 137.0 143.0 180.0
86.0 499.0 81.0 546.0
201.0 365.0 200.0 406.0
187.0 245.0 186.0 286.0
80.0 476.0 78.0 521.0
190.0 93.0 188.0 140.0
162.0 91.0 162.0 138.0
74.0 350.0 68.0 396.0
46.0 395.0 42.0 437.0
55.0 503.0 49.0 550.0
86.0 500.0 81.0 546.0
198.0 150.0 196.0 194.0
158.0 240.0 157.0 283.0
273.0 402.0 271.0 451.0
298.0 91.0 293.0 135.0
162.0 92.0 162.0 140.0
81.0 477.0 78.0 522.0
21.0 353.0 19.0 396.0
297.0 92.0 293.0 135.0
46.0 345.0 45.0 390.0
83.0 477.0 78.0 523.0
142.0 233.0 142.0 275.0
22.0 377.0 18.0 420.0
45.0 395.0 41.0 436.0
159.0 240.0 159.0 283.0
73.0 351.0 68.0 396.0
188.0 244.0 186.0 286.0
81.0 475.0 78.0 521.0
137.0 196.0 136.0 238.0
345.0 96.0 339.0 137.0
241.0 226.0 239.0 268.0
159.0 241.0 159.0 283.0
48.0 345.0 45.0 390.0
297.0 93.0 292.0 137.0
82.0 477.0 78.0 522.0
298.0 93.0 292.0 137.0
136.0 196.0 135.0 238.0
118.0 155.0 118.0 200.0
308.0 237.0 307.0 281.0
163.0 90.0 162.0 138.0
276.0 240.0 275.0 282.0
192.0 465.0 191.0 512.0
23.0 377.0 18.0 420.0
56.0 503.0 49.0 550.0
82.0 478.0 78.0 523.0
158.0 239.0 157.0 283.0
193.0 465.0 191.0 512.0
192.0 464.0 191.0 512.0
159.0 239.0 159.0 283.0
162.0 90.0 162.0 138.0
297.0 91.0 293.0 135.0
143.0 133.0 143.0 178.0
45.0 393.0 41.0 436.0
23.0 378.0 18.0 420.0
215.0 182.0 214.0 225.0
46.0 394.0 42.0 437.0
241.0 225.0 239.0 268.0
46.0 393.0 42.0 437.0
45.0 394.0 41.0 436.0
118.0 154.0 118.0 200.0
216.0 182.0 214.0 225.0
158.0 241.0 157.0 283.0
298.0 90.0 293.0 135.0
276.0 241.0 275.0 282.0
215.0 183.0 214.0 225.0
193.0 464.0 191.0 512.0
136.0 197.0 136.0 238.0
142.0 133.0 143.0 178.0
75.0 351.0 68.0 396.0
142.0 134.0 143.0 178.0
74.0 351.0 68.0 396.0
159.0 238.0 159.0 281.0
117.0 156.0 118.0 202.0
137.0 197.0 136.0 238.0
83.0 478.0 78.0 523.0
143.0 134.0 143.0 178.0
216.0 183.0 214.0 225.0
138.0 196.0 136.0 238.0
137.0 198.0 136.0 238.0
143.0 136.0 143.0 179.0
316.0 216.0 314.0 257.0
117.0 155.0 118.0 200.0
241.0 224.0 239.0 268.0
90.0 431.0 86.0 475.0
317.0 213.0 314.0 257.0
201.0 366.0 200.0 406.0
142.0 135.0 143.0 179.0
22.0 353.0 19.0 396.0
238.0 463.0 238.0 508.0
316.0 214.0 314.0 257.0
56.0 502.0 49.0 550.0
142.0 137.0 143.0 179.0
79.0 436.0 74.0 481.0
272.0 401.0 271.0 451.0
143.0 135.0 142.0 180.0
309.0 237.0 307.0 281.0
91.0 431.0 86.0 475.0
238.0 462.0 238.0 508.0
297.0 90.0 293.0 135.0
117.0 153.0 118.0 200.0
345.0 97.0 339.0 137.0
57.0 503.0 49.0 550.0
142.0 136.0 143.0 179.0
375.0 49.0 370.0 92.0
316.0 213.0 314.0 257.0
90.0 432.0 86.0 475.0
138.0 197.0 136.0 238.0
156.0 256.0 155.0 298.0
273.0 401.0 272.0 452.0
22.0 355.0 19.0 396.0
156.0 257.0 154.0 298.0
21.0 354.0 19.0 396.0
115.0 505.0 110.0 558.0
20.0 354.0 19.0 396.0
317.0 215.0 314.0 257.0
316.0 215.0 314.0 257.0
79.0 435.0 74.0 481.0
155.0 257.0 154.0 298.0
117.0 154.0 118.0 200.0
317.0 214.0 314.0 257.0
376.0 49.0 370.0 92.0
155.0 258.0 155.0 300.0
21.0 355.0 19.0 396.0
156.0 258.0 155.0 300.0
155.0 256.0 155.0 298.0
375.0 50.0 370.0 93.0
22.0 354.0 19.0 396.0
48.0 362.0 44.0 403.0
48.0 363.0 44.0 403.0
91.0 432.0 86.0 475.0
12.0 429.0 8.0 475.0
49.0 363.0 44.0 403.0
78.0 436.0 74.0 481.0
122.0 50.0 123.0 97.0
13.0 431.0 8.0 477.0
23.0 354.0 19.0 396.0
377.0 49.0 370.0 92.0
156.0 259.0 155.0 300.0
374.0 49.0 370.0 92.0
377.0 48.0 370.0 92.0
375.0 48.0 370.0 92.0
13.0 430.0 8.0 477.0
376.0 50.0 370.0 93.0
78.0 434.0 73.0 481.0
217.0 466.0 212.0 514.0
137.0 475.0 132.0 517.0
376.0 48.0 370.0 92.0
217.0 467.0 212.0 514.0
273.0 400.0 272.0 452.0
216.0 467.0 212.0 514.0
136.0 475.0 132.0 517.0
78.0 435.0 74.0 481.0
12.0 430.0 8.0 475.0
325.0 105.0 320.0 149.0
325.0 106.0 320.0 149.0
47.0 363.0 44.0 403.0
49.0 364.0 44.0 403.0
221.0 398.0 220.0 441.0
325.0 123.0 322.0 164.0
79.0 434.0 74.0 481.0
324.0 106.0 320.0 149.0
220.0 398.0 220.0 441.0
254.0 279.0 253.0 326.0
443.0 72.0 436.0 117.0
443.0 71.0 436.0 117.0
324.0 105.0 320.0 148.0
13.0 432.0 8.0 479.0
136.0 476.0 133.0 518.0
108.0 360.0 103.0 407.0
326.0 121.0 323.0 162.0
444.0 70.0 436.0 117.0
444.0 72.0 436.0 117.0
115.0 504.0 110.0 558.0
254.0 278.0 253.0 326.0
114.0 504.0 110.0 558.0
207.0 417.0 205.0 459.0
375.0 47.0 370.0 92.0
376.0 47.0 370.0 92.0
444.0 71.0 436.0 117.0
325.0 121.0 322.0 164.0
326.0 122.0 322.0 164.0
326.0 105.0 320.0 149.0
47.0 364.0 44.0 403.0
325.0 122.0 322.0 164.0
221.0 400.0 219.0 443.0
48.0 364.0 44.0 403.0
253.0 278.0 253.0 326.0
325.0 104.0 320.0 147.0
216.0 466.0 212.0 514.0
48.0 365.0 44.0 403.0
221.0 399.0 220.0 441.0
115.0 503.0 110.0 558.0
253.0 277.0 253.0 326.0
220.0 399.0 220.0 441.0
254.0 277.0 253.0 326.0
222.0 399.0 220.0 441.0
47.0 365.0 44.0 403.0
257.0 491.0 257.0 550.0
114.0 503.0 110.0 558.0
222.0 400.0 220.0 441.0
219.0 398.0 219.0 440.0
23.0 489.0 16.0 531.0
324.0 122.0 322.0 162.0
203.0 414.0 205.0 459.0
326.0 104.0 320.0 147.0
324.0 123.0 322.0 163.0
115.0 502.0 110.0 558.0
445.0 72.0 436.0 117.0
256.0 492.0 257.0 550.0
108.0 357.0 103.0 407.0
22.0 489.0 16.0 531.0
109.0 359.0 103.0 407.0
203.0 415.0 205.0 459.0
109.0 358.0 103.0 407.0
445.0 104.0 441.0 142.0
256.0 491.0 257.0 550.0
445.0 70.0 436.0 117.0
256.0 490.0 257.0 550.0
253.0 276.0 253.0 326.0
254.0 276.0 253.0 325.0
444.0 103.0 440.0 142.0
22.0 490.0 16.0 531.0
444.0 104.0 441.0 142.0
107.0 359.0 103.0 407.0
445.0 71.0 436.0 117.0
108.0 358.0 103.0 407.0
444.0 105.0 441.0 142.0
255.0 491.0 257.0 550.0
253.0 275.0 253.0 326.0
326.0 49.0 320.0 100.0
223.0 400.0 220.0 441.0
109.0 357.0 103.0 407.0
445.0 103.0 441.0 142.0
208.0 418.0 205.0 459.0
108.0 359.0 103.0 407.0
445.0 105.0 441.0 142.0
328.0 49.0 321.0 100.0
22.0 488.0 16.0 531.0
255.0 490.0 257.0 550.0
23.0 488.0 16.0 531.0
255.0 489.0 257.0 550.0
327.0 49.0 321.0 101.0
327.0 48.0 321.0 100.0
254.0 275.0 253.0 325.0
326.0 48.0 321.0 100.0
446.0 71.0 436.0 117.0
99.0 159.0 99.0 209.0
229.0 444.0 229.0 477.0
121.0 188.0 123.0 222.0
259.0 339.0 257.0 388.0
328.0 48.0 321.0 100.0
260.0 340.0 257.0 388.0
446.0 104.0 441.0 142.0
327.0 47.0 321.0 100.0
99.0 158.0 99.0 209.0
98.0 158.0 99.0 209.0
228.0 445.0 229.0 477.0
260.0 339.0 257.0 388.0
231.0 445.0 229.0 477.0
229.0 445.0 229.0 477.0
328.0 47.0 321.0 100.0
122.0 188.0 123.0 222.0
230.0 445.0 229.0 477.0
10.0 637.0 3.0 638.0
10.0 638.0 3.0 638.0
123.0 189.0 123.0 222.0
122.0 189.0 123.0 222.0
121.0 189.0 123.0 222.0
9.0 638.0 3.0 638.0
9.0 637.0 3.0 638.0
95.0 465.0 78.0 521.0
229.0 446.0 229.0 477.0
242.0 366.0 235.0 399.0
230.0 446.0 229.0 477.0
242.0 365.0 236.0 413.0
45.0 552.0 39.0 601.0
256.0 129.0 243.0 170.0
201.0 525.0 175.0 565.0
202.0 525.0 175.0 565.0
96.0 466.0 78.0 521.0
202.0 527.0 175.0 565.0
201.0 526.0 175.0 565.0
201.0 527.0 175.0 565.0
257.0 129.0 243.0 170.0
243.0 366.0 235.0 399.0
46.0 552.0 39.0 600.0
243.0 367.0 236.0 413.0
96.0 465.0 78.0 521.0
202.0 528.0 175.0 564.0
202.0 526.0 175.0 565.0
257.0 130.0 250.0 187.0
201.0 528.0 175.0 564.0
243.0 365.0 235.0 399.0
184.0 405.0 172.0 447.0
243.0 364.0 236.0 413.0
