98.0 303.0 75.0 305.0
147.0 140.0 122.0 140.0
147.0 141.0 122.0 140.0
98.0 302.0 75.0 305.0
99.0 302.0 75.0 305.0
205.0 130.0 178.0 129.0
211.0 244.0 188.0 241.0
204.0 130.0 178.0 129.0
204.0 131.0 178.0 129.0
160.0 111.0 134.0 111.0
99.0 303.0 75.0 305.0
148.0 140.0 122.0 140.0
178.0 116.0 153.0 116.0
211.0 245.0 188.0 241.0
146.0 141.0 122.0 140.0
210.0 244.0 188.0 241.0
146.0 140.0 122.0 140.0
161.0 111.0 136.0 111.0
99.0 304.0 75.0 305.0
209.0 245.0 188.0 241.0
159.0 111.0 133.0 112.0
210.0 245.0 188.0 241.0
147.0 142.0 122.0 140.0
244.0 251.0 220.0 249.0
242.0 252.0 219.0 248.0
188.0 450.0 164.0 448.0
187.0 450.0 164.0 448.0
243.0 251.0 219.0 249.0
146.0 142.0 122.0 140.0
148.0 141.0 124.0 140.0
178.0 115.0 153.0 116.0
266.0 190.0 242.0 186.0
203.0 130.0 178.0 129.0
132.0 321.0 107.0 320.0
179.0 116.0 153.0 116.0
131.0 320.0 107.0 320.0
162.0 110.0 136.0 111.0
209.0 244.0 188.0 241.0
267.0 190.0 242.0 186.0
161.0 109.0 136.0 111.0
161.0 110.0 136.0 111.0
133.0 321.0 107.0 320.0
267.0 189.0 242.0 186.0
160.0 110.0 136.0 111.0
243.0 252.0 219.0 249.0
132.0 320.0 107.0 320.0
205.0 258.0 179.0 256.0
189.0 450.0 164.0 448.0
192.0 394.0 169.0 390.0
149.0 436.0 126.0 434.0
289.0 54.0 266.0 53.0
245.0 252.0 222.0 248.0
187.0 449.0 164.0 448.0
131.0 321.0 107.0 320.0
268.0 188.0 243.0 185.0
179.0 115.0 153.0 116.0
188.0 449.0 164.0 448.0
180.0 115.0 153.0 116.0
289.0 52.0 266.0 52.0
136.0 475.0 111.0 474.0
178.0 114.0 153.0 116.0
267.0 188.0 241.0 184.0
193.0 394.0 169.0 390.0
126.0 145.0 99.0 146.0
266.0 189.0 241.0 184.0
401.0 444.0 374.0 429.0
181.0 359.0 157.0 356.0
138.0 561.0 112.0 559.0
290.0 53.0 267.0 53.0
244.0 252.0 220.0 249.0
136.0 476.0 111.0 474.0
112.0 202.0 82.0 202.0
124.0 228.0 99.0 227.0
179.0 114.0 153.0 116.0
202.0 591.0 177.0 588.0
291.0 53.0 267.0 53.0
290.0 52.0 266.0 52.0
203.0 424.0 177.0 422.0
130.0 202.0 106.0 202.0
124.0 229.0 99.0 227.0
265.0 188.0 240.0 184.0
131.0 202.0 106.0 202.0
203.0 591.0 178.0 588.0
127.0 145.0 100.0 146.0
140.0 238.0 115.0 238.0
140.0 263.0 113.0 263.0
267.0 187.0 241.0 184.0
125.0 146.0 99.0 146.0
124.0 146.0 99.0 146.0
289.0 53.0 265.0 53.0
154.0 568.0 132.0 565.0
265.0 190.0 242.0 186.0
112.0 200.0 82.0 202.0
126.0 146.0 99.0 146.0
204.0 424.0 177.0 422.0
130.0 201.0 106.0 202.0
125.0 145.0 99.0 146.0
265.0 189.0 241.0 184.0
112.0 201.0 82.0 202.0
266.0 188.0 241.0 184.0
402.0 444.0 374.0 429.0
125.0 147.0 99.0 146.0
139.0 561.0 112.0 559.0
193.0 393.0 169.0 390.0
133.0 320.0 107.0 320.0
137.0 475.0 111.0 474.0
123.0 228.0 99.0 227.0
266.0 187.0 240.0 184.0
125.0 228.0 99.0 227.0
182.0 359.0 157.0 356.0
124.0 227.0 99.0 227.0
137.0 476.0 111.0 474.0
139.0 238.0 115.0 238.0
202.0 592.0 177.0 588.0
202.0 424.0 177.0 422.0
139.0 560.0 112.0 559.0
138.0 560.0 112.0 559.0
201.0 424.0 177.0 422.0
290.0 54.0 266.0 53.0
183.0 359.0 158.0 355.0
127.0 146.0 100.0 146.0
183.0 358.0 158.0 355.0
401.0 443.0 374.0 429.0
126.0 147.0 99.0 146.0
203.0 592.0 178.0 588.0
138.0 475.0 111.0 474.0
182.0 358.0 158.0 355.0
193.0 552.0 172.0 549.0
140.0 392.0 117.0 389.0
142.0 393.0 117.0 389.0
183.0 357.0 158.0 355.0
113.0 202.0 82.0 202.0
201.0 425.0 177.0 422.0
427.0 434.0 399.0 419.0
157.0 586.0 134.0 583.0
194.0 553.0 172.0 549.0
191.0 487.0 178.0 484.0
402.0 443.0 374.0 429.0
139.0 237.0 115.0 238.0
204.0 592.0 178.0 588.0
204.0 425.0 177.0 422.0
140.0 393.0 117.0 389.0
139.0 263.0 113.0 263.0
141.0 393.0 117.0 389.0
140.0 237.0 115.0 238.0
202.0 425.0 177.0 422.0
427.0 435.0 399.0 419.0
203.0 425.0 177.0 422.0
203.0 593.0 178.0 588.0
157.0 587.0 133.0 584.0
113.0 200.0 82.0 202.0
194.0 552.0 172.0 549.0
427.0 433.0 399.0 419.0
156.0 586.0 134.0 583.0
113.0 201.0 82.0 202.0
428.0 433.0 399.0 419.0
428.0 434.0 399.0 419.0
211.0 615.0 191.0 610.0
210.0 614.0 190.0 609.0
367.0 44.0 346.0 43.0
218.0 633.0 197.0 627.0
217.0 633.0 197.0 627.0
195.0 552.0 172.0 549.0
51.0 196.0 23.0 196.0
210.0 615.0 191.0 610.0
197.0 582.0 174.0 578.0
270.0 369.0 246.0 364.0
428.0 435.0 399.0 419.0
119.0 277.0 92.0 285.0
212.0 614.0 191.0 610.0
50.0 196.0 23.0 196.0
114.0 201.0 82.0 202.0
198.0 582.0 174.0 578.0
211.0 614.0 191.0 610.0
210.0 613.0 191.0 609.0
158.0 392.0 133.0 388.0
351.0 605.0 332.0 593.0
384.0 434.0 357.0 422.0
149.0 446.0 126.0 434.0
160.0 361.0 134.0 360.0
114.0 200.0 82.0 202.0
211.0 613.0 191.0 609.0
302.0 304.0 273.0 296.0
397.0 367.0 374.0 354.0
157.0 393.0 133.0 387.0
50.0 195.0 23.0 196.0
235.0 445.0 213.0 438.0
429.0 434.0 399.0 419.0
384.0 433.0 357.0 422.0
119.0 276.0 92.0 285.0
49.0 195.0 23.0 196.0
175.0 432.0 154.0 426.0
330.0 322.0 307.0 315.0
51.0 195.0 23.0 196.0
42.0 562.0 13.0 565.0
157.0 392.0 133.0 387.0
234.0 445.0 213.0 438.0
235.0 446.0 213.0 438.0
358.0 608.0 332.0 593.0
174.0 432.0 154.0 426.0
357.0 608.0 332.0 593.0
280.0 471.0 254.0 463.0
234.0 446.0 213.0 438.0
175.0 433.0 154.0 426.0
458.0 525.0 434.0 506.0
43.0 561.0 13.0 565.0
385.0 433.0 357.0 422.0
280.0 472.0 254.0 463.0
161.0 361.0 134.0 360.0
234.0 444.0 212.0 439.0
458.0 526.0 434.0 506.0
272.0 549.0 245.0 540.0
271.0 486.0 250.0 480.0
149.0 447.0 126.0 434.0
270.0 488.0 250.0 480.0
42.0 561.0 13.0 565.0
311.0 401.0 290.0 392.0
330.0 321.0 307.0 315.0
156.0 392.0 133.0 387.0
271.0 487.0 250.0 480.0
254.0 311.0 233.0 307.0
254.0 312.0 233.0 307.0
310.0 400.0 290.0 392.0
329.0 322.0 307.0 315.0
310.0 401.0 290.0 392.0
41.0 561.0 13.0 564.0
459.0 526.0 434.0 506.0
156.0 393.0 133.0 387.0
281.0 472.0 254.0 463.0
270.0 487.0 250.0 480.0
32.0 42.0 5.0 42.0
460.0 526.0 435.0 505.0
270.0 486.0 250.0 480.0
33.0 43.0 5.0 42.0
233.0 445.0 213.0 438.0
459.0 525.0 435.0 505.0
32.0 41.0 5.0 42.0
33.0 42.0 5.0 42.0
396.0 367.0 374.0 354.0
329.0 321.0 307.0 315.0
43.0 560.0 14.0 564.0
42.0 560.0 13.0 564.0
331.0 73.0 308.0 63.0
272.0 550.0 245.0 540.0
33.0 41.0 5.0 42.0
174.0 433.0 154.0 426.0
99.0 513.0 76.0 518.0
41.0 560.0 13.0 564.0
30.0 568.0 12.0 564.0
31.0 568.0 12.0 564.0
269.0 487.0 250.0 480.0
169.0 595.0 154.0 592.0
269.0 486.0 250.0 480.0
273.0 550.0 245.0 540.0
273.0 549.0 245.0 540.0
273.0 548.0 245.0 540.0
292.0 366.0 281.0 352.0
169.0 594.0 154.0 592.0
268.0 487.0 250.0 480.0
29.0 568.0 12.0 564.0
37.0 298.0 11.0 299.0
38.0 298.0 11.0 299.0
413.0 438.0 397.0 419.0
18.0 304.0 9.0 300.0
38.0 297.0 10.0 299.0
168.0 594.0 154.0 592.0
292.0 367.0 281.0 352.0
98.0 512.0 76.0 518.0
169.0 593.0 154.0 592.0
39.0 298.0 11.0 299.0
291.0 366.0 281.0 352.0
274.0 549.0 245.0 540.0
99.0 512.0 76.0 518.0
39.0 297.0 11.0 299.0
274.0 548.0 245.0 540.0
274.0 550.0 245.0 540.0
220.0 486.0 181.0 485.0
264.0 390.0 234.0 400.0
31.0 26.0 5.0 42.0
30.0 26.0 5.0 42.0
40.0 298.0 11.0 299.0
291.0 367.0 281.0 352.0
262.0 507.0 245.0 512.0
284.0 430.0 259.0 410.0
30.0 25.0 5.0 42.0
99.0 511.0 76.0 518.0
31.0 25.0 5.0 42.0
219.0 487.0 181.0 485.0
220.0 487.0 181.0 485.0
393.0 607.0 373.0 589.0
393.0 606.0 373.0 589.0
283.0 430.0 259.0 410.0
392.0 606.0 373.0 589.0
275.0 549.0 245.0 540.0
