101.0 217.0 118.0 230.0
2.0 186.0 2.0 192.0
1.0 186.0 2.0 192.0
1.0 187.0 2.0 192.0
102.0 217.0 118.0 230.0
100.0 217.0 117.0 230.0
203.0 470.0 220.0 491.0
102.0 216.0 118.0 230.0
205.0 471.0 220.0 491.0
204.0 470.0 220.0 491.0
204.0 472.0 220.0 491.0
204.0 471.0 220.0 491.0
101.0 216.0 118.0 230.0
100.0 216.0 117.0 230.0
205.0 470.0 220.0 491.0
99.0 216.0 117.0 230.0
203.0 469.0 219.0 490.0
204.0 469.0 219.0 490.0
100.0 215.0 117.0 229.0
205.0 472.0 220.0 491.0
224.0 243.0 240.0 257.0
101.0 215.0 118.0 230.0
232.0 192.0 246.0 204.0
226.0 244.0 241.0 258.0
223.0 243.0 240.0 257.0
230.0 192.0 245.0 205.0
95.0 538.0 109.0 555.0
230.0 191.0 246.0 203.0
102.0 215.0 118.0 230.0
231.0 192.0 245.0 204.0
229.0 191.0 245.0 205.0
176.0 530.0 192.0 555.0
52.0 529.0 67.0 544.0
229.0 192.0 245.0 205.0
272.0 91.0 288.0 99.0
186.0 89.0 201.0 97.0
231.0 191.0 246.0 203.0
102.0 563.0 117.0 581.0
179.0 559.0 195.0 581.0
181.0 559.0 196.0 581.0
51.0 529.0 67.0 544.0
186.0 88.0 201.0 97.0
95.0 537.0 109.0 555.0
52.0 528.0 67.0 544.0
96.0 537.0 109.0 555.0
104.0 563.0 119.0 582.0
225.0 243.0 241.0 258.0
184.0 88.0 201.0 97.0
270.0 90.0 286.0 99.0
233.0 192.0 247.0 204.0
104.0 564.0 119.0 582.0
102.0 564.0 118.0 582.0
96.0 540.0 109.0 555.0
185.0 88.0 201.0 97.0
225.0 244.0 241.0 258.0
223.0 244.0 240.0 257.0
238.0 151.0 252.0 160.0
103.0 562.0 117.0 581.0
232.0 191.0 247.0 203.0
180.0 559.0 195.0 581.0
49.0 529.0 65.0 543.0
185.0 89.0 201.0 97.0
103.0 564.0 119.0 582.0
147.0 89.0 163.0 99.0
181.0 558.0 195.0 581.0
177.0 531.0 193.0 555.0
51.0 527.0 67.0 544.0
96.0 538.0 109.0 555.0
177.0 530.0 193.0 555.0
103.0 563.0 118.0 582.0
148.0 89.0 163.0 99.0
51.0 528.0 67.0 544.0
96.0 539.0 109.0 555.0
269.0 91.0 286.0 99.0
224.0 244.0 241.0 258.0
325.0 166.0 342.0 177.0
274.0 159.0 291.0 169.0
226.0 245.0 241.0 258.0
50.0 529.0 65.0 543.0
129.0 161.0 148.0 175.0
271.0 90.0 288.0 99.0
180.0 558.0 195.0 581.0
271.0 91.0 288.0 99.0
186.0 90.0 201.0 97.0
50.0 528.0 65.0 543.0
147.0 90.0 163.0 99.0
49.0 528.0 65.0 543.0
279.0 60.0 295.0 68.0
50.0 527.0 65.0 543.0
223.0 245.0 240.0 257.0
255.0 155.0 270.0 164.0
273.0 158.0 291.0 169.0
278.0 60.0 295.0 68.0
162.0 543.0 177.0 565.0
97.0 538.0 109.0 555.0
97.0 539.0 109.0 555.0
225.0 245.0 241.0 258.0
270.0 91.0 287.0 99.0
95.0 536.0 109.0 555.0
254.0 155.0 270.0 164.0
161.0 543.0 177.0 565.0
54.0 202.0 73.0 217.0
187.0 89.0 201.0 97.0
224.0 245.0 241.0 258.0
237.0 151.0 252.0 160.0
49.0 527.0 65.0 543.0
390.0 11.0 410.0 20.0
79.0 196.0 98.0 207.0
301.0 287.0 318.0 306.0
324.0 166.0 342.0 177.0
258.0 260.0 276.0 275.0
82.0 197.0 98.0 207.0
225.0 246.0 241.0 258.0
273.0 159.0 291.0 169.0
272.0 158.0 291.0 169.0
226.0 246.0 241.0 258.0
274.0 158.0 291.0 169.0
97.0 540.0 110.0 555.0
300.0 287.0 318.0 306.0
78.0 196.0 98.0 207.0
255.0 156.0 271.0 164.0
223.0 246.0 240.0 257.0
299.0 286.0 318.0 306.0
279.0 61.0 295.0 68.0
259.0 261.0 276.0 275.0
254.0 113.0 270.0 122.0
54.0 203.0 73.0 217.0
81.0 197.0 98.0 207.0
282.0 271.0 296.0 284.0
271.0 158.0 290.0 169.0
277.0 61.0 295.0 68.0
224.0 246.0 241.0 258.0
254.0 154.0 270.0 164.0
255.0 113.0 270.0 122.0
258.0 261.0 276.0 275.0
272.0 159.0 291.0 169.0
277.0 60.0 295.0 68.0
260.0 261.0 276.0 275.0
55.0 203.0 73.0 217.0
300.0 286.0 318.0 306.0
17.0 426.0 34.0 441.0
278.0 61.0 295.0 68.0
161.0 542.0 177.0 565.0
79.0 197.0 98.0 207.0
80.0 197.0 98.0 207.0
301.0 286.0 318.0 306.0
162.0 542.0 177.0 565.0
325.0 16.0 347.0 25.0
276.0 61.0 295.0 68.0
281.0 271.0 296.0 284.0
325.0 17.0 347.0 25.0
187.0 90.0 201.0 97.0
18.0 426.0 34.0 441.0
16.0 425.0 32.0 442.0
280.0 271.0 296.0 284.0
326.0 17.0 348.0 26.0
157.0 560.0 168.0 580.0
18.0 427.0 34.0 441.0
326.0 15.0 347.0 25.0
156.0 559.0 168.0 580.0
299.0 285.0 318.0 306.0
259.0 262.0 276.0 275.0
82.0 198.0 98.0 207.0
16.0 426.0 32.0 442.0
326.0 16.0 347.0 25.0
408.0 141.0 428.0 151.0
97.0 565.0 116.0 582.0
79.0 198.0 98.0 207.0
276.0 60.0 295.0 68.0
81.0 198.0 98.0 207.0
327.0 15.0 347.0 25.0
324.0 15.0 347.0 25.0
275.0 61.0 295.0 68.0
237.0 152.0 252.0 160.0
257.0 261.0 276.0 275.0
78.0 197.0 98.0 207.0
80.0 198.0 98.0 207.0
236.0 150.0 252.0 160.0
325.0 15.0 347.0 25.0
300.0 285.0 318.0 306.0
409.0 141.0 429.0 151.0
301.0 285.0 318.0 306.0
350.0 99.0 371.0 110.0
70.0 193.0 89.0 203.0
114.0 534.0 134.0 555.0
188.0 90.0 201.0 97.0
325.0 14.0 347.0 25.0
188.0 89.0 201.0 97.0
97.0 564.0 116.0 582.0
326.0 14.0 347.0 25.0
5.0 597.0 19.0 613.0
17.0 428.0 32.0 442.0
351.0 99.0 371.0 110.0
275.0 62.0 295.0 68.0
282.0 272.0 296.0 284.0
281.0 272.0 296.0 284.0
4.0 597.0 19.0 613.0
258.0 262.0 276.0 275.0
17.0 427.0 34.0 441.0
85.0 191.0 99.0 206.0
456.0 342.0 465.0 363.0
351.0 98.0 371.0 110.0
280.0 272.0 296.0 284.0
350.0 98.0 371.0 110.0
161.0 541.0 177.0 565.0
113.0 536.0 134.0 555.0
189.0 89.0 201.0 97.0
431.0 125.0 450.0 134.0
324.0 16.0 347.0 25.0
432.0 125.0 450.0 134.0
5.0 596.0 19.0 613.0
6.0 596.0 19.0 613.0
4.0 596.0 19.0 613.0
16.0 427.0 32.0 442.0
69.0 193.0 89.0 203.0
327.0 16.0 347.0 25.0
236.0 151.0 253.0 161.0
15.0 428.0 32.0 442.0
114.0 535.0 134.0 555.0
113.0 535.0 134.0 555.0
380.0 24.0 409.0 20.0
15.0 427.0 32.0 442.0
113.0 534.0 134.0 555.0
163.0 541.0 177.0 565.0
229.0 198.0 245.0 205.0
162.0 541.0 177.0 565.0
324.0 14.0 347.0 25.0
96.0 565.0 116.0 582.0
230.0 198.0 245.0 205.0
432.0 124.0 450.0 134.0
431.0 124.0 450.0 134.0
274.0 278.0 286.0 295.0
275.0 278.0 302.0 301.0
330.0 198.0 351.0 209.0
330.0 197.0 351.0 209.0
379.0 23.0 409.0 20.0
136.0 537.0 153.0 557.0
112.0 536.0 134.0 555.0
14.0 428.0 32.0 442.0
16.0 428.0 32.0 442.0
5.0 595.0 19.0 613.0
349.0 98.0 371.0 110.0
373.0 39.0 395.0 49.0
189.0 90.0 201.0 97.0
330.0 196.0 351.0 209.0
235.0 150.0 252.0 160.0
14.0 429.0 32.0 442.0
112.0 535.0 134.0 555.0
15.0 429.0 32.0 442.0
373.0 38.0 395.0 49.0
70.0 194.0 89.0 203.0
379.0 24.0 409.0 20.0
329.0 197.0 351.0 209.0
350.0 97.0 371.0 110.0
16.0 429.0 32.0 442.0
96.0 564.0 116.0 582.0
329.0 196.0 351.0 209.0
118.0 190.0 142.0 198.0
69.0 194.0 89.0 203.0
185.0 564.0 197.0 583.0
378.0 23.0 409.0 20.0
329.0 198.0 351.0 209.0
168.0 603.0 185.0 624.0
15.0 430.0 32.0 442.0
190.0 90.0 201.0 97.0
372.0 38.0 395.0 49.0
112.0 534.0 134.0 556.0
372.0 39.0 395.0 49.0
349.0 97.0 371.0 110.0
235.0 151.0 253.0 161.0
234.0 150.0 253.0 161.0
111.0 535.0 134.0 556.0
329.0 195.0 351.0 209.0
170.0 601.0 185.0 624.0
167.0 603.0 185.0 624.0
328.0 198.0 351.0 209.0
168.0 602.0 185.0 624.0
416.0 164.0 430.0 177.0
328.0 197.0 351.0 209.0
169.0 601.0 185.0 624.0
168.0 601.0 185.0 624.0
167.0 602.0 185.0 624.0
169.0 602.0 185.0 624.0
166.0 603.0 185.0 624.0
117.0 191.0 142.0 198.0
109.0 594.0 127.0 614.0
168.0 600.0 183.0 624.0
26.0 464.0 40.0 477.0
327.0 196.0 351.0 209.0
26.0 465.0 40.0 477.0
167.0 601.0 183.0 624.0
166.0 601.0 183.0 624.0
110.0 594.0 127.0 614.0
166.0 602.0 185.0 624.0
167.0 600.0 183.0 624.0
328.0 195.0 351.0 209.0
328.0 196.0 351.0 209.0
185.0 565.0 197.0 583.0
170.0 600.0 185.0 624.0
111.0 595.0 127.0 614.0
110.0 593.0 127.0 614.0
169.0 600.0 185.0 624.0
25.0 464.0 40.0 477.0
277.0 79.0 287.0 98.0
111.0 594.0 127.0 614.0
109.0 593.0 127.0 614.0
19.0 191.0 2.0 192.0
165.0 534.0 191.0 554.0
111.0 593.0 127.0 614.0
327.0 195.0 351.0 209.0
278.0 79.0 287.0 98.0
279.0 79.0 287.0 98.0
111.0 592.0 127.0 614.0
110.0 592.0 127.0 614.0
109.0 592.0 127.0 614.0
302.0 164.0 290.0 167.0
164.0 534.0 191.0 554.0
277.0 78.0 287.0 98.0
165.0 535.0 191.0 554.0
288.0 211.0 339.0 228.0
278.0 78.0 287.0 98.0
279.0 78.0 287.0 98.0
287.0 210.0 339.0 228.0
298.0 162.0 290.0 167.0
288.0 210.0 339.0 228.0
277.0 77.0 287.0 98.0
278.0 77.0 287.0 98.0
111.0 591.0 127.0 614.0
287.0 211.0 339.0 228.0
164.0 535.0 191.0 554.0
407.0 16.0 370.0 10.0
280.0 78.0 287.0 98.0
406.0 16.0 370.0 10.0
115.0 551.0 135.0 578.0
406.0 17.0 370.0 10.0
294.0 162.0 290.0 167.0
405.0 17.0 370.0 10.0
110.0 591.0 127.0 614.0
297.0 161.0 290.0 167.0
280.0 77.0 287.0 98.0
297.0 162.0 290.0 167.0
350.0 172.0 288.0 167.0
297.0 163.0 290.0 167.0
454.0 81.0 450.0 134.0
422.0 168.0 430.0 177.0
422.0 169.0 430.0 177.0
38.0 514.0 14.0 580.0
279.0 77.0 287.0 98.0
295.0 161.0 290.0 167.0
296.0 161.0 290.0 167.0
335.0 36.0 348.0 26.0
39.0 513.0 14.0 578.0
453.0 81.0 450.0 134.0
260.0 65.0 293.0 68.0
133.0 588.0 148.0 607.0
117.0 155.0 148.0 175.0
134.0 587.0 148.0 607.0
40.0 512.0 14.0 578.0
