230.0 523.0 230.0 518.0
229.0 523.0 230.0 518.0
230.0 522.0 230.0 518.0
145.0 250.0 149.0 230.0
146.0 250.0 149.0 230.0
229.0 522.0 230.0 518.0
146.0 248.0 149.0 230.0
247.0 528.0 246.0 523.0
246.0 528.0 246.0 523.0
146.0 249.0 149.0 230.0
147.0 250.0 149.0 230.0
182.0 227.0 188.0 205.0
246.0 527.0 246.0 523.0
61.0 458.0 65.0 441.0
181.0 227.0 188.0 205.0
147.0 249.0 149.0 230.0
62.0 458.0 65.0 441.0
245.0 527.0 246.0 523.0
246.0 529.0 246.0 523.0
245.0 528.0 245.0 523.0
145.0 249.0 149.0 230.0
247.0 527.0 246.0 523.0
62.0 457.0 66.0 440.0
6.0 194.0 11.0 162.0
7.0 195.0 11.0 163.0
5.0 194.0 11.0 162.0
6.0 195.0 11.0 163.0
7.0 194.0 11.0 162.0
246.0 526.0 246.0 523.0
212.0 534.0 212.0 530.0
23.0 277.0 28.0 253.0
24.0 277.0 28.0 253.0
212.0 536.0 211.0 531.0
135.0 585.0 135.0 572.0
212.0 535.0 212.0 530.0
217.0 588.0 215.0 581.0
247.0 526.0 246.0 523.0
238.0 96.0 250.0 66.0
7.0 193.0 11.0 162.0
218.0 589.0 215.0 581.0
211.0 535.0 212.0 530.0
23.0 278.0 28.0 253.0
24.0 278.0 28.0 253.0
238.0 97.0 250.0 66.0
6.0 193.0 11.0 162.0
134.0 585.0 135.0 572.0
134.0 586.0 135.0 572.0
238.0 95.0 250.0 66.0
411.0 277.0 415.0 260.0
6.0 192.0 11.0 162.0
61.0 457.0 66.0 440.0
133.0 585.0 135.0 572.0
217.0 589.0 215.0 581.0
237.0 97.0 250.0 66.0
213.0 535.0 212.0 530.0
133.0 539.0 134.0 527.0
410.0 278.0 415.0 260.0
237.0 96.0 250.0 66.0
237.0 95.0 248.0 66.0
133.0 540.0 134.0 527.0
21.0 291.0 28.0 268.0
94.0 570.0 92.0 553.0
213.0 534.0 212.0 530.0
218.0 588.0 215.0 581.0
92.0 570.0 92.0 553.0
303.0 121.0 315.0 95.0
410.0 277.0 415.0 260.0
271.0 271.0 276.0 255.0
94.0 569.0 92.0 553.0
238.0 94.0 249.0 65.0
93.0 570.0 92.0 553.0
411.0 278.0 415.0 260.0
133.0 584.0 133.0 571.0
218.0 587.0 215.0 581.0
236.0 96.0 248.0 66.0
272.0 269.0 276.0 255.0
303.0 119.0 315.0 95.0
134.0 539.0 134.0 527.0
219.0 589.0 215.0 581.0
134.0 584.0 135.0 572.0
92.0 569.0 92.0 552.0
167.0 536.0 167.0 526.0
168.0 536.0 167.0 526.0
20.0 290.0 28.0 268.0
6.0 4.0 2.0 3.0
273.0 269.0 276.0 255.0
93.0 569.0 92.0 553.0
271.0 270.0 276.0 255.0
167.0 535.0 167.0 526.0
5.0 2.0 2.0 3.0
304.0 118.0 315.0 95.0
5.0 4.0 2.0 3.0
4.0 2.0 2.0 3.0
6.0 2.0 2.0 3.0
6.0 3.0 2.0 3.0
5.0 3.0 2.0 3.0
219.0 588.0 215.0 581.0
6.0 1.0 2.0 3.0
20.0 292.0 28.0 268.0
360.0 286.0 360.0 275.0
168.0 535.0 167.0 526.0
303.0 120.0 315.0 95.0
174.0 572.0 173.0 561.0
20.0 291.0 28.0 268.0
257.0 116.0 266.0 90.0
411.0 279.0 415.0 260.0
175.0 572.0 174.0 561.0
92.0 568.0 92.0 552.0
272.0 270.0 276.0 255.0
304.0 120.0 315.0 95.0
446.0 313.0 449.0 302.0
174.0 573.0 174.0 561.0
448.0 311.0 449.0 302.0
93.0 568.0 92.0 553.0
447.0 313.0 449.0 302.0
256.0 116.0 266.0 90.0
166.0 536.0 167.0 526.0
298.0 166.0 309.0 141.0
304.0 119.0 315.0 95.0
91.0 569.0 92.0 552.0
174.0 571.0 173.0 561.0
446.0 311.0 449.0 302.0
149.0 540.0 150.0 528.0
447.0 311.0 449.0 302.0
446.0 312.0 449.0 302.0
361.0 286.0 360.0 275.0
315.0 324.0 312.0 318.0
333.0 297.0 336.0 288.0
299.0 166.0 309.0 141.0
272.0 271.0 276.0 255.0
135.0 619.0 134.0 606.0
148.0 540.0 150.0 528.0
360.0 287.0 360.0 275.0
361.0 101.0 374.0 78.0
447.0 312.0 449.0 302.0
314.0 324.0 312.0 318.0
448.0 312.0 449.0 302.0
205.0 618.0 204.0 611.0
298.0 167.0 309.0 141.0
278.0 307.0 280.0 300.0
468.0 297.0 469.0 289.0
277.0 307.0 280.0 300.0
134.0 619.0 134.0 606.0
469.0 297.0 469.0 289.0
299.0 167.0 309.0 141.0
315.0 325.0 312.0 318.0
223.0 626.0 217.0 620.0
469.0 296.0 469.0 289.0
314.0 325.0 312.0 318.0
149.0 539.0 150.0 528.0
362.0 80.0 372.0 59.0
273.0 270.0 276.0 255.0
204.0 618.0 204.0 611.0
135.0 618.0 134.0 604.0
279.0 307.0 281.0 301.0
278.0 308.0 281.0 301.0
277.0 308.0 280.0 300.0
362.0 101.0 374.0 78.0
148.0 539.0 150.0 528.0
333.0 298.0 336.0 288.0
467.0 297.0 469.0 289.0
445.0 312.0 449.0 302.0
363.0 79.0 372.0 59.0
363.0 81.0 372.0 59.0
144.0 597.0 145.0 586.0
134.0 620.0 134.0 606.0
361.0 102.0 374.0 78.0
133.0 620.0 133.0 606.0
385.0 249.0 392.0 234.0
134.0 618.0 134.0 604.0
281.0 221.0 289.0 206.0
362.0 102.0 374.0 78.0
385.0 248.0 392.0 234.0
333.0 299.0 336.0 288.0
280.0 221.0 289.0 206.0
278.0 309.0 281.0 301.0
279.0 308.0 281.0 301.0
468.0 296.0 469.0 289.0
14.0 454.0 19.0 433.0
467.0 296.0 469.0 289.0
29.0 525.0 33.0 505.0
327.0 128.0 336.0 105.0
411.0 153.0 421.0 136.0
277.0 309.0 280.0 300.0
29.0 524.0 33.0 505.0
155.0 588.0 154.0 576.0
363.0 101.0 374.0 78.0
332.0 298.0 336.0 288.0
384.0 248.0 391.0 232.0
221.0 626.0 217.0 620.0
280.0 222.0 289.0 206.0
316.0 325.0 312.0 318.0
221.0 627.0 217.0 620.0
155.0 587.0 154.0 576.0
278.0 223.0 289.0 206.0
334.0 224.0 338.0 204.0
327.0 127.0 336.0 105.0
222.0 627.0 217.0 620.0
30.0 524.0 33.0 505.0
279.0 221.0 289.0 206.0
29.0 523.0 33.0 505.0
466.0 297.0 469.0 289.0
326.0 127.0 336.0 105.0
332.0 297.0 335.0 287.0
411.0 152.0 419.0 136.0
156.0 588.0 154.0 576.0
133.0 619.0 134.0 606.0
222.0 626.0 217.0 620.0
315.0 326.0 312.0 318.0
363.0 80.0 372.0 59.0
412.0 152.0 421.0 136.0
156.0 589.0 154.0 576.0
7.0 511.0 12.0 490.0
412.0 151.0 419.0 136.0
28.0 524.0 33.0 505.0
334.0 225.0 338.0 204.0
410.0 152.0 419.0 136.0
155.0 589.0 154.0 576.0
413.0 151.0 421.0 136.0
466.0 296.0 469.0 289.0
157.0 588.0 154.0 576.0
223.0 627.0 218.0 620.0
331.0 279.0 336.0 264.0
384.0 249.0 392.0 234.0
364.0 81.0 372.0 59.0
203.0 617.0 204.0 611.0
411.0 151.0 419.0 136.0
279.0 222.0 285.0 198.0
314.0 326.0 312.0 318.0
331.0 298.0 335.0 287.0
332.0 299.0 336.0 288.0
204.0 617.0 204.0 611.0
222.0 625.0 217.0 620.0
205.0 617.0 204.0 611.0
8.0 511.0 12.0 490.0
7.0 512.0 12.0 490.0
280.0 223.0 289.0 206.0
279.0 223.0 289.0 206.0
6.0 512.0 12.0 490.0
364.0 80.0 372.0 59.0
333.0 225.0 338.0 204.0
332.0 278.0 336.0 264.0
8.0 512.0 12.0 490.0
333.0 279.0 336.0 264.0
334.0 223.0 338.0 204.0
143.0 598.0 145.0 586.0
133.0 618.0 133.0 605.0
327.0 126.0 336.0 105.0
333.0 278.0 336.0 264.0
14.0 453.0 19.0 433.0
299.0 284.0 304.0 269.0
10.0 613.0 12.0 594.0
156.0 587.0 154.0 576.0
332.0 224.0 338.0 204.0
360.0 312.0 361.0 299.0
34.0 478.0 37.0 459.0
331.0 299.0 335.0 287.0
11.0 612.0 12.0 594.0
11.0 613.0 12.0 594.0
333.0 224.0 338.0 204.0
33.0 478.0 36.0 459.0
33.0 479.0 36.0 460.0
144.0 598.0 145.0 586.0
34.0 479.0 37.0 460.0
32.0 479.0 36.0 460.0
332.0 279.0 336.0 264.0
355.0 291.0 358.0 276.0
364.0 79.0 372.0 59.0
365.0 80.0 372.0 59.0
143.0 597.0 145.0 586.0
299.0 285.0 304.0 269.0
155.0 609.0 154.0 598.0
331.0 280.0 336.0 264.0
333.0 280.0 336.0 264.0
6.0 513.0 13.0 448.0
333.0 223.0 338.0 204.0
383.0 248.0 391.0 232.0
7.0 513.0 13.0 448.0
326.0 203.0 335.0 181.0
298.0 286.0 304.0 269.0
332.0 280.0 336.0 264.0
383.0 249.0 392.0 234.0
332.0 225.0 338.0 204.0
430.0 363.0 369.0 333.0
298.0 285.0 304.0 269.0
404.0 3.0 412.0 13.0
430.0 361.0 369.0 333.0
360.0 313.0 361.0 299.0
430.0 362.0 369.0 333.0
299.0 286.0 304.0 269.0
361.0 313.0 361.0 299.0
404.0 5.0 412.0 13.0
10.0 614.0 12.0 594.0
404.0 4.0 412.0 13.0
11.0 614.0 12.0 594.0
351.0 177.0 358.0 156.0
455.0 357.0 451.0 349.0
405.0 3.0 412.0 13.0
128.0 207.0 127.0 171.0
300.0 285.0 304.0 269.0
300.0 286.0 304.0 269.0
405.0 4.0 412.0 13.0
326.0 202.0 335.0 181.0
399.0 34.0 412.0 14.0
10.0 615.0 12.0 594.0
143.0 599.0 145.0 586.0
398.0 34.0 412.0 14.0
332.0 223.0 338.0 204.0
21.0 157.0 28.0 129.0
170.0 625.0 169.0 613.0
398.0 35.0 412.0 14.0
22.0 157.0 28.0 129.0
431.0 361.0 369.0 333.0
432.0 360.0 429.0 353.0
22.0 158.0 28.0 129.0
171.0 625.0 169.0 613.0
368.0 143.0 377.0 125.0
298.0 287.0 304.0 269.0
21.0 158.0 28.0 129.0
170.0 598.0 170.0 592.0
399.0 35.0 412.0 14.0
21.0 159.0 28.0 130.0
178.0 596.0 170.0 592.0
299.0 287.0 304.0 269.0
20.0 158.0 28.0 130.0
351.0 178.0 358.0 156.0
431.0 363.0 369.0 333.0
431.0 362.0 369.0 333.0
432.0 363.0 369.0 333.0
432.0 362.0 369.0 333.0
367.0 144.0 376.0 126.0
20.0 159.0 28.0 130.0
368.0 144.0 377.0 125.0
432.0 361.0 369.0 333.0
368.0 145.0 376.0 127.0
272.0 159.0 259.0 113.0
171.0 624.0 170.0 614.0
369.0 144.0 377.0 125.0
128.0 208.0 127.0 171.0
20.0 157.0 28.0 129.0
454.0 357.0 451.0 349.0
369.0 143.0 377.0 125.0
51.0 462.0 65.0 441.0
370.0 144.0 377.0 125.0
431.0 360.0 429.0 353.0
350.0 176.0 358.0 156.0
399.0 36.0 412.0 14.0
369.0 145.0 376.0 127.0
400.0 34.0 412.0 14.0
349.0 177.0 358.0 156.0
179.0 596.0 170.0 592.0
400.0 35.0 412.0 14.0
350.0 178.0 358.0 156.0
433.0 361.0 429.0 353.0
350.0 177.0 358.0 156.0
273.0 158.0 291.0 136.0
273.0 159.0 259.0 113.0
41.0 602.0 43.0 580.0
38.0 540.0 41.0 519.0
51.0 463.0 65.0 441.0
386.0 16.0 412.0 14.0
39.0 541.0 41.0 519.0
15.0 634.0 17.0 609.0
42.0 601.0 43.0 580.0
349.0 176.0 358.0 156.0
47.0 630.0 48.0 604.0
272.0 160.0 259.0 113.0
455.0 358.0 451.0 349.0
39.0 540.0 41.0 519.0
348.0 177.0 358.0 156.0
273.0 160.0 259.0 113.0
41.0 603.0 43.0 580.0
170.0 624.0 169.0 613.0
349.0 178.0 358.0 156.0
453.0 358.0 430.0 352.0
47.0 631.0 48.0 604.0
184.0 535.0 169.0 527.0
45.0 632.0 48.0 604.0
45.0 633.0 48.0 604.0
47.0 633.0 48.0 604.0
42.0 604.0 42.0 583.0
47.0 632.0 48.0 604.0
454.0 358.0 451.0 349.0
42.0 602.0 43.0 580.0
192.0 535.0 169.0 527.0
42.0 603.0 43.0 580.0
191.0 535.0 169.0 527.0
43.0 542.0 41.0 519.0
46.0 632.0 48.0 604.0
46.0 634.0 48.0 604.0
46.0 633.0 48.0 604.0
46.0 631.0 48.0 604.0
185.0 535.0 169.0 527.0
185.0 536.0 169.0 527.0
363.0 166.0 359.0 157.0
420.0 318.0 419.0 308.0
184.0 536.0 169.0 527.0
45.0 66.0 55.0 31.0
152.0 625.0 155.0 625.0
