359.0 623.0 358.0 622.0
18.0 294.0 17.0 306.0
19.0 293.0 18.0 306.0
358.0 622.0 358.0 622.0
18.0 293.0 17.0 306.0
358.0 623.0 358.0 622.0
94.0 306.0 92.0 317.0
332.0 609.0 331.0 611.0
19.0 294.0 18.0 306.0
93.0 306.0 91.0 317.0
385.0 621.0 383.0 621.0
331.0 609.0 331.0 611.0
331.0 610.0 331.0 612.0
94.0 305.0 91.0 317.0
155.0 577.0 155.0 587.0
240.0 558.0 238.0 561.0
79.0 433.0 79.0 429.0
239.0 558.0 237.0 561.0
156.0 149.0 152.0 160.0
331.0 608.0 331.0 611.0
156.0 148.0 152.0 160.0
330.0 572.0 328.0 575.0
156.0 578.0 156.0 587.0
157.0 149.0 152.0 160.0
157.0 148.0 152.0 160.0
63.0 532.0 62.0 544.0
41.0 564.0 40.0 578.0
93.0 305.0 91.0 317.0
274.0 553.0 273.0 555.0
273.0 554.0 273.0 556.0
155.0 578.0 156.0 587.0
41.0 565.0 40.0 578.0
239.0 559.0 238.0 562.0
329.0 572.0 328.0 575.0
241.0 557.0 238.0 561.0
240.0 557.0 238.0 561.0
273.0 553.0 273.0 555.0
136.0 574.0 134.0 583.0
121.0 288.0 117.0 298.0
335.0 486.0 333.0 488.0
153.0 527.0 151.0 535.0
120.0 288.0 117.0 298.0
267.0 471.0 266.0 475.0
330.0 571.0 328.0 575.0
62.0 533.0 62.0 544.0
94.0 304.0 91.0 317.0
336.0 485.0 333.0 488.0
240.0 556.0 238.0 560.0
63.0 533.0 62.0 544.0
155.0 579.0 156.0 588.0
71.0 489.0 71.0 489.0
145.0 256.0 143.0 266.0
175.0 327.0 172.0 336.0
308.0 336.0 303.0 337.0
93.0 304.0 91.0 317.0
307.0 336.0 303.0 337.0
309.0 335.0 304.0 336.0
154.0 527.0 151.0 535.0
124.0 260.0 120.0 270.0
347.0 534.0 344.0 535.0
193.0 513.0 192.0 520.0
216.0 266.0 211.0 272.0
335.0 485.0 332.0 488.0
308.0 335.0 303.0 337.0
218.0 601.0 218.0 604.0
216.0 265.0 211.0 272.0
219.0 601.0 218.0 604.0
245.0 260.0 240.0 267.0
72.0 489.0 71.0 489.0
154.0 526.0 152.0 534.0
336.0 225.0 329.0 228.0
146.0 256.0 143.0 266.0
336.0 486.0 333.0 488.0
153.0 526.0 151.0 534.0
329.0 571.0 328.0 575.0
219.0 602.0 218.0 604.0
146.0 255.0 143.0 266.0
315.0 308.0 309.0 311.0
347.0 535.0 344.0 535.0
307.0 335.0 303.0 337.0
212.0 525.0 210.0 529.0
175.0 328.0 172.0 336.0
239.0 557.0 237.0 561.0
216.0 267.0 211.0 272.0
347.0 533.0 344.0 535.0
328.0 571.0 328.0 575.0
226.0 544.0 225.0 548.0
309.0 336.0 305.0 337.0
217.0 267.0 211.0 272.0
308.0 334.0 304.0 336.0
176.0 327.0 173.0 337.0
226.0 545.0 225.0 548.0
179.0 526.0 179.0 533.0
185.0 416.0 182.0 420.0
178.0 525.0 178.0 533.0
274.0 554.0 273.0 556.0
217.0 563.0 214.0 568.0
217.0 266.0 211.0 272.0
217.0 265.0 211.0 272.0
153.0 192.0 149.0 202.0
57.0 564.0 55.0 578.0
211.0 525.0 210.0 529.0
293.0 65.0 287.0 74.0
137.0 573.0 134.0 583.0
206.0 443.0 205.0 446.0
292.0 353.0 288.0 356.0
246.0 261.0 240.0 267.0
63.0 534.0 62.0 545.0
136.0 573.0 134.0 583.0
269.0 384.0 265.0 387.0
176.0 328.0 173.0 337.0
56.0 564.0 55.0 578.0
335.0 226.0 329.0 228.0
244.0 261.0 240.0 267.0
71.0 490.0 71.0 489.0
227.0 544.0 225.0 548.0
153.0 191.0 149.0 202.0
353.0 439.0 350.0 440.0
223.0 157.0 218.0 166.0
64.0 533.0 62.0 544.0
352.0 439.0 350.0 439.0
352.0 438.0 350.0 439.0
184.0 416.0 182.0 420.0
266.0 471.0 266.0 474.0
353.0 440.0 350.0 440.0
193.0 512.0 192.0 520.0
123.0 259.0 120.0 270.0
169.0 540.0 167.0 545.0
223.0 158.0 218.0 166.0
335.0 225.0 329.0 228.0
266.0 401.0 262.0 404.0
56.0 565.0 54.0 579.0
72.0 490.0 71.0 489.0
315.0 307.0 309.0 311.0
184.0 415.0 182.0 420.0
211.0 524.0 209.0 529.0
314.0 352.0 309.0 355.0
245.0 261.0 240.0 267.0
124.0 259.0 121.0 269.0
216.0 563.0 214.0 568.0
315.0 352.0 309.0 355.0
292.0 354.0 288.0 356.0
335.0 512.0 334.0 514.0
251.0 469.0 250.0 472.0
273.0 183.0 266.0 190.0
293.0 64.0 287.0 74.0
300.0 403.0 297.0 405.0
320.0 235.0 316.0 237.0
207.0 442.0 205.0 446.0
178.0 527.0 178.0 533.0
301.0 404.0 297.0 405.0
178.0 526.0 178.0 533.0
274.0 184.0 266.0 190.0
210.0 524.0 208.0 528.0
336.0 513.0 334.0 514.0
152.0 191.0 149.0 202.0
267.0 401.0 262.0 404.0
85.0 388.0 79.0 429.0
239.0 449.0 237.0 452.0
347.0 492.0 344.0 493.0
269.0 383.0 265.0 387.0
273.0 184.0 266.0 190.0
313.0 352.0 309.0 355.0
293.0 447.0 290.0 448.0
207.0 443.0 205.0 446.0
301.0 403.0 297.0 405.0
292.0 355.0 289.0 357.0
123.0 260.0 120.0 270.0
314.0 308.0 309.0 310.0
336.0 226.0 329.0 228.0
321.0 235.0 316.0 237.0
169.0 539.0 167.0 545.0
238.0 449.0 237.0 452.0
184.0 417.0 182.0 420.0
321.0 234.0 316.0 237.0
468.0 76.0 456.0 77.0
321.0 233.0 316.0 237.0
238.0 432.0 236.0 435.0
177.0 527.0 178.0 533.0
277.0 360.0 274.0 361.0
153.0 190.0 149.0 202.0
348.0 492.0 344.0 493.0
354.0 596.0 354.0 596.0
217.0 564.0 214.0 568.0
293.0 354.0 289.0 357.0
335.0 513.0 334.0 515.0
314.0 307.0 309.0 310.0
177.0 525.0 178.0 533.0
219.0 491.0 218.0 496.0
314.0 351.0 309.0 355.0
336.0 514.0 334.0 515.0
177.0 526.0 178.0 533.0
238.0 450.0 236.0 453.0
303.0 548.0 302.0 551.0
239.0 450.0 237.0 452.0
237.0 478.0 235.0 483.0
404.0 569.0 400.0 567.0
308.0 450.0 305.0 451.0
236.0 478.0 235.0 483.0
322.0 233.0 316.0 237.0
274.0 183.0 266.0 190.0
292.0 447.0 290.0 448.0
42.0 226.0 25.0 233.0
337.0 226.0 329.0 228.0
152.0 192.0 149.0 202.0
245.0 262.0 240.0 267.0
348.0 493.0 344.0 493.0
278.0 360.0 274.0 361.0
247.0 227.0 240.0 235.0
237.0 431.0 236.0 435.0
270.0 70.0 264.0 80.0
347.0 493.0 344.0 493.0
262.0 440.0 259.0 436.0
276.0 49.0 268.0 61.0
291.0 447.0 289.0 448.0
337.0 225.0 329.0 228.0
186.0 492.0 184.0 500.0
260.0 516.0 259.0 518.0
303.0 549.0 302.0 551.0
260.0 515.0 259.0 518.0
424.0 622.0 420.0 621.0
168.0 540.0 167.0 545.0
251.0 63.0 244.0 74.0
238.0 431.0 236.0 435.0
322.0 234.0 316.0 237.0
355.0 595.0 354.0 596.0
250.0 469.0 249.0 472.0
240.0 187.0 235.0 194.0
246.0 227.0 240.0 235.0
239.0 431.0 236.0 435.0
268.0 401.0 262.0 405.0
322.0 434.0 319.0 435.0
215.0 564.0 214.0 568.0
239.0 432.0 236.0 435.0
460.0 528.0 460.0 523.0
321.0 434.0 319.0 435.0
237.0 432.0 236.0 435.0
292.0 446.0 290.0 448.0
275.0 49.0 268.0 61.0
320.0 234.0 316.0 237.0
468.0 75.0 456.0 77.0
418.0 620.0 419.0 620.0
403.0 569.0 400.0 568.0
404.0 570.0 400.0 568.0
216.0 564.0 214.0 568.0
102.0 239.0 99.0 250.0
269.0 70.0 264.0 80.0
403.0 570.0 400.0 568.0
219.0 490.0 218.0 496.0
308.0 449.0 305.0 451.0
103.0 239.0 99.0 250.0
378.0 243.0 369.0 244.0
250.0 63.0 244.0 74.0
261.0 441.0 259.0 436.0
216.0 565.0 214.0 568.0
183.0 474.0 184.0 475.0
302.0 549.0 302.0 551.0
459.0 528.0 460.0 523.0
262.0 441.0 259.0 436.0
250.0 62.0 243.0 73.0
185.0 492.0 184.0 500.0
258.0 516.0 259.0 519.0
103.0 240.0 99.0 250.0
259.0 516.0 259.0 518.0
379.0 243.0 369.0 244.0
246.0 228.0 240.0 235.0
418.0 621.0 419.0 620.0
291.0 446.0 290.0 448.0
302.0 548.0 302.0 551.0
53.0 612.0 52.0 625.0
238.0 433.0 236.0 435.0
183.0 473.0 184.0 475.0
102.0 240.0 99.0 250.0
371.0 555.0 368.0 554.0
52.0 612.0 52.0 625.0
269.0 69.0 264.0 80.0
424.0 623.0 420.0 621.0
218.0 48.0 211.0 60.0
469.0 76.0 456.0 77.0
54.0 612.0 52.0 625.0
309.0 450.0 306.0 451.0
241.0 399.0 238.0 403.0
240.0 399.0 238.0 403.0
247.0 228.0 240.0 235.0
418.0 622.0 419.0 620.0
250.0 64.0 244.0 73.0
405.0 504.0 402.0 501.0
323.0 427.0 320.0 427.0
309.0 449.0 305.0 451.0
53.0 613.0 52.0 625.0
259.0 515.0 259.0 518.0
262.0 442.0 259.0 436.0
239.0 433.0 236.0 435.0
261.0 442.0 258.0 443.0
234.0 373.0 231.0 380.0
469.0 75.0 456.0 77.0
293.0 430.0 290.0 431.0
240.0 400.0 238.0 403.0
186.0 491.0 184.0 500.0
421.0 566.0 421.0 565.0
258.0 515.0 259.0 518.0
273.0 356.0 274.0 361.0
233.0 373.0 231.0 380.0
218.0 47.0 211.0 60.0
294.0 429.0 290.0 431.0
459.0 527.0 460.0 523.0
423.0 515.0 418.0 510.0
327.0 83.0 318.0 91.0
185.0 491.0 184.0 500.0
324.0 427.0 320.0 427.0
53.0 611.0 52.0 625.0
417.0 621.0 419.0 620.0
372.0 555.0 369.0 554.0
469.0 74.0 457.0 76.0
223.0 416.0 221.0 418.0
243.0 467.0 241.0 470.0
424.0 515.0 418.0 510.0
219.0 489.0 218.0 496.0
39.0 584.0 38.0 595.0
294.0 431.0 290.0 432.0
341.0 315.0 336.0 316.0
436.0 314.0 429.0 313.0
219.0 47.0 211.0 60.0
435.0 314.0 429.0 313.0
38.0 583.0 37.0 595.0
38.0 584.0 37.0 595.0
224.0 416.0 221.0 418.0
236.0 477.0 235.0 483.0
294.0 430.0 290.0 431.0
295.0 430.0 291.0 432.0
223.0 417.0 221.0 418.0
122.0 279.0 117.0 297.0
218.0 46.0 211.0 60.0
417.0 620.0 419.0 620.0
339.0 315.0 336.0 316.0
222.0 417.0 221.0 418.0
222.0 416.0 221.0 418.0
218.0 45.0 211.0 60.0
187.0 263.0 183.0 272.0
219.0 46.0 211.0 60.0
219.0 45.0 211.0 60.0
424.0 388.0 420.0 385.0
340.0 315.0 336.0 316.0
39.0 583.0 38.0 595.0
409.0 486.0 403.0 482.0
425.0 388.0 420.0 385.0
285.0 599.0 276.0 595.0
273.0 355.0 274.0 361.0
219.0 44.0 211.0 59.0
414.0 368.0 404.0 367.0
409.0 487.0 403.0 482.0
224.0 417.0 221.0 418.0
340.0 314.0 336.0 316.0
272.0 355.0 274.0 361.0
413.0 367.0 403.0 367.0
272.0 356.0 274.0 361.0
425.0 389.0 420.0 385.0
433.0 494.0 427.0 489.0
433.0 493.0 427.0 489.0
412.0 367.0 403.0 367.0
408.0 486.0 403.0 482.0
408.0 487.0 403.0 482.0
413.0 368.0 403.0 367.0
412.0 368.0 404.0 366.0
372.0 537.0 365.0 537.0
473.0 22.0 459.0 28.0
373.0 537.0 365.0 537.0
249.0 200.0 244.0 207.0
249.0 199.0 243.0 207.0
380.0 496.0 385.0 493.0
373.0 536.0 365.0 537.0
222.0 399.0 221.0 417.0
150.0 208.0 149.0 202.0
223.0 399.0 221.0 417.0
151.0 208.0 149.0 202.0
150.0 209.0 149.0 202.0
223.0 398.0 221.0 417.0
379.0 496.0 385.0 493.0
232.0 330.0 227.0 348.0
374.0 537.0 365.0 537.0
233.0 330.0 227.0 348.0
209.0 365.0 196.0 381.0
