351.0 405.0 356.0 407.0
351.0 406.0 356.0 407.0
350.0 407.0 356.0 407.0
350.0 406.0 356.0 407.0
351.0 407.0 356.0 408.0
352.0 557.0 361.0 559.0
175.0 243.0 179.0 251.0
223.0 176.0 225.0 185.0
206.0 180.0 208.0 189.0
354.0 558.0 363.0 560.0
353.0 557.0 362.0 559.0
206.0 179.0 208.0 189.0
353.0 558.0 362.0 560.0
223.0 177.0 225.0 185.0
288.0 371.0 292.0 374.0
467.0 212.0 466.0 213.0
205.0 179.0 208.0 189.0
227.0 317.0 232.0 322.0
354.0 557.0 362.0 559.0
308.0 145.0 309.0 152.0
465.0 211.0 466.0 213.0
466.0 212.0 466.0 213.0
466.0 211.0 466.0 213.0
288.0 404.0 294.0 407.0
143.0 69.0 145.0 82.0
376.0 367.0 382.0 368.0
60.0 111.0 63.0 125.0
287.0 371.0 292.0 374.0
205.0 180.0 208.0 189.0
287.0 428.0 293.0 431.0
465.0 212.0 466.0 213.0
235.0 314.0 239.0 319.0
159.0 227.0 162.0 235.0
356.0 516.0 362.0 518.0
174.0 243.0 178.0 252.0
288.0 370.0 292.0 374.0
222.0 176.0 225.0 185.0
288.0 405.0 294.0 408.0
235.0 313.0 239.0 319.0
308.0 144.0 309.0 152.0
377.0 367.0 382.0 368.0
372.0 522.0 381.0 524.0
222.0 177.0 225.0 185.0
60.0 112.0 63.0 125.0
307.0 145.0 309.0 152.0
159.0 226.0 162.0 235.0
306.0 144.0 309.0 152.0
234.0 315.0 238.0 321.0
159.0 225.0 162.0 235.0
355.0 516.0 362.0 518.0
307.0 144.0 309.0 152.0
307.0 143.0 309.0 152.0
85.0 251.0 90.0 259.0
143.0 70.0 145.0 82.0
354.0 516.0 362.0 518.0
427.0 195.0 428.0 199.0
288.0 403.0 294.0 407.0
206.0 169.0 209.0 177.0
25.0 539.0 30.0 546.0
293.0 462.0 301.0 465.0
26.0 539.0 30.0 546.0
86.0 251.0 90.0 259.0
236.0 314.0 239.0 321.0
377.0 368.0 382.0 368.0
287.0 404.0 293.0 407.0
158.0 226.0 162.0 235.0
84.0 251.0 90.0 259.0
288.0 427.0 294.0 430.0
373.0 521.0 381.0 524.0
308.0 609.0 318.0 613.0
61.0 110.0 64.0 123.0
378.0 367.0 382.0 368.0
25.0 538.0 30.0 545.0
428.0 196.0 428.0 199.0
372.0 521.0 381.0 524.0
378.0 368.0 382.0 368.0
61.0 111.0 63.0 125.0
234.0 314.0 239.0 319.0
447.0 181.0 447.0 186.0
293.0 461.0 301.0 465.0
14.0 255.0 19.0 266.0
287.0 403.0 293.0 406.0
300.0 371.0 304.0 373.0
448.0 181.0 447.0 186.0
294.0 462.0 301.0 465.0
60.0 110.0 63.0 122.0
355.0 515.0 362.0 518.0
315.0 368.0 320.0 371.0
45.0 184.0 48.0 196.0
83.0 251.0 90.0 259.0
221.0 177.0 225.0 185.0
287.0 427.0 293.0 431.0
235.0 315.0 239.0 321.0
428.0 195.0 429.0 199.0
354.0 515.0 362.0 518.0
24.0 539.0 30.0 545.0
294.0 461.0 301.0 465.0
158.0 225.0 162.0 235.0
461.0 64.0 458.0 73.0
201.0 65.0 202.0 79.0
221.0 438.0 226.0 444.0
419.0 166.0 419.0 174.0
252.0 488.0 259.0 492.0
308.0 608.0 318.0 613.0
133.0 395.0 139.0 402.0
13.0 255.0 19.0 266.0
44.0 184.0 48.0 196.0
128.0 512.0 133.0 518.0
85.0 250.0 90.0 259.0
44.0 183.0 48.0 196.0
427.0 196.0 428.0 199.0
44.0 185.0 48.0 196.0
288.0 426.0 293.0 430.0
221.0 439.0 226.0 444.0
133.0 394.0 139.0 401.0
307.0 608.0 318.0 613.0
446.0 181.0 447.0 186.0
314.0 368.0 320.0 371.0
45.0 185.0 48.0 196.0
450.0 94.0 447.0 103.0
14.0 256.0 19.0 266.0
256.0 395.0 260.0 400.0
299.0 371.0 304.0 373.0
447.0 182.0 447.0 186.0
314.0 369.0 320.0 371.0
252.0 490.0 259.0 494.0
419.0 167.0 419.0 174.0
132.0 395.0 139.0 401.0
181.0 105.0 183.0 116.0
447.0 180.0 447.0 186.0
144.0 287.0 149.0 295.0
419.0 168.0 419.0 174.0
202.0 65.0 202.0 79.0
25.0 540.0 30.0 546.0
253.0 489.0 260.0 493.0
253.0 488.0 259.0 492.0
127.0 512.0 133.0 518.0
134.0 394.0 139.0 401.0
166.0 515.0 173.0 522.0
115.0 244.0 120.0 253.0
446.0 182.0 447.0 186.0
219.0 416.0 225.0 421.0
418.0 166.0 418.0 172.0
257.0 395.0 261.0 400.0
13.0 256.0 19.0 267.0
287.0 426.0 293.0 429.0
165.0 515.0 173.0 522.0
202.0 64.0 202.0 79.0
201.0 64.0 202.0 79.0
24.0 474.0 29.0 484.0
84.0 250.0 90.0 259.0
252.0 489.0 259.0 492.0
333.0 433.0 340.0 436.0
333.0 435.0 340.0 436.0
12.0 255.0 18.0 266.0
140.0 247.0 142.0 257.0
198.0 531.0 206.0 538.0
180.0 445.0 184.0 452.0
420.0 167.0 419.0 174.0
315.0 369.0 320.0 371.0
418.0 167.0 418.0 174.0
299.0 370.0 304.0 373.0
431.0 94.0 429.0 104.0
319.0 394.0 324.0 396.0
127.0 513.0 133.0 518.0
123.0 534.0 130.0 542.0
180.0 444.0 184.0 452.0
165.0 514.0 173.0 522.0
462.0 65.0 458.0 73.0
23.0 474.0 29.0 484.0
446.0 180.0 446.0 186.0
198.0 532.0 206.0 538.0
21.0 450.0 26.0 459.0
65.0 259.0 69.0 267.0
20.0 30.0 24.0 15.0
352.0 432.0 358.0 434.0
318.0 394.0 324.0 396.0
127.0 511.0 133.0 518.0
179.0 445.0 184.0 452.0
334.0 434.0 340.0 436.0
20.0 29.0 24.0 15.0
466.0 16.0 466.0 14.0
32.0 131.0 34.0 145.0
123.0 533.0 130.0 542.0
196.0 422.0 202.0 428.0
105.0 524.0 111.0 532.0
24.0 475.0 29.0 484.0
318.0 395.0 324.0 396.0
132.0 394.0 139.0 401.0
170.0 335.0 175.0 341.0
462.0 64.0 458.0 73.0
20.0 450.0 26.0 459.0
99.0 273.0 104.0 281.0
199.0 532.0 206.0 538.0
333.0 434.0 340.0 436.0
466.0 17.0 461.0 27.0
328.0 564.0 337.0 567.0
105.0 523.0 110.0 531.0
126.0 380.0 131.0 387.0
220.0 439.0 226.0 444.0
105.0 522.0 110.0 531.0
139.0 247.0 142.0 257.0
125.0 47.0 126.0 60.0
140.0 248.0 142.0 257.0
126.0 512.0 133.0 518.0
179.0 444.0 184.0 452.0
201.0 63.0 202.0 79.0
316.0 584.0 326.0 588.0
317.0 584.0 326.0 588.0
317.0 585.0 326.0 588.0
329.0 563.0 338.0 566.0
352.0 433.0 358.0 434.0
353.0 433.0 358.0 434.0
98.0 273.0 102.0 281.0
139.0 248.0 142.0 257.0
93.0 33.0 96.0 46.0
317.0 586.0 326.0 588.0
43.0 184.0 48.0 196.0
316.0 585.0 326.0 588.0
166.0 514.0 173.0 522.0
199.0 531.0 206.0 538.0
129.0 494.0 135.0 501.0
170.0 334.0 175.0 341.0
304.0 441.0 311.0 444.0
43.0 183.0 48.0 196.0
330.0 564.0 338.0 567.0
21.0 29.0 24.0 15.0
21.0 451.0 26.0 459.0
354.0 432.0 359.0 433.0
104.0 194.0 108.0 204.0
122.0 534.0 130.0 542.0
151.0 562.0 158.0 568.0
21.0 30.0 24.0 15.0
432.0 94.0 429.0 104.0
111.0 455.0 117.0 463.0
8.0 573.0 14.0 581.0
353.0 432.0 358.0 434.0
100.0 549.0 107.0 559.0
138.0 248.0 142.0 257.0
202.0 63.0 202.0 79.0
151.0 561.0 158.0 568.0
150.0 563.0 158.0 568.0
42.0 459.0 49.0 467.0
329.0 565.0 337.0 567.0
138.0 247.0 142.0 256.0
98.0 272.0 102.0 281.0
450.0 93.0 447.0 103.0
433.0 122.0 429.0 123.0
111.0 454.0 117.0 463.0
42.0 458.0 49.0 467.0
112.0 454.0 117.0 463.0
43.0 458.0 49.0 467.0
125.0 46.0 126.0 60.0
149.0 562.0 158.0 568.0
120.0 549.0 127.0 560.0
150.0 562.0 158.0 568.0
20.0 451.0 26.0 459.0
125.0 380.0 131.0 387.0
103.0 194.0 108.0 204.0
329.0 564.0 338.0 567.0
126.0 46.0 127.0 61.0
53.0 169.0 59.0 180.0
126.0 379.0 131.0 386.0
53.0 168.0 59.0 180.0
286.0 561.0 294.0 565.0
110.0 455.0 117.0 463.0
125.0 379.0 131.0 387.0
41.0 458.0 49.0 467.0
104.0 195.0 108.0 204.0
86.0 91.0 89.0 105.0
49.0 579.0 58.0 590.0
149.0 561.0 158.0 568.0
318.0 585.0 326.0 588.0
101.0 549.0 107.0 559.0
122.0 533.0 130.0 542.0
110.0 454.0 117.0 463.0
150.0 561.0 158.0 568.0
143.0 466.0 150.0 473.0
432.0 93.0 429.0 104.0
130.0 494.0 135.0 501.0
103.0 195.0 108.0 204.0
143.0 465.0 149.0 473.0
53.0 167.0 59.0 180.0
49.0 473.0 53.0 483.0
129.0 493.0 135.0 501.0
225.0 565.0 234.0 571.0
180.0 502.0 187.0 510.0
214.0 328.0 220.0 334.0
135.0 442.0 141.0 452.0
142.0 465.0 149.0 473.0
214.0 329.0 219.0 335.0
68.0 558.0 73.0 568.0
64.0 431.0 67.0 437.0
18.0 239.0 21.0 250.0
130.0 493.0 135.0 501.0
107.0 383.0 115.0 397.0
102.0 549.0 107.0 559.0
63.0 430.0 67.0 437.0
153.0 483.0 159.0 490.0
180.0 503.0 187.0 510.0
161.0 232.0 162.0 235.0
18.0 238.0 21.0 250.0
124.0 181.0 126.0 189.0
5.0 596.0 11.0 606.0
215.0 328.0 220.0 334.0
49.0 581.0 58.0 590.0
433.0 93.0 429.0 104.0
6.0 596.0 11.0 606.0
100.0 404.0 105.0 413.0
49.0 580.0 58.0 590.0
54.0 169.0 59.0 180.0
5.0 597.0 11.0 606.0
123.0 180.0 126.0 189.0
6.0 597.0 11.0 606.0
67.0 558.0 73.0 568.0
225.0 564.0 234.0 571.0
100.0 405.0 105.0 413.0
160.0 232.0 162.0 235.0
67.0 557.0 73.0 568.0
123.0 181.0 126.0 189.0
137.0 197.0 141.0 209.0
434.0 122.0 429.0 123.0
48.0 473.0 53.0 482.0
48.0 472.0 53.0 482.0
139.0 198.0 141.0 209.0
100.0 406.0 105.0 413.0
434.0 123.0 429.0 123.0
54.0 167.0 59.0 180.0
124.0 182.0 126.0 189.0
138.0 198.0 141.0 209.0
63.0 431.0 67.0 437.0
152.0 483.0 158.0 490.0
137.0 198.0 141.0 209.0
138.0 197.0 141.0 209.0
153.0 482.0 159.0 490.0
54.0 168.0 59.0 180.0
123.0 182.0 126.0 189.0
138.0 199.0 141.0 209.0
107.0 382.0 100.0 387.0
62.0 431.0 67.0 437.0
139.0 199.0 141.0 209.0
19.0 239.0 21.0 250.0
151.0 483.0 158.0 490.0
35.0 434.0 41.0 440.0
152.0 482.0 158.0 489.0
19.0 238.0 21.0 250.0
42.0 567.0 53.0 577.0
34.0 433.0 41.0 440.0
36.0 433.0 41.0 440.0
42.0 566.0 53.0 577.0
417.0 16.0 399.0 7.0
170.0 491.0 177.0 498.0
35.0 433.0 41.0 440.0
151.0 482.0 158.0 489.0
56.0 45.0 60.0 58.0
123.0 199.0 126.0 208.0
20.0 238.0 21.0 250.0
41.0 566.0 53.0 577.0
170.0 490.0 177.0 498.0
169.0 490.0 177.0 498.0
122.0 198.0 125.0 208.0
109.0 255.0 119.0 254.0
44.0 260.0 42.0 269.0
20.0 239.0 21.0 250.0
122.0 199.0 125.0 208.0
128.0 452.0 140.0 454.0
329.0 468.0 329.0 468.0
108.0 255.0 119.0 254.0
329.0 469.0 329.0 469.0
129.0 453.0 140.0 454.0
128.0 453.0 140.0 454.0
24.0 622.0 11.0 606.0
128.0 454.0 140.0 454.0
108.0 256.0 119.0 254.0
99.0 481.0 115.0 481.0
163.0 465.0 170.0 480.0
23.0 621.0 11.0 606.0
23.0 622.0 11.0 606.0
259.0 549.0 274.0 540.0
257.0 560.0 264.0 587.0
259.0 550.0 274.0 540.0
256.0 560.0 264.0 587.0
99.0 482.0 115.0 481.0
