58.0 123.0 67.0 123.0
59.0 123.0 67.0 123.0
177.0 291.0 186.0 292.0
285.0 502.0 292.0 503.0
58.0 124.0 67.0 123.0
179.0 355.0 189.0 356.0
58.0 122.0 67.0 122.0
57.0 81.0 65.0 80.0
59.0 122.0 67.0 123.0
57.0 82.0 65.0 80.0
178.0 291.0 187.0 292.0
179.0 356.0 189.0 356.0
315.0 580.0 323.0 579.0
180.0 356.0 189.0 356.0
214.0 359.0 223.0 361.0
316.0 581.0 322.0 579.0
458.0 464.0 462.0 468.0
285.0 503.0 292.0 503.0
286.0 502.0 292.0 503.0
317.0 581.0 323.0 579.0
316.0 580.0 323.0 579.0
346.0 495.0 351.0 496.0
57.0 80.0 64.0 80.0
389.0 79.0 399.0 85.0
56.0 81.0 65.0 80.0
458.0 465.0 462.0 468.0
403.0 292.0 411.0 298.0
224.0 376.0 233.0 377.0
390.0 79.0 399.0 85.0
317.0 580.0 323.0 579.0
414.0 239.0 421.0 246.0
223.0 376.0 233.0 377.0
454.0 291.0 460.0 298.0
236.0 531.0 242.0 530.0
269.0 109.0 277.0 113.0
55.0 81.0 64.0 80.0
414.0 240.0 421.0 246.0
178.0 52.0 187.0 54.0
302.0 246.0 310.0 251.0
56.0 83.0 65.0 81.0
180.0 355.0 189.0 356.0
415.0 239.0 421.0 246.0
56.0 80.0 64.0 80.0
224.0 375.0 233.0 377.0
286.0 503.0 293.0 503.0
56.0 82.0 65.0 80.0
185.0 110.0 193.0 112.0
132.0 127.0 142.0 129.0
140.0 434.0 149.0 433.0
223.0 375.0 232.0 377.0
288.0 483.0 295.0 484.0
457.0 464.0 462.0 468.0
267.0 511.0 275.0 510.0
175.0 371.0 185.0 372.0
288.0 484.0 295.0 484.0
179.0 52.0 187.0 54.0
329.0 514.0 335.0 515.0
219.0 266.0 227.0 269.0
288.0 485.0 295.0 484.0
174.0 372.0 185.0 372.0
175.0 372.0 185.0 372.0
364.0 332.0 371.0 337.0
291.0 452.0 299.0 452.0
198.0 400.0 207.0 401.0
364.0 333.0 371.0 337.0
215.0 358.0 223.0 361.0
403.0 293.0 411.0 298.0
268.0 510.0 275.0 510.0
330.0 514.0 335.0 515.0
458.0 466.0 462.0 468.0
270.0 109.0 277.0 113.0
27.0 96.0 34.0 93.0
303.0 246.0 310.0 251.0
153.0 243.0 163.0 245.0
216.0 359.0 223.0 361.0
315.0 483.0 321.0 484.0
251.0 551.0 257.0 550.0
276.0 144.0 285.0 148.0
267.0 510.0 274.0 510.0
223.0 374.0 232.0 377.0
184.0 510.0 194.0 508.0
164.0 324.0 173.0 324.0
155.0 295.0 164.0 296.0
140.0 435.0 149.0 434.0
215.0 359.0 223.0 361.0
188.0 578.0 197.0 575.0
346.0 494.0 351.0 496.0
211.0 448.0 220.0 449.0
181.0 422.0 191.0 422.0
211.0 449.0 221.0 449.0
212.0 450.0 221.0 450.0
127.0 273.0 137.0 273.0
276.0 143.0 285.0 148.0
287.0 484.0 295.0 484.0
139.0 435.0 149.0 434.0
415.0 240.0 421.0 246.0
176.0 372.0 185.0 372.0
465.0 570.0 469.0 571.0
329.0 515.0 335.0 515.0
275.0 144.0 285.0 148.0
252.0 321.0 260.0 323.0
363.0 332.0 371.0 337.0
365.0 333.0 371.0 337.0
133.0 128.0 142.0 129.0
276.0 145.0 285.0 149.0
133.0 127.0 142.0 129.0
252.0 322.0 260.0 323.0
454.0 293.0 460.0 298.0
345.0 494.0 351.0 496.0
267.0 509.0 274.0 510.0
199.0 400.0 207.0 401.0
161.0 411.0 172.0 410.0
464.0 634.0 466.0 633.0
291.0 451.0 299.0 452.0
125.0 469.0 136.0 466.0
314.0 482.0 321.0 484.0
455.0 292.0 460.0 298.0
140.0 436.0 149.0 434.0
457.0 465.0 462.0 468.0
253.0 321.0 260.0 323.0
102.0 212.0 111.0 213.0
239.0 339.0 249.0 341.0
454.0 292.0 460.0 298.0
139.0 434.0 149.0 433.0
44.0 326.0 53.0 326.0
193.0 240.0 204.0 242.0
211.0 450.0 221.0 449.0
188.0 579.0 197.0 575.0
175.0 373.0 184.0 373.0
127.0 274.0 137.0 273.0
339.0 401.0 347.0 404.0
181.0 421.0 191.0 421.0
399.0 105.0 407.0 110.0
186.0 109.0 193.0 112.0
26.0 97.0 34.0 93.0
26.0 437.0 32.0 437.0
183.0 510.0 194.0 508.0
455.0 293.0 460.0 298.0
184.0 110.0 193.0 112.0
240.0 339.0 249.0 341.0
181.0 356.0 189.0 356.0
239.0 338.0 249.0 341.0
163.0 411.0 172.0 411.0
266.0 510.0 274.0 510.0
137.0 329.0 147.0 329.0
339.0 400.0 347.0 404.0
45.0 203.0 54.0 203.0
292.0 452.0 299.0 452.0
154.0 295.0 164.0 296.0
25.0 437.0 32.0 437.0
155.0 297.0 164.0 296.0
55.0 304.0 65.0 304.0
323.0 301.0 331.0 306.0
200.0 400.0 207.0 401.0
251.0 550.0 257.0 550.0
241.0 338.0 249.0 340.0
155.0 296.0 164.0 296.0
152.0 243.0 163.0 245.0
324.0 302.0 331.0 306.0
212.0 449.0 221.0 449.0
146.0 505.0 157.0 504.0
345.0 495.0 351.0 496.0
155.0 367.0 165.0 367.0
233.0 64.0 243.0 67.0
159.0 243.0 169.0 246.0
275.0 143.0 285.0 148.0
400.0 104.0 408.0 110.0
218.0 266.0 227.0 269.0
314.0 483.0 321.0 484.0
465.0 568.0 469.0 570.0
345.0 496.0 351.0 496.0
26.0 436.0 32.0 437.0
125.0 467.0 137.0 465.0
139.0 436.0 149.0 434.0
25.0 436.0 33.0 436.0
338.0 308.0 346.0 312.0
238.0 338.0 249.0 341.0
199.0 399.0 206.0 401.0
280.0 79.0 289.0 85.0
164.0 411.0 172.0 411.0
298.0 568.0 305.0 566.0
338.0 307.0 346.0 312.0
292.0 451.0 299.0 452.0
126.0 468.0 138.0 466.0
212.0 448.0 221.0 449.0
125.0 468.0 137.0 465.0
240.0 338.0 249.0 340.0
153.0 296.0 163.0 297.0
126.0 467.0 138.0 466.0
182.0 422.0 191.0 422.0
250.0 551.0 257.0 550.0
399.0 103.0 407.0 110.0
323.0 302.0 331.0 306.0
55.0 305.0 65.0 304.0
154.0 296.0 164.0 296.0
56.0 305.0 65.0 304.0
298.0 567.0 305.0 566.0
133.0 361.0 143.0 361.0
314.0 484.0 321.0 484.0
361.0 423.0 368.0 426.0
200.0 399.0 207.0 401.0
358.0 290.0 367.0 295.0
399.0 104.0 407.0 110.0
386.0 547.0 390.0 546.0
44.0 327.0 54.0 326.0
368.0 157.0 375.0 163.0
233.0 63.0 243.0 67.0
187.0 579.0 197.0 575.0
102.0 213.0 111.0 213.0
185.0 109.0 193.0 112.0
45.0 204.0 54.0 203.0
226.0 88.0 236.0 92.0
340.0 401.0 347.0 404.0
368.0 158.0 375.0 163.0
131.0 177.0 140.0 178.0
341.0 284.0 349.0 288.0
154.0 297.0 163.0 297.0
182.0 421.0 192.0 421.0
83.0 489.0 94.0 485.0
56.0 304.0 65.0 304.0
349.0 535.0 356.0 535.0
83.0 488.0 94.0 485.0
62.0 187.0 72.0 187.0
193.0 159.0 202.0 162.0
43.0 326.0 53.0 326.0
27.0 97.0 34.0 93.0
193.0 158.0 202.0 161.0
256.0 491.0 263.0 491.0
350.0 535.0 356.0 535.0
118.0 246.0 128.0 247.0
199.0 48.0 208.0 51.0
221.0 212.0 229.0 214.0
46.0 204.0 54.0 203.0
43.0 327.0 53.0 326.0
225.0 88.0 236.0 92.0
233.0 196.0 242.0 201.0
261.0 232.0 270.0 235.0
19.0 143.0 29.0 142.0
289.0 393.0 298.0 394.0
155.0 368.0 165.0 367.0
103.0 213.0 111.0 213.0
192.0 159.0 202.0 161.0
192.0 158.0 202.0 161.0
349.0 534.0 356.0 535.0
278.0 80.0 287.0 85.0
224.0 20.0 232.0 23.0
368.0 156.0 375.0 163.0
337.0 307.0 346.0 312.0
342.0 284.0 349.0 288.0
361.0 550.0 368.0 551.0
277.0 80.0 287.0 85.0
256.0 490.0 264.0 490.0
289.0 392.0 298.0 394.0
340.0 400.0 347.0 404.0
184.0 109.0 193.0 112.0
134.0 361.0 143.0 360.0
183.0 422.0 192.0 421.0
364.0 448.0 370.0 450.0
198.0 48.0 208.0 51.0
133.0 360.0 143.0 361.0
176.0 373.0 184.0 373.0
337.0 308.0 346.0 312.0
84.0 488.0 94.0 485.0
84.0 489.0 94.0 485.0
344.0 495.0 351.0 496.0
103.0 214.0 111.0 213.0
118.0 247.0 128.0 247.0
398.0 104.0 407.0 110.0
362.0 550.0 368.0 551.0
151.0 227.0 161.0 230.0
369.0 157.0 375.0 163.0
82.0 488.0 94.0 485.0
233.0 429.0 240.0 429.0
20.0 142.0 29.0 142.0
182.0 490.0 191.0 489.0
223.0 19.0 232.0 23.0
361.0 551.0 368.0 551.0
250.0 550.0 257.0 550.0
313.0 482.0 321.0 484.0
313.0 483.0 321.0 484.0
277.0 79.0 287.0 85.0
279.0 79.0 289.0 85.0
398.0 103.0 407.0 110.0
13.0 323.0 19.0 321.0
152.0 227.0 161.0 230.0
360.0 423.0 368.0 426.0
231.0 429.0 240.0 429.0
46.0 203.0 54.0 203.0
224.0 88.0 235.0 92.0
362.0 551.0 368.0 551.0
239.0 225.0 248.0 230.0
20.0 143.0 29.0 142.0
224.0 87.0 235.0 92.0
367.0 156.0 375.0 163.0
181.0 489.0 192.0 488.0
363.0 551.0 369.0 550.0
367.0 157.0 375.0 163.0
67.0 579.0 77.0 574.0
344.0 494.0 351.0 496.0
255.0 490.0 264.0 490.0
240.0 225.0 248.0 230.0
290.0 393.0 298.0 394.0
224.0 89.0 235.0 93.0
225.0 87.0 236.0 92.0
232.0 429.0 240.0 429.0
182.0 210.0 191.0 212.0
134.0 360.0 143.0 360.0
183.0 211.0 191.0 212.0
313.0 484.0 321.0 484.0
279.0 80.0 289.0 85.0
220.0 211.0 229.0 214.0
254.0 491.0 264.0 490.0
232.0 430.0 240.0 429.0
248.0 41.0 258.0 45.0
224.0 19.0 232.0 23.0
47.0 372.0 57.0 371.0
225.0 89.0 236.0 92.0
220.0 212.0 229.0 214.0
333.0 422.0 340.0 424.0
333.0 421.0 340.0 424.0
255.0 491.0 263.0 491.0
68.0 579.0 77.0 574.0
268.0 234.0 277.0 238.0
47.0 373.0 57.0 371.0
21.0 143.0 29.0 142.0
247.0 41.0 258.0 45.0
290.0 392.0 298.0 394.0
337.0 306.0 346.0 312.0
419.0 283.0 427.0 290.0
14.0 322.0 19.0 321.0
248.0 40.0 258.0 45.0
119.0 246.0 128.0 247.0
183.0 490.0 191.0 489.0
182.0 489.0 192.0 488.0
12.0 322.0 19.0 321.0
185.0 539.0 195.0 535.0
13.0 322.0 19.0 321.0
278.0 79.0 287.0 85.0
183.0 489.0 191.0 489.0
121.0 219.0 134.0 213.0
247.0 40.0 258.0 45.0
141.0 561.0 151.0 557.0
332.0 422.0 340.0 424.0
332.0 421.0 340.0 424.0
48.0 372.0 57.0 371.0
406.0 263.0 414.0 269.0
119.0 247.0 128.0 247.0
140.0 561.0 151.0 557.0
144.0 180.0 152.0 182.0
43.0 603.0 53.0 597.0
3.0 174.0 11.0 173.0
2.0 174.0 11.0 173.0
13.0 278.0 24.0 278.0
287.0 20.0 297.0 25.0
143.0 179.0 152.0 181.0
12.0 279.0 24.0 278.0
286.0 19.0 297.0 25.0
193.0 599.0 201.0 595.0
380.0 230.0 388.0 236.0
380.0 229.0 388.0 236.0
47.0 371.0 57.0 371.0
287.0 19.0 297.0 25.0
13.0 279.0 24.0 278.0
287.0 18.0 297.0 25.0
12.0 278.0 24.0 278.0
192.0 599.0 201.0 595.0
3.0 175.0 11.0 173.0
191.0 599.0 201.0 595.0
11.0 279.0 24.0 278.0
263.0 49.0 272.0 54.0
338.0 43.0 350.0 49.0
263.0 48.0 272.0 53.0
339.0 43.0 350.0 49.0
369.0 549.0 369.0 550.0
405.0 228.0 421.0 246.0
340.0 43.0 350.0 49.0
146.0 420.0 163.0 423.0
312.0 363.0 314.0 365.0
313.0 363.0 314.0 365.0
229.0 70.0 243.0 67.0
405.0 229.0 421.0 246.0
338.0 42.0 350.0 49.0
339.0 42.0 350.0 49.0
404.0 229.0 421.0 246.0
340.0 42.0 350.0 49.0
151.0 363.0 165.0 367.0
207.0 378.0 231.0 376.0
219.0 398.0 227.0 407.0
150.0 363.0 165.0 367.0
182.0 558.0 197.0 574.0
150.0 362.0 165.0 367.0
218.0 398.0 227.0 407.0
207.0 377.0 231.0 376.0
143.0 210.0 160.0 228.0
144.0 210.0 161.0 228.0
477.0 587.0 469.0 571.0
186.0 398.0 206.0 401.0
45.0 386.0 57.0 371.0
