369.0 350.0 366.0 349.0
370.0 350.0 366.0 349.0
153.0 626.0 154.0 626.0
153.0 625.0 154.0 626.0
419.0 433.0 416.0 431.0
369.0 351.0 366.0 349.0
325.0 568.0 322.0 566.0
323.0 568.0 321.0 565.0
324.0 568.0 322.0 566.0
368.0 351.0 366.0 349.0
418.0 432.0 416.0 431.0
365.0 516.0 363.0 514.0
368.0 350.0 365.0 349.0
7.0 609.0 9.0 613.0
350.0 489.0 348.0 486.0
370.0 351.0 366.0 349.0
8.0 609.0 9.0 613.0
323.0 567.0 321.0 565.0
9.0 609.0 9.0 613.0
419.0 432.0 416.0 431.0
418.0 433.0 416.0 431.0
7.0 608.0 9.0 613.0
351.0 488.0 348.0 487.0
8.0 608.0 9.0 613.0
324.0 567.0 321.0 565.0
8.0 610.0 9.0 613.0
350.0 488.0 348.0 486.0
9.0 608.0 9.0 613.0
351.0 489.0 348.0 486.0
203.0 355.0 201.0 355.0
351.0 487.0 348.0 487.0
325.0 567.0 322.0 566.0
360.0 561.0 356.0 559.0
203.0 356.0 201.0 355.0
331.0 490.0 328.0 490.0
359.0 560.0 356.0 559.0
152.0 625.0 154.0 626.0
248.0 305.0 244.0 305.0
358.0 560.0 356.0 559.0
266.0 593.0 265.0 593.0
358.0 561.0 356.0 559.0
265.0 594.0 265.0 593.0
360.0 560.0 356.0 559.0
326.0 568.0 322.0 566.0
300.0 386.0 299.0 385.0
397.0 544.0 395.0 540.0
397.0 543.0 395.0 540.0
331.0 491.0 328.0 490.0
359.0 561.0 356.0 559.0
295.0 354.0 292.0 353.0
370.0 444.0 366.0 441.0
397.0 542.0 395.0 540.0
296.0 355.0 292.0 353.0
203.0 354.0 201.0 355.0
301.0 386.0 299.0 385.0
318.0 165.0 312.0 165.0
238.0 338.0 235.0 337.0
270.0 613.0 270.0 611.0
296.0 354.0 293.0 353.0
369.0 445.0 366.0 442.0
204.0 355.0 201.0 355.0
396.0 543.0 394.0 540.0
272.0 321.0 269.0 321.0
273.0 321.0 269.0 321.0
139.0 571.0 140.0 572.0
49.0 417.0 49.0 420.0
366.0 516.0 363.0 513.0
408.0 626.0 406.0 621.0
317.0 465.0 314.0 464.0
271.0 614.0 270.0 612.0
238.0 337.0 235.0 337.0
464.0 103.0 458.0 99.0
77.0 423.0 74.0 426.0
365.0 409.0 362.0 406.0
272.0 322.0 269.0 321.0
265.0 592.0 264.0 591.0
396.0 544.0 394.0 540.0
370.0 446.0 367.0 443.0
239.0 338.0 235.0 337.0
464.0 102.0 458.0 99.0
265.0 593.0 265.0 593.0
371.0 444.0 367.0 442.0
139.0 570.0 140.0 572.0
326.0 567.0 323.0 565.0
133.0 594.0 133.0 598.0
408.0 625.0 406.0 621.0
215.0 424.0 213.0 424.0
271.0 613.0 270.0 612.0
138.0 571.0 139.0 573.0
407.0 624.0 406.0 621.0
370.0 445.0 366.0 441.0
247.0 305.0 244.0 305.0
337.0 558.0 335.0 555.0
228.0 266.0 223.0 265.0
301.0 387.0 299.0 386.0
337.0 557.0 335.0 555.0
228.0 265.0 223.0 265.0
273.0 322.0 269.0 321.0
271.0 612.0 270.0 611.0
365.0 517.0 363.0 514.0
134.0 594.0 133.0 598.0
371.0 445.0 367.0 442.0
332.0 491.0 329.0 489.0
237.0 338.0 235.0 337.0
215.0 423.0 213.0 424.0
327.0 567.0 324.0 565.0
377.0 483.0 373.0 480.0
317.0 164.0 312.0 164.0
134.0 595.0 133.0 598.0
411.0 377.0 407.0 373.0
202.0 355.0 200.0 355.0
336.0 556.0 334.0 554.0
404.0 439.0 401.0 436.0
138.0 570.0 139.0 572.0
411.0 378.0 407.0 373.0
317.0 165.0 312.0 164.0
466.0 602.0 463.0 597.0
337.0 556.0 335.0 555.0
237.0 337.0 235.0 337.0
376.0 483.0 373.0 480.0
375.0 48.0 369.0 47.0
240.0 330.0 237.0 330.0
228.0 267.0 224.0 266.0
75.0 423.0 74.0 426.0
76.0 422.0 74.0 426.0
240.0 331.0 237.0 330.0
326.0 340.0 323.0 339.0
378.0 484.0 373.0 480.0
441.0 153.0 434.0 151.0
133.0 595.0 133.0 598.0
374.0 48.0 369.0 47.0
318.0 166.0 312.0 165.0
407.0 626.0 406.0 621.0
336.0 557.0 335.0 555.0
439.0 153.0 434.0 151.0
374.0 369.0 370.0 367.0
202.0 354.0 200.0 355.0
216.0 424.0 213.0 424.0
75.0 422.0 74.0 426.0
402.0 185.0 396.0 182.0
400.0 185.0 395.0 182.0
404.0 440.0 401.0 436.0
216.0 423.0 213.0 424.0
429.0 622.0 426.0 618.0
76.0 423.0 74.0 426.0
440.0 282.0 436.0 279.0
122.0 629.0 123.0 631.0
299.0 386.0 299.0 385.0
399.0 184.0 395.0 182.0
374.0 370.0 370.0 367.0
290.0 584.0 289.0 583.0
300.0 387.0 299.0 385.0
75.0 204.0 68.0 204.0
328.0 634.0 326.0 631.0
371.0 446.0 367.0 442.0
418.0 612.0 416.0 608.0
440.0 153.0 434.0 151.0
58.0 419.0 57.0 424.0
336.0 458.0 333.0 455.0
407.0 625.0 406.0 621.0
417.0 613.0 416.0 608.0
462.0 406.0 457.0 402.0
317.0 166.0 312.0 165.0
401.0 185.0 396.0 182.0
400.0 184.0 395.0 182.0
215.0 425.0 213.0 424.0
76.0 424.0 74.0 426.0
466.0 603.0 463.0 597.0
328.0 633.0 326.0 631.0
227.0 267.0 223.0 267.0
365.0 408.0 362.0 406.0
411.0 376.0 407.0 373.0
401.0 184.0 395.0 182.0
419.0 191.0 415.0 189.0
57.0 418.0 57.0 424.0
241.0 330.0 237.0 330.0
133.0 596.0 133.0 598.0
376.0 48.0 369.0 46.0
418.0 191.0 415.0 189.0
465.0 602.0 463.0 597.0
227.0 266.0 223.0 265.0
439.0 152.0 435.0 150.0
305.0 635.0 305.0 632.0
32.0 415.0 30.0 418.0
299.0 235.0 294.0 235.0
393.0 452.0 390.0 450.0
57.0 419.0 57.0 424.0
317.0 466.0 314.0 464.0
336.0 558.0 335.0 555.0
441.0 152.0 435.0 150.0
241.0 331.0 237.0 330.0
405.0 439.0 401.0 436.0
366.0 409.0 362.0 406.0
467.0 603.0 464.0 598.0
240.0 329.0 237.0 330.0
229.0 266.0 224.0 266.0
375.0 369.0 370.0 367.0
327.0 341.0 323.0 339.0
109.0 526.0 107.0 529.0
402.0 184.0 396.0 182.0
441.0 283.0 436.0 279.0
121.0 630.0 122.0 631.0
462.0 405.0 457.0 402.0
283.0 551.0 282.0 549.0
442.0 282.0 436.0 279.0
366.0 408.0 362.0 406.0
245.0 313.0 242.0 313.0
291.0 411.0 288.0 410.0
392.0 452.0 389.0 450.0
419.0 192.0 414.0 190.0
227.0 265.0 223.0 265.0
360.0 562.0 356.0 559.0
328.0 341.0 323.0 339.0
299.0 236.0 294.0 235.0
57.0 420.0 57.0 424.0
461.0 406.0 457.0 402.0
337.0 458.0 334.0 456.0
467.0 602.0 463.0 597.0
428.0 622.0 426.0 618.0
58.0 418.0 57.0 424.0
381.0 423.0 377.0 421.0
32.0 416.0 30.0 418.0
378.0 483.0 373.0 480.0
299.0 237.0 294.0 235.0
121.0 629.0 122.0 631.0
292.0 411.0 289.0 411.0
420.0 192.0 414.0 190.0
440.0 283.0 436.0 279.0
337.0 457.0 334.0 456.0
381.0 424.0 377.0 421.0
428.0 623.0 426.0 618.0
174.0 347.0 172.0 349.0
440.0 152.0 435.0 150.0
379.0 483.0 373.0 480.0
175.0 347.0 172.0 349.0
76.0 425.0 74.0 426.0
442.0 283.0 436.0 279.0
465.0 603.0 463.0 597.0
375.0 370.0 370.0 367.0
417.0 612.0 415.0 608.0
433.0 236.0 428.0 234.0
335.0 457.0 333.0 455.0
23.0 326.0 19.0 329.0
441.0 282.0 436.0 279.0
432.0 568.0 429.0 564.0
380.0 483.0 373.0 480.0
336.0 457.0 333.0 455.0
380.0 424.0 377.0 421.0
179.0 446.0 177.0 446.0
23.0 325.0 19.0 329.0
318.0 584.0 317.0 582.0
461.0 407.0 457.0 403.0
321.0 600.0 321.0 597.0
24.0 325.0 19.0 329.0
360.0 468.0 356.0 465.0
380.0 423.0 377.0 421.0
393.0 453.0 390.0 450.0
41.0 31.0 35.0 37.0
104.0 628.0 105.0 629.0
465.0 102.0 458.0 99.0
34.0 538.0 32.0 542.0
283.0 552.0 282.0 549.0
462.0 479.0 459.0 475.0
427.0 623.0 426.0 618.0
433.0 567.0 429.0 564.0
418.0 192.0 414.0 190.0
17.0 510.0 17.0 513.0
2.0 375.0 2.0 380.0
300.0 236.0 294.0 235.0
465.0 103.0 458.0 99.0
3.0 375.0 2.0 380.0
318.0 583.0 317.0 582.0
291.0 584.0 290.0 582.0
458.0 618.0 454.0 612.0
24.0 326.0 19.0 329.0
178.0 446.0 177.0 446.0
433.0 237.0 428.0 234.0
292.0 410.0 288.0 411.0
432.0 567.0 429.0 564.0
178.0 447.0 177.0 446.0
300.0 237.0 294.0 235.0
290.0 585.0 290.0 582.0
335.0 458.0 333.0 456.0
33.0 538.0 32.0 542.0
338.0 474.0 336.0 473.0
457.0 617.0 454.0 612.0
450.0 388.0 446.0 384.0
43.0 32.0 36.0 37.0
334.0 534.0 332.0 532.0
465.0 104.0 458.0 100.0
105.0 628.0 105.0 629.0
336.0 456.0 333.0 455.0
360.0 467.0 356.0 465.0
380.0 484.0 374.0 480.0
33.0 537.0 32.0 542.0
297.0 534.0 295.0 532.0
375.0 368.0 370.0 367.0
17.0 533.0 15.0 538.0
321.0 599.0 321.0 597.0
284.0 553.0 282.0 549.0
41.0 32.0 35.0 37.0
370.0 386.0 367.0 384.0
461.0 480.0 459.0 475.0
427.0 622.0 426.0 618.0
17.0 509.0 17.0 513.0
42.0 31.0 35.0 36.0
43.0 33.0 36.0 37.0
460.0 406.0 457.0 402.0
16.0 533.0 15.0 538.0
458.0 617.0 454.0 612.0
42.0 33.0 36.0 37.0
291.0 585.0 290.0 582.0
284.0 552.0 282.0 549.0
425.0 138.0 418.0 136.0
3.0 376.0 2.0 380.0
42.0 32.0 36.0 37.0
336.0 459.0 333.0 456.0
457.0 616.0 454.0 612.0
74.0 197.0 69.0 203.0
298.0 534.0 295.0 532.0
284.0 551.0 282.0 549.0
18.0 510.0 17.0 513.0
459.0 617.0 454.0 612.0
440.0 213.0 434.0 209.0
34.0 537.0 32.0 542.0
462.0 480.0 459.0 475.0
23.0 327.0 19.0 329.0
339.0 475.0 336.0 473.0
317.0 583.0 317.0 580.0
41.0 34.0 36.0 38.0
370.0 387.0 367.0 384.0
439.0 211.0 434.0 209.0
105.0 627.0 106.0 628.0
15.0 533.0 15.0 538.0
458.0 616.0 454.0 612.0
113.0 337.0 110.0 339.0
157.0 108.0 150.0 110.0
73.0 197.0 69.0 203.0
42.0 34.0 36.0 37.0
422.0 349.0 420.0 345.0
41.0 33.0 36.0 37.0
104.0 627.0 106.0 628.0
439.0 213.0 434.0 209.0
157.0 109.0 150.0 110.0
463.0 479.0 459.0 475.0
423.0 139.0 417.0 136.0
438.0 398.0 432.0 393.0
105.0 626.0 106.0 628.0
110.0 88.0 96.0 91.0
441.0 136.0 436.0 133.0
371.0 387.0 367.0 384.0
18.0 509.0 17.0 513.0
424.0 138.0 418.0 136.0
440.0 211.0 434.0 209.0
74.0 198.0 69.0 203.0
73.0 198.0 69.0 203.0
294.0 255.0 289.0 254.0
424.0 139.0 417.0 136.0
294.0 254.0 290.0 254.0
439.0 212.0 434.0 209.0
339.0 474.0 336.0 473.0
292.0 256.0 289.0 254.0
111.0 88.0 96.0 91.0
462.0 481.0 459.0 475.0
94.0 208.0 68.0 204.0
440.0 212.0 434.0 209.0
461.0 481.0 459.0 475.0
434.0 236.0 428.0 234.0
41.0 416.0 30.0 418.0
293.0 254.0 289.0 254.0
371.0 388.0 367.0 384.0
434.0 237.0 428.0 234.0
104.0 626.0 106.0 628.0
293.0 255.0 289.0 254.0
15.0 534.0 15.0 538.0
442.0 135.0 435.0 133.0
292.0 255.0 289.0 254.0
370.0 388.0 367.0 384.0
292.0 254.0 289.0 253.0
442.0 136.0 435.0 133.0
423.0 138.0 418.0 136.0
386.0 277.0 380.0 275.0
189.0 411.0 187.0 411.0
386.0 278.0 380.0 275.0
103.0 209.0 117.0 216.0
331.0 440.0 325.0 432.0
443.0 136.0 435.0 133.0
266.0 134.0 257.0 145.0
443.0 135.0 435.0 133.0
266.0 135.0 257.0 144.0
386.0 279.0 380.0 275.0
33.0 75.0 26.0 77.0
301.0 615.0 307.0 617.0
301.0 614.0 307.0 617.0
300.0 614.0 307.0 617.0
34.0 76.0 26.0 77.0
34.0 75.0 26.0 77.0
300.0 615.0 307.0 617.0
362.0 369.0 349.0 365.0
427.0 332.0 419.0 345.0
45.0 187.0 69.0 203.0
35.0 185.0 69.0 203.0
467.0 129.0 462.0 117.0
290.0 422.0 288.0 412.0
468.0 129.0 462.0 117.0
21.0 31.0 35.0 36.0
35.0 184.0 69.0 203.0
290.0 423.0 288.0 412.0
354.0 402.0 361.0 407.0
308.0 562.0 307.0 555.0
391.0 498.0 375.0 480.0
391.0 496.0 375.0 480.0
22.0 32.0 35.0 36.0
21.0 32.0 35.0 36.0
20.0 31.0 35.0 36.0
44.0 515.0 64.0 523.0
354.0 401.0 361.0 407.0
391.0 497.0 375.0 480.0
43.0 514.0 64.0 522.0
392.0 497.0 375.0 480.0
402.0 407.0 404.0 396.0
22.0 66.0 26.0 77.0
419.0 205.0 414.0 190.0
396.0 427.0 400.0 435.0
21.0 59.0 11.0 62.0
23.0 65.0 26.0 77.0
401.0 406.0 404.0 396.0
426.0 169.0 407.0 162.0
