78.0 523.0 69.0 538.0
78.0 522.0 69.0 538.0
395.0 321.0 390.0 335.0
183.0 238.0 179.0 252.0
183.0 239.0 179.0 252.0
368.0 261.0 365.0 274.0
274.0 220.0 270.0 235.0
369.0 261.0 365.0 274.0
79.0 523.0 69.0 538.0
174.0 234.0 170.0 248.0
427.0 85.0 421.0 101.0
369.0 262.0 365.0 274.0
79.0 522.0 69.0 538.0
368.0 262.0 365.0 274.0
358.0 387.0 355.0 401.0
113.0 101.0 110.0 116.0
368.0 260.0 364.0 273.0
320.0 565.0 317.0 582.0
377.0 361.0 372.0 374.0
157.0 230.0 161.0 246.0
174.0 235.0 170.0 248.0
274.0 218.0 270.0 234.0
191.0 240.0 187.0 254.0
356.0 349.0 353.0 363.0
177.0 132.0 174.0 148.0
428.0 84.0 420.0 101.0
427.0 84.0 420.0 101.0
427.0 86.0 421.0 101.0
322.0 563.0 318.0 579.0
320.0 564.0 317.0 582.0
177.0 133.0 166.0 144.0
321.0 563.0 317.0 580.0
364.0 294.0 361.0 307.0
175.0 235.0 170.0 248.0
274.0 219.0 270.0 235.0
400.0 467.0 398.0 482.0
175.0 234.0 170.0 248.0
376.0 361.0 372.0 374.0
313.0 451.0 308.0 465.0
363.0 534.0 358.0 549.0
148.0 228.0 143.0 241.0
322.0 564.0 318.0 581.0
78.0 524.0 69.0 538.0
148.0 227.0 143.0 241.0
364.0 293.0 359.0 308.0
370.0 261.0 365.0 274.0
375.0 360.0 372.0 374.0
321.0 564.0 317.0 580.0
178.0 132.0 174.0 148.0
112.0 101.0 110.0 116.0
356.0 350.0 352.0 363.0
148.0 226.0 143.0 240.0
150.0 120.0 148.0 135.0
376.0 360.0 372.0 374.0
369.0 260.0 365.0 274.0
321.0 565.0 317.0 582.0
246.0 209.0 243.0 223.0
149.0 119.0 148.0 135.0
174.0 236.0 170.0 248.0
338.0 52.0 334.0 67.0
400.0 468.0 398.0 482.0
97.0 488.0 89.0 504.0
279.0 423.0 275.0 437.0
149.0 120.0 148.0 135.0
157.0 229.0 161.0 246.0
371.0 439.0 367.0 453.0
426.0 85.0 420.0 102.0
345.0 370.0 341.0 384.0
378.0 360.0 372.0 374.0
112.0 102.0 110.0 116.0
113.0 102.0 110.0 116.0
449.0 129.0 444.0 146.0
377.0 360.0 372.0 374.0
428.0 85.0 420.0 101.0
165.0 232.0 161.0 246.0
182.0 306.0 175.0 325.0
400.0 469.0 398.0 482.0
321.0 566.0 317.0 582.0
301.0 152.0 298.0 165.0
312.0 451.0 308.0 465.0
122.0 465.0 115.0 480.0
362.0 534.0 358.0 549.0
275.0 220.0 271.0 234.0
156.0 230.0 161.0 246.0
329.0 246.0 323.0 260.0
277.0 512.0 273.0 527.0
376.0 359.0 372.0 374.0
125.0 79.0 123.0 93.0
328.0 246.0 323.0 260.0
451.0 321.0 447.0 335.0
279.0 424.0 275.0 437.0
360.0 387.0 356.0 401.0
357.0 349.0 353.0 363.0
359.0 387.0 356.0 401.0
150.0 119.0 148.0 135.0
175.0 236.0 170.0 248.0
302.0 150.0 298.0 164.0
178.0 133.0 174.0 148.0
166.0 232.0 161.0 246.0
322.0 565.0 317.0 582.0
372.0 439.0 367.0 453.0
170.0 128.0 166.0 144.0
329.0 245.0 323.0 259.0
292.0 423.0 288.0 438.0
365.0 294.0 361.0 307.0
451.0 322.0 447.0 335.0
450.0 321.0 445.0 334.0
191.0 241.0 187.0 254.0
293.0 422.0 288.0 438.0
301.0 150.0 298.0 164.0
328.0 245.0 323.0 259.0
365.0 293.0 361.0 307.0
91.0 503.0 83.0 519.0
300.0 517.0 295.0 533.0
301.0 151.0 298.0 164.0
322.0 566.0 317.0 582.0
313.0 450.0 308.0 465.0
126.0 79.0 123.0 93.0
293.0 423.0 288.0 438.0
301.0 149.0 298.0 164.0
292.0 422.0 288.0 437.0
299.0 519.0 294.0 534.0
450.0 129.0 444.0 146.0
375.0 359.0 372.0 374.0
359.0 388.0 356.0 401.0
451.0 320.0 447.0 334.0
123.0 464.0 115.0 480.0
278.0 512.0 273.0 527.0
363.0 533.0 358.0 549.0
79.0 524.0 69.0 538.0
377.0 359.0 372.0 374.0
303.0 148.0 299.0 164.0
169.0 128.0 166.0 144.0
72.0 304.0 66.0 317.0
303.0 149.0 299.0 164.0
338.0 51.0 334.0 67.0
166.0 233.0 161.0 246.0
302.0 149.0 298.0 164.0
250.0 197.0 246.0 211.0
97.0 487.0 89.0 504.0
41.0 286.0 34.0 298.0
357.0 350.0 353.0 364.0
246.0 208.0 243.0 223.0
302.0 152.0 298.0 165.0
73.0 304.0 66.0 317.0
310.0 125.0 307.0 140.0
328.0 244.0 323.0 259.0
452.0 196.0 447.0 210.0
312.0 450.0 308.0 465.0
100.0 528.0 92.0 543.0
73.0 303.0 66.0 317.0
344.0 370.0 341.0 384.0
327.0 396.0 322.0 410.0
42.0 193.0 37.0 207.0
41.0 516.0 30.0 533.0
445.0 531.0 442.0 545.0
312.0 125.0 307.0 140.0
42.0 516.0 30.0 533.0
42.0 515.0 31.0 532.0
156.0 229.0 161.0 246.0
91.0 504.0 83.0 519.0
330.0 245.0 323.0 259.0
298.0 519.0 295.0 533.0
451.0 323.0 446.0 335.0
122.0 466.0 115.0 480.0
33.0 50.0 31.0 65.0
43.0 194.0 37.0 207.0
312.0 126.0 307.0 140.0
371.0 438.0 367.0 453.0
326.0 397.0 322.0 411.0
113.0 103.0 110.0 116.0
358.0 349.0 353.0 363.0
363.0 532.0 358.0 549.0
302.0 151.0 298.0 165.0
101.0 528.0 92.0 543.0
311.0 125.0 307.0 140.0
314.0 450.0 308.0 464.0
452.0 195.0 446.0 210.0
452.0 197.0 446.0 212.0
408.0 289.0 403.0 303.0
299.0 518.0 295.0 533.0
294.0 468.0 290.0 483.0
72.0 303.0 66.0 317.0
288.0 446.0 282.0 462.0
287.0 446.0 282.0 462.0
372.0 438.0 367.0 453.0
339.0 52.0 334.0 68.0
390.0 347.0 386.0 360.0
43.0 193.0 37.0 207.0
185.0 137.0 174.0 148.0
303.0 147.0 299.0 164.0
407.0 289.0 402.0 304.0
362.0 532.0 358.0 548.0
311.0 126.0 307.0 140.0
287.0 447.0 282.0 462.0
236.0 235.0 231.0 248.0
311.0 127.0 307.0 140.0
123.0 465.0 115.0 480.0
275.0 217.0 271.0 232.0
343.0 370.0 341.0 384.0
286.0 446.0 282.0 462.0
303.0 150.0 298.0 165.0
302.0 148.0 298.0 164.0
339.0 51.0 334.0 67.0
332.0 455.0 328.0 468.0
279.0 511.0 273.0 527.0
450.0 128.0 444.0 146.0
382.0 337.0 378.0 350.0
332.0 454.0 328.0 468.0
121.0 219.0 117.0 232.0
125.0 78.0 123.0 93.0
275.0 219.0 271.0 232.0
332.0 453.0 328.0 468.0
358.0 350.0 353.0 364.0
313.0 449.0 308.0 464.0
287.0 445.0 282.0 462.0
373.0 512.0 368.0 528.0
288.0 445.0 282.0 462.0
333.0 453.0 329.0 468.0
408.0 287.0 402.0 302.0
452.0 320.0 447.0 335.0
391.0 346.0 386.0 360.0
276.0 219.0 272.0 233.0
278.0 511.0 273.0 527.0
409.0 288.0 403.0 303.0
293.0 468.0 290.0 483.0
123.0 466.0 115.0 480.0
139.0 225.0 143.0 241.0
452.0 322.0 447.0 335.0
362.0 533.0 358.0 548.0
391.0 347.0 386.0 360.0
312.0 127.0 307.0 140.0
201.0 244.0 196.0 257.0
313.0 391.0 309.0 403.0
450.0 130.0 444.0 146.0
311.0 124.0 307.0 140.0
357.0 351.0 353.0 364.0
329.0 244.0 323.0 259.0
452.0 321.0 447.0 335.0
327.0 397.0 322.0 410.0
383.0 338.0 379.0 351.0
383.0 337.0 379.0 351.0
279.0 512.0 273.0 527.0
344.0 371.0 341.0 384.0
122.0 464.0 115.0 480.0
453.0 196.0 447.0 211.0
286.0 447.0 282.0 462.0
288.0 447.0 282.0 462.0
382.0 506.0 379.0 520.0
446.0 530.0 442.0 545.0
407.0 288.0 402.0 302.0
345.0 371.0 341.0 384.0
383.0 506.0 380.0 520.0
314.0 390.0 309.0 403.0
312.0 391.0 309.0 403.0
408.0 288.0 402.0 302.0
275.0 218.0 271.0 232.0
294.0 469.0 290.0 483.0
100.0 529.0 92.0 543.0
326.0 398.0 322.0 411.0
444.0 93.0 437.0 109.0
237.0 234.0 231.0 248.0
32.0 283.0 25.0 294.0
102.0 528.0 93.0 544.0
313.0 448.0 308.0 464.0
42.0 192.0 37.0 207.0
206.0 145.0 202.0 160.0
236.0 234.0 231.0 248.0
299.0 517.0 295.0 533.0
111.0 217.0 117.0 232.0
97.0 486.0 89.0 504.0
311.0 128.0 307.0 140.0
453.0 197.0 447.0 211.0
302.0 568.0 298.0 584.0
43.0 192.0 37.0 207.0
20.0 203.0 18.0 215.0
431.0 243.0 426.0 258.0
202.0 244.0 197.0 257.0
333.0 454.0 329.0 468.0
277.0 548.0 273.0 566.0
286.0 445.0 282.0 462.0
293.0 469.0 290.0 483.0
311.0 391.0 309.0 403.0
112.0 85.0 102.0 95.0
250.0 198.0 245.0 212.0
374.0 512.0 369.0 529.0
90.0 504.0 83.0 519.0
391.0 348.0 387.0 361.0
314.0 449.0 308.0 464.0
111.0 102.0 110.0 116.0
312.0 449.0 308.0 464.0
446.0 531.0 442.0 545.0
453.0 195.0 447.0 211.0
373.0 438.0 367.0 453.0
91.0 502.0 83.0 519.0
14.0 40.0 11.0 55.0
54.0 58.0 52.0 73.0
205.0 146.0 200.0 160.0
299.0 516.0 295.0 533.0
205.0 145.0 202.0 160.0
186.0 137.0 174.0 148.0
298.0 518.0 295.0 533.0
298.0 517.0 295.0 533.0
251.0 198.0 245.0 212.0
373.0 513.0 369.0 529.0
311.0 390.0 309.0 403.0
313.0 390.0 309.0 403.0
445.0 530.0 442.0 545.0
236.0 233.0 231.0 248.0
101.0 529.0 93.0 544.0
276.0 218.0 272.0 233.0
248.0 490.0 242.0 506.0
444.0 92.0 437.0 109.0
451.0 128.0 444.0 146.0
451.0 129.0 444.0 146.0
248.0 492.0 242.0 506.0
90.0 503.0 83.0 519.0
247.0 492.0 242.0 506.0
247.0 491.0 242.0 506.0
206.0 146.0 202.0 160.0
101.0 530.0 93.0 544.0
333.0 455.0 328.0 468.0
248.0 491.0 242.0 506.0
112.0 103.0 110.0 116.0
312.0 390.0 309.0 403.0
279.0 510.0 273.0 527.0
356.0 317.0 352.0 330.0
237.0 233.0 231.0 248.0
383.0 507.0 380.0 520.0
247.0 490.0 242.0 506.0
278.0 510.0 273.0 527.0
299.0 457.0 295.0 471.0
249.0 490.0 242.0 506.0
249.0 491.0 242.0 506.0
13.0 40.0 11.0 55.0
232.0 155.0 228.0 170.0
102.0 529.0 93.0 544.0
129.0 445.0 123.0 458.0
95.0 549.0 89.0 560.0
231.0 156.0 227.0 170.0
333.0 581.0 328.0 596.0
427.0 569.0 424.0 585.0
230.0 155.0 227.0 170.0
13.0 39.0 11.0 55.0
357.0 317.0 352.0 330.0
129.0 444.0 123.0 458.0
332.0 582.0 328.0 597.0
332.0 581.0 328.0 596.0
331.0 582.0 328.0 597.0
230.0 156.0 227.0 170.0
331.0 583.0 328.0 597.0
428.0 568.0 424.0 585.0
5.0 27.0 12.0 45.0
428.0 569.0 424.0 586.0
12.0 40.0 11.0 55.0
5.0 26.0 12.0 45.0
428.0 570.0 424.0 586.0
130.0 444.0 123.0 458.0
428.0 571.0 424.0 586.0
333.0 580.0 328.0 596.0
231.0 155.0 228.0 170.0
106.0 70.0 83.0 76.0
264.0 529.0 259.0 545.0
427.0 570.0 424.0 586.0
130.0 445.0 123.0 458.0
356.0 318.0 352.0 330.0
54.0 298.0 51.0 305.0
429.0 569.0 424.0 585.0
263.0 529.0 259.0 545.0
106.0 71.0 83.0 76.0
294.0 485.0 290.0 499.0
293.0 485.0 290.0 499.0
476.0 341.0 471.0 353.0
264.0 530.0 259.0 545.0
94.0 527.0 92.0 544.0
263.0 530.0 259.0 545.0
470.0 358.0 470.0 373.0
143.0 414.0 135.0 433.0
263.0 531.0 259.0 545.0
37.0 41.0 32.0 54.0
25.0 196.0 18.0 215.0
93.0 527.0 92.0 544.0
241.0 223.0 241.0 223.0
240.0 223.0 232.0 247.0
54.0 299.0 51.0 305.0
36.0 41.0 32.0 54.0
469.0 359.0 470.0 373.0
36.0 40.0 32.0 54.0
469.0 358.0 470.0 373.0
159.0 618.0 152.0 633.0
85.0 525.0 70.0 538.0
73.0 612.0 67.0 622.0
159.0 617.0 152.0 633.0
158.0 618.0 151.0 633.0
160.0 617.0 152.0 633.0
158.0 617.0 151.0 633.0
86.0 525.0 70.0 538.0
157.0 617.0 151.0 633.0
223.0 585.0 225.0 605.0
159.0 616.0 151.0 633.0
157.0 616.0 151.0 633.0
158.0 616.0 151.0 633.0
223.0 584.0 225.0 605.0
240.0 590.0 225.0 606.0
79.0 597.0 78.0 590.0
222.0 585.0 225.0 605.0
241.0 589.0 225.0 606.0
241.0 590.0 225.0 606.0
363.0 615.0 360.0 630.0
57.0 49.0 72.0 73.0
56.0 50.0 102.0 93.0
57.0 50.0 72.0 73.0
56.0 49.0 72.0 73.0
