210.0 573.0 222.0 574.0
210.0 574.0 222.0 574.0
210.0 575.0 222.0 574.0
448.0 112.0 451.0 112.0
203.0 126.0 208.0 129.0
400.0 385.0 411.0 379.0
469.0 31.0 470.0 34.0
235.0 192.0 241.0 193.0
402.0 385.0 411.0 379.0
174.0 605.0 186.0 606.0
336.0 396.0 345.0 390.0
470.0 31.0 470.0 34.0
334.0 150.0 340.0 150.0
84.0 78.0 90.0 85.0
211.0 353.0 219.0 353.0
420.0 115.0 425.0 115.0
401.0 384.0 411.0 379.0
250.0 195.0 256.0 196.0
85.0 79.0 91.0 85.0
209.0 573.0 222.0 574.0
173.0 605.0 186.0 606.0
395.0 346.0 403.0 341.0
275.0 321.0 282.0 320.0
469.0 32.0 470.0 34.0
395.0 347.0 403.0 341.0
273.0 321.0 282.0 320.0
250.0 196.0 256.0 196.0
211.0 574.0 222.0 574.0
189.0 123.0 194.0 126.0
76.0 505.0 85.0 507.0
234.0 192.0 241.0 193.0
334.0 151.0 340.0 150.0
470.0 32.0 470.0 34.0
337.0 396.0 346.0 391.0
333.0 151.0 340.0 150.0
222.0 104.0 227.0 107.0
333.0 150.0 340.0 150.0
172.0 605.0 185.0 606.0
401.0 385.0 411.0 379.0
171.0 186.0 177.0 189.0
401.0 386.0 411.0 379.0
202.0 126.0 207.0 129.0
221.0 104.0 227.0 107.0
337.0 394.0 346.0 391.0
111.0 546.0 123.0 548.0
81.0 465.0 92.0 466.0
84.0 77.0 90.0 85.0
80.0 465.0 92.0 466.0
274.0 322.0 282.0 320.0
396.0 347.0 403.0 341.0
396.0 346.0 403.0 341.0
274.0 321.0 282.0 320.0
80.0 464.0 92.0 466.0
221.0 103.0 227.0 107.0
85.0 78.0 91.0 85.0
336.0 395.0 345.0 390.0
85.0 77.0 91.0 85.0
337.0 395.0 346.0 391.0
235.0 200.0 241.0 201.0
81.0 464.0 92.0 466.0
177.0 587.0 191.0 588.0
419.0 115.0 425.0 115.0
420.0 116.0 425.0 115.0
222.0 103.0 227.0 107.0
112.0 546.0 123.0 548.0
240.0 560.0 251.0 560.0
186.0 141.0 193.0 143.0
273.0 322.0 282.0 320.0
147.0 335.0 156.0 337.0
149.0 281.0 158.0 283.0
106.0 402.0 118.0 405.0
81.0 251.0 91.0 257.0
259.0 592.0 271.0 591.0
147.0 96.0 155.0 101.0
188.0 122.0 194.0 126.0
106.0 403.0 118.0 405.0
171.0 185.0 177.0 189.0
145.0 433.0 155.0 435.0
274.0 320.0 282.0 319.0
81.0 252.0 91.0 257.0
470.0 76.0 473.0 75.0
187.0 140.0 193.0 143.0
111.0 547.0 123.0 548.0
305.0 142.0 313.0 144.0
110.0 546.0 123.0 548.0
239.0 559.0 251.0 560.0
85.0 76.0 91.0 85.0
90.0 133.0 95.0 140.0
405.0 410.0 415.0 403.0
306.0 142.0 312.0 143.0
173.0 273.0 180.0 274.0
173.0 274.0 180.0 275.0
188.0 123.0 194.0 126.0
150.0 281.0 159.0 283.0
89.0 163.0 96.0 170.0
306.0 141.0 312.0 143.0
172.0 273.0 179.0 275.0
118.0 619.0 128.0 620.0
140.0 483.0 147.0 486.0
257.0 592.0 270.0 591.0
172.0 274.0 179.0 275.0
406.0 411.0 415.0 403.0
240.0 559.0 251.0 559.0
186.0 140.0 193.0 143.0
464.0 103.0 467.0 104.0
339.0 493.0 349.0 489.0
397.0 346.0 403.0 341.0
220.0 104.0 226.0 107.0
89.0 164.0 97.0 171.0
145.0 434.0 155.0 435.0
257.0 593.0 270.0 591.0
336.0 394.0 345.0 390.0
89.0 165.0 97.0 171.0
89.0 132.0 95.0 140.0
99.0 598.0 109.0 599.0
396.0 345.0 403.0 341.0
259.0 593.0 271.0 591.0
137.0 228.0 145.0 230.0
139.0 483.0 147.0 486.0
139.0 482.0 147.0 486.0
91.0 209.0 98.0 213.0
140.0 482.0 147.0 486.0
207.0 497.0 214.0 497.0
138.0 228.0 145.0 230.0
210.0 437.0 219.0 438.0
100.0 205.0 107.0 209.0
196.0 526.0 207.0 526.0
234.0 200.0 241.0 201.0
334.0 363.0 341.0 359.0
197.0 527.0 207.0 526.0
210.0 438.0 219.0 438.0
269.0 420.0 276.0 420.0
350.0 450.0 358.0 445.0
139.0 228.0 146.0 230.0
349.0 451.0 358.0 445.0
406.0 410.0 415.0 403.0
258.0 593.0 271.0 591.0
334.0 362.0 341.0 359.0
138.0 305.0 145.0 308.0
176.0 337.0 185.0 338.0
100.0 598.0 109.0 600.0
339.0 492.0 350.0 489.0
159.0 496.0 171.0 497.0
406.0 409.0 415.0 403.0
258.0 592.0 271.0 591.0
470.0 74.0 473.0 75.0
146.0 434.0 156.0 436.0
211.0 438.0 219.0 438.0
88.0 132.0 95.0 140.0
106.0 160.0 113.0 166.0
88.0 164.0 96.0 170.0
463.0 102.0 466.0 104.0
182.0 209.0 189.0 210.0
338.0 416.0 348.0 413.0
148.0 96.0 155.0 101.0
333.0 364.0 341.0 359.0
150.0 282.0 159.0 283.0
333.0 363.0 341.0 359.0
333.0 362.0 341.0 359.0
340.0 493.0 350.0 489.0
337.0 417.0 348.0 413.0
133.0 547.0 144.0 549.0
195.0 254.0 203.0 257.0
138.0 229.0 145.0 230.0
99.0 597.0 109.0 599.0
211.0 437.0 219.0 438.0
255.0 337.0 262.0 337.0
366.0 400.0 375.0 396.0
463.0 104.0 466.0 104.0
21.0 370.0 31.0 371.0
349.0 450.0 358.0 445.0
388.0 566.0 399.0 561.0
89.0 133.0 95.0 140.0
387.0 566.0 399.0 561.0
98.0 597.0 109.0 599.0
267.0 569.0 279.0 567.0
21.0 371.0 31.0 371.0
182.0 208.0 189.0 210.0
137.0 304.0 145.0 307.0
463.0 103.0 466.0 104.0
407.0 410.0 415.0 403.0
71.0 483.0 81.0 486.0
268.0 420.0 276.0 420.0
165.0 114.0 173.0 119.0
470.0 75.0 473.0 75.0
207.0 498.0 214.0 497.0
340.0 492.0 350.0 489.0
405.0 409.0 415.0 403.0
404.0 20.0 405.0 25.0
195.0 255.0 203.0 257.0
175.0 336.0 185.0 338.0
174.0 337.0 185.0 338.0
124.0 69.0 131.0 77.0
113.0 591.0 124.0 592.0
219.0 530.0 230.0 530.0
175.0 337.0 185.0 338.0
160.0 477.0 172.0 479.0
149.0 509.0 160.0 510.0
208.0 497.0 215.0 497.0
208.0 498.0 215.0 497.0
348.0 450.0 358.0 445.0
71.0 484.0 81.0 486.0
219.0 531.0 230.0 530.0
176.0 336.0 185.0 338.0
159.0 477.0 172.0 479.0
338.0 417.0 348.0 413.0
404.0 21.0 405.0 25.0
88.0 133.0 95.0 140.0
356.0 586.0 370.0 580.0
137.0 305.0 145.0 307.0
154.0 214.0 163.0 216.0
332.0 123.0 336.0 126.0
110.0 461.0 120.0 462.0
171.0 273.0 179.0 275.0
220.0 530.0 232.0 530.0
418.0 492.0 428.0 486.0
113.0 590.0 124.0 592.0
72.0 484.0 81.0 486.0
389.0 566.0 399.0 561.0
157.0 215.0 164.0 217.0
469.0 174.0 468.0 169.0
298.0 141.0 313.0 144.0
179.0 414.0 188.0 415.0
196.0 254.0 203.0 257.0
101.0 205.0 107.0 209.0
196.0 255.0 203.0 257.0
119.0 619.0 128.0 620.0
88.0 163.0 96.0 170.0
339.0 417.0 348.0 413.0
156.0 214.0 163.0 216.0
114.0 590.0 124.0 592.0
220.0 531.0 230.0 530.0
338.0 418.0 348.0 413.0
273.0 475.0 282.0 472.0
146.0 435.0 155.0 435.0
145.0 435.0 155.0 435.0
257.0 485.0 267.0 484.0
387.0 567.0 399.0 561.0
438.0 496.0 446.0 491.0
269.0 419.0 276.0 420.0
256.0 337.0 262.0 337.0
136.0 304.0 145.0 307.0
167.0 114.0 173.0 119.0
155.0 214.0 163.0 216.0
166.0 114.0 173.0 119.0
443.0 165.0 446.0 161.0
303.0 395.0 313.0 392.0
134.0 547.0 144.0 549.0
166.0 113.0 173.0 119.0
403.0 21.0 405.0 25.0
256.0 336.0 262.0 337.0
111.0 461.0 121.0 463.0
159.0 478.0 172.0 479.0
160.0 478.0 172.0 479.0
124.0 70.0 131.0 77.0
442.0 163.0 446.0 160.0
348.0 451.0 358.0 445.0
257.0 484.0 267.0 484.0
156.0 215.0 164.0 217.0
442.0 164.0 446.0 161.0
20.0 371.0 31.0 371.0
69.0 569.0 81.0 570.0
331.0 122.0 336.0 126.0
417.0 492.0 428.0 486.0
150.0 508.0 160.0 510.0
83.0 234.0 90.0 237.0
255.0 336.0 262.0 337.0
144.0 506.0 152.0 509.0
144.0 507.0 159.0 511.0
88.0 162.0 96.0 170.0
248.0 444.0 257.0 444.0
462.0 103.0 466.0 104.0
82.0 234.0 90.0 237.0
420.0 537.0 431.0 533.0
182.0 514.0 192.0 514.0
183.0 209.0 189.0 210.0
274.0 474.0 282.0 472.0
403.0 20.0 405.0 25.0
450.0 75.0 455.0 76.0
418.0 491.0 428.0 486.0
172.0 227.0 178.0 230.0
310.0 486.0 320.0 481.0
160.0 496.0 171.0 497.0
248.0 445.0 257.0 444.0
182.0 515.0 192.0 515.0
470.0 174.0 468.0 169.0
332.0 122.0 336.0 126.0
421.0 538.0 432.0 533.0
159.0 479.0 172.0 479.0
451.0 75.0 455.0 76.0
90.0 209.0 98.0 213.0
179.0 413.0 188.0 415.0
304.0 394.0 313.0 392.0
422.0 37.0 426.0 40.0
420.0 538.0 432.0 533.0
266.0 569.0 279.0 567.0
402.0 20.0 405.0 25.0
20.0 370.0 31.0 371.0
268.0 419.0 276.0 420.0
462.0 104.0 466.0 104.0
150.0 509.0 160.0 510.0
452.0 75.0 455.0 76.0
443.0 164.0 446.0 161.0
83.0 233.0 90.0 237.0
303.0 394.0 313.0 392.0
181.0 514.0 192.0 514.0
341.0 492.0 350.0 489.0
340.0 535.0 352.0 530.0
183.0 208.0 189.0 210.0
180.0 515.0 191.0 515.0
365.0 399.0 375.0 396.0
441.0 163.0 445.0 161.0
82.0 233.0 90.0 237.0
298.0 140.0 313.0 144.0
441.0 164.0 445.0 161.0
112.0 460.0 121.0 463.0
402.0 21.0 405.0 25.0
111.0 462.0 121.0 463.0
423.0 37.0 426.0 40.0
171.0 227.0 178.0 230.0
113.0 235.0 116.0 238.0
82.0 232.0 90.0 237.0
340.0 536.0 352.0 530.0
365.0 400.0 375.0 396.0
421.0 537.0 432.0 532.0
123.0 70.0 131.0 77.0
440.0 164.0 445.0 161.0
341.0 536.0 352.0 531.0
419.0 492.0 428.0 486.0
155.0 215.0 163.0 216.0
181.0 515.0 192.0 515.0
112.0 461.0 121.0 463.0
151.0 509.0 160.0 510.0
339.0 536.0 352.0 530.0
123.0 69.0 131.0 77.0
269.0 418.0 276.0 420.0
180.0 414.0 188.0 415.0
136.0 6.0 141.0 12.0
425.0 345.0 432.0 339.0
417.0 493.0 428.0 486.0
341.0 535.0 352.0 531.0
70.0 569.0 82.0 571.0
309.0 487.0 320.0 481.0
309.0 486.0 320.0 481.0
450.0 74.0 455.0 76.0
302.0 395.0 311.0 392.0
364.0 400.0 375.0 396.0
161.0 496.0 171.0 497.0
258.0 484.0 267.0 484.0
160.0 479.0 172.0 479.0
136.0 7.0 141.0 12.0
116.0 89.0 123.0 95.0
122.0 70.0 129.0 76.0
442.0 165.0 446.0 161.0
422.0 537.0 432.0 532.0
172.0 228.0 178.0 230.0
135.0 6.0 141.0 12.0
135.0 5.0 141.0 12.0
310.0 487.0 320.0 481.0
247.0 444.0 257.0 444.0
423.0 38.0 426.0 40.0
418.0 493.0 428.0 486.0
273.0 476.0 282.0 472.0
135.0 7.0 141.0 12.0
451.0 74.0 455.0 76.0
83.0 232.0 90.0 237.0
424.0 37.0 426.0 40.0
247.0 445.0 257.0 444.0
302.0 394.0 311.0 392.0
112.0 462.0 121.0 463.0
441.0 165.0 446.0 161.0
83.0 297.0 93.0 300.0
21.0 463.0 32.0 464.0
274.0 475.0 282.0 472.0
258.0 485.0 267.0 484.0
171.0 228.0 178.0 230.0
122.0 69.0 129.0 76.0
422.0 36.0 426.0 40.0
425.0 344.0 432.0 339.0
452.0 74.0 455.0 76.0
116.0 88.0 123.0 95.0
70.0 568.0 81.0 570.0
215.0 265.0 218.0 266.0
422.0 536.0 432.0 532.0
170.0 228.0 178.0 230.0
84.0 298.0 93.0 300.0
364.0 399.0 375.0 396.0
240.0 423.0 242.0 418.0
28.0 397.0 37.0 397.0
170.0 227.0 178.0 230.0
216.0 265.0 218.0 266.0
27.0 397.0 37.0 396.0
64.0 186.0 73.0 192.0
64.0 187.0 73.0 192.0
71.0 569.0 82.0 571.0
423.0 36.0 426.0 40.0
84.0 297.0 93.0 300.0
117.0 88.0 123.0 95.0
113.0 461.0 121.0 463.0
117.0 89.0 124.0 96.0
240.0 424.0 242.0 418.0
52.0 265.0 60.0 269.0
241.0 423.0 242.0 418.0
92.0 498.0 101.0 493.0
114.0 236.0 116.0 238.0
171.0 229.0 178.0 230.0
52.0 264.0 60.0 269.0
274.0 476.0 282.0 472.0
242.0 423.0 242.0 418.0
241.0 424.0 242.0 418.0
65.0 187.0 73.0 192.0
53.0 264.0 60.0 269.0
53.0 265.0 60.0 269.0
65.0 186.0 73.0 192.0
92.0 499.0 101.0 493.0
66.0 187.0 73.0 192.0
221.0 462.0 230.0 468.0
215.0 477.0 230.0 469.0
18.0 393.0 37.0 396.0
18.0 392.0 37.0 396.0
186.0 464.0 196.0 454.0
133.0 624.0 128.0 621.0
214.0 477.0 230.0 469.0
160.0 195.0 177.0 190.0
218.0 338.0 219.0 352.0
185.0 464.0 196.0 454.0
215.0 478.0 230.0 469.0
133.0 625.0 128.0 621.0
217.0 337.0 219.0 352.0
186.0 465.0 196.0 454.0
184.0 464.0 196.0 454.0
185.0 465.0 196.0 454.0
218.0 337.0 219.0 352.0
214.0 478.0 230.0 469.0
