330.0 328.0 347.0 328.0
301.0 210.0 315.0 212.0
305.0 397.0 322.0 398.0
67.0 166.0 80.0 177.0
251.0 445.0 269.0 447.0
251.0 444.0 269.0 447.0
195.0 316.0 209.0 319.0
274.0 278.0 289.0 281.0
333.0 328.0 349.0 329.0
331.0 328.0 348.0 329.0
316.0 208.0 331.0 210.0
332.0 328.0 349.0 329.0
161.0 62.0 172.0 73.0
194.0 316.0 209.0 318.0
61.0 466.0 78.0 471.0
299.0 419.0 314.0 421.0
252.0 444.0 269.0 447.0
305.0 398.0 322.0 398.0
316.0 209.0 331.0 210.0
298.0 419.0 314.0 421.0
309.0 609.0 334.0 611.0
67.0 167.0 80.0 177.0
275.0 278.0 290.0 281.0
62.0 467.0 79.0 473.0
317.0 209.0 331.0 210.0
174.0 543.0 192.0 546.0
306.0 397.0 322.0 398.0
257.0 580.0 277.0 583.0
173.0 542.0 193.0 545.0
188.0 549.0 207.0 552.0
298.0 418.0 314.0 421.0
161.0 63.0 172.0 73.0
207.0 253.0 222.0 257.0
186.0 379.0 203.0 381.0
275.0 175.0 288.0 179.0
310.0 608.0 335.0 610.0
317.0 208.0 331.0 210.0
175.0 506.0 193.0 509.0
243.0 306.0 258.0 310.0
174.0 542.0 193.0 545.0
310.0 609.0 334.0 610.0
311.0 609.0 335.0 610.0
61.0 467.0 79.0 473.0
300.0 418.0 316.0 420.0
164.0 526.0 183.0 530.0
297.0 418.0 314.0 420.0
299.0 418.0 314.0 421.0
256.0 580.0 276.0 582.0
315.0 470.0 337.0 470.0
160.0 455.0 178.0 459.0
162.0 63.0 172.0 73.0
176.0 506.0 193.0 509.0
351.0 625.0 376.0 627.0
257.0 581.0 276.0 583.0
245.0 468.0 262.0 471.0
306.0 398.0 323.0 398.0
240.0 236.0 255.0 240.0
161.0 454.0 178.0 459.0
316.0 470.0 337.0 470.0
311.0 608.0 335.0 610.0
300.0 535.0 321.0 538.0
187.0 380.0 203.0 381.0
311.0 610.0 335.0 610.0
310.0 610.0 334.0 611.0
66.0 166.0 80.0 177.0
160.0 61.0 172.0 72.0
118.0 322.0 134.0 330.0
299.0 536.0 321.0 538.0
186.0 380.0 203.0 381.0
163.0 527.0 183.0 530.0
334.0 351.0 352.0 351.0
247.0 469.0 262.0 471.0
320.0 359.0 340.0 360.0
186.0 349.0 201.0 353.0
226.0 604.0 246.0 607.0
321.0 360.0 340.0 360.0
214.0 502.0 232.0 506.0
240.0 237.0 255.0 240.0
161.0 61.0 172.0 73.0
160.0 454.0 178.0 459.0
318.0 208.0 332.0 210.0
176.0 507.0 193.0 509.0
246.0 469.0 262.0 472.0
300.0 536.0 321.0 538.0
276.0 175.0 289.0 179.0
245.0 469.0 262.0 472.0
206.0 253.0 222.0 257.0
316.0 287.0 331.0 287.0
241.0 236.0 255.0 240.0
246.0 470.0 262.0 472.0
226.0 605.0 246.0 607.0
179.0 188.0 192.0 195.0
213.0 502.0 232.0 506.0
60.0 467.0 78.0 471.0
275.0 279.0 290.0 281.0
274.0 174.0 287.0 177.0
53.0 507.0 72.0 513.0
243.0 307.0 258.0 310.0
207.0 252.0 222.0 257.0
318.0 209.0 332.0 211.0
208.0 252.0 222.0 257.0
299.0 535.0 321.0 538.0
335.0 352.0 352.0 351.0
275.0 174.0 288.0 179.0
242.0 307.0 258.0 310.0
276.0 174.0 288.0 179.0
208.0 253.0 222.0 257.0
206.0 252.0 220.0 257.0
230.0 363.0 245.0 365.0
160.0 63.0 172.0 73.0
275.0 173.0 288.0 177.0
61.0 468.0 79.0 473.0
298.0 536.0 321.0 538.0
65.0 167.0 79.0 176.0
53.0 506.0 72.0 513.0
335.0 351.0 352.0 351.0
186.0 348.0 200.0 352.0
364.0 303.0 382.0 301.0
206.0 180.0 217.0 187.0
350.0 410.0 367.0 408.0
187.0 549.0 207.0 552.0
298.0 535.0 321.0 538.0
171.0 265.0 187.0 271.0
163.0 526.0 183.0 530.0
65.0 166.0 79.0 176.0
162.0 526.0 183.0 530.0
177.0 506.0 193.0 509.0
365.0 302.0 382.0 301.0
245.0 264.0 260.0 267.0
230.0 362.0 245.0 365.0
246.0 468.0 262.0 471.0
160.0 62.0 172.0 73.0
187.0 349.0 201.0 353.0
206.0 181.0 217.0 187.0
209.0 253.0 222.0 257.0
212.0 402.0 228.0 406.0
148.0 469.0 166.0 474.0
242.0 306.0 258.0 310.0
314.0 470.0 337.0 470.0
154.0 405.0 173.0 410.0
224.0 186.0 236.0 191.0
202.0 318.0 217.0 321.0
172.0 265.0 187.0 271.0
432.0 39.0 441.0 38.0
317.0 287.0 331.0 287.0
213.0 403.0 228.0 406.0
321.0 359.0 340.0 360.0
365.0 303.0 382.0 301.0
244.0 306.0 258.0 310.0
350.0 625.0 376.0 627.0
212.0 502.0 231.0 505.0
176.0 399.0 193.0 401.0
159.0 455.0 178.0 459.0
148.0 470.0 165.0 475.0
154.0 427.0 171.0 430.0
142.0 627.0 160.0 633.0
229.0 363.0 244.0 365.0
149.0 470.0 166.0 475.0
52.0 507.0 72.0 513.0
432.0 40.0 441.0 38.0
431.0 39.0 441.0 38.0
177.0 507.0 193.0 509.0
246.0 264.0 260.0 267.0
173.0 34.0 181.0 41.0
149.0 471.0 166.0 475.0
216.0 105.0 225.0 112.0
159.0 454.0 178.0 459.0
66.0 167.0 80.0 177.0
154.0 406.0 173.0 410.0
224.0 187.0 237.0 191.0
149.0 291.0 164.0 298.0
147.0 469.0 165.0 474.0
382.0 522.0 403.0 520.0
230.0 406.0 245.0 410.0
228.0 362.0 244.0 365.0
178.0 187.0 192.0 195.0
229.0 362.0 244.0 365.0
149.0 290.0 164.0 298.0
214.0 105.0 225.0 112.0
247.0 264.0 261.0 268.0
244.0 307.0 258.0 310.0
230.0 407.0 245.0 410.0
349.0 528.0 370.0 528.0
431.0 38.0 441.0 38.0
212.0 403.0 228.0 406.0
210.0 434.0 225.0 437.0
210.0 435.0 225.0 438.0
173.0 265.0 189.0 271.0
188.0 349.0 201.0 353.0
275.0 582.0 294.0 584.0
133.0 346.0 149.0 351.0
179.0 187.0 192.0 195.0
431.0 40.0 441.0 38.0
179.0 97.0 190.0 106.0
158.0 347.0 173.0 352.0
382.0 523.0 403.0 521.0
213.0 402.0 228.0 406.0
50.0 479.0 69.0 483.0
214.0 104.0 225.0 112.0
211.0 402.0 228.0 405.0
137.0 280.0 153.0 286.0
132.0 346.0 149.0 351.0
132.0 345.0 149.0 351.0
36.0 198.0 48.0 208.0
426.0 127.0 420.0 130.0
381.0 523.0 403.0 521.0
79.0 605.0 101.0 608.0
75.0 112.0 87.0 123.0
215.0 105.0 225.0 112.0
381.0 522.0 403.0 521.0
213.0 401.0 228.0 405.0
148.0 291.0 164.0 298.0
52.0 506.0 72.0 513.0
180.0 97.0 190.0 106.0
148.0 290.0 164.0 298.0
77.0 605.0 100.0 608.0
74.0 112.0 87.0 123.0
209.0 435.0 225.0 438.0
75.0 111.0 87.0 123.0
159.0 310.0 175.0 318.0
147.0 291.0 163.0 298.0
78.0 605.0 101.0 608.0
76.0 111.0 87.0 123.0
202.0 9.0 210.0 20.0
381.0 521.0 403.0 520.0
147.0 470.0 165.0 475.0
292.0 55.0 302.0 59.0
136.0 280.0 153.0 286.0
157.0 347.0 173.0 352.0
180.0 98.0 190.0 106.0
350.0 411.0 366.0 408.0
201.0 10.0 210.0 20.0
351.0 411.0 367.0 408.0
215.0 104.0 225.0 112.0
35.0 197.0 47.0 208.0
152.0 405.0 173.0 410.0
211.0 435.0 225.0 437.0
153.0 405.0 173.0 410.0
35.0 198.0 47.0 208.0
141.0 626.0 160.0 633.0
153.0 406.0 173.0 410.0
130.0 501.0 144.0 502.0
133.0 345.0 149.0 351.0
275.0 583.0 294.0 584.0
201.0 9.0 210.0 20.0
74.0 111.0 87.0 123.0
292.0 56.0 302.0 59.0
160.0 310.0 175.0 318.0
176.0 398.0 193.0 401.0
148.0 471.0 165.0 475.0
274.0 582.0 294.0 584.0
76.0 112.0 87.0 123.0
77.0 94.0 89.0 105.0
142.0 626.0 160.0 633.0
159.0 311.0 175.0 318.0
430.0 40.0 441.0 38.0
430.0 39.0 441.0 38.0
51.0 507.0 72.0 513.0
274.0 583.0 294.0 584.0
273.0 583.0 294.0 584.0
34.0 197.0 47.0 208.0
158.0 312.0 175.0 318.0
77.0 95.0 89.0 105.0
180.0 187.0 192.0 195.0
144.0 182.0 162.0 195.0
364.0 516.0 387.0 514.0
144.0 183.0 162.0 195.0
34.0 198.0 47.0 208.0
411.0 352.0 429.0 349.0
98.0 419.0 110.0 424.0
51.0 506.0 72.0 513.0
160.0 311.0 175.0 318.0
292.0 57.0 302.0 59.0
179.0 186.0 192.0 195.0
131.0 501.0 144.0 502.0
159.0 312.0 175.0 318.0
188.0 118.0 201.0 127.0
169.0 349.0 181.0 353.0
135.0 392.0 154.0 392.0
99.0 418.0 110.0 424.0
147.0 471.0 165.0 475.0
141.0 625.0 160.0 633.0
187.0 116.0 200.0 126.0
76.0 94.0 87.0 104.0
136.0 392.0 154.0 392.0
188.0 117.0 201.0 127.0
99.0 419.0 110.0 424.0
412.0 352.0 429.0 349.0
20.0 139.0 34.0 152.0
136.0 393.0 154.0 392.0
163.0 160.0 171.0 168.0
143.0 183.0 162.0 195.0
20.0 140.0 34.0 153.0
187.0 117.0 200.0 126.0
187.0 118.0 200.0 126.0
37.0 500.0 55.0 507.0
19.0 139.0 34.0 152.0
100.0 419.0 110.0 424.0
19.0 140.0 34.0 152.0
37.0 501.0 55.0 507.0
135.0 393.0 154.0 392.0
169.0 348.0 181.0 353.0
25.0 267.0 39.0 277.0
167.0 607.0 195.0 611.0
412.0 351.0 429.0 349.0
36.0 500.0 55.0 507.0
166.0 608.0 195.0 611.0
168.0 608.0 195.0 611.0
36.0 501.0 55.0 507.0
25.0 266.0 39.0 277.0
261.0 180.0 287.0 178.0
411.0 596.0 436.0 594.0
269.0 276.0 289.0 281.0
412.0 597.0 436.0 595.0
413.0 352.0 429.0 349.0
164.0 160.0 171.0 168.0
167.0 608.0 195.0 611.0
8.0 221.0 21.0 249.0
410.0 597.0 436.0 594.0
35.0 501.0 55.0 507.0
164.0 161.0 171.0 168.0
84.0 42.0 97.0 55.0
262.0 180.0 287.0 178.0
7.0 221.0 21.0 249.0
295.0 465.0 315.0 473.0
7.0 220.0 21.0 249.0
411.0 597.0 436.0 595.0
165.0 160.0 171.0 168.0
268.0 277.0 289.0 281.0
144.0 608.0 195.0 611.0
413.0 351.0 429.0 349.0
268.0 276.0 289.0 281.0
8.0 220.0 21.0 249.0
143.0 608.0 195.0 611.0
164.0 428.0 173.0 430.0
84.0 41.0 97.0 55.0
268.0 275.0 289.0 281.0
6.0 595.0 24.0 603.0
295.0 464.0 315.0 473.0
6.0 594.0 24.0 603.0
5.0 594.0 24.0 603.0
296.0 464.0 317.0 473.0
267.0 276.0 289.0 281.0
165.0 428.0 173.0 430.0
83.0 41.0 97.0 55.0
309.0 590.0 324.0 586.0
414.0 351.0 429.0 349.0
445.0 419.0 466.0 414.0
444.0 419.0 466.0 414.0
415.0 351.0 429.0 349.0
183.0 16.0 181.0 40.0
309.0 591.0 324.0 586.0
135.0 608.0 196.0 612.0
444.0 420.0 466.0 414.0
445.0 420.0 466.0 414.0
182.0 16.0 181.0 40.0
310.0 590.0 324.0 586.0
310.0 591.0 324.0 586.0
325.0 493.0 357.0 483.0
