328.0 413.0 343.0 420.0
327.0 414.0 343.0 420.0
327.0 413.0 343.0 420.0
370.0 17.0 382.0 18.0
369.0 17.0 382.0 18.0
253.0 428.0 269.0 435.0
385.0 419.0 403.0 427.0
202.0 381.0 218.0 385.0
385.0 418.0 403.0 427.0
384.0 419.0 402.0 427.0
252.0 428.0 269.0 435.0
409.0 49.0 421.0 50.0
253.0 429.0 269.0 435.0
409.0 48.0 422.0 49.0
381.0 404.0 398.0 409.0
323.0 458.0 339.0 465.0
409.0 47.0 421.0 49.0
323.0 459.0 339.0 465.0
410.0 47.0 421.0 49.0
203.0 381.0 218.0 385.0
384.0 418.0 402.0 427.0
199.0 421.0 218.0 430.0
260.0 178.0 274.0 182.0
408.0 47.0 421.0 49.0
380.0 403.0 398.0 409.0
253.0 427.0 269.0 435.0
199.0 420.0 218.0 430.0
200.0 420.0 218.0 430.0
270.0 64.0 282.0 70.0
252.0 429.0 269.0 435.0
410.0 49.0 421.0 50.0
410.0 48.0 422.0 49.0
371.0 17.0 382.0 18.0
202.0 380.0 217.0 385.0
254.0 427.0 269.0 435.0
408.0 48.0 422.0 49.0
391.0 270.0 406.0 275.0
320.0 133.0 332.0 137.0
202.0 382.0 218.0 386.0
261.0 177.0 274.0 181.0
313.0 319.0 326.0 324.0
313.0 320.0 326.0 324.0
369.0 16.0 382.0 18.0
325.0 460.0 340.0 465.0
254.0 428.0 269.0 435.0
392.0 270.0 406.0 275.0
312.0 320.0 326.0 324.0
326.0 413.0 343.0 420.0
311.0 319.0 326.0 324.0
324.0 458.0 339.0 465.0
260.0 177.0 274.0 182.0
312.0 319.0 326.0 324.0
321.0 134.0 332.0 139.0
411.0 47.0 422.0 49.0
201.0 421.0 218.0 430.0
200.0 421.0 218.0 430.0
320.0 565.0 339.0 575.0
391.0 271.0 406.0 275.0
370.0 16.0 382.0 18.0
307.0 26.0 319.0 28.0
392.0 271.0 406.0 275.0
322.0 458.0 338.0 465.0
320.0 136.0 332.0 139.0
324.0 459.0 339.0 465.0
314.0 319.0 326.0 324.0
371.0 16.0 382.0 18.0
270.0 65.0 282.0 70.0
391.0 272.0 406.0 276.0
324.0 460.0 339.0 465.0
321.0 135.0 332.0 139.0
320.0 134.0 332.0 139.0
321.0 136.0 332.0 139.0
320.0 135.0 332.0 139.0
241.0 201.0 254.0 205.0
380.0 404.0 398.0 409.0
411.0 48.0 421.0 50.0
325.0 459.0 340.0 465.0
390.0 270.0 406.0 275.0
314.0 320.0 326.0 324.0
203.0 382.0 218.0 386.0
333.0 147.0 346.0 152.0
269.0 63.0 281.0 70.0
254.0 429.0 269.0 435.0
269.0 64.0 282.0 70.0
261.0 178.0 274.0 181.0
312.0 318.0 326.0 324.0
369.0 15.0 382.0 18.0
319.0 134.0 332.0 139.0
273.0 553.0 291.0 561.0
272.0 553.0 291.0 561.0
337.0 65.0 348.0 68.0
370.0 15.0 382.0 18.0
308.0 430.0 324.0 437.0
269.0 65.0 282.0 70.0
158.0 367.0 173.0 373.0
254.0 271.0 270.0 277.0
86.0 88.0 101.0 102.0
255.0 273.0 271.0 277.0
242.0 201.0 254.0 205.0
390.0 271.0 406.0 276.0
321.0 566.0 339.0 575.0
325.0 91.0 337.0 93.0
336.0 66.0 348.0 68.0
159.0 367.0 173.0 373.0
319.0 135.0 332.0 139.0
308.0 431.0 324.0 437.0
255.0 272.0 271.0 277.0
256.0 271.0 272.0 277.0
85.0 88.0 101.0 102.0
313.0 318.0 326.0 324.0
86.0 89.0 102.0 103.0
256.0 272.0 271.0 277.0
333.0 148.0 346.0 152.0
268.0 65.0 282.0 70.0
332.0 147.0 346.0 152.0
255.0 271.0 270.0 277.0
320.0 566.0 339.0 575.0
262.0 178.0 274.0 181.0
335.0 66.0 348.0 67.0
309.0 431.0 324.0 437.0
336.0 65.0 348.0 68.0
286.0 138.0 299.0 141.0
296.0 370.0 310.0 377.0
259.0 350.0 275.0 357.0
272.0 91.0 283.0 94.0
183.0 250.0 196.0 255.0
319.0 565.0 339.0 575.0
258.0 350.0 275.0 357.0
272.0 92.0 283.0 94.0
304.0 110.0 317.0 113.0
171.0 341.0 186.0 348.0
185.0 251.0 197.0 256.0
337.0 67.0 348.0 68.0
334.0 147.0 346.0 152.0
177.0 205.0 190.0 209.0
309.0 430.0 324.0 437.0
260.0 369.0 276.0 374.0
305.0 110.0 317.0 112.0
268.0 64.0 282.0 70.0
217.0 304.0 232.0 309.0
172.0 341.0 187.0 349.0
207.0 152.0 221.0 156.0
185.0 252.0 198.0 257.0
258.0 349.0 274.0 356.0
272.0 552.0 291.0 561.0
180.0 283.0 193.0 288.0
295.0 370.0 310.0 377.0
70.0 347.0 88.0 355.0
262.0 177.0 274.0 181.0
390.0 272.0 406.0 276.0
338.0 66.0 348.0 69.0
63.0 68.0 77.0 79.0
271.0 553.0 291.0 561.0
401.0 201.0 416.0 205.0
179.0 282.0 193.0 288.0
260.0 367.0 276.0 374.0
294.0 371.0 309.0 377.0
259.0 349.0 274.0 356.0
257.0 272.0 272.0 277.0
179.0 284.0 193.0 288.0
337.0 66.0 348.0 68.0
208.0 152.0 221.0 156.0
286.0 136.0 299.0 141.0
184.0 251.0 197.0 256.0
273.0 552.0 291.0 561.0
256.0 273.0 271.0 277.0
237.0 294.0 252.0 302.0
294.0 370.0 310.0 377.0
202.0 333.0 218.0 338.0
257.0 349.0 274.0 356.0
305.0 109.0 317.0 112.0
171.0 342.0 187.0 349.0
195.0 86.0 206.0 91.0
261.0 368.0 276.0 374.0
184.0 252.0 198.0 257.0
179.0 283.0 193.0 288.0
171.0 343.0 187.0 349.0
183.0 252.0 198.0 257.0
374.0 246.0 388.0 250.0
273.0 92.0 283.0 96.0
184.0 250.0 197.0 256.0
262.0 368.0 277.0 374.0
295.0 371.0 310.0 377.0
184.0 626.0 201.0 632.0
285.0 137.0 298.0 142.0
177.0 204.0 190.0 209.0
218.0 304.0 232.0 309.0
293.0 370.0 309.0 377.0
238.0 295.0 252.0 302.0
258.0 244.0 271.0 250.0
257.0 350.0 274.0 356.0
97.0 600.0 121.0 610.0
218.0 302.0 232.0 309.0
183.0 251.0 197.0 256.0
194.0 86.0 206.0 91.0
261.0 367.0 276.0 374.0
286.0 137.0 299.0 141.0
257.0 273.0 272.0 277.0
178.0 283.0 193.0 288.0
172.0 342.0 187.0 349.0
285.0 138.0 299.0 142.0
176.0 204.0 190.0 209.0
296.0 433.0 312.0 440.0
178.0 282.0 193.0 288.0
185.0 626.0 201.0 632.0
62.0 389.0 80.0 396.0
304.0 109.0 317.0 112.0
263.0 107.0 274.0 112.0
234.0 248.0 251.0 252.0
195.0 87.0 206.0 91.0
194.0 85.0 206.0 91.0
273.0 551.0 291.0 561.0
195.0 85.0 206.0 91.0
217.0 302.0 232.0 309.0
374.0 245.0 388.0 250.0
260.0 368.0 276.0 374.0
268.0 63.0 281.0 70.0
272.0 551.0 291.0 561.0
218.0 303.0 232.0 309.0
217.0 303.0 232.0 309.0
183.0 626.0 201.0 632.0
306.0 110.0 317.0 112.0
271.0 551.0 291.0 561.0
71.0 347.0 88.0 355.0
274.0 440.0 290.0 446.0
273.0 91.0 283.0 94.0
270.0 553.0 291.0 561.0
271.0 552.0 291.0 561.0
182.0 625.0 201.0 632.0
61.0 389.0 80.0 396.0
237.0 295.0 252.0 302.0
258.0 245.0 271.0 250.0
274.0 92.0 283.0 96.0
262.0 367.0 277.0 374.0
258.0 272.0 272.0 277.0
319.0 566.0 339.0 575.0
96.0 601.0 121.0 610.0
258.0 273.0 272.0 277.0
334.0 148.0 346.0 152.0
173.0 342.0 187.0 349.0
201.0 333.0 218.0 338.0
373.0 244.0 388.0 250.0
98.0 584.0 122.0 595.0
183.0 625.0 201.0 632.0
373.0 246.0 388.0 250.0
274.0 439.0 290.0 446.0
96.0 600.0 121.0 610.0
326.0 91.0 337.0 93.0
267.0 582.0 289.0 590.0
184.0 625.0 201.0 632.0
306.0 109.0 317.0 112.0
216.0 304.0 232.0 309.0
178.0 205.0 190.0 209.0
234.0 249.0 251.0 252.0
270.0 552.0 291.0 561.0
99.0 584.0 122.0 595.0
61.0 390.0 80.0 396.0
97.0 583.0 122.0 595.0
372.0 244.0 388.0 250.0
267.0 64.0 282.0 70.0
372.0 245.0 388.0 250.0
273.0 439.0 289.0 446.0
373.0 245.0 388.0 250.0
338.0 67.0 348.0 69.0
97.0 584.0 122.0 595.0
261.0 369.0 276.0 374.0
294.0 369.0 310.0 377.0
98.0 583.0 122.0 595.0
236.0 295.0 252.0 302.0
243.0 211.0 258.0 219.0
18.0 414.0 35.0 420.0
267.0 581.0 289.0 590.0
64.0 68.0 77.0 79.0
233.0 249.0 250.0 252.0
63.0 390.0 80.0 396.0
176.0 203.0 189.0 209.0
172.0 343.0 187.0 349.0
63.0 69.0 77.0 79.0
99.0 583.0 122.0 595.0
259.0 245.0 271.0 250.0
233.0 248.0 251.0 251.0
236.0 294.0 252.0 302.0
178.0 204.0 190.0 209.0
58.0 447.0 76.0 453.0
116.0 585.0 140.0 597.0
62.0 390.0 80.0 396.0
216.0 303.0 232.0 309.0
57.0 446.0 75.0 453.0
86.0 594.0 106.0 602.0
91.0 11.0 104.0 20.0
92.0 11.0 104.0 20.0
172.0 344.0 187.0 349.0
173.0 343.0 187.0 349.0
177.0 203.0 190.0 209.0
266.0 582.0 289.0 590.0
85.0 594.0 106.0 602.0
216.0 302.0 232.0 309.0
58.0 448.0 76.0 453.0
92.0 10.0 104.0 20.0
65.0 69.0 78.0 79.0
57.0 447.0 75.0 453.0
18.0 413.0 35.0 420.0
178.0 203.0 190.0 209.0
217.0 301.0 232.0 309.0
46.0 353.0 65.0 361.0
46.0 354.0 65.0 361.0
90.0 11.0 104.0 20.0
92.0 12.0 104.0 20.0
137.0 3.0 145.0 10.0
64.0 69.0 78.0 79.0
116.0 259.0 132.0 264.0
91.0 10.0 104.0 20.0
57.0 448.0 75.0 453.0
46.0 355.0 65.0 361.0
17.0 412.0 35.0 420.0
266.0 581.0 289.0 590.0
18.0 412.0 35.0 420.0
19.0 413.0 35.0 420.0
17.0 413.0 35.0 420.0
91.0 12.0 104.0 20.0
139.0 241.0 153.0 244.0
56.0 447.0 75.0 453.0
151.0 620.0 171.0 626.0
56.0 446.0 75.0 453.0
235.0 598.0 255.0 606.0
388.0 407.0 398.0 411.0
139.0 242.0 154.0 244.0
243.0 602.0 257.0 607.0
216.0 301.0 232.0 309.0
45.0 353.0 65.0 361.0
425.0 297.0 442.0 299.0
426.0 297.0 442.0 299.0
45.0 354.0 65.0 361.0
235.0 599.0 255.0 606.0
336.0 149.0 346.0 151.0
45.0 355.0 65.0 361.0
64.0 70.0 78.0 80.0
56.0 448.0 75.0 453.0
389.0 406.0 398.0 411.0
389.0 407.0 398.0 411.0
94.0 301.0 108.0 307.0
354.0 318.0 365.0 320.0
48.0 577.0 68.0 587.0
108.0 278.0 126.0 287.0
443.0 305.0 466.0 318.0
389.0 408.0 398.0 411.0
354.0 317.0 365.0 320.0
309.0 423.0 324.0 437.0
184.0 375.0 196.0 380.0
47.0 577.0 68.0 587.0
443.0 304.0 466.0 317.0
44.0 353.0 65.0 361.0
48.0 578.0 68.0 587.0
230.0 616.0 252.0 626.0
44.0 355.0 65.0 361.0
145.0 598.0 164.0 603.0
44.0 354.0 65.0 361.0
156.0 287.0 170.0 288.0
309.0 422.0 324.0 437.0
145.0 599.0 164.0 603.0
47.0 578.0 68.0 587.0
52.0 548.0 78.0 559.0
46.0 578.0 67.0 587.0
355.0 318.0 365.0 320.0
53.0 548.0 79.0 558.0
53.0 547.0 79.0 558.0
355.0 316.0 365.0 320.0
146.0 599.0 164.0 603.0
146.0 364.0 172.0 373.0
95.0 301.0 108.0 307.0
355.0 317.0 365.0 320.0
95.0 302.0 108.0 307.0
356.0 318.0 365.0 320.0
321.0 3.0 319.0 27.0
43.0 354.0 65.0 361.0
321.0 1.0 319.0 27.0
321.0 2.0 319.0 27.0
47.0 579.0 68.0 587.0
356.0 317.0 365.0 320.0
54.0 548.0 79.0 558.0
356.0 316.0 365.0 320.0
214.0 320.0 218.0 338.0
215.0 320.0 218.0 338.0
215.0 321.0 218.0 338.0
445.0 339.0 442.0 318.0
444.0 339.0 442.0 318.0
445.0 340.0 442.0 318.0
443.0 341.0 441.0 318.0
443.0 340.0 442.0 318.0
269.0 118.0 274.0 113.0
444.0 341.0 441.0 318.0
444.0 340.0 442.0 318.0
445.0 341.0 441.0 318.0
196.0 167.0 216.0 187.0
269.0 119.0 274.0 113.0
