95.0 115.0 77.0 162.0
159.0 136.0 139.0 186.0
158.0 136.0 139.0 186.0
159.0 135.0 139.0 186.0
158.0 135.0 139.0 186.0
123.0 165.0 101.0 216.0
160.0 421.0 130.0 484.0
123.0 164.0 101.0 215.0
402.0 220.0 382.0 288.0
98.0 316.0 70.0 371.0
147.0 148.0 127.0 198.0
147.0 149.0 127.0 199.0
172.0 131.0 152.0 185.0
158.0 137.0 139.0 186.0
280.0 179.0 258.0 236.0
403.0 220.0 383.0 289.0
98.0 317.0 70.0 371.0
160.0 422.0 130.0 484.0
124.0 165.0 101.0 216.0
124.0 164.0 101.0 216.0
280.0 178.0 258.0 236.0
281.0 409.0 258.0 474.0
401.0 220.0 382.0 288.0
402.0 221.0 382.0 288.0
159.0 422.0 130.0 484.0
97.0 316.0 70.0 371.0
295.0 440.0 272.0 509.0
294.0 440.0 272.0 509.0
136.0 313.0 110.0 367.0
173.0 131.0 152.0 185.0
159.0 423.0 130.0 484.0
401.0 219.0 382.0 288.0
279.0 178.0 258.0 236.0
403.0 219.0 382.0 288.0
160.0 423.0 130.0 484.0
161.0 422.0 130.0 484.0
159.0 137.0 139.0 186.0
272.0 375.0 249.0 435.0
372.0 205.0 351.0 272.0
137.0 313.0 110.0 367.0
280.0 408.0 258.0 474.0
279.0 179.0 258.0 236.0
402.0 219.0 382.0 288.0
280.0 410.0 258.0 474.0
295.0 441.0 272.0 509.0
281.0 410.0 258.0 474.0
137.0 312.0 110.0 367.0
280.0 409.0 258.0 474.0
372.0 203.0 351.0 271.0
172.0 130.0 152.0 185.0
124.0 163.0 101.0 215.0
77.0 239.0 52.0 287.0
133.0 427.0 100.0 491.0
159.0 424.0 130.0 484.0
173.0 130.0 152.0 185.0
293.0 442.0 272.0 509.0
273.0 375.0 249.0 435.0
97.0 317.0 70.0 371.0
279.0 409.0 258.0 474.0
293.0 441.0 272.0 509.0
77.0 193.0 55.0 240.0
98.0 318.0 70.0 371.0
185.0 416.0 157.0 478.0
373.0 204.0 351.0 271.0
294.0 441.0 272.0 509.0
373.0 203.0 351.0 271.0
173.0 129.0 152.0 185.0
77.0 191.0 54.0 239.0
254.0 347.0 228.0 406.0
294.0 442.0 272.0 509.0
273.0 374.0 249.0 435.0
372.0 204.0 351.0 271.0
137.0 314.0 109.0 368.0
132.0 427.0 99.0 491.0
184.0 416.0 157.0 478.0
78.0 239.0 54.0 287.0
373.0 205.0 351.0 272.0
373.0 202.0 351.0 271.0
161.0 306.0 136.0 362.0
76.0 193.0 55.0 240.0
77.0 192.0 55.0 240.0
131.0 326.0 103.0 383.0
97.0 318.0 70.0 371.0
184.0 417.0 157.0 478.0
73.0 161.0 50.0 209.0
295.0 442.0 272.0 509.0
270.0 440.0 245.0 509.0
76.0 192.0 55.0 240.0
252.0 346.0 227.0 406.0
77.0 240.0 53.0 288.0
185.0 417.0 157.0 478.0
315.0 239.0 292.0 299.0
253.0 346.0 228.0 406.0
91.0 443.0 55.0 508.0
72.0 161.0 50.0 207.0
76.0 191.0 54.0 239.0
78.0 240.0 52.0 287.0
132.0 426.0 99.0 491.0
315.0 238.0 292.0 299.0
128.0 349.0 101.0 405.0
131.0 427.0 99.0 491.0
102.0 227.0 78.0 277.0
73.0 130.0 51.0 179.0
127.0 348.0 101.0 405.0
72.0 162.0 50.0 207.0
127.0 349.0 101.0 405.0
254.0 346.0 228.0 406.0
161.0 307.0 136.0 362.0
252.0 347.0 227.0 406.0
270.0 441.0 244.0 510.0
39.0 70.0 21.0 120.0
102.0 226.0 77.0 277.0
103.0 226.0 78.0 277.0
71.0 161.0 50.0 207.0
253.0 348.0 228.0 406.0
128.0 350.0 101.0 405.0
401.0 296.0 380.0 365.0
78.0 241.0 53.0 288.0
315.0 240.0 292.0 299.0
77.0 241.0 53.0 288.0
162.0 307.0 136.0 362.0
47.0 117.0 27.0 163.0
253.0 347.0 228.0 406.0
226.0 398.0 201.0 457.0
131.0 426.0 99.0 490.0
91.0 442.0 55.0 508.0
80.0 356.0 48.0 409.0
39.0 71.0 21.0 120.0
103.0 227.0 78.0 277.0
47.0 116.0 27.0 163.0
314.0 239.0 292.0 299.0
127.0 350.0 101.0 405.0
252.0 348.0 228.0 406.0
269.0 441.0 244.0 510.0
47.0 115.0 27.0 163.0
174.0 327.0 139.0 384.0
314.0 240.0 292.0 299.0
40.0 70.0 21.0 120.0
261.0 255.0 238.0 314.0
47.0 118.0 27.0 163.0
314.0 238.0 292.0 299.0
72.0 130.0 51.0 179.0
72.0 132.0 51.0 179.0
314.0 237.0 292.0 299.0
80.0 355.0 48.0 409.0
48.0 117.0 27.0 163.0
72.0 131.0 51.0 179.0
48.0 116.0 27.0 163.0
349.0 326.0 329.0 391.0
71.0 132.0 51.0 179.0
348.0 327.0 329.0 391.0
313.0 239.0 292.0 299.0
153.0 455.0 125.0 524.0
155.0 456.0 125.0 524.0
154.0 455.0 125.0 524.0
56.0 183.0 33.0 230.0
154.0 456.0 125.0 524.0
313.0 238.0 292.0 299.0
170.0 255.0 146.0 308.0
55.0 183.0 33.0 230.0
153.0 456.0 125.0 524.0
348.0 326.0 329.0 391.0
169.0 256.0 146.0 308.0
226.0 399.0 200.0 458.0
168.0 255.0 146.0 308.0
158.0 332.0 138.0 384.0
170.0 256.0 146.0 308.0
162.0 270.0 136.0 328.0
169.0 255.0 146.0 308.0
161.0 270.0 136.0 328.0
349.0 325.0 329.0 391.0
161.0 269.0 136.0 328.0
348.0 325.0 329.0 391.0
99.0 266.0 82.0 317.0
158.0 333.0 138.0 384.0
162.0 268.0 136.0 328.0
42.0 208.0 19.0 255.0
347.0 325.0 329.0 391.0
203.0 133.0 194.0 190.0
41.0 208.0 19.0 255.0
162.0 269.0 136.0 328.0
347.0 326.0 329.0 391.0
248.0 441.0 222.0 503.0
42.0 207.0 19.0 255.0
102.0 340.0 65.0 400.0
70.0 354.0 48.0 409.0
102.0 341.0 65.0 400.0
98.0 267.0 82.0 317.0
98.0 266.0 83.0 317.0
99.0 267.0 82.0 317.0
41.0 207.0 19.0 255.0
259.0 238.0 243.0 286.0
41.0 206.0 19.0 255.0
43.0 207.0 19.0 255.0
203.0 132.0 194.0 190.0
67.0 318.0 52.0 369.0
42.0 206.0 19.0 255.0
258.0 238.0 243.0 286.0
67.0 316.0 52.0 369.0
259.0 239.0 243.0 286.0
100.0 267.0 82.0 317.0
99.0 268.0 82.0 317.0
258.0 239.0 243.0 286.0
66.0 316.0 52.0 369.0
292.0 342.0 271.0 397.0
98.0 268.0 82.0 317.0
97.0 267.0 82.0 317.0
291.0 342.0 271.0 397.0
67.0 317.0 52.0 369.0
66.0 317.0 52.0 369.0
292.0 343.0 271.0 397.0
291.0 343.0 271.0 397.0
71.0 431.0 39.0 488.0
