365.0 222.0 353.0 237.0
364.0 223.0 353.0 237.0
131.0 296.0 123.0 307.0
93.0 77.0 82.0 92.0
333.0 93.0 321.0 108.0
131.0 295.0 123.0 307.0
132.0 296.0 123.0 307.0
132.0 297.0 123.0 307.0
93.0 76.0 82.0 92.0
396.0 244.0 383.0 260.0
335.0 93.0 321.0 108.0
335.0 94.0 320.0 110.0
396.0 246.0 383.0 260.0
396.0 245.0 383.0 260.0
334.0 94.0 320.0 110.0
406.0 334.0 395.0 346.0
98.0 546.0 90.0 564.0
406.0 333.0 395.0 346.0
98.0 547.0 90.0 564.0
98.0 548.0 90.0 564.0
334.0 93.0 321.0 108.0
333.0 94.0 321.0 108.0
126.0 485.0 116.0 501.0
369.0 185.0 357.0 199.0
92.0 75.0 82.0 92.0
132.0 295.0 123.0 307.0
395.0 245.0 383.0 260.0
383.0 360.0 373.0 370.0
364.0 222.0 353.0 237.0
148.0 160.0 138.0 175.0
369.0 184.0 356.0 198.0
92.0 76.0 82.0 92.0
382.0 359.0 372.0 371.0
171.0 248.0 160.0 264.0
363.0 222.0 353.0 237.0
383.0 358.0 373.0 370.0
369.0 183.0 356.0 198.0
194.0 265.0 182.0 284.0
63.0 69.0 51.0 86.0
383.0 359.0 373.0 370.0
171.0 249.0 160.0 264.0
99.0 547.0 90.0 564.0
148.0 159.0 138.0 175.0
336.0 93.0 321.0 109.0
382.0 358.0 372.0 371.0
99.0 546.0 90.0 564.0
396.0 247.0 382.0 260.0
99.0 548.0 90.0 564.0
95.0 523.0 86.0 540.0
171.0 247.0 161.0 263.0
397.0 246.0 383.0 260.0
143.0 190.0 134.0 203.0
94.0 524.0 85.0 540.0
95.0 524.0 86.0 540.0
95.0 525.0 86.0 541.0
142.0 189.0 134.0 203.0
143.0 189.0 134.0 203.0
170.0 249.0 160.0 264.0
382.0 360.0 372.0 371.0
170.0 248.0 160.0 264.0
294.0 275.0 284.0 288.0
147.0 161.0 138.0 176.0
96.0 523.0 86.0 540.0
190.0 359.0 180.0 370.0
62.0 69.0 51.0 86.0
347.0 204.0 335.0 218.0
383.0 356.0 373.0 370.0
170.0 246.0 160.0 262.0
383.0 357.0 373.0 370.0
147.0 160.0 138.0 176.0
125.0 485.0 116.0 501.0
170.0 247.0 160.0 264.0
96.0 524.0 86.0 540.0
96.0 525.0 86.0 541.0
368.0 184.0 356.0 198.0
195.0 265.0 182.0 284.0
63.0 68.0 51.0 86.0
105.0 602.0 97.0 620.0
295.0 274.0 285.0 287.0
190.0 358.0 180.0 370.0
63.0 67.0 51.0 86.0
62.0 67.0 51.0 86.0
185.0 422.0 175.0 432.0
104.0 130.0 94.0 144.0
147.0 159.0 138.0 175.0
94.0 525.0 85.0 540.0
95.0 356.0 85.0 369.0
100.0 547.0 90.0 564.0
170.0 243.0 160.0 262.0
363.0 221.0 353.0 236.0
61.0 69.0 51.0 86.0
382.0 357.0 373.0 370.0
62.0 68.0 51.0 86.0
364.0 221.0 353.0 237.0
105.0 601.0 97.0 620.0
125.0 486.0 116.0 501.0
191.0 359.0 180.0 370.0
250.0 255.0 240.0 269.0
368.0 183.0 356.0 198.0
368.0 185.0 357.0 199.0
336.0 593.0 328.0 608.0
104.0 131.0 94.0 146.0
61.0 67.0 51.0 86.0
185.0 421.0 175.0 432.0
103.0 130.0 93.0 145.0
295.0 275.0 285.0 288.0
103.0 131.0 93.0 145.0
159.0 480.0 151.0 496.0
191.0 358.0 180.0 370.0
106.0 601.0 97.0 620.0
336.0 594.0 327.0 609.0
336.0 592.0 328.0 608.0
184.0 421.0 175.0 432.0
367.0 185.0 356.0 198.0
159.0 479.0 149.0 496.0
430.0 227.0 417.0 243.0
431.0 227.0 417.0 243.0
94.0 356.0 85.0 369.0
126.0 486.0 116.0 501.0
324.0 566.0 317.0 584.0
317.0 81.0 306.0 97.0
105.0 600.0 96.0 619.0
192.0 357.0 181.0 370.0
273.0 20.0 261.0 35.0
346.0 205.0 335.0 219.0
431.0 228.0 417.0 243.0
124.0 486.0 116.0 501.0
185.0 420.0 175.0 432.0
249.0 255.0 240.0 269.0
348.0 109.0 334.0 125.0
335.0 594.0 327.0 609.0
142.0 190.0 134.0 203.0
250.0 256.0 240.0 269.0
156.0 303.0 145.0 315.0
429.0 227.0 416.0 243.0
367.0 184.0 356.0 198.0
294.0 276.0 285.0 288.0
184.0 420.0 174.0 432.0
61.0 68.0 51.0 86.0
159.0 503.0 150.0 518.0
249.0 257.0 240.0 269.0
94.0 294.0 82.0 306.0
318.0 80.0 305.0 96.0
335.0 593.0 328.0 608.0
249.0 256.0 240.0 269.0
194.0 263.0 182.0 284.0
191.0 356.0 180.0 369.0
274.0 19.0 261.0 35.0
295.0 276.0 285.0 288.0
156.0 302.0 145.0 315.0
194.0 264.0 182.0 284.0
323.0 566.0 317.0 584.0
95.0 357.0 85.0 369.0
429.0 228.0 415.0 244.0
158.0 480.0 149.0 496.0
378.0 111.0 365.0 126.0
348.0 108.0 334.0 124.0
104.0 129.0 94.0 144.0
347.0 203.0 335.0 217.0
362.0 448.0 353.0 458.0
430.0 228.0 416.0 243.0
195.0 264.0 182.0 284.0
184.0 422.0 175.0 432.0
317.0 80.0 305.0 96.0
158.0 481.0 149.0 496.0
191.0 357.0 180.0 370.0
273.0 19.0 261.0 35.0
347.0 110.0 333.0 126.0
192.0 358.0 181.0 370.0
250.0 257.0 240.0 269.0
157.0 302.0 146.0 315.0
373.0 378.0 363.0 388.0
382.0 83.0 369.0 98.0
373.0 377.0 363.0 388.0
346.0 204.0 335.0 218.0
94.0 357.0 85.0 369.0
347.0 109.0 334.0 125.0
361.0 449.0 353.0 458.0
378.0 110.0 365.0 126.0
125.0 487.0 116.0 501.0
159.0 502.0 150.0 518.0
314.0 206.0 302.0 221.0
346.0 203.0 334.0 217.0
362.0 451.0 353.0 458.0
158.0 479.0 149.0 496.0
248.0 257.0 240.0 269.0
323.0 565.0 317.0 584.0
158.0 502.0 150.0 518.0
183.0 421.0 174.0 432.0
374.0 378.0 363.0 388.0
345.0 204.0 334.0 218.0
126.0 487.0 116.0 501.0
317.0 253.0 306.0 268.0
319.0 81.0 306.0 97.0
361.0 450.0 353.0 458.0
195.0 263.0 182.0 284.0
345.0 203.0 334.0 217.0
313.0 206.0 302.0 221.0
157.0 480.0 149.0 496.0
377.0 111.0 365.0 126.0
346.0 109.0 334.0 125.0
318.0 81.0 306.0 97.0
374.0 377.0 363.0 388.0
362.0 449.0 353.0 458.0
362.0 450.0 353.0 458.0
158.0 503.0 150.0 518.0
373.0 379.0 364.0 386.0
140.0 191.0 134.0 203.0
295.0 277.0 285.0 288.0
141.0 191.0 134.0 203.0
346.0 108.0 333.0 124.0
319.0 80.0 306.0 97.0
157.0 481.0 149.0 496.0
248.0 256.0 239.0 269.0
313.0 207.0 302.0 221.0
141.0 190.0 134.0 203.0
361.0 451.0 353.0 458.0
133.0 289.0 123.0 306.0
156.0 301.0 147.0 315.0
347.0 108.0 334.0 125.0
157.0 503.0 149.0 518.0
157.0 301.0 147.0 315.0
377.0 110.0 365.0 126.0
312.0 207.0 302.0 221.0
382.0 82.0 369.0 98.0
157.0 502.0 149.0 518.0
198.0 247.0 188.0 263.0
313.0 156.0 302.0 170.0
314.0 157.0 302.0 170.0
54.0 505.0 46.0 523.0
197.0 249.0 188.0 263.0
198.0 248.0 188.0 263.0
198.0 249.0 188.0 263.0
378.0 237.0 367.0 251.0
235.0 567.0 230.0 589.0
54.0 506.0 46.0 524.0
373.0 394.0 359.0 406.0
458.0 198.0 441.0 216.0
313.0 157.0 302.0 170.0
373.0 393.0 359.0 406.0
20.0 42.0 8.0 57.0
28.0 25.0 17.0 43.0
197.0 248.0 188.0 263.0
27.0 25.0 17.0 43.0
382.0 81.0 369.0 98.0
28.0 26.0 17.0 43.0
236.0 567.0 230.0 589.0
55.0 504.0 46.0 523.0
374.0 395.0 359.0 406.0
374.0 393.0 359.0 406.0
375.0 393.0 365.0 402.0
374.0 394.0 359.0 406.0
387.0 423.0 376.0 440.0
21.0 42.0 8.0 57.0
20.0 41.0 8.0 57.0
27.0 26.0 17.0 43.0
29.0 26.0 17.0 43.0
236.0 569.0 230.0 589.0
375.0 394.0 365.0 402.0
28.0 27.0 17.0 43.0
56.0 504.0 46.0 523.0
236.0 568.0 230.0 589.0
458.0 197.0 441.0 216.0
55.0 506.0 46.0 524.0
95.0 45.0 85.0 61.0
55.0 505.0 46.0 523.0
237.0 568.0 230.0 589.0
192.0 612.0 184.0 634.0
323.0 14.0 311.0 27.0
193.0 614.0 184.0 634.0
56.0 505.0 46.0 523.0
161.0 572.0 151.0 593.0
356.0 286.0 352.0 299.0
96.0 44.0 85.0 61.0
96.0 45.0 85.0 61.0
95.0 46.0 85.0 61.0
160.0 573.0 151.0 593.0
323.0 13.0 311.0 27.0
161.0 573.0 151.0 593.0
160.0 572.0 151.0 593.0
193.0 612.0 184.0 634.0
371.0 256.0 363.0 265.0
192.0 614.0 184.0 634.0
192.0 613.0 184.0 634.0
193.0 613.0 184.0 634.0
56.0 506.0 46.0 524.0
193.0 611.0 184.0 634.0
459.0 198.0 441.0 216.0
460.0 196.0 460.0 220.0
194.0 613.0 184.0 634.0
335.0 282.0 318.0 297.0
322.0 13.0 311.0 27.0
355.0 286.0 352.0 299.0
370.0 256.0 363.0 265.0
355.0 285.0 352.0 299.0
168.0 460.0 162.0 477.0
194.0 612.0 184.0 634.0
323.0 12.0 311.0 27.0
204.0 593.0 196.0 612.0
464.0 275.0 450.0 289.0
166.0 460.0 162.0 477.0
167.0 460.0 162.0 477.0
295.0 70.0 284.0 93.0
203.0 593.0 196.0 612.0
54.0 48.0 44.0 65.0
459.0 197.0 441.0 216.0
183.0 597.0 179.0 614.0
168.0 459.0 162.0 477.0
167.0 459.0 162.0 477.0
166.0 459.0 162.0 477.0
54.0 49.0 44.0 65.0
370.0 257.0 363.0 265.0
184.0 597.0 179.0 614.0
94.0 44.0 85.0 60.0
95.0 44.0 85.0 61.0
460.0 197.0 460.0 220.0
55.0 48.0 44.0 65.0
460.0 198.0 460.0 220.0
183.0 596.0 179.0 614.0
185.0 596.0 179.0 614.0
371.0 257.0 363.0 265.0
184.0 596.0 179.0 614.0
459.0 196.0 441.0 216.0
429.0 37.0 417.0 52.0
465.0 274.0 450.0 289.0
281.0 580.0 274.0 600.0
310.0 87.0 305.0 97.0
204.0 592.0 196.0 612.0
280.0 580.0 274.0 600.0
430.0 36.0 417.0 52.0
429.0 36.0 417.0 52.0
280.0 582.0 274.0 600.0
55.0 49.0 44.0 65.0
167.0 458.0 162.0 477.0
310.0 86.0 305.0 97.0
454.0 233.0 439.0 246.0
280.0 581.0 274.0 600.0
371.0 258.0 363.0 265.0
336.0 283.0 318.0 298.0
279.0 581.0 274.0 600.0
281.0 581.0 274.0 600.0
370.0 258.0 363.0 265.0
258.0 567.0 264.0 587.0
259.0 568.0 264.0 587.0
451.0 124.0 447.0 136.0
309.0 87.0 305.0 97.0
20.0 5.0 3.0 13.0
20.0 7.0 3.0 13.0
20.0 6.0 3.0 13.0
390.0 35.0 374.0 52.0
21.0 5.0 3.0 13.0
21.0 6.0 3.0 13.0
21.0 7.0 3.0 13.0
371.0 259.0 363.0 265.0
390.0 34.0 374.0 52.0
341.0 124.0 334.0 126.0
389.0 35.0 374.0 52.0
253.0 190.0 243.0 190.0
309.0 86.0 305.0 97.0
177.0 579.0 168.0 597.0
389.0 36.0 374.0 52.0
340.0 125.0 334.0 126.0
340.0 124.0 334.0 126.0
252.0 191.0 243.0 190.0
176.0 579.0 168.0 597.0
341.0 123.0 334.0 126.0
340.0 123.0 334.0 126.0
324.0 31.0 311.0 27.0
339.0 124.0 334.0 126.0
177.0 580.0 168.0 597.0
195.0 304.0 178.0 361.0
253.0 192.0 243.0 190.0
324.0 32.0 311.0 27.0
176.0 580.0 168.0 597.0
253.0 191.0 243.0 190.0
325.0 31.0 311.0 27.0
195.0 305.0 178.0 361.0
175.0 579.0 168.0 597.0
177.0 581.0 168.0 597.0
8.0 21.0 3.0 13.0
7.0 21.0 3.0 13.0
176.0 581.0 168.0 597.0
341.0 125.0 334.0 126.0
195.0 303.0 178.0 361.0
353.0 258.0 346.0 285.0
354.0 257.0 346.0 285.0
198.0 281.0 182.0 285.0
325.0 33.0 311.0 27.0
196.0 306.0 180.0 369.0
9.0 22.0 17.0 43.0
196.0 305.0 178.0 361.0
176.0 582.0 168.0 597.0
325.0 32.0 311.0 27.0
197.0 306.0 178.0 361.0
196.0 304.0 178.0 361.0
8.0 22.0 17.0 43.0
458.0 260.0 438.0 276.0
196.0 303.0 178.0 361.0
