183.0 254.0 187.0 253.0
137.0 188.0 138.0 188.0
157.0 516.0 160.0 516.0
137.0 186.0 139.0 187.0
157.0 517.0 160.0 516.0
201.0 506.0 203.0 508.0
203.0 168.0 207.0 163.0
137.0 187.0 139.0 187.0
156.0 516.0 160.0 516.0
174.0 403.0 176.0 403.0
85.0 415.0 88.0 416.0
203.0 167.0 207.0 163.0
156.0 517.0 159.0 516.0
138.0 468.0 141.0 469.0
314.0 326.0 317.0 329.0
213.0 385.0 215.0 386.0
138.0 188.0 139.0 187.0
212.0 385.0 215.0 386.0
148.0 233.0 152.0 230.0
307.0 389.0 310.0 394.0
11.0 594.0 9.0 591.0
138.0 186.0 139.0 187.0
148.0 234.0 153.0 230.0
149.0 233.0 152.0 230.0
86.0 554.0 90.0 555.0
86.0 415.0 88.0 416.0
47.0 594.0 50.0 593.0
138.0 187.0 139.0 187.0
109.0 546.0 113.0 545.0
52.0 463.0 56.0 463.0
138.0 469.0 141.0 469.0
14.0 555.0 18.0 550.0
85.0 555.0 90.0 555.0
139.0 441.0 142.0 442.0
312.0 327.0 317.0 330.0
308.0 389.0 310.0 394.0
371.0 426.0 374.0 432.0
12.0 594.0 9.0 591.0
171.0 44.0 176.0 37.0
137.0 366.0 140.0 364.0
174.0 402.0 176.0 403.0
136.0 366.0 140.0 364.0
48.0 593.0 50.0 593.0
36.0 619.0 39.0 620.0
53.0 463.0 56.0 463.0
37.0 620.0 40.0 620.0
47.0 593.0 50.0 593.0
313.0 327.0 317.0 330.0
307.0 388.0 310.0 394.0
52.0 464.0 56.0 463.0
173.0 532.0 176.0 533.0
85.0 554.0 90.0 555.0
139.0 188.0 139.0 187.0
51.0 463.0 56.0 463.0
313.0 326.0 317.0 329.0
138.0 441.0 142.0 442.0
414.0 238.0 420.0 242.0
139.0 440.0 142.0 442.0
110.0 545.0 114.0 544.0
307.0 390.0 310.0 394.0
173.0 402.0 176.0 403.0
138.0 366.0 140.0 364.0
123.0 104.0 126.0 98.0
25.0 575.0 28.0 575.0
13.0 554.0 18.0 550.0
172.0 402.0 175.0 403.0
147.0 234.0 152.0 230.0
173.0 403.0 175.0 403.0
314.0 327.0 317.0 330.0
53.0 464.0 56.0 463.0
237.0 629.0 238.0 633.0
138.0 440.0 142.0 441.0
122.0 105.0 126.0 98.0
308.0 390.0 310.0 394.0
173.0 404.0 175.0 403.0
236.0 629.0 238.0 633.0
250.0 568.0 254.0 572.0
219.0 428.0 222.0 430.0
174.0 532.0 176.0 533.0
172.0 403.0 175.0 403.0
85.0 414.0 88.0 416.0
174.0 533.0 176.0 533.0
215.0 368.0 218.0 370.0
220.0 429.0 222.0 430.0
85.0 84.0 90.0 76.0
177.0 380.0 180.0 380.0
214.0 385.0 215.0 386.0
272.0 478.0 276.0 482.0
460.0 322.0 464.0 330.0
46.0 593.0 50.0 593.0
171.0 43.0 176.0 36.0
413.0 237.0 420.0 242.0
192.0 458.0 195.0 459.0
183.0 505.0 186.0 506.0
273.0 478.0 276.0 482.0
259.0 302.0 263.0 304.0
124.0 104.0 127.0 98.0
192.0 459.0 195.0 459.0
122.0 104.0 126.0 98.0
47.0 592.0 50.0 593.0
36.0 620.0 39.0 620.0
123.0 103.0 126.0 98.0
147.0 233.0 152.0 230.0
65.0 605.0 68.0 605.0
413.0 238.0 420.0 242.0
172.0 43.0 176.0 37.0
384.0 334.0 390.0 341.0
66.0 604.0 68.0 605.0
109.0 545.0 114.0 544.0
459.0 322.0 464.0 330.0
220.0 428.0 222.0 430.0
172.0 44.0 176.0 37.0
139.0 187.0 139.0 187.0
13.0 555.0 17.0 550.0
37.0 619.0 39.0 620.0
236.0 628.0 238.0 633.0
235.0 629.0 238.0 633.0
304.0 508.0 306.0 512.0
164.0 320.0 167.0 319.0
339.0 284.0 344.0 287.0
193.0 459.0 196.0 459.0
123.0 359.0 126.0 358.0
187.0 550.0 189.0 551.0
66.0 605.0 68.0 605.0
352.0 297.0 355.0 301.0
273.0 477.0 276.0 482.0
26.0 576.0 28.0 575.0
25.0 574.0 28.0 575.0
340.0 284.0 344.0 287.0
26.0 575.0 28.0 575.0
86.0 414.0 88.0 416.0
187.0 551.0 189.0 551.0
109.0 544.0 114.0 544.0
460.0 321.0 464.0 330.0
65.0 604.0 68.0 605.0
339.0 285.0 345.0 288.0
187.0 552.0 189.0 551.0
123.0 358.0 126.0 358.0
109.0 367.0 113.0 366.0
251.0 569.0 254.0 573.0
176.0 380.0 178.0 380.0
219.0 429.0 222.0 430.0
272.0 477.0 276.0 482.0
274.0 42.0 279.0 35.0
251.0 568.0 254.0 572.0
296.0 559.0 300.0 566.0
138.0 579.0 140.0 580.0
125.0 446.0 129.0 446.0
31.0 550.0 35.0 546.0
304.0 507.0 306.0 512.0
86.0 83.0 90.0 76.0
214.0 368.0 218.0 370.0
459.0 321.0 464.0 330.0
13.0 556.0 17.0 550.0
108.0 369.0 112.0 368.0
84.0 468.0 89.0 468.0
303.0 507.0 306.0 512.0
258.0 303.0 263.0 304.0
351.0 297.0 355.0 301.0
401.0 231.0 407.0 235.0
259.0 303.0 263.0 304.0
139.0 303.0 144.0 300.0
86.0 82.0 90.0 76.0
186.0 446.0 189.0 446.0
171.0 45.0 176.0 37.0
385.0 334.0 390.0 341.0
109.0 369.0 112.0 368.0
137.0 367.0 140.0 364.0
84.0 83.0 90.0 76.0
193.0 458.0 195.0 459.0
37.0 618.0 39.0 620.0
108.0 368.0 113.0 366.0
133.0 243.0 137.0 240.0
275.0 42.0 279.0 35.0
85.0 374.0 90.0 370.0
116.0 448.0 120.0 448.0
184.0 505.0 186.0 506.0
462.0 345.0 468.0 353.0
110.0 368.0 113.0 366.0
24.0 575.0 28.0 575.0
63.0 76.0 67.0 67.0
176.0 381.0 178.0 381.0
340.0 285.0 345.0 288.0
458.0 322.0 464.0 330.0
393.0 369.0 398.0 376.0
250.0 569.0 254.0 572.0
274.0 41.0 279.0 35.0
122.0 359.0 126.0 358.0
386.0 334.0 390.0 341.0
85.0 373.0 90.0 370.0
183.0 313.0 187.0 312.0
163.0 320.0 167.0 319.0
138.0 578.0 140.0 579.0
137.0 579.0 140.0 580.0
384.0 335.0 390.0 341.0
119.0 411.0 122.0 413.0
85.0 83.0 90.0 76.0
275.0 41.0 279.0 34.0
258.0 302.0 263.0 304.0
109.0 368.0 113.0 366.0
30.0 550.0 35.0 546.0
120.0 411.0 122.0 413.0
385.0 335.0 390.0 341.0
85.0 82.0 89.0 75.0
125.0 468.0 128.0 468.0
295.0 558.0 300.0 566.0
30.0 309.0 35.0 304.0
124.0 468.0 128.0 468.0
296.0 558.0 300.0 566.0
463.0 345.0 468.0 353.0
77.0 267.0 82.0 262.0
183.0 506.0 186.0 506.0
355.0 362.0 361.0 368.0
184.0 506.0 186.0 506.0
31.0 551.0 35.0 546.0
84.0 469.0 89.0 468.0
462.0 346.0 468.0 353.0
394.0 369.0 398.0 376.0
187.0 446.0 189.0 446.0
119.0 412.0 121.0 414.0
120.0 412.0 122.0 415.0
121.0 412.0 122.0 413.0
62.0 77.0 67.0 67.0
228.0 374.0 232.0 376.0
105.0 613.0 108.0 613.0
202.0 614.0 208.0 614.0
30.0 551.0 35.0 546.0
105.0 615.0 108.0 613.0
261.0 54.0 267.0 47.0
124.0 446.0 129.0 446.0
172.0 45.0 176.0 37.0
175.0 380.0 178.0 380.0
357.0 363.0 361.0 368.0
106.0 614.0 108.0 613.0
120.0 413.0 123.0 415.0
35.0 84.0 40.0 76.0
463.0 346.0 468.0 353.0
183.0 312.0 187.0 312.0
35.0 83.0 40.0 76.0
54.0 528.0 56.0 525.0
84.0 374.0 90.0 370.0
53.0 527.0 57.0 525.0
334.0 255.0 338.0 256.0
261.0 55.0 267.0 47.0
163.0 321.0 166.0 320.0
334.0 254.0 338.0 256.0
262.0 53.0 267.0 47.0
34.0 83.0 40.0 76.0
30.0 308.0 35.0 304.0
86.0 373.0 90.0 370.0
182.0 313.0 187.0 312.0
383.0 559.0 386.0 569.0
62.0 76.0 67.0 67.0
164.0 321.0 167.0 319.0
133.0 244.0 137.0 240.0
356.0 363.0 361.0 368.0
175.0 381.0 178.0 381.0
262.0 54.0 267.0 47.0
222.0 446.0 225.0 448.0
105.0 614.0 108.0 613.0
26.0 120.0 30.0 110.0
216.0 543.0 218.0 546.0
201.0 613.0 208.0 614.0
215.0 543.0 218.0 546.0
121.0 300.0 124.0 298.0
303.0 506.0 306.0 512.0
229.0 374.0 232.0 376.0
136.0 367.0 140.0 364.0
301.0 528.0 304.0 532.0
132.0 245.0 137.0 240.0
132.0 244.0 137.0 240.0
59.0 416.0 63.0 418.0
139.0 302.0 144.0 300.0
356.0 362.0 361.0 368.0
302.0 528.0 304.0 532.0
138.0 303.0 143.0 301.0
287.0 595.0 288.0 601.0
229.0 373.0 232.0 376.0
58.0 416.0 63.0 418.0
68.0 504.0 74.0 501.0
357.0 362.0 361.0 368.0
387.0 219.0 393.0 222.0
257.0 374.0 259.0 377.0
304.0 506.0 306.0 512.0
386.0 335.0 390.0 341.0
53.0 483.0 58.0 483.0
433.0 444.0 437.0 456.0
387.0 220.0 393.0 222.0
102.0 592.0 110.0 591.0
302.0 527.0 304.0 532.0
287.0 596.0 288.0 601.0
44.0 289.0 49.0 283.0
303.0 528.0 304.0 532.0
124.0 445.0 129.0 446.0
8.0 410.0 12.0 404.0
120.0 300.0 124.0 298.0
218.0 498.0 221.0 500.0
44.0 290.0 49.0 284.0
45.0 289.0 50.0 283.0
43.0 289.0 49.0 284.0
383.0 558.0 386.0 569.0
44.0 288.0 50.0 283.0
182.0 312.0 187.0 312.0
76.0 267.0 82.0 262.0
31.0 552.0 35.0 546.0
33.0 210.0 38.0 204.0
256.0 375.0 259.0 377.0
187.0 447.0 189.0 446.0
43.0 288.0 49.0 283.0
54.0 482.0 58.0 483.0
77.0 268.0 82.0 262.0
414.0 416.0 419.0 426.0
34.0 84.0 40.0 76.0
104.0 614.0 108.0 613.0
257.0 349.0 261.0 350.0
301.0 527.0 304.0 532.0
53.0 391.0 57.0 388.0
103.0 592.0 110.0 591.0
278.0 617.0 280.0 622.0
415.0 416.0 419.0 426.0
388.0 220.0 393.0 223.0
287.0 597.0 288.0 601.0
54.0 483.0 58.0 483.0
121.0 299.0 124.0 298.0
201.0 614.0 208.0 614.0
53.0 482.0 58.0 483.0
55.0 483.0 58.0 483.0
277.0 617.0 280.0 622.0
30.0 552.0 35.0 546.0
138.0 302.0 144.0 300.0
427.0 523.0 430.0 534.0
9.0 298.0 15.0 292.0
101.0 593.0 110.0 591.0
53.0 528.0 56.0 525.0
25.0 120.0 30.0 110.0
69.0 503.0 74.0 501.0
286.0 596.0 288.0 601.0
69.0 504.0 74.0 501.0
68.0 503.0 74.0 501.0
217.0 498.0 221.0 500.0
120.0 299.0 124.0 298.0
24.0 118.0 30.0 110.0
25.0 119.0 30.0 110.0
394.0 477.0 397.0 487.0
276.0 68.0 280.0 62.0
144.0 635.0 141.0 634.0
76.0 268.0 82.0 262.0
8.0 298.0 15.0 292.0
200.0 614.0 208.0 614.0
278.0 616.0 280.0 622.0
427.0 522.0 430.0 534.0
332.0 490.0 333.0 494.0
9.0 297.0 15.0 292.0
303.0 505.0 306.0 512.0
24.0 119.0 30.0 110.0
33.0 211.0 38.0 204.0
256.0 374.0 259.0 377.0
286.0 595.0 288.0 601.0
45.0 270.0 49.0 264.0
241.0 358.0 244.0 359.0
102.0 593.0 110.0 591.0
223.0 21.0 230.0 12.0
177.0 602.0 176.0 601.0
8.0 297.0 15.0 292.0
224.0 21.0 230.0 12.0
395.0 476.0 397.0 487.0
53.0 392.0 57.0 388.0
277.0 616.0 280.0 622.0
216.0 562.0 219.0 565.0
426.0 523.0 430.0 534.0
318.0 518.0 320.0 524.0
32.0 435.0 35.0 437.0
33.0 435.0 35.0 437.0
394.0 476.0 397.0 487.0
176.0 603.0 176.0 601.0
10.0 297.0 16.0 291.0
255.0 373.0 259.0 377.0
16.0 184.0 16.0 173.0
44.0 222.0 49.0 216.0
317.0 518.0 320.0 524.0
54.0 529.0 56.0 525.0
177.0 603.0 176.0 601.0
331.0 490.0 333.0 494.0
215.0 562.0 219.0 565.0
32.0 434.0 35.0 437.0
53.0 529.0 56.0 525.0
52.0 529.0 56.0 525.0
10.0 298.0 15.0 292.0
255.0 374.0 259.0 377.0
52.0 502.0 56.0 501.0
12.0 532.0 17.0 526.0
332.0 491.0 333.0 494.0
52.0 501.0 56.0 501.0
425.0 523.0 430.0 534.0
426.0 522.0 430.0 534.0
256.0 373.0 259.0 377.0
51.0 502.0 56.0 501.0
425.0 522.0 430.0 534.0
33.0 434.0 35.0 437.0
318.0 519.0 320.0 524.0
51.0 501.0 56.0 501.0
52.0 530.0 56.0 525.0
396.0 287.0 400.0 294.0
53.0 530.0 56.0 525.0
260.0 73.0 259.0 65.0
317.0 519.0 320.0 524.0
223.0 22.0 230.0 12.0
398.0 440.0 398.0 442.0
40.0 410.0 44.0 407.0
398.0 441.0 398.0 442.0
40.0 411.0 44.0 407.0
399.0 440.0 398.0 442.0
399.0 442.0 398.0 442.0
325.0 49.0 330.0 44.0
399.0 441.0 398.0 442.0
147.0 614.0 156.0 625.0
147.0 615.0 155.0 625.0
146.0 615.0 155.0 625.0
146.0 614.0 156.0 625.0
43.0 253.0 50.0 247.0
22.0 200.0 36.0 183.0
42.0 253.0 50.0 247.0
42.0 254.0 50.0 247.0
120.0 253.0 137.0 241.0
18.0 156.0 16.0 173.0
31.0 382.0 38.0 363.0
120.0 252.0 137.0 241.0
253.0 16.0 261.0 27.0
