236.0 257.0 256.0 273.0
243.0 466.0 267.0 480.0
392.0 40.0 409.0 47.0
243.0 467.0 267.0 481.0
392.0 39.0 409.0 47.0
237.0 256.0 256.0 273.0
242.0 164.0 260.0 178.0
242.0 466.0 267.0 480.0
395.0 40.0 411.0 47.0
243.0 163.0 261.0 177.0
394.0 40.0 410.0 47.0
236.0 256.0 256.0 273.0
393.0 40.0 410.0 47.0
242.0 467.0 266.0 481.0
242.0 162.0 260.0 177.0
242.0 163.0 260.0 177.0
235.0 257.0 256.0 273.0
395.0 41.0 411.0 47.0
314.0 134.0 332.0 147.0
241.0 163.0 260.0 178.0
393.0 39.0 410.0 47.0
301.0 446.0 323.0 459.0
393.0 41.0 410.0 47.0
394.0 39.0 410.0 47.0
374.0 262.0 392.0 271.0
241.0 466.0 266.0 481.0
393.0 38.0 410.0 47.0
241.0 467.0 266.0 481.0
394.0 41.0 411.0 47.0
230.0 414.0 252.0 429.0
235.0 256.0 256.0 273.0
230.0 415.0 252.0 429.0
242.0 468.0 267.0 481.0
241.0 162.0 260.0 177.0
314.0 133.0 332.0 147.0
240.0 162.0 260.0 178.0
231.0 414.0 252.0 429.0
94.0 559.0 116.0 585.0
373.0 262.0 392.0 271.0
232.0 415.0 252.0 429.0
231.0 415.0 252.0 429.0
200.0 327.0 221.0 345.0
224.0 189.0 242.0 201.0
93.0 559.0 116.0 585.0
201.0 327.0 221.0 345.0
356.0 237.0 372.0 244.0
201.0 326.0 221.0 345.0
372.0 262.0 392.0 271.0
164.0 233.0 185.0 252.0
177.0 400.0 199.0 420.0
225.0 189.0 242.0 201.0
357.0 238.0 372.0 244.0
293.0 16.0 307.0 26.0
237.0 336.0 258.0 350.0
236.0 255.0 256.0 273.0
86.0 258.0 108.0 278.0
232.0 414.0 252.0 429.0
200.0 326.0 221.0 345.0
231.0 416.0 252.0 429.0
164.0 234.0 185.0 252.0
292.0 16.0 307.0 26.0
94.0 560.0 116.0 585.0
292.0 308.0 312.0 320.0
224.0 190.0 243.0 211.0
76.0 559.0 99.0 583.0
293.0 17.0 307.0 26.0
76.0 558.0 99.0 583.0
178.0 399.0 199.0 420.0
245.0 532.0 272.0 553.0
269.0 126.0 285.0 138.0
164.0 235.0 184.0 252.0
75.0 558.0 99.0 583.0
245.0 533.0 272.0 553.0
174.0 179.0 196.0 198.0
77.0 333.0 103.0 351.0
374.0 263.0 392.0 271.0
163.0 234.0 185.0 252.0
244.0 533.0 272.0 553.0
76.0 557.0 99.0 583.0
374.0 264.0 392.0 271.0
246.0 532.0 272.0 553.0
225.0 190.0 243.0 211.0
163.0 235.0 184.0 252.0
235.0 255.0 255.0 271.0
165.0 235.0 185.0 252.0
176.0 400.0 199.0 420.0
75.0 559.0 99.0 583.0
276.0 360.0 296.0 370.0
246.0 533.0 272.0 553.0
235.0 254.0 255.0 271.0
196.0 283.0 216.0 301.0
174.0 180.0 196.0 198.0
372.0 264.0 392.0 271.0
232.0 416.0 252.0 429.0
372.0 263.0 392.0 271.0
164.0 236.0 184.0 252.0
275.0 359.0 296.0 370.0
293.0 15.0 307.0 26.0
373.0 263.0 392.0 271.0
76.0 334.0 103.0 351.0
95.0 560.0 116.0 585.0
234.0 256.0 256.0 273.0
180.0 368.0 203.0 382.0
177.0 399.0 199.0 420.0
236.0 227.0 258.0 244.0
236.0 254.0 255.0 271.0
179.0 368.0 203.0 382.0
176.0 399.0 199.0 420.0
86.0 257.0 108.0 278.0
275.0 360.0 296.0 370.0
373.0 264.0 392.0 271.0
356.0 236.0 374.0 246.0
276.0 359.0 296.0 370.0
245.0 531.0 271.0 553.0
236.0 335.0 258.0 350.0
357.0 237.0 374.0 246.0
294.0 16.0 307.0 26.0
75.0 557.0 99.0 583.0
165.0 236.0 184.0 252.0
179.0 314.0 201.0 333.0
233.0 415.0 252.0 429.0
244.0 531.0 271.0 553.0
274.0 359.0 294.0 370.0
177.0 398.0 199.0 420.0
76.0 333.0 103.0 351.0
294.0 15.0 307.0 26.0
355.0 386.0 381.0 404.0
76.0 560.0 99.0 583.0
355.0 387.0 381.0 404.0
85.0 257.0 108.0 278.0
236.0 336.0 258.0 350.0
233.0 416.0 252.0 429.0
176.0 398.0 199.0 420.0
354.0 386.0 381.0 404.0
86.0 256.0 108.0 278.0
76.0 332.0 103.0 351.0
48.0 328.0 70.0 347.0
87.0 257.0 108.0 278.0
75.0 334.0 103.0 351.0
244.0 532.0 271.0 553.0
293.0 308.0 312.0 320.0
235.0 227.0 258.0 244.0
354.0 387.0 381.0 404.0
75.0 333.0 103.0 351.0
48.0 327.0 70.0 347.0
358.0 238.0 374.0 245.0
195.0 283.0 216.0 301.0
181.0 368.0 203.0 382.0
361.0 409.0 384.0 419.0
178.0 151.0 195.0 167.0
175.0 399.0 199.0 420.0
87.0 258.0 108.0 278.0
196.0 282.0 216.0 301.0
74.0 556.0 99.0 583.0
173.0 179.0 196.0 198.0
357.0 236.0 374.0 245.0
235.0 335.0 258.0 350.0
179.0 369.0 203.0 382.0
75.0 556.0 99.0 583.0
358.0 237.0 374.0 245.0
85.0 256.0 108.0 278.0
195.0 282.0 216.0 301.0
180.0 369.0 203.0 382.0
47.0 328.0 70.0 347.0
175.0 398.0 199.0 420.0
181.0 369.0 203.0 382.0
235.0 228.0 258.0 244.0
75.0 332.0 103.0 351.0
178.0 314.0 201.0 333.0
177.0 336.0 199.0 348.0
179.0 312.0 201.0 333.0
178.0 150.0 195.0 167.0
179.0 313.0 201.0 333.0
235.0 226.0 258.0 244.0
196.0 281.0 216.0 301.0
275.0 292.0 299.0 311.0
355.0 7.0 371.0 16.0
47.0 327.0 70.0 347.0
355.0 8.0 371.0 16.0
356.0 8.0 371.0 16.0
247.0 96.0 263.0 107.0
256.0 61.0 269.0 65.0
274.0 292.0 299.0 311.0
358.0 236.0 374.0 245.0
356.0 9.0 371.0 16.0
248.0 96.0 263.0 107.0
257.0 60.0 269.0 65.0
178.0 313.0 201.0 333.0
184.0 119.0 196.0 136.0
47.0 326.0 70.0 347.0
357.0 9.0 371.0 16.0
257.0 61.0 269.0 65.0
356.0 7.0 371.0 16.0
274.0 291.0 299.0 311.0
176.0 337.0 199.0 348.0
178.0 312.0 201.0 333.0
245.0 420.0 273.0 439.0
273.0 292.0 299.0 311.0
195.0 281.0 216.0 301.0
213.0 285.0 237.0 295.0
331.0 306.0 354.0 317.0
247.0 97.0 263.0 107.0
246.0 420.0 273.0 439.0
213.0 284.0 237.0 295.0
194.0 282.0 216.0 301.0
234.0 227.0 258.0 244.0
209.0 576.0 235.0 598.0
245.0 419.0 273.0 439.0
258.0 61.0 269.0 65.0
157.0 331.0 172.0 343.0
158.0 330.0 172.0 343.0
195.0 280.0 216.0 301.0
210.0 576.0 235.0 598.0
209.0 575.0 235.0 598.0
229.0 567.0 266.0 581.0
228.0 566.0 266.0 581.0
246.0 419.0 273.0 439.0
210.0 575.0 235.0 598.0
248.0 97.0 269.0 118.0
443.0 252.0 462.0 256.0
443.0 254.0 462.0 256.0
227.0 566.0 266.0 581.0
194.0 281.0 216.0 301.0
442.0 251.0 462.0 256.0
444.0 253.0 462.0 256.0
443.0 253.0 462.0 256.0
228.0 567.0 266.0 581.0
227.0 567.0 266.0 581.0
442.0 252.0 462.0 256.0
43.0 46.0 64.0 70.0
43.0 45.0 64.0 70.0
37.0 372.0 62.0 389.0
443.0 251.0 462.0 256.0
442.0 253.0 462.0 256.0
38.0 373.0 62.0 389.0
295.0 430.0 323.0 458.0
209.0 574.0 235.0 598.0
295.0 431.0 323.0 458.0
37.0 373.0 62.0 389.0
158.0 331.0 172.0 343.0
220.0 240.0 234.0 249.0
290.0 616.0 309.0 636.0
290.0 617.0 309.0 636.0
441.0 253.0 462.0 256.0
289.0 616.0 308.0 636.0
210.0 574.0 235.0 598.0
441.0 252.0 462.0 256.0
43.0 44.0 64.0 70.0
220.0 241.0 234.0 249.0
42.0 45.0 64.0 70.0
42.0 44.0 64.0 70.0
19.0 329.0 44.0 353.0
230.0 453.0 259.0 474.0
349.0 397.0 380.0 404.0
290.0 615.0 308.0 636.0
350.0 397.0 384.0 418.0
221.0 240.0 234.0 249.0
42.0 46.0 64.0 70.0
230.0 454.0 259.0 474.0
13.0 424.0 37.0 441.0
294.0 430.0 323.0 458.0
467.0 223.0 460.0 256.0
41.0 45.0 64.0 70.0
157.0 332.0 172.0 344.0
13.0 423.0 37.0 441.0
468.0 223.0 460.0 256.0
289.0 615.0 308.0 636.0
14.0 424.0 37.0 441.0
158.0 332.0 172.0 343.0
349.0 398.0 380.0 404.0
162.0 255.0 179.0 284.0
469.0 223.0 460.0 256.0
271.0 74.0 294.0 98.0
272.0 74.0 294.0 98.0
294.0 429.0 324.0 458.0
295.0 429.0 323.0 458.0
14.0 423.0 37.0 441.0
12.0 423.0 38.0 441.0
469.0 222.0 460.0 256.0
128.0 601.0 151.0 620.0
159.0 331.0 172.0 343.0
468.0 222.0 460.0 256.0
12.0 424.0 37.0 441.0
161.0 254.0 179.0 283.0
467.0 222.0 460.0 256.0
162.0 254.0 179.0 284.0
325.0 300.0 355.0 316.0
325.0 299.0 355.0 316.0
61.0 575.0 85.0 594.0
20.0 555.0 48.0 577.0
326.0 299.0 355.0 316.0
162.0 253.0 179.0 284.0
271.0 73.0 294.0 98.0
60.0 574.0 85.0 594.0
20.0 557.0 47.0 579.0
20.0 556.0 48.0 577.0
21.0 556.0 48.0 577.0
159.0 332.0 172.0 343.0
157.0 333.0 172.0 344.0
158.0 333.0 172.0 344.0
61.0 576.0 85.0 594.0
