183.0 384.0 199.0 416.0
126.0 195.0 140.0 229.0
54.0 173.0 69.0 207.0
54.0 172.0 68.0 206.0
315.0 117.0 324.0 147.0
224.0 370.0 239.0 403.0
95.0 194.0 110.0 226.0
181.0 380.0 196.0 410.0
126.0 194.0 140.0 229.0
223.0 370.0 239.0 403.0
264.0 438.0 279.0 469.0
153.0 352.0 168.0 384.0
263.0 437.0 279.0 469.0
153.0 351.0 168.0 384.0
54.0 175.0 69.0 207.0
373.0 221.0 382.0 248.0
53.0 173.0 69.0 207.0
153.0 350.0 168.0 383.0
284.0 353.0 299.0 384.0
152.0 351.0 168.0 384.0
283.0 353.0 299.0 384.0
58.0 195.0 74.0 230.0
154.0 353.0 168.0 384.0
96.0 194.0 110.0 226.0
153.0 353.0 168.0 384.0
264.0 439.0 279.0 469.0
373.0 220.0 383.0 248.0
152.0 349.0 166.0 382.0
53.0 175.0 69.0 207.0
316.0 117.0 324.0 147.0
154.0 352.0 168.0 384.0
263.0 438.0 279.0 469.0
411.0 477.0 431.0 510.0
314.0 118.0 324.0 147.0
57.0 195.0 74.0 230.0
54.0 174.0 69.0 207.0
95.0 195.0 110.0 226.0
53.0 172.0 68.0 206.0
412.0 477.0 431.0 510.0
279.0 345.0 295.0 378.0
315.0 118.0 324.0 147.0
280.0 345.0 295.0 378.0
53.0 176.0 69.0 208.0
280.0 346.0 295.0 378.0
275.0 413.0 291.0 442.0
263.0 439.0 279.0 469.0
154.0 351.0 168.0 384.0
279.0 346.0 295.0 378.0
96.0 197.0 110.0 228.0
314.0 119.0 324.0 147.0
274.0 412.0 290.0 440.0
53.0 174.0 69.0 207.0
59.0 195.0 74.0 230.0
316.0 118.0 325.0 147.0
96.0 195.0 110.0 226.0
284.0 354.0 300.0 385.0
280.0 347.0 295.0 378.0
315.0 119.0 325.0 147.0
275.0 412.0 290.0 440.0
129.0 301.0 144.0 331.0
130.0 301.0 144.0 331.0
315.0 120.0 325.0 147.0
154.0 350.0 168.0 383.0
276.0 412.0 291.0 442.0
95.0 196.0 110.0 227.0
97.0 195.0 111.0 227.0
316.0 119.0 325.0 147.0
152.0 350.0 168.0 383.0
373.0 219.0 383.0 248.0
97.0 194.0 111.0 227.0
130.0 302.0 144.0 331.0
131.0 302.0 145.0 331.0
276.0 413.0 291.0 442.0
282.0 193.0 292.0 225.0
131.0 301.0 145.0 331.0
58.0 194.0 74.0 230.0
223.0 369.0 239.0 403.0
96.0 196.0 110.0 227.0
57.0 194.0 74.0 230.0
153.0 349.0 167.0 383.0
58.0 193.0 74.0 230.0
140.0 132.0 153.0 170.0
273.0 156.0 284.0 190.0
97.0 196.0 111.0 227.0
412.0 476.0 431.0 510.0
224.0 369.0 239.0 403.0
411.0 476.0 431.0 510.0
27.0 344.0 42.0 376.0
374.0 221.0 383.0 248.0
142.0 186.0 156.0 219.0
281.0 192.0 292.0 224.0
410.0 475.0 431.0 510.0
178.0 173.0 189.0 207.0
97.0 197.0 111.0 227.0
141.0 185.0 156.0 219.0
131.0 265.0 145.0 293.0
274.0 413.0 291.0 442.0
273.0 155.0 284.0 190.0
281.0 193.0 292.0 224.0
380.0 441.0 396.0 470.0
179.0 171.0 190.0 205.0
300.0 248.0 312.0 277.0
143.0 186.0 156.0 219.0
143.0 184.0 156.0 219.0
178.0 171.0 190.0 205.0
142.0 185.0 156.0 219.0
255.0 181.0 267.0 213.0
36.0 230.0 51.0 266.0
143.0 185.0 156.0 219.0
179.0 173.0 189.0 207.0
34.0 229.0 50.0 265.0
143.0 187.0 157.0 220.0
141.0 132.0 153.0 170.0
411.0 475.0 431.0 510.0
142.0 184.0 156.0 219.0
57.0 193.0 74.0 230.0
35.0 229.0 50.0 265.0
35.0 230.0 51.0 266.0
173.0 138.0 184.0 175.0
36.0 229.0 51.0 266.0
412.0 475.0 431.0 510.0
108.0 77.0 121.0 112.0
35.0 228.0 50.0 265.0
36.0 228.0 50.0 265.0
178.0 172.0 190.0 205.0
34.0 231.0 50.0 265.0
379.0 440.0 396.0 470.0
35.0 231.0 51.0 266.0
179.0 172.0 189.0 206.0
290.0 154.0 299.0 190.0
34.0 230.0 50.0 265.0
131.0 266.0 145.0 293.0
59.0 194.0 74.0 230.0
300.0 308.0 312.0 336.0
374.0 220.0 383.0 248.0
300.0 249.0 312.0 277.0
281.0 194.0 292.0 225.0
301.0 310.0 313.0 338.0
30.0 370.0 42.0 376.0
132.0 266.0 145.0 293.0
378.0 441.0 394.0 471.0
180.0 173.0 189.0 206.0
30.0 371.0 42.0 376.0
378.0 442.0 394.0 471.0
377.0 441.0 394.0 471.0
255.0 182.0 266.0 213.0
289.0 154.0 299.0 190.0
377.0 440.0 394.0 471.0
379.0 441.0 396.0 470.0
140.0 133.0 152.0 170.0
272.0 155.0 284.0 190.0
142.0 133.0 152.0 170.0
127.0 157.0 140.0 195.0
108.0 78.0 121.0 112.0
233.0 507.0 252.0 542.0
411.0 474.0 431.0 510.0
234.0 508.0 252.0 542.0
311.0 100.0 320.0 132.0
233.0 508.0 252.0 542.0
301.0 309.0 312.0 336.0
378.0 440.0 396.0 470.0
374.0 219.0 383.0 248.0
379.0 442.0 395.0 471.0
301.0 307.0 312.0 336.0
310.0 101.0 320.0 132.0
301.0 308.0 312.0 336.0
254.0 182.0 266.0 213.0
140.0 134.0 152.0 170.0
310.0 100.0 320.0 132.0
244.0 149.0 257.0 186.0
108.0 79.0 121.0 113.0
141.0 133.0 152.0 170.0
126.0 157.0 140.0 195.0
180.0 172.0 190.0 205.0
311.0 101.0 320.0 132.0
141.0 134.0 152.0 170.0
15.0 241.0 29.0 274.0
233.0 506.0 252.0 542.0
168.0 147.0 180.0 181.0
243.0 149.0 257.0 186.0
311.0 99.0 320.0 132.0
312.0 99.0 320.0 132.0
312.0 100.0 320.0 132.0
291.0 153.0 303.0 184.0
232.0 505.0 245.0 527.0
142.0 134.0 152.0 170.0
232.0 506.0 252.0 542.0
312.0 98.0 320.0 132.0
313.0 99.0 320.0 132.0
245.0 150.0 257.0 186.0
244.0 150.0 257.0 186.0
256.0 182.0 267.0 213.0
243.0 150.0 257.0 186.0
126.0 156.0 140.0 195.0
255.0 183.0 267.0 213.0
311.0 98.0 320.0 132.0
43.0 267.0 57.0 302.0
109.0 78.0 121.0 112.0
132.0 251.0 145.0 293.0
14.0 241.0 29.0 274.0
311.0 102.0 320.0 132.0
15.0 240.0 29.0 274.0
250.0 487.0 269.0 525.0
109.0 79.0 121.0 112.0
312.0 101.0 320.0 132.0
290.0 153.0 303.0 184.0
43.0 266.0 57.0 302.0
250.0 488.0 269.0 525.0
110.0 130.0 121.0 164.0
127.0 156.0 140.0 195.0
130.0 52.0 143.0 90.0
109.0 77.0 121.0 112.0
20.0 301.0 35.0 335.0
42.0 266.0 57.0 302.0
250.0 489.0 269.0 525.0
39.0 247.0 54.0 281.0
42.0 267.0 57.0 302.0
13.0 284.0 28.0 318.0
42.0 268.0 57.0 302.0
20.0 302.0 35.0 335.0
111.0 130.0 121.0 164.0
12.0 240.0 29.0 274.0
14.0 239.0 30.0 273.0
41.0 267.0 57.0 302.0
14.0 240.0 29.0 274.0
43.0 268.0 57.0 302.0
244.0 151.0 257.0 186.0
13.0 240.0 30.0 273.0
129.0 51.0 143.0 90.0
39.0 246.0 54.0 280.0
245.0 151.0 257.0 186.0
167.0 148.0 180.0 181.0
46.0 139.0 61.0 173.0
13.0 283.0 28.0 318.0
129.0 52.0 143.0 90.0
46.0 137.0 61.0 172.0
128.0 52.0 143.0 90.0
169.0 148.0 179.0 181.0
129.0 50.0 143.0 90.0
125.0 156.0 140.0 195.0
13.0 241.0 29.0 274.0
110.0 129.0 121.0 164.0
46.0 138.0 61.0 172.0
38.0 246.0 54.0 280.0
12.0 284.0 28.0 318.0
281.0 185.0 294.0 223.0
212.0 146.0 223.0 181.0
12.0 283.0 28.0 318.0
38.0 245.0 54.0 280.0
12.0 285.0 28.0 318.0
168.0 148.0 180.0 181.0
13.0 285.0 28.0 318.0
39.0 245.0 54.0 280.0
133.0 251.0 145.0 293.0
13.0 239.0 30.0 273.0
213.0 146.0 223.0 181.0
211.0 145.0 223.0 181.0
111.0 129.0 121.0 164.0
212.0 145.0 223.0 181.0
14.0 284.0 29.0 317.0
45.0 138.0 60.0 172.0
126.0 155.0 140.0 195.0
129.0 53.0 143.0 90.0
128.0 51.0 143.0 90.0
125.0 155.0 140.0 195.0
128.0 53.0 143.0 90.0
130.0 53.0 143.0 90.0
45.0 137.0 60.0 172.0
20.0 96.0 37.0 139.0
211.0 144.0 223.0 181.0
127.0 155.0 140.0 195.0
169.0 149.0 179.0 181.0
19.0 302.0 35.0 335.0
168.0 149.0 179.0 181.0
212.0 144.0 223.0 181.0
45.0 139.0 60.0 173.0
129.0 54.0 143.0 90.0
19.0 95.0 37.0 139.0
281.0 184.0 294.0 223.0
44.0 137.0 60.0 172.0
213.0 145.0 223.0 181.0
23.0 104.0 38.0 139.0
20.0 95.0 37.0 139.0
11.0 283.0 28.0 318.0
427.0 461.0 445.0 493.0
11.0 284.0 28.0 318.0
427.0 462.0 446.0 495.0
150.0 158.0 165.0 197.0
332.0 42.0 341.0 70.0
126.0 154.0 140.0 195.0
213.0 144.0 223.0 181.0
158.0 136.0 184.0 175.0
20.0 94.0 37.0 139.0
331.0 42.0 341.0 70.0
130.0 54.0 143.0 90.0
155.0 173.0 165.0 197.0
19.0 94.0 37.0 139.0
112.0 107.0 123.0 148.0
19.0 93.0 37.0 139.0
158.0 135.0 184.0 175.0
221.0 408.0 233.0 432.0
113.0 107.0 123.0 148.0
331.0 41.0 341.0 70.0
112.0 106.0 123.0 148.0
157.0 136.0 184.0 175.0
23.0 105.0 38.0 139.0
154.0 174.0 165.0 197.0
12.0 571.0 17.0 610.0
332.0 41.0 341.0 70.0
155.0 174.0 165.0 197.0
157.0 135.0 184.0 175.0
158.0 134.0 184.0 175.0
220.0 409.0 233.0 432.0
150.0 157.0 165.0 197.0
221.0 409.0 233.0 432.0
155.0 175.0 165.0 197.0
332.0 40.0 341.0 70.0
13.0 571.0 17.0 610.0
49.0 566.0 68.0 603.0
50.0 566.0 68.0 603.0
113.0 106.0 123.0 148.0
149.0 157.0 165.0 197.0
41.0 464.0 57.0 495.0
150.0 156.0 165.0 197.0
299.0 583.0 341.0 579.0
13.0 570.0 17.0 610.0
51.0 566.0 68.0 603.0
49.0 567.0 68.0 603.0
14.0 570.0 17.0 610.0
248.0 534.0 252.0 542.0
358.0 272.0 373.0 318.0
359.0 272.0 373.0 318.0
14.0 571.0 17.0 610.0
51.0 567.0 68.0 603.0
191.0 142.0 184.0 175.0
40.0 463.0 57.0 495.0
248.0 533.0 252.0 542.0
248.0 535.0 252.0 542.0
299.0 584.0 341.0 579.0
50.0 567.0 68.0 603.0
49.0 154.0 69.0 205.0
50.0 568.0 68.0 603.0
300.0 585.0 341.0 579.0
295.0 574.0 339.0 578.0
300.0 584.0 341.0 579.0
174.0 366.0 195.0 408.0
294.0 574.0 339.0 578.0
294.0 573.0 339.0 578.0
202.0 143.0 223.0 181.0
