21.0 605.0 26.0 609.0
21.0 606.0 26.0 609.0
20.0 605.0 26.0 609.0
19.0 562.0 21.0 562.0
18.0 562.0 21.0 562.0
24.0 489.0 29.0 490.0
23.0 489.0 29.0 490.0
44.0 572.0 49.0 573.0
22.0 490.0 29.0 490.0
24.0 490.0 30.0 491.0
33.0 262.0 37.0 264.0
32.0 236.0 37.0 239.0
23.0 491.0 30.0 491.0
33.0 236.0 37.0 239.0
23.0 490.0 29.0 490.0
19.0 563.0 21.0 562.0
33.0 261.0 37.0 264.0
38.0 556.0 43.0 557.0
18.0 563.0 21.0 562.0
123.0 8.0 128.0 13.0
34.0 237.0 37.0 239.0
34.0 236.0 37.0 239.0
33.0 237.0 37.0 240.0
38.0 557.0 42.0 558.0
82.0 307.0 90.0 315.0
67.0 102.0 68.0 103.0
85.0 568.0 90.0 572.0
123.0 6.0 128.0 13.0
67.0 101.0 68.0 103.0
85.0 570.0 90.0 572.0
122.0 8.0 128.0 13.0
39.0 556.0 43.0 557.0
123.0 7.0 128.0 13.0
26.0 427.0 29.0 428.0
82.0 308.0 90.0 315.0
122.0 7.0 128.0 13.0
25.0 427.0 29.0 428.0
86.0 568.0 90.0 572.0
67.0 103.0 68.0 103.0
85.0 569.0 90.0 572.0
26.0 426.0 29.0 428.0
64.0 555.0 68.0 557.0
86.0 569.0 90.0 572.0
68.0 101.0 68.0 103.0
64.0 556.0 68.0 557.0
68.0 103.0 68.0 103.0
75.0 327.0 79.0 331.0
120.0 318.0 126.0 322.0
68.0 102.0 68.0 103.0
48.0 21.0 57.0 28.0
48.0 20.0 57.0 28.0
75.0 328.0 79.0 331.0
68.0 274.0 73.0 276.0
209.0 446.0 215.0 464.0
68.0 273.0 73.0 276.0
69.0 101.0 68.0 103.0
39.0 557.0 43.0 557.0
210.0 446.0 216.0 463.0
3.0 333.0 7.0 334.0
211.0 445.0 216.0 462.0
66.0 274.0 73.0 276.0
2.0 333.0 7.0 334.0
9.0 351.0 7.0 362.0
67.0 274.0 73.0 276.0
314.0 71.0 320.0 88.0
66.0 273.0 72.0 275.0
48.0 22.0 57.0 28.0
121.0 318.0 127.0 324.0
67.0 273.0 72.0 275.0
69.0 103.0 68.0 103.0
69.0 102.0 68.0 103.0
49.0 21.0 57.0 28.0
249.0 16.0 259.0 38.0
3.0 334.0 7.0 334.0
211.0 446.0 216.0 462.0
50.0 279.0 56.0 280.0
267.0 267.0 272.0 287.0
49.0 22.0 57.0 28.0
34.0 276.0 43.0 283.0
210.0 445.0 215.0 463.0
251.0 362.0 256.0 372.0
314.0 72.0 320.0 88.0
32.0 255.0 37.0 264.0
117.0 53.0 127.0 68.0
252.0 84.0 257.0 95.0
253.0 84.0 257.0 95.0
33.0 255.0 37.0 264.0
117.0 54.0 127.0 68.0
251.0 361.0 256.0 372.0
250.0 16.0 259.0 38.0
230.0 442.0 238.0 461.0
250.0 361.0 256.0 372.0
230.0 443.0 238.0 461.0
33.0 254.0 37.0 264.0
116.0 53.0 127.0 68.0
250.0 362.0 256.0 372.0
80.0 422.0 85.0 424.0
182.0 10.0 189.0 20.0
91.0 460.0 93.0 462.0
266.0 267.0 271.0 287.0
230.0 441.0 238.0 461.0
183.0 9.0 189.0 20.0
183.0 10.0 189.0 20.0
141.0 102.0 150.0 113.0
231.0 442.0 238.0 461.0
88.0 314.0 90.0 315.0
231.0 443.0 238.0 461.0
32.0 254.0 37.0 264.0
81.0 422.0 85.0 424.0
91.0 461.0 93.0 462.0
69.0 242.0 72.0 246.0
106.0 333.0 111.0 337.0
253.0 85.0 257.0 95.0
116.0 54.0 127.0 68.0
263.0 422.0 271.0 436.0
99.0 249.0 104.0 253.0
98.0 249.0 104.0 253.0
79.0 245.0 84.0 249.0
252.0 85.0 257.0 95.0
80.0 245.0 84.0 249.0
87.0 314.0 90.0 315.0
90.0 461.0 93.0 462.0
90.0 460.0 93.0 462.0
231.0 441.0 238.0 461.0
183.0 11.0 189.0 20.0
69.0 32.0 77.0 40.0
99.0 248.0 104.0 253.0
184.0 10.0 189.0 20.0
107.0 333.0 111.0 337.0
262.0 422.0 271.0 436.0
89.0 461.0 94.0 463.0
69.0 243.0 72.0 246.0
68.0 242.0 64.0 248.0
174.0 97.0 183.0 115.0
91.0 462.0 94.0 463.0
107.0 334.0 111.0 338.0
33.0 276.0 43.0 283.0
68.0 243.0 72.0 246.0
106.0 334.0 111.0 338.0
98.0 248.0 104.0 253.0
194.0 225.0 202.0 234.0
33.0 277.0 43.0 283.0
262.0 423.0 271.0 436.0
23.0 336.0 35.0 335.0
263.0 423.0 271.0 436.0
173.0 97.0 183.0 115.0
230.0 94.0 236.0 105.0
90.0 462.0 94.0 463.0
195.0 265.0 214.0 267.0
163.0 339.0 179.0 346.0
195.0 225.0 202.0 234.0
195.0 224.0 202.0 234.0
69.0 31.0 77.0 40.0
231.0 93.0 236.0 105.0
70.0 32.0 77.0 40.0
79.0 439.0 83.0 441.0
99.0 291.0 107.0 302.0
170.0 310.0 175.0 321.0
168.0 310.0 174.0 321.0
174.0 96.0 183.0 115.0
169.0 310.0 175.0 321.0
32.0 276.0 37.0 264.0
91.0 378.0 94.0 381.0
164.0 339.0 179.0 346.0
32.0 277.0 37.0 264.0
249.0 69.0 257.0 95.0
98.0 291.0 107.0 302.0
79.0 440.0 83.0 441.0
132.0 299.0 138.0 303.0
212.0 525.0 214.0 530.0
132.0 342.0 138.0 355.0
22.0 336.0 35.0 335.0
173.0 96.0 183.0 115.0
212.0 524.0 214.0 530.0
133.0 299.0 138.0 303.0
231.0 94.0 236.0 105.0
213.0 525.0 214.0 530.0
163.0 340.0 179.0 346.0
90.0 360.0 96.0 362.0
92.0 378.0 94.0 381.0
164.0 340.0 179.0 346.0
130.0 379.0 136.0 388.0
12.0 415.0 28.0 428.0
85.0 24.0 102.0 37.0
212.0 526.0 213.0 531.0
194.0 265.0 214.0 267.0
78.0 439.0 83.0 441.0
85.0 25.0 102.0 37.0
132.0 301.0 138.0 303.0
213.0 526.0 214.0 530.0
11.0 415.0 28.0 428.0
232.0 94.0 236.0 105.0
23.0 509.0 30.0 491.0
205.0 250.0 211.0 259.0
273.0 404.0 277.0 416.0
91.0 360.0 96.0 362.0
180.0 154.0 186.0 163.0
139.0 511.0 144.0 515.0
132.0 300.0 138.0 303.0
231.0 95.0 236.0 105.0
133.0 300.0 138.0 303.0
131.0 379.0 136.0 388.0
213.0 524.0 214.0 530.0
205.0 251.0 211.0 259.0
273.0 405.0 277.0 416.0
162.0 208.0 164.0 189.0
134.0 299.0 138.0 303.0
160.0 588.0 162.0 603.0
222.0 39.0 229.0 59.0
138.0 512.0 144.0 515.0
137.0 186.0 139.0 187.0
138.0 188.0 139.0 187.0
131.0 378.0 136.0 388.0
272.0 404.0 277.0 416.0
10.0 415.0 28.0 428.0
205.0 249.0 211.0 259.0
133.0 301.0 138.0 303.0
16.0 382.0 34.0 397.0
163.0 208.0 164.0 189.0
307.0 85.0 315.0 113.0
85.0 23.0 102.0 37.0
17.0 382.0 34.0 397.0
273.0 406.0 277.0 416.0
139.0 187.0 139.0 187.0
305.0 467.0 305.0 482.0
139.0 512.0 144.0 515.0
16.0 381.0 34.0 397.0
305.0 468.0 305.0 482.0
221.0 39.0 229.0 59.0
223.0 38.0 229.0 59.0
138.0 186.0 139.0 187.0
223.0 39.0 229.0 59.0
222.0 38.0 229.0 59.0
139.0 497.0 144.0 513.0
134.0 300.0 138.0 303.0
137.0 187.0 139.0 187.0
215.0 282.0 220.0 290.0
137.0 188.0 139.0 187.0
272.0 405.0 277.0 416.0
138.0 187.0 139.0 187.0
139.0 513.0 144.0 515.0
17.0 381.0 34.0 397.0
177.0 590.0 179.0 606.0
