68.0 432.0 83.0 399.0
67.0 432.0 82.0 399.0
67.0 433.0 83.0 399.0
68.0 433.0 83.0 399.0
69.0 431.0 83.0 399.0
68.0 431.0 83.0 399.0
81.0 358.0 95.0 332.0
81.0 359.0 95.0 332.0
80.0 360.0 95.0 332.0
81.0 360.0 95.0 332.0
80.0 359.0 95.0 332.0
175.0 110.0 188.0 81.0
80.0 358.0 95.0 332.0
157.0 224.0 171.0 197.0
158.0 224.0 171.0 197.0
259.0 511.0 269.0 479.0
259.0 510.0 269.0 479.0
155.0 417.0 168.0 384.0
112.0 278.0 126.0 248.0
156.0 223.0 171.0 197.0
174.0 173.0 189.0 145.0
140.0 423.0 154.0 391.0
155.0 415.0 168.0 384.0
156.0 416.0 168.0 384.0
155.0 416.0 168.0 384.0
157.0 222.0 171.0 197.0
53.0 125.0 69.0 91.0
157.0 223.0 171.0 197.0
112.0 277.0 126.0 248.0
318.0 149.0 334.0 125.0
269.0 170.0 286.0 144.0
260.0 510.0 269.0 479.0
432.0 260.0 446.0 241.0
54.0 125.0 69.0 91.0
351.0 264.0 366.0 242.0
260.0 511.0 269.0 479.0
161.0 555.0 173.0 516.0
269.0 169.0 285.0 144.0
158.0 223.0 171.0 196.0
351.0 263.0 366.0 242.0
161.0 556.0 173.0 516.0
260.0 509.0 269.0 479.0
317.0 148.0 334.0 125.0
175.0 172.0 191.0 144.0
317.0 149.0 334.0 125.0
343.0 452.0 351.0 424.0
203.0 200.0 218.0 175.0
156.0 222.0 171.0 197.0
284.0 147.0 300.0 122.0
459.0 532.0 461.0 509.0
318.0 148.0 334.0 125.0
350.0 264.0 366.0 242.0
268.0 170.0 285.0 144.0
55.0 125.0 69.0 91.0
156.0 415.0 168.0 384.0
174.0 111.0 188.0 81.0
53.0 126.0 69.0 91.0
122.0 530.0 132.0 495.0
55.0 126.0 69.0 91.0
112.0 276.0 126.0 247.0
55.0 124.0 69.0 91.0
158.0 222.0 171.0 196.0
350.0 265.0 366.0 242.0
54.0 126.0 69.0 91.0
251.0 328.0 262.0 305.0
380.0 335.0 391.0 316.0
405.0 391.0 414.0 371.0
279.0 129.0 295.0 102.0
54.0 124.0 69.0 91.0
192.0 392.0 204.0 364.0
433.0 260.0 446.0 241.0
318.0 147.0 335.0 124.0
381.0 335.0 391.0 316.0
53.0 127.0 69.0 91.0
268.0 169.0 285.0 144.0
54.0 127.0 69.0 91.0
460.0 533.0 461.0 509.0
111.0 278.0 126.0 248.0
350.0 266.0 366.0 242.0
319.0 147.0 335.0 124.0
194.0 150.0 209.0 125.0
280.0 129.0 295.0 102.0
351.0 267.0 366.0 242.0
443.0 554.0 446.0 528.0
251.0 327.0 262.0 305.0
49.0 212.0 64.0 184.0
76.0 91.0 91.0 55.0
156.0 414.0 168.0 384.0
319.0 148.0 336.0 124.0
121.0 529.0 132.0 495.0
121.0 530.0 132.0 495.0
284.0 146.0 300.0 122.0
111.0 279.0 126.0 248.0
285.0 146.0 300.0 122.0
351.0 265.0 366.0 242.0
50.0 211.0 64.0 184.0
331.0 231.0 344.0 211.0
335.0 152.0 353.0 127.0
335.0 151.0 353.0 127.0
203.0 201.0 217.0 175.0
405.0 390.0 414.0 371.0
197.0 227.0 211.0 201.0
319.0 275.0 332.0 254.0
192.0 390.0 204.0 364.0
203.0 202.0 217.0 175.0
319.0 276.0 332.0 254.0
250.0 328.0 260.0 306.0
192.0 391.0 204.0 364.0
351.0 266.0 366.0 242.0
459.0 533.0 461.0 509.0
231.0 283.0 243.0 258.0
76.0 92.0 91.0 54.0
204.0 201.0 218.0 175.0
369.0 251.0 383.0 231.0
196.0 226.0 211.0 201.0
229.0 284.0 241.0 258.0
458.0 533.0 461.0 509.0
155.0 414.0 167.0 384.0
196.0 227.0 210.0 202.0
335.0 153.0 353.0 127.0
368.0 251.0 383.0 231.0
50.0 210.0 64.0 184.0
230.0 283.0 241.0 258.0
230.0 284.0 242.0 258.0
220.0 531.0 229.0 495.0
318.0 276.0 332.0 254.0
380.0 334.0 391.0 316.0
420.0 410.0 428.0 391.0
455.0 576.0 457.0 552.0
250.0 327.0 262.0 305.0
369.0 250.0 383.0 231.0
249.0 328.0 260.0 306.0
456.0 577.0 457.0 553.0
379.0 334.0 392.0 315.0
381.0 334.0 391.0 316.0
406.0 390.0 414.0 371.0
220.0 530.0 229.0 495.0
334.0 153.0 353.0 127.0
279.0 128.0 295.0 102.0
280.0 128.0 295.0 102.0
249.0 327.0 260.0 306.0
455.0 577.0 457.0 553.0
196.0 225.0 211.0 201.0
198.0 226.0 211.0 201.0
250.0 326.0 262.0 305.0
318.0 100.0 337.0 73.0
230.0 282.0 241.0 258.0
193.0 391.0 204.0 364.0
334.0 152.0 353.0 126.0
227.0 302.0 238.0 280.0
421.0 410.0 429.0 391.0
228.0 534.0 237.0 498.0
459.0 534.0 461.0 509.0
197.0 225.0 211.0 201.0
49.0 211.0 64.0 184.0
362.0 346.0 373.0 326.0
420.0 411.0 428.0 391.0
431.0 280.0 445.0 260.0
226.0 303.0 238.0 280.0
432.0 281.0 445.0 260.0
193.0 390.0 204.0 364.0
75.0 92.0 91.0 55.0
285.0 313.0 297.0 290.0
456.0 576.0 457.0 553.0
193.0 183.0 206.0 157.0
379.0 333.0 392.0 315.0
193.0 151.0 209.0 125.0
229.0 283.0 241.0 258.0
421.0 411.0 428.0 391.0
361.0 330.0 373.0 308.0
212.0 267.0 225.0 241.0
262.0 279.0 275.0 253.0
227.0 301.0 237.0 280.0
229.0 282.0 241.0 258.0
197.0 226.0 211.0 201.0
226.0 302.0 237.0 280.0
420.0 409.0 429.0 391.0
186.0 358.0 197.0 332.0
193.0 182.0 206.0 157.0
295.0 290.0 307.0 268.0
213.0 267.0 225.0 241.0
334.0 154.0 353.0 127.0
77.0 93.0 91.0 56.0
380.0 333.0 392.0 315.0
361.0 329.0 373.0 307.0
421.0 409.0 429.0 391.0
212.0 266.0 224.0 241.0
213.0 266.0 225.0 241.0
432.0 280.0 445.0 260.0
332.0 231.0 344.0 211.0
211.0 267.0 224.0 241.0
203.0 74.0 218.0 46.0
360.0 329.0 373.0 307.0
433.0 280.0 446.0 259.0
207.0 238.0 220.0 213.0
386.0 399.0 395.0 376.0
319.0 277.0 332.0 254.0
361.0 328.0 373.0 307.0
211.0 266.0 224.0 241.0
193.0 389.0 204.0 363.0
75.0 93.0 91.0 55.0
443.0 553.0 446.0 528.0
192.0 182.0 206.0 156.0
76.0 93.0 91.0 54.0
227.0 303.0 238.0 280.0
180.0 347.0 194.0 318.0
192.0 183.0 206.0 157.0
435.0 253.0 447.0 240.0
318.0 101.0 337.0 73.0
318.0 277.0 332.0 254.0
77.0 94.0 91.0 56.0
202.0 74.0 217.0 45.0
203.0 75.0 218.0 46.0
202.0 76.0 218.0 46.0
280.0 127.0 295.0 102.0
186.0 357.0 197.0 332.0
385.0 400.0 395.0 376.0
75.0 94.0 91.0 56.0
76.0 94.0 91.0 56.0
191.0 184.0 204.0 158.0
202.0 75.0 218.0 46.0
191.0 182.0 206.0 156.0
182.0 347.0 194.0 318.0
317.0 100.0 337.0 73.0
181.0 346.0 194.0 318.0
181.0 347.0 194.0 318.0
294.0 230.0 310.0 205.0
191.0 183.0 204.0 158.0
436.0 252.0 447.0 240.0
281.0 127.0 295.0 102.0
386.0 400.0 395.0 376.0
435.0 252.0 447.0 240.0
76.0 95.0 91.0 56.0
294.0 231.0 310.0 205.0
182.0 293.0 193.0 269.0
207.0 237.0 220.0 213.0
310.0 285.0 322.0 264.0
416.0 159.0 433.0 140.0
427.0 321.0 437.0 304.0
110.0 88.0 122.0 59.0
428.0 321.0 439.0 303.0
417.0 160.0 433.0 140.0
181.0 293.0 193.0 269.0
416.0 158.0 433.0 140.0
428.0 320.0 437.0 304.0
110.0 87.0 122.0 59.0
427.0 322.0 437.0 304.0
310.0 286.0 322.0 264.0
416.0 160.0 433.0 140.0
426.0 322.0 437.0 304.0
183.0 293.0 193.0 269.0
415.0 159.0 433.0 140.0
333.0 128.0 352.0 102.0
317.0 101.0 337.0 73.0
293.0 230.0 309.0 205.0
416.0 157.0 433.0 140.0
417.0 159.0 433.0 140.0
417.0 158.0 433.0 140.0
426.0 321.0 437.0 304.0
427.0 320.0 437.0 304.0
182.0 292.0 193.0 269.0
417.0 157.0 433.0 140.0
163.0 74.0 178.0 45.0
183.0 292.0 193.0 269.0
181.0 292.0 193.0 269.0
418.0 159.0 433.0 140.0
318.0 278.0 332.0 254.0
309.0 286.0 322.0 264.0
418.0 158.0 433.0 140.0
316.0 100.0 337.0 73.0
428.0 322.0 437.0 304.0
332.0 127.0 352.0 101.0
310.0 287.0 322.0 264.0
317.0 102.0 337.0 73.0
111.0 88.0 122.0 59.0
111.0 87.0 122.0 59.0
111.0 86.0 122.0 59.0
309.0 287.0 322.0 264.0
131.0 433.0 153.0 392.0
426.0 320.0 437.0 304.0
127.0 219.0 138.0 185.0
337.0 105.0 356.0 73.0
316.0 101.0 337.0 73.0
316.0 102.0 337.0 73.0
166.0 578.0 177.0 547.0
166.0 577.0 177.0 547.0
128.0 219.0 139.0 183.0
336.0 103.0 356.0 73.0
127.0 220.0 138.0 185.0
337.0 104.0 356.0 73.0
336.0 104.0 356.0 73.0
128.0 220.0 138.0 185.0
16.0 38.0 28.0 5.0
158.0 594.0 171.0 565.0
336.0 105.0 356.0 73.0
17.0 38.0 28.0 5.0
209.0 289.0 220.0 278.0
158.0 595.0 171.0 566.0
17.0 39.0 28.0 5.0
15.0 39.0 28.0 5.0
16.0 39.0 28.0 5.0
324.0 315.0 325.0 293.0
16.0 40.0 28.0 5.0
160.0 610.0 171.0 567.0
158.0 610.0 171.0 567.0
15.0 40.0 28.0 5.0
324.0 314.0 325.0 293.0
159.0 610.0 171.0 567.0
128.0 221.0 138.0 185.0
15.0 41.0 28.0 5.0
208.0 289.0 220.0 278.0
324.0 313.0 325.0 293.0
129.0 220.0 139.0 183.0
160.0 611.0 171.0 567.0
158.0 611.0 171.0 567.0
159.0 611.0 171.0 567.0
325.0 315.0 325.0 293.0
