280.0 504.0 265.0 516.0
339.0 571.0 326.0 582.0
289.0 269.0 275.0 277.0
280.0 503.0 266.0 515.0
279.0 504.0 265.0 516.0
282.0 503.0 267.0 515.0
339.0 570.0 326.0 582.0
289.0 268.0 275.0 277.0
281.0 503.0 266.0 515.0
338.0 571.0 324.0 582.0
281.0 504.0 266.0 515.0
121.0 552.0 103.0 564.0
120.0 553.0 101.0 564.0
338.0 570.0 324.0 582.0
337.0 571.0 324.0 582.0
121.0 550.0 103.0 564.0
338.0 572.0 326.0 582.0
389.0 143.0 375.0 154.0
389.0 142.0 375.0 154.0
121.0 551.0 103.0 564.0
254.0 340.0 239.0 350.0
387.0 143.0 374.0 155.0
306.0 416.0 292.0 426.0
306.0 415.0 292.0 426.0
421.0 162.0 408.0 174.0
421.0 161.0 408.0 174.0
290.0 268.0 275.0 277.0
122.0 551.0 103.0 564.0
120.0 552.0 101.0 565.0
305.0 415.0 292.0 426.0
388.0 141.0 375.0 153.0
307.0 416.0 292.0 426.0
305.0 416.0 292.0 426.0
420.0 162.0 408.0 174.0
388.0 142.0 375.0 154.0
280.0 52.0 266.0 64.0
337.0 572.0 324.0 582.0
349.0 601.0 333.0 613.0
120.0 550.0 101.0 564.0
253.0 340.0 239.0 350.0
120.0 551.0 101.0 564.0
119.0 552.0 101.0 565.0
259.0 85.0 244.0 94.0
388.0 143.0 375.0 155.0
348.0 602.0 333.0 613.0
257.0 84.0 243.0 93.0
119.0 551.0 101.0 565.0
336.0 571.0 324.0 583.0
349.0 600.0 333.0 613.0
256.0 86.0 243.0 94.0
390.0 142.0 375.0 154.0
408.0 129.0 394.0 140.0
257.0 85.0 243.0 94.0
347.0 602.0 333.0 613.0
256.0 85.0 243.0 94.0
307.0 415.0 292.0 425.0
140.0 545.0 122.0 557.0
347.0 601.0 333.0 613.0
421.0 163.0 408.0 174.0
407.0 128.0 394.0 140.0
257.0 86.0 243.0 94.0
337.0 570.0 324.0 582.0
389.0 141.0 375.0 154.0
348.0 601.0 333.0 613.0
258.0 86.0 244.0 94.0
422.0 162.0 408.0 174.0
348.0 600.0 333.0 613.0
408.0 130.0 394.0 140.0
336.0 570.0 324.0 582.0
408.0 128.0 394.0 140.0
346.0 602.0 333.0 613.0
274.0 295.0 261.0 303.0
247.0 379.0 234.0 389.0
280.0 51.0 266.0 64.0
258.0 85.0 244.0 94.0
248.0 380.0 234.0 389.0
139.0 545.0 122.0 557.0
407.0 129.0 394.0 140.0
259.0 84.0 244.0 94.0
259.0 86.0 244.0 94.0
254.0 339.0 239.0 350.0
298.0 81.0 285.0 91.0
422.0 161.0 408.0 174.0
264.0 276.0 252.0 285.0
274.0 294.0 261.0 303.0
258.0 84.0 244.0 94.0
248.0 379.0 234.0 389.0
69.0 169.0 53.0 175.0
263.0 276.0 252.0 285.0
422.0 163.0 408.0 174.0
308.0 415.0 293.0 425.0
265.0 275.0 253.0 284.0
281.0 50.0 265.0 62.0
406.0 89.0 394.0 98.0
406.0 88.0 394.0 98.0
409.0 133.0 396.0 145.0
356.0 516.0 344.0 528.0
374.0 111.0 362.0 121.0
253.0 339.0 239.0 350.0
409.0 134.0 396.0 145.0
264.0 275.0 253.0 284.0
340.0 482.0 327.0 494.0
139.0 546.0 122.0 557.0
282.0 50.0 267.0 62.0
281.0 51.0 266.0 64.0
357.0 516.0 344.0 528.0
69.0 243.0 53.0 250.0
375.0 110.0 362.0 121.0
299.0 81.0 285.0 91.0
254.0 338.0 239.0 350.0
357.0 514.0 344.0 527.0
265.0 274.0 253.0 284.0
373.0 112.0 362.0 121.0
374.0 112.0 362.0 122.0
273.0 295.0 261.0 303.0
376.0 110.0 362.0 121.0
281.0 52.0 266.0 64.0
375.0 111.0 362.0 122.0
411.0 135.0 397.0 146.0
263.0 275.0 252.0 284.0
65.0 190.0 50.0 197.0
299.0 80.0 285.0 91.0
374.0 110.0 361.0 121.0
68.0 169.0 53.0 175.0
68.0 168.0 53.0 175.0
356.0 515.0 342.0 528.0
282.0 51.0 267.0 62.0
376.0 111.0 362.0 122.0
407.0 88.0 394.0 98.0
410.0 135.0 396.0 146.0
298.0 80.0 285.0 91.0
410.0 134.0 396.0 146.0
68.0 170.0 53.0 175.0
137.0 546.0 121.0 558.0
247.0 380.0 234.0 389.0
223.0 238.0 212.0 244.0
372.0 112.0 361.0 121.0
222.0 240.0 212.0 244.0
66.0 191.0 50.0 197.0
65.0 189.0 50.0 197.0
138.0 546.0 121.0 558.0
66.0 190.0 50.0 197.0
407.0 87.0 394.0 98.0
311.0 147.0 300.0 158.0
222.0 239.0 212.0 244.0
195.0 211.0 182.0 220.0
406.0 87.0 394.0 98.0
358.0 514.0 344.0 527.0
379.0 33.0 366.0 44.0
65.0 191.0 50.0 197.0
221.0 239.0 212.0 244.0
68.0 243.0 53.0 250.0
282.0 52.0 267.0 62.0
67.0 170.0 53.0 175.0
355.0 516.0 342.0 528.0
409.0 135.0 396.0 146.0
311.0 146.0 300.0 158.0
357.0 515.0 344.0 527.0
70.0 242.0 52.0 250.0
355.0 517.0 343.0 528.0
310.0 147.0 300.0 158.0
312.0 146.0 300.0 158.0
223.0 239.0 212.0 244.0
380.0 33.0 366.0 44.0
373.0 110.0 361.0 121.0
373.0 111.0 361.0 121.0
371.0 111.0 361.0 121.0
69.0 242.0 52.0 250.0
253.0 338.0 239.0 350.0
410.0 136.0 396.0 146.0
264.0 274.0 253.0 284.0
407.0 89.0 394.0 98.0
379.0 34.0 366.0 44.0
310.0 146.0 298.0 159.0
358.0 515.0 344.0 527.0
67.0 169.0 53.0 175.0
222.0 238.0 212.0 242.0
310.0 148.0 300.0 158.0
381.0 32.0 367.0 43.0
380.0 32.0 366.0 44.0
350.0 129.0 334.0 144.0
69.0 240.0 52.0 250.0
69.0 241.0 52.0 250.0
299.0 79.0 285.0 91.0
212.0 593.0 198.0 605.0
372.0 110.0 361.0 121.0
372.0 111.0 361.0 121.0
68.0 241.0 52.0 252.0
312.0 147.0 300.0 158.0
71.0 242.0 54.0 250.0
266.0 578.0 253.0 589.0
68.0 242.0 52.0 252.0
67.0 168.0 53.0 175.0
267.0 577.0 253.0 589.0
267.0 576.0 253.0 589.0
298.0 79.0 285.0 91.0
67.0 242.0 52.0 252.0
373.0 109.0 361.0 121.0
265.0 576.0 252.0 588.0
265.0 578.0 253.0 589.0
221.0 238.0 212.0 242.0
64.0 190.0 50.0 197.0
266.0 576.0 253.0 589.0
311.0 148.0 300.0 158.0
266.0 577.0 253.0 589.0
70.0 241.0 52.0 250.0
212.0 592.0 199.0 604.0
246.0 245.0 233.0 253.0
181.0 337.0 169.0 346.0
213.0 592.0 199.0 604.0
265.0 577.0 252.0 588.0
214.0 591.0 199.0 604.0
231.0 137.0 216.0 143.0
249.0 285.0 234.0 294.0
213.0 591.0 199.0 604.0
70.0 240.0 52.0 250.0
311.0 145.0 299.0 158.0
212.0 42.0 201.0 49.0
180.0 337.0 169.0 346.0
195.0 212.0 184.0 220.0
312.0 148.0 300.0 158.0
71.0 241.0 52.0 250.0
209.0 303.0 196.0 310.0
182.0 338.0 170.0 346.0
329.0 41.0 316.0 52.0
213.0 41.0 201.0 49.0
194.0 212.0 182.0 220.0
211.0 592.0 198.0 605.0
231.0 136.0 216.0 143.0
447.0 147.0 433.0 159.0
240.0 196.0 225.0 206.0
213.0 296.0 197.0 309.0
179.0 339.0 169.0 346.0
458.0 137.0 445.0 149.0
239.0 198.0 225.0 206.0
212.0 296.0 196.0 310.0
446.0 148.0 433.0 159.0
239.0 197.0 225.0 206.0
213.0 295.0 196.0 310.0
209.0 302.0 196.0 310.0
238.0 198.0 225.0 206.0
181.0 338.0 169.0 346.0
194.0 211.0 182.0 220.0
212.0 591.0 199.0 604.0
239.0 195.0 225.0 206.0
180.0 338.0 169.0 346.0
351.0 128.0 334.0 144.0
351.0 130.0 334.0 145.0
238.0 197.0 225.0 206.0
240.0 195.0 225.0 206.0
219.0 346.0 199.0 351.0
239.0 69.0 228.0 78.0
329.0 42.0 316.0 52.0
193.0 211.0 182.0 220.0
242.0 375.0 234.0 389.0
239.0 196.0 225.0 206.0
179.0 338.0 169.0 346.0
446.0 146.0 433.0 159.0
351.0 129.0 334.0 144.0
330.0 40.0 316.0 52.0
445.0 146.0 433.0 159.0
66.0 170.0 53.0 175.0
459.0 137.0 445.0 149.0
446.0 147.0 433.0 159.0
238.0 196.0 225.0 206.0
445.0 147.0 433.0 159.0
241.0 196.0 225.0 207.0
66.0 169.0 53.0 175.0
332.0 40.0 318.0 52.0
194.0 213.0 182.0 220.0
352.0 127.0 334.0 144.0
240.0 197.0 225.0 206.0
327.0 42.0 315.0 53.0
331.0 40.0 316.0 52.0
330.0 41.0 316.0 52.0
180.0 339.0 169.0 346.0
195.0 213.0 183.0 220.0
66.0 168.0 53.0 175.0
328.0 41.0 316.0 52.0
271.0 154.0 259.0 163.0
328.0 42.0 316.0 52.0
211.0 296.0 196.0 310.0
237.0 197.0 225.0 206.0
208.0 303.0 196.0 310.0
193.0 213.0 182.0 220.0
181.0 339.0 170.0 346.0
444.0 147.0 433.0 159.0
141.0 441.0 119.0 452.0
212.0 295.0 196.0 310.0
193.0 212.0 182.0 220.0
444.0 145.0 430.0 155.0
352.0 128.0 334.0 144.0
211.0 295.0 196.0 310.0
208.0 302.0 196.0 310.0
220.0 345.0 200.0 350.0
124.0 368.0 98.0 379.0
257.0 163.0 243.0 172.0
444.0 146.0 433.0 159.0
192.0 212.0 182.0 220.0
192.0 213.0 182.0 220.0
293.0 517.0 272.0 531.0
463.0 136.0 449.0 148.0
445.0 145.0 430.0 155.0
463.0 135.0 449.0 148.0
271.0 153.0 259.0 163.0
213.0 166.0 199.0 175.0
258.0 165.0 245.0 175.0
212.0 166.0 199.0 175.0
260.0 164.0 245.0 175.0
259.0 164.0 245.0 175.0
259.0 163.0 243.0 173.0
257.0 164.0 243.0 172.0
258.0 163.0 243.0 173.0
258.0 164.0 243.0 173.0
464.0 134.0 449.0 148.0
257.0 165.0 243.0 174.0
124.0 369.0 98.0 379.0
270.0 154.0 259.0 163.0
258.0 166.0 245.0 175.0
465.0 134.0 449.0 148.0
464.0 135.0 449.0 148.0
464.0 133.0 449.0 148.0
213.0 167.0 199.0 175.0
353.0 127.0 334.0 144.0
212.0 167.0 199.0 175.0
353.0 128.0 334.0 144.0
259.0 165.0 245.0 175.0
36.0 350.0 15.0 361.0
298.0 498.0 277.0 513.0
393.0 503.0 368.0 521.0
214.0 166.0 199.0 175.0
465.0 133.0 449.0 148.0
262.0 391.0 244.0 404.0
214.0 167.0 199.0 175.0
284.0 280.0 275.0 278.0
35.0 321.0 14.0 329.0
261.0 391.0 244.0 404.0
215.0 166.0 199.0 175.0
37.0 350.0 15.0 361.0
37.0 351.0 15.0 361.0
35.0 320.0 14.0 329.0
294.0 516.0 272.0 531.0
35.0 322.0 14.0 330.0
125.0 368.0 98.0 379.0
37.0 349.0 15.0 361.0
354.0 126.0 334.0 144.0
36.0 320.0 14.0 329.0
270.0 153.0 259.0 163.0
36.0 465.0 15.0 480.0
36.0 321.0 14.0 329.0
125.0 369.0 98.0 379.0
28.0 54.0 10.0 62.0
35.0 323.0 14.0 330.0
287.0 112.0 276.0 113.0
36.0 466.0 15.0 480.0
36.0 322.0 14.0 330.0
41.0 619.0 20.0 635.0
144.0 559.0 123.0 558.0
40.0 620.0 20.0 635.0
28.0 53.0 10.0 62.0
40.0 622.0 20.0 635.0
41.0 621.0 20.0 635.0
29.0 53.0 10.0 62.0
35.0 324.0 14.0 330.0
41.0 622.0 20.0 635.0
40.0 621.0 20.0 635.0
126.0 368.0 98.0 379.0
29.0 54.0 10.0 62.0
41.0 624.0 20.0 635.0
37.0 465.0 15.0 478.0
41.0 620.0 20.0 635.0
291.0 326.0 275.0 326.0
144.0 560.0 123.0 558.0
143.0 560.0 123.0 558.0
37.0 466.0 15.0 480.0
26.0 223.0 2.0 231.0
145.0 561.0 123.0 558.0
36.0 467.0 15.0 480.0
144.0 561.0 123.0 558.0
28.0 55.0 10.0 62.0
292.0 326.0 275.0 326.0
145.0 560.0 123.0 558.0
287.0 113.0 276.0 113.0
286.0 112.0 276.0 113.0
31.0 146.0 11.0 155.0
26.0 222.0 2.0 231.0
125.0 370.0 98.0 379.0
66.0 221.0 52.0 176.0
12.0 629.0 19.0 634.0
35.0 325.0 14.0 330.0
28.0 56.0 10.0 62.0
126.0 369.0 98.0 379.0
12.0 628.0 19.0 634.0
292.0 327.0 275.0 326.0
67.0 219.0 52.0 176.0
11.0 628.0 19.0 634.0
11.0 629.0 19.0 634.0
31.0 147.0 11.0 155.0
29.0 93.0 10.0 61.0
29.0 55.0 10.0 62.0
30.0 93.0 10.0 61.0
143.0 561.0 123.0 558.0
66.0 220.0 52.0 176.0
30.0 92.0 10.0 61.0
31.0 148.0 11.0 155.0
34.0 278.0 14.0 286.0
29.0 56.0 10.0 62.0
126.0 370.0 98.0 380.0
32.0 146.0 11.0 155.0
32.0 147.0 11.0 155.0
144.0 562.0 123.0 558.0
33.0 147.0 11.0 155.0
34.0 279.0 14.0 286.0
33.0 146.0 11.0 155.0
35.0 279.0 14.0 286.0
29.0 57.0 10.0 62.0
143.0 562.0 123.0 558.0
32.0 148.0 11.0 155.0
35.0 278.0 14.0 286.0
36.0 279.0 14.0 286.0
