265.0 571.0 250.0 558.0
264.0 572.0 250.0 558.0
266.0 571.0 250.0 558.0
288.0 495.0 273.0 481.0
187.0 241.0 170.0 234.0
298.0 107.0 282.0 99.0
265.0 572.0 250.0 558.0
299.0 107.0 282.0 99.0
266.0 572.0 250.0 558.0
288.0 494.0 273.0 481.0
264.0 571.0 249.0 557.0
76.0 304.0 61.0 302.0
124.0 139.0 105.0 137.0
366.0 331.0 348.0 316.0
267.0 572.0 251.0 558.0
242.0 186.0 224.0 178.0
75.0 305.0 61.0 302.0
235.0 586.0 220.0 573.0
297.0 470.0 281.0 456.0
75.0 304.0 61.0 302.0
252.0 463.0 236.0 451.0
298.0 106.0 282.0 99.0
125.0 139.0 107.0 137.0
299.0 106.0 282.0 99.0
235.0 585.0 220.0 572.0
76.0 305.0 61.0 302.0
297.0 469.0 281.0 456.0
74.0 304.0 61.0 302.0
188.0 241.0 172.0 234.0
189.0 241.0 172.0 234.0
243.0 185.0 224.0 178.0
124.0 140.0 105.0 137.0
123.0 140.0 105.0 137.0
367.0 331.0 348.0 316.0
101.0 228.0 84.0 225.0
131.0 221.0 115.0 215.0
253.0 462.0 236.0 451.0
234.0 585.0 220.0 573.0
287.0 495.0 272.0 480.0
296.0 469.0 281.0 455.0
82.0 201.0 65.0 200.0
234.0 586.0 220.0 573.0
367.0 330.0 348.0 316.0
242.0 185.0 223.0 178.0
189.0 242.0 172.0 234.0
297.0 106.0 282.0 99.0
308.0 63.0 293.0 61.0
300.0 367.0 283.0 356.0
131.0 220.0 114.0 215.0
252.0 462.0 236.0 451.0
297.0 471.0 282.0 456.0
91.0 286.0 73.0 283.0
179.0 131.0 161.0 126.0
179.0 256.0 161.0 252.0
242.0 184.0 223.0 177.0
179.0 257.0 161.0 252.0
178.0 131.0 161.0 126.0
253.0 463.0 236.0 451.0
358.0 271.0 340.0 255.0
297.0 107.0 282.0 99.0
267.0 52.0 251.0 49.0
123.0 139.0 105.0 137.0
219.0 249.0 203.0 241.0
301.0 367.0 283.0 356.0
298.0 470.0 282.0 456.0
287.0 494.0 273.0 481.0
265.0 52.0 251.0 49.0
205.0 428.0 189.0 417.0
130.0 220.0 114.0 215.0
179.0 130.0 161.0 126.0
241.0 186.0 223.0 178.0
190.0 241.0 172.0 234.0
357.0 271.0 340.0 255.0
178.0 130.0 161.0 126.0
82.0 202.0 65.0 200.0
74.0 305.0 61.0 302.0
214.0 78.0 195.0 71.0
296.0 470.0 281.0 456.0
169.0 390.0 152.0 382.0
266.0 52.0 251.0 49.0
206.0 427.0 190.0 417.0
266.0 53.0 251.0 49.0
122.0 140.0 105.0 137.0
241.0 185.0 223.0 177.0
221.0 249.0 204.0 242.0
342.0 498.0 326.0 482.0
104.0 201.0 86.0 197.0
133.0 112.0 113.0 109.0
174.0 578.0 158.0 571.0
298.0 469.0 282.0 455.0
168.0 390.0 150.0 381.0
178.0 129.0 161.0 126.0
358.0 270.0 340.0 255.0
219.0 248.0 203.0 241.0
215.0 78.0 196.0 71.0
81.0 202.0 65.0 200.0
100.0 228.0 84.0 225.0
240.0 185.0 223.0 177.0
234.0 308.0 218.0 300.0
100.0 229.0 84.0 225.0
301.0 368.0 283.0 356.0
269.0 444.0 253.0 432.0
241.0 184.0 223.0 177.0
214.0 77.0 195.0 71.0
134.0 111.0 113.0 109.0
180.0 256.0 161.0 252.0
103.0 202.0 86.0 197.0
130.0 221.0 114.0 215.0
434.0 506.0 415.0 486.0
135.0 111.0 113.0 109.0
301.0 369.0 283.0 356.0
179.0 129.0 161.0 126.0
267.0 53.0 251.0 49.0
371.0 216.0 352.0 203.0
92.0 285.0 73.0 283.0
234.0 307.0 218.0 299.0
307.0 315.0 290.0 304.0
240.0 186.0 223.0 178.0
269.0 445.0 253.0 433.0
104.0 202.0 86.0 197.0
205.0 427.0 190.0 417.0
81.0 201.0 65.0 199.0
220.0 249.0 203.0 241.0
134.0 112.0 113.0 109.0
197.0 512.0 182.0 503.0
216.0 313.0 199.0 306.0
265.0 53.0 251.0 49.0
254.0 463.0 237.0 451.0
204.0 427.0 189.0 417.0
196.0 512.0 182.0 503.0
81.0 203.0 65.0 200.0
85.0 242.0 71.0 240.0
269.0 443.0 253.0 432.0
91.0 284.0 73.0 283.0
84.0 242.0 71.0 240.0
268.0 444.0 253.0 432.0
91.0 285.0 73.0 283.0
180.0 130.0 161.0 126.0
100.0 227.0 84.0 225.0
196.0 511.0 182.0 503.0
220.0 248.0 203.0 241.0
195.0 511.0 182.0 503.0
278.0 38.0 262.0 35.0
300.0 368.0 283.0 356.0
99.0 228.0 84.0 225.0
112.0 263.0 95.0 261.0
92.0 284.0 73.0 283.0
105.0 202.0 86.0 197.0
215.0 77.0 195.0 71.0
180.0 257.0 161.0 252.0
157.0 355.0 140.0 348.0
251.0 480.0 235.0 469.0
251.0 481.0 235.0 469.0
278.0 39.0 262.0 35.0
307.0 314.0 290.0 304.0
435.0 506.0 415.0 486.0
154.0 426.0 139.0 417.0
180.0 129.0 161.0 126.0
106.0 201.0 86.0 197.0
277.0 40.0 262.0 35.0
233.0 307.0 218.0 299.0
268.0 443.0 253.0 432.0
99.0 227.0 84.0 225.0
434.0 505.0 415.0 486.0
181.0 256.0 161.0 252.0
106.0 202.0 86.0 197.0
277.0 38.0 262.0 35.0
240.0 184.0 223.0 177.0
80.0 203.0 64.0 200.0
151.0 116.0 132.0 113.0
204.0 426.0 189.0 417.0
112.0 264.0 95.0 261.0
205.0 426.0 190.0 417.0
105.0 201.0 86.0 197.0
221.0 248.0 204.0 242.0
300.0 369.0 283.0 356.0
115.0 238.0 96.0 236.0
222.0 248.0 204.0 242.0
153.0 116.0 132.0 113.0
152.0 115.0 131.0 112.0
153.0 426.0 139.0 417.0
152.0 116.0 132.0 113.0
340.0 338.0 321.0 325.0
277.0 39.0 262.0 35.0
435.0 505.0 415.0 486.0
153.0 115.0 131.0 112.0
152.0 426.0 139.0 417.0
101.0 146.0 83.0 142.0
339.0 339.0 321.0 325.0
412.0 414.0 391.0 395.0
436.0 506.0 415.0 486.0
215.0 313.0 199.0 306.0
252.0 480.0 235.0 469.0
157.0 356.0 140.0 348.0
340.0 339.0 321.0 325.0
278.0 40.0 262.0 35.0
131.0 566.0 118.0 560.0
136.0 111.0 113.0 109.0
413.0 414.0 391.0 395.0
100.0 146.0 82.0 142.0
193.0 610.0 178.0 600.0
372.0 216.0 352.0 203.0
411.0 413.0 391.0 395.0
339.0 338.0 321.0 325.0
250.0 480.0 235.0 469.0
313.0 118.0 294.0 111.0
312.0 118.0 294.0 111.0
313.0 119.0 294.0 112.0
135.0 112.0 113.0 109.0
273.0 592.0 258.0 577.0
80.0 202.0 64.0 200.0
272.0 591.0 258.0 577.0
412.0 415.0 391.0 395.0
132.0 566.0 118.0 560.0
162.0 308.0 145.0 304.0
192.0 610.0 178.0 600.0
314.0 314.0 291.0 304.0
314.0 119.0 294.0 112.0
412.0 413.0 391.0 395.0
312.0 119.0 292.0 111.0
191.0 610.0 178.0 600.0
99.0 146.0 82.0 142.0
411.0 414.0 391.0 395.0
192.0 609.0 178.0 600.0
177.0 587.0 162.0 580.0
313.0 120.0 294.0 112.0
312.0 120.0 292.0 111.0
178.0 589.0 162.0 580.0
311.0 119.0 292.0 111.0
132.0 565.0 118.0 560.0
281.0 352.0 261.0 347.0
214.0 438.0 199.0 429.0
164.0 448.0 146.0 441.0
127.0 434.0 113.0 426.0
132.0 567.0 118.0 560.0
159.0 514.0 143.0 506.0
330.0 591.0 315.0 574.0
311.0 118.0 294.0 111.0
76.0 518.0 61.0 515.0
113.0 263.0 95.0 261.0
126.0 475.0 108.0 466.0
281.0 351.0 260.0 347.0
127.0 475.0 108.0 466.0
158.0 355.0 140.0 348.0
191.0 609.0 178.0 600.0
177.0 588.0 162.0 580.0
160.0 513.0 143.0 506.0
181.0 485.0 165.0 478.0
215.0 439.0 199.0 430.0
161.0 309.0 145.0 304.0
159.0 513.0 143.0 506.0
163.0 309.0 145.0 304.0
160.0 309.0 145.0 304.0
69.0 102.0 54.0 100.0
179.0 484.0 165.0 478.0
160.0 514.0 145.0 506.0
331.0 591.0 315.0 574.0
127.0 474.0 108.0 466.0
112.0 559.0 100.0 550.0
178.0 588.0 162.0 580.0
214.0 440.0 199.0 430.0
213.0 438.0 199.0 429.0
69.0 103.0 54.0 100.0
127.0 433.0 113.0 426.0
162.0 309.0 145.0 304.0
190.0 609.0 178.0 600.0
126.0 433.0 113.0 426.0
180.0 485.0 165.0 478.0
214.0 439.0 199.0 429.0
179.0 485.0 165.0 478.0
180.0 484.0 165.0 478.0
330.0 592.0 315.0 574.0
70.0 103.0 54.0 100.0
171.0 583.0 158.0 572.0
126.0 434.0 113.0 426.0
109.0 560.0 82.0 553.0
110.0 475.0 92.0 468.0
178.0 484.0 165.0 478.0
128.0 475.0 108.0 466.0
111.0 559.0 100.0 550.0
71.0 104.0 54.0 100.0
156.0 592.0 140.0 586.0
109.0 474.0 92.0 468.0
70.0 102.0 54.0 100.0
85.0 442.0 76.0 434.0
110.0 474.0 92.0 468.0
213.0 439.0 199.0 429.0
178.0 485.0 165.0 478.0
154.0 592.0 139.0 587.0
155.0 591.0 140.0 586.0
72.0 102.0 54.0 100.0
373.0 430.0 364.0 406.0
155.0 592.0 140.0 586.0
111.0 560.0 100.0 550.0
71.0 102.0 54.0 100.0
134.0 360.0 118.0 354.0
331.0 592.0 315.0 574.0
128.0 476.0 108.0 466.0
374.0 429.0 364.0 406.0
77.0 120.0 59.0 118.0
71.0 103.0 54.0 100.0
367.0 53.0 346.0 50.0
160.0 310.0 145.0 304.0
366.0 52.0 346.0 50.0
79.0 120.0 59.0 118.0
78.0 121.0 59.0 118.0
72.0 103.0 54.0 100.0
110.0 559.0 100.0 550.0
154.0 591.0 140.0 586.0
78.0 120.0 59.0 118.0
212.0 439.0 199.0 429.0
367.0 54.0 346.0 50.0
110.0 473.0 92.0 468.0
366.0 54.0 346.0 50.0
373.0 429.0 364.0 406.0
110.0 560.0 82.0 553.0
111.0 474.0 92.0 468.0
80.0 120.0 59.0 118.0
156.0 591.0 140.0 586.0
79.0 121.0 59.0 118.0
161.0 310.0 145.0 304.0
365.0 54.0 346.0 50.0
365.0 53.0 346.0 50.0
332.0 592.0 315.0 574.0
162.0 310.0 145.0 304.0
134.0 359.0 118.0 354.0
367.0 52.0 346.0 50.0
109.0 473.0 92.0 468.0
365.0 52.0 346.0 50.0
377.0 627.0 361.0 606.0
366.0 53.0 346.0 50.0
378.0 626.0 361.0 606.0
369.0 603.0 351.0 584.0
432.0 629.0 412.0 607.0
432.0 630.0 412.0 607.0
377.0 626.0 361.0 606.0
378.0 627.0 361.0 606.0
331.0 593.0 315.0 574.0
454.0 624.0 433.0 599.0
172.0 549.0 162.0 534.0
173.0 549.0 162.0 534.0
117.0 489.0 112.0 483.0
453.0 624.0 433.0 599.0
454.0 623.0 433.0 599.0
332.0 593.0 315.0 574.0
453.0 623.0 433.0 599.0
432.0 631.0 412.0 607.0
453.0 622.0 433.0 599.0
112.0 636.0 99.0 627.0
112.0 637.0 99.0 627.0
267.0 527.0 253.0 503.0
112.0 638.0 99.0 627.0
219.0 478.0 193.0 473.0
116.0 489.0 112.0 483.0
267.0 528.0 253.0 503.0
111.0 637.0 99.0 627.0
172.0 550.0 162.0 534.0
414.0 624.0 362.0 623.0
30.0 562.0 20.0 556.0
30.0 563.0 20.0 556.0
414.0 625.0 362.0 623.0
413.0 624.0 362.0 623.0
386.0 603.0 368.0 582.0
251.0 302.0 244.0 296.0
