432.0 179.0 431.0 174.0
348.0 240.0 346.0 234.0
348.0 239.0 346.0 234.0
349.0 240.0 346.0 234.0
379.0 109.0 378.0 103.0
348.0 238.0 346.0 234.0
349.0 239.0 347.0 234.0
432.0 180.0 431.0 174.0
380.0 109.0 378.0 103.0
11.0 153.0 9.0 147.0
433.0 179.0 431.0 174.0
443.0 202.0 442.0 197.0
444.0 202.0 442.0 197.0
443.0 203.0 442.0 197.0
434.0 180.0 431.0 174.0
444.0 203.0 442.0 197.0
62.0 201.0 60.0 195.0
433.0 180.0 431.0 174.0
11.0 152.0 9.0 147.0
442.0 203.0 442.0 197.0
349.0 238.0 347.0 234.0
136.0 126.0 134.0 118.0
172.0 260.0 170.0 253.0
136.0 125.0 133.0 118.0
12.0 152.0 9.0 147.0
444.0 204.0 442.0 197.0
433.0 181.0 431.0 174.0
443.0 204.0 442.0 197.0
379.0 108.0 378.0 103.0
399.0 141.0 398.0 134.0
83.0 116.0 81.0 109.0
380.0 108.0 378.0 103.0
399.0 139.0 398.0 134.0
172.0 252.0 171.0 244.0
400.0 140.0 398.0 134.0
400.0 141.0 398.0 134.0
159.0 263.0 158.0 255.0
9.0 195.0 7.0 189.0
12.0 153.0 9.0 147.0
159.0 262.0 158.0 255.0
99.0 366.0 98.0 359.0
135.0 126.0 133.0 118.0
11.0 154.0 9.0 147.0
6.0 512.0 7.0 502.0
8.0 195.0 7.0 189.0
399.0 140.0 398.0 134.0
62.0 200.0 60.0 195.0
42.0 495.0 43.0 486.0
12.0 154.0 10.0 148.0
6.0 513.0 7.0 502.0
7.0 512.0 7.0 502.0
27.0 205.0 26.0 197.0
186.0 542.0 186.0 533.0
94.0 396.0 94.0 388.0
28.0 204.0 26.0 197.0
400.0 139.0 398.0 134.0
180.0 277.0 179.0 269.0
125.0 37.0 124.0 33.0
27.0 204.0 26.0 197.0
61.0 200.0 60.0 195.0
126.0 38.0 124.0 33.0
135.0 125.0 133.0 118.0
205.0 425.0 205.0 415.0
98.0 365.0 98.0 359.0
62.0 199.0 60.0 195.0
206.0 425.0 205.0 415.0
44.0 198.0 42.0 192.0
180.0 276.0 179.0 269.0
401.0 141.0 398.0 134.0
112.0 129.0 110.0 123.0
94.0 397.0 94.0 388.0
28.0 624.0 30.0 612.0
28.0 206.0 26.0 197.0
192.0 139.0 190.0 131.0
181.0 277.0 179.0 269.0
245.0 241.0 243.0 233.0
159.0 264.0 158.0 255.0
43.0 494.0 43.0 486.0
42.0 494.0 43.0 486.0
136.0 124.0 133.0 118.0
98.0 366.0 98.0 359.0
401.0 140.0 398.0 134.0
181.0 276.0 179.0 269.0
95.0 396.0 94.0 388.0
158.0 262.0 158.0 255.0
126.0 37.0 124.0 32.0
29.0 623.0 30.0 612.0
108.0 326.0 108.0 319.0
142.0 269.0 142.0 262.0
29.0 143.0 26.0 138.0
205.0 424.0 205.0 415.0
158.0 263.0 158.0 255.0
193.0 139.0 190.0 131.0
28.0 205.0 26.0 197.0
95.0 397.0 94.0 388.0
43.0 198.0 42.0 192.0
135.0 124.0 133.0 118.0
29.0 144.0 26.0 138.0
154.0 14.0 151.0 4.0
264.0 246.0 262.0 240.0
156.0 128.0 153.0 122.0
6.0 548.0 7.0 540.0
409.0 203.0 407.0 196.0
108.0 176.0 105.0 169.0
83.0 117.0 81.0 109.0
9.0 491.0 9.0 482.0
172.0 251.0 171.0 244.0
92.0 173.0 91.0 166.0
6.0 549.0 7.0 540.0
270.0 97.0 268.0 89.0
437.0 407.0 436.0 398.0
130.0 316.0 128.0 308.0
206.0 424.0 205.0 415.0
84.0 116.0 81.0 109.0
5.0 548.0 7.0 540.0
30.0 144.0 26.0 139.0
114.0 58.0 111.0 52.0
41.0 494.0 43.0 486.0
437.0 408.0 436.0 399.0
28.0 145.0 26.0 138.0
270.0 96.0 268.0 89.0
423.0 149.0 421.0 143.0
409.0 202.0 407.0 196.0
66.0 69.0 64.0 63.0
43.0 199.0 42.0 192.0
43.0 493.0 43.0 486.0
111.0 130.0 110.0 123.0
112.0 130.0 110.0 123.0
142.0 268.0 142.0 262.0
185.0 543.0 186.0 533.0
79.0 94.0 77.0 88.0
111.0 512.0 113.0 502.0
114.0 60.0 111.0 52.0
30.0 145.0 26.0 139.0
113.0 59.0 111.0 52.0
265.0 247.0 262.0 240.0
74.0 271.0 73.0 264.0
410.0 202.0 407.0 196.0
264.0 248.0 262.0 241.0
408.0 203.0 407.0 196.0
29.0 145.0 26.0 138.0
408.0 204.0 407.0 196.0
230.0 146.0 229.0 140.0
65.0 69.0 64.0 63.0
155.0 128.0 151.0 121.0
250.0 227.0 249.0 220.0
114.0 59.0 111.0 52.0
8.0 492.0 9.0 483.0
409.0 204.0 407.0 196.0
112.0 128.0 110.0 122.0
75.0 271.0 73.0 264.0
111.0 129.0 110.0 123.0
10.0 196.0 7.0 189.0
246.0 241.0 243.0 233.0
84.0 421.0 83.0 413.0
59.0 84.0 56.0 78.0
101.0 350.0 100.0 343.0
8.0 491.0 9.0 482.0
410.0 203.0 407.0 196.0
29.0 624.0 30.0 612.0
79.0 93.0 76.0 87.0
101.0 349.0 100.0 343.0
436.0 408.0 436.0 399.0
28.0 143.0 26.0 138.0
8.0 196.0 7.0 189.0
42.0 493.0 43.0 486.0
84.0 422.0 83.0 413.0
185.0 542.0 185.0 533.0
250.0 228.0 249.0 220.0
156.0 129.0 153.0 122.0
45.0 124.0 42.0 116.0
437.0 406.0 436.0 398.0
185.0 541.0 185.0 532.0
112.0 511.0 113.0 502.0
63.0 200.0 61.0 195.0
66.0 70.0 64.0 63.0
113.0 511.0 113.0 502.0
246.0 242.0 243.0 233.0
7.0 460.0 7.0 451.0
9.0 196.0 7.0 189.0
154.0 128.0 151.0 121.0
44.0 124.0 42.0 116.0
84.0 117.0 82.0 110.0
245.0 242.0 243.0 233.0
9.0 490.0 9.0 482.0
270.0 95.0 268.0 89.0
94.0 395.0 94.0 388.0
83.0 421.0 83.0 413.0
231.0 144.0 229.0 138.0
184.0 541.0 185.0 532.0
44.0 125.0 42.0 116.0
84.0 118.0 82.0 110.0
153.0 128.0 151.0 121.0
231.0 146.0 229.0 140.0
74.0 272.0 73.0 265.0
129.0 316.0 128.0 308.0
100.0 349.0 100.0 343.0
83.0 422.0 83.0 413.0
193.0 138.0 190.0 130.0
230.0 144.0 229.0 138.0
109.0 176.0 105.0 169.0
43.0 92.0 42.0 84.0
230.0 145.0 229.0 140.0
159.0 474.0 161.0 472.0
436.0 406.0 436.0 398.0
127.0 179.0 125.0 172.0
77.0 30.0 76.0 24.0
264.0 247.0 262.0 240.0
44.0 123.0 42.0 116.0
192.0 138.0 190.0 130.0
28.0 144.0 26.0 138.0
436.0 407.0 436.0 398.0
251.0 227.0 249.0 220.0
261.0 78.0 258.0 71.0
63.0 199.0 61.0 195.0
77.0 29.0 76.0 24.0
87.0 262.0 87.0 255.0
82.0 371.0 82.0 365.0
262.0 111.0 260.0 104.0
85.0 116.0 82.0 109.0
109.0 177.0 105.0 169.0
58.0 85.0 56.0 78.0
155.0 129.0 153.0 122.0
129.0 315.0 128.0 308.0
141.0 87.0 139.0 82.0
45.0 125.0 42.0 116.0
260.0 77.0 258.0 71.0
127.0 180.0 125.0 172.0
186.0 541.0 186.0 533.0
260.0 78.0 258.0 71.0
100.0 350.0 100.0 343.0
109.0 327.0 108.0 319.0
143.0 269.0 142.0 262.0
141.0 88.0 139.0 82.0
75.0 272.0 73.0 265.0
93.0 173.0 91.0 166.0
110.0 129.0 110.0 123.0
113.0 256.0 112.0 249.0
44.0 91.0 42.0 84.0
111.0 128.0 110.0 122.0
269.0 95.0 268.0 89.0
7.0 459.0 7.0 451.0
143.0 270.0 142.0 262.0
65.0 68.0 64.0 62.0
199.0 44.0 196.0 36.0
108.0 327.0 108.0 319.0
159.0 473.0 160.0 472.0
263.0 247.0 262.0 240.0
126.0 179.0 125.0 172.0
6.0 459.0 7.0 451.0
10.0 112.0 8.0 106.0
44.0 92.0 42.0 85.0
108.0 328.0 108.0 319.0
231.0 145.0 229.0 138.0
8.0 490.0 9.0 482.0
85.0 117.0 82.0 110.0
261.0 77.0 258.0 71.0
128.0 180.0 126.0 172.0
109.0 328.0 108.0 319.0
82.0 372.0 82.0 365.0
111.0 127.0 110.0 122.0
158.0 474.0 160.0 472.0
121.0 312.0 121.0 304.0
128.0 179.0 126.0 172.0
9.0 112.0 8.0 106.0
154.0 129.0 153.0 122.0
64.0 68.0 63.0 62.0
113.0 255.0 112.0 249.0
273.0 619.0 280.0 617.0
272.0 618.0 280.0 617.0
78.0 29.0 76.0 24.0
64.0 69.0 63.0 62.0
110.0 128.0 110.0 122.0
87.0 261.0 86.0 254.0
59.0 85.0 56.0 78.0
142.0 88.0 139.0 82.0
346.0 181.0 346.0 176.0
119.0 85.0 118.0 79.0
123.0 17.0 119.0 12.0
119.0 86.0 117.0 80.0
230.0 143.0 229.0 138.0
260.0 76.0 258.0 69.0
200.0 44.0 196.0 36.0
285.0 62.0 281.0 55.0
212.0 141.0 210.0 133.0
88.0 261.0 87.0 255.0
79.0 30.0 76.0 24.0
158.0 473.0 160.0 472.0
122.0 16.0 119.0 12.0
272.0 619.0 280.0 617.0
52.0 524.0 52.0 514.0
126.0 180.0 125.0 173.0
199.0 45.0 196.0 36.0
213.0 141.0 210.0 133.0
115.0 256.0 112.0 249.0
78.0 30.0 76.0 24.0
251.0 228.0 249.0 220.0
144.0 269.0 142.0 262.0
263.0 110.0 260.0 104.0
114.0 256.0 112.0 249.0
114.0 255.0 112.0 249.0
122.0 311.0 121.0 304.0
97.0 332.0 95.0 332.0
157.0 173.0 155.0 167.0
60.0 85.0 56.0 78.0
122.0 312.0 121.0 304.0
96.0 333.0 95.0 332.0
122.0 17.0 119.0 12.0
96.0 332.0 95.0 332.0
144.0 270.0 142.0 262.0
261.0 76.0 258.0 69.0
122.0 313.0 121.0 305.0
231.0 143.0 229.0 138.0
284.0 63.0 281.0 56.0
51.0 524.0 52.0 514.0
59.0 86.0 56.0 78.0
166.0 445.0 166.0 439.0
147.0 426.0 147.0 417.0
38.0 479.0 38.0 472.0
167.0 445.0 166.0 439.0
347.0 181.0 346.0 176.0
123.0 312.0 121.0 305.0
158.0 173.0 155.0 167.0
212.0 140.0 210.0 133.0
132.0 381.0 131.0 374.0
58.0 468.0 58.0 461.0
67.0 421.0 67.0 414.0
96.0 331.0 95.0 332.0
166.0 444.0 166.0 439.0
52.0 523.0 52.0 514.0
147.0 425.0 147.0 417.0
347.0 182.0 346.0 176.0
38.0 478.0 38.0 472.0
157.0 174.0 155.0 167.0
346.0 182.0 346.0 176.0
159.0 167.0 157.0 159.0
158.0 168.0 157.0 159.0
50.0 523.0 52.0 514.0
236.0 185.0 234.0 178.0
132.0 380.0 131.0 374.0
157.0 166.0 156.0 159.0
26.0 126.0 23.0 116.0
57.0 468.0 58.0 461.0
158.0 174.0 155.0 167.0
158.0 166.0 157.0 159.0
50.0 524.0 52.0 514.0
26.0 127.0 23.0 116.0
3.0 413.0 5.0 401.0
345.0 181.0 346.0 176.0
212.0 139.0 210.0 133.0
58.0 469.0 58.0 461.0
345.0 182.0 346.0 176.0
187.0 160.0 185.0 153.0
157.0 167.0 156.0 159.0
158.0 167.0 157.0 159.0
213.0 140.0 210.0 133.0
147.0 424.0 147.0 417.0
159.0 166.0 157.0 159.0
67.0 422.0 67.0 414.0
66.0 421.0 66.0 414.0
57.0 469.0 58.0 461.0
51.0 523.0 52.0 514.0
187.0 158.0 185.0 153.0
213.0 139.0 210.0 133.0
187.0 161.0 185.0 153.0
187.0 159.0 185.0 153.0
165.0 204.0 163.0 197.0
146.0 195.0 144.0 187.0
346.0 183.0 346.0 176.0
164.0 204.0 163.0 197.0
345.0 183.0 346.0 176.0
233.0 20.0 229.0 13.0
232.0 20.0 229.0 13.0
208.0 598.0 209.0 589.0
232.0 21.0 229.0 13.0
208.0 599.0 209.0 589.0
186.0 160.0 185.0 153.0
209.0 599.0 209.0 589.0
25.0 120.0 23.0 115.0
164.0 203.0 163.0 196.0
28.0 527.0 27.0 527.0
233.0 21.0 229.0 13.0
260.0 119.0 260.0 104.0
209.0 600.0 209.0 589.0
208.0 600.0 209.0 589.0
28.0 528.0 29.0 527.0
165.0 203.0 163.0 196.0
186.0 159.0 185.0 153.0
207.0 600.0 208.0 590.0
45.0 622.0 31.0 612.0
25.0 119.0 23.0 115.0
46.0 623.0 31.0 612.0
312.0 54.0 309.0 48.0
312.0 55.0 309.0 48.0
311.0 54.0 309.0 48.0
312.0 56.0 309.0 48.0
46.0 622.0 31.0 612.0
146.0 196.0 144.0 187.0
45.0 623.0 31.0 612.0
311.0 55.0 309.0 48.0
208.0 601.0 208.0 590.0
155.0 458.0 145.0 453.0
155.0 459.0 145.0 453.0
47.0 623.0 31.0 612.0
47.0 622.0 31.0 612.0
92.0 15.0 95.0 24.0
91.0 14.0 95.0 24.0
91.0 15.0 95.0 24.0
131.0 300.0 128.0 307.0
