109.0 155.0 97.0 153.0
110.0 155.0 96.0 155.0
110.0 154.0 97.0 153.0
111.0 155.0 97.0 154.0
109.0 154.0 97.0 153.0
146.0 544.0 121.0 556.0
111.0 153.0 97.0 153.0
252.0 70.0 245.0 74.0
110.0 153.0 97.0 153.0
146.0 546.0 121.0 556.0
249.0 111.0 239.0 115.0
146.0 545.0 121.0 556.0
230.0 136.0 220.0 138.0
253.0 70.0 245.0 74.0
252.0 72.0 244.0 74.0
103.0 566.0 76.0 577.0
253.0 71.0 244.0 73.0
252.0 71.0 244.0 74.0
111.0 154.0 97.0 153.0
211.0 462.0 187.0 477.0
251.0 71.0 244.0 74.0
148.0 545.0 123.0 555.0
449.0 59.0 443.0 72.0
102.0 566.0 76.0 577.0
147.0 544.0 122.0 555.0
251.0 70.0 245.0 74.0
196.0 414.0 175.0 428.0
129.0 437.0 108.0 447.0
231.0 137.0 220.0 138.0
211.0 463.0 188.0 477.0
254.0 72.0 244.0 74.0
248.0 111.0 239.0 114.0
148.0 544.0 122.0 555.0
130.0 438.0 108.0 447.0
147.0 546.0 123.0 555.0
253.0 72.0 244.0 74.0
147.0 545.0 122.0 555.0
102.0 565.0 76.0 577.0
130.0 439.0 108.0 447.0
210.0 462.0 187.0 477.0
101.0 567.0 76.0 577.0
254.0 71.0 244.0 73.0
128.0 438.0 107.0 447.0
69.0 102.0 67.0 103.0
102.0 567.0 76.0 577.0
210.0 460.0 188.0 476.0
129.0 439.0 108.0 447.0
332.0 83.0 324.0 92.0
232.0 136.0 220.0 138.0
101.0 566.0 76.0 577.0
112.0 154.0 99.0 154.0
211.0 461.0 188.0 477.0
209.0 461.0 187.0 477.0
130.0 437.0 108.0 447.0
112.0 155.0 98.0 155.0
197.0 415.0 176.0 427.0
232.0 137.0 220.0 138.0
212.0 462.0 188.0 477.0
67.0 101.0 67.0 103.0
103.0 567.0 76.0 577.0
333.0 83.0 324.0 92.0
251.0 45.0 243.0 47.0
196.0 413.0 176.0 427.0
67.0 102.0 67.0 103.0
128.0 437.0 107.0 447.0
210.0 461.0 188.0 477.0
232.0 68.0 224.0 68.0
250.0 46.0 243.0 47.0
82.0 448.0 61.0 453.0
197.0 413.0 176.0 427.0
230.0 137.0 220.0 138.0
211.0 460.0 188.0 477.0
412.0 20.0 406.0 30.0
91.0 446.0 67.0 451.0
197.0 414.0 176.0 427.0
148.0 546.0 123.0 555.0
250.0 45.0 243.0 46.0
411.0 21.0 406.0 30.0
212.0 461.0 188.0 477.0
199.0 414.0 177.0 427.0
413.0 20.0 406.0 30.0
90.0 445.0 67.0 451.0
251.0 44.0 243.0 45.0
68.0 102.0 67.0 103.0
82.0 447.0 61.0 453.0
198.0 414.0 177.0 427.0
198.0 415.0 176.0 427.0
129.0 438.0 108.0 447.0
128.0 439.0 107.0 447.0
68.0 104.0 67.0 103.0
67.0 103.0 67.0 103.0
149.0 451.0 127.0 462.0
249.0 45.0 243.0 46.0
250.0 44.0 243.0 45.0
230.0 68.0 224.0 68.0
91.0 445.0 67.0 451.0
68.0 101.0 67.0 103.0
198.0 413.0 176.0 427.0
331.0 84.0 324.0 92.0
232.0 69.0 224.0 68.0
249.0 43.0 243.0 46.0
249.0 44.0 243.0 46.0
231.0 68.0 224.0 68.0
231.0 136.0 220.0 138.0
199.0 413.0 177.0 427.0
68.0 103.0 67.0 103.0
69.0 103.0 67.0 103.0
250.0 43.0 243.0 45.0
112.0 153.0 97.0 153.0
231.0 67.0 224.0 68.0
133.0 466.0 111.0 475.0
240.0 542.0 215.0 557.0
333.0 84.0 324.0 92.0
149.0 545.0 123.0 555.0
166.0 473.0 142.0 482.0
411.0 22.0 406.0 30.0
90.0 446.0 67.0 451.0
206.0 442.0 182.0 454.0
90.0 447.0 67.0 451.0
133.0 563.0 106.0 575.0
413.0 21.0 406.0 30.0
332.0 84.0 324.0 92.0
412.0 21.0 406.0 30.0
317.0 20.0 310.0 25.0
318.0 20.0 312.0 25.0
138.0 563.0 113.0 573.0
251.0 43.0 243.0 45.0
166.0 474.0 142.0 482.0
412.0 22.0 406.0 30.0
206.0 443.0 182.0 454.0
133.0 465.0 111.0 475.0
167.0 473.0 142.0 482.0
150.0 451.0 127.0 462.0
165.0 474.0 142.0 482.0
118.0 550.0 95.0 557.0
205.0 443.0 182.0 454.0
89.0 445.0 67.0 451.0
231.0 69.0 224.0 68.0
133.0 464.0 111.0 474.0
233.0 109.0 222.0 113.0
132.0 466.0 110.0 475.0
405.0 183.0 390.0 199.0
404.0 183.0 390.0 199.0
134.0 465.0 111.0 475.0
331.0 85.0 324.0 92.0
223.0 546.0 198.0 562.0
351.0 22.0 346.0 29.0
230.0 69.0 224.0 68.0
170.0 56.0 161.0 53.0
413.0 22.0 406.0 30.0
332.0 85.0 324.0 92.0
119.0 550.0 95.0 557.0
152.0 451.0 127.0 463.0
89.0 446.0 67.0 451.0
134.0 563.0 107.0 574.0
223.0 545.0 198.0 562.0
319.0 21.0 312.0 25.0
317.0 21.0 310.0 25.0
136.0 563.0 113.0 573.0
319.0 20.0 312.0 25.0
169.0 56.0 161.0 53.0
164.0 474.0 142.0 482.0
166.0 54.0 159.0 51.0
234.0 109.0 222.0 113.0
333.0 85.0 324.0 92.0
132.0 465.0 110.0 474.0
166.0 53.0 159.0 51.0
290.0 143.0 283.0 148.0
151.0 452.0 127.0 463.0
134.0 464.0 111.0 475.0
318.0 21.0 312.0 25.0
330.0 85.0 324.0 92.0
164.0 473.0 142.0 482.0
318.0 22.0 312.0 25.0
151.0 451.0 127.0 463.0
168.0 57.0 160.0 52.0
207.0 443.0 182.0 454.0
290.0 83.0 283.0 89.0
134.0 466.0 111.0 475.0
150.0 452.0 127.0 462.0
170.0 55.0 161.0 53.0
255.0 111.0 239.0 115.0
67.0 104.0 67.0 103.0
224.0 546.0 198.0 562.0
169.0 55.0 161.0 53.0
165.0 473.0 142.0 482.0
234.0 108.0 222.0 113.0
164.0 459.0 145.0 468.0
290.0 144.0 283.0 148.0
298.0 22.0 292.0 26.0
320.0 20.0 312.0 25.0
319.0 22.0 312.0 25.0
224.0 544.0 198.0 562.0
224.0 545.0 198.0 562.0
297.0 21.0 290.0 26.0
169.0 54.0 161.0 53.0
205.0 444.0 181.0 456.0
292.0 143.0 283.0 147.0
320.0 21.0 312.0 25.0
186.0 429.0 162.0 438.0
135.0 563.0 113.0 573.0
404.0 184.0 390.0 199.0
186.0 428.0 162.0 438.0
291.0 142.0 283.0 147.0
206.0 444.0 182.0 454.0
405.0 184.0 390.0 199.0
291.0 144.0 283.0 148.0
222.0 545.0 198.0 562.0
292.0 144.0 283.0 147.0
297.0 60.0 290.0 65.0
297.0 22.0 292.0 26.0
350.0 22.0 346.0 29.0
291.0 143.0 283.0 147.0
298.0 59.0 290.0 65.0
297.0 23.0 292.0 26.0
167.0 53.0 160.0 52.0
262.0 140.0 253.0 143.0
168.0 55.0 161.0 53.0
223.0 544.0 198.0 562.0
168.0 56.0 161.0 53.0
351.0 23.0 346.0 29.0
296.0 22.0 290.0 26.0
291.0 83.0 283.0 89.0
167.0 54.0 159.0 51.0
295.0 22.0 290.0 26.0
296.0 60.0 290.0 65.0
430.0 61.0 425.0 71.0
256.0 111.0 240.0 115.0
264.0 140.0 253.0 143.0
292.0 83.0 283.0 89.0
290.0 84.0 283.0 89.0
429.0 62.0 425.0 71.0
291.0 82.0 283.0 89.0
265.0 140.0 253.0 143.0
298.0 23.0 292.0 26.0
168.0 54.0 161.0 53.0
305.0 116.0 295.0 121.0
352.0 58.0 350.0 64.0
328.0 49.0 321.0 54.0
167.0 55.0 159.0 52.0
263.0 139.0 253.0 143.0
296.0 23.0 292.0 26.0
283.0 113.0 272.0 115.0
430.0 62.0 425.0 71.0
291.0 85.0 284.0 88.0
293.0 142.0 283.0 147.0
263.0 140.0 253.0 143.0
431.0 62.0 425.0 71.0
293.0 143.0 283.0 147.0
292.0 142.0 283.0 147.0
297.0 59.0 290.0 65.0
264.0 141.0 253.0 143.0
430.0 63.0 425.0 71.0
44.0 363.0 22.0 363.0
264.0 139.0 253.0 143.0
295.0 60.0 290.0 65.0
283.0 43.0 277.0 46.0
291.0 84.0 284.0 88.0
283.0 112.0 272.0 115.0
431.0 60.0 425.0 71.0
295.0 23.0 292.0 26.0
282.0 43.0 277.0 46.0
292.0 82.0 283.0 89.0
45.0 362.0 22.0 363.0
44.0 362.0 22.0 363.0
405.0 185.0 390.0 199.0
290.0 85.0 284.0 88.0
294.0 59.0 290.0 63.0
351.0 58.0 350.0 64.0
222.0 544.0 198.0 562.0
45.0 365.0 20.0 364.0
292.0 84.0 284.0 88.0
295.0 59.0 290.0 65.0
270.0 89.0 261.0 93.0
231.0 153.0 217.0 150.0
431.0 61.0 425.0 71.0
43.0 363.0 22.0 363.0
404.0 185.0 390.0 199.0
297.0 58.0 290.0 63.0
432.0 62.0 425.0 71.0
432.0 61.0 425.0 71.0
284.0 43.0 277.0 46.0
270.0 90.0 261.0 92.0
88.0 154.0 51.0 147.0
296.0 59.0 290.0 65.0
271.0 89.0 261.0 92.0
44.0 364.0 20.0 364.0
43.0 364.0 22.0 364.0
271.0 90.0 261.0 92.0
44.0 365.0 22.0 364.0
285.0 43.0 277.0 47.0
296.0 58.0 290.0 63.0
45.0 363.0 20.0 364.0
230.0 153.0 217.0 150.0
45.0 364.0 20.0 364.0
431.0 63.0 425.0 71.0
259.0 174.0 317.0 198.0
89.0 153.0 51.0 147.0
350.0 58.0 350.0 64.0
323.0 118.0 309.0 119.0
285.0 44.0 277.0 47.0
258.0 174.0 313.0 199.0
323.0 117.0 309.0 119.0
88.0 153.0 51.0 147.0
284.0 42.0 277.0 46.0
282.0 112.0 271.0 117.0
295.0 58.0 290.0 63.0
258.0 175.0 313.0 199.0
187.0 454.0 161.0 471.0
89.0 154.0 51.0 147.0
284.0 44.0 277.0 47.0
322.0 118.0 309.0 119.0
286.0 43.0 279.0 46.0
283.0 42.0 277.0 46.0
282.0 113.0 271.0 117.0
324.0 118.0 310.0 118.0
281.0 113.0 271.0 117.0
215.0 612.0 202.0 620.0
285.0 42.0 277.0 46.0
229.0 153.0 217.0 150.0
324.0 117.0 310.0 118.0
304.0 180.0 313.0 198.0
186.0 454.0 161.0 471.0
259.0 175.0 313.0 199.0
187.0 453.0 161.0 471.0
281.0 112.0 271.0 117.0
231.0 154.0 217.0 150.0
230.0 154.0 217.0 150.0
42.0 576.0 14.0 580.0
154.0 434.0 131.0 440.0
185.0 454.0 161.0 471.0
229.0 154.0 217.0 150.0
436.0 42.0 430.0 54.0
260.0 175.0 317.0 198.0
57.0 560.0 30.0 564.0
437.0 42.0 430.0 54.0
314.0 86.0 323.0 91.0
314.0 87.0 323.0 91.0
42.0 577.0 14.0 580.0
305.0 181.0 313.0 198.0
231.0 155.0 217.0 150.0
41.0 577.0 14.0 580.0
186.0 453.0 161.0 471.0
230.0 155.0 217.0 150.0
185.0 453.0 161.0 471.0
304.0 181.0 313.0 198.0
186.0 452.0 161.0 471.0
43.0 577.0 14.0 580.0
154.0 435.0 131.0 440.0
304.0 182.0 314.0 199.0
305.0 182.0 314.0 199.0
26.0 576.0 12.0 580.0
27.0 576.0 12.0 580.0
27.0 575.0 12.0 580.0
26.0 575.0 12.0 580.0
222.0 125.0 221.0 138.0
234.0 54.0 225.0 68.0
221.0 126.0 221.0 138.0
256.0 126.0 240.0 115.0
233.0 54.0 225.0 68.0
221.0 125.0 221.0 138.0
253.0 157.0 309.0 181.0
325.0 42.0 321.0 54.0
324.0 42.0 321.0 54.0
