139.0 187.0 139.0 187.0
138.0 188.0 139.0 187.0
138.0 187.0 139.0 187.0
187.0 253.0 187.0 254.0
139.0 186.0 139.0 187.0
127.0 98.0 127.0 95.0
132.0 344.0 131.0 345.0
218.0 370.0 217.0 372.0
126.0 98.0 127.0 95.0
127.0 99.0 127.0 95.0
132.0 343.0 131.0 345.0
128.0 99.0 127.0 95.0
128.0 98.0 127.0 95.0
137.0 187.0 137.0 187.0
133.0 343.0 131.0 345.0
127.0 97.0 127.0 95.0
137.0 186.0 137.0 186.0
136.0 241.0 136.0 239.0
152.0 231.0 152.0 230.0
219.0 370.0 217.0 372.0
141.0 363.0 139.0 365.0
126.0 358.0 125.0 360.0
138.0 186.0 137.0 187.0
133.0 344.0 131.0 345.0
136.0 240.0 136.0 239.0
112.0 368.0 112.0 369.0
137.0 241.0 136.0 239.0
152.0 230.0 151.0 230.0
151.0 230.0 151.0 230.0
153.0 230.0 152.0 230.0
141.0 364.0 139.0 366.0
218.0 312.0 218.0 316.0
386.0 568.0 387.0 585.0
137.0 240.0 136.0 239.0
167.0 319.0 166.0 321.0
140.0 364.0 139.0 366.0
217.0 312.0 218.0 316.0
310.0 394.0 312.0 400.0
64.0 105.0 64.0 101.0
73.0 194.0 71.0 190.0
111.0 368.0 111.0 369.0
166.0 319.0 166.0 321.0
385.0 568.0 386.0 583.0
175.0 37.0 177.0 33.0
144.0 300.0 143.0 301.0
141.0 468.0 139.0 472.0
126.0 357.0 124.0 360.0
386.0 569.0 387.0 585.0
176.0 36.0 177.0 33.0
82.0 262.0 80.0 260.0
176.0 533.0 174.0 537.0
387.0 568.0 387.0 584.0
113.0 368.0 112.0 368.0
269.0 507.0 268.0 514.0
123.0 468.0 120.0 472.0
230.0 11.0 231.0 9.0
385.0 569.0 386.0 585.0
176.0 37.0 177.0 33.0
111.0 367.0 111.0 369.0
263.0 304.0 263.0 308.0
175.0 532.0 174.0 536.0
153.0 229.0 152.0 230.0
311.0 392.0 312.0 400.0
152.0 229.0 151.0 230.0
311.0 393.0 312.0 400.0
143.0 300.0 143.0 301.0
16.0 173.0 15.0 169.0
317.0 330.0 318.0 336.0
159.0 516.0 157.0 520.0
141.0 469.0 139.0 472.0
159.0 517.0 157.0 520.0
310.0 393.0 312.0 400.0
311.0 394.0 312.0 400.0
229.0 11.0 231.0 9.0
166.0 320.0 166.0 321.0
17.0 526.0 16.0 525.0
316.0 330.0 317.0 337.0
178.0 381.0 177.0 383.0
122.0 468.0 120.0 472.0
50.0 594.0 48.0 598.0
269.0 506.0 268.0 514.0
165.0 319.0 164.0 321.0
310.0 392.0 312.0 400.0
88.0 555.0 86.0 558.0
112.0 367.0 112.0 368.0
113.0 367.0 112.0 368.0
407.0 235.0 412.0 243.0
57.0 523.0 55.0 525.0
317.0 329.0 318.0 336.0
178.0 380.0 177.0 383.0
143.0 301.0 142.0 301.0
72.0 194.0 71.0 190.0
218.0 546.0 216.0 553.0
18.0 548.0 16.0 548.0
279.0 34.0 282.0 32.0
124.0 298.0 124.0 297.0
56.0 524.0 55.0 524.0
160.0 516.0 157.0 520.0
18.0 549.0 16.0 548.0
176.0 38.0 177.0 33.0
89.0 369.0 85.0 369.0
57.0 524.0 55.0 525.0
318.0 329.0 318.0 336.0
89.0 76.0 88.0 72.0
279.0 35.0 281.0 32.0
13.0 403.0 12.0 402.0
125.0 299.0 124.0 297.0
50.0 283.0 48.0 281.0
120.0 448.0 119.0 451.0
270.0 506.0 268.0 514.0
17.0 550.0 16.0 548.0
419.0 242.0 424.0 252.0
304.0 458.0 305.0 466.0
361.0 368.0 363.0 380.0
398.0 376.0 401.0 388.0
58.0 524.0 55.0 525.0
218.0 545.0 216.0 553.0
89.0 75.0 89.0 72.0
360.0 369.0 363.0 380.0
144.0 301.0 143.0 301.0
110.0 591.0 107.0 595.0
50.0 593.0 47.0 598.0
282.0 61.0 283.0 58.0
267.0 47.0 270.0 44.0
90.0 76.0 89.0 72.0
63.0 105.0 64.0 100.0
51.0 246.0 49.0 244.0
18.0 550.0 16.0 548.0
344.0 288.0 348.0 296.0
276.0 482.0 275.0 490.0
89.0 555.0 86.0 558.0
189.0 550.0 187.0 556.0
393.0 222.0 398.0 230.0
140.0 469.0 139.0 472.0
187.0 506.0 186.0 510.0
186.0 507.0 186.0 510.0
420.0 428.0 424.0 443.0
57.0 525.0 55.0 525.0
316.0 329.0 318.0 336.0
361.0 369.0 363.0 380.0
120.0 447.0 119.0 451.0
90.0 369.0 85.0 369.0
179.0 381.0 177.0 383.0
38.0 362.0 36.0 360.0
188.0 446.0 187.0 451.0
203.0 508.0 202.0 512.0
113.0 366.0 112.0 368.0
229.0 12.0 231.0 9.0
51.0 247.0 49.0 244.0
180.0 381.0 177.0 383.0
419.0 427.0 424.0 443.0
230.0 12.0 231.0 9.0
38.0 363.0 36.0 361.0
13.0 404.0 12.0 402.0
56.0 336.0 53.0 337.0
112.0 366.0 111.0 369.0
49.0 283.0 47.0 281.0
186.0 506.0 185.0 510.0
219.0 545.0 216.0 553.0
390.0 341.0 394.0 351.0
179.0 380.0 177.0 383.0
389.0 342.0 393.0 351.0
50.0 246.0 49.0 244.0
56.0 525.0 55.0 525.0
15.0 291.0 15.0 288.0
389.0 341.0 393.0 351.0
360.0 368.0 363.0 380.0
123.0 415.0 120.0 419.0
219.0 565.0 217.0 572.0
202.0 507.0 201.0 512.0
11.0 493.0 10.0 491.0
50.0 284.0 48.0 281.0
344.0 287.0 348.0 296.0
136.0 502.0 134.0 505.0
232.0 376.0 232.0 380.0
180.0 380.0 177.0 383.0
420.0 427.0 425.0 442.0
39.0 362.0 36.0 360.0
18.0 551.0 16.0 548.0
398.0 442.0 403.0 460.0
16.0 291.0 15.0 288.0
58.0 525.0 55.0 525.0
281.0 61.0 283.0 58.0
395.0 259.0 401.0 269.0
321.0 108.0 324.0 109.0
321.0 107.0 324.0 109.0
39.0 363.0 36.0 361.0
189.0 551.0 187.0 557.0
49.0 282.0 48.0 281.0
56.0 337.0 53.0 337.0
259.0 377.0 260.0 383.0
390.0 342.0 394.0 351.0
420.0 242.0 424.0 252.0
187.0 446.0 187.0 451.0
392.0 222.0 397.0 230.0
48.0 283.0 47.0 281.0
14.0 404.0 12.0 402.0
320.0 107.0 324.0 109.0
345.0 288.0 348.0 296.0
188.0 447.0 187.0 451.0
203.0 507.0 202.0 512.0
14.0 405.0 12.0 402.0
304.0 457.0 305.0 466.0
12.0 404.0 12.0 402.0
67.0 67.0 68.0 63.0
50.0 247.0 49.0 244.0
121.0 415.0 120.0 419.0
393.0 223.0 398.0 230.0
232.0 377.0 232.0 380.0
122.0 415.0 120.0 419.0
259.0 376.0 260.0 383.0
187.0 447.0 187.0 451.0
419.0 426.0 424.0 443.0
233.0 514.0 231.0 521.0
392.0 223.0 398.0 230.0
12.0 493.0 10.0 491.0
189.0 446.0 187.0 451.0
181.0 271.0 179.0 277.0
345.0 287.0 348.0 296.0
304.0 531.0 303.0 543.0
320.0 108.0 324.0 109.0
13.0 405.0 12.0 402.0
36.0 182.0 35.0 179.0
90.0 555.0 87.0 559.0
303.0 532.0 303.0 543.0
15.0 292.0 14.0 287.0
36.0 183.0 35.0 179.0
89.0 468.0 85.0 471.0
122.0 414.0 120.0 419.0
39.0 620.0 37.0 624.0
280.0 61.0 283.0 58.0
40.0 620.0 37.0 624.0
234.0 514.0 231.0 521.0
346.0 288.0 348.0 296.0
189.0 552.0 187.0 557.0
254.0 573.0 251.0 581.0
304.0 456.0 305.0 466.0
55.0 337.0 53.0 337.0
16.0 292.0 15.0 288.0
35.0 545.0 33.0 545.0
55.0 336.0 53.0 337.0
182.0 271.0 179.0 277.0
90.0 370.0 85.0 369.0
297.0 376.0 298.0 382.0
175.0 601.0 171.0 604.0
49.0 284.0 48.0 282.0
121.0 414.0 120.0 419.0
204.0 507.0 202.0 512.0
22.0 310.0 20.0 308.0
39.0 619.0 37.0 624.0
58.0 483.0 55.0 486.0
22.0 311.0 20.0 308.0
35.0 304.0 34.0 301.0
421.0 427.0 425.0 442.0
281.0 62.0 284.0 59.0
234.0 513.0 231.0 521.0
253.0 573.0 251.0 581.0
420.0 426.0 425.0 442.0
88.0 418.0 86.0 423.0
215.0 386.0 215.0 391.0
280.0 62.0 284.0 59.0
123.0 414.0 120.0 419.0
465.0 331.0 471.0 345.0
58.0 482.0 55.0 486.0
304.0 532.0 303.0 543.0
68.0 68.0 67.0 63.0
44.0 407.0 42.0 407.0
40.0 619.0 37.0 624.0
304.0 533.0 303.0 543.0
122.0 413.0 120.0 419.0
88.0 417.0 85.0 422.0
176.0 403.0 176.0 415.0
57.0 483.0 55.0 486.0
434.0 384.0 439.0 397.0
57.0 482.0 55.0 486.0
176.0 601.0 171.0 603.0
140.0 579.0 139.0 583.0
171.0 301.0 173.0 297.0
67.0 68.0 66.0 63.0
254.0 572.0 252.0 580.0
88.0 468.0 85.0 471.0
54.0 462.0 52.0 465.0
35.0 546.0 33.0 545.0
140.0 580.0 138.0 584.0
38.0 204.0 37.0 200.0
36.0 545.0 33.0 545.0
435.0 384.0 439.0 397.0
465.0 330.0 471.0 345.0
244.0 359.0 245.0 365.0
87.0 417.0 85.0 422.0
356.0 301.0 359.0 308.0
466.0 330.0 471.0 345.0
56.0 462.0 54.0 465.0
39.0 204.0 38.0 199.0
176.0 402.0 176.0 415.0
221.0 501.0 220.0 507.0
349.0 73.0 354.0 73.0
67.0 69.0 66.0 63.0
88.0 416.0 85.0 422.0
181.0 270.0 179.0 277.0
252.0 573.0 251.0 581.0
221.0 500.0 220.0 507.0
356.0 302.0 359.0 308.0
56.0 463.0 54.0 465.0
349.0 72.0 354.0 73.0
128.0 468.0 121.0 471.0
55.0 462.0 54.0 465.0
68.0 69.0 68.0 63.0
141.0 579.0 139.0 583.0
464.0 331.0 471.0 345.0
73.0 501.0 71.0 505.0
464.0 330.0 471.0 345.0
350.0 72.0 355.0 73.0
355.0 302.0 359.0 309.0
355.0 301.0 359.0 308.0
208.0 614.0 202.0 622.0
108.0 613.0 114.0 620.0
73.0 502.0 71.0 505.0
253.0 572.0 251.0 580.0
74.0 501.0 71.0 505.0
36.0 546.0 33.0 545.0
245.0 359.0 245.0 365.0
182.0 270.0 179.0 277.0
245.0 358.0 245.0 365.0
89.0 295.0 84.0 299.0
175.0 402.0 176.0 415.0
350.0 73.0 354.0 73.0
175.0 403.0 176.0 415.0
252.0 572.0 251.0 581.0
245.0 360.0 245.0 365.0
170.0 301.0 173.0 297.0
108.0 612.0 114.0 620.0
187.0 312.0 185.0 320.0
246.0 358.0 245.0 364.0
56.0 502.0 54.0 505.0
141.0 580.0 139.0 584.0
400.0 294.0 404.0 303.0
56.0 501.0 54.0 505.0
246.0 359.0 245.0 365.0
107.0 613.0 114.0 620.0
55.0 501.0 54.0 505.0
279.0 623.0 278.0 632.0
63.0 419.0 61.0 424.0
280.0 623.0 278.0 632.0
330.0 44.0 332.0 40.0
40.0 76.0 34.0 74.0
64.0 419.0 61.0 424.0
63.0 418.0 61.0 424.0
280.0 622.0 278.0 632.0
259.0 65.0 268.0 69.0
279.0 622.0 278.0 632.0
344.0 49.0 349.0 46.0
391.0 236.0 398.0 230.0
364.0 62.0 355.0 73.0
114.0 544.0 120.0 543.0
363.0 62.0 355.0 73.0
306.0 512.0 304.0 517.0
104.0 501.0 95.0 504.0
114.0 545.0 120.0 543.0
141.0 634.0 130.0 632.0
113.0 545.0 120.0 543.0
255.0 322.0 257.0 337.0
27.0 575.0 30.0 591.0
28.0 575.0 30.0 591.0
254.0 322.0 257.0 337.0
306.0 513.0 304.0 517.0
129.0 446.0 119.0 451.0
28.0 574.0 30.0 591.0
318.0 6.0 378.0 9.0
27.0 574.0 30.0 591.0
305.0 415.0 311.0 402.0
435.0 15.0 378.0 9.0
305.0 416.0 311.0 402.0
