79.0 242.0 93.0 278.0
79.0 241.0 92.0 277.0
306.0 221.0 317.0 257.0
179.0 417.0 192.0 453.0
178.0 416.0 191.0 453.0
178.0 414.0 191.0 452.0
79.0 243.0 93.0 278.0
291.0 499.0 306.0 544.0
80.0 237.0 92.0 276.0
178.0 415.0 191.0 453.0
179.0 416.0 191.0 453.0
306.0 220.0 317.0 257.0
179.0 414.0 191.0 452.0
70.0 332.0 83.0 367.0
179.0 415.0 191.0 452.0
132.0 197.0 146.0 234.0
242.0 421.0 254.0 459.0
122.0 255.0 134.0 290.0
71.0 332.0 84.0 367.0
131.0 197.0 146.0 234.0
122.0 256.0 133.0 292.0
325.0 368.0 339.0 405.0
325.0 369.0 339.0 405.0
121.0 257.0 133.0 292.0
309.0 414.0 323.0 453.0
351.0 137.0 361.0 175.0
351.0 135.0 360.0 172.0
243.0 421.0 254.0 459.0
131.0 198.0 146.0 234.0
352.0 134.0 360.0 172.0
324.0 369.0 337.0 405.0
324.0 368.0 337.0 405.0
351.0 136.0 361.0 175.0
180.0 415.0 191.0 452.0
132.0 196.0 146.0 234.0
324.0 367.0 338.0 405.0
242.0 422.0 254.0 460.0
68.0 313.0 81.0 349.0
352.0 136.0 361.0 175.0
122.0 257.0 133.0 292.0
151.0 231.0 165.0 267.0
153.0 265.0 164.0 300.0
152.0 266.0 164.0 300.0
168.0 256.0 180.0 293.0
167.0 257.0 180.0 293.0
152.0 265.0 164.0 300.0
309.0 415.0 323.0 453.0
121.0 256.0 133.0 292.0
153.0 266.0 164.0 300.0
354.0 123.0 362.0 160.0
71.0 331.0 83.0 366.0
68.0 312.0 81.0 349.0
307.0 211.0 317.0 247.0
309.0 413.0 324.0 452.0
152.0 264.0 164.0 300.0
152.0 231.0 165.0 267.0
334.0 179.0 346.0 212.0
133.0 197.0 146.0 234.0
132.0 198.0 146.0 234.0
325.0 367.0 339.0 405.0
156.0 310.0 168.0 343.0
353.0 122.0 362.0 160.0
153.0 230.0 165.0 267.0
352.0 135.0 360.0 172.0
168.0 255.0 179.0 291.0
152.0 230.0 165.0 267.0
267.0 219.0 277.0 255.0
151.0 259.0 164.0 299.0
167.0 256.0 180.0 293.0
69.0 313.0 81.0 349.0
133.0 196.0 146.0 234.0
70.0 331.0 83.0 366.0
151.0 230.0 165.0 267.0
310.0 414.0 324.0 452.0
349.0 100.0 357.0 139.0
353.0 123.0 362.0 160.0
67.0 312.0 81.0 349.0
168.0 257.0 180.0 293.0
354.0 122.0 362.0 160.0
310.0 415.0 323.0 453.0
121.0 255.0 133.0 290.0
69.0 314.0 81.0 350.0
335.0 177.0 347.0 211.0
154.0 126.0 169.0 163.0
156.0 311.0 168.0 343.0
120.0 256.0 132.0 291.0
70.0 314.0 81.0 350.0
154.0 125.0 169.0 162.0
354.0 121.0 362.0 160.0
333.0 177.0 346.0 212.0
153.0 231.0 165.0 267.0
153.0 229.0 165.0 267.0
336.0 177.0 347.0 211.0
324.0 366.0 338.0 405.0
289.0 221.0 302.0 262.0
291.0 222.0 302.0 262.0
107.0 182.0 120.0 220.0
266.0 220.0 276.0 255.0
323.0 367.0 337.0 405.0
334.0 178.0 346.0 212.0
325.0 351.0 337.0 387.0
120.0 255.0 132.0 291.0
154.0 124.0 168.0 162.0
107.0 183.0 120.0 220.0
169.0 257.0 180.0 293.0
169.0 256.0 180.0 293.0
71.0 330.0 83.0 366.0
132.0 199.0 146.0 234.0
350.0 101.0 357.0 140.0
155.0 126.0 169.0 163.0
404.0 57.0 409.0 96.0
324.0 350.0 337.0 387.0
152.0 229.0 165.0 267.0
349.0 101.0 357.0 139.0
42.0 306.0 53.0 341.0
353.0 121.0 362.0 160.0
333.0 178.0 346.0 212.0
334.0 177.0 346.0 212.0
336.0 178.0 347.0 211.0
4.0 322.0 15.0 356.0
70.0 330.0 83.0 366.0
348.0 100.0 357.0 139.0
266.0 478.0 280.0 515.0
349.0 102.0 357.0 139.0
266.0 218.0 276.0 255.0
41.0 305.0 53.0 341.0
323.0 366.0 338.0 405.0
3.0 322.0 15.0 356.0
133.0 198.0 146.0 234.0
167.0 255.0 179.0 291.0
335.0 178.0 346.0 212.0
404.0 58.0 409.0 96.0
108.0 183.0 120.0 221.0
109.0 183.0 120.0 221.0
267.0 478.0 280.0 515.0
42.0 304.0 53.0 341.0
266.0 219.0 276.0 255.0
2.0 321.0 15.0 356.0
290.0 221.0 302.0 262.0
169.0 255.0 179.0 291.0
133.0 199.0 146.0 234.0
4.0 321.0 15.0 356.0
42.0 305.0 53.0 341.0
155.0 124.0 169.0 162.0
3.0 321.0 15.0 356.0
154.0 123.0 167.0 162.0
151.0 258.0 165.0 300.0
5.0 321.0 15.0 356.0
335.0 179.0 346.0 212.0
43.0 306.0 53.0 341.0
69.0 312.0 81.0 349.0
265.0 217.0 276.0 254.0
348.0 102.0 357.0 140.0
329.0 159.0 340.0 193.0
134.0 197.0 146.0 234.0
291.0 221.0 302.0 262.0
70.0 329.0 83.0 366.0
329.0 160.0 340.0 193.0
265.0 219.0 276.0 255.0
287.0 221.0 302.0 262.0
41.0 306.0 53.0 341.0
43.0 305.0 53.0 341.0
308.0 211.0 317.0 247.0
71.0 329.0 83.0 366.0
84.0 260.0 97.0 295.0
84.0 262.0 97.0 297.0
348.0 101.0 357.0 139.0
108.0 182.0 120.0 220.0
70.0 202.0 86.0 243.0
84.0 261.0 97.0 297.0
265.0 220.0 276.0 255.0
3.0 320.0 15.0 356.0
321.0 309.0 333.0 341.0
155.0 125.0 169.0 162.0
4.0 320.0 15.0 356.0
213.0 214.0 224.0 251.0
266.0 477.0 280.0 515.0
127.0 112.0 140.0 155.0
125.0 109.0 139.0 152.0
126.0 112.0 140.0 155.0
321.0 307.0 333.0 341.0
170.0 207.0 182.0 244.0
100.0 167.0 114.0 203.0
321.0 308.0 333.0 341.0
267.0 477.0 280.0 515.0
286.0 221.0 302.0 262.0
126.0 109.0 139.0 152.0
85.0 263.0 98.0 295.0
267.0 476.0 280.0 515.0
125.0 111.0 138.0 151.0
330.0 160.0 340.0 193.0
265.0 218.0 276.0 255.0
328.0 160.0 340.0 193.0
126.0 110.0 139.0 152.0
328.0 159.0 340.0 193.0
101.0 167.0 114.0 203.0
329.0 161.0 340.0 193.0
127.0 111.0 140.0 155.0
85.0 262.0 97.0 296.0
70.0 201.0 86.0 243.0
266.0 476.0 280.0 515.0
327.0 159.0 340.0 193.0
379.0 44.0 386.0 84.0
101.0 168.0 114.0 203.0
63.0 295.0 75.0 329.0
125.0 110.0 139.0 152.0
102.0 168.0 114.0 203.0
85.0 261.0 97.0 295.0
133.0 178.0 152.0 217.0
85.0 260.0 98.0 295.0
327.0 160.0 340.0 193.0
100.0 168.0 114.0 203.0
213.0 215.0 224.0 251.0
127.0 110.0 140.0 155.0
101.0 169.0 114.0 203.0
126.0 111.0 140.0 155.0
49.0 167.0 61.0 202.0
307.0 407.0 323.0 451.0
49.0 168.0 61.0 202.0
61.0 296.0 75.0 329.0
10.0 304.0 14.0 338.0
23.0 180.0 36.0 215.0
132.0 178.0 152.0 217.0
306.0 407.0 322.0 451.0
47.0 167.0 61.0 202.0
133.0 177.0 152.0 217.0
328.0 161.0 340.0 193.0
62.0 296.0 75.0 329.0
10.0 303.0 14.0 338.0
102.0 169.0 114.0 203.0
24.0 180.0 37.0 213.0
24.0 179.0 37.0 213.0
24.0 182.0 36.0 215.0
100.0 169.0 114.0 203.0
199.0 427.0 214.0 468.0
28.0 197.0 42.0 234.0
322.0 308.0 333.0 341.0
28.0 199.0 42.0 234.0
11.0 304.0 14.0 338.0
48.0 168.0 61.0 202.0
379.0 43.0 386.0 84.0
23.0 179.0 36.0 214.0
48.0 169.0 61.0 202.0
322.0 309.0 333.0 341.0
244.0 465.0 259.0 508.0
25.0 180.0 37.0 213.0
47.0 168.0 61.0 202.0
49.0 169.0 61.0 202.0
23.0 181.0 36.0 215.0
217.0 242.0 229.0 278.0
63.0 296.0 75.0 329.0
322.0 307.0 333.0 341.0
25.0 179.0 37.0 213.0
199.0 234.0 206.0 277.0
24.0 181.0 36.0 215.0
64.0 296.0 75.0 329.0
100.0 135.0 115.0 176.0
380.0 44.0 386.0 84.0
28.0 198.0 42.0 234.0
233.0 244.0 251.0 285.0
218.0 242.0 229.0 278.0
48.0 167.0 61.0 202.0
132.0 177.0 152.0 217.0
69.0 201.0 86.0 243.0
306.0 406.0 322.0 451.0
130.0 147.0 142.0 186.0
130.0 148.0 143.0 185.0
25.0 181.0 37.0 213.0
233.0 243.0 252.0 285.0
11.0 303.0 14.0 338.0
100.0 136.0 115.0 176.0
323.0 309.0 333.0 342.0
245.0 464.0 259.0 508.0
131.0 148.0 143.0 185.0
323.0 308.0 333.0 341.0
252.0 547.0 266.0 590.0
64.0 297.0 75.0 329.0
252.0 546.0 266.0 590.0
198.0 426.0 214.0 468.0
244.0 464.0 259.0 508.0
133.0 176.0 152.0 217.0
130.0 146.0 142.0 186.0
219.0 242.0 229.0 279.0
251.0 546.0 266.0 590.0
12.0 304.0 14.0 338.0
131.0 147.0 143.0 185.0
199.0 233.0 206.0 277.0
301.0 251.0 313.0 295.0
379.0 42.0 386.0 84.0
27.0 198.0 42.0 234.0
132.0 176.0 152.0 217.0
27.0 197.0 42.0 234.0
380.0 43.0 386.0 84.0
244.0 463.0 259.0 508.0
27.0 199.0 42.0 234.0
43.0 348.0 52.0 382.0
12.0 303.0 14.0 338.0
154.0 362.0 167.0 342.0
155.0 362.0 166.0 343.0
155.0 363.0 166.0 343.0
154.0 363.0 167.0 342.0
380.0 42.0 386.0 84.0
232.0 243.0 251.0 286.0
232.0 244.0 251.0 286.0
154.0 361.0 167.0 342.0
155.0 361.0 166.0 342.0
243.0 463.0 259.0 508.0
301.0 250.0 313.0 295.0
130.0 149.0 143.0 185.0
47.0 365.0 57.0 400.0
300.0 250.0 313.0 295.0
47.0 366.0 57.0 400.0
43.0 349.0 52.0 382.0
131.0 149.0 143.0 185.0
42.0 348.0 52.0 382.0
42.0 349.0 52.0 382.0
43.0 350.0 52.0 382.0
46.0 365.0 57.0 400.0
46.0 366.0 57.0 400.0
105.0 150.0 116.0 178.0
356.0 554.0 373.0 598.0
131.0 150.0 143.0 185.0
41.0 348.0 52.0 382.0
357.0 554.0 373.0 598.0
356.0 553.0 373.0 598.0
45.0 366.0 57.0 400.0
67.0 193.0 86.0 243.0
42.0 350.0 52.0 382.0
105.0 151.0 116.0 178.0
45.0 365.0 57.0 400.0
106.0 150.0 116.0 178.0
355.0 554.0 373.0 598.0
355.0 553.0 373.0 598.0
44.0 366.0 57.0 400.0
41.0 349.0 52.0 382.0
67.0 192.0 86.0 243.0
106.0 151.0 116.0 178.0
66.0 192.0 85.0 243.0
376.0 19.0 383.0 60.0
376.0 18.0 383.0 60.0
376.0 20.0 383.0 60.0
376.0 21.0 383.0 60.0
375.0 20.0 383.0 60.0
377.0 20.0 383.0 60.0
377.0 19.0 383.0 60.0
358.0 105.0 362.0 158.0
170.0 220.0 183.0 246.0
358.0 103.0 358.0 140.0
400.0 24.0 402.0 71.0
417.0 39.0 422.0 79.0
417.0 36.0 422.0 79.0
417.0 37.0 422.0 79.0
418.0 37.0 422.0 79.0
401.0 26.0 402.0 71.0
171.0 220.0 183.0 246.0
418.0 40.0 422.0 79.0
418.0 39.0 422.0 79.0
401.0 24.0 402.0 71.0
401.0 25.0 402.0 71.0
418.0 38.0 422.0 79.0
417.0 38.0 422.0 79.0
401.0 23.0 402.0 71.0
