210.0 329.0 220.0 364.0
210.0 328.0 220.0 364.0
211.0 329.0 220.0 364.0
210.0 330.0 220.0 364.0
210.0 206.0 220.0 241.0
243.0 307.0 253.0 344.0
242.0 308.0 253.0 344.0
243.0 308.0 253.0 344.0
242.0 309.0 253.0 344.0
192.0 323.0 204.0 359.0
221.0 188.0 229.0 224.0
243.0 310.0 253.0 344.0
211.0 330.0 220.0 364.0
165.0 181.0 175.0 221.0
221.0 189.0 229.0 224.0
131.0 451.0 144.0 496.0
242.0 307.0 253.0 344.0
131.0 452.0 144.0 496.0
337.0 183.0 346.0 215.0
243.0 309.0 253.0 344.0
227.0 492.0 240.0 532.0
193.0 323.0 205.0 360.0
192.0 324.0 204.0 360.0
316.0 294.0 329.0 331.0
315.0 319.0 327.0 353.0
132.0 452.0 144.0 496.0
338.0 183.0 346.0 215.0
125.0 486.0 138.0 529.0
147.0 220.0 157.0 258.0
193.0 324.0 205.0 360.0
314.0 319.0 327.0 353.0
315.0 318.0 327.0 353.0
273.0 442.0 287.0 481.0
243.0 306.0 253.0 344.0
123.0 239.0 133.0 276.0
126.0 517.0 141.0 564.0
242.0 306.0 253.0 344.0
80.0 150.0 92.0 193.0
372.0 131.0 380.0 162.0
132.0 453.0 144.0 496.0
164.0 182.0 174.0 222.0
113.0 141.0 125.0 178.0
198.0 236.0 209.0 274.0
228.0 493.0 240.0 533.0
234.0 273.0 246.0 307.0
80.0 151.0 92.0 193.0
127.0 517.0 141.0 564.0
317.0 293.0 329.0 331.0
227.0 493.0 240.0 534.0
93.0 495.0 106.0 533.0
337.0 184.0 346.0 215.0
130.0 453.0 144.0 496.0
130.0 452.0 144.0 496.0
165.0 185.0 175.0 223.0
122.0 238.0 133.0 276.0
127.0 518.0 141.0 564.0
236.0 273.0 246.0 307.0
316.0 318.0 327.0 353.0
146.0 220.0 157.0 258.0
316.0 295.0 329.0 331.0
314.0 318.0 327.0 353.0
296.0 190.0 305.0 224.0
244.0 461.0 257.0 496.0
185.0 149.0 196.0 185.0
212.0 63.0 220.0 100.0
198.0 235.0 209.0 273.0
318.0 295.0 329.0 331.0
198.0 234.0 209.0 273.0
220.0 188.0 229.0 224.0
235.0 274.0 246.0 307.0
192.0 325.0 204.0 360.0
199.0 236.0 209.0 274.0
186.0 149.0 196.0 185.0
281.0 496.0 297.0 537.0
234.0 274.0 246.0 307.0
317.0 295.0 329.0 331.0
321.0 190.0 331.0 223.0
273.0 443.0 287.0 481.0
131.0 453.0 144.0 496.0
199.0 235.0 209.0 273.0
114.0 141.0 125.0 178.0
122.0 239.0 133.0 276.0
297.0 190.0 305.0 224.0
282.0 496.0 297.0 537.0
235.0 272.0 246.0 307.0
227.0 494.0 240.0 534.0
281.0 495.0 296.0 537.0
212.0 64.0 220.0 102.0
317.0 294.0 329.0 331.0
114.0 140.0 125.0 178.0
166.0 183.0 175.0 223.0
316.0 319.0 327.0 354.0
318.0 293.0 329.0 331.0
315.0 320.0 327.0 354.0
164.0 183.0 174.0 222.0
165.0 184.0 175.0 223.0
220.0 187.0 229.0 224.0
147.0 219.0 157.0 258.0
372.0 214.0 381.0 240.0
332.0 316.0 346.0 353.0
234.0 272.0 244.0 306.0
318.0 296.0 329.0 331.0
186.0 150.0 196.0 185.0
164.0 184.0 174.0 222.0
373.0 130.0 380.0 162.0
79.0 150.0 92.0 192.0
314.0 317.0 327.0 353.0
318.0 294.0 329.0 331.0
165.0 182.0 175.0 221.0
322.0 189.0 331.0 222.0
235.0 273.0 246.0 307.0
95.0 495.0 106.0 533.0
123.0 238.0 133.0 276.0
199.0 234.0 209.0 273.0
316.0 320.0 327.0 354.0
115.0 141.0 125.0 178.0
93.0 494.0 106.0 533.0
317.0 296.0 329.0 331.0
193.0 325.0 205.0 360.0
373.0 132.0 380.0 162.0
105.0 449.0 114.0 492.0
94.0 495.0 106.0 533.0
146.0 219.0 157.0 258.0
147.0 218.0 157.0 258.0
95.0 493.0 106.0 533.0
372.0 215.0 381.0 242.0
125.0 487.0 138.0 529.0
95.0 494.0 106.0 533.0
94.0 494.0 106.0 533.0
194.0 325.0 205.0 360.0
104.0 449.0 114.0 492.0
185.0 150.0 196.0 185.0
322.0 190.0 331.0 223.0
297.0 191.0 305.0 224.0
296.0 191.0 305.0 224.0
145.0 219.0 156.0 257.0
122.0 240.0 133.0 276.0
121.0 238.0 133.0 276.0
233.0 273.0 244.0 306.0
373.0 131.0 380.0 162.0
114.0 142.0 125.0 178.0
233.0 274.0 246.0 307.0
212.0 65.0 220.0 102.0
322.0 191.0 331.0 223.0
245.0 461.0 257.0 496.0
192.0 326.0 204.0 360.0
146.0 218.0 156.0 257.0
165.0 183.0 175.0 221.0
94.0 493.0 106.0 533.0
298.0 191.0 305.0 224.0
121.0 239.0 133.0 276.0
323.0 190.0 331.0 223.0
104.0 447.0 114.0 492.0
323.0 188.0 331.0 222.0
8.0 522.0 17.0 570.0
105.0 447.0 114.0 492.0
93.0 493.0 106.0 533.0
280.0 496.0 296.0 537.0
126.0 487.0 138.0 529.0
144.0 279.0 156.0 314.0
372.0 216.0 381.0 242.0
126.0 486.0 138.0 529.0
121.0 240.0 132.0 278.0
244.0 462.0 257.0 496.0
332.0 315.0 346.0 353.0
203.0 159.0 214.0 198.0
213.0 64.0 220.0 100.0
193.0 326.0 204.0 360.0
105.0 448.0 114.0 492.0
104.0 448.0 114.0 492.0
323.0 189.0 331.0 222.0
282.0 497.0 297.0 537.0
127.0 516.0 141.0 564.0
373.0 215.0 382.0 241.0
213.0 63.0 220.0 100.0
446.0 283.0 458.0 311.0
203.0 160.0 214.0 198.0
126.0 516.0 141.0 564.0
446.0 282.0 458.0 311.0
446.0 281.0 458.0 311.0
460.0 132.0 465.0 166.0
143.0 278.0 156.0 314.0
142.0 278.0 156.0 314.0
323.0 191.0 331.0 223.0
115.0 142.0 125.0 178.0
203.0 158.0 214.0 198.0
374.0 131.0 380.0 162.0
144.0 280.0 156.0 314.0
103.0 448.0 114.0 492.0
143.0 277.0 156.0 314.0
297.0 192.0 305.0 224.0
327.0 204.0 337.0 236.0
459.0 132.0 465.0 166.0
244.0 537.0 261.0 587.0
24.0 471.0 34.0 509.0
8.0 521.0 17.0 570.0
296.0 192.0 305.0 224.0
25.0 472.0 35.0 510.0
213.0 65.0 220.0 102.0
297.0 193.0 305.0 224.0
280.0 497.0 296.0 537.0
47.0 484.0 60.0 524.0
298.0 192.0 305.0 224.0
6.0 520.0 17.0 570.0
281.0 497.0 297.0 537.0
203.0 137.0 212.0 171.0
6.0 521.0 17.0 570.0
445.0 282.0 458.0 311.0
203.0 138.0 212.0 171.0
44.0 453.0 54.0 492.0
142.0 279.0 156.0 314.0
143.0 279.0 156.0 314.0
7.0 521.0 17.0 570.0
445.0 283.0 458.0 311.0
282.0 498.0 297.0 537.0
24.0 470.0 34.0 509.0
143.0 280.0 156.0 314.0
7.0 520.0 17.0 570.0
459.0 131.0 465.0 165.0
460.0 131.0 465.0 165.0
296.0 193.0 305.0 224.0
203.0 136.0 212.0 171.0
332.0 314.0 346.0 353.0
204.0 137.0 212.0 171.0
24.0 473.0 35.0 510.0
6.0 522.0 17.0 570.0
281.0 498.0 297.0 537.0
24.0 472.0 35.0 510.0
47.0 485.0 60.0 524.0
204.0 138.0 212.0 171.0
45.0 453.0 54.0 492.0
7.0 522.0 17.0 570.0
36.0 192.0 48.0 237.0
298.0 193.0 305.0 224.0
204.0 139.0 212.0 171.0
44.0 454.0 55.0 492.0
461.0 131.0 465.0 165.0
23.0 471.0 34.0 509.0
438.0 148.0 445.0 178.0
437.0 150.0 445.0 178.0
36.0 193.0 48.0 237.0
35.0 192.0 48.0 237.0
59.0 544.0 68.0 583.0
445.0 281.0 458.0 311.0
177.0 519.0 191.0 568.0
20.0 442.0 30.0 483.0
45.0 454.0 55.0 492.0
36.0 194.0 48.0 237.0
437.0 149.0 445.0 178.0
204.0 136.0 212.0 171.0
42.0 544.0 52.0 588.0
374.0 132.0 380.0 162.0
35.0 193.0 48.0 237.0
444.0 282.0 458.0 311.0
23.0 472.0 34.0 509.0
34.0 192.0 48.0 237.0
48.0 486.0 60.0 524.0
281.0 499.0 297.0 537.0
460.0 130.0 465.0 165.0
35.0 194.0 48.0 237.0
202.0 137.0 212.0 171.0
178.0 519.0 192.0 568.0
37.0 193.0 48.0 237.0
82.0 443.0 80.0 487.0
47.0 486.0 60.0 524.0
439.0 149.0 445.0 178.0
22.0 228.0 34.0 269.0
35.0 191.0 45.0 230.0
438.0 149.0 445.0 178.0
444.0 281.0 458.0 311.0
42.0 545.0 52.0 588.0
169.0 472.0 181.0 511.0
44.0 455.0 55.0 492.0
280.0 498.0 297.0 537.0
459.0 130.0 465.0 165.0
177.0 518.0 192.0 568.0
438.0 150.0 445.0 178.0
246.0 209.0 254.0 239.0
439.0 150.0 445.0 178.0
34.0 193.0 48.0 237.0
439.0 151.0 445.0 178.0
178.0 518.0 192.0 568.0
81.0 445.0 80.0 487.0
443.0 282.0 458.0 311.0
45.0 455.0 55.0 492.0
438.0 151.0 445.0 178.0
23.0 230.0 34.0 269.0
177.0 517.0 192.0 568.0
176.0 517.0 192.0 568.0
176.0 518.0 192.0 568.0
82.0 444.0 80.0 487.0
262.0 486.0 279.0 524.0
97.0 523.0 107.0 562.0
21.0 229.0 34.0 269.0
98.0 523.0 107.0 562.0
178.0 517.0 192.0 568.0
226.0 487.0 239.0 531.0
249.0 553.0 261.0 587.0
22.0 229.0 34.0 269.0
291.0 37.0 298.0 81.0
82.0 446.0 80.0 487.0
97.0 524.0 107.0 562.0
248.0 553.0 261.0 587.0
290.0 37.0 298.0 81.0
82.0 445.0 80.0 487.0
249.0 554.0 261.0 587.0
83.0 443.0 80.0 487.0
261.0 486.0 279.0 524.0
98.0 524.0 107.0 562.0
263.0 487.0 279.0 524.0
291.0 36.0 298.0 80.0
83.0 444.0 80.0 487.0
248.0 554.0 261.0 587.0
83.0 445.0 80.0 487.0
262.0 487.0 279.0 524.0
249.0 555.0 261.0 587.0
263.0 488.0 279.0 524.0
90.0 253.0 112.0 293.0
140.0 494.0 141.0 537.0
140.0 495.0 141.0 537.0
261.0 487.0 279.0 524.0
248.0 555.0 261.0 587.0
262.0 488.0 279.0 524.0
184.0 376.0 202.0 405.0
141.0 495.0 141.0 537.0
141.0 494.0 141.0 537.0
89.0 253.0 112.0 293.0
44.0 436.0 55.0 490.0
141.0 493.0 141.0 537.0
43.0 435.0 55.0 490.0
140.0 496.0 141.0 537.0
44.0 434.0 55.0 490.0
45.0 436.0 55.0 490.0
44.0 435.0 55.0 490.0
141.0 496.0 141.0 537.0
45.0 435.0 55.0 490.0
45.0 434.0 55.0 490.0
102.0 134.0 124.0 176.0
102.0 133.0 124.0 176.0
155.0 537.0 175.0 575.0
205.0 447.0 220.0 466.0
205.0 448.0 220.0 466.0
204.0 448.0 220.0 466.0
175.0 54.0 192.0 108.0
175.0 55.0 192.0 108.0
204.0 447.0 220.0 466.0
114.0 602.0 155.0 611.0
350.0 118.0 344.0 139.0
115.0 602.0 155.0 611.0
204.0 449.0 220.0 466.0
320.0 140.0 334.0 190.0
205.0 449.0 220.0 466.0
