353.0 318.0 338.0 320.0
352.0 318.0 338.0 320.0
295.0 327.0 281.0 327.0
294.0 327.0 281.0 327.0
284.0 454.0 265.0 452.0
458.0 48.0 456.0 51.0
459.0 47.0 458.0 51.0
283.0 455.0 264.0 453.0
352.0 317.0 338.0 320.0
306.0 347.0 291.0 347.0
459.0 46.0 457.0 50.0
283.0 454.0 264.0 453.0
260.0 390.0 243.0 388.0
131.0 188.0 123.0 174.0
330.0 315.0 316.0 317.0
175.0 78.0 170.0 63.0
458.0 47.0 456.0 51.0
308.0 348.0 291.0 347.0
132.0 117.0 126.0 102.0
131.0 189.0 123.0 175.0
286.0 346.0 270.0 345.0
301.0 49.0 299.0 40.0
293.0 327.0 281.0 328.0
176.0 78.0 170.0 63.0
307.0 348.0 291.0 347.0
307.0 347.0 291.0 347.0
131.0 190.0 123.0 175.0
285.0 346.0 270.0 345.0
357.0 237.0 347.0 237.0
351.0 317.0 337.0 319.0
329.0 315.0 315.0 316.0
132.0 189.0 123.0 174.0
71.0 326.0 56.0 313.0
181.0 486.0 163.0 475.0
301.0 48.0 299.0 40.0
175.0 77.0 170.0 63.0
306.0 348.0 291.0 347.0
132.0 116.0 126.0 102.0
132.0 188.0 123.0 174.0
118.0 271.0 106.0 259.0
305.0 347.0 291.0 347.0
286.0 347.0 270.0 345.0
118.0 272.0 106.0 259.0
458.0 46.0 457.0 50.0
84.0 212.0 74.0 193.0
132.0 190.0 123.0 175.0
117.0 271.0 106.0 258.0
176.0 79.0 171.0 65.0
358.0 237.0 347.0 237.0
356.0 236.0 347.0 237.0
70.0 327.0 56.0 313.0
248.0 361.0 234.0 358.0
117.0 272.0 106.0 259.0
457.0 48.0 456.0 51.0
84.0 210.0 74.0 193.0
113.0 390.0 97.0 383.0
271.0 559.0 251.0 555.0
328.0 315.0 315.0 316.0
377.0 64.0 373.0 63.0
208.0 178.0 201.0 169.0
84.0 211.0 74.0 193.0
358.0 236.0 347.0 237.0
85.0 211.0 74.0 193.0
458.0 45.0 456.0 50.0
249.0 361.0 234.0 358.0
241.0 259.0 230.0 256.0
392.0 327.0 377.0 332.0
249.0 362.0 234.0 358.0
85.0 212.0 74.0 193.0
285.0 347.0 270.0 345.0
376.0 64.0 373.0 63.0
71.0 328.0 56.0 313.0
359.0 236.0 347.0 237.0
182.0 486.0 164.0 474.0
426.0 239.0 414.0 245.0
459.0 45.0 457.0 50.0
256.0 109.0 250.0 99.0
141.0 219.0 131.0 205.0
250.0 130.0 244.0 123.0
302.0 48.0 299.0 40.0
359.0 237.0 347.0 237.0
305.0 348.0 291.0 347.0
71.0 327.0 56.0 313.0
393.0 326.0 377.0 332.0
340.0 279.0 328.0 281.0
117.0 270.0 106.0 258.0
241.0 258.0 230.0 256.0
357.0 236.0 347.0 237.0
340.0 280.0 327.0 281.0
248.0 362.0 233.0 359.0
269.0 293.0 255.0 292.0
208.0 177.0 202.0 169.0
85.0 209.0 76.0 191.0
394.0 138.0 388.0 139.0
85.0 210.0 74.0 193.0
302.0 47.0 299.0 40.0
178.0 138.0 171.0 124.0
209.0 177.0 202.0 169.0
178.0 173.0 170.0 160.0
426.0 240.0 414.0 246.0
178.0 137.0 171.0 124.0
178.0 136.0 171.0 124.0
142.0 388.0 126.0 382.0
249.0 129.0 243.0 122.0
377.0 341.0 363.0 345.0
249.0 130.0 243.0 123.0
313.0 207.0 303.0 205.0
237.0 95.0 233.0 85.0
373.0 118.0 367.0 119.0
392.0 328.0 377.0 332.0
425.0 240.0 414.0 246.0
393.0 327.0 377.0 332.0
393.0 138.0 388.0 139.0
425.0 239.0 414.0 245.0
313.0 206.0 304.0 205.0
209.0 178.0 201.0 169.0
378.0 341.0 364.0 345.0
301.0 47.0 299.0 40.0
175.0 76.0 170.0 63.0
373.0 119.0 367.0 119.0
130.0 189.0 123.0 175.0
86.0 211.0 75.0 194.0
237.0 96.0 233.0 85.0
269.0 294.0 255.0 293.0
157.0 252.0 146.0 240.0
365.0 143.0 358.0 142.0
86.0 210.0 75.0 194.0
350.0 317.0 337.0 319.0
251.0 129.0 243.0 122.0
417.0 53.0 416.0 53.0
371.0 118.0 367.0 119.0
130.0 188.0 123.0 174.0
417.0 52.0 416.0 53.0
178.0 172.0 170.0 160.0
372.0 118.0 367.0 119.0
143.0 388.0 126.0 382.0
416.0 53.0 415.0 54.0
224.0 74.0 220.0 62.0
181.0 487.0 163.0 475.0
316.0 170.0 308.0 166.0
364.0 142.0 358.0 142.0
372.0 119.0 367.0 119.0
250.0 129.0 243.0 122.0
201.0 258.0 189.0 251.0
364.0 143.0 358.0 142.0
179.0 137.0 171.0 124.0
261.0 151.0 254.0 145.0
224.0 73.0 220.0 60.0
418.0 52.0 416.0 53.0
140.0 219.0 131.0 204.0
81.0 235.0 69.0 219.0
315.0 170.0 308.0 166.0
157.0 251.0 146.0 240.0
238.0 96.0 233.0 85.0
242.0 258.0 230.0 256.0
268.0 293.0 255.0 292.0
312.0 206.0 303.0 205.0
207.0 177.0 200.0 169.0
132.0 310.0 120.0 298.0
371.0 119.0 367.0 119.0
182.0 487.0 164.0 474.0
181.0 488.0 163.0 475.0
179.0 136.0 171.0 124.0
256.0 108.0 250.0 99.0
143.0 389.0 126.0 382.0
81.0 234.0 69.0 219.0
270.0 208.0 258.0 203.0
316.0 169.0 308.0 166.0
223.0 73.0 220.0 60.0
311.0 206.0 303.0 205.0
315.0 169.0 308.0 166.0
312.0 207.0 303.0 205.0
226.0 301.0 212.0 296.0
427.0 240.0 415.0 246.0
400.0 246.0 389.0 251.0
447.0 85.0 443.0 92.0
338.0 576.0 322.0 563.0
365.0 142.0 358.0 142.0
340.0 576.0 323.0 563.0
223.0 74.0 220.0 62.0
142.0 389.0 126.0 382.0
236.0 95.0 233.0 85.0
447.0 84.0 443.0 92.0
237.0 94.0 233.0 85.0
271.0 208.0 258.0 203.0
113.0 314.0 99.0 297.0
416.0 52.0 416.0 53.0
339.0 576.0 322.0 563.0
133.0 310.0 120.0 298.0
207.0 176.0 200.0 167.0
241.0 257.0 228.0 255.0
418.0 53.0 416.0 53.0
257.0 222.0 247.0 216.0
312.0 208.0 303.0 205.0
283.0 123.0 275.0 118.0
417.0 51.0 416.0 52.0
399.0 107.0 395.0 108.0
224.0 72.0 220.0 60.0
179.0 138.0 172.0 125.0
317.0 169.0 309.0 166.0
299.0 264.0 286.0 264.0
268.0 294.0 255.0 292.0
257.0 108.0 250.0 99.0
282.0 124.0 275.0 118.0
238.0 95.0 233.0 85.0
141.0 389.0 126.0 382.0
317.0 170.0 308.0 166.0
370.0 118.0 367.0 119.0
298.0 265.0 285.0 265.0
341.0 577.0 323.0 563.0
297.0 264.0 286.0 264.0
133.0 311.0 120.0 298.0
269.0 30.0 270.0 19.0
338.0 577.0 322.0 563.0
283.0 124.0 275.0 118.0
298.0 264.0 286.0 264.0
346.0 152.0 339.0 152.0
418.0 51.0 416.0 53.0
370.0 119.0 367.0 119.0
311.0 207.0 303.0 205.0
477.0 83.0 473.0 91.0
249.0 128.0 243.0 122.0
228.0 326.0 214.0 322.0
154.0 82.0 147.0 67.0
190.0 394.0 175.0 389.0
114.0 390.0 97.0 383.0
255.0 65.0 250.0 54.0
156.0 252.0 146.0 240.0
225.0 301.0 211.0 296.0
208.0 176.0 202.0 169.0
476.0 83.0 473.0 91.0
281.0 124.0 275.0 118.0
267.0 119.0 260.0 112.0
225.0 302.0 211.0 296.0
476.0 84.0 473.0 91.0
272.0 209.0 259.0 203.0
282.0 123.0 275.0 118.0
131.0 311.0 120.0 298.0
229.0 326.0 214.0 322.0
340.0 577.0 323.0 563.0
281.0 123.0 275.0 118.0
410.0 220.0 398.0 225.0
156.0 251.0 146.0 240.0
182.0 488.0 164.0 474.0
297.0 265.0 286.0 264.0
250.0 128.0 243.0 122.0
267.0 293.0 255.0 292.0
339.0 577.0 323.0 563.0
218.0 227.0 206.0 222.0
257.0 109.0 250.0 99.0
477.0 84.0 473.0 91.0
219.0 228.0 207.0 223.0
153.0 82.0 147.0 67.0
268.0 30.0 270.0 19.0
217.0 96.0 210.0 88.0
254.0 65.0 250.0 54.0
272.0 208.0 259.0 202.0
217.0 98.0 211.0 89.0
226.0 302.0 211.0 296.0
218.0 97.0 211.0 89.0
132.0 311.0 120.0 298.0
399.0 247.0 389.0 251.0
448.0 85.0 443.0 92.0
255.0 64.0 250.0 53.0
399.0 246.0 389.0 251.0
218.0 96.0 210.0 88.0
223.0 72.0 220.0 60.0
269.0 29.0 270.0 19.0
257.0 107.0 250.0 99.0
398.0 106.0 395.0 108.0
267.0 30.0 270.0 19.0
193.0 294.0 181.0 289.0
218.0 228.0 206.0 222.0
448.0 84.0 443.0 92.0
266.0 30.0 270.0 19.0
254.0 64.0 250.0 53.0
398.0 107.0 394.0 108.0
398.0 108.0 394.0 109.0
217.0 227.0 206.0 222.0
397.0 107.0 394.0 108.0
152.0 82.0 147.0 67.0
229.0 327.0 215.0 322.0
267.0 28.0 269.0 18.0
410.0 219.0 398.0 225.0
255.0 82.0 250.0 72.0
189.0 394.0 175.0 389.0
216.0 98.0 210.0 88.0
113.0 315.0 99.0 297.0
217.0 97.0 210.0 88.0
256.0 107.0 250.0 99.0
409.0 219.0 398.0 225.0
254.0 63.0 250.0 53.0
268.0 29.0 270.0 19.0
238.0 42.0 236.0 30.0
267.0 29.0 269.0 18.0
266.0 118.0 260.0 111.0
254.0 82.0 250.0 72.0
273.0 105.0 269.0 97.0
350.0 168.0 344.0 168.0
245.0 153.0 238.0 145.0
351.0 168.0 344.0 168.0
194.0 294.0 182.0 289.0
253.0 65.0 250.0 54.0
229.0 328.0 215.0 323.0
247.0 153.0 240.0 145.0
228.0 327.0 214.0 322.0
274.0 105.0 270.0 97.0
237.0 40.0 235.0 28.0
351.0 169.0 344.0 168.0
238.0 41.0 236.0 30.0
217.0 228.0 206.0 222.0
216.0 96.0 210.0 88.0
266.0 29.0 269.0 18.0
237.0 42.0 236.0 29.0
246.0 153.0 240.0 145.0
239.0 41.0 236.0 30.0
350.0 169.0 344.0 168.0
266.0 120.0 260.0 112.0
152.0 81.0 146.0 67.0
237.0 41.0 236.0 29.0
238.0 40.0 235.0 28.0
216.0 97.0 210.0 88.0
266.0 119.0 260.0 112.0
42.0 385.0 26.0 374.0
259.0 189.0 250.0 183.0
246.0 151.0 239.0 145.0
153.0 81.0 147.0 67.0
195.0 294.0 182.0 289.0
41.0 386.0 26.0 374.0
185.0 59.0 181.0 43.0
186.0 59.0 181.0 43.0
253.0 64.0 250.0 53.0
259.0 188.0 250.0 183.0
230.0 327.0 215.0 323.0
275.0 542.0 251.0 555.0
199.0 47.0 195.0 34.0
42.0 386.0 26.0 374.0
113.0 316.0 99.0 297.0
194.0 293.0 182.0 289.0
221.0 286.0 204.0 279.0
43.0 385.0 27.0 374.0
217.0 95.0 210.0 88.0
154.0 81.0 147.0 67.0
247.0 152.0 240.0 145.0
246.0 152.0 239.0 145.0
247.0 151.0 239.0 145.0
171.0 26.0 170.0 8.0
186.0 58.0 181.0 43.0
273.0 104.0 269.0 97.0
260.0 188.0 250.0 183.0
193.0 293.0 181.0 289.0
43.0 386.0 27.0 374.0
185.0 58.0 181.0 43.0
274.0 104.0 270.0 97.0
172.0 26.0 170.0 8.0
198.0 47.0 195.0 34.0
172.0 25.0 170.0 8.0
216.0 95.0 210.0 88.0
198.0 48.0 195.0 34.0
173.0 23.0 170.0 8.0
171.0 25.0 170.0 8.0
173.0 25.0 170.0 9.0
199.0 48.0 195.0 34.0
222.0 286.0 204.0 279.0
221.0 285.0 204.0 279.0
197.0 48.0 195.0 34.0
172.0 24.0 170.0 8.0
43.0 387.0 27.0 374.0
111.0 335.0 97.0 329.0
42.0 387.0 26.0 374.0
171.0 24.0 169.0 7.0
41.0 387.0 26.0 374.0
61.0 389.0 44.0 380.0
172.0 23.0 170.0 8.0
173.0 24.0 170.0 8.0
197.0 47.0 194.0 34.0
185.0 470.0 163.0 473.0
222.0 285.0 204.0 279.0
179.0 453.0 163.0 436.0
109.0 65.0 104.0 45.0
60.0 389.0 44.0 380.0
185.0 469.0 163.0 473.0
111.0 334.0 97.0 329.0
198.0 49.0 195.0 34.0
184.0 470.0 163.0 473.0
62.0 389.0 44.0 380.0
191.0 449.0 164.0 435.0
179.0 454.0 163.0 436.0
61.0 390.0 44.0 380.0
223.0 286.0 204.0 279.0
62.0 390.0 44.0 380.0
61.0 391.0 44.0 380.0
111.0 333.0 97.0 329.0
63.0 389.0 44.0 380.0
63.0 390.0 44.0 380.0
186.0 16.0 171.0 7.0
77.0 331.0 56.0 313.0
62.0 391.0 44.0 380.0
223.0 285.0 204.0 279.0
169.0 340.0 152.0 344.0
463.0 87.0 470.0 106.0
63.0 391.0 44.0 380.0
463.0 100.0 470.0 106.0
290.0 514.0 282.0 518.0
164.0 532.0 154.0 524.0
187.0 15.0 171.0 7.0
77.0 332.0 56.0 313.0
164.0 531.0 154.0 525.0
163.0 533.0 154.0 524.0
168.0 339.0 152.0 344.0
286.0 524.0 251.0 555.0
462.0 100.0 470.0 106.0
387.0 186.0 370.0 201.0
204.0 139.0 202.0 114.0
289.0 514.0 282.0 518.0
204.0 140.0 202.0 114.0
382.0 347.0 364.0 345.0
297.0 303.0 276.0 289.0
169.0 339.0 152.0 344.0
203.0 139.0 202.0 114.0
163.0 532.0 154.0 524.0
298.0 303.0 276.0 289.0
314.0 329.0 282.0 327.0
169.0 338.0 152.0 344.0
