213.0 387.0 230.0 414.0
214.0 388.0 231.0 415.0
231.0 392.0 246.0 419.0
230.0 393.0 246.0 420.0
231.0 391.0 246.0 419.0
213.0 388.0 230.0 415.0
213.0 389.0 230.0 415.0
214.0 389.0 231.0 415.0
212.0 387.0 230.0 414.0
231.0 394.0 246.0 420.0
231.0 393.0 246.0 420.0
232.0 393.0 246.0 420.0
230.0 392.0 245.0 420.0
230.0 391.0 246.0 419.0
150.0 207.0 165.0 236.0
150.0 208.0 165.0 236.0
232.0 392.0 246.0 419.0
212.0 388.0 230.0 414.0
222.0 228.0 236.0 256.0
149.0 207.0 165.0 236.0
302.0 109.0 314.0 134.0
302.0 110.0 314.0 134.0
222.0 230.0 236.0 256.0
301.0 109.0 314.0 134.0
228.0 136.0 242.0 164.0
301.0 108.0 314.0 134.0
302.0 108.0 314.0 134.0
229.0 137.0 242.0 164.0
227.0 268.0 239.0 291.0
150.0 209.0 165.0 236.0
149.0 206.0 165.0 236.0
228.0 137.0 242.0 164.0
164.0 339.0 179.0 368.0
184.0 256.0 196.0 283.0
302.0 107.0 314.0 134.0
64.0 525.0 76.0 558.0
243.0 122.0 257.0 145.0
229.0 138.0 242.0 164.0
150.0 206.0 165.0 235.0
314.0 157.0 325.0 179.0
164.0 338.0 179.0 368.0
227.0 267.0 239.0 291.0
218.0 305.0 236.0 335.0
338.0 383.0 361.0 409.0
65.0 526.0 76.0 560.0
164.0 340.0 179.0 368.0
228.0 138.0 242.0 164.0
338.0 382.0 361.0 409.0
337.0 381.0 361.0 409.0
149.0 205.0 165.0 235.0
65.0 525.0 75.0 557.0
184.0 255.0 196.0 283.0
185.0 255.0 196.0 283.0
184.0 257.0 196.0 283.0
314.0 156.0 325.0 179.0
303.0 110.0 314.0 134.0
244.0 123.0 257.0 145.0
337.0 361.0 355.0 387.0
185.0 256.0 196.0 283.0
337.0 360.0 355.0 386.0
183.0 255.0 196.0 283.0
217.0 306.0 236.0 335.0
227.0 269.0 239.0 291.0
144.0 307.0 159.0 333.0
185.0 254.0 195.0 283.0
243.0 123.0 257.0 145.0
338.0 246.0 357.0 270.0
185.0 532.0 197.0 564.0
337.0 383.0 361.0 409.0
315.0 157.0 325.0 179.0
169.0 217.0 180.0 244.0
145.0 307.0 159.0 333.0
339.0 247.0 357.0 270.0
303.0 109.0 314.0 134.0
183.0 256.0 196.0 283.0
337.0 248.0 352.0 273.0
228.0 268.0 239.0 291.0
143.0 308.0 159.0 333.0
345.0 262.0 364.0 286.0
184.0 254.0 195.0 283.0
338.0 361.0 355.0 387.0
336.0 381.0 361.0 409.0
143.0 307.0 159.0 333.0
183.0 254.0 195.0 283.0
337.0 382.0 361.0 409.0
345.0 261.0 364.0 286.0
303.0 108.0 314.0 134.0
184.0 533.0 197.0 564.0
218.0 303.0 236.0 335.0
144.0 308.0 159.0 333.0
65.0 524.0 75.0 557.0
217.0 305.0 236.0 335.0
338.0 362.0 355.0 387.0
163.0 338.0 179.0 368.0
344.0 261.0 363.0 286.0
315.0 156.0 325.0 179.0
184.0 253.0 195.0 283.0
185.0 533.0 197.0 564.0
243.0 124.0 257.0 145.0
336.0 382.0 361.0 409.0
163.0 339.0 179.0 368.0
339.0 359.0 355.0 386.0
218.0 304.0 236.0 335.0
337.0 246.0 352.0 273.0
338.0 360.0 355.0 386.0
262.0 270.0 275.0 292.0
228.0 267.0 239.0 291.0
336.0 383.0 361.0 409.0
121.0 256.0 132.0 281.0
66.0 525.0 75.0 557.0
316.0 157.0 325.0 179.0
121.0 257.0 133.0 282.0
244.0 124.0 257.0 145.0
338.0 247.0 357.0 270.0
228.0 269.0 239.0 291.0
203.0 213.0 220.0 240.0
338.0 359.0 355.0 386.0
217.0 303.0 236.0 335.0
217.0 304.0 236.0 335.0
59.0 306.0 76.0 333.0
229.0 268.0 239.0 291.0
66.0 526.0 76.0 559.0
338.0 248.0 352.0 273.0
291.0 49.0 302.0 75.0
291.0 48.0 302.0 75.0
339.0 360.0 355.0 386.0
388.0 187.0 405.0 207.0
337.0 247.0 352.0 273.0
202.0 212.0 220.0 240.0
167.0 286.0 179.0 314.0
339.0 361.0 355.0 387.0
353.0 243.0 372.0 264.0
163.0 340.0 179.0 368.0
145.0 308.0 159.0 333.0
122.0 256.0 133.0 282.0
182.0 401.0 200.0 430.0
263.0 270.0 275.0 292.0
344.0 262.0 363.0 286.0
186.0 299.0 200.0 326.0
202.0 213.0 220.0 240.0
44.0 541.0 58.0 576.0
377.0 15.0 393.0 40.0
124.0 529.0 132.0 561.0
124.0 528.0 132.0 561.0
123.0 528.0 132.0 561.0
316.0 156.0 325.0 178.0
339.0 362.0 355.0 387.0
263.0 271.0 275.0 292.0
123.0 529.0 132.0 561.0
182.0 402.0 200.0 430.0
378.0 14.0 393.0 38.0
162.0 339.0 179.0 368.0
378.0 15.0 393.0 40.0
66.0 524.0 75.0 557.0
185.0 299.0 200.0 326.0
166.0 287.0 179.0 314.0
143.0 309.0 159.0 333.0
387.0 186.0 405.0 207.0
58.0 305.0 75.0 334.0
59.0 305.0 76.0 333.0
166.0 288.0 179.0 314.0
387.0 187.0 405.0 207.0
145.0 309.0 159.0 333.0
337.0 197.0 352.0 221.0
185.0 298.0 200.0 326.0
377.0 14.0 393.0 38.0
167.0 287.0 179.0 314.0
386.0 187.0 405.0 207.0
144.0 309.0 159.0 333.0
184.0 299.0 200.0 326.0
124.0 527.0 132.0 561.0
386.0 186.0 405.0 207.0
211.0 66.0 221.0 98.0
255.0 78.0 273.0 107.0
184.0 298.0 200.0 326.0
125.0 529.0 132.0 561.0
45.0 540.0 58.0 576.0
253.0 332.0 274.0 359.0
377.0 13.0 393.0 38.0
167.0 288.0 179.0 314.0
388.0 188.0 405.0 207.0
168.0 288.0 179.0 314.0
211.0 65.0 221.0 98.0
30.0 296.0 47.0 326.0
387.0 188.0 405.0 207.0
168.0 287.0 179.0 314.0
44.0 540.0 58.0 576.0
378.0 13.0 393.0 38.0
45.0 539.0 59.0 575.0
377.0 12.0 393.0 38.0
122.0 257.0 134.0 281.0
339.0 217.0 356.0 237.0
67.0 553.0 83.0 588.0
5.0 518.0 20.0 555.0
5.0 519.0 20.0 555.0
243.0 538.0 265.0 574.0
376.0 13.0 393.0 38.0
4.0 519.0 20.0 555.0
243.0 537.0 265.0 572.0
144.0 310.0 159.0 333.0
337.0 198.0 352.0 221.0
125.0 528.0 132.0 561.0
5.0 520.0 20.0 555.0
336.0 197.0 351.0 221.0
4.0 520.0 20.0 555.0
167.0 289.0 179.0 314.0
336.0 198.0 352.0 221.0
5.0 521.0 20.0 555.0
67.0 552.0 83.0 588.0
44.0 539.0 58.0 576.0
378.0 12.0 393.0 38.0
168.0 289.0 179.0 314.0
253.0 333.0 274.0 359.0
165.0 303.0 177.0 336.0
44.0 538.0 59.0 575.0
43.0 540.0 58.0 576.0
337.0 199.0 352.0 221.0
43.0 539.0 58.0 576.0
254.0 333.0 274.0 359.0
115.0 566.0 128.0 601.0
431.0 259.0 445.0 272.0
43.0 538.0 58.0 576.0
242.0 538.0 265.0 572.0
114.0 566.0 128.0 601.0
252.0 332.0 274.0 359.0
336.0 199.0 352.0 221.0
113.0 566.0 128.0 601.0
115.0 567.0 128.0 601.0
114.0 565.0 128.0 601.0
114.0 567.0 128.0 601.0
283.0 61.0 302.0 75.0
252.0 333.0 274.0 359.0
253.0 334.0 274.0 359.0
252.0 334.0 274.0 359.0
282.0 62.0 302.0 75.0
94.0 528.0 95.0 560.0
165.0 302.0 177.0 336.0
95.0 528.0 95.0 560.0
115.0 565.0 128.0 601.0
320.0 9.0 355.0 8.0
282.0 61.0 302.0 75.0
274.0 291.0 292.0 308.0
275.0 272.0 292.0 308.0
19.0 344.0 27.0 367.0
268.0 529.0 284.0 555.0
15.0 398.0 30.0 429.0
19.0 343.0 27.0 367.0
276.0 272.0 292.0 308.0
463.0 221.0 467.0 223.0
452.0 204.0 468.0 222.0
16.0 401.0 31.0 430.0
452.0 203.0 468.0 222.0
16.0 400.0 30.0 429.0
452.0 205.0 468.0 222.0
274.0 272.0 292.0 308.0
15.0 399.0 30.0 429.0
14.0 398.0 14.0 423.0
451.0 204.0 468.0 222.0
15.0 400.0 30.0 429.0
463.0 222.0 467.0 223.0
453.0 204.0 468.0 222.0
453.0 205.0 468.0 222.0
268.0 530.0 284.0 555.0
15.0 401.0 31.0 430.0
16.0 399.0 30.0 429.0
20.0 343.0 27.0 367.0
24.0 9.0 43.0 44.0
14.0 400.0 14.0 423.0
14.0 399.0 14.0 423.0
464.0 222.0 467.0 223.0
25.0 10.0 43.0 44.0
13.0 399.0 14.0 423.0
14.0 401.0 14.0 423.0
25.0 9.0 43.0 44.0
26.0 10.0 43.0 44.0
20.0 344.0 27.0 367.0
15.0 488.0 28.0 527.0
269.0 529.0 284.0 555.0
26.0 8.0 43.0 44.0
25.0 8.0 43.0 44.0
26.0 9.0 43.0 44.0
454.0 204.0 468.0 222.0
453.0 203.0 468.0 222.0
430.0 241.0 444.0 253.0
13.0 400.0 14.0 423.0
269.0 530.0 284.0 555.0
463.0 223.0 467.0 223.0
474.0 197.0 468.0 222.0
154.0 582.0 171.0 615.0
253.0 573.0 268.0 606.0
22.0 314.0 19.0 329.0
319.0 138.0 342.0 170.0
153.0 583.0 171.0 615.0
294.0 57.0 302.0 75.0
319.0 139.0 342.0 170.0
100.0 608.0 129.0 627.0
294.0 56.0 302.0 75.0
