111.0 179.0 111.0 178.0
81.0 253.0 80.0 253.0
81.0 252.0 80.0 252.0
112.0 179.0 112.0 179.0
358.0 277.0 358.0 288.0
112.0 180.0 112.0 179.0
82.0 252.0 81.0 253.0
176.0 236.0 175.0 238.0
82.0 253.0 80.0 253.0
357.0 276.0 358.0 289.0
92.0 160.0 92.0 159.0
357.0 260.0 358.0 272.0
128.0 247.0 127.0 248.0
404.0 379.0 402.0 392.0
159.0 624.0 152.0 625.0
358.0 276.0 359.0 289.0
130.0 427.0 127.0 431.0
58.0 67.0 61.0 64.0
59.0 67.0 61.0 64.0
315.0 305.0 315.0 315.0
420.0 200.0 421.0 211.0
358.0 260.0 359.0 272.0
418.0 200.0 420.0 212.0
419.0 200.0 421.0 212.0
420.0 199.0 421.0 211.0
176.0 235.0 175.0 238.0
51.0 426.0 48.0 427.0
358.0 259.0 359.0 271.0
359.0 276.0 359.0 288.0
160.0 623.0 152.0 625.0
403.0 379.0 401.0 392.0
419.0 199.0 421.0 211.0
176.0 237.0 175.0 238.0
113.0 180.0 112.0 179.0
316.0 305.0 315.0 315.0
357.0 259.0 358.0 272.0
145.0 241.0 144.0 243.0
123.0 224.0 123.0 225.0
92.0 159.0 92.0 159.0
137.0 298.0 136.0 300.0
51.0 425.0 48.0 427.0
124.0 224.0 124.0 225.0
128.0 246.0 128.0 248.0
330.0 244.0 332.0 254.0
191.0 528.0 185.0 531.0
403.0 381.0 401.0 394.0
190.0 528.0 185.0 531.0
49.0 16.0 51.0 13.0
130.0 426.0 127.0 431.0
145.0 242.0 144.0 243.0
87.0 226.0 88.0 227.0
160.0 624.0 152.0 625.0
230.0 74.0 234.0 77.0
175.0 237.0 174.0 239.0
124.0 225.0 124.0 225.0
387.0 398.0 385.0 411.0
281.0 301.0 281.0 308.0
52.0 425.0 48.0 427.0
146.0 283.0 145.0 284.0
230.0 73.0 234.0 77.0
194.0 76.0 197.0 77.0
404.0 380.0 401.0 392.0
23.0 312.0 22.0 309.0
147.0 282.0 145.0 284.0
191.0 527.0 185.0 531.0
131.0 426.0 127.0 431.0
52.0 426.0 48.0 427.0
145.0 282.0 145.0 284.0
194.0 422.0 190.0 427.0
193.0 76.0 196.0 77.0
386.0 399.0 385.0 411.0
142.0 345.0 140.0 348.0
130.0 596.0 123.0 597.0
403.0 380.0 401.0 394.0
331.0 244.0 332.0 254.0
418.0 199.0 420.0 212.0
194.0 423.0 190.0 427.0
192.0 122.0 195.0 124.0
146.0 282.0 145.0 284.0
170.0 340.0 168.0 343.0
192.0 76.0 196.0 77.0
229.0 74.0 234.0 77.0
171.0 341.0 168.0 344.0
192.0 121.0 195.0 124.0
138.0 297.0 136.0 300.0
66.0 168.0 66.0 168.0
193.0 75.0 197.0 77.0
223.0 371.0 220.0 377.0
190.0 527.0 185.0 531.0
192.0 120.0 195.0 124.0
166.0 186.0 166.0 188.0
282.0 301.0 281.0 308.0
129.0 316.0 127.0 318.0
231.0 74.0 234.0 77.0
363.0 425.0 359.0 438.0
316.0 306.0 315.0 315.0
138.0 298.0 136.0 300.0
194.0 421.0 190.0 427.0
66.0 169.0 66.0 168.0
171.0 340.0 168.0 343.0
170.0 341.0 168.0 343.0
132.0 23.0 137.0 22.0
192.0 75.0 196.0 77.0
67.0 169.0 66.0 167.0
174.0 45.0 177.0 45.0
193.0 120.0 195.0 124.0
173.0 44.0 177.0 45.0
59.0 68.0 61.0 64.0
91.0 116.0 92.0 114.0
208.0 84.0 212.0 85.0
364.0 334.0 364.0 348.0
133.0 22.0 137.0 21.0
146.0 242.0 144.0 243.0
388.0 398.0 385.0 411.0
193.0 195.0 194.0 197.0
331.0 245.0 332.0 254.0
246.0 557.0 239.0 563.0
146.0 281.0 145.0 284.0
174.0 44.0 177.0 45.0
387.0 399.0 385.0 411.0
52.0 252.0 51.0 251.0
363.0 426.0 359.0 438.0
145.0 281.0 145.0 284.0
173.0 45.0 177.0 45.0
189.0 249.0 189.0 251.0
193.0 121.0 195.0 124.0
373.0 320.0 372.0 333.0
195.0 422.0 190.0 427.0
12.0 280.0 10.0 276.0
208.0 85.0 212.0 85.0
334.0 167.0 337.0 176.0
207.0 84.0 212.0 85.0
227.0 340.0 225.0 347.0
142.0 346.0 140.0 348.0
24.0 312.0 22.0 309.0
190.0 248.0 190.0 251.0
142.0 166.0 143.0 167.0
282.0 300.0 281.0 308.0
195.0 423.0 190.0 427.0
192.0 195.0 193.0 197.0
49.0 17.0 51.0 13.0
353.0 237.0 354.0 247.0
50.0 17.0 51.0 13.0
223.0 372.0 220.0 377.0
91.0 115.0 92.0 113.0
228.0 341.0 226.0 347.0
189.0 248.0 189.0 250.0
65.0 168.0 66.0 168.0
34.0 243.0 32.0 240.0
161.0 427.0 157.0 432.0
13.0 279.0 10.0 276.0
191.0 195.0 192.0 197.0
353.0 236.0 354.0 247.0
134.0 23.0 137.0 22.0
334.0 168.0 337.0 177.0
67.0 168.0 66.0 167.0
52.0 194.0 52.0 193.0
228.0 340.0 226.0 347.0
143.0 345.0 140.0 348.0
161.0 426.0 157.0 432.0
247.0 557.0 239.0 563.0
375.0 433.0 371.0 446.0
332.0 606.0 322.0 615.0
281.0 300.0 281.0 308.0
129.0 314.0 127.0 317.0
36.0 405.0 32.0 406.0
364.0 426.0 359.0 437.0
129.0 315.0 127.0 317.0
331.0 606.0 322.0 615.0
58.0 68.0 61.0 64.0
13.0 280.0 10.0 276.0
221.0 273.0 222.0 277.0
246.0 556.0 239.0 563.0
35.0 242.0 32.0 240.0
172.0 44.0 177.0 45.0
133.0 23.0 137.0 22.0
190.0 54.0 194.0 55.0
100.0 361.0 98.0 366.0
124.0 583.0 117.0 586.0
280.0 364.0 276.0 371.0
52.0 253.0 51.0 252.0
132.0 24.0 137.0 22.0
65.0 169.0 66.0 168.0
91.0 117.0 92.0 114.0
49.0 18.0 51.0 13.0
130.0 314.0 127.0 317.0
190.0 55.0 194.0 55.0
207.0 83.0 211.0 85.0
101.0 361.0 98.0 366.0
133.0 24.0 137.0 22.0
125.0 584.0 117.0 586.0
353.0 235.0 354.0 247.0
33.0 242.0 32.0 240.0
33.0 476.0 28.0 477.0
364.0 425.0 360.0 437.0
246.0 380.0 243.0 386.0
193.0 196.0 193.0 198.0
227.0 341.0 225.0 347.0
51.0 252.0 51.0 251.0
34.0 242.0 32.0 240.0
211.0 67.0 214.0 69.0
124.0 223.0 124.0 225.0
17.0 159.0 17.0 155.0
12.0 279.0 10.0 276.0
227.0 342.0 225.0 347.0
31.0 151.0 31.0 149.0
33.0 478.0 28.0 477.0
124.0 584.0 117.0 586.0
90.0 116.0 92.0 114.0
192.0 196.0 193.0 198.0
123.0 278.0 121.0 279.0
102.0 361.0 98.0 366.0
191.0 121.0 195.0 124.0
209.0 84.0 212.0 85.0
222.0 273.0 222.0 277.0
363.0 334.0 364.0 348.0
55.0 373.0 52.0 374.0
375.0 434.0 371.0 446.0
247.0 556.0 239.0 563.0
90.0 115.0 91.0 113.0
55.0 374.0 52.0 375.0
89.0 274.0 85.0 276.0
68.0 274.0 67.0 275.0
193.0 608.0 185.0 613.0
364.0 333.0 364.0 348.0
200.0 103.0 202.0 106.0
59.0 138.0 59.0 134.0
100.0 302.0 99.0 305.0
189.0 55.0 194.0 55.0
53.0 398.0 50.0 399.0
33.0 261.0 30.0 258.0
32.0 261.0 30.0 258.0
279.0 364.0 276.0 371.0
331.0 605.0 322.0 615.0
332.0 605.0 322.0 615.0
33.0 477.0 28.0 477.0
228.0 342.0 225.0 347.0
32.0 260.0 30.0 258.0
143.0 346.0 140.0 348.0
189.0 54.0 193.0 56.0
79.0 464.0 74.0 466.0
112.0 561.0 105.0 563.0
69.0 275.0 67.0 275.0
15.0 245.0 12.0 243.0
32.0 477.0 28.0 477.0
55.0 375.0 52.0 375.0
192.0 609.0 185.0 613.0
33.0 243.0 32.0 240.0
261.0 386.0 258.0 393.0
122.0 39.0 125.0 38.0
33.0 260.0 30.0 258.0
79.0 465.0 74.0 466.0
122.0 278.0 121.0 279.0
282.0 299.0 281.0 308.0
199.0 103.0 202.0 106.0
69.0 453.0 64.0 455.0
49.0 19.0 51.0 13.0
34.0 477.0 28.0 477.0
221.0 272.0 222.0 277.0
58.0 137.0 59.0 134.0
58.0 138.0 59.0 134.0
382.0 244.0 383.0 253.0
144.0 346.0 140.0 348.0
69.0 274.0 67.0 275.0
99.0 539.0 94.0 540.0
32.0 478.0 28.0 477.0
21.0 622.0 32.0 600.0
222.0 272.0 222.0 277.0
181.0 160.0 182.0 164.0
208.0 83.0 211.0 85.0
192.0 608.0 185.0 613.0
143.0 347.0 140.0 348.0
162.0 426.0 158.0 431.0
363.0 333.0 364.0 348.0
381.0 244.0 382.0 253.0
31.0 260.0 30.0 258.0
32.0 259.0 31.0 258.0
35.0 374.0 32.0 375.0
77.0 464.0 74.0 466.0
268.0 344.0 266.0 350.0
54.0 374.0 52.0 375.0
246.0 379.0 243.0 386.0
53.0 399.0 50.0 399.0
332.0 604.0 322.0 615.0
262.0 387.0 259.0 392.0
223.0 272.0 222.0 277.0
21.0 623.0 32.0 600.0
223.0 273.0 222.0 277.0
78.0 465.0 74.0 466.0
54.0 375.0 52.0 375.0
200.0 102.0 202.0 106.0
35.0 376.0 32.0 376.0
103.0 444.0 97.0 447.0
261.0 385.0 259.0 392.0
68.0 453.0 64.0 454.0
144.0 324.0 143.0 326.0
78.0 464.0 74.0 466.0
100.0 538.0 95.0 540.0
32.0 151.0 31.0 149.0
37.0 406.0 32.0 406.0
193.0 609.0 185.0 613.0
279.0 363.0 276.0 371.0
100.0 539.0 95.0 540.0
280.0 363.0 276.0 371.0
35.0 375.0 32.0 376.0
331.0 604.0 322.0 615.0
19.0 622.0 12.0 620.0
101.0 539.0 95.0 540.0
53.0 444.0 48.0 446.0
101.0 538.0 95.0 540.0
32.0 152.0 31.0 149.0
113.0 560.0 107.0 562.0
20.0 622.0 32.0 600.0
144.0 345.0 140.0 348.0
36.0 375.0 32.0 376.0
22.0 230.0 21.0 229.0
87.0 552.0 83.0 552.0
36.0 406.0 32.0 406.0
121.0 40.0 125.0 38.0
262.0 386.0 259.0 392.0
61.0 118.0 63.0 115.0
13.0 40.0 13.0 34.0
12.0 40.0 13.0 34.0
144.0 325.0 143.0 326.0
22.0 229.0 21.0 229.0
211.0 66.0 214.0 69.0
113.0 561.0 107.0 562.0
88.0 552.0 83.0 552.0
20.0 623.0 32.0 600.0
34.0 422.0 31.0 421.0
268.0 343.0 266.0 350.0
161.0 365.0 159.0 369.0
209.0 83.0 212.0 85.0
69.0 452.0 64.0 454.0
36.0 374.0 32.0 375.0
12.0 39.0 13.0 34.0
38.0 189.0 38.0 187.0
201.0 102.0 202.0 106.0
54.0 399.0 50.0 400.0
41.0 601.0 32.0 600.0
36.0 376.0 32.0 376.0
21.0 230.0 21.0 229.0
88.0 273.0 85.0 276.0
38.0 190.0 38.0 187.0
40.0 601.0 32.0 600.0
9.0 24.0 10.0 16.0
262.0 385.0 259.0 392.0
8.0 23.0 10.0 16.0
206.0 596.0 198.0 599.0
39.0 358.0 35.0 359.0
11.0 40.0 13.0 34.0
8.0 24.0 10.0 16.0
33.0 151.0 32.0 149.0
200.0 101.0 202.0 106.0
62.0 118.0 63.0 115.0
206.0 595.0 198.0 599.0
95.0 514.0 89.0 515.0
9.0 23.0 10.0 16.0
62.0 119.0 63.0 115.0
40.0 600.0 32.0 600.0
63.0 119.0 63.0 115.0
200.0 286.0 196.0 284.0
205.0 595.0 198.0 599.0
269.0 343.0 266.0 350.0
161.0 364.0 159.0 369.0
37.0 374.0 32.0 375.0
26.0 515.0 20.0 510.0
94.0 515.0 89.0 516.0
59.0 355.0 57.0 358.0
234.0 570.0 226.0 576.0
76.0 83.0 78.0 81.0
233.0 569.0 225.0 576.0
25.0 514.0 20.0 510.0
60.0 355.0 57.0 358.0
54.0 444.0 48.0 446.0
205.0 596.0 198.0 599.0
37.0 375.0 32.0 375.0
94.0 513.0 89.0 515.0
263.0 386.0 259.0 392.0
233.0 570.0 225.0 576.0
63.0 118.0 63.0 115.0
93.0 513.0 87.0 515.0
234.0 569.0 226.0 576.0
20.0 13.0 35.0 18.0
101.0 344.0 98.0 347.0
40.0 358.0 35.0 359.0
41.0 600.0 32.0 600.0
93.0 514.0 87.0 516.0
26.0 516.0 20.0 510.0
33.0 152.0 31.0 149.0
232.0 308.0 230.0 314.0
76.0 84.0 78.0 81.0
132.0 367.0 129.0 374.0
94.0 514.0 87.0 516.0
25.0 515.0 20.0 510.0
54.0 443.0 48.0 446.0
25.0 516.0 20.0 510.0
149.0 136.0 152.0 138.0
162.0 364.0 159.0 369.0
60.0 354.0 57.0 358.0
101.0 343.0 98.0 347.0
102.0 343.0 98.0 347.0
150.0 137.0 152.0 138.0
231.0 308.0 230.0 314.0
76.0 85.0 78.0 81.0
102.0 406.0 99.0 409.0
59.0 354.0 57.0 358.0
77.0 84.0 78.0 81.0
149.0 137.0 151.0 138.0
348.0 612.0 338.0 623.0
232.0 309.0 230.0 314.0
150.0 136.0 152.0 138.0
348.0 613.0 338.0 624.0
347.0 612.0 338.0 623.0
201.0 286.0 196.0 284.0
102.0 405.0 99.0 409.0
163.0 115.0 166.0 115.0
164.0 115.0 166.0 115.0
132.0 366.0 129.0 374.0
104.0 405.0 99.0 409.0
347.0 613.0 338.0 624.0
103.0 405.0 99.0 409.0
360.0 312.0 358.0 317.0
163.0 114.0 166.0 115.0
104.0 406.0 99.0 409.0
103.0 406.0 99.0 409.0
225.0 254.0 225.0 261.0
163.0 116.0 165.0 117.0
9.0 423.0 4.0 423.0
225.0 253.0 225.0 261.0
8.0 423.0 4.0 423.0
8.0 424.0 4.0 423.0
379.0 306.0 379.0 313.0
380.0 306.0 379.0 313.0
150.0 171.0 143.0 166.0
135.0 151.0 138.0 160.0
306.0 332.0 298.0 332.0
135.0 150.0 138.0 160.0
136.0 150.0 138.0 160.0
66.0 265.0 68.0 275.0
307.0 332.0 298.0 332.0
66.0 264.0 51.0 252.0
