240.0 243.0 219.0 252.0
229.0 316.0 210.0 323.0
241.0 243.0 220.0 252.0
241.0 242.0 220.0 252.0
166.0 224.0 148.0 225.0
342.0 286.0 323.0 299.0
164.0 241.0 144.0 245.0
426.0 232.0 406.0 244.0
341.0 285.0 323.0 299.0
164.0 242.0 145.0 247.0
426.0 233.0 406.0 244.0
241.0 244.0 220.0 252.0
165.0 224.0 147.0 227.0
342.0 285.0 323.0 299.0
424.0 232.0 406.0 245.0
424.0 233.0 406.0 245.0
240.0 244.0 219.0 252.0
230.0 14.0 212.0 16.0
315.0 402.0 295.0 413.0
230.0 316.0 210.0 323.0
165.0 222.0 147.0 225.0
362.0 18.0 345.0 29.0
425.0 232.0 406.0 244.0
177.0 77.0 158.0 82.0
166.0 222.0 147.0 225.0
165.0 223.0 147.0 225.0
166.0 223.0 147.0 226.0
178.0 77.0 159.0 82.0
425.0 233.0 406.0 244.0
166.0 242.0 146.0 245.0
167.0 223.0 148.0 225.0
425.0 231.0 406.0 244.0
232.0 14.0 214.0 16.0
167.0 221.0 147.0 225.0
342.0 287.0 323.0 299.0
341.0 286.0 323.0 299.0
341.0 287.0 323.0 299.0
317.0 401.0 295.0 413.0
167.0 222.0 147.0 225.0
165.0 242.0 146.0 245.0
363.0 18.0 345.0 29.0
232.0 13.0 214.0 16.0
209.0 187.0 189.0 193.0
207.0 186.0 189.0 192.0
163.0 242.0 144.0 245.0
166.0 221.0 147.0 225.0
168.0 222.0 148.0 225.0
340.0 324.0 322.0 336.0
165.0 241.0 146.0 245.0
207.0 187.0 189.0 192.0
208.0 187.0 189.0 192.0
231.0 316.0 211.0 323.0
315.0 403.0 295.0 413.0
316.0 402.0 295.0 413.0
231.0 14.0 214.0 16.0
164.0 243.0 144.0 246.0
323.0 288.0 306.0 301.0
314.0 403.0 295.0 413.0
233.0 14.0 214.0 17.0
209.0 186.0 189.0 193.0
177.0 78.0 158.0 82.0
108.0 316.0 84.0 324.0
75.0 319.0 50.0 327.0
229.0 315.0 210.0 322.0
361.0 18.0 345.0 29.0
340.0 325.0 322.0 336.0
242.0 243.0 220.0 252.0
316.0 403.0 295.0 413.0
282.0 346.0 260.0 355.0
231.0 13.0 212.0 16.0
281.0 346.0 260.0 355.0
108.0 317.0 84.0 324.0
208.0 186.0 189.0 192.0
108.0 315.0 86.0 323.0
247.0 207.0 226.0 214.0
242.0 242.0 220.0 252.0
76.0 319.0 50.0 326.0
107.0 315.0 86.0 323.0
107.0 316.0 84.0 324.0
339.0 324.0 321.0 336.0
317.0 402.0 295.0 413.0
74.0 319.0 50.0 327.0
289.0 433.0 269.0 436.0
222.0 233.0 204.0 239.0
230.0 315.0 210.0 322.0
179.0 77.0 159.0 82.0
76.0 318.0 50.0 326.0
80.0 361.0 57.0 372.0
107.0 317.0 84.0 324.0
248.0 207.0 226.0 214.0
77.0 318.0 50.0 326.0
237.0 158.0 217.0 165.0
222.0 232.0 204.0 239.0
246.0 207.0 226.0 214.0
180.0 77.0 159.0 82.0
181.0 77.0 161.0 82.0
283.0 156.0 260.0 167.0
201.0 358.0 181.0 368.0
202.0 358.0 181.0 368.0
282.0 345.0 260.0 355.0
289.0 434.0 269.0 436.0
163.0 318.0 143.0 325.0
343.0 219.0 323.0 229.0
250.0 268.0 231.0 276.0
276.0 468.0 257.0 476.0
247.0 206.0 226.0 214.0
201.0 357.0 181.0 368.0
390.0 454.0 370.0 466.0
162.0 318.0 142.0 325.0
162.0 319.0 142.0 325.0
75.0 318.0 50.0 326.0
74.0 318.0 50.0 327.0
81.0 361.0 57.0 372.0
221.0 232.0 203.0 239.0
269.0 36.0 247.0 44.0
339.0 325.0 321.0 336.0
221.0 233.0 203.0 239.0
290.0 434.0 269.0 436.0
276.0 466.0 257.0 476.0
163.0 319.0 142.0 325.0
290.0 433.0 269.0 436.0
237.0 159.0 217.0 165.0
164.0 318.0 143.0 325.0
261.0 358.0 243.0 366.0
411.0 221.0 394.0 234.0
281.0 345.0 260.0 355.0
269.0 35.0 247.0 44.0
82.0 361.0 57.0 372.0
290.0 432.0 269.0 436.0
284.0 156.0 260.0 167.0
324.0 481.0 305.0 490.0
323.0 289.0 306.0 301.0
231.0 315.0 211.0 323.0
410.0 221.0 394.0 234.0
202.0 357.0 181.0 368.0
82.0 360.0 57.0 371.0
282.0 156.0 260.0 167.0
283.0 155.0 260.0 167.0
280.0 303.0 261.0 314.0
276.0 467.0 257.0 476.0
381.0 302.0 358.0 315.0
389.0 454.0 370.0 466.0
281.0 521.0 259.0 528.0
220.0 81.0 202.0 85.0
342.0 219.0 323.0 229.0
295.0 31.0 282.0 36.0
221.0 270.0 201.0 275.0
381.0 301.0 358.0 315.0
324.0 482.0 305.0 492.0
203.0 357.0 181.0 368.0
80.0 360.0 57.0 372.0
217.0 215.0 197.0 221.0
260.0 358.0 243.0 366.0
81.0 360.0 57.0 372.0
219.0 81.0 202.0 85.0
289.0 432.0 269.0 436.0
283.0 157.0 260.0 167.0
326.0 482.0 306.0 492.0
284.0 157.0 260.0 167.0
332.0 73.0 309.0 86.0
284.0 155.0 260.0 167.0
204.0 357.0 181.0 368.0
322.0 289.0 306.0 301.0
325.0 483.0 305.0 490.0
325.0 481.0 305.0 490.0
219.0 82.0 202.0 85.0
235.0 158.0 216.0 165.0
322.0 288.0 306.0 301.0
341.0 335.0 327.0 348.0
326.0 481.0 306.0 491.0
283.0 401.0 264.0 413.0
281.0 303.0 261.0 314.0
203.0 358.0 181.0 368.0
275.0 468.0 257.0 476.0
279.0 303.0 261.0 314.0
82.0 359.0 57.0 371.0
270.0 35.0 247.0 44.0
236.0 159.0 217.0 165.0
325.0 482.0 306.0 492.0
259.0 358.0 243.0 366.0
223.0 123.0 202.0 128.0
270.0 34.0 247.0 44.0
293.0 32.0 281.0 36.0
281.0 264.0 262.0 273.0
281.0 262.0 262.0 273.0
270.0 36.0 247.0 44.0
275.0 469.0 257.0 476.0
294.0 32.0 282.0 36.0
325.0 480.0 306.0 491.0
294.0 31.0 281.0 36.0
284.0 401.0 264.0 413.0
326.0 480.0 306.0 491.0
275.0 470.0 257.0 476.0
312.0 259.0 293.0 269.0
81.0 359.0 57.0 371.0
317.0 43.0 299.0 52.0
236.0 158.0 216.0 165.0
219.0 335.0 197.0 342.0
219.0 80.0 202.0 85.0
218.0 81.0 202.0 85.0
281.0 263.0 262.0 273.0
224.0 124.0 202.0 128.0
314.0 259.0 293.0 269.0
313.0 259.0 293.0 269.0
260.0 359.0 243.0 366.0
219.0 333.0 197.0 341.0
290.0 57.0 271.0 65.0
218.0 82.0 202.0 85.0
348.0 93.0 333.0 102.0
261.0 359.0 243.0 366.0
259.0 360.0 243.0 366.0
325.0 304.0 305.0 315.0
280.0 262.0 262.0 273.0
289.0 57.0 271.0 65.0
259.0 359.0 243.0 366.0
224.0 123.0 203.0 128.0
218.0 335.0 197.0 342.0
280.0 263.0 262.0 273.0
325.0 305.0 305.0 315.0
316.0 44.0 299.0 52.0
219.0 334.0 197.0 341.0
315.0 43.0 299.0 52.0
218.0 334.0 197.0 341.0
252.0 181.0 230.0 187.0
251.0 181.0 230.0 187.0
60.0 213.0 38.0 216.0
271.0 36.0 247.0 44.0
271.0 35.0 247.0 44.0
218.0 80.0 202.0 85.0
369.0 13.0 350.0 24.0
340.0 335.0 327.0 348.0
236.0 357.0 216.0 369.0
220.0 334.0 198.0 341.0
223.0 122.0 203.0 128.0
271.0 34.0 247.0 44.0
222.0 130.0 202.0 129.0
316.0 43.0 299.0 52.0
290.0 56.0 271.0 65.0
369.0 14.0 350.0 24.0
252.0 182.0 230.0 187.0
60.0 214.0 38.0 216.0
221.0 130.0 202.0 129.0
61.0 212.0 38.0 216.0
238.0 358.0 216.0 369.0
220.0 333.0 198.0 341.0
237.0 356.0 216.0 369.0
321.0 289.0 306.0 301.0
313.0 260.0 293.0 269.0
321.0 288.0 306.0 301.0
62.0 214.0 38.0 216.0
63.0 213.0 38.0 216.0
238.0 357.0 216.0 369.0
260.0 360.0 243.0 366.0
62.0 213.0 38.0 216.0
238.0 356.0 216.0 369.0
61.0 213.0 38.0 216.0
237.0 357.0 216.0 369.0
224.0 122.0 203.0 128.0
443.0 262.0 421.0 275.0
326.0 305.0 305.0 315.0
397.0 252.0 382.0 263.0
395.0 433.0 378.0 443.0
326.0 303.0 305.0 314.0
61.0 214.0 38.0 216.0
239.0 358.0 216.0 369.0
224.0 121.0 203.0 128.0
239.0 356.0 216.0 369.0
289.0 56.0 271.0 65.0
246.0 127.0 228.0 135.0
239.0 357.0 216.0 369.0
246.0 126.0 228.0 135.0
357.0 314.0 348.0 327.0
300.0 198.0 280.0 209.0
370.0 13.0 350.0 24.0
326.0 304.0 305.0 315.0
327.0 303.0 305.0 314.0
345.0 305.0 329.0 314.0
370.0 14.0 350.0 24.0
396.0 252.0 382.0 263.0
327.0 304.0 305.0 314.0
16.0 435.0 12.0 437.0
63.0 214.0 38.0 216.0
217.0 335.0 197.0 342.0
397.0 253.0 382.0 262.0
345.0 306.0 329.0 314.0
265.0 316.0 239.0 329.0
48.0 344.0 25.0 350.0
327.0 305.0 305.0 315.0
398.0 253.0 382.0 262.0
443.0 261.0 420.0 275.0
344.0 305.0 329.0 314.0
386.0 278.0 370.0 287.0
40.0 521.0 18.0 528.0
385.0 278.0 370.0 287.0
42.0 520.0 20.0 529.0
357.0 315.0 348.0 327.0
344.0 306.0 329.0 314.0
41.0 521.0 18.0 529.0
444.0 262.0 421.0 275.0
378.0 149.0 363.0 158.0
90.0 357.0 57.0 371.0
444.0 261.0 421.0 275.0
40.0 431.0 14.0 437.0
446.0 262.0 421.0 275.0
41.0 520.0 20.0 529.0
445.0 262.0 421.0 275.0
396.0 253.0 382.0 263.0
39.0 430.0 14.0 437.0
39.0 431.0 14.0 437.0
60.0 352.0 35.0 357.0
61.0 352.0 35.0 357.0
343.0 306.0 329.0 314.0
37.0 431.0 14.0 437.0
40.0 430.0 14.0 437.0
38.0 431.0 14.0 437.0
61.0 353.0 35.0 357.0
10.0 601.0 2.0 601.0
60.0 353.0 35.0 357.0
37.0 430.0 14.0 437.0
40.0 520.0 18.0 528.0
11.0 601.0 2.0 601.0
282.0 487.0 255.0 486.0
344.0 307.0 329.0 314.0
10.0 600.0 2.0 601.0
282.0 489.0 254.0 495.0
11.0 599.0 2.0 601.0
38.0 430.0 14.0 437.0
49.0 344.0 25.0 350.0
282.0 488.0 254.0 495.0
12.0 600.0 2.0 601.0
417.0 140.0 408.0 150.0
11.0 600.0 2.0 601.0
417.0 139.0 408.0 150.0
283.0 487.0 255.0 486.0
416.0 139.0 408.0 150.0
348.0 72.0 326.0 77.0
283.0 488.0 255.0 486.0
361.0 302.0 348.0 327.0
416.0 140.0 408.0 150.0
416.0 141.0 408.0 150.0
327.0 502.0 305.0 492.0
