192.0 461.0 178.0 436.0
313.0 519.0 295.0 492.0
192.0 462.0 178.0 437.0
191.0 461.0 177.0 437.0
313.0 520.0 295.0 492.0
191.0 460.0 177.0 437.0
290.0 477.0 275.0 451.0
192.0 460.0 178.0 436.0
312.0 518.0 295.0 492.0
76.0 516.0 62.0 490.0
191.0 462.0 177.0 437.0
263.0 556.0 248.0 529.0
290.0 476.0 275.0 451.0
312.0 519.0 295.0 492.0
314.0 519.0 295.0 491.0
172.0 179.0 161.0 152.0
313.0 518.0 294.0 490.0
294.0 399.0 282.0 378.0
76.0 517.0 62.0 490.0
296.0 399.0 282.0 378.0
191.0 463.0 177.0 437.0
118.0 149.0 109.0 123.0
295.0 399.0 282.0 378.0
312.0 520.0 295.0 492.0
177.0 318.0 165.0 294.0
264.0 556.0 248.0 529.0
351.0 353.0 339.0 333.0
235.0 381.0 222.0 357.0
192.0 463.0 178.0 438.0
352.0 353.0 339.0 333.0
314.0 520.0 295.0 491.0
379.0 286.0 366.0 263.0
257.0 396.0 244.0 372.0
291.0 477.0 275.0 451.0
265.0 556.0 248.0 529.0
234.0 379.0 222.0 356.0
171.0 177.0 160.0 150.0
235.0 379.0 222.0 356.0
172.0 180.0 160.0 151.0
261.0 203.0 252.0 182.0
235.0 380.0 222.0 356.0
148.0 238.0 138.0 214.0
352.0 354.0 339.0 333.0
324.0 144.0 317.0 121.0
352.0 355.0 339.0 334.0
257.0 395.0 244.0 372.0
118.0 150.0 109.0 123.0
351.0 354.0 339.0 334.0
256.0 394.0 244.0 372.0
256.0 396.0 243.0 374.0
147.0 238.0 138.0 214.0
191.0 239.0 179.0 213.0
75.0 516.0 62.0 490.0
171.0 178.0 161.0 152.0
234.0 381.0 222.0 356.0
234.0 380.0 222.0 356.0
291.0 476.0 275.0 451.0
80.0 157.0 69.0 131.0
117.0 410.0 106.0 387.0
283.0 554.0 267.0 526.0
247.0 458.0 233.0 432.0
325.0 145.0 318.0 120.0
246.0 457.0 232.0 432.0
290.0 475.0 275.0 449.0
379.0 285.0 367.0 263.0
314.0 521.0 295.0 491.0
260.0 203.0 252.0 182.0
229.0 273.0 219.0 253.0
228.0 274.0 219.0 253.0
247.0 457.0 233.0 432.0
325.0 143.0 318.0 120.0
229.0 274.0 219.0 253.0
291.0 475.0 275.0 449.0
287.0 130.0 281.0 108.0
322.0 539.0 305.0 512.0
178.0 318.0 165.0 294.0
325.0 144.0 318.0 120.0
118.0 410.0 106.0 387.0
282.0 553.0 266.0 526.0
256.0 395.0 244.0 372.0
264.0 555.0 249.0 528.0
220.0 291.0 209.0 269.0
191.0 238.0 179.0 213.0
73.0 172.0 62.0 145.0
73.0 173.0 62.0 145.0
321.0 539.0 305.0 513.0
230.0 274.0 219.0 253.0
265.0 555.0 249.0 528.0
283.0 553.0 267.0 526.0
322.0 538.0 305.0 512.0
351.0 355.0 337.0 333.0
263.0 555.0 249.0 528.0
74.0 172.0 62.0 145.0
74.0 173.0 62.0 145.0
205.0 252.0 194.0 228.0
377.0 285.0 366.0 263.0
80.0 156.0 69.0 131.0
119.0 149.0 109.0 123.0
257.0 394.0 244.0 372.0
286.0 131.0 278.0 108.0
171.0 181.0 160.0 151.0
208.0 187.0 200.0 163.0
378.0 285.0 366.0 263.0
210.0 188.0 200.0 163.0
286.0 130.0 281.0 108.0
208.0 188.0 200.0 163.0
120.0 149.0 110.0 122.0
220.0 290.0 208.0 269.0
388.0 473.0 370.0 447.0
209.0 187.0 200.0 163.0
148.0 237.0 138.0 214.0
395.0 499.0 377.0 471.0
397.0 498.0 377.0 471.0
313.0 521.0 295.0 492.0
199.0 518.0 184.0 492.0
207.0 552.0 191.0 525.0
282.0 552.0 266.0 526.0
255.0 394.0 244.0 372.0
283.0 552.0 266.0 526.0
388.0 472.0 371.0 446.0
75.0 517.0 62.0 490.0
201.0 414.0 188.0 389.0
321.0 538.0 305.0 512.0
117.0 409.0 106.0 387.0
287.0 131.0 281.0 108.0
292.0 476.0 277.0 451.0
388.0 471.0 371.0 446.0
284.0 553.0 267.0 526.0
202.0 414.0 188.0 389.0
390.0 472.0 371.0 446.0
284.0 554.0 267.0 526.0
207.0 553.0 191.0 525.0
119.0 150.0 110.0 122.0
120.0 150.0 109.0 123.0
119.0 151.0 109.0 123.0
147.0 237.0 138.0 214.0
389.0 473.0 370.0 447.0
245.0 455.0 233.0 429.0
74.0 516.0 62.0 490.0
209.0 188.0 200.0 163.0
246.0 455.0 233.0 429.0
326.0 145.0 318.0 120.0
396.0 499.0 377.0 471.0
378.0 286.0 366.0 263.0
118.0 409.0 106.0 387.0
119.0 409.0 106.0 387.0
246.0 456.0 233.0 429.0
263.0 554.0 247.0 527.0
378.0 284.0 366.0 263.0
247.0 456.0 233.0 430.0
73.0 91.0 61.0 62.0
80.0 158.0 69.0 131.0
72.0 91.0 61.0 62.0
218.0 290.0 208.0 269.0
326.0 144.0 318.0 120.0
264.0 554.0 247.0 527.0
269.0 159.0 260.0 139.0
200.0 518.0 184.0 494.0
145.0 82.0 135.0 55.0
395.0 498.0 377.0 471.0
396.0 498.0 377.0 471.0
255.0 395.0 243.0 374.0
291.0 474.0 275.0 449.0
269.0 160.0 260.0 139.0
389.0 472.0 371.0 446.0
202.0 415.0 189.0 389.0
146.0 82.0 135.0 55.0
73.0 90.0 61.0 62.0
219.0 290.0 208.0 269.0
390.0 473.0 371.0 446.0
120.0 151.0 110.0 123.0
154.0 513.0 141.0 486.0
202.0 288.0 191.0 265.0
287.0 132.0 281.0 108.0
230.0 273.0 220.0 252.0
282.0 244.0 271.0 222.0
72.0 90.0 61.0 62.0
80.0 155.0 69.0 131.0
250.0 224.0 240.0 201.0
205.0 253.0 195.0 228.0
201.0 415.0 189.0 389.0
298.0 414.0 284.0 392.0
281.0 244.0 270.0 222.0
219.0 291.0 208.0 269.0
326.0 142.0 318.0 120.0
292.0 474.0 277.0 450.0
397.0 499.0 377.0 471.0
199.0 519.0 184.0 492.0
202.0 289.0 191.0 265.0
280.0 243.0 270.0 222.0
145.0 83.0 135.0 55.0
203.0 289.0 191.0 265.0
203.0 415.0 189.0 389.0
326.0 143.0 318.0 120.0
153.0 513.0 141.0 486.0
146.0 237.0 138.0 214.0
292.0 475.0 277.0 450.0
73.0 89.0 61.0 62.0
199.0 520.0 184.0 494.0
281.0 243.0 270.0 222.0
389.0 471.0 371.0 446.0
154.0 511.0 141.0 486.0
297.0 414.0 284.0 392.0
270.0 159.0 260.0 139.0
397.0 497.0 377.0 471.0
270.0 158.0 260.0 139.0
203.0 288.0 191.0 265.0
158.0 408.0 145.0 385.0
155.0 513.0 141.0 486.0
326.0 364.0 314.0 342.0
201.0 519.0 185.0 494.0
116.0 409.0 105.0 386.0
268.0 186.0 260.0 164.0
158.0 406.0 145.0 385.0
154.0 512.0 141.0 486.0
146.0 83.0 135.0 55.0
155.0 512.0 141.0 486.0
219.0 289.0 208.0 268.0
327.0 144.0 318.0 120.0
200.0 519.0 184.0 494.0
158.0 407.0 145.0 385.0
327.0 143.0 318.0 120.0
174.0 490.0 159.0 464.0
148.0 236.0 138.0 214.0
396.0 497.0 377.0 471.0
147.0 236.0 138.0 214.0
201.0 416.0 189.0 389.0
118.0 408.0 106.0 387.0
200.0 520.0 185.0 494.0
218.0 289.0 208.0 268.0
203.0 416.0 190.0 391.0
251.0 225.0 240.0 201.0
144.0 83.0 135.0 56.0
117.0 408.0 106.0 387.0
270.0 160.0 260.0 139.0
230.0 271.0 220.0 252.0
173.0 490.0 159.0 464.0
72.0 89.0 61.0 62.0
202.0 416.0 189.0 389.0
280.0 244.0 270.0 222.0
153.0 512.0 141.0 486.0
83.0 143.0 73.0 118.0
204.0 288.0 191.0 265.0
250.0 225.0 240.0 201.0
282.0 245.0 271.0 222.0
281.0 245.0 270.0 222.0
297.0 413.0 284.0 392.0
145.0 84.0 135.0 55.0
174.0 491.0 159.0 466.0
144.0 82.0 135.0 56.0
32.0 179.0 21.0 152.0
173.0 491.0 159.0 466.0
202.0 417.0 190.0 391.0
157.0 408.0 145.0 385.0
203.0 417.0 190.0 391.0
94.0 426.0 81.0 404.0
160.0 383.0 148.0 360.0
361.0 365.0 347.0 343.0
326.0 363.0 313.0 342.0
31.0 179.0 21.0 152.0
173.0 489.0 159.0 464.0
90.0 129.0 79.0 101.0
79.0 156.0 69.0 131.0
172.0 490.0 159.0 464.0
83.0 144.0 73.0 118.0
32.0 180.0 21.0 152.0
395.0 497.0 377.0 471.0
39.0 194.0 27.0 169.0
33.0 179.0 21.0 152.0
32.0 178.0 21.0 152.0
79.0 157.0 69.0 131.0
83.0 142.0 73.0 118.0
271.0 159.0 260.0 139.0
33.0 180.0 21.0 152.0
361.0 366.0 347.0 343.0
40.0 194.0 28.0 169.0
39.0 193.0 27.0 167.0
90.0 130.0 79.0 102.0
268.0 185.0 260.0 164.0
40.0 193.0 28.0 167.0
89.0 127.0 79.0 100.0
40.0 195.0 27.0 169.0
79.0 155.0 69.0 130.0
90.0 128.0 79.0 100.0
174.0 343.0 161.0 321.0
47.0 253.0 34.0 228.0
233.0 218.0 224.0 195.0
157.0 406.0 145.0 385.0
94.0 425.0 81.0 404.0
248.0 412.0 234.0 386.0
233.0 217.0 224.0 194.0
232.0 218.0 224.0 195.0
89.0 128.0 79.0 100.0
47.0 254.0 34.0 228.0
248.0 413.0 234.0 385.0
49.0 254.0 36.0 229.0
248.0 414.0 234.0 386.0
360.0 367.0 347.0 343.0
249.0 413.0 234.0 386.0
361.0 367.0 347.0 343.0
249.0 414.0 234.0 385.0
172.0 489.0 159.0 464.0
89.0 129.0 79.0 100.0
232.0 217.0 224.0 194.0
48.0 253.0 36.0 229.0
47.0 256.0 34.0 228.0
361.0 368.0 347.0 343.0
41.0 193.0 28.0 167.0
360.0 366.0 347.0 343.0
47.0 255.0 34.0 228.0
48.0 254.0 36.0 229.0
41.0 194.0 28.0 169.0
157.0 407.0 145.0 385.0
49.0 255.0 36.0 229.0
48.0 255.0 35.0 228.0
444.0 284.0 433.0 266.0
443.0 284.0 433.0 266.0
457.0 299.0 447.0 282.0
48.0 256.0 35.0 228.0
458.0 299.0 447.0 282.0
248.0 415.0 234.0 386.0
443.0 285.0 433.0 266.0
444.0 285.0 433.0 266.0
457.0 298.0 447.0 282.0
2.0 170.0 2.0 147.0
40.0 192.0 28.0 167.0
258.0 196.0 251.0 182.0
53.0 578.0 38.0 550.0
153.0 64.0 136.0 54.0
340.0 398.0 322.0 371.0
351.0 500.0 338.0 468.0
153.0 63.0 136.0 54.0
257.0 198.0 251.0 182.0
14.0 65.0 11.0 40.0
14.0 66.0 11.0 40.0
156.0 407.0 145.0 385.0
456.0 299.0 447.0 282.0
249.0 415.0 234.0 386.0
100.0 316.0 83.0 285.0
443.0 286.0 433.0 266.0
100.0 315.0 83.0 285.0
49.0 256.0 36.0 229.0
14.0 67.0 11.0 40.0
153.0 62.0 136.0 54.0
15.0 66.0 11.0 40.0
13.0 66.0 11.0 40.0
445.0 285.0 433.0 266.0
33.0 75.0 22.0 45.0
100.0 314.0 83.0 285.0
100.0 317.0 83.0 285.0
257.0 197.0 251.0 182.0
340.0 399.0 322.0 371.0
154.0 63.0 136.0 54.0
101.0 317.0 83.0 285.0
444.0 286.0 432.0 267.0
457.0 300.0 447.0 282.0
257.0 196.0 251.0 182.0
154.0 64.0 136.0 54.0
56.0 85.0 43.0 56.0
458.0 300.0 447.0 282.0
13.0 65.0 11.0 40.0
153.0 61.0 136.0 54.0
256.0 197.0 251.0 182.0
56.0 86.0 43.0 56.0
445.0 286.0 432.0 267.0
101.0 316.0 83.0 285.0
470.0 252.0 459.0 232.0
154.0 62.0 136.0 54.0
256.0 196.0 251.0 182.0
34.0 75.0 22.0 45.0
58.0 518.0 42.0 490.0
58.0 519.0 42.0 490.0
469.0 252.0 459.0 232.0
101.0 315.0 83.0 285.0
152.0 61.0 136.0 54.0
33.0 74.0 22.0 45.0
174.0 359.0 164.0 344.0
175.0 359.0 164.0 344.0
470.0 254.0 459.0 232.0
469.0 253.0 459.0 232.0
21.0 250.0 15.0 207.0
81.0 70.0 71.0 41.0
461.0 331.0 448.0 313.0
21.0 249.0 15.0 207.0
34.0 74.0 22.0 45.0
21.0 248.0 15.0 207.0
470.0 253.0 459.0 232.0
22.0 250.0 15.0 207.0
462.0 331.0 448.0 313.0
462.0 330.0 448.0 313.0
35.0 75.0 22.0 45.0
142.0 226.0 138.0 214.0
463.0 331.0 449.0 314.0
141.0 226.0 138.0 214.0
22.0 249.0 15.0 207.0
22.0 247.0 15.0 207.0
22.0 248.0 15.0 207.0
23.0 248.0 15.0 207.0
81.0 72.0 71.0 41.0
23.0 249.0 15.0 207.0
148.0 391.0 132.0 362.0
337.0 513.0 313.0 474.0
94.0 508.0 86.0 489.0
80.0 72.0 71.0 41.0
148.0 392.0 132.0 362.0
277.0 598.0 266.0 582.0
34.0 213.0 15.0 207.0
277.0 599.0 266.0 582.0
277.0 600.0 266.0 582.0
34.0 214.0 15.0 207.0
148.0 393.0 132.0 362.0
93.0 508.0 86.0 489.0
94.0 507.0 86.0 489.0
80.0 73.0 71.0 41.0
413.0 491.0 378.0 471.0
149.0 392.0 132.0 362.0
93.0 507.0 86.0 489.0
276.0 600.0 266.0 582.0
80.0 74.0 71.0 41.0
412.0 490.0 378.0 471.0
276.0 598.0 266.0 582.0
338.0 513.0 313.0 474.0
276.0 599.0 266.0 582.0
413.0 490.0 378.0 471.0
338.0 514.0 313.0 474.0
412.0 489.0 378.0 471.0
414.0 491.0 378.0 472.0
