54.0 342.0 69.0 346.0
55.0 468.0 71.0 471.0
123.0 348.0 138.0 353.0
63.0 452.0 79.0 456.0
55.0 342.0 69.0 346.0
124.0 348.0 138.0 353.0
412.0 250.0 422.0 260.0
55.0 341.0 69.0 346.0
56.0 468.0 72.0 471.0
99.0 406.0 115.0 411.0
54.0 341.0 69.0 346.0
124.0 347.0 138.0 353.0
63.0 453.0 79.0 457.0
101.0 406.0 116.0 411.0
236.0 473.0 247.0 477.0
100.0 406.0 116.0 411.0
369.0 196.0 379.0 205.0
412.0 251.0 422.0 260.0
100.0 407.0 116.0 411.0
445.0 496.0 453.0 502.0
413.0 250.0 422.0 259.0
123.0 347.0 138.0 353.0
351.0 63.0 361.0 73.0
99.0 407.0 115.0 411.0
235.0 473.0 247.0 477.0
236.0 474.0 247.0 477.0
56.0 469.0 72.0 471.0
351.0 64.0 361.0 73.0
413.0 251.0 422.0 260.0
414.0 251.0 422.0 260.0
398.0 514.0 409.0 520.0
235.0 472.0 247.0 477.0
62.0 453.0 79.0 456.0
351.0 62.0 361.0 73.0
101.0 285.0 114.0 289.0
101.0 284.0 114.0 289.0
54.0 340.0 69.0 346.0
325.0 545.0 337.0 549.0
267.0 475.0 276.0 478.0
369.0 197.0 379.0 205.0
171.0 523.0 188.0 528.0
121.0 222.0 133.0 229.0
444.0 496.0 453.0 502.0
93.0 357.0 107.0 361.0
370.0 197.0 379.0 206.0
241.0 378.0 252.0 382.0
370.0 196.0 379.0 206.0
102.0 285.0 114.0 289.0
369.0 198.0 379.0 205.0
444.0 495.0 453.0 502.0
120.0 221.0 133.0 229.0
93.0 358.0 107.0 361.0
414.0 252.0 422.0 260.0
120.0 222.0 133.0 229.0
172.0 524.0 187.0 529.0
192.0 531.0 207.0 537.0
171.0 524.0 187.0 529.0
102.0 284.0 114.0 289.0
193.0 532.0 208.0 537.0
192.0 532.0 207.0 537.0
370.0 198.0 379.0 206.0
241.0 377.0 252.0 382.0
193.0 531.0 207.0 537.0
446.0 575.0 455.0 579.0
75.0 354.0 88.0 357.0
282.0 349.0 292.0 356.0
111.0 189.0 125.0 195.0
49.0 448.0 65.0 452.0
371.0 197.0 380.0 206.0
74.0 354.0 88.0 357.0
112.0 189.0 125.0 195.0
299.0 484.0 310.0 490.0
397.0 514.0 408.0 520.0
445.0 576.0 454.0 580.0
319.0 430.0 330.0 435.0
300.0 484.0 310.0 489.0
241.0 376.0 253.0 382.0
447.0 476.0 457.0 485.0
378.0 244.0 387.0 254.0
175.0 62.0 186.0 70.0
326.0 545.0 337.0 549.0
170.0 363.0 183.0 368.0
445.0 495.0 453.0 502.0
242.0 441.0 255.0 446.0
319.0 114.0 329.0 124.0
140.0 220.0 151.0 226.0
48.0 448.0 64.0 452.0
123.0 377.0 135.0 384.0
136.0 95.0 147.0 99.0
122.0 377.0 135.0 384.0
94.0 358.0 107.0 361.0
102.0 283.0 113.0 288.0
293.0 379.0 304.0 384.0
128.0 483.0 145.0 488.0
100.0 239.0 113.0 246.0
48.0 449.0 64.0 452.0
266.0 341.0 277.0 348.0
445.0 575.0 454.0 580.0
139.0 219.0 151.0 226.0
301.0 484.0 312.0 490.0
447.0 477.0 457.0 485.0
177.0 377.0 190.0 384.0
170.0 523.0 188.0 528.0
265.0 341.0 277.0 348.0
294.0 380.0 304.0 386.0
319.0 115.0 330.0 125.0
320.0 116.0 330.0 126.0
137.0 95.0 147.0 99.0
266.0 475.0 276.0 478.0
112.0 188.0 125.0 195.0
113.0 189.0 125.0 195.0
76.0 353.0 88.0 357.0
447.0 478.0 457.0 485.0
266.0 474.0 276.0 478.0
282.0 350.0 292.0 356.0
103.0 284.0 114.0 289.0
139.0 464.0 155.0 470.0
299.0 167.0 310.0 176.0
47.0 449.0 64.0 452.0
448.0 478.0 457.0 485.0
176.0 62.0 186.0 70.0
107.0 343.0 120.0 348.0
140.0 219.0 151.0 226.0
137.0 94.0 147.0 99.0
320.0 115.0 330.0 126.0
185.0 318.0 198.0 324.0
121.0 377.0 135.0 384.0
446.0 576.0 454.0 580.0
176.0 63.0 186.0 70.0
122.0 376.0 135.0 384.0
184.0 318.0 198.0 324.0
161.0 345.0 173.0 350.0
301.0 485.0 312.0 490.0
283.0 508.0 295.0 513.0
169.0 363.0 183.0 368.0
242.0 378.0 252.0 382.0
125.0 597.0 140.0 597.0
448.0 477.0 457.0 485.0
75.0 355.0 88.0 357.0
284.0 508.0 295.0 513.0
266.0 476.0 277.0 478.0
192.0 533.0 207.0 537.0
139.0 463.0 155.0 470.0
299.0 166.0 310.0 176.0
291.0 277.0 301.0 285.0
168.0 363.0 182.0 368.0
127.0 484.0 145.0 488.0
103.0 283.0 114.0 289.0
129.0 174.0 141.0 180.0
290.0 277.0 301.0 285.0
168.0 362.0 182.0 368.0
294.0 379.0 304.0 386.0
378.0 245.0 387.0 254.0
175.0 63.0 186.0 70.0
265.0 340.0 277.0 348.0
126.0 596.0 141.0 596.0
34.0 583.0 49.0 582.0
76.0 354.0 89.0 359.0
434.0 558.0 443.0 563.0
93.0 359.0 107.0 361.0
143.0 141.0 154.0 147.0
128.0 484.0 145.0 488.0
321.0 32.0 330.0 40.0
126.0 597.0 141.0 596.0
349.0 206.0 356.0 214.0
298.0 484.0 310.0 490.0
140.0 463.0 155.0 470.0
136.0 267.0 149.0 274.0
225.0 112.0 236.0 120.0
128.0 174.0 141.0 180.0
209.0 473.0 223.0 478.0
321.0 301.0 331.0 309.0
325.0 544.0 337.0 549.0
226.0 113.0 236.0 120.0
58.0 152.0 69.0 156.0
242.0 377.0 252.0 382.0
293.0 378.0 304.0 384.0
143.0 140.0 154.0 147.0
422.0 440.0 431.0 448.0
242.0 376.0 253.0 382.0
113.0 188.0 125.0 194.0
465.0 546.0 473.0 552.0
320.0 301.0 331.0 309.0
87.0 420.0 101.0 423.0
138.0 94.0 147.0 99.0
169.0 362.0 183.0 368.0
319.0 299.0 331.0 308.0
226.0 112.0 236.0 120.0
47.0 448.0 64.0 452.0
142.0 140.0 154.0 147.0
107.0 342.0 120.0 348.0
449.0 478.0 457.0 485.0
300.0 485.0 312.0 490.0
448.0 479.0 457.0 485.0
283.0 507.0 295.0 513.0
290.0 276.0 301.0 285.0
299.0 485.0 310.0 490.0
225.0 113.0 236.0 120.0
294.0 378.0 304.0 384.0
137.0 267.0 149.0 274.0
127.0 174.0 141.0 180.0
60.0 151.0 70.0 155.0
129.0 484.0 145.0 489.0
108.0 343.0 120.0 348.0
136.0 94.0 147.0 99.0
210.0 473.0 223.0 478.0
320.0 299.0 331.0 308.0
141.0 219.0 152.0 226.0
136.0 268.0 149.0 274.0
301.0 486.0 312.0 490.0
326.0 544.0 337.0 549.0
129.0 483.0 145.0 489.0
320.0 300.0 331.0 309.0
77.0 354.0 89.0 359.0
298.0 166.0 310.0 176.0
300.0 486.0 312.0 490.0
190.0 548.0 204.0 552.0
125.0 596.0 140.0 596.0
377.0 244.0 387.0 254.0
128.0 173.0 141.0 180.0
265.0 474.0 276.0 478.0
189.0 547.0 204.0 552.0
189.0 548.0 204.0 552.0
135.0 267.0 149.0 274.0
264.0 341.0 277.0 348.0
59.0 153.0 69.0 156.0
120.0 377.0 135.0 384.0
139.0 462.0 155.0 470.0
319.0 429.0 330.0 435.0
108.0 342.0 120.0 348.0
220.0 208.0 230.0 216.0
185.0 317.0 198.0 324.0
465.0 545.0 473.0 552.0
319.0 548.0 331.0 552.0
184.0 317.0 198.0 324.0
61.0 152.0 70.0 155.0
464.0 545.0 473.0 552.0
140.0 218.0 151.0 226.0
188.0 548.0 204.0 552.0
342.0 541.0 355.0 544.0
349.0 207.0 356.0 214.0
59.0 152.0 69.0 156.0
109.0 343.0 120.0 348.0
348.0 206.0 356.0 214.0
445.0 574.0 454.0 580.0
121.0 376.0 135.0 384.0
464.0 546.0 473.0 552.0
47.0 447.0 64.0 452.0
60.0 153.0 70.0 156.0
59.0 151.0 69.0 156.0
284.0 507.0 295.0 512.0
142.0 139.0 154.0 147.0
119.0 377.0 135.0 384.0
348.0 207.0 356.0 214.0
129.0 173.0 141.0 180.0
318.0 548.0 331.0 552.0
188.0 547.0 204.0 552.0
219.0 207.0 230.0 216.0
377.0 245.0 387.0 253.0
120.0 277.0 136.0 283.0
344.0 541.0 355.0 544.0
345.0 541.0 355.0 544.0
143.0 139.0 154.0 147.0
241.0 440.0 253.0 446.0
136.0 266.0 149.0 274.0
121.0 276.0 136.0 283.0
321.0 300.0 331.0 309.0
60.0 152.0 70.0 156.0
265.0 475.0 276.0 478.0
320.0 549.0 331.0 552.0
345.0 542.0 355.0 544.0
343.0 540.0 355.0 544.0
109.0 342.0 120.0 348.0
220.0 209.0 230.0 216.0
272.0 254.0 283.0 262.0
138.0 463.0 155.0 470.0
135.0 266.0 149.0 274.0
343.0 542.0 355.0 544.0
219.0 209.0 230.0 216.0
171.0 438.0 185.0 443.0
142.0 161.0 156.0 169.0
302.0 485.0 312.0 490.0
241.0 441.0 253.0 446.0
272.0 253.0 283.0 262.0
138.0 462.0 155.0 470.0
152.0 28.0 161.0 35.0
319.0 549.0 331.0 552.0
120.0 276.0 136.0 283.0
344.0 542.0 355.0 544.0
120.0 275.0 136.0 283.0
273.0 253.0 283.0 262.0
208.0 543.0 226.0 547.0
322.0 32.0 330.0 41.0
273.0 254.0 283.0 262.0
343.0 541.0 355.0 544.0
219.0 208.0 230.0 216.0
137.0 266.0 149.0 274.0
402.0 48.0 411.0 54.0
218.0 208.0 230.0 216.0
46.0 448.0 64.0 452.0
93.0 197.0 104.0 202.0
16.0 585.0 29.0 585.0
143.0 161.0 156.0 168.0
172.0 438.0 185.0 443.0
321.0 299.0 331.0 308.0
403.0 48.0 411.0 54.0
208.0 542.0 226.0 547.0
144.0 161.0 156.0 168.0
170.0 439.0 185.0 443.0
126.0 279.0 137.0 283.0
401.0 48.0 411.0 54.0
16.0 586.0 29.0 585.0
69.0 241.0 82.0 247.0
143.0 162.0 156.0 168.0
171.0 439.0 185.0 443.0
119.0 276.0 136.0 283.0
240.0 440.0 253.0 446.0
228.0 47.0 239.0 54.0
172.0 439.0 185.0 443.0
70.0 242.0 82.0 247.0
229.0 47.0 239.0 54.0
230.0 46.0 238.0 54.0
70.0 241.0 82.0 247.0
264.0 322.0 268.0 330.0
229.0 46.0 238.0 54.0
228.0 46.0 238.0 54.0
187.0 191.0 198.0 207.0
188.0 191.0 198.0 207.0
11.0 374.0 22.0 378.0
10.0 374.0 22.0 378.0
11.0 376.0 22.0 378.0
189.0 191.0 198.0 207.0
10.0 376.0 22.0 378.0
11.0 375.0 22.0 378.0
10.0 375.0 22.0 378.0
12.0 375.0 22.0 378.0
217.0 416.0 229.0 422.0
12.0 121.0 22.0 124.0
217.0 417.0 229.0 422.0
216.0 416.0 230.0 422.0
117.0 547.0 133.0 549.0
15.0 185.0 23.0 186.0
65.0 215.0 79.0 213.0
187.0 190.0 198.0 207.0
11.0 121.0 21.0 124.0
116.0 547.0 133.0 548.0
141.0 552.0 152.0 554.0
188.0 190.0 198.0 207.0
15.0 186.0 23.0 186.0
130.0 620.0 148.0 631.0
141.0 551.0 152.0 554.0
195.0 477.0 223.0 479.0
140.0 553.0 152.0 554.0
216.0 417.0 229.0 423.0
65.0 216.0 79.0 213.0
140.0 552.0 152.0 554.0
11.0 122.0 21.0 124.0
10.0 121.0 21.0 124.0
300.0 376.0 305.0 385.0
64.0 216.0 79.0 213.0
9.0 82.0 20.0 87.0
296.0 56.0 291.0 76.0
65.0 217.0 79.0 213.0
141.0 553.0 152.0 554.0
8.0 82.0 20.0 87.0
297.0 57.0 292.0 76.0
9.0 81.0 20.0 87.0
7.0 82.0 20.0 87.0
297.0 56.0 292.0 76.0
16.0 187.0 23.0 186.0
300.0 377.0 305.0 385.0
16.0 186.0 24.0 186.0
186.0 190.0 198.0 207.0
296.0 57.0 292.0 76.0
8.0 81.0 21.0 85.0
142.0 552.0 152.0 554.0
129.0 620.0 148.0 631.0
7.0 81.0 21.0 85.0
6.0 81.0 21.0 85.0
8.0 80.0 21.0 85.0
7.0 80.0 21.0 85.0
59.0 580.0 50.0 584.0
325.0 506.0 351.0 520.0
98.0 316.0 121.0 319.0
324.0 506.0 351.0 520.0
259.0 496.0 277.0 480.0
85.0 577.0 50.0 582.0
86.0 578.0 50.0 583.0
92.0 236.0 113.0 246.0
324.0 505.0 351.0 520.0
258.0 496.0 277.0 480.0
86.0 577.0 50.0 582.0
325.0 505.0 351.0 520.0
