274.0 160.0 282.0 193.0
306.0 87.0 315.0 118.0
306.0 88.0 315.0 118.0
307.0 87.0 315.0 118.0
117.0 272.0 131.0 302.0
117.0 271.0 131.0 302.0
306.0 89.0 315.0 118.0
307.0 88.0 315.0 118.0
394.0 448.0 412.0 477.0
248.0 409.0 264.0 438.0
275.0 159.0 282.0 193.0
393.0 445.0 411.0 474.0
274.0 159.0 282.0 193.0
115.0 162.0 126.0 195.0
305.0 87.0 315.0 118.0
205.0 332.0 217.0 359.0
366.0 194.0 373.0 221.0
115.0 163.0 126.0 195.0
139.0 324.0 153.0 353.0
204.0 333.0 216.0 360.0
393.0 447.0 412.0 477.0
393.0 446.0 412.0 476.0
249.0 408.0 264.0 438.0
307.0 89.0 315.0 118.0
99.0 95.0 110.0 130.0
279.0 551.0 299.0 583.0
140.0 323.0 153.0 353.0
269.0 322.0 283.0 353.0
261.0 381.0 275.0 412.0
305.0 88.0 315.0 118.0
365.0 193.0 373.0 221.0
260.0 382.0 275.0 412.0
366.0 193.0 373.0 220.0
394.0 447.0 412.0 476.0
394.0 446.0 412.0 476.0
99.0 94.0 110.0 130.0
279.0 552.0 299.0 583.0
267.0 125.0 273.0 156.0
139.0 323.0 153.0 353.0
247.0 408.0 263.0 437.0
12.0 64.0 20.0 95.0
268.0 321.0 280.0 347.0
280.0 553.0 300.0 585.0
393.0 448.0 412.0 477.0
274.0 158.0 282.0 193.0
269.0 321.0 283.0 353.0
249.0 407.0 263.0 438.0
205.0 333.0 216.0 360.0
139.0 322.0 153.0 352.0
25.0 431.0 30.0 370.0
280.0 552.0 299.0 583.0
131.0 149.0 141.0 185.0
116.0 271.0 130.0 301.0
248.0 408.0 264.0 438.0
229.0 443.0 243.0 469.0
279.0 553.0 299.0 583.0
238.0 137.0 246.0 168.0
216.0 375.0 231.0 400.0
245.0 147.0 255.0 182.0
274.0 541.0 294.0 573.0
239.0 137.0 246.0 168.0
247.0 407.0 263.0 437.0
138.0 324.0 153.0 353.0
273.0 159.0 281.0 193.0
10.0 63.0 20.0 95.0
228.0 443.0 243.0 469.0
194.0 111.0 202.0 143.0
11.0 63.0 20.0 95.0
229.0 444.0 243.0 469.0
281.0 554.0 300.0 585.0
303.0 73.0 310.0 101.0
274.0 540.0 294.0 573.0
138.0 323.0 153.0 353.0
267.0 126.0 273.0 156.0
229.0 442.0 243.0 469.0
206.0 113.0 211.0 144.0
217.0 375.0 231.0 400.0
145.0 138.0 155.0 174.0
216.0 376.0 231.0 401.0
304.0 71.0 310.0 101.0
25.0 432.0 30.0 370.0
228.0 444.0 243.0 469.0
272.0 329.0 284.0 354.0
12.0 65.0 20.0 95.0
205.0 113.0 211.0 144.0
272.0 327.0 284.0 353.0
131.0 148.0 141.0 185.0
217.0 376.0 231.0 401.0
303.0 72.0 310.0 101.0
206.0 334.0 216.0 360.0
280.0 554.0 300.0 585.0
282.0 125.0 289.0 154.0
206.0 333.0 216.0 360.0
206.0 114.0 211.0 144.0
204.0 334.0 216.0 360.0
230.0 444.0 243.0 469.0
248.0 407.0 263.0 437.0
230.0 443.0 243.0 469.0
11.0 65.0 20.0 95.0
237.0 119.0 244.0 150.0
168.0 350.0 181.0 380.0
237.0 120.0 244.0 150.0
116.0 167.0 126.0 195.0
138.0 322.0 152.0 351.0
260.0 381.0 275.0 412.0
281.0 125.0 289.0 154.0
205.0 334.0 216.0 360.0
10.0 64.0 20.0 95.0
304.0 72.0 310.0 101.0
288.0 282.0 301.0 310.0
282.0 126.0 289.0 154.0
84.0 162.0 95.0 196.0
34.0 533.0 50.0 567.0
226.0 389.0 240.0 415.0
84.0 163.0 95.0 196.0
281.0 126.0 289.0 154.0
116.0 123.0 126.0 156.0
239.0 138.0 246.0 168.0
25.0 433.0 30.0 370.0
247.0 406.0 263.0 437.0
290.0 219.0 300.0 248.0
11.0 64.0 20.0 95.0
259.0 382.0 275.0 412.0
259.0 381.0 275.0 412.0
229.0 445.0 243.0 469.0
273.0 329.0 284.0 354.0
322.0 50.0 327.0 86.0
273.0 328.0 284.0 354.0
266.0 126.0 273.0 156.0
117.0 123.0 126.0 156.0
34.0 532.0 51.0 566.0
266.0 125.0 273.0 156.0
272.0 328.0 284.0 354.0
25.0 434.0 30.0 370.0
85.0 162.0 95.0 196.0
168.0 351.0 181.0 380.0
248.0 406.0 263.0 437.0
260.0 380.0 275.0 412.0
116.0 124.0 126.0 156.0
322.0 51.0 327.0 86.0
113.0 259.0 129.0 301.0
205.0 114.0 211.0 144.0
116.0 168.0 126.0 195.0
220.0 481.0 234.0 508.0
219.0 481.0 234.0 508.0
236.0 120.0 243.0 150.0
33.0 99.0 44.0 137.0
287.0 281.0 301.0 310.0
288.0 281.0 301.0 309.0
130.0 148.0 141.0 185.0
226.0 390.0 240.0 415.0
259.0 380.0 274.0 412.0
220.0 482.0 234.0 508.0
33.0 533.0 50.0 567.0
167.0 351.0 181.0 380.0
236.0 118.0 243.0 149.0
24.0 431.0 30.0 370.0
32.0 532.0 50.0 567.0
290.0 220.0 300.0 248.0
118.0 123.0 126.0 154.0
85.0 164.0 95.0 196.0
146.0 138.0 155.0 174.0
117.0 124.0 126.0 156.0
86.0 163.0 95.0 196.0
33.0 532.0 50.0 567.0
236.0 119.0 244.0 150.0
130.0 147.0 141.0 185.0
24.0 433.0 30.0 370.0
139.0 123.0 149.0 157.0
287.0 279.0 301.0 310.0
32.0 99.0 44.0 137.0
287.0 280.0 301.0 310.0
227.0 389.0 240.0 415.0
34.0 531.0 51.0 566.0
131.0 147.0 141.0 185.0
114.0 259.0 130.0 301.0
273.0 540.0 294.0 573.0
33.0 531.0 51.0 566.0
32.0 100.0 44.0 137.0
290.0 221.0 300.0 248.0
32.0 531.0 49.0 566.0
24.0 432.0 30.0 370.0
288.0 280.0 301.0 309.0
167.0 350.0 181.0 380.0
140.0 123.0 150.0 157.0
85.0 163.0 95.0 196.0
235.0 119.0 243.0 150.0
221.0 482.0 234.0 508.0
33.0 101.0 44.0 137.0
219.0 482.0 234.0 508.0
33.0 100.0 44.0 137.0
167.0 349.0 181.0 380.0
291.0 219.0 300.0 248.0
386.0 186.0 395.0 214.0
146.0 137.0 155.0 173.0
33.0 98.0 44.0 137.0
288.0 279.0 301.0 309.0
167.0 348.0 181.0 380.0
34.0 100.0 44.0 137.0
145.0 137.0 155.0 174.0
228.0 389.0 240.0 415.0
86.0 162.0 95.0 196.0
265.0 125.0 273.0 156.0
221.0 483.0 234.0 508.0
220.0 483.0 234.0 508.0
32.0 101.0 44.0 137.0
34.0 101.0 44.0 137.0
34.0 99.0 45.0 137.0
140.0 124.0 150.0 158.0
291.0 220.0 300.0 248.0
289.0 281.0 301.0 309.0
166.0 349.0 181.0 380.0
15.0 337.0 30.0 370.0
289.0 280.0 301.0 309.0
232.0 507.0 248.0 534.0
227.0 390.0 240.0 415.0
220.0 484.0 234.0 508.0
232.0 508.0 248.0 534.0
408.0 432.0 427.0 462.0
15.0 338.0 27.0 344.0
408.0 433.0 427.0 462.0
260.0 125.0 273.0 156.0
160.0 120.0 169.0 149.0
438.0 463.0 460.0 495.0
161.0 119.0 169.0 149.0
387.0 186.0 395.0 213.0
260.0 124.0 273.0 156.0
221.0 484.0 234.0 508.0
438.0 462.0 461.0 495.0
407.0 431.0 427.0 461.0
228.0 390.0 240.0 415.0
227.0 391.0 240.0 415.0
150.0 102.0 158.0 136.0
261.0 124.0 273.0 156.0
261.0 125.0 273.0 156.0
2.0 257.0 14.0 284.0
1.0 257.0 14.0 284.0
100.0 73.0 112.0 107.0
100.0 74.0 112.0 107.0
2.0 256.0 14.0 284.0
437.0 462.0 460.0 495.0
1.0 256.0 14.0 284.0
331.0 31.0 337.0 59.0
161.0 120.0 169.0 149.0
149.0 103.0 158.0 136.0
149.0 102.0 158.0 136.0
437.0 463.0 460.0 495.0
407.0 432.0 427.0 462.0
331.0 30.0 337.0 59.0
166.0 105.0 173.0 138.0
160.0 121.0 169.0 149.0
99.0 74.0 112.0 107.0
150.0 103.0 158.0 136.0
166.0 106.0 173.0 138.0
228.0 391.0 240.0 415.0
437.0 461.0 461.0 495.0
167.0 106.0 173.0 138.0
162.0 121.0 169.0 149.0
39.0 272.0 50.0 299.0
161.0 121.0 169.0 149.0
30.0 236.0 42.0 266.0
99.0 75.0 112.0 106.0
100.0 75.0 112.0 107.0
40.0 273.0 50.0 299.0
134.0 101.0 142.0 134.0
161.0 122.0 169.0 149.0
325.0 15.0 332.0 41.0
133.0 123.0 149.0 157.0
134.0 102.0 142.0 134.0
41.0 273.0 50.0 299.0
40.0 271.0 51.0 299.0
30.0 237.0 42.0 266.0
10.0 535.0 14.0 571.0
40.0 272.0 50.0 299.0
41.0 272.0 51.0 299.0
9.0 535.0 14.0 571.0
10.0 536.0 14.0 571.0
37.0 118.0 49.0 154.0
37.0 119.0 49.0 154.0
31.0 237.0 42.0 266.0
41.0 137.0 53.0 173.0
326.0 14.0 332.0 41.0
31.0 236.0 42.0 266.0
41.0 138.0 53.0 173.0
10.0 534.0 14.0 571.0
32.0 235.0 42.0 266.0
27.0 203.0 36.0 229.0
37.0 117.0 49.0 154.0
31.0 235.0 42.0 266.0
48.0 168.0 59.0 195.0
326.0 15.0 332.0 41.0
26.0 202.0 36.0 229.0
11.0 535.0 27.0 570.0
11.0 534.0 14.0 571.0
24.0 203.0 36.0 229.0
25.0 202.0 36.0 229.0
36.0 116.0 49.0 154.0
26.0 203.0 36.0 229.0
36.0 117.0 49.0 154.0
32.0 236.0 42.0 266.0
25.0 203.0 36.0 229.0
31.0 238.0 43.0 268.0
40.0 138.0 53.0 173.0
41.0 136.0 53.0 173.0
325.0 16.0 332.0 41.0
26.0 204.0 36.0 229.0
40.0 139.0 53.0 173.0
48.0 167.0 59.0 195.0
40.0 137.0 53.0 173.0
36.0 118.0 49.0 154.0
40.0 136.0 53.0 173.0
35.0 117.0 49.0 154.0
35.0 116.0 45.0 139.0
46.0 166.0 59.0 195.0
326.0 16.0 332.0 41.0
172.0 334.0 175.0 366.0
41.0 139.0 53.0 173.0
47.0 167.0 59.0 195.0
327.0 15.0 332.0 41.0
283.0 114.0 290.0 153.0
21.0 203.0 36.0 229.0
32.0 238.0 43.0 266.0
40.0 140.0 53.0 173.0
327.0 16.0 332.0 41.0
47.0 166.0 59.0 195.0
47.0 168.0 59.0 195.0
32.0 237.0 43.0 266.0
46.0 167.0 59.0 195.0
407.0 76.0 418.0 91.0
456.0 449.0 472.0 475.0
190.0 413.0 206.0 446.0
255.0 501.0 257.0 550.0
327.0 17.0 337.0 58.0
176.0 367.0 194.0 404.0
98.0 40.0 108.0 77.0
456.0 448.0 472.0 475.0
283.0 113.0 289.0 154.0
255.0 500.0 257.0 550.0
326.0 17.0 332.0 41.0
255.0 503.0 256.0 550.0
98.0 39.0 108.0 77.0
255.0 502.0 256.0 550.0
187.0 140.0 180.0 172.0
99.0 40.0 108.0 77.0
98.0 42.0 108.0 77.0
99.0 42.0 109.0 79.0
455.0 448.0 471.0 475.0
98.0 41.0 108.0 77.0
256.0 502.0 257.0 550.0
186.0 141.0 180.0 172.0
282.0 113.0 289.0 154.0
256.0 501.0 257.0 550.0
292.0 630.0 236.0 623.0
179.0 337.0 175.0 366.0
189.0 412.0 206.0 446.0
293.0 631.0 236.0 623.0
187.0 141.0 180.0 172.0
186.0 142.0 180.0 172.0
27.0 578.0 41.0 608.0
187.0 142.0 180.0 172.0
190.0 412.0 206.0 446.0
448.0 444.0 470.0 477.0
190.0 411.0 206.0 446.0
269.0 475.0 288.0 516.0
175.0 367.0 194.0 404.0
292.0 629.0 236.0 623.0
26.0 578.0 41.0 608.0
336.0 2.0 332.0 41.0
99.0 41.0 108.0 77.0
336.0 1.0 332.0 41.0
175.0 366.0 183.0 384.0
240.0 476.0 250.0 489.0
179.0 336.0 175.0 366.0
27.0 577.0 41.0 607.0
26.0 579.0 41.0 608.0
26.0 577.0 41.0 608.0
293.0 630.0 237.0 623.0
189.0 411.0 206.0 446.0
240.0 477.0 250.0 489.0
118.0 16.0 121.0 13.0
117.0 16.0 121.0 13.0
335.0 620.0 361.0 633.0
117.0 15.0 121.0 13.0
241.0 477.0 250.0 489.0
337.0 3.0 332.0 41.0
337.0 1.0 332.0 41.0
99.0 5.0 111.0 37.0
337.0 2.0 332.0 41.0
99.0 4.0 111.0 37.0
302.0 515.0 299.0 583.0
118.0 14.0 121.0 13.0
300.0 514.0 299.0 583.0
