187.0 254.0 191.0 256.0
33.0 543.0 32.0 544.0
186.0 254.0 191.0 256.0
187.0 255.0 191.0 256.0
111.0 369.0 112.0 371.0
64.0 100.0 68.0 97.0
53.0 337.0 54.0 337.0
385.0 201.0 394.0 209.0
230.0 8.0 238.0 5.0
63.0 101.0 67.0 98.0
37.0 361.0 37.0 359.0
187.0 557.0 187.0 562.0
276.0 36.0 284.0 35.0
151.0 230.0 155.0 231.0
64.0 101.0 68.0 97.0
33.0 544.0 32.0 546.0
111.0 368.0 112.0 371.0
143.0 264.0 146.0 265.0
231.0 9.0 239.0 5.0
106.0 330.0 107.0 331.0
144.0 264.0 146.0 265.0
278.0 459.0 280.0 466.0
131.0 346.0 132.0 347.0
34.0 544.0 32.0 546.0
26.0 391.0 26.0 390.0
259.0 382.0 262.0 389.0
36.0 361.0 37.0 359.0
276.0 37.0 284.0 35.0
54.0 337.0 54.0 337.0
143.0 265.0 146.0 265.0
55.0 368.0 56.0 368.0
130.0 345.0 132.0 347.0
112.0 370.0 112.0 372.0
132.0 346.0 133.0 348.0
136.0 240.0 139.0 240.0
131.0 345.0 132.0 347.0
110.0 368.0 112.0 371.0
111.0 370.0 112.0 372.0
284.0 58.0 291.0 57.0
89.0 72.0 94.0 68.0
36.0 360.0 37.0 359.0
318.0 337.0 323.0 345.0
37.0 360.0 37.0 359.0
135.0 240.0 139.0 240.0
11.0 401.0 11.0 401.0
231.0 8.0 238.0 5.0
105.0 330.0 107.0 331.0
110.0 369.0 112.0 371.0
144.0 263.0 146.0 265.0
122.0 543.0 124.0 545.0
166.0 321.0 168.0 324.0
217.0 372.0 220.0 380.0
139.0 366.0 140.0 367.0
143.0 263.0 146.0 265.0
278.0 458.0 280.0 466.0
55.0 369.0 56.0 369.0
25.0 392.0 26.0 390.0
173.0 537.0 173.0 542.0
62.0 101.0 67.0 98.0
124.0 360.0 126.0 363.0
318.0 336.0 323.0 345.0
139.0 365.0 140.0 367.0
177.0 32.0 183.0 30.0
25.0 391.0 26.0 390.0
54.0 368.0 56.0 368.0
89.0 71.0 94.0 68.0
16.0 546.0 14.0 546.0
154.0 441.0 154.0 447.0
136.0 239.0 139.0 240.0
188.0 556.0 187.0 562.0
54.0 369.0 56.0 369.0
282.0 32.0 289.0 29.0
152.0 230.0 155.0 231.0
112.0 369.0 112.0 371.0
231.0 521.0 231.0 528.0
11.0 402.0 11.0 401.0
137.0 240.0 139.0 240.0
176.0 49.0 182.0 47.0
260.0 382.0 262.0 389.0
173.0 538.0 173.0 542.0
16.0 547.0 15.0 547.0
125.0 360.0 126.0 363.0
174.0 538.0 173.0 542.0
282.0 31.0 289.0 29.0
63.0 100.0 67.0 97.0
85.0 559.0 84.0 563.0
16.0 524.0 15.0 523.0
154.0 442.0 155.0 447.0
72.0 359.0 72.0 359.0
187.0 556.0 187.0 562.0
319.0 337.0 323.0 345.0
284.0 59.0 291.0 57.0
56.0 369.0 57.0 369.0
311.0 401.0 314.0 410.0
54.0 336.0 55.0 337.0
312.0 400.0 314.0 410.0
88.0 72.0 94.0 68.0
55.0 336.0 55.0 337.0
268.0 69.0 275.0 71.0
73.0 358.0 72.0 359.0
15.0 288.0 14.0 285.0
122.0 542.0 124.0 545.0
282.0 30.0 289.0 29.0
233.0 380.0 234.0 384.0
73.0 359.0 73.0 359.0
88.0 71.0 94.0 68.0
34.0 74.0 38.0 70.0
303.0 543.0 304.0 555.0
53.0 466.0 53.0 470.0
46.0 598.0 44.0 605.0
14.0 287.0 14.0 285.0
16.0 525.0 15.0 523.0
53.0 465.0 53.0 470.0
311.0 399.0 314.0 410.0
135.0 241.0 139.0 241.0
15.0 524.0 15.0 523.0
137.0 187.0 138.0 188.0
86.0 558.0 84.0 563.0
15.0 287.0 14.0 285.0
132.0 345.0 133.0 347.0
268.0 514.0 269.0 523.0
284.0 57.0 291.0 57.0
137.0 186.0 138.0 188.0
173.0 536.0 173.0 542.0
46.0 599.0 44.0 605.0
170.0 507.0 170.0 511.0
217.0 373.0 220.0 380.0
155.0 442.0 155.0 447.0
348.0 296.0 353.0 305.0
138.0 186.0 138.0 188.0
348.0 295.0 353.0 305.0
364.0 380.0 367.0 391.0
138.0 366.0 140.0 367.0
16.0 548.0 15.0 547.0
136.0 241.0 139.0 241.0
269.0 69.0 275.0 71.0
12.0 402.0 11.0 401.0
156.0 519.0 156.0 524.0
138.0 187.0 138.0 188.0
251.0 580.0 250.0 590.0
174.0 537.0 173.0 542.0
251.0 581.0 250.0 590.0
216.0 553.0 216.0 560.0
86.0 559.0 84.0 563.0
107.0 595.0 105.0 602.0
260.0 383.0 262.0 389.0
143.0 301.0 143.0 303.0
155.0 441.0 155.0 447.0
27.0 391.0 26.0 390.0
157.0 520.0 156.0 524.0
270.0 43.0 277.0 41.0
304.0 543.0 305.0 555.0
259.0 383.0 262.0 389.0
319.0 336.0 323.0 345.0
139.0 187.0 139.0 187.0
177.0 33.0 183.0 30.0
47.0 598.0 44.0 605.0
171.0 507.0 171.0 512.0
412.0 243.0 420.0 253.0
283.0 58.0 291.0 57.0
156.0 520.0 156.0 524.0
108.0 595.0 105.0 602.0
304.0 466.0 305.0 477.0
398.0 230.0 405.0 240.0
47.0 599.0 44.0 605.0
71.0 505.0 70.0 509.0
281.0 30.0 289.0 29.0
269.0 43.0 277.0 41.0
312.0 401.0 314.0 410.0
165.0 321.0 167.0 324.0
15.0 525.0 15.0 523.0
112.0 368.0 112.0 371.0
187.0 451.0 188.0 456.0
187.0 450.0 188.0 456.0
36.0 625.0 34.0 630.0
52.0 465.0 53.0 470.0
217.0 553.0 216.0 560.0
278.0 457.0 280.0 466.0
164.0 321.0 166.0 324.0
232.0 380.0 234.0 384.0
317.0 337.0 322.0 345.0
312.0 402.0 314.0 410.0
143.0 300.0 143.0 303.0
281.0 31.0 289.0 29.0
201.0 512.0 202.0 518.0
244.0 364.0 247.0 370.0
412.0 244.0 420.0 253.0
13.0 287.0 14.0 285.0
33.0 74.0 38.0 70.0
63.0 303.0 65.0 302.0
264.0 308.0 266.0 314.0
311.0 400.0 314.0 410.0
139.0 186.0 139.0 187.0
252.0 580.0 250.0 590.0
246.0 365.0 247.0 370.0
232.0 381.0 234.0 384.0
232.0 379.0 234.0 384.0
48.0 281.0 49.0 278.0
14.0 288.0 14.0 285.0
48.0 598.0 44.0 605.0
298.0 382.0 301.0 391.0
270.0 44.0 277.0 41.0
311.0 402.0 314.0 410.0
49.0 245.0 51.0 243.0
87.0 559.0 84.0 563.0
54.0 524.0 53.0 526.0
245.0 364.0 247.0 370.0
85.0 422.0 84.0 428.0
37.0 625.0 34.0 630.0
87.0 558.0 84.0 563.0
363.0 379.0 367.0 391.0
349.0 296.0 353.0 305.0
363.0 380.0 367.0 391.0
26.0 392.0 26.0 390.0
13.0 288.0 14.0 285.0
188.0 451.0 188.0 456.0
142.0 301.0 143.0 302.0
304.0 544.0 305.0 555.0
36.0 624.0 34.0 630.0
411.0 244.0 420.0 253.0
170.0 605.0 170.0 608.0
128.0 95.0 132.0 92.0
220.0 529.0 220.0 536.0
56.0 524.0 54.0 526.0
263.0 309.0 266.0 314.0
166.0 322.0 168.0 324.0
187.0 555.0 187.0 562.0
217.0 572.0 215.0 580.0
305.0 466.0 305.0 477.0
404.0 303.0 412.0 314.0
138.0 188.0 138.0 188.0
281.0 32.0 289.0 29.0
119.0 451.0 119.0 456.0
48.0 280.0 49.0 278.0
54.0 525.0 53.0 526.0
263.0 308.0 266.0 314.0
55.0 524.0 54.0 526.0
47.0 281.0 49.0 279.0
121.0 543.0 124.0 545.0
34.0 545.0 32.0 546.0
138.0 472.0 139.0 477.0
33.0 545.0 32.0 546.0
49.0 244.0 51.0 243.0
85.0 423.0 84.0 428.0
165.0 322.0 167.0 324.0
246.0 364.0 247.0 370.0
200.0 623.0 199.0 628.0
55.0 523.0 54.0 526.0
47.0 280.0 49.0 279.0
127.0 94.0 132.0 92.0
128.0 94.0 132.0 92.0
254.0 437.0 255.0 446.0
170.0 604.0 170.0 608.0
397.0 230.0 405.0 240.0
177.0 383.0 179.0 386.0
171.0 605.0 170.0 608.0
63.0 302.0 65.0 302.0
86.0 423.0 85.0 428.0
138.0 471.0 139.0 477.0
244.0 365.0 247.0 370.0
119.0 450.0 119.0 456.0
188.0 450.0 189.0 456.0
216.0 552.0 216.0 560.0
216.0 572.0 215.0 580.0
245.0 365.0 247.0 370.0
54.0 465.0 53.0 470.0
401.0 270.0 408.0 278.0
174.0 536.0 173.0 542.0
218.0 507.0 220.0 513.0
215.0 391.0 217.0 396.0
232.0 520.0 231.0 528.0
10.0 462.0 10.0 465.0
48.0 282.0 49.0 278.0
401.0 269.0 408.0 278.0
80.0 260.0 82.0 260.0
121.0 542.0 124.0 545.0
141.0 300.0 143.0 302.0
138.0 473.0 139.0 477.0
201.0 623.0 199.0 628.0
127.0 95.0 132.0 92.0
33.0 75.0 38.0 70.0
220.0 507.0 221.0 513.0
38.0 200.0 41.0 197.0
62.0 303.0 65.0 302.0
139.0 472.0 139.0 477.0
139.0 473.0 139.0 477.0
184.0 510.0 184.0 515.0
220.0 528.0 220.0 536.0
216.0 391.0 217.0 396.0
127.0 93.0 132.0 92.0
185.0 511.0 184.0 516.0
126.0 94.0 132.0 92.0
50.0 245.0 51.0 243.0
359.0 308.0 364.0 319.0
10.0 461.0 10.0 465.0
94.0 504.0 92.0 508.0
37.0 624.0 34.0 630.0
55.0 525.0 53.0 526.0
111.0 88.0 115.0 85.0
126.0 95.0 132.0 92.0
142.0 300.0 143.0 302.0
38.0 199.0 41.0 197.0
28.0 422.0 33.0 429.0
118.0 451.0 119.0 456.0
217.0 552.0 216.0 560.0
139.0 471.0 139.0 477.0
141.0 301.0 143.0 302.0
120.0 543.0 124.0 545.0
219.0 507.0 220.0 513.0
426.0 252.0 433.0 262.0
62.0 302.0 65.0 302.0
50.0 244.0 51.0 243.0
117.0 451.0 119.0 456.0
68.0 62.0 73.0 58.0
303.0 466.0 305.0 477.0
171.0 604.0 170.0 608.0
202.0 512.0 202.0 518.0
67.0 62.0 73.0 58.0
95.0 504.0 92.0 508.0
38.0 201.0 41.0 197.0
423.0 443.0 428.0 458.0
254.0 438.0 255.0 446.0
359.0 309.0 364.0 319.0
67.0 63.0 72.0 59.0
29.0 422.0 33.0 429.0
202.0 623.0 199.0 628.0
185.0 510.0 184.0 515.0
66.0 63.0 72.0 59.0
304.0 467.0 305.0 477.0
44.0 406.0 43.0 406.0
245.0 363.0 247.0 370.0
171.0 603.0 170.0 608.0
303.0 467.0 305.0 477.0
68.0 63.0 72.0 59.0
359.0 310.0 364.0 319.0
170.0 603.0 170.0 608.0
80.0 261.0 82.0 260.0
43.0 406.0 43.0 406.0
201.0 511.0 202.0 518.0
43.0 407.0 43.0 406.0
424.0 443.0 429.0 457.0
54.0 486.0 54.0 490.0
202.0 622.0 199.0 628.0
425.0 252.0 433.0 262.0
37.0 200.0 41.0 197.0
200.0 622.0 199.0 628.0
186.0 510.0 184.0 515.0
354.0 72.0 363.0 73.0
20.0 308.0 22.0 305.0
55.0 486.0 54.0 490.0
422.0 442.0 428.0 458.0
201.0 622.0 199.0 628.0
85.0 369.0 84.0 369.0
41.0 406.0 43.0 405.0
426.0 253.0 433.0 262.0
401.0 388.0 407.0 401.0
42.0 406.0 43.0 405.0
42.0 407.0 43.0 406.0
424.0 252.0 433.0 262.0
423.0 442.0 428.0 458.0
411.0 535.0 416.0 549.0
120.0 471.0 121.0 475.0
90.0 622.0 83.0 623.0
202.0 511.0 202.0 518.0
423.0 441.0 428.0 458.0
15.0 168.0 22.0 171.0
121.0 471.0 121.0 475.0
15.0 169.0 22.0 171.0
152.0 451.0 152.0 456.0
138.0 584.0 137.0 589.0
53.0 425.0 53.0 430.0
19.0 308.0 22.0 306.0
424.0 442.0 429.0 457.0
354.0 73.0 363.0 73.0
355.0 72.0 363.0 73.0
425.0 442.0 429.0 457.0
425.0 253.0 433.0 262.0
138.0 583.0 137.0 589.0
332.0 39.0 343.0 41.0
79.0 364.0 84.0 368.0
332.0 40.0 343.0 41.0
139.0 584.0 137.0 589.0
120.0 472.0 120.0 475.0
139.0 583.0 137.0 589.0
54.0 425.0 53.0 430.0
14.0 168.0 22.0 171.0
55.0 505.0 61.0 509.0
91.0 622.0 83.0 623.0
87.0 472.0 85.0 474.0
424.0 441.0 429.0 457.0
355.0 73.0 363.0 73.0
86.0 472.0 85.0 474.0
87.0 471.0 85.0 474.0
153.0 451.0 153.0 456.0
54.0 505.0 61.0 509.0
86.0 471.0 85.0 474.0
85.0 471.0 85.0 474.0
185.0 320.0 189.0 317.0
257.0 337.0 257.0 333.0
30.0 591.0 24.0 584.0
411.0 542.0 416.0 549.0
30.0 592.0 24.0 584.0
31.0 591.0 24.0 584.0
61.0 424.0 54.0 430.0
386.0 585.0 388.0 600.0
412.0 543.0 416.0 549.0
411.0 543.0 416.0 549.0
386.0 584.0 388.0 600.0
387.0 585.0 388.0 600.0
387.0 584.0 389.0 599.0
368.0 62.0 363.0 73.0
368.0 61.0 363.0 73.0
126.0 259.0 139.0 241.0
