97.0 354.0 81.0 400.0
97.0 355.0 80.0 401.0
98.0 354.0 81.0 400.0
97.0 356.0 79.0 402.0
98.0 355.0 80.0 401.0
98.0 353.0 81.0 400.0
98.0 356.0 79.0 402.0
352.0 229.0 332.0 282.0
111.0 300.0 93.0 351.0
111.0 301.0 93.0 351.0
207.0 417.0 188.0 466.0
208.0 417.0 188.0 466.0
112.0 299.0 93.0 351.0
111.0 302.0 93.0 351.0
338.0 172.0 319.0 227.0
380.0 403.0 360.0 463.0
159.0 357.0 144.0 401.0
338.0 171.0 319.0 227.0
351.0 229.0 332.0 282.0
206.0 416.0 187.0 466.0
112.0 301.0 95.0 351.0
112.0 302.0 95.0 351.0
111.0 158.0 104.0 207.0
111.0 159.0 105.0 208.0
14.0 54.0 6.0 102.0
110.0 159.0 105.0 208.0
206.0 415.0 187.0 466.0
208.0 416.0 188.0 466.0
148.0 490.0 131.0 538.0
100.0 237.0 89.0 283.0
159.0 356.0 144.0 401.0
99.0 237.0 89.0 283.0
207.0 416.0 188.0 466.0
111.0 160.0 105.0 208.0
136.0 211.0 124.0 256.0
175.0 353.0 160.0 396.0
112.0 300.0 95.0 351.0
110.0 160.0 105.0 208.0
137.0 211.0 124.0 256.0
256.0 460.0 236.0 515.0
235.0 197.0 220.0 249.0
227.0 140.0 213.0 194.0
113.0 300.0 95.0 351.0
218.0 439.0 197.0 490.0
14.0 55.0 6.0 102.0
320.0 176.0 299.0 235.0
136.0 212.0 124.0 256.0
158.0 357.0 144.0 401.0
207.0 415.0 188.0 466.0
14.0 56.0 6.0 103.0
113.0 301.0 95.0 351.0
208.0 415.0 188.0 466.0
226.0 140.0 213.0 194.0
110.0 158.0 104.0 207.0
217.0 439.0 197.0 491.0
99.0 236.0 89.0 283.0
319.0 179.0 299.0 235.0
319.0 178.0 299.0 235.0
257.0 460.0 236.0 515.0
100.0 236.0 89.0 283.0
409.0 330.0 388.0 390.0
320.0 177.0 299.0 235.0
231.0 278.0 210.0 334.0
351.0 230.0 332.0 282.0
256.0 459.0 236.0 515.0
137.0 212.0 124.0 256.0
339.0 171.0 319.0 227.0
235.0 198.0 220.0 249.0
408.0 330.0 388.0 390.0
257.0 459.0 241.0 510.0
352.0 230.0 332.0 282.0
225.0 277.0 210.0 334.0
350.0 230.0 332.0 282.0
339.0 172.0 319.0 227.0
320.0 178.0 299.0 235.0
226.0 141.0 213.0 194.0
367.0 254.0 348.0 310.0
219.0 439.0 197.0 490.0
351.0 336.0 333.0 390.0
127.0 501.0 106.0 550.0
160.0 357.0 144.0 401.0
110.0 157.0 104.0 207.0
15.0 54.0 6.0 102.0
100.0 235.0 89.0 283.0
15.0 55.0 6.0 102.0
350.0 336.0 333.0 390.0
126.0 502.0 105.0 550.0
126.0 500.0 105.0 550.0
127.0 500.0 106.0 550.0
126.0 501.0 105.0 550.0
15.0 56.0 6.0 103.0
147.0 212.0 132.0 257.0
241.0 193.0 222.0 247.0
146.0 211.0 132.0 257.0
252.0 252.0 236.0 303.0
321.0 176.0 299.0 235.0
146.0 212.0 132.0 257.0
366.0 255.0 348.0 310.0
252.0 251.0 236.0 303.0
137.0 213.0 124.0 256.0
227.0 461.0 206.0 514.0
252.0 250.0 236.0 303.0
191.0 182.0 178.0 236.0
192.0 431.0 172.0 479.0
350.0 335.0 333.0 390.0
125.0 501.0 105.0 550.0
133.0 94.0 123.0 142.0
192.0 430.0 172.0 479.0
134.0 94.0 123.0 142.0
227.0 460.0 207.0 514.0
351.0 231.0 332.0 282.0
204.0 274.0 188.0 330.0
251.0 251.0 236.0 303.0
242.0 192.0 222.0 247.0
204.0 275.0 188.0 330.0
204.0 276.0 187.0 331.0
136.0 213.0 124.0 256.0
205.0 274.0 188.0 330.0
159.0 161.0 148.0 211.0
367.0 255.0 348.0 310.0
133.0 93.0 123.0 142.0
228.0 460.0 213.0 520.0
352.0 231.0 332.0 282.0
242.0 193.0 222.0 247.0
205.0 276.0 187.0 331.0
186.0 381.0 170.0 426.0
206.0 257.0 191.0 309.0
205.0 275.0 188.0 330.0
186.0 382.0 170.0 426.0
366.0 256.0 348.0 310.0
185.0 381.0 170.0 426.0
191.0 185.0 178.0 237.0
185.0 382.0 170.0 426.0
190.0 182.0 178.0 236.0
367.0 256.0 348.0 310.0
134.0 93.0 123.0 142.0
159.0 162.0 148.0 211.0
350.0 231.0 332.0 282.0
159.0 163.0 148.0 212.0
158.0 162.0 148.0 211.0
201.0 158.0 188.0 217.0
191.0 183.0 178.0 236.0
352.0 95.0 331.0 159.0
191.0 184.0 178.0 237.0
188.0 267.0 170.0 321.0
132.0 73.0 118.0 118.0
158.0 161.0 148.0 210.0
230.0 256.0 215.0 307.0
353.0 95.0 331.0 159.0
132.0 74.0 118.0 118.0
206.0 259.0 192.0 310.0
403.0 508.0 384.0 569.0
206.0 258.0 191.0 309.0
190.0 183.0 178.0 236.0
352.0 94.0 331.0 159.0
190.0 184.0 178.0 237.0
403.0 507.0 384.0 569.0
252.0 280.0 235.0 335.0
158.0 163.0 148.0 212.0
133.0 73.0 118.0 118.0
352.0 93.0 331.0 159.0
230.0 254.0 215.0 307.0
353.0 94.0 331.0 159.0
148.0 357.0 144.0 401.0
133.0 74.0 118.0 118.0
230.0 255.0 215.0 307.0
392.0 309.0 370.0 370.0
317.0 130.0 290.0 198.0
129.0 174.0 130.0 216.0
252.0 278.0 235.0 335.0
403.0 506.0 384.0 569.0
391.0 308.0 370.0 370.0
391.0 309.0 370.0 370.0
251.0 280.0 234.0 336.0
231.0 254.0 215.0 307.0
353.0 93.0 331.0 159.0
146.0 498.0 131.0 538.0
231.0 255.0 215.0 307.0
205.0 258.0 191.0 309.0
431.0 525.0 409.0 589.0
231.0 256.0 215.0 307.0
392.0 308.0 370.0 370.0
145.0 498.0 131.0 538.0
129.0 173.0 130.0 216.0
252.0 279.0 235.0 335.0
209.0 164.0 189.0 218.0
366.0 257.0 348.0 310.0
318.0 130.0 290.0 198.0
251.0 279.0 235.0 335.0
317.0 129.0 290.0 198.0
100.0 315.0 93.0 352.0
431.0 523.0 409.0 589.0
145.0 499.0 131.0 538.0
205.0 259.0 191.0 309.0
146.0 499.0 131.0 538.0
205.0 257.0 191.0 309.0
367.0 257.0 348.0 310.0
431.0 524.0 409.0 589.0
251.0 278.0 235.0 335.0
99.0 315.0 93.0 352.0
209.0 163.0 189.0 218.0
128.0 173.0 130.0 216.0
161.0 66.0 148.0 116.0
432.0 524.0 410.0 589.0
160.0 66.0 148.0 116.0
146.0 500.0 131.0 538.0
225.0 190.0 219.0 248.0
145.0 500.0 131.0 538.0
159.0 67.0 148.0 116.0
202.0 83.0 185.0 144.0
225.0 189.0 219.0 248.0
317.0 128.0 289.0 197.0
469.0 337.0 449.0 399.0
204.0 258.0 191.0 309.0
129.0 44.0 121.0 93.0
238.0 165.0 210.0 214.0
251.0 129.0 242.0 188.0
239.0 164.0 210.0 214.0
371.0 74.0 358.0 143.0
432.0 523.0 409.0 589.0
155.0 19.0 189.0 33.0
161.0 67.0 148.0 116.0
210.0 163.0 189.0 218.0
319.0 129.0 290.0 198.0
160.0 67.0 148.0 116.0
155.0 18.0 189.0 33.0
318.0 129.0 290.0 198.0
203.0 82.0 185.0 144.0
155.0 17.0 189.0 33.0
131.0 481.0 106.0 549.0
238.0 167.0 210.0 214.0
224.0 190.0 219.0 248.0
239.0 165.0 210.0 214.0
318.0 128.0 289.0 197.0
238.0 166.0 210.0 214.0
201.0 82.0 185.0 144.0
224.0 189.0 219.0 248.0
239.0 166.0 210.0 214.0
202.0 82.0 185.0 144.0
251.0 128.0 242.0 188.0
222.0 299.0 219.0 357.0
203.0 81.0 185.0 144.0
210.0 164.0 189.0 218.0
179.0 421.0 171.0 479.0
202.0 81.0 185.0 144.0
112.0 65.0 86.0 108.0
250.0 129.0 242.0 188.0
319.0 128.0 289.0 197.0
221.0 299.0 219.0 357.0
250.0 128.0 242.0 188.0
220.0 145.0 213.0 194.0
470.0 336.0 449.0 398.0
239.0 167.0 210.0 214.0
435.0 184.0 410.0 252.0
222.0 298.0 219.0 357.0
249.0 128.0 242.0 188.0
470.0 337.0 449.0 398.0
