181.0 212.0 182.0 212.0
182.0 212.0 182.0 212.0
148.0 87.0 147.0 92.0
327.0 132.0 325.0 129.0
358.0 418.0 362.0 410.0
327.0 130.0 325.0 128.0
357.0 418.0 362.0 410.0
69.0 523.0 76.0 525.0
327.0 131.0 325.0 129.0
377.0 105.0 373.0 104.0
378.0 105.0 373.0 104.0
378.0 106.0 373.0 104.0
69.0 524.0 76.0 525.0
112.0 197.0 113.0 199.0
379.0 105.0 373.0 104.0
378.0 104.0 373.0 104.0
326.0 130.0 325.0 129.0
156.0 88.0 155.0 92.0
328.0 131.0 326.0 129.0
357.0 419.0 361.0 411.0
111.0 196.0 112.0 199.0
139.0 205.0 140.0 207.0
106.0 75.0 104.0 81.0
198.0 159.0 198.0 161.0
379.0 104.0 373.0 104.0
30.0 187.0 32.0 192.0
326.0 131.0 325.0 129.0
358.0 419.0 362.0 410.0
76.0 611.0 84.0 612.0
367.0 42.0 363.0 43.0
70.0 524.0 76.0 525.0
369.0 42.0 363.0 43.0
369.0 41.0 363.0 43.0
111.0 197.0 112.0 199.0
199.0 159.0 198.0 161.0
127.0 143.0 127.0 146.0
70.0 523.0 76.0 525.0
29.0 187.0 31.0 192.0
66.0 477.0 72.0 479.0
91.0 136.0 92.0 140.0
367.0 41.0 363.0 43.0
77.0 491.0 83.0 491.0
75.0 611.0 84.0 612.0
69.0 522.0 76.0 524.0
70.0 522.0 76.0 525.0
368.0 41.0 363.0 43.0
187.0 303.0 189.0 303.0
124.0 493.0 130.0 492.0
113.0 564.0 121.0 562.0
139.0 255.0 141.0 257.0
127.0 470.0 132.0 470.0
111.0 198.0 112.0 199.0
368.0 40.0 363.0 43.0
198.0 158.0 198.0 161.0
230.0 401.0 234.0 399.0
368.0 42.0 363.0 43.0
140.0 206.0 141.0 208.0
75.0 344.0 78.0 345.0
74.0 343.0 78.0 343.0
91.0 135.0 91.0 139.0
75.0 343.0 78.0 344.0
228.0 401.0 233.0 398.0
199.0 158.0 198.0 161.0
258.0 429.0 263.0 422.0
367.0 40.0 363.0 43.0
258.0 428.0 263.0 422.0
229.0 402.0 234.0 399.0
229.0 401.0 234.0 399.0
28.0 608.0 36.0 611.0
187.0 433.0 191.0 431.0
140.0 205.0 141.0 206.0
86.0 75.0 85.0 81.0
78.0 490.0 83.0 491.0
138.0 254.0 140.0 255.0
162.0 183.0 162.0 185.0
85.0 74.0 85.0 81.0
77.0 490.0 83.0 491.0
219.0 147.0 218.0 147.0
259.0 429.0 263.0 422.0
90.0 136.0 92.0 140.0
29.0 608.0 36.0 611.0
125.0 271.0 126.0 273.0
197.0 12.0 195.0 17.0
186.0 303.0 189.0 303.0
95.0 344.0 98.0 345.0
319.0 573.0 325.0 565.0
186.0 302.0 189.0 302.0
28.0 609.0 36.0 611.0
43.0 606.0 51.0 608.0
66.0 476.0 72.0 478.0
198.0 11.0 195.0 17.0
189.0 409.0 193.0 406.0
161.0 184.0 162.0 185.0
318.0 574.0 325.0 565.0
162.0 185.0 162.0 186.0
94.0 344.0 98.0 345.0
124.0 494.0 130.0 492.0
9.0 181.0 9.0 187.0
220.0 147.0 218.0 148.0
76.0 610.0 85.0 612.0
29.0 610.0 35.0 611.0
18.0 152.0 19.0 158.0
139.0 254.0 140.0 255.0
438.0 232.0 437.0 224.0
198.0 12.0 195.0 17.0
86.0 74.0 85.0 81.0
110.0 197.0 111.0 199.0
29.0 609.0 35.0 611.0
293.0 601.0 302.0 592.0
439.0 231.0 438.0 224.0
35.0 159.0 37.0 164.0
71.0 523.0 76.0 525.0
259.0 428.0 263.0 422.0
190.0 78.0 188.0 82.0
123.0 493.0 130.0 492.0
143.0 425.0 148.0 425.0
123.0 494.0 130.0 492.0
125.0 272.0 126.0 273.0
27.0 609.0 36.0 611.0
230.0 402.0 234.0 399.0
258.0 427.0 263.0 422.0
438.0 230.0 438.0 224.0
142.0 547.0 149.0 545.0
190.0 410.0 193.0 406.0
439.0 232.0 439.0 225.0
147.0 147.0 146.0 148.0
85.0 75.0 85.0 81.0
140.0 204.0 141.0 206.0
253.0 452.0 258.0 446.0
189.0 410.0 193.0 406.0
124.0 272.0 126.0 273.0
141.0 205.0 141.0 206.0
292.0 601.0 302.0 592.0
292.0 600.0 302.0 592.0
162.0 184.0 162.0 185.0
198.0 13.0 195.0 17.0
293.0 600.0 302.0 592.0
36.0 157.0 37.0 164.0
124.0 492.0 130.0 492.0
199.0 13.0 195.0 17.0
189.0 80.0 187.0 82.0
147.0 146.0 146.0 148.0
161.0 183.0 162.0 185.0
85.0 76.0 84.0 82.0
254.0 451.0 259.0 445.0
28.0 610.0 35.0 611.0
18.0 151.0 19.0 158.0
189.0 81.0 188.0 84.0
438.0 231.0 437.0 224.0
77.0 489.0 83.0 491.0
190.0 81.0 188.0 84.0
189.0 125.0 188.0 127.0
94.0 208.0 97.0 210.0
36.0 158.0 37.0 164.0
190.0 80.0 187.0 82.0
126.0 470.0 132.0 470.0
199.0 12.0 195.0 17.0
124.0 271.0 126.0 273.0
142.0 546.0 149.0 545.0
95.0 207.0 97.0 210.0
17.0 151.0 18.0 158.0
78.0 489.0 83.0 491.0
73.0 209.0 75.0 212.0
155.0 306.0 158.0 306.0
190.0 79.0 189.0 82.0
85.0 98.0 85.0 102.0
84.0 97.0 84.0 101.0
108.0 357.0 113.0 359.0
76.0 490.0 83.0 491.0
94.0 209.0 97.0 210.0
253.0 450.0 259.0 445.0
185.0 302.0 189.0 302.0
73.0 386.0 77.0 388.0
95.0 208.0 97.0 210.0
71.0 134.0 72.0 139.0
185.0 303.0 189.0 303.0
15.0 396.0 20.0 400.0
84.0 98.0 85.0 102.0
8.0 180.0 9.0 187.0
60.0 373.0 64.0 377.0
16.0 396.0 20.0 400.0
253.0 451.0 258.0 446.0
72.0 209.0 73.0 213.0
85.0 242.0 88.0 245.0
437.0 231.0 437.0 224.0
34.0 459.0 40.0 461.0
145.0 146.0 146.0 149.0
189.0 79.0 187.0 82.0
254.0 450.0 259.0 445.0
7.0 181.0 9.0 187.0
50.0 488.0 57.0 489.0
9.0 373.0 12.0 374.0
86.0 241.0 88.0 245.0
291.0 601.0 301.0 592.0
124.0 270.0 126.0 273.0
188.0 125.0 187.0 127.0
72.0 387.0 76.0 390.0
252.0 451.0 258.0 446.0
50.0 489.0 57.0 489.0
146.0 146.0 146.0 148.0
49.0 488.0 57.0 489.0
141.0 548.0 149.0 545.0
391.0 75.0 387.0 77.0
74.0 209.0 75.0 212.0
85.0 97.0 85.0 102.0
86.0 242.0 88.0 245.0
35.0 459.0 40.0 461.0
84.0 74.0 85.0 81.0
8.0 181.0 9.0 187.0
207.0 501.0 212.0 498.0
189.0 124.0 188.0 127.0
184.0 303.0 189.0 303.0
34.0 458.0 40.0 461.0
85.0 96.0 85.0 101.0
191.0 80.0 189.0 83.0
317.0 483.0 322.0 475.0
324.0 49.0 321.0 53.0
292.0 602.0 302.0 592.0
49.0 487.0 57.0 489.0
145.0 147.0 145.0 150.0
291.0 602.0 302.0 592.0
108.0 358.0 113.0 359.0
318.0 573.0 325.0 565.0
61.0 374.0 64.0 377.0
85.0 241.0 88.0 245.0
108.0 359.0 113.0 359.0
141.0 547.0 149.0 545.0
35.0 158.0 37.0 164.0
442.0 46.0 437.0 46.0
146.0 147.0 145.0 150.0
141.0 546.0 149.0 545.0
142.0 548.0 149.0 545.0
107.0 358.0 113.0 359.0
48.0 489.0 57.0 489.0
441.0 45.0 437.0 46.0
318.0 484.0 322.0 475.0
76.0 180.0 77.0 183.0
317.0 485.0 322.0 475.0
317.0 484.0 322.0 475.0
84.0 241.0 86.0 245.0
123.0 271.0 126.0 273.0
61.0 373.0 65.0 377.0
73.0 210.0 75.0 212.0
443.0 46.0 437.0 46.0
93.0 208.0 97.0 210.0
7.0 180.0 9.0 187.0
86.0 97.0 85.0 102.0
202.0 315.0 205.0 312.0
442.0 45.0 437.0 46.0
474.0 27.0 467.0 27.0
16.0 395.0 20.0 400.0
84.0 75.0 84.0 82.0
85.0 240.0 87.0 244.0
123.0 87.0 121.0 93.0
15.0 395.0 20.0 400.0
200.0 316.0 203.0 313.0
473.0 27.0 467.0 27.0
140.0 547.0 149.0 545.0
332.0 55.0 327.0 59.0
164.0 125.0 165.0 129.0
211.0 27.0 209.0 30.0
108.0 133.0 109.0 137.0
76.0 179.0 77.0 183.0
61.0 372.0 65.0 377.0
212.0 27.0 209.0 31.0
164.0 124.0 165.0 128.0
165.0 124.0 165.0 128.0
75.0 178.0 76.0 182.0
325.0 49.0 321.0 53.0
51.0 95.0 50.0 103.0
73.0 385.0 77.0 388.0
318.0 483.0 322.0 475.0
8.0 373.0 12.0 374.0
188.0 124.0 187.0 126.0
62.0 373.0 65.0 377.0
293.0 429.0 298.0 422.0
49.0 489.0 57.0 489.0
274.0 437.0 280.0 430.0
109.0 133.0 109.0 137.0
443.0 45.0 437.0 46.0
125.0 470.0 132.0 469.0
107.0 133.0 109.0 138.0
9.0 372.0 12.0 374.0
294.0 430.0 298.0 422.0
48.0 488.0 57.0 489.0
191.0 599.0 201.0 594.0
76.0 178.0 77.0 182.0
293.0 430.0 298.0 422.0
162.0 420.0 167.0 419.0
2.0 509.0 10.0 513.0
165.0 125.0 165.0 128.0
72.0 210.0 75.0 212.0
474.0 26.0 467.0 27.0
36.0 373.0 41.0 375.0
95.0 540.0 104.0 538.0
174.0 143.0 174.0 145.0
109.0 134.0 109.0 137.0
36.0 372.0 41.0 375.0
201.0 315.0 205.0 312.0
202.0 314.0 205.0 312.0
75.0 179.0 76.0 182.0
164.0 126.0 165.0 129.0
473.0 26.0 467.0 27.0
124.0 87.0 121.0 93.0
108.0 134.0 109.0 137.0
209.0 47.0 206.0 50.0
107.0 134.0 109.0 137.0
129.0 527.0 137.0 526.0
128.0 122.0 132.0 127.0
54.0 427.0 61.0 429.0
8.0 372.0 12.0 374.0
95.0 541.0 104.0 538.0
200.0 315.0 203.0 313.0
253.0 489.0 258.0 484.0
201.0 314.0 205.0 312.0
208.0 47.0 206.0 50.0
95.0 539.0 104.0 538.0
129.0 526.0 135.0 525.0
174.0 142.0 174.0 145.0
113.0 456.0 119.0 455.0
175.0 143.0 174.0 145.0
232.0 497.0 238.0 493.0
96.0 539.0 104.0 538.0
191.0 598.0 199.0 594.0
128.0 121.0 132.0 122.0
112.0 457.0 119.0 455.0
219.0 599.0 227.0 593.0
233.0 497.0 238.0 493.0
94.0 540.0 104.0 538.0
113.0 455.0 119.0 455.0
55.0 426.0 61.0 429.0
94.0 541.0 104.0 538.0
112.0 456.0 119.0 455.0
126.0 141.0 127.0 146.0
96.0 540.0 104.0 538.0
162.0 421.0 167.0 419.0
293.0 431.0 297.0 422.0
190.0 599.0 199.0 593.0
112.0 455.0 119.0 455.0
37.0 373.0 41.0 375.0
190.0 598.0 199.0 593.0
266.0 393.0 269.0 388.0
108.0 135.0 109.0 137.0
175.0 142.0 174.0 145.0
265.0 394.0 269.0 388.0
467.0 56.0 462.0 56.0
83.0 11.0 80.0 18.0
37.0 372.0 41.0 375.0
467.0 58.0 462.0 56.0
265.0 392.0 269.0 388.0
36.0 387.0 41.0 391.0
55.0 427.0 61.0 429.0
275.0 437.0 280.0 429.0
83.0 10.0 80.0 18.0
265.0 393.0 269.0 388.0
466.0 57.0 462.0 56.0
303.0 566.0 309.0 559.0
173.0 143.0 174.0 145.0
81.0 411.0 86.0 413.0
127.0 122.0 132.0 127.0
467.0 57.0 462.0 56.0
468.0 57.0 462.0 56.0
127.0 121.0 132.0 123.0
37.0 387.0 41.0 391.0
36.0 386.0 41.0 391.0
81.0 410.0 86.0 413.0
128.0 120.0 132.0 122.0
103.0 406.0 109.0 407.0
466.0 56.0 462.0 56.0
37.0 386.0 41.0 391.0
104.0 406.0 109.0 407.0
468.0 56.0 462.0 56.0
472.0 113.0 462.0 101.0
302.0 566.0 308.0 559.0
80.0 411.0 86.0 413.0
127.0 120.0 132.0 123.0
80.0 410.0 86.0 413.0
455.0 176.0 451.0 172.0
323.0 84.0 326.0 89.0
472.0 114.0 462.0 101.0
456.0 176.0 451.0 172.0
455.0 177.0 451.0 172.0
456.0 177.0 453.0 172.0
456.0 178.0 453.0 172.0
322.0 84.0 326.0 89.0
167.0 332.0 178.0 331.0
187.0 111.0 187.0 126.0
187.0 110.0 187.0 126.0
477.0 248.0 472.0 247.0
76.0 355.0 79.0 345.0
59.0 90.0 51.0 103.0
106.0 25.0 102.0 39.0
338.0 47.0 321.0 53.0
177.0 170.0 172.0 163.0
177.0 171.0 172.0 163.0
107.0 89.0 104.0 82.0
458.0 66.0 460.0 57.0
76.0 22.0 80.0 19.0
339.0 47.0 321.0 53.0
76.0 23.0 80.0 19.0
223.0 135.0 218.0 147.0
75.0 23.0 80.0 19.0
222.0 135.0 218.0 147.0
95.0 416.0 109.0 407.0
266.0 473.0 279.0 470.0
222.0 134.0 218.0 147.0
71.0 441.0 78.0 453.0
