436.0 189.0 442.0 194.0
437.0 188.0 442.0 194.0
436.0 188.0 442.0 194.0
438.0 188.0 442.0 194.0
437.0 189.0 442.0 194.0
336.0 412.0 340.0 419.0
438.0 189.0 442.0 194.0
403.0 514.0 410.0 524.0
404.0 514.0 410.0 524.0
416.0 367.0 421.0 372.0
336.0 411.0 340.0 419.0
335.0 411.0 340.0 419.0
428.0 507.0 432.0 515.0
336.0 410.0 340.0 419.0
337.0 410.0 341.0 418.0
417.0 367.0 421.0 372.0
428.0 508.0 432.0 515.0
417.0 366.0 421.0 372.0
335.0 410.0 340.0 419.0
337.0 411.0 341.0 418.0
355.0 223.0 361.0 228.0
429.0 507.0 432.0 515.0
404.0 515.0 410.0 524.0
405.0 515.0 411.0 523.0
364.0 323.0 369.0 330.0
433.0 359.0 437.0 365.0
434.0 359.0 437.0 365.0
356.0 222.0 361.0 227.0
139.0 481.0 145.0 490.0
332.0 500.0 337.0 508.0
356.0 224.0 361.0 228.0
264.0 57.0 269.0 63.0
357.0 223.0 361.0 227.0
356.0 223.0 361.0 228.0
361.0 112.0 365.0 119.0
364.0 322.0 369.0 330.0
437.0 492.0 444.0 499.0
362.0 113.0 366.0 118.0
428.0 506.0 432.0 515.0
75.0 364.0 81.0 370.0
436.0 167.0 438.0 172.0
435.0 167.0 438.0 172.0
360.0 112.0 365.0 119.0
435.0 166.0 438.0 172.0
180.0 83.0 186.0 89.0
264.0 58.0 269.0 63.0
427.0 507.0 432.0 515.0
74.0 365.0 81.0 370.0
365.0 323.0 369.0 330.0
360.0 134.0 366.0 141.0
398.0 150.0 401.0 155.0
355.0 222.0 361.0 228.0
181.0 83.0 186.0 89.0
73.0 365.0 81.0 370.0
332.0 501.0 337.0 508.0
74.0 364.0 81.0 370.0
73.0 364.0 81.0 370.0
431.0 375.0 435.0 381.0
263.0 57.0 269.0 63.0
434.0 167.0 438.0 171.0
363.0 323.0 369.0 330.0
436.0 168.0 438.0 172.0
459.0 363.0 462.0 369.0
363.0 324.0 369.0 330.0
265.0 58.0 269.0 63.0
436.0 492.0 444.0 499.0
139.0 480.0 145.0 490.0
381.0 504.0 384.0 512.0
381.0 502.0 384.0 512.0
432.0 374.0 435.0 381.0
382.0 503.0 384.0 512.0
131.0 222.0 129.0 248.0
74.0 363.0 81.0 369.0
140.0 482.0 145.0 490.0
432.0 375.0 435.0 381.0
264.0 59.0 269.0 63.0
362.0 323.0 369.0 330.0
304.0 309.0 308.0 315.0
363.0 322.0 368.0 330.0
381.0 503.0 384.0 512.0
435.0 168.0 438.0 172.0
181.0 84.0 186.0 89.0
158.0 408.0 165.0 415.0
159.0 409.0 165.0 415.0
158.0 409.0 165.0 415.0
314.0 443.0 320.0 449.0
364.0 324.0 369.0 330.0
459.0 364.0 462.0 369.0
380.0 502.0 384.0 511.0
436.0 169.0 438.0 172.0
457.0 363.0 461.0 369.0
160.0 409.0 165.0 415.0
427.0 506.0 431.0 515.0
434.0 168.0 438.0 171.0
386.0 207.0 392.0 214.0
338.0 211.0 341.0 217.0
339.0 300.0 344.0 304.0
159.0 408.0 165.0 415.0
432.0 376.0 435.0 381.0
158.0 410.0 165.0 415.0
352.0 153.0 357.0 158.0
265.0 59.0 269.0 63.0
332.0 165.0 337.0 171.0
351.0 153.0 357.0 158.0
380.0 503.0 384.0 512.0
387.0 207.0 392.0 214.0
380.0 504.0 384.0 512.0
180.0 84.0 186.0 89.0
159.0 410.0 165.0 415.0
305.0 311.0 308.0 315.0
116.0 258.0 121.0 267.0
323.0 380.0 326.0 384.0
313.0 442.0 320.0 449.0
434.0 169.0 438.0 171.0
261.0 429.0 267.0 436.0
387.0 206.0 392.0 214.0
420.0 435.0 425.0 443.0
157.0 409.0 165.0 415.0
305.0 310.0 308.0 315.0
338.0 299.0 344.0 304.0
458.0 364.0 461.0 369.0
397.0 149.0 401.0 155.0
387.0 208.0 392.0 214.0
94.0 303.0 102.0 308.0
421.0 436.0 425.0 443.0
160.0 410.0 165.0 415.0
264.0 56.0 269.0 63.0
304.0 311.0 308.0 315.0
339.0 299.0 344.0 304.0
336.0 247.0 338.0 252.0
96.0 303.0 102.0 308.0
386.0 548.0 396.0 559.0
435.0 169.0 438.0 172.0
397.0 150.0 401.0 155.0
455.0 519.0 461.0 526.0
388.0 208.0 392.0 214.0
304.0 310.0 308.0 315.0
433.0 375.0 435.0 381.0
336.0 248.0 338.0 252.0
462.0 48.0 464.0 53.0
462.0 47.0 464.0 53.0
95.0 303.0 102.0 308.0
161.0 410.0 165.0 415.0
454.0 519.0 460.0 528.0
455.0 520.0 461.0 527.0
388.0 207.0 392.0 214.0
458.0 363.0 461.0 368.0
411.0 13.0 412.0 18.0
262.0 429.0 267.0 436.0
183.0 160.0 191.0 170.0
461.0 49.0 464.0 53.0
368.0 202.0 371.0 203.0
140.0 481.0 145.0 490.0
353.0 153.0 357.0 158.0
433.0 376.0 435.0 381.0
396.0 150.0 401.0 155.0
313.0 443.0 320.0 449.0
147.0 177.0 155.0 177.0
182.0 160.0 191.0 169.0
398.0 151.0 401.0 155.0
397.0 151.0 401.0 155.0
358.0 292.0 363.0 298.0
352.0 154.0 357.0 158.0
461.0 47.0 464.0 53.0
419.0 435.0 425.0 443.0
461.0 48.0 464.0 53.0
337.0 247.0 339.0 252.0
116.0 259.0 121.0 267.0
284.0 304.0 287.0 307.0
341.0 128.0 344.0 133.0
331.0 276.0 335.0 280.0
219.0 69.0 226.0 77.0
402.0 28.0 413.0 19.0
411.0 12.0 412.0 18.0
148.0 177.0 155.0 177.0
258.0 412.0 262.0 418.0
339.0 298.0 344.0 304.0
259.0 412.0 262.0 418.0
353.0 154.0 357.0 159.0
300.0 200.0 303.0 199.0
299.0 200.0 303.0 199.0
419.0 436.0 425.0 443.0
386.0 547.0 396.0 559.0
420.0 436.0 425.0 443.0
300.0 201.0 303.0 199.0
469.0 342.0 471.0 350.0
401.0 28.0 413.0 19.0
389.0 207.0 392.0 214.0
468.0 342.0 471.0 350.0
338.0 213.0 341.0 217.0
284.0 303.0 287.0 307.0
368.0 203.0 371.0 203.0
289.0 413.0 295.0 420.0
284.0 305.0 287.0 308.0
338.0 212.0 341.0 217.0
291.0 413.0 296.0 420.0
298.0 200.0 303.0 199.0
259.0 411.0 262.0 418.0
402.0 29.0 413.0 19.0
342.0 128.0 344.0 133.0
299.0 201.0 303.0 199.0
420.0 437.0 425.0 443.0
410.0 13.0 412.0 18.0
176.0 466.0 186.0 475.0
462.0 49.0 464.0 53.0
289.0 412.0 295.0 420.0
140.0 480.0 145.0 490.0
468.0 343.0 471.0 350.0
290.0 413.0 296.0 420.0
115.0 259.0 121.0 267.0
182.0 161.0 191.0 170.0
140.0 479.0 145.0 490.0
339.0 297.0 344.0 304.0
379.0 503.0 384.0 512.0
115.0 261.0 121.0 267.0
338.0 298.0 344.0 304.0
331.0 275.0 335.0 280.0
125.0 503.0 130.0 510.0
330.0 276.0 335.0 280.0
78.0 339.0 87.0 347.0
116.0 260.0 121.0 267.0
337.0 248.0 339.0 252.0
79.0 340.0 87.0 347.0
115.0 260.0 121.0 267.0
326.0 496.0 336.0 508.0
280.0 399.0 285.0 406.0
182.0 159.0 191.0 169.0
290.0 412.0 296.0 420.0
181.0 160.0 191.0 169.0
401.0 29.0 413.0 19.0
181.0 161.0 190.0 169.0
51.0 355.0 57.0 361.0
141.0 480.0 145.0 490.0
419.0 437.0 425.0 443.0
418.0 436.0 424.0 444.0
79.0 339.0 87.0 347.0
339.0 296.0 344.0 303.0
339.0 212.0 341.0 217.0
338.0 297.0 344.0 303.0
338.0 296.0 344.0 303.0
80.0 340.0 87.0 347.0
467.0 343.0 471.0 350.0
410.0 12.0 412.0 18.0
220.0 69.0 226.0 77.0
331.0 274.0 335.0 280.0
291.0 412.0 296.0 420.0
283.0 304.0 287.0 308.0
433.0 385.0 436.0 392.0
283.0 303.0 287.0 307.0
124.0 502.0 130.0 510.0
128.0 436.0 135.0 443.0
373.0 411.0 379.0 417.0
124.0 503.0 130.0 510.0
279.0 400.0 285.0 406.0
330.0 274.0 335.0 280.0
181.0 159.0 191.0 169.0
469.0 343.0 471.0 350.0
285.0 303.0 288.0 307.0
330.0 275.0 335.0 280.0
80.0 341.0 87.0 347.0
329.0 275.0 334.0 280.0
129.0 436.0 135.0 443.0
123.0 502.0 130.0 510.0
374.0 411.0 379.0 417.0
232.0 40.0 239.0 47.0
285.0 304.0 288.0 307.0
290.0 411.0 296.0 420.0
123.0 503.0 130.0 510.0
23.0 485.0 31.0 491.0
280.0 398.0 285.0 406.0
24.0 486.0 31.0 491.0
25.0 485.0 32.0 491.0
291.0 411.0 296.0 420.0
24.0 484.0 31.0 491.0
278.0 139.0 285.0 145.0
129.0 437.0 135.0 443.0
23.0 484.0 31.0 491.0
279.0 139.0 285.0 145.0
279.0 399.0 285.0 406.0
278.0 398.0 285.0 406.0
242.0 386.0 248.0 390.0
160.0 142.0 166.0 147.0
108.0 514.0 119.0 523.0
278.0 399.0 285.0 406.0
161.0 142.0 166.0 147.0
130.0 437.0 135.0 443.0
266.0 360.0 269.0 365.0
207.0 371.0 212.0 378.0
266.0 359.0 269.0 365.0
207.0 372.0 212.0 378.0
154.0 160.0 155.0 177.0
330.0 364.0 337.0 370.0
279.0 398.0 285.0 406.0
241.0 385.0 248.0 390.0
160.0 143.0 166.0 147.0
291.0 436.0 293.0 442.0
161.0 143.0 166.0 147.0
279.0 397.0 285.0 406.0
130.0 436.0 135.0 443.0
206.0 372.0 211.0 378.0
24.0 485.0 31.0 491.0
108.0 468.0 117.0 477.0
206.0 373.0 211.0 378.0
291.0 435.0 293.0 442.0
206.0 371.0 212.0 378.0
183.0 472.0 187.0 475.0
112.0 336.0 119.0 336.0
160.0 144.0 166.0 147.0
108.0 469.0 118.0 477.0
329.0 364.0 337.0 370.0
266.0 361.0 269.0 365.0
278.0 138.0 285.0 145.0
183.0 471.0 187.0 475.0
292.0 436.0 293.0 442.0
79.0 558.0 88.0 565.0
279.0 138.0 285.0 145.0
183.0 470.0 187.0 475.0
400.0 556.0 397.0 559.0
205.0 372.0 211.0 378.0
329.0 363.0 337.0 370.0
205.0 373.0 211.0 378.0
265.0 359.0 269.0 365.0
79.0 557.0 88.0 564.0
182.0 515.0 188.0 521.0
292.0 435.0 293.0 442.0
205.0 371.0 212.0 378.0
159.0 143.0 166.0 147.0
259.0 303.0 262.0 305.0
293.0 436.0 293.0 442.0
182.0 514.0 188.0 521.0
292.0 437.0 293.0 442.0
427.0 2.0 413.0 18.0
400.0 557.0 397.0 559.0
428.0 2.0 413.0 18.0
80.0 559.0 88.0 565.0
230.0 369.0 237.0 374.0
79.0 559.0 88.0 565.0
80.0 558.0 88.0 565.0
113.0 336.0 119.0 336.0
107.0 514.0 119.0 523.0
250.0 278.0 257.0 283.0
250.0 277.0 257.0 283.0
231.0 369.0 237.0 374.0
182.0 516.0 188.0 521.0
342.0 354.0 338.0 370.0
183.0 515.0 188.0 523.0
249.0 277.0 257.0 283.0
18.0 556.0 29.0 555.0
249.0 278.0 257.0 283.0
58.0 333.0 72.0 342.0
189.0 416.0 203.0 423.0
190.0 416.0 203.0 423.0
183.0 516.0 188.0 523.0
59.0 333.0 72.0 342.0
81.0 559.0 88.0 565.0
182.0 452.0 188.0 460.0
232.0 369.0 237.0 374.0
189.0 415.0 203.0 423.0
109.0 277.0 121.0 267.0
17.0 556.0 29.0 555.0
183.0 453.0 188.0 460.0
108.0 280.0 121.0 267.0
387.0 356.0 381.0 372.0
108.0 278.0 121.0 267.0
295.0 244.0 294.0 252.0
2.0 546.0 11.0 552.0
3.0 546.0 11.0 552.0
48.0 598.0 51.0 603.0
141.0 415.0 142.0 427.0
109.0 278.0 121.0 267.0
101.0 429.0 103.0 440.0
99.0 429.0 103.0 440.0
108.0 279.0 121.0 267.0
35.0 506.0 47.0 515.0
48.0 599.0 51.0 603.0
49.0 599.0 51.0 603.0
336.0 139.0 344.0 133.0
36.0 506.0 47.0 515.0
49.0 598.0 51.0 603.0
188.0 416.0 203.0 423.0
463.0 537.0 461.0 528.0
336.0 140.0 344.0 133.0
463.0 538.0 461.0 528.0
464.0 537.0 461.0 528.0
37.0 507.0 47.0 515.0
443.0 505.0 444.0 500.0
183.0 452.0 188.0 460.0
83.0 573.0 97.0 587.0
465.0 537.0 461.0 528.0
37.0 506.0 47.0 515.0
100.0 429.0 103.0 440.0
464.0 538.0 461.0 528.0
38.0 506.0 47.0 515.0
387.0 355.0 381.0 372.0
2.0 547.0 11.0 552.0
465.0 538.0 461.0 528.0
442.0 504.0 444.0 500.0
443.0 504.0 444.0 500.0
83.0 574.0 97.0 587.0
