304.0 144.0 304.0 143.0
303.0 144.0 304.0 143.0
304.0 145.0 304.0 143.0
338.0 123.0 337.0 123.0
177.0 243.0 177.0 243.0
338.0 124.0 337.0 123.0
176.0 242.0 176.0 243.0
305.0 144.0 304.0 143.0
156.0 229.0 156.0 230.0
202.0 176.0 202.0 177.0
457.0 132.0 457.0 130.0
177.0 242.0 176.0 243.0
456.0 131.0 457.0 130.0
204.0 167.0 203.0 168.0
97.0 293.0 97.0 297.0
202.0 177.0 202.0 177.0
456.0 132.0 457.0 130.0
470.0 12.0 467.0 13.0
134.0 244.0 134.0 245.0
97.0 292.0 97.0 297.0
96.0 293.0 97.0 297.0
100.0 189.0 99.0 191.0
203.0 167.0 203.0 168.0
451.0 90.0 450.0 90.0
93.0 266.0 93.0 268.0
93.0 265.0 92.0 269.0
156.0 228.0 155.0 229.0
470.0 11.0 467.0 13.0
51.0 159.0 49.0 163.0
51.0 160.0 49.0 163.0
135.0 244.0 135.0 245.0
470.0 13.0 467.0 13.0
338.0 125.0 336.0 124.0
339.0 123.0 337.0 123.0
92.0 266.0 92.0 269.0
136.0 245.0 135.0 245.0
38.0 467.0 41.0 470.0
108.0 562.0 112.0 563.0
135.0 293.0 136.0 294.0
167.0 128.0 164.0 132.0
33.0 452.0 34.0 456.0
134.0 245.0 134.0 246.0
290.0 620.0 298.0 612.0
339.0 124.0 338.0 124.0
38.0 468.0 41.0 470.0
134.0 293.0 135.0 294.0
103.0 251.0 102.0 253.0
471.0 12.0 468.0 12.0
134.0 292.0 135.0 294.0
471.0 11.0 468.0 12.0
135.0 245.0 135.0 245.0
471.0 13.0 468.0 13.0
39.0 468.0 41.0 470.0
135.0 292.0 136.0 294.0
168.0 130.0 165.0 131.0
92.0 265.0 92.0 269.0
172.0 165.0 171.0 167.0
168.0 129.0 165.0 131.0
228.0 316.0 230.0 314.0
108.0 563.0 112.0 564.0
109.0 564.0 113.0 564.0
76.0 93.0 73.0 98.0
452.0 90.0 451.0 90.0
314.0 576.0 320.0 569.0
248.0 399.0 251.0 396.0
102.0 251.0 102.0 253.0
93.0 401.0 94.0 403.0
50.0 159.0 48.0 163.0
167.0 129.0 164.0 132.0
433.0 90.0 432.0 89.0
282.0 99.0 281.0 101.0
102.0 252.0 102.0 253.0
117.0 87.0 115.0 91.0
14.0 468.0 16.0 472.0
368.0 379.0 372.0 371.0
291.0 619.0 299.0 611.0
93.0 264.0 92.0 269.0
109.0 563.0 113.0 564.0
154.0 222.0 155.0 224.0
94.0 265.0 93.0 268.0
433.0 89.0 432.0 89.0
338.0 569.0 346.0 561.0
15.0 468.0 16.0 472.0
81.0 245.0 79.0 249.0
247.0 400.0 251.0 396.0
100.0 187.0 99.0 190.0
93.0 402.0 94.0 403.0
432.0 90.0 432.0 90.0
433.0 91.0 432.0 90.0
15.0 469.0 16.0 472.0
168.0 128.0 164.0 132.0
99.0 187.0 98.0 190.0
434.0 118.0 434.0 118.0
80.0 476.0 83.0 478.0
92.0 402.0 94.0 403.0
291.0 620.0 298.0 612.0
163.0 334.0 165.0 335.0
98.0 293.0 97.0 297.0
108.0 564.0 113.0 564.0
97.0 520.0 99.0 522.0
15.0 630.0 18.0 636.0
149.0 173.0 148.0 176.0
12.0 443.0 13.0 447.0
12.0 444.0 13.0 447.0
92.0 401.0 94.0 403.0
80.0 246.0 79.0 249.0
70.0 149.0 67.0 154.0
81.0 246.0 79.0 249.0
319.0 84.0 317.0 86.0
81.0 477.0 83.0 478.0
125.0 393.0 126.0 394.0
167.0 130.0 165.0 131.0
315.0 577.0 320.0 569.0
253.0 543.0 258.0 538.0
99.0 188.0 98.0 191.0
100.0 188.0 99.0 190.0
77.0 92.0 74.0 98.0
80.0 245.0 79.0 248.0
81.0 476.0 83.0 478.0
177.0 241.0 176.0 243.0
110.0 240.0 110.0 242.0
434.0 119.0 434.0 118.0
96.0 521.0 99.0 522.0
80.0 477.0 83.0 478.0
155.0 223.0 155.0 224.0
155.0 222.0 155.0 224.0
118.0 88.0 115.0 91.0
130.0 309.0 131.0 311.0
96.0 520.0 99.0 522.0
77.0 93.0 74.0 98.0
51.0 158.0 49.0 163.0
98.0 292.0 97.0 297.0
423.0 203.0 425.0 196.0
79.0 246.0 79.0 248.0
452.0 89.0 451.0 90.0
76.0 92.0 73.0 98.0
248.0 400.0 251.0 396.0
247.0 399.0 251.0 396.0
118.0 87.0 115.0 91.0
229.0 316.0 230.0 314.0
319.0 85.0 317.0 86.0
201.0 54.0 198.0 59.0
421.0 202.0 425.0 196.0
16.0 632.0 18.0 636.0
75.0 92.0 73.0 98.0
71.0 148.0 68.0 154.0
229.0 315.0 230.0 314.0
82.0 476.0 83.0 478.0
368.0 378.0 372.0 371.0
94.0 19.0 90.0 26.0
14.0 469.0 16.0 472.0
421.0 203.0 425.0 196.0
18.0 534.0 18.0 537.0
434.0 90.0 432.0 89.0
50.0 158.0 48.0 162.0
150.0 173.0 149.0 176.0
96.0 519.0 99.0 522.0
16.0 631.0 18.0 636.0
118.0 378.0 120.0 379.0
163.0 335.0 165.0 335.0
313.0 576.0 320.0 569.0
423.0 202.0 425.0 196.0
422.0 202.0 425.0 196.0
422.0 201.0 425.0 196.0
202.0 55.0 199.0 59.0
71.0 149.0 68.0 154.0
79.0 245.0 78.0 248.0
423.0 9.0 420.0 9.0
277.0 434.0 281.0 430.0
15.0 631.0 18.0 636.0
369.0 378.0 372.0 370.0
314.0 577.0 320.0 569.0
422.0 203.0 425.0 196.0
18.0 533.0 18.0 537.0
93.0 403.0 94.0 403.0
434.0 117.0 434.0 118.0
131.0 309.0 131.0 311.0
59.0 257.0 59.0 258.0
132.0 142.0 136.0 146.0
139.0 629.0 142.0 627.0
99.0 378.0 100.0 380.0
113.0 532.0 115.0 533.0
435.0 119.0 434.0 118.0
275.0 606.0 281.0 600.0
289.0 102.0 288.0 105.0
277.0 433.0 281.0 430.0
289.0 103.0 288.0 105.0
339.0 568.0 346.0 560.0
202.0 54.0 199.0 59.0
338.0 568.0 344.0 561.0
111.0 240.0 110.0 242.0
339.0 567.0 346.0 560.0
29.0 428.0 29.0 431.0
368.0 377.0 372.0 371.0
278.0 411.0 282.0 405.0
142.0 483.0 145.0 483.0
37.0 601.0 42.0 605.0
435.0 118.0 434.0 118.0
166.0 72.0 162.0 76.0
28.0 428.0 29.0 431.0
99.0 377.0 100.0 380.0
38.0 603.0 42.0 605.0
279.0 378.0 283.0 372.0
8.0 248.0 7.0 252.0
101.0 188.0 99.0 191.0
130.0 310.0 131.0 311.0
119.0 377.0 120.0 379.0
203.0 54.0 199.0 59.0
41.0 173.0 39.0 178.0
358.0 534.0 365.0 525.0
37.0 602.0 42.0 605.0
118.0 377.0 120.0 379.0
435.0 117.0 434.0 118.0
111.0 547.0 113.0 548.0
418.0 169.0 419.0 165.0
166.0 73.0 162.0 77.0
279.0 410.0 282.0 405.0
19.0 534.0 19.0 538.0
38.0 602.0 42.0 605.0
118.0 376.0 120.0 379.0
341.0 418.0 345.0 411.0
132.0 143.0 136.0 146.0
93.0 19.0 90.0 26.0
342.0 445.0 346.0 435.0
37.0 603.0 42.0 605.0
313.0 577.0 320.0 569.0
343.0 444.0 346.0 435.0
139.0 628.0 142.0 627.0
9.0 247.0 7.0 252.0
117.0 512.0 119.0 512.0
9.0 248.0 7.0 252.0
278.0 410.0 282.0 405.0
252.0 543.0 258.0 538.0
8.0 247.0 7.0 252.0
165.0 73.0 162.0 77.0
359.0 533.0 365.0 525.0
159.0 95.0 157.0 99.0
342.0 529.0 348.0 520.0
112.0 532.0 115.0 533.0
94.0 18.0 90.0 26.0
19.0 533.0 19.0 538.0
38.0 617.0 41.0 621.0
278.0 434.0 281.0 430.0
113.0 531.0 115.0 533.0
279.0 411.0 282.0 405.0
138.0 629.0 142.0 627.0
280.0 378.0 284.0 373.0
338.0 567.0 345.0 560.0
277.0 435.0 282.0 429.0
142.0 484.0 146.0 483.0
58.0 442.0 59.0 446.0
134.0 193.0 134.0 195.0
342.0 444.0 346.0 435.0
278.0 435.0 281.0 430.0
124.0 35.0 122.0 40.0
417.0 169.0 419.0 165.0
57.0 441.0 58.0 446.0
62.0 459.0 64.0 463.0
41.0 172.0 39.0 178.0
138.0 563.0 142.0 561.0
474.0 200.0 474.0 196.0
279.0 412.0 282.0 406.0
135.0 192.0 134.0 194.0
110.0 547.0 113.0 548.0
110.0 546.0 113.0 548.0
81.0 432.0 83.0 437.0
117.0 513.0 119.0 512.0
203.0 55.0 200.0 59.0
154.0 425.0 157.0 424.0
137.0 563.0 142.0 561.0
141.0 484.0 145.0 483.0
342.0 418.0 345.0 411.0
93.0 18.0 90.0 26.0
358.0 533.0 365.0 525.0
135.0 193.0 134.0 194.0
12.0 611.0 15.0 615.0
475.0 199.0 474.0 196.0
103.0 492.0 106.0 493.0
60.0 98.0 57.0 104.0
474.0 199.0 474.0 196.0
411.0 79.0 410.0 79.0
417.0 168.0 418.0 165.0
419.0 168.0 419.0 165.0
474.0 198.0 474.0 196.0
242.0 495.0 246.0 492.0
134.0 192.0 134.0 194.0
85.0 532.0 87.0 533.0
418.0 168.0 419.0 165.0
125.0 34.0 122.0 40.0
473.0 198.0 474.0 196.0
57.0 442.0 58.0 446.0
179.0 98.0 177.0 100.0
56.0 425.0 57.0 429.0
314.0 578.0 320.0 569.0
141.0 483.0 145.0 483.0
341.0 529.0 348.0 520.0
81.0 433.0 83.0 437.0
473.0 199.0 474.0 196.0
410.0 79.0 410.0 79.0
131.0 142.0 136.0 146.0
55.0 425.0 57.0 429.0
323.0 444.0 328.0 438.0
138.0 628.0 142.0 627.0
155.0 424.0 157.0 424.0
124.0 34.0 122.0 39.0
131.0 143.0 136.0 146.0
109.0 546.0 113.0 548.0
410.0 80.0 410.0 79.0
178.0 98.0 177.0 100.0
81.0 565.0 84.0 566.0
313.0 578.0 320.0 569.0
101.0 492.0 106.0 493.0
411.0 78.0 410.0 79.0
418.0 167.0 418.0 164.0
103.0 493.0 106.0 493.0
170.0 505.0 173.0 503.0
112.0 531.0 115.0 533.0
102.0 493.0 106.0 493.0
102.0 492.0 106.0 493.0
40.0 173.0 39.0 178.0
417.0 167.0 418.0 165.0
56.0 441.0 58.0 446.0
61.0 459.0 64.0 463.0
343.0 445.0 346.0 435.0
241.0 495.0 246.0 492.0
208.0 329.0 210.0 327.0
155.0 425.0 157.0 424.0
137.0 564.0 143.0 563.0
138.0 564.0 143.0 563.0
12.0 610.0 15.0 615.0
138.0 565.0 143.0 563.0
58.0 441.0 59.0 446.0
160.0 95.0 157.0 99.0
104.0 451.0 106.0 453.0
102.0 494.0 106.0 493.0
60.0 99.0 57.0 104.0
101.0 493.0 106.0 493.0
168.0 548.0 173.0 547.0
446.0 183.0 447.0 180.0
134.0 191.0 134.0 194.0
168.0 549.0 173.0 547.0
160.0 94.0 158.0 98.0
446.0 182.0 447.0 180.0
208.0 328.0 210.0 327.0
169.0 549.0 173.0 547.0
188.0 352.0 187.0 350.0
186.0 351.0 187.0 350.0
410.0 78.0 410.0 79.0
445.0 182.0 446.0 180.0
169.0 505.0 173.0 503.0
141.0 291.0 136.0 294.0
55.0 586.0 58.0 589.0
187.0 352.0 187.0 350.0
207.0 329.0 210.0 327.0
445.0 183.0 446.0 180.0
105.0 451.0 106.0 453.0
56.0 424.0 57.0 429.0
12.0 609.0 16.0 615.0
168.0 550.0 173.0 547.0
47.0 50.0 45.0 57.0
207.0 328.0 210.0 327.0
47.0 377.0 49.0 378.0
56.0 586.0 58.0 589.0
106.0 451.0 106.0 453.0
55.0 585.0 58.0 589.0
103.0 494.0 106.0 493.0
241.0 494.0 246.0 492.0
169.0 550.0 173.0 547.0
186.0 352.0 187.0 350.0
48.0 51.0 45.0 57.0
211.0 442.0 215.0 440.0
240.0 495.0 246.0 492.0
30.0 561.0 34.0 563.0
47.0 51.0 45.0 57.0
211.0 441.0 215.0 440.0
167.0 549.0 173.0 547.0
159.0 584.0 163.0 583.0
301.0 595.0 308.0 588.0
240.0 494.0 246.0 492.0
165.0 415.0 168.0 414.0
30.0 560.0 34.0 563.0
159.0 585.0 163.0 583.0
294.0 450.0 298.0 445.0
165.0 414.0 168.0 414.0
230.0 610.0 236.0 604.0
301.0 596.0 308.0 588.0
240.0 590.0 249.0 585.0
16.0 229.0 14.0 233.0
47.0 52.0 45.0 57.0
307.0 377.0 309.0 371.0
302.0 596.0 308.0 588.0
241.0 589.0 249.0 585.0
142.0 291.0 136.0 294.0
240.0 589.0 249.0 585.0
306.0 377.0 309.0 371.0
90.0 478.0 84.0 479.0
241.0 590.0 249.0 585.0
300.0 452.0 298.0 445.0
158.0 491.0 163.0 490.0
197.0 601.0 210.0 605.0
197.0 603.0 210.0 605.0
221.0 318.0 230.0 314.0
197.0 602.0 210.0 605.0
198.0 601.0 210.0 605.0
198.0 602.0 210.0 605.0
43.0 582.0 42.0 579.0
42.0 582.0 42.0 579.0
157.0 491.0 163.0 490.0
105.0 632.0 122.0 628.0
81.0 70.0 82.0 84.0
81.0 69.0 91.0 71.0
301.0 452.0 298.0 445.0
131.0 328.0 131.0 311.0
80.0 69.0 82.0 84.0
80.0 71.0 82.0 84.0
80.0 70.0 82.0 84.0
197.0 623.0 210.0 605.0
197.0 622.0 210.0 605.0
196.0 623.0 210.0 605.0
196.0 622.0 210.0 605.0
