317.0 89.0 331.0 78.0
254.0 105.0 263.0 98.0
253.0 106.0 262.0 98.0
254.0 107.0 263.0 98.0
253.0 107.0 262.0 98.0
318.0 88.0 331.0 78.0
254.0 106.0 263.0 98.0
318.0 87.0 331.0 78.0
371.0 252.0 383.0 245.0
371.0 253.0 382.0 245.0
252.0 106.0 261.0 97.0
253.0 105.0 261.0 97.0
252.0 105.0 261.0 97.0
409.0 275.0 419.0 270.0
128.0 99.0 140.0 91.0
318.0 89.0 331.0 78.0
317.0 87.0 331.0 78.0
317.0 88.0 331.0 78.0
316.0 89.0 331.0 78.0
130.0 99.0 140.0 91.0
370.0 251.0 382.0 245.0
372.0 253.0 383.0 246.0
252.0 107.0 262.0 98.0
129.0 98.0 140.0 91.0
130.0 100.0 140.0 91.0
372.0 252.0 383.0 245.0
408.0 275.0 419.0 270.0
129.0 100.0 140.0 91.0
371.0 251.0 383.0 245.0
129.0 99.0 140.0 91.0
287.0 76.0 301.0 65.0
316.0 88.0 331.0 78.0
316.0 87.0 331.0 78.0
178.0 499.0 187.0 491.0
371.0 250.0 382.0 245.0
148.0 119.0 159.0 112.0
373.0 252.0 383.0 246.0
402.0 189.0 416.0 184.0
448.0 198.0 458.0 192.0
30.0 163.0 34.0 153.0
148.0 118.0 159.0 112.0
402.0 188.0 416.0 184.0
179.0 500.0 187.0 490.0
17.0 173.0 21.0 164.0
373.0 251.0 383.0 246.0
149.0 118.0 159.0 112.0
372.0 251.0 383.0 246.0
149.0 119.0 159.0 112.0
178.0 500.0 187.0 491.0
178.0 501.0 187.0 491.0
16.0 173.0 21.0 164.0
177.0 499.0 187.0 491.0
403.0 189.0 416.0 184.0
403.0 188.0 415.0 183.0
31.0 162.0 34.0 153.0
179.0 501.0 187.0 491.0
17.0 174.0 21.0 164.0
177.0 500.0 187.0 491.0
176.0 500.0 186.0 490.0
16.0 174.0 21.0 164.0
10.0 233.0 13.0 223.0
17.0 175.0 21.0 164.0
31.0 163.0 34.0 153.0
16.0 175.0 21.0 164.0
372.0 250.0 383.0 246.0
177.0 501.0 187.0 491.0
11.0 234.0 13.0 223.0
11.0 233.0 13.0 223.0
229.0 571.0 236.0 558.0
227.0 571.0 235.0 558.0
449.0 198.0 458.0 192.0
228.0 569.0 236.0 557.0
10.0 234.0 13.0 223.0
150.0 513.0 159.0 500.0
448.0 199.0 458.0 193.0
449.0 199.0 458.0 192.0
449.0 200.0 458.0 193.0
30.0 164.0 34.0 153.0
149.0 513.0 159.0 500.0
228.0 572.0 235.0 558.0
227.0 570.0 235.0 558.0
227.0 572.0 235.0 558.0
228.0 570.0 236.0 557.0
448.0 200.0 458.0 193.0
158.0 484.0 165.0 477.0
228.0 571.0 235.0 558.0
158.0 485.0 165.0 477.0
229.0 79.0 239.0 68.0
229.0 78.0 239.0 68.0
149.0 515.0 158.0 501.0
447.0 199.0 458.0 193.0
149.0 512.0 159.0 500.0
450.0 199.0 459.0 193.0
148.0 514.0 158.0 501.0
148.0 513.0 158.0 501.0
449.0 246.0 460.0 244.0
230.0 79.0 239.0 68.0
230.0 80.0 239.0 68.0
157.0 486.0 165.0 478.0
447.0 200.0 458.0 193.0
149.0 514.0 158.0 501.0
397.0 193.0 407.0 187.0
421.0 221.0 433.0 215.0
448.0 246.0 460.0 244.0
397.0 192.0 407.0 187.0
157.0 484.0 165.0 477.0
450.0 198.0 459.0 193.0
157.0 485.0 165.0 477.0
448.0 248.0 460.0 244.0
10.0 64.0 15.0 48.0
231.0 79.0 239.0 68.0
230.0 78.0 239.0 68.0
64.0 183.0 75.0 175.0
175.0 586.0 186.0 574.0
448.0 247.0 460.0 244.0
175.0 587.0 186.0 574.0
31.0 164.0 34.0 153.0
10.0 65.0 15.0 48.0
144.0 561.0 151.0 547.0
156.0 484.0 165.0 477.0
449.0 247.0 460.0 244.0
233.0 38.0 232.0 19.0
88.0 574.0 94.0 562.0
421.0 220.0 432.0 214.0
86.0 576.0 94.0 562.0
213.0 555.0 219.0 542.0
174.0 586.0 186.0 574.0
214.0 555.0 219.0 542.0
447.0 248.0 460.0 244.0
88.0 575.0 94.0 562.0
157.0 483.0 165.0 477.0
175.0 585.0 185.0 573.0
87.0 575.0 94.0 562.0
144.0 562.0 151.0 547.0
145.0 562.0 151.0 547.0
213.0 554.0 219.0 542.0
86.0 575.0 94.0 562.0
87.0 574.0 94.0 562.0
231.0 80.0 239.0 68.0
214.0 554.0 219.0 542.0
422.0 220.0 433.0 215.0
447.0 247.0 460.0 244.0
122.0 440.0 128.0 431.0
222.0 539.0 232.0 530.0
10.0 58.0 15.0 48.0
433.0 62.0 447.0 52.0
9.0 57.0 14.0 47.0
69.0 466.0 68.0 459.0
233.0 39.0 231.0 19.0
101.0 114.0 106.0 113.0
422.0 221.0 433.0 215.0
88.0 576.0 94.0 562.0
30.0 147.0 33.0 137.0
432.0 62.0 447.0 53.0
145.0 563.0 151.0 547.0
100.0 114.0 106.0 113.0
68.0 465.0 69.0 460.0
10.0 218.0 13.0 223.0
432.0 61.0 447.0 52.0
144.0 563.0 151.0 547.0
10.0 57.0 14.0 47.0
222.0 540.0 232.0 530.0
433.0 61.0 447.0 52.0
87.0 576.0 94.0 562.0
121.0 320.0 127.0 312.0
100.0 113.0 106.0 113.0
30.0 146.0 33.0 137.0
449.0 248.0 460.0 244.0
422.0 219.0 431.0 214.0
200.0 498.0 205.0 489.0
25.0 98.0 32.0 84.0
42.0 342.0 43.0 335.0
11.0 58.0 15.0 48.0
201.0 498.0 204.0 489.0
101.0 113.0 106.0 113.0
45.0 454.0 46.0 444.0
44.0 455.0 46.0 444.0
123.0 441.0 127.0 432.0
32.0 164.0 34.0 153.0
44.0 454.0 46.0 444.0
122.0 441.0 129.0 431.0
184.0 429.0 193.0 420.0
442.0 152.0 455.0 147.0
122.0 442.0 127.0 432.0
423.0 220.0 433.0 215.0
123.0 442.0 127.0 432.0
121.0 321.0 127.0 312.0
69.0 465.0 68.0 459.0
26.0 98.0 32.0 84.0
42.0 343.0 43.0 335.0
441.0 152.0 455.0 147.0
199.0 497.0 205.0 489.0
431.0 61.0 447.0 53.0
63.0 357.0 69.0 346.0
441.0 150.0 454.0 146.0
26.0 99.0 32.0 84.0
122.0 320.0 127.0 312.0
442.0 150.0 454.0 146.0
122.0 321.0 127.0 312.0
440.0 150.0 454.0 146.0
27.0 99.0 32.0 84.0
26.0 100.0 32.0 84.0
440.0 151.0 454.0 146.0
122.0 443.0 127.0 432.0
70.0 466.0 68.0 459.0
121.0 442.0 127.0 432.0
121.0 441.0 129.0 431.0
45.0 147.0 54.0 138.0
25.0 99.0 32.0 84.0
62.0 357.0 69.0 346.0
123.0 321.0 127.0 313.0
124.0 115.0 130.0 107.0
54.0 388.0 62.0 380.0
431.0 63.0 447.0 53.0
123.0 443.0 127.0 432.0
53.0 388.0 62.0 380.0
46.0 147.0 54.0 138.0
423.0 219.0 432.0 214.0
51.0 510.0 54.0 498.0
46.0 149.0 49.0 142.0
442.0 151.0 454.0 146.0
45.0 148.0 54.0 138.0
431.0 62.0 447.0 53.0
440.0 152.0 454.0 146.0
441.0 151.0 454.0 146.0
201.0 497.0 205.0 489.0
101.0 123.0 106.0 113.0
5.0 607.0 14.0 588.0
43.0 291.0 48.0 283.0
5.0 605.0 14.0 588.0
46.0 148.0 54.0 138.0
54.0 389.0 62.0 380.0
27.0 100.0 32.0 84.0
53.0 389.0 62.0 380.0
70.0 465.0 68.0 459.0
200.0 497.0 205.0 489.0
6.0 607.0 14.0 588.0
42.0 48.0 46.0 36.0
281.0 493.0 290.0 483.0
41.0 437.0 44.0 427.0
4.0 627.0 9.0 630.0
280.0 492.0 290.0 483.0
40.0 436.0 44.0 427.0
43.0 342.0 43.0 335.0
5.0 606.0 14.0 588.0
6.0 606.0 14.0 588.0
31.0 304.0 33.0 293.0
61.0 357.0 69.0 346.0
125.0 115.0 130.0 107.0
280.0 493.0 290.0 483.0
63.0 356.0 69.0 346.0
41.0 436.0 44.0 427.0
280.0 491.0 290.0 483.0
4.0 628.0 9.0 630.0
200.0 496.0 205.0 489.0
80.0 272.0 84.0 272.0
30.0 304.0 33.0 293.0
63.0 355.0 69.0 346.0
79.0 271.0 84.0 272.0
281.0 491.0 290.0 483.0
42.0 437.0 44.0 427.0
199.0 496.0 205.0 489.0
201.0 496.0 205.0 489.0
31.0 303.0 33.0 293.0
30.0 302.0 33.0 293.0
172.0 549.0 170.0 532.0
79.0 272.0 84.0 272.0
30.0 303.0 33.0 293.0
50.0 511.0 54.0 498.0
281.0 492.0 290.0 483.0
31.0 302.0 33.0 293.0
4.0 629.0 10.0 612.0
80.0 270.0 84.0 272.0
51.0 511.0 54.0 498.0
52.0 74.0 56.0 63.0
79.0 270.0 84.0 272.0
62.0 356.0 69.0 346.0
82.0 356.0 90.0 348.0
29.0 303.0 33.0 293.0
205.0 554.0 221.0 544.0
80.0 271.0 84.0 272.0
52.0 75.0 56.0 64.0
124.0 116.0 130.0 107.0
42.0 436.0 44.0 427.0
52.0 73.0 56.0 63.0
45.0 23.0 48.0 13.0
29.0 302.0 33.0 293.0
42.0 49.0 46.0 36.0
45.0 25.0 48.0 13.0
205.0 555.0 221.0 544.0
45.0 24.0 48.0 13.0
47.0 326.0 52.0 316.0
53.0 75.0 56.0 64.0
173.0 549.0 170.0 532.0
94.0 90.0 102.0 79.0
125.0 116.0 130.0 107.0
53.0 74.0 56.0 64.0
47.0 325.0 52.0 316.0
62.0 355.0 69.0 346.0
470.0 76.0 469.0 64.0
60.0 123.0 64.0 114.0
82.0 355.0 90.0 348.0
471.0 75.0 469.0 64.0
204.0 553.0 219.0 542.0
204.0 554.0 221.0 544.0
44.0 23.0 48.0 13.0
204.0 555.0 209.0 550.0
46.0 326.0 52.0 316.0
61.0 356.0 69.0 346.0
470.0 77.0 469.0 64.0
91.0 326.0 94.0 317.0
91.0 325.0 94.0 317.0
235.0 540.0 233.0 530.0
471.0 76.0 469.0 64.0
44.0 25.0 48.0 13.0
52.0 511.0 54.0 498.0
171.0 550.0 170.0 532.0
46.0 325.0 52.0 316.0
47.0 324.0 52.0 316.0
47.0 323.0 51.0 317.0
43.0 24.0 48.0 13.0
92.0 325.0 94.0 317.0
172.0 550.0 170.0 532.0
90.0 326.0 93.0 317.0
92.0 326.0 94.0 317.0
51.0 165.0 61.0 164.0
33.0 632.0 9.0 612.0
93.0 325.0 93.0 317.0
43.0 23.0 48.0 13.0
34.0 632.0 9.0 612.0
173.0 550.0 170.0 532.0
34.0 631.0 9.0 612.0
44.0 24.0 48.0 13.0
53.0 73.0 56.0 63.0
46.0 324.0 52.0 316.0
236.0 540.0 233.0 530.0
52.0 165.0 53.0 160.0
111.0 320.0 126.0 312.0
235.0 539.0 233.0 530.0
174.0 550.0 171.0 532.0
121.0 596.0 138.0 574.0
83.0 78.0 92.0 66.0
93.0 599.0 101.0 586.0
122.0 596.0 138.0 574.0
236.0 539.0 233.0 530.0
93.0 600.0 101.0 586.0
94.0 598.0 101.0 586.0
94.0 597.0 101.0 586.0
56.0 342.0 60.0 333.0
93.0 598.0 101.0 586.0
69.0 305.0 81.0 296.0
93.0 597.0 101.0 586.0
174.0 551.0 171.0 532.0
94.0 599.0 101.0 586.0
173.0 551.0 170.0 532.0
121.0 597.0 138.0 574.0
110.0 321.0 127.0 312.0
110.0 320.0 126.0 312.0
68.0 305.0 81.0 296.0
122.0 597.0 138.0 574.0
84.0 79.0 92.0 66.0
28.0 463.0 16.0 403.0
69.0 304.0 81.0 296.0
172.0 551.0 170.0 532.0
30.0 358.0 41.0 337.0
