95.0 353.0 79.0 382.0
381.0 55.0 361.0 90.0
345.0 360.0 328.0 390.0
346.0 360.0 329.0 390.0
412.0 359.0 395.0 390.0
346.0 359.0 329.0 390.0
413.0 358.0 395.0 391.0
198.0 490.0 181.0 520.0
412.0 360.0 395.0 391.0
380.0 55.0 361.0 90.0
361.0 462.0 345.0 494.0
95.0 352.0 79.0 380.0
380.0 56.0 361.0 90.0
347.0 359.0 329.0 390.0
381.0 56.0 361.0 90.0
361.0 461.0 345.0 494.0
197.0 491.0 181.0 520.0
346.0 358.0 329.0 390.0
413.0 359.0 395.0 391.0
197.0 490.0 181.0 520.0
413.0 360.0 395.0 391.0
345.0 359.0 329.0 390.0
281.0 351.0 264.0 380.0
345.0 358.0 329.0 390.0
196.0 490.0 180.0 519.0
381.0 57.0 362.0 91.0
241.0 510.0 225.0 539.0
380.0 57.0 361.0 90.0
94.0 353.0 78.0 382.0
330.0 208.0 313.0 238.0
172.0 480.0 154.0 508.0
280.0 351.0 263.0 381.0
198.0 491.0 181.0 520.0
213.0 520.0 196.0 549.0
242.0 509.0 225.0 539.0
196.0 491.0 180.0 520.0
242.0 510.0 225.0 539.0
171.0 479.0 154.0 508.0
93.0 353.0 77.0 381.0
360.0 462.0 345.0 494.0
382.0 222.0 365.0 253.0
331.0 208.0 313.0 238.0
299.0 235.0 283.0 262.0
188.0 351.0 172.0 382.0
94.0 352.0 77.0 381.0
93.0 352.0 77.0 381.0
330.0 209.0 313.0 238.0
172.0 479.0 154.0 508.0
242.0 508.0 225.0 539.0
90.0 284.0 77.0 304.0
194.0 383.0 178.0 410.0
374.0 335.0 359.0 364.0
95.0 351.0 79.0 380.0
89.0 283.0 77.0 304.0
383.0 223.0 365.0 253.0
241.0 508.0 225.0 539.0
194.0 382.0 177.0 410.0
401.0 193.0 382.0 225.0
241.0 509.0 225.0 539.0
89.0 284.0 77.0 304.0
239.0 81.0 226.0 109.0
195.0 383.0 178.0 410.0
239.0 80.0 226.0 109.0
243.0 189.0 230.0 215.0
119.0 485.0 102.0 513.0
144.0 401.0 130.0 427.0
213.0 194.0 196.0 223.0
214.0 194.0 198.0 222.0
120.0 325.0 104.0 353.0
95.0 225.0 82.0 246.0
95.0 224.0 82.0 245.0
400.0 193.0 382.0 225.0
400.0 194.0 382.0 225.0
360.0 463.0 345.0 494.0
210.0 214.0 196.0 242.0
242.0 189.0 230.0 215.0
209.0 214.0 196.0 242.0
402.0 193.0 382.0 225.0
189.0 351.0 172.0 382.0
332.0 159.0 315.0 191.0
119.0 325.0 104.0 353.0
120.0 326.0 104.0 353.0
94.0 351.0 77.0 381.0
144.0 400.0 130.0 427.0
213.0 193.0 197.0 222.0
238.0 81.0 226.0 109.0
178.0 237.0 166.0 263.0
243.0 188.0 230.0 215.0
238.0 82.0 226.0 109.0
401.0 194.0 382.0 225.0
382.0 223.0 365.0 253.0
119.0 326.0 104.0 353.0
239.0 82.0 226.0 109.0
89.0 285.0 77.0 304.0
400.0 195.0 382.0 225.0
331.0 159.0 315.0 191.0
214.0 193.0 198.0 222.0
191.0 128.0 178.0 157.0
178.0 236.0 166.0 262.0
402.0 194.0 382.0 225.0
358.0 143.0 340.0 170.0
147.0 210.0 137.0 238.0
194.0 384.0 178.0 410.0
187.0 331.0 171.0 357.0
220.0 249.0 207.0 272.0
132.0 257.0 118.0 281.0
242.0 188.0 230.0 215.0
148.0 210.0 137.0 238.0
179.0 236.0 167.0 262.0
121.0 93.0 111.0 121.0
237.0 302.0 223.0 329.0
382.0 224.0 365.0 253.0
120.0 484.0 102.0 513.0
221.0 248.0 207.0 273.0
143.0 75.0 129.0 100.0
93.0 351.0 77.0 381.0
120.0 485.0 102.0 513.0
238.0 83.0 226.0 109.0
381.0 223.0 365.0 253.0
143.0 74.0 129.0 100.0
187.0 468.0 170.0 497.0
294.0 396.0 281.0 423.0
191.0 129.0 178.0 158.0
219.0 357.0 203.0 385.0
239.0 83.0 226.0 110.0
190.0 129.0 178.0 158.0
189.0 218.0 171.0 245.0
178.0 235.0 166.0 262.0
190.0 128.0 177.0 157.0
401.0 195.0 382.0 225.0
174.0 248.0 159.0 274.0
294.0 397.0 281.0 423.0
188.0 468.0 171.0 497.0
189.0 129.0 177.0 157.0
369.0 370.0 348.0 401.0
142.0 74.0 129.0 100.0
187.0 330.0 171.0 357.0
220.0 247.0 207.0 272.0
187.0 329.0 171.0 356.0
186.0 330.0 171.0 357.0
186.0 331.0 171.0 357.0
179.0 235.0 167.0 262.0
178.0 234.0 166.0 262.0
188.0 330.0 171.0 357.0
119.0 486.0 102.0 513.0
173.0 248.0 159.0 274.0
190.0 127.0 178.0 157.0
236.0 302.0 223.0 329.0
188.0 128.0 177.0 157.0
185.0 145.0 169.0 173.0
120.0 92.0 111.0 121.0
147.0 211.0 137.0 238.0
142.0 75.0 129.0 100.0
120.0 486.0 102.0 513.0
237.0 304.0 223.0 329.0
188.0 218.0 171.0 245.0
189.0 128.0 177.0 157.0
443.0 407.0 428.0 438.0
185.0 331.0 171.0 357.0
120.0 93.0 111.0 121.0
142.0 73.0 129.0 100.0
237.0 303.0 223.0 329.0
173.0 247.0 159.0 274.0
186.0 329.0 170.0 357.0
293.0 397.0 281.0 423.0
443.0 408.0 428.0 438.0
219.0 249.0 207.0 272.0
221.0 247.0 207.0 273.0
290.0 198.0 276.0 225.0
358.0 144.0 340.0 170.0
449.0 398.0 433.0 429.0
184.0 145.0 169.0 173.0
179.0 234.0 167.0 262.0
148.0 211.0 137.0 238.0
187.0 218.0 171.0 244.0
381.0 224.0 365.0 253.0
119.0 92.0 111.0 121.0
222.0 247.0 207.0 273.0
189.0 217.0 171.0 245.0
188.0 217.0 171.0 244.0
186.0 145.0 169.0 173.0
449.0 399.0 434.0 430.0
187.0 467.0 171.0 497.0
348.0 310.0 328.0 342.0
188.0 467.0 171.0 497.0
220.0 248.0 207.0 272.0
123.0 141.0 112.0 162.0
221.0 246.0 207.0 272.0
430.0 60.0 411.0 98.0
184.0 144.0 169.0 173.0
185.0 144.0 169.0 173.0
430.0 59.0 411.0 98.0
188.0 466.0 171.0 497.0
209.0 334.0 193.0 361.0
207.0 514.0 195.0 549.0
236.0 303.0 223.0 329.0
113.0 58.0 101.0 83.0
370.0 370.0 348.0 401.0
289.0 197.0 276.0 225.0
113.0 60.0 103.0 82.0
236.0 304.0 223.0 329.0
180.0 144.0 170.0 174.0
111.0 59.0 101.0 83.0
113.0 59.0 101.0 83.0
210.0 334.0 193.0 361.0
179.0 144.0 170.0 174.0
147.0 117.0 132.0 147.0
215.0 307.0 202.0 332.0
294.0 398.0 281.0 423.0
206.0 514.0 195.0 549.0
112.0 60.0 101.0 83.0
437.0 489.0 421.0 521.0
111.0 60.0 101.0 83.0
152.0 144.0 139.0 175.0
289.0 198.0 276.0 225.0
112.0 58.0 101.0 83.0
214.0 307.0 204.0 332.0
462.0 418.0 446.0 450.0
122.0 141.0 112.0 162.0
329.0 48.0 313.0 80.0
113.0 208.0 103.0 233.0
219.0 248.0 207.0 272.0
430.0 58.0 411.0 98.0
187.0 466.0 171.0 497.0
332.0 282.0 312.0 316.0
112.0 59.0 101.0 83.0
471.0 469.0 457.0 501.0
210.0 335.0 193.0 361.0
236.0 305.0 223.0 329.0
144.0 232.0 130.0 258.0
151.0 143.0 139.0 174.0
112.0 61.0 101.0 83.0
448.0 119.0 429.0 153.0
144.0 231.0 129.0 258.0
122.0 142.0 112.0 162.0
329.0 47.0 313.0 80.0
289.0 199.0 276.0 225.0
448.0 120.0 429.0 153.0
148.0 117.0 132.0 147.0
153.0 143.0 139.0 175.0
152.0 143.0 139.0 175.0
148.0 118.0 132.0 147.0
123.0 142.0 112.0 162.0
288.0 198.0 276.0 225.0
114.0 208.0 103.0 233.0
148.0 116.0 132.0 147.0
330.0 47.0 313.0 80.0
154.0 143.0 139.0 175.0
215.0 308.0 202.0 332.0
449.0 119.0 429.0 152.0
148.0 212.0 137.0 238.0
211.0 334.0 193.0 361.0
449.0 118.0 429.0 152.0
449.0 120.0 429.0 153.0
462.0 419.0 446.0 450.0
153.0 142.0 139.0 174.0
113.0 209.0 103.0 233.0
149.0 118.0 132.0 147.0
154.0 142.0 139.0 175.0
149.0 117.0 132.0 147.0
448.0 118.0 429.0 152.0
328.0 47.0 312.0 80.0
211.0 335.0 193.0 361.0
142.0 257.0 118.0 281.0
214.0 308.0 202.0 332.0
152.0 142.0 139.0 174.0
288.0 199.0 276.0 225.0
463.0 419.0 446.0 450.0
116.0 52.0 103.0 82.0
117.0 53.0 103.0 82.0
149.0 116.0 132.0 147.0
117.0 52.0 103.0 82.0
117.0 51.0 103.0 82.0
463.0 420.0 446.0 450.0
462.0 420.0 446.0 450.0
461.0 420.0 446.0 450.0
463.0 421.0 446.0 450.0
150.0 118.0 132.0 147.0
150.0 117.0 132.0 147.0
161.0 396.0 156.0 421.0
160.0 397.0 156.0 421.0
236.0 515.0 225.0 540.0
201.0 20.0 196.0 36.0
113.0 157.0 91.0 180.0
287.0 198.0 276.0 225.0
287.0 199.0 276.0 225.0
142.0 256.0 118.0 281.0
143.0 257.0 118.0 281.0
113.0 156.0 91.0 180.0
160.0 396.0 156.0 421.0
200.0 20.0 196.0 36.0
201.0 19.0 196.0 36.0
118.0 52.0 103.0 82.0
114.0 158.0 91.0 180.0
200.0 19.0 196.0 36.0
200.0 21.0 196.0 36.0
462.0 421.0 446.0 450.0
159.0 397.0 131.0 427.0
160.0 395.0 156.0 421.0
114.0 156.0 91.0 180.0
114.0 157.0 91.0 180.0
144.0 257.0 118.0 281.0
67.0 103.0 44.0 129.0
461.0 71.0 437.0 112.0
86.0 108.0 88.0 151.0
85.0 108.0 88.0 151.0
143.0 256.0 118.0 281.0
462.0 70.0 437.0 112.0
214.0 11.0 196.0 36.0
84.0 14.0 72.0 37.0
125.0 254.0 118.0 280.0
144.0 256.0 118.0 281.0
215.0 10.0 196.0 36.0
84.0 13.0 72.0 37.0
68.0 103.0 44.0 129.0
67.0 102.0 44.0 129.0
86.0 107.0 88.0 150.0
68.0 104.0 44.0 129.0
69.0 102.0 44.0 129.0
85.0 107.0 88.0 151.0
69.0 103.0 44.0 129.0
384.0 569.0 380.0 611.0
125.0 255.0 118.0 280.0
83.0 14.0 72.0 37.0
68.0 102.0 44.0 129.0
84.0 108.0 88.0 151.0
383.0 569.0 380.0 611.0
83.0 13.0 72.0 37.0
105.0 208.0 102.0 232.0
409.0 591.0 395.0 625.0
410.0 589.0 395.0 625.0
215.0 11.0 201.0 41.0
68.0 101.0 44.0 129.0
69.0 101.0 44.0 129.0
318.0 226.0 289.0 255.0
105.0 207.0 102.0 232.0
84.0 107.0 88.0 151.0
382.0 570.0 380.0 611.0
223.0 285.0 219.0 310.0
124.0 256.0 118.0 280.0
383.0 571.0 380.0 611.0
382.0 571.0 380.0 611.0
409.0 590.0 395.0 625.0
383.0 570.0 380.0 611.0
409.0 589.0 395.0 625.0
222.0 284.0 218.0 309.0
130.0 216.0 136.0 237.0
124.0 254.0 118.0 280.0
104.0 207.0 102.0 232.0
222.0 283.0 219.0 310.0
318.0 227.0 289.0 255.0
410.0 591.0 395.0 625.0
