400.0 617.0 388.0 613.0
156.0 627.0 146.0 626.0
411.0 427.0 399.0 425.0
156.0 626.0 146.0 626.0
400.0 616.0 388.0 613.0
406.0 203.0 396.0 202.0
411.0 426.0 399.0 425.0
425.0 559.0 413.0 556.0
424.0 560.0 413.0 556.0
307.0 164.0 297.0 162.0
425.0 560.0 413.0 556.0
386.0 181.0 378.0 180.0
155.0 627.0 146.0 627.0
387.0 181.0 378.0 180.0
107.0 630.0 97.0 630.0
198.0 357.0 190.0 355.0
364.0 441.0 353.0 438.0
410.0 427.0 399.0 425.0
197.0 356.0 189.0 355.0
400.0 618.0 388.0 613.0
401.0 618.0 388.0 613.0
347.0 398.0 336.0 396.0
281.0 31.0 270.0 32.0
305.0 165.0 295.0 163.0
424.0 559.0 413.0 556.0
155.0 626.0 145.0 625.0
155.0 625.0 145.0 625.0
419.0 233.0 409.0 231.0
401.0 617.0 388.0 613.0
238.0 313.0 228.0 312.0
198.0 356.0 189.0 355.0
387.0 182.0 378.0 180.0
305.0 164.0 295.0 162.0
346.0 398.0 335.0 396.0
426.0 559.0 413.0 556.0
399.0 617.0 388.0 613.0
134.0 597.0 125.0 596.0
410.0 426.0 399.0 425.0
154.0 627.0 146.0 627.0
199.0 356.0 190.0 355.0
306.0 164.0 297.0 162.0
426.0 560.0 413.0 556.0
430.0 278.0 418.0 277.0
220.0 265.0 211.0 264.0
347.0 397.0 336.0 396.0
47.0 199.0 42.0 199.0
154.0 626.0 145.0 625.0
197.0 355.0 189.0 355.0
405.0 188.0 394.0 188.0
48.0 199.0 42.0 199.0
280.0 32.0 270.0 32.0
114.0 215.0 106.0 215.0
220.0 266.0 211.0 264.0
37.0 195.0 41.0 199.0
421.0 614.0 409.0 609.0
404.0 188.0 394.0 188.0
420.0 614.0 409.0 609.0
240.0 305.0 230.0 303.0
358.0 347.0 348.0 344.0
198.0 355.0 189.0 355.0
427.0 560.0 413.0 556.0
37.0 196.0 41.0 199.0
365.0 441.0 353.0 438.0
107.0 631.0 97.0 630.0
48.0 198.0 42.0 199.0
135.0 597.0 125.0 596.0
280.0 31.0 270.0 32.0
419.0 232.0 409.0 231.0
346.0 397.0 336.0 396.0
293.0 531.0 283.0 529.0
306.0 165.0 296.0 163.0
280.0 33.0 270.0 32.0
134.0 598.0 125.0 596.0
401.0 372.0 390.0 369.0
146.0 563.0 137.0 564.0
388.0 181.0 378.0 180.0
115.0 215.0 107.0 214.0
402.0 373.0 390.0 369.0
420.0 233.0 409.0 231.0
426.0 149.0 414.0 148.0
364.0 440.0 352.0 438.0
27.0 38.0 18.0 36.0
108.0 630.0 97.0 630.0
363.0 441.0 352.0 438.0
240.0 304.0 230.0 303.0
428.0 278.0 418.0 276.0
429.0 278.0 418.0 276.0
421.0 615.0 409.0 609.0
402.0 372.0 390.0 369.0
292.0 531.0 283.0 529.0
359.0 346.0 348.0 344.0
430.0 279.0 419.0 277.0
239.0 304.0 230.0 303.0
362.0 441.0 351.0 438.0
426.0 148.0 414.0 148.0
409.0 427.0 399.0 425.0
420.0 232.0 409.0 231.0
294.0 530.0 283.0 528.0
389.0 181.0 379.0 180.0
403.0 373.0 392.0 370.0
28.0 38.0 18.0 36.0
114.0 216.0 106.0 215.0
293.0 530.0 283.0 528.0
135.0 596.0 125.0 596.0
199.0 355.0 190.0 355.0
27.0 37.0 18.0 36.0
402.0 371.0 390.0 369.0
146.0 562.0 137.0 564.0
29.0 39.0 18.0 37.0
219.0 265.0 211.0 264.0
74.0 427.0 60.0 427.0
293.0 384.0 285.0 383.0
358.0 510.0 348.0 508.0
363.0 384.0 351.0 382.0
388.0 182.0 378.0 180.0
390.0 537.0 379.0 531.0
363.0 383.0 351.0 381.0
108.0 631.0 97.0 630.0
237.0 313.0 228.0 312.0
294.0 532.0 284.0 529.0
295.0 384.0 285.0 383.0
29.0 37.0 18.0 37.0
28.0 37.0 18.0 36.0
294.0 384.0 285.0 383.0
421.0 233.0 410.0 231.0
318.0 354.0 308.0 353.0
29.0 38.0 18.0 37.0
390.0 535.0 378.0 531.0
403.0 372.0 392.0 370.0
294.0 531.0 284.0 529.0
74.0 428.0 60.0 427.0
363.0 440.0 352.0 438.0
28.0 39.0 18.0 36.0
425.0 149.0 414.0 148.0
362.0 383.0 350.0 381.0
271.0 610.0 260.0 610.0
234.0 329.0 223.0 328.0
359.0 511.0 349.0 509.0
359.0 512.0 348.0 509.0
425.0 150.0 415.0 149.0
18.0 332.0 12.0 332.0
16.0 332.0 12.0 332.0
333.0 553.0 321.0 550.0
73.0 427.0 60.0 427.0
74.0 426.0 60.0 427.0
390.0 536.0 378.0 531.0
421.0 232.0 409.0 231.0
136.0 595.0 125.0 596.0
389.0 182.0 379.0 180.0
359.0 347.0 348.0 344.0
179.0 123.0 171.0 120.0
306.0 629.0 296.0 627.0
385.0 449.0 374.0 446.0
289.0 235.0 280.0 233.0
270.0 610.0 260.0 610.0
265.0 319.0 256.0 319.0
425.0 148.0 414.0 148.0
360.0 347.0 349.0 345.0
295.0 531.0 284.0 529.0
344.0 364.0 335.0 362.0
428.0 131.0 417.0 131.0
271.0 611.0 260.0 610.0
358.0 511.0 348.0 509.0
73.0 428.0 60.0 427.0
360.0 511.0 349.0 508.0
133.0 599.0 125.0 596.0
409.0 426.0 398.0 424.0
145.0 563.0 137.0 564.0
17.0 332.0 12.0 332.0
136.0 596.0 125.0 596.0
304.0 629.0 294.0 626.0
360.0 346.0 348.0 344.0
362.0 384.0 351.0 382.0
176.0 447.0 166.0 447.0
264.0 319.0 256.0 319.0
361.0 384.0 350.0 381.0
332.0 553.0 321.0 550.0
306.0 630.0 296.0 627.0
305.0 631.0 295.0 627.0
386.0 449.0 374.0 446.0
305.0 630.0 295.0 627.0
270.0 611.0 260.0 610.0
304.0 630.0 295.0 627.0
344.0 363.0 335.0 362.0
412.0 603.0 398.0 599.0
16.0 331.0 12.0 332.0
305.0 628.0 296.0 627.0
264.0 320.0 256.0 319.0
452.0 125.0 443.0 125.0
285.0 253.0 275.0 251.0
286.0 253.0 276.0 252.0
326.0 628.0 316.0 624.0
333.0 554.0 321.0 550.0
373.0 478.0 362.0 475.0
391.0 537.0 378.0 531.0
294.0 385.0 284.0 384.0
265.0 320.0 256.0 319.0
17.0 331.0 12.0 332.0
289.0 234.0 280.0 233.0
326.0 627.0 316.0 624.0
269.0 610.0 260.0 610.0
332.0 554.0 321.0 550.0
219.0 266.0 211.0 264.0
374.0 478.0 363.0 475.0
180.0 122.0 171.0 120.0
135.0 107.0 133.0 107.0
429.0 279.0 418.0 277.0
18.0 331.0 12.0 332.0
305.0 629.0 296.0 627.0
362.0 440.0 351.0 438.0
428.0 279.0 418.0 276.0
290.0 235.0 280.0 233.0
424.0 149.0 414.0 148.0
391.0 536.0 378.0 531.0
290.0 234.0 280.0 233.0
176.0 446.0 166.0 447.0
359.0 510.0 348.0 508.0
179.0 122.0 171.0 120.0
318.0 414.0 309.0 411.0
136.0 107.0 133.0 107.0
325.0 514.0 316.0 511.0
391.0 535.0 378.0 531.0
428.0 132.0 417.0 131.0
55.0 424.0 60.0 427.0
412.0 604.0 399.0 598.0
233.0 329.0 223.0 328.0
374.0 477.0 363.0 475.0
427.0 131.0 417.0 131.0
373.0 479.0 362.0 475.0
387.0 449.0 375.0 446.0
175.0 446.0 166.0 447.0
56.0 424.0 60.0 427.0
266.0 321.0 256.0 319.0
295.0 385.0 285.0 383.0
266.0 320.0 256.0 319.0
372.0 418.0 362.0 416.0
452.0 124.0 443.0 124.0
145.0 110.0 133.0 107.0
306.0 485.0 297.0 484.0
449.0 99.0 438.0 97.0
427.0 132.0 417.0 131.0
56.0 425.0 60.0 427.0
307.0 485.0 297.0 484.0
326.0 626.0 316.0 624.0
450.0 400.0 438.0 397.0
375.0 478.0 363.0 475.0
264.0 321.0 256.0 319.0
52.0 79.0 44.0 79.0
373.0 418.0 362.0 416.0
265.0 321.0 256.0 319.0
449.0 400.0 438.0 397.0
453.0 125.0 443.0 125.0
375.0 479.0 363.0 475.0
374.0 479.0 363.0 475.0
233.0 330.0 223.0 328.0
284.0 253.0 275.0 251.0
449.0 98.0 438.0 97.0
134.0 107.0 133.0 107.0
55.0 425.0 60.0 427.0
145.0 111.0 133.0 107.0
414.0 333.0 405.0 323.0
411.0 604.0 398.0 599.0
327.0 627.0 316.0 624.0
55.0 426.0 60.0 427.0
54.0 425.0 60.0 427.0
281.0 548.0 271.0 546.0
144.0 111.0 133.0 107.0
424.0 148.0 414.0 148.0
56.0 426.0 60.0 427.0
318.0 594.0 308.0 590.0
53.0 79.0 44.0 79.0
144.0 110.0 133.0 107.0
54.0 426.0 60.0 427.0
386.0 448.0 375.0 446.0
82.0 335.0 75.0 336.0
332.0 555.0 321.0 550.0
385.0 448.0 374.0 446.0
52.0 78.0 46.0 79.0
411.0 603.0 398.0 599.0
343.0 521.0 331.0 517.0
387.0 448.0 375.0 446.0
51.0 78.0 46.0 79.0
299.0 610.0 289.0 608.0
326.0 514.0 316.0 511.0
37.0 422.0 41.0 424.0
126.0 105.0 102.0 98.0
305.0 557.0 294.0 555.0
298.0 610.0 289.0 608.0
326.0 488.0 315.0 487.0
127.0 105.0 102.0 98.0
305.0 559.0 294.0 556.0
212.0 425.0 201.0 423.0
448.0 399.0 438.0 397.0
299.0 611.0 289.0 608.0
308.0 503.0 301.0 499.0
211.0 422.0 201.0 423.0
305.0 558.0 294.0 555.0
342.0 521.0 331.0 517.0
372.0 419.0 362.0 416.0
7.0 189.0 13.0 191.0
449.0 399.0 438.0 397.0
326.0 513.0 316.0 511.0
307.0 503.0 301.0 499.0
307.0 504.0 301.0 499.0
232.0 329.0 223.0 328.0
126.0 104.0 102.0 98.0
81.0 334.0 75.0 336.0
373.0 419.0 362.0 416.0
230.0 338.0 221.0 335.0
304.0 558.0 294.0 555.0
212.0 424.0 201.0 423.0
91.0 430.0 60.0 427.0
90.0 431.0 60.0 427.0
148.0 224.0 125.0 220.0
342.0 520.0 331.0 517.0
91.0 431.0 60.0 427.0
20.0 326.0 12.0 331.0
25.0 542.0 17.0 544.0
90.0 432.0 60.0 427.0
8.0 188.0 13.0 191.0
211.0 423.0 201.0 423.0
127.0 104.0 133.0 107.0
149.0 224.0 125.0 220.0
304.0 557.0 294.0 555.0
450.0 99.0 440.0 98.0
212.0 423.0 201.0 423.0
314.0 603.0 303.0 598.0
232.0 337.0 221.0 335.0
306.0 558.0 294.0 555.0
307.0 484.0 297.0 484.0
148.0 223.0 125.0 220.0
232.0 338.0 222.0 337.0
211.0 425.0 201.0 423.0
211.0 424.0 201.0 423.0
7.0 188.0 13.0 191.0
24.0 541.0 17.0 544.0
428.0 392.0 412.0 387.0
20.0 325.0 12.0 331.0
474.0 59.0 465.0 58.0
314.0 602.0 303.0 598.0
306.0 557.0 294.0 555.0
231.0 337.0 221.0 335.0
110.0 529.0 101.0 531.0
326.0 515.0 316.0 511.0
109.0 529.0 100.0 531.0
231.0 338.0 222.0 337.0
306.0 559.0 296.0 557.0
306.0 503.0 300.0 500.0
109.0 530.0 101.0 531.0
196.0 127.0 171.0 121.0
429.0 393.0 412.0 387.0
82.0 549.0 72.0 549.0
196.0 128.0 171.0 121.0
83.0 549.0 72.0 549.0
315.0 602.0 303.0 598.0
80.0 90.0 93.0 94.0
82.0 548.0 72.0 549.0
79.0 90.0 93.0 94.0
327.0 514.0 316.0 511.0
429.0 392.0 412.0 387.0
185.0 412.0 176.0 410.0
185.0 410.0 176.0 410.0
184.0 411.0 176.0 410.0
79.0 89.0 93.0 94.0
197.0 127.0 171.0 121.0
185.0 411.0 176.0 410.0
184.0 410.0 176.0 410.0
186.0 410.0 177.0 409.0
196.0 129.0 171.0 121.0
197.0 128.0 171.0 121.0
68.0 548.0 72.0 549.0
185.0 409.0 176.0 409.0
67.0 548.0 72.0 549.0
259.0 625.0 254.0 605.0
68.0 547.0 72.0 549.0
163.0 229.0 125.0 220.0
67.0 547.0 72.0 549.0
260.0 625.0 255.0 605.0
259.0 626.0 254.0 605.0
260.0 626.0 255.0 605.0
164.0 229.0 125.0 220.0
261.0 625.0 255.0 605.0
164.0 230.0 125.0 220.0
197.0 129.0 171.0 121.0
261.0 626.0 255.0 605.0
198.0 128.0 171.0 121.0
165.0 229.0 125.0 220.0
164.0 228.0 125.0 220.0
474.0 436.0 461.0 434.0
124.0 631.0 99.0 631.0
473.0 436.0 461.0 434.0
125.0 631.0 97.0 630.0
125.0 632.0 99.0 631.0
124.0 632.0 99.0 631.0
123.0 632.0 99.0 631.0
334.0 580.0 325.0 574.0
473.0 437.0 461.0 434.0
474.0 437.0 461.0 434.0
402.0 144.0 399.0 134.0
315.0 578.0 308.0 590.0
315.0 579.0 308.0 590.0
42.0 544.0 18.0 544.0
403.0 145.0 399.0 134.0
316.0 578.0 308.0 590.0
316.0 579.0 308.0 590.0
334.0 581.0 325.0 574.0
364.0 365.0 352.0 381.0
352.0 463.0 337.0 468.0
50.0 547.0 71.0 549.0
50.0 546.0 71.0 549.0
