292.0 91.0 275.0 101.0
292.0 90.0 275.0 100.0
114.0 297.0 97.0 309.0
380.0 300.0 360.0 313.0
199.0 226.0 182.0 236.0
381.0 300.0 362.0 313.0
271.0 139.0 254.0 150.0
272.0 140.0 255.0 150.0
271.0 140.0 254.0 150.0
198.0 226.0 182.0 236.0
272.0 139.0 255.0 149.0
199.0 227.0 182.0 237.0
113.0 298.0 97.0 309.0
383.0 259.0 363.0 273.0
273.0 139.0 255.0 150.0
113.0 296.0 97.0 309.0
114.0 296.0 97.0 309.0
273.0 140.0 255.0 150.0
113.0 295.0 97.0 309.0
381.0 301.0 360.0 313.0
271.0 141.0 254.0 151.0
146.0 295.0 130.0 306.0
238.0 333.0 221.0 346.0
382.0 259.0 363.0 273.0
198.0 227.0 182.0 237.0
112.0 296.0 95.0 308.0
129.0 417.0 111.0 427.0
320.0 323.0 302.0 335.0
113.0 297.0 97.0 309.0
382.0 258.0 363.0 273.0
95.0 201.0 81.0 208.0
112.0 297.0 95.0 308.0
237.0 333.0 221.0 346.0
128.0 416.0 111.0 427.0
275.0 225.0 259.0 235.0
200.0 211.0 183.0 219.0
114.0 295.0 97.0 309.0
146.0 294.0 130.0 306.0
272.0 141.0 255.0 150.0
288.0 249.0 270.0 260.0
118.0 514.0 100.0 531.0
380.0 301.0 360.0 313.0
288.0 248.0 270.0 260.0
242.0 169.0 225.0 180.0
129.0 416.0 111.0 427.0
145.0 293.0 130.0 306.0
131.0 300.0 113.0 310.0
273.0 259.0 258.0 269.0
146.0 293.0 130.0 306.0
275.0 226.0 259.0 235.0
200.0 210.0 183.0 219.0
145.0 294.0 130.0 306.0
199.0 209.0 183.0 219.0
243.0 169.0 225.0 180.0
310.0 230.0 292.0 241.0
272.0 335.0 256.0 347.0
198.0 228.0 182.0 237.0
197.0 227.0 182.0 236.0
199.0 211.0 183.0 219.0
283.0 77.0 267.0 88.0
287.0 249.0 270.0 260.0
200.0 209.0 184.0 218.0
199.0 228.0 182.0 237.0
319.0 324.0 301.0 336.0
273.0 335.0 256.0 347.0
408.0 293.0 388.0 307.0
284.0 77.0 267.0 88.0
92.0 226.0 77.0 236.0
319.0 323.0 301.0 336.0
310.0 231.0 292.0 241.0
94.0 201.0 79.0 208.0
293.0 317.0 277.0 326.0
239.0 333.0 221.0 346.0
383.0 258.0 363.0 273.0
199.0 210.0 183.0 219.0
287.0 248.0 270.0 260.0
145.0 295.0 130.0 306.0
201.0 210.0 183.0 219.0
409.0 293.0 388.0 307.0
273.0 334.0 256.0 347.0
238.0 332.0 221.0 346.0
114.0 543.0 95.0 557.0
309.0 230.0 292.0 242.0
239.0 332.0 221.0 346.0
144.0 294.0 130.0 306.0
408.0 294.0 388.0 307.0
242.0 168.0 225.0 180.0
118.0 516.0 100.0 531.0
92.0 227.0 77.0 236.0
95.0 200.0 81.0 208.0
340.0 420.0 323.0 431.0
130.0 300.0 113.0 310.0
283.0 78.0 267.0 88.0
118.0 515.0 100.0 531.0
272.0 334.0 256.0 347.0
117.0 515.0 100.0 531.0
274.0 226.0 259.0 235.0
378.0 165.0 357.0 179.0
243.0 168.0 226.0 178.0
91.0 227.0 77.0 236.0
365.0 278.0 346.0 293.0
128.0 417.0 111.0 427.0
117.0 516.0 100.0 531.0
339.0 421.0 323.0 431.0
379.0 129.0 359.0 142.0
258.0 92.0 241.0 101.0
113.0 544.0 95.0 557.0
322.0 420.0 306.0 429.0
393.0 178.0 372.0 194.0
340.0 421.0 323.0 431.0
37.0 84.0 20.0 94.0
274.0 227.0 259.0 235.0
309.0 232.0 292.0 242.0
322.0 281.0 303.0 293.0
282.0 78.0 266.0 88.0
243.0 167.0 226.0 178.0
309.0 231.0 292.0 242.0
310.0 232.0 292.0 242.0
322.0 88.0 305.0 100.0
308.0 231.0 292.0 242.0
93.0 201.0 79.0 208.0
196.0 300.0 181.0 309.0
366.0 278.0 347.0 293.0
332.0 298.0 313.0 310.0
272.0 333.0 256.0 346.0
94.0 200.0 79.0 208.0
276.0 191.0 262.0 199.0
274.0 334.0 257.0 347.0
244.0 168.0 226.0 178.0
94.0 199.0 81.0 208.0
322.0 421.0 306.0 429.0
321.0 281.0 303.0 293.0
308.0 232.0 292.0 242.0
378.0 164.0 358.0 179.0
95.0 199.0 81.0 208.0
379.0 164.0 358.0 179.0
339.0 420.0 323.0 431.0
394.0 178.0 373.0 193.0
38.0 85.0 20.0 94.0
91.0 228.0 76.0 236.0
321.0 88.0 303.0 100.0
321.0 282.0 303.0 293.0
292.0 317.0 277.0 326.0
197.0 299.0 181.0 309.0
92.0 228.0 77.0 236.0
99.0 336.0 81.0 346.0
273.0 333.0 256.0 346.0
383.0 257.0 363.0 273.0
196.0 299.0 181.0 309.0
197.0 300.0 181.0 309.0
276.0 192.0 262.0 199.0
114.0 544.0 97.0 557.0
321.0 87.0 303.0 100.0
286.0 249.0 270.0 260.0
37.0 85.0 20.0 94.0
286.0 248.0 270.0 260.0
389.0 276.0 369.0 288.0
93.0 200.0 79.0 208.0
364.0 279.0 345.0 293.0
259.0 91.0 241.0 100.0
274.0 333.0 257.0 346.0
365.0 279.0 346.0 293.0
394.0 177.0 373.0 193.0
340.0 422.0 323.0 431.0
382.0 257.0 363.0 273.0
100.0 337.0 81.0 346.0
341.0 422.0 323.0 431.0
322.0 87.0 305.0 100.0
365.0 280.0 346.0 294.0
322.0 422.0 306.0 429.0
263.0 298.0 247.0 308.0
341.0 421.0 323.0 431.0
430.0 141.0 411.0 155.0
390.0 276.0 369.0 288.0
258.0 91.0 241.0 100.0
99.0 337.0 81.0 346.0
100.0 335.0 81.0 346.0
100.0 336.0 81.0 346.0
367.0 278.0 347.0 293.0
101.0 335.0 81.0 346.0
322.0 282.0 303.0 293.0
296.0 503.0 279.0 515.0
36.0 85.0 20.0 94.0
273.0 226.0 259.0 235.0
195.0 300.0 180.0 309.0
323.0 87.0 305.0 100.0
384.0 258.0 363.0 273.0
196.0 301.0 181.0 310.0
323.0 420.0 306.0 429.0
252.0 315.0 238.0 324.0
323.0 88.0 305.0 100.0
263.0 297.0 247.0 308.0
364.0 72.0 345.0 86.0
100.0 338.0 81.0 346.0
366.0 279.0 347.0 293.0
195.0 299.0 181.0 309.0
380.0 130.0 360.0 142.0
364.0 73.0 345.0 86.0
390.0 275.0 369.0 288.0
384.0 257.0 363.0 273.0
259.0 90.0 241.0 100.0
308.0 483.0 292.0 488.0
37.0 86.0 20.0 94.0
36.0 86.0 20.0 94.0
264.0 297.0 247.0 308.0
129.0 391.0 111.0 398.0
130.0 390.0 112.0 398.0
296.0 502.0 279.0 515.0
101.0 336.0 81.0 346.0
297.0 502.0 279.0 515.0
129.0 390.0 111.0 398.0
308.0 482.0 292.0 488.0
131.0 390.0 112.0 398.0
131.0 391.0 112.0 398.0
297.0 503.0 279.0 515.0
264.0 298.0 248.0 307.0
308.0 481.0 292.0 488.0
323.0 421.0 307.0 430.0
101.0 337.0 81.0 346.0
363.0 72.0 345.0 86.0
130.0 391.0 112.0 398.0
195.0 301.0 179.0 310.0
99.0 338.0 81.0 347.0
256.0 111.0 240.0 115.0
298.0 501.0 281.0 514.0
297.0 501.0 280.0 515.0
431.0 141.0 411.0 155.0
130.0 392.0 111.0 398.0
363.0 73.0 344.0 86.0
35.0 117.0 19.0 126.0
34.0 117.0 19.0 126.0
296.0 501.0 279.0 515.0
298.0 502.0 280.0 516.0
264.0 296.0 249.0 307.0
263.0 296.0 247.0 307.0
309.0 483.0 292.0 488.0
131.0 392.0 112.0 398.0
35.0 118.0 19.0 126.0
68.0 199.0 54.0 207.0
309.0 481.0 293.0 489.0
253.0 282.0 234.0 287.0
300.0 315.0 277.0 326.0
378.0 21.0 357.0 35.0
44.0 577.0 29.0 589.0
267.0 628.0 257.0 637.0
44.0 575.0 29.0 589.0
36.0 117.0 19.0 126.0
44.0 576.0 29.0 589.0
266.0 628.0 257.0 637.0
45.0 576.0 29.0 589.0
309.0 482.0 292.0 488.0
35.0 116.0 19.0 126.0
34.0 118.0 19.0 126.0
378.0 22.0 357.0 35.0
397.0 216.0 372.0 234.0
264.0 17.0 249.0 24.0
32.0 6.0 15.0 13.0
454.0 89.0 433.0 103.0
32.0 7.0 15.0 13.0
43.0 576.0 29.0 589.0
32.0 5.0 15.0 13.0
45.0 575.0 29.0 589.0
265.0 17.0 249.0 24.0
134.0 352.0 116.0 358.0
36.0 118.0 19.0 126.0
253.0 284.0 234.0 287.0
254.0 284.0 234.0 287.0
253.0 283.0 234.0 287.0
127.0 453.0 106.0 473.0
135.0 352.0 117.0 357.0
37.0 25.0 21.0 32.0
254.0 282.0 234.0 287.0
264.0 16.0 249.0 24.0
38.0 24.0 21.0 32.0
379.0 21.0 357.0 35.0
454.0 88.0 433.0 103.0
38.0 25.0 21.0 32.0
254.0 283.0 234.0 287.0
255.0 282.0 234.0 287.0
54.0 49.0 39.0 56.0
54.0 48.0 39.0 56.0
265.0 16.0 249.0 24.0
267.0 629.0 257.0 637.0
55.0 49.0 39.0 56.0
33.0 6.0 15.0 13.0
468.0 205.0 448.0 220.0
33.0 7.0 15.0 13.0
320.0 381.0 310.0 387.0
385.0 283.0 369.0 289.0
33.0 5.0 15.0 13.0
385.0 282.0 369.0 289.0
265.0 15.0 249.0 24.0
398.0 216.0 372.0 234.0
266.0 629.0 257.0 637.0
34.0 6.0 15.0 13.0
266.0 16.0 249.0 24.0
384.0 282.0 369.0 289.0
56.0 49.0 39.0 56.0
134.0 353.0 116.0 358.0
469.0 206.0 448.0 220.0
306.0 13.0 289.0 25.0
468.0 206.0 448.0 220.0
306.0 14.0 289.0 25.0
469.0 205.0 448.0 220.0
283.0 622.0 277.0 620.0
305.0 13.0 288.0 25.0
49.0 604.0 35.0 618.0
283.0 621.0 277.0 620.0
54.0 47.0 39.0 56.0
49.0 605.0 35.0 618.0
55.0 48.0 39.0 56.0
470.0 206.0 448.0 220.0
300.0 19.0 288.0 25.0
49.0 603.0 34.0 617.0
56.0 48.0 39.0 56.0
384.0 283.0 369.0 289.0
282.0 622.0 277.0 620.0
281.0 621.0 277.0 620.0
55.0 47.0 39.0 56.0
58.0 221.0 43.0 229.0
469.0 207.0 448.0 220.0
50.0 604.0 36.0 617.0
470.0 205.0 448.0 220.0
50.0 603.0 36.0 617.0
51.0 604.0 36.0 617.0
282.0 621.0 277.0 620.0
307.0 13.0 289.0 25.0
335.0 8.0 323.0 16.0
46.0 169.0 29.0 178.0
59.0 221.0 43.0 229.0
51.0 603.0 36.0 617.0
300.0 18.0 288.0 25.0
459.0 194.0 447.0 220.0
128.0 331.0 104.0 347.0
47.0 170.0 30.0 176.0
60.0 221.0 43.0 229.0
46.0 168.0 29.0 178.0
128.0 330.0 104.0 347.0
47.0 168.0 30.0 176.0
444.0 222.0 424.0 236.0
443.0 223.0 424.0 236.0
445.0 223.0 424.0 236.0
443.0 222.0 424.0 236.0
444.0 223.0 424.0 236.0
48.0 169.0 30.0 176.0
47.0 169.0 30.0 176.0
129.0 330.0 104.0 347.0
47.0 167.0 30.0 176.0
445.0 222.0 424.0 236.0
355.0 104.0 343.0 111.0
444.0 224.0 424.0 236.0
74.0 223.0 77.0 236.0
48.0 168.0 30.0 176.0
48.0 167.0 30.0 176.0
427.0 479.0 411.0 443.0
305.0 276.0 273.0 293.0
426.0 479.0 411.0 443.0
49.0 168.0 30.0 176.0
305.0 275.0 273.0 293.0
