337.0 359.0 323.0 372.0
337.0 358.0 323.0 372.0
338.0 359.0 323.0 372.0
406.0 245.0 392.0 260.0
407.0 244.0 393.0 259.0
338.0 358.0 323.0 372.0
421.0 276.0 408.0 291.0
406.0 244.0 393.0 259.0
421.0 275.0 408.0 291.0
370.0 287.0 356.0 302.0
420.0 276.0 406.0 291.0
420.0 275.0 406.0 291.0
220.0 252.0 208.0 258.0
395.0 233.0 381.0 246.0
238.0 538.0 223.0 550.0
321.0 335.0 307.0 347.0
220.0 251.0 208.0 258.0
219.0 252.0 208.0 258.0
340.0 254.0 327.0 268.0
238.0 539.0 223.0 550.0
322.0 336.0 308.0 348.0
210.0 39.0 204.0 44.0
182.0 368.0 169.0 379.0
182.0 369.0 169.0 379.0
410.0 149.0 396.0 166.0
358.0 315.0 345.0 326.0
210.0 40.0 204.0 44.0
382.0 262.0 367.0 278.0
219.0 251.0 208.0 258.0
147.0 225.0 137.0 227.0
211.0 40.0 204.0 44.0
341.0 255.0 327.0 268.0
422.0 198.0 411.0 211.0
364.0 267.0 350.0 282.0
358.0 314.0 345.0 326.0
181.0 368.0 169.0 379.0
394.0 233.0 381.0 246.0
205.0 239.0 193.0 244.0
395.0 234.0 381.0 246.0
144.0 325.0 130.0 332.0
305.0 314.0 291.0 326.0
143.0 325.0 130.0 332.0
260.0 168.0 251.0 174.0
211.0 38.0 204.0 44.0
363.0 267.0 350.0 282.0
260.0 167.0 251.0 174.0
269.0 435.0 255.0 440.0
148.0 208.0 138.0 209.0
254.0 495.0 238.0 496.0
364.0 266.0 350.0 282.0
208.0 323.0 196.0 331.0
211.0 39.0 204.0 44.0
189.0 191.0 176.0 197.0
268.0 435.0 255.0 440.0
209.0 322.0 196.0 331.0
323.0 229.0 311.0 242.0
149.0 208.0 138.0 209.0
147.0 226.0 137.0 227.0
410.0 150.0 396.0 166.0
423.0 197.0 411.0 211.0
204.0 240.0 193.0 244.0
184.0 368.0 168.0 378.0
382.0 263.0 367.0 278.0
188.0 192.0 176.0 197.0
218.0 252.0 208.0 258.0
204.0 239.0 193.0 244.0
183.0 369.0 169.0 379.0
148.0 225.0 137.0 227.0
145.0 245.0 133.0 249.0
198.0 340.0 185.0 347.0
321.0 336.0 307.0 348.0
264.0 470.0 248.0 478.0
181.0 369.0 169.0 379.0
188.0 193.0 176.0 198.0
281.0 36.0 273.0 44.0
310.0 85.0 302.0 95.0
309.0 86.0 302.0 95.0
305.0 315.0 291.0 326.0
322.0 229.0 311.0 242.0
357.0 314.0 345.0 326.0
198.0 341.0 185.0 347.0
188.0 191.0 175.0 197.0
239.0 329.0 226.0 336.0
252.0 495.0 237.0 495.0
282.0 36.0 274.0 44.0
253.0 495.0 238.0 496.0
212.0 39.0 204.0 44.0
183.0 368.0 168.0 378.0
304.0 314.0 291.0 326.0
142.0 325.0 129.0 332.0
189.0 192.0 176.0 198.0
257.0 476.0 242.0 479.0
257.0 477.0 242.0 479.0
190.0 191.0 177.0 197.0
281.0 37.0 273.0 45.0
378.0 315.0 364.0 328.0
145.0 246.0 133.0 249.0
393.0 233.0 381.0 246.0
230.0 277.0 219.0 285.0
264.0 471.0 248.0 478.0
394.0 234.0 381.0 246.0
340.0 255.0 327.0 269.0
197.0 341.0 185.0 347.0
262.0 274.0 250.0 285.0
269.0 436.0 255.0 440.0
363.0 266.0 350.0 282.0
409.0 149.0 396.0 166.0
377.0 315.0 364.0 328.0
267.0 435.0 254.0 441.0
145.0 247.0 133.0 249.0
212.0 38.0 205.0 44.0
268.0 434.0 255.0 440.0
254.0 486.0 238.0 494.0
218.0 251.0 208.0 258.0
262.0 273.0 250.0 284.0
381.0 263.0 367.0 278.0
282.0 37.0 274.0 44.0
310.0 86.0 302.0 96.0
149.0 207.0 138.0 209.0
190.0 192.0 177.0 197.0
268.0 436.0 255.0 440.0
252.0 496.0 238.0 496.0
283.0 36.0 274.0 44.0
143.0 326.0 130.0 332.0
409.0 150.0 396.0 166.0
197.0 221.0 189.0 225.0
372.0 174.0 362.0 188.0
333.0 103.0 323.0 114.0
147.0 208.0 136.0 210.0
376.0 315.0 364.0 328.0
255.0 485.0 239.0 494.0
148.0 207.0 138.0 209.0
333.0 102.0 323.0 114.0
254.0 487.0 238.0 494.0
209.0 323.0 196.0 331.0
393.0 234.0 381.0 246.0
296.0 413.0 282.0 425.0
304.0 315.0 291.0 326.0
282.0 117.0 273.0 126.0
253.0 496.0 238.0 496.0
231.0 276.0 219.0 285.0
323.0 230.0 311.0 242.0
208.0 324.0 196.0 331.0
203.0 239.0 193.0 244.0
294.0 413.0 282.0 425.0
372.0 175.0 362.0 188.0
322.0 230.0 311.0 242.0
357.0 315.0 345.0 326.0
295.0 413.0 282.0 425.0
187.0 192.0 175.0 197.0
247.0 44.0 240.0 50.0
334.0 103.0 323.0 115.0
263.0 274.0 250.0 285.0
144.0 245.0 133.0 249.0
181.0 145.0 169.0 148.0
202.0 239.0 193.0 244.0
144.0 246.0 133.0 249.0
255.0 486.0 239.0 494.0
148.0 226.0 137.0 227.0
198.0 221.0 189.0 225.0
145.0 244.0 133.0 249.0
334.0 102.0 323.0 115.0
335.0 179.0 323.0 191.0
373.0 175.0 362.0 188.0
209.0 324.0 196.0 331.0
408.0 150.0 396.0 166.0
263.0 273.0 250.0 284.0
190.0 193.0 177.0 197.0
210.0 323.0 196.0 331.0
216.0 369.0 203.0 380.0
254.0 496.0 238.0 496.0
189.0 193.0 177.0 197.0
146.0 245.0 133.0 249.0
334.0 179.0 323.0 191.0
210.0 322.0 196.0 331.0
147.0 227.0 137.0 227.0
254.0 485.0 238.0 494.0
232.0 277.0 220.0 285.0
199.0 221.0 189.0 225.0
232.0 276.0 220.0 285.0
86.0 301.0 74.0 304.0
215.0 369.0 203.0 380.0
231.0 277.0 220.0 285.0
147.0 207.0 136.0 210.0
197.0 342.0 185.0 347.0
144.0 247.0 133.0 249.0
321.0 229.0 311.0 242.0
185.0 127.0 177.0 130.0
198.0 220.0 189.0 225.0
142.0 326.0 130.0 332.0
322.0 231.0 311.0 242.0
311.0 85.0 302.0 96.0
321.0 230.0 311.0 242.0
327.0 187.0 316.0 197.0
349.0 25.0 339.0 38.0
215.0 368.0 203.0 380.0
345.0 29.0 339.0 39.0
203.0 238.0 193.0 244.0
334.0 180.0 323.0 191.0
142.0 327.0 130.0 332.0
146.0 246.0 133.0 249.0
325.0 77.0 318.0 87.0
217.0 368.0 203.0 380.0
211.0 17.0 205.0 21.0
326.0 187.0 316.0 197.0
224.0 214.0 213.0 221.0
185.0 125.0 177.0 130.0
159.0 82.0 150.0 84.0
161.0 82.0 152.0 84.0
358.0 215.0 342.0 229.0
272.0 66.0 263.0 75.0
281.0 118.0 273.0 126.0
146.0 247.0 133.0 249.0
141.0 326.0 130.0 332.0
357.0 214.0 342.0 229.0
271.0 66.0 262.0 74.0
232.0 60.0 221.0 68.0
158.0 82.0 150.0 84.0
326.0 77.0 318.0 87.0
225.0 214.0 213.0 221.0
231.0 61.0 221.0 68.0
185.0 126.0 177.0 130.0
216.0 165.0 204.0 172.0
87.0 302.0 74.0 304.0
39.0 217.0 23.0 217.0
37.0 216.0 23.0 217.0
350.0 24.0 339.0 38.0
215.0 165.0 204.0 172.0
326.0 188.0 316.0 197.0
358.0 214.0 342.0 229.0
203.0 85.0 193.0 92.0
359.0 214.0 342.0 229.0
216.0 368.0 203.0 380.0
203.0 87.0 193.0 92.0
282.0 118.0 273.0 126.0
231.0 60.0 221.0 68.0
226.0 214.0 213.0 221.0
38.0 217.0 23.0 217.0
159.0 81.0 150.0 84.0
326.0 76.0 318.0 87.0
282.0 119.0 273.0 126.0
228.0 135.0 218.0 141.0
283.0 118.0 273.0 126.0
202.0 87.0 193.0 92.0
160.0 81.0 150.0 85.0
282.0 120.0 273.0 126.0
184.0 127.0 177.0 130.0
211.0 323.0 197.0 331.0
230.0 60.0 221.0 68.0
271.0 65.0 262.0 74.0
161.0 81.0 150.0 84.0
217.0 165.0 204.0 172.0
37.0 217.0 23.0 217.0
212.0 17.0 205.0 21.0
210.0 324.0 196.0 331.0
281.0 119.0 273.0 126.0
228.0 134.0 218.0 141.0
358.0 213.0 342.0 229.0
86.0 302.0 74.0 304.0
38.0 216.0 23.0 217.0
283.0 119.0 273.0 126.0
281.0 120.0 273.0 126.0
232.0 59.0 221.0 68.0
202.0 86.0 193.0 92.0
212.0 16.0 205.0 21.0
230.0 59.0 221.0 68.0
184.0 126.0 177.0 130.0
214.0 17.0 206.0 21.0
223.0 82.0 214.0 89.0
36.0 216.0 21.0 216.0
216.0 166.0 204.0 172.0
213.0 18.0 206.0 21.0
85.0 302.0 74.0 304.0
86.0 303.0 74.0 304.0
184.0 125.0 177.0 130.0
203.0 86.0 193.0 92.0
215.0 166.0 204.0 172.0
36.0 217.0 21.0 216.0
229.0 134.0 218.0 141.0
231.0 59.0 221.0 68.0
212.0 18.0 205.0 21.0
87.0 303.0 74.0 304.0
213.0 16.0 206.0 21.0
213.0 17.0 206.0 21.0
230.0 187.0 219.0 195.0
223.0 81.0 214.0 89.0
261.0 435.0 254.0 441.0
50.0 325.0 32.0 331.0
217.0 166.0 204.0 172.0
183.0 126.0 177.0 130.0
202.0 85.0 193.0 92.0
230.0 186.0 219.0 195.0
214.0 16.0 206.0 21.0
261.0 436.0 254.0 441.0
51.0 325.0 32.0 331.0
229.0 135.0 224.0 137.0
215.0 167.0 204.0 172.0
85.0 303.0 74.0 304.0
259.0 528.0 244.0 545.0
216.0 167.0 204.0 172.0
36.0 236.0 19.0 237.0
187.0 177.0 177.0 182.0
201.0 87.0 193.0 92.0
49.0 326.0 30.0 331.0
35.0 236.0 19.0 237.0
222.0 81.0 214.0 89.0
222.0 82.0 214.0 89.0
50.0 326.0 31.0 332.0
287.0 14.0 280.0 20.0
51.0 326.0 31.0 332.0
202.0 128.0 187.0 142.0
288.0 14.0 280.0 20.0
286.0 13.0 279.0 20.0
202.0 129.0 187.0 142.0
201.0 86.0 193.0 92.0
286.0 14.0 279.0 20.0
203.0 129.0 187.0 142.0
250.0 532.0 227.0 549.0
50.0 327.0 31.0 332.0
419.0 106.0 408.0 127.0
203.0 128.0 187.0 142.0
288.0 13.0 280.0 20.0
179.0 302.0 170.0 318.0
287.0 13.0 279.0 20.0
25.0 350.0 8.0 351.0
26.0 350.0 8.0 351.0
86.0 323.0 71.0 321.0
25.0 349.0 8.0 351.0
18.0 560.0 10.0 559.0
467.0 282.0 453.0 297.0
17.0 560.0 10.0 559.0
57.0 371.0 44.0 377.0
85.0 323.0 71.0 321.0
391.0 129.0 371.0 143.0
392.0 129.0 371.0 143.0
392.0 128.0 371.0 143.0
18.0 561.0 10.0 559.0
56.0 371.0 44.0 377.0
57.0 372.0 44.0 377.0
17.0 561.0 10.0 559.0
86.0 324.0 71.0 321.0
18.0 562.0 10.0 559.0
304.0 341.0 287.0 345.0
18.0 529.0 11.0 528.0
18.0 528.0 11.0 528.0
56.0 372.0 44.0 377.0
18.0 527.0 11.0 528.0
329.0 313.0 393.0 258.0
85.0 324.0 71.0 321.0
327.0 348.0 307.0 348.0
19.0 527.0 11.0 528.0
55.0 372.0 44.0 377.0
84.0 324.0 71.0 321.0
329.0 314.0 393.0 258.0
19.0 529.0 11.0 528.0
330.0 314.0 393.0 258.0
20.0 527.0 11.0 528.0
55.0 371.0 44.0 377.0
19.0 528.0 11.0 528.0
86.0 325.0 71.0 321.0
20.0 529.0 11.0 528.0
20.0 528.0 11.0 528.0
305.0 492.0 292.0 522.0
330.0 313.0 393.0 258.0
85.0 325.0 71.0 321.0
324.0 298.0 383.0 246.0
323.0 299.0 383.0 246.0
306.0 492.0 292.0 522.0
306.0 301.0 292.0 326.0
322.0 298.0 383.0 246.0
323.0 298.0 383.0 246.0
