150.0 112.0 156.0 151.0
127.0 68.0 131.0 107.0
150.0 113.0 155.0 151.0
149.0 112.0 156.0 151.0
278.0 416.0 277.0 455.0
149.0 111.0 156.0 151.0
320.0 88.0 319.0 129.0
150.0 111.0 156.0 151.0
277.0 416.0 276.0 456.0
320.0 87.0 319.0 128.0
271.0 290.0 271.0 325.0
127.0 69.0 131.0 107.0
110.0 336.0 110.0 368.0
151.0 112.0 156.0 151.0
272.0 289.0 271.0 325.0
271.0 289.0 271.0 325.0
318.0 502.0 317.0 542.0
127.0 70.0 131.0 107.0
182.0 116.0 183.0 154.0
107.0 301.0 107.0 333.0
182.0 117.0 184.0 155.0
107.0 303.0 107.0 334.0
107.0 302.0 107.0 334.0
320.0 86.0 319.0 128.0
271.0 288.0 271.0 323.0
319.0 502.0 317.0 541.0
106.0 301.0 107.0 333.0
216.0 462.0 214.0 495.0
272.0 288.0 271.0 323.0
272.0 287.0 271.0 323.0
106.0 302.0 107.0 333.0
128.0 68.0 131.0 107.0
216.0 464.0 213.0 498.0
110.0 337.0 110.0 368.0
183.0 117.0 184.0 155.0
106.0 303.0 107.0 334.0
128.0 70.0 131.0 107.0
183.0 115.0 184.0 154.0
216.0 463.0 214.0 495.0
111.0 337.0 111.0 368.0
111.0 338.0 111.0 369.0
215.0 463.0 214.0 495.0
183.0 116.0 183.0 154.0
215.0 464.0 213.0 496.0
320.0 85.0 319.0 126.0
128.0 71.0 131.0 107.0
120.0 359.0 121.0 390.0
128.0 69.0 131.0 107.0
110.0 338.0 110.0 369.0
271.0 287.0 271.0 323.0
42.0 319.0 47.0 340.0
121.0 358.0 121.0 390.0
41.0 318.0 47.0 340.0
121.0 360.0 122.0 391.0
319.0 87.0 319.0 128.0
120.0 358.0 120.0 391.0
319.0 86.0 319.0 128.0
215.0 462.0 214.0 495.0
120.0 360.0 121.0 390.0
138.0 356.0 138.0 386.0
121.0 359.0 122.0 391.0
319.0 85.0 319.0 126.0
121.0 361.0 122.0 391.0
48.0 571.0 47.0 598.0
271.0 286.0 271.0 323.0
110.0 339.0 111.0 369.0
40.0 318.0 47.0 340.0
49.0 571.0 47.0 598.0
139.0 355.0 139.0 385.0
144.0 514.0 142.0 549.0
139.0 356.0 138.0 386.0
111.0 339.0 111.0 369.0
138.0 355.0 139.0 385.0
138.0 357.0 138.0 386.0
41.0 319.0 47.0 340.0
236.0 105.0 240.0 139.0
144.0 513.0 142.0 549.0
254.0 372.0 253.0 411.0
144.0 515.0 142.0 549.0
38.0 240.0 45.0 266.0
38.0 239.0 45.0 266.0
37.0 240.0 45.0 266.0
237.0 104.0 240.0 138.0
48.0 572.0 47.0 598.0
140.0 355.0 139.0 385.0
49.0 572.0 47.0 598.0
255.0 373.0 253.0 411.0
237.0 105.0 240.0 139.0
145.0 513.0 142.0 549.0
236.0 104.0 240.0 138.0
75.0 493.0 75.0 525.0
255.0 372.0 253.0 411.0
236.0 103.0 240.0 138.0
255.0 371.0 253.0 411.0
150.0 140.0 152.0 176.0
254.0 371.0 253.0 411.0
145.0 515.0 142.0 550.0
140.0 356.0 139.0 385.0
237.0 103.0 240.0 138.0
37.0 239.0 45.0 266.0
75.0 494.0 75.0 526.0
71.0 477.0 73.0 511.0
150.0 141.0 152.0 176.0
71.0 476.0 74.0 510.0
256.0 371.0 253.0 411.0
256.0 373.0 253.0 411.0
256.0 372.0 253.0 411.0
35.0 334.0 41.0 356.0
49.0 573.0 47.0 598.0
72.0 475.0 74.0 510.0
42.0 320.0 47.0 340.0
35.0 335.0 42.0 357.0
72.0 476.0 74.0 510.0
145.0 514.0 142.0 550.0
94.0 381.0 91.0 409.0
49.0 463.0 50.0 485.0
83.0 442.0 81.0 475.0
34.0 396.0 37.0 418.0
21.0 561.0 24.0 586.0
41.0 320.0 47.0 340.0
22.0 561.0 24.0 586.0
48.0 463.0 50.0 485.0
83.0 441.0 81.0 475.0
40.0 319.0 47.0 340.0
48.0 573.0 47.0 598.0
202.0 505.0 202.0 538.0
48.0 464.0 50.0 485.0
136.0 390.0 136.0 425.0
49.0 464.0 50.0 485.0
47.0 464.0 50.0 485.0
84.0 442.0 81.0 475.0
35.0 398.0 37.0 418.0
34.0 397.0 37.0 418.0
34.0 398.0 37.0 418.0
232.0 371.0 229.0 401.0
47.0 463.0 50.0 485.0
58.0 378.0 62.0 399.0
47.0 462.0 50.0 485.0
64.0 248.0 73.0 273.0
84.0 441.0 81.0 475.0
228.0 61.0 230.0 100.0
136.0 389.0 136.0 425.0
17.0 543.0 18.0 562.0
69.0 558.0 67.0 590.0
227.0 61.0 229.0 101.0
147.0 534.0 146.0 566.0
227.0 60.0 229.0 101.0
135.0 389.0 136.0 425.0
68.0 557.0 67.0 590.0
7.0 362.0 11.0 393.0
58.0 379.0 62.0 399.0
21.0 562.0 24.0 586.0
6.0 362.0 11.0 393.0
70.0 558.0 67.0 590.0
104.0 253.0 108.0 282.0
22.0 562.0 24.0 586.0
103.0 253.0 108.0 282.0
50.0 573.0 47.0 598.0
59.0 379.0 62.0 399.0
23.0 562.0 24.0 586.0
135.0 388.0 136.0 425.0
63.0 354.0 66.0 377.0
7.0 334.0 14.0 355.0
46.0 463.0 50.0 485.0
228.0 60.0 229.0 101.0
235.0 256.0 229.0 294.0
229.0 60.0 230.0 100.0
6.0 332.0 14.0 355.0
6.0 333.0 14.0 355.0
58.0 380.0 62.0 399.0
63.0 247.0 73.0 273.0
7.0 333.0 14.0 355.0
227.0 59.0 229.0 101.0
235.0 255.0 229.0 294.0
69.0 557.0 67.0 590.0
104.0 254.0 108.0 283.0
17.0 544.0 18.0 562.0
64.0 355.0 66.0 377.0
146.0 535.0 146.0 566.0
147.0 535.0 146.0 566.0
236.0 255.0 229.0 294.0
16.0 543.0 18.0 562.0
136.0 388.0 136.0 425.0
73.0 276.0 78.0 301.0
72.0 276.0 78.0 301.0
229.0 59.0 229.0 101.0
72.0 246.0 73.0 274.0
59.0 380.0 62.0 399.0
103.0 37.0 110.0 72.0
146.0 534.0 146.0 566.0
58.0 381.0 62.0 399.0
63.0 355.0 66.0 377.0
6.0 361.0 11.0 393.0
70.0 557.0 67.0 590.0
147.0 536.0 146.0 566.0
7.0 361.0 11.0 393.0
72.0 275.0 78.0 300.0
236.0 254.0 229.0 294.0
26.0 542.0 18.0 562.0
136.0 387.0 136.0 425.0
228.0 59.0 229.0 101.0
102.0 39.0 110.0 72.0
103.0 255.0 108.0 283.0
236.0 256.0 229.0 294.0
43.0 283.0 46.0 311.0
103.0 38.0 110.0 72.0
236.0 257.0 229.0 295.0
104.0 255.0 108.0 283.0
103.0 254.0 108.0 283.0
16.0 544.0 18.0 562.0
102.0 38.0 110.0 72.0
29.0 490.0 30.0 511.0
69.0 556.0 67.0 590.0
103.0 39.0 110.0 72.0
72.0 247.0 73.0 274.0
101.0 38.0 110.0 72.0
30.0 490.0 30.0 510.0
101.0 37.0 110.0 72.0
102.0 37.0 110.0 72.0
60.0 380.0 62.0 399.0
138.0 303.0 132.0 340.0
135.0 387.0 136.0 424.0
179.0 347.0 173.0 382.0
146.0 536.0 146.0 566.0
17.0 545.0 18.0 562.0
73.0 503.0 75.0 526.0
59.0 381.0 62.0 399.0
22.0 563.0 24.0 586.0
11.0 449.0 18.0 468.0
185.0 263.0 174.0 293.0
101.0 39.0 110.0 72.0
27.0 370.0 26.0 402.0
26.0 370.0 26.0 402.0
70.0 561.0 67.0 590.0
153.0 329.0 156.0 355.0
74.0 504.0 75.0 526.0
26.0 543.0 18.0 562.0
86.0 295.0 92.0 320.0
60.0 381.0 62.0 399.0
186.0 264.0 174.0 293.0
87.0 296.0 92.0 320.0
89.0 316.0 91.0 349.0
153.0 330.0 156.0 355.0
87.0 295.0 92.0 320.0
153.0 331.0 156.0 355.0
64.0 356.0 66.0 377.0
16.0 545.0 18.0 562.0
74.0 503.0 75.0 526.0
88.0 295.0 92.0 320.0
63.0 356.0 66.0 377.0
90.0 315.0 91.0 349.0
186.0 263.0 174.0 293.0
255.0 174.0 253.0 196.0
30.0 491.0 30.0 510.0
77.0 40.0 92.0 75.0
89.0 315.0 90.0 349.0
179.0 346.0 173.0 382.0
88.0 296.0 92.0 320.0
187.0 263.0 174.0 293.0
89.0 314.0 90.0 349.0
272.0 435.0 276.0 470.0
77.0 41.0 92.0 75.0
235.0 248.0 228.0 294.0
187.0 264.0 174.0 293.0
271.0 435.0 276.0 470.0
272.0 436.0 276.0 470.0
165.0 272.0 174.0 293.0
79.0 329.0 89.0 350.0
180.0 346.0 173.0 382.0
90.0 314.0 91.0 349.0
67.0 363.0 63.0 398.0
79.0 330.0 89.0 350.0
128.0 14.0 137.0 46.0
67.0 362.0 63.0 398.0
305.0 483.0 318.0 537.0
271.0 436.0 276.0 470.0
123.0 257.0 109.0 283.0
127.0 14.0 137.0 46.0
