141.0 164.0 130.0 163.0
140.0 164.0 129.0 163.0
141.0 163.0 130.0 163.0
387.0 33.0 377.0 31.0
388.0 33.0 377.0 31.0
254.0 191.0 245.0 190.0
142.0 164.0 130.0 163.0
91.0 254.0 79.0 254.0
333.0 434.0 329.0 427.0
368.0 19.0 359.0 18.0
82.0 323.0 71.0 325.0
105.0 302.0 97.0 302.0
253.0 192.0 245.0 190.0
82.0 324.0 71.0 325.0
252.0 192.0 245.0 190.0
253.0 191.0 245.0 190.0
91.0 253.0 80.0 255.0
442.0 30.0 434.0 29.0
334.0 434.0 329.0 427.0
106.0 302.0 97.0 302.0
92.0 254.0 80.0 255.0
254.0 192.0 245.0 190.0
106.0 303.0 97.0 302.0
367.0 19.0 359.0 18.0
387.0 32.0 377.0 31.0
109.0 275.0 99.0 275.0
146.0 594.0 142.0 592.0
147.0 594.0 142.0 592.0
204.0 170.0 196.0 169.0
131.0 269.0 121.0 269.0
439.0 78.0 433.0 74.0
92.0 253.0 80.0 255.0
438.0 77.0 433.0 74.0
441.0 77.0 433.0 74.0
224.0 80.0 215.0 80.0
130.0 270.0 121.0 269.0
440.0 78.0 433.0 74.0
254.0 67.0 244.0 67.0
252.0 191.0 245.0 190.0
253.0 67.0 244.0 67.0
292.0 7.0 283.0 7.0
366.0 19.0 359.0 18.0
84.0 323.0 71.0 325.0
147.0 595.0 142.0 592.0
131.0 270.0 121.0 269.0
220.0 110.0 209.0 110.0
83.0 324.0 71.0 325.0
440.0 77.0 433.0 74.0
204.0 169.0 196.0 169.0
439.0 77.0 433.0 74.0
92.0 252.0 80.0 255.0
441.0 78.0 433.0 74.0
220.0 109.0 209.0 110.0
83.0 323.0 71.0 325.0
442.0 31.0 434.0 29.0
334.0 435.0 329.0 427.0
333.0 435.0 329.0 427.0
108.0 275.0 99.0 275.0
219.0 110.0 209.0 110.0
438.0 78.0 433.0 74.0
203.0 170.0 196.0 169.0
254.0 66.0 244.0 67.0
91.0 252.0 80.0 255.0
109.0 274.0 99.0 275.0
203.0 171.0 196.0 169.0
223.0 81.0 215.0 80.0
148.0 595.0 142.0 592.0
255.0 66.0 244.0 67.0
132.0 270.0 121.0 269.0
136.0 51.0 127.0 51.0
222.0 80.0 215.0 80.0
148.0 594.0 142.0 592.0
205.0 170.0 196.0 170.0
272.0 79.0 261.0 77.0
108.0 273.0 99.0 275.0
450.0 400.0 444.0 388.0
205.0 169.0 196.0 169.0
224.0 81.0 215.0 80.0
146.0 595.0 142.0 592.0
84.0 324.0 71.0 325.0
27.0 605.0 19.0 607.0
108.0 274.0 99.0 275.0
223.0 80.0 215.0 80.0
247.0 104.0 238.0 104.0
246.0 104.0 238.0 104.0
439.0 76.0 433.0 74.0
312.0 227.0 306.0 224.0
440.0 76.0 433.0 74.0
313.0 227.0 306.0 224.0
256.0 358.0 251.0 354.0
441.0 31.0 433.0 30.0
204.0 171.0 196.0 170.0
107.0 274.0 99.0 275.0
28.0 605.0 19.0 607.0
441.0 30.0 434.0 29.0
387.0 563.0 383.0 550.0
245.0 104.0 238.0 104.0
143.0 537.0 133.0 535.0
313.0 228.0 306.0 224.0
223.0 79.0 215.0 80.0
282.0 401.0 274.0 394.0
132.0 269.0 121.0 269.0
246.0 103.0 238.0 104.0
388.0 562.0 383.0 550.0
143.0 536.0 133.0 535.0
451.0 399.0 444.0 388.0
100.0 368.0 92.0 367.0
346.0 615.0 341.0 605.0
221.0 109.0 209.0 110.0
450.0 399.0 444.0 388.0
312.0 228.0 306.0 224.0
286.0 509.0 277.0 501.0
256.0 359.0 251.0 354.0
460.0 337.0 452.0 326.0
314.0 228.0 306.0 224.0
459.0 337.0 452.0 326.0
256.0 360.0 251.0 354.0
55.0 550.0 44.0 552.0
302.0 95.0 294.0 94.0
100.0 367.0 92.0 367.0
407.0 611.0 403.0 598.0
273.0 79.0 261.0 77.0
451.0 401.0 445.0 389.0
221.0 110.0 209.0 110.0
460.0 338.0 452.0 326.0
387.0 562.0 383.0 550.0
245.0 103.0 238.0 104.0
200.0 65.0 188.0 65.0
314.0 227.0 306.0 224.0
291.0 335.0 283.0 331.0
451.0 400.0 445.0 389.0
256.0 472.0 252.0 466.0
347.0 615.0 341.0 605.0
346.0 616.0 341.0 605.0
386.0 561.0 383.0 549.0
221.0 383.0 212.0 379.0
387.0 561.0 383.0 549.0
407.0 612.0 403.0 598.0
222.0 81.0 215.0 80.0
101.0 367.0 92.0 367.0
414.0 307.0 403.0 297.0
273.0 78.0 261.0 77.0
138.0 208.0 127.0 206.0
198.0 274.0 193.0 275.0
347.0 616.0 341.0 605.0
197.0 275.0 193.0 275.0
304.0 94.0 294.0 94.0
100.0 365.0 92.0 367.0
222.0 110.0 209.0 110.0
138.0 207.0 127.0 206.0
255.0 359.0 251.0 354.0
406.0 612.0 403.0 598.0
289.0 549.0 284.0 541.0
257.0 359.0 251.0 354.0
100.0 366.0 92.0 367.0
345.0 616.0 341.0 605.0
135.0 51.0 127.0 51.0
56.0 551.0 44.0 552.0
221.0 384.0 212.0 379.0
386.0 563.0 383.0 550.0
55.0 551.0 44.0 552.0
56.0 550.0 44.0 552.0
257.0 360.0 251.0 355.0
303.0 95.0 294.0 94.0
255.0 472.0 252.0 466.0
457.0 42.0 448.0 42.0
101.0 366.0 92.0 367.0
410.0 480.0 404.0 468.0
303.0 94.0 294.0 94.0
257.0 358.0 251.0 354.0
290.0 549.0 284.0 541.0
57.0 550.0 45.0 553.0
137.0 207.0 127.0 206.0
386.0 562.0 382.0 550.0
290.0 335.0 283.0 331.0
259.0 307.0 251.0 302.0
221.0 382.0 212.0 379.0
274.0 79.0 261.0 77.0
304.0 96.0 294.0 94.0
27.0 606.0 19.0 607.0
274.0 78.0 261.0 77.0
255.0 358.0 251.0 354.0
199.0 274.0 193.0 275.0
283.0 401.0 274.0 394.0
71.0 596.0 63.0 597.0
411.0 478.0 405.0 467.0
413.0 307.0 403.0 298.0
303.0 96.0 294.0 94.0
230.0 559.0 222.0 552.0
411.0 479.0 405.0 467.0
413.0 308.0 403.0 298.0
302.0 96.0 294.0 94.0
291.0 336.0 283.0 331.0
347.0 617.0 341.0 605.0
70.0 596.0 63.0 597.0
304.0 95.0 294.0 94.0
26.0 606.0 19.0 607.0
289.0 334.0 283.0 331.0
346.0 617.0 341.0 605.0
80.0 356.0 68.0 357.0
26.0 605.0 19.0 607.0
414.0 308.0 403.0 298.0
239.0 470.0 233.0 464.0
290.0 336.0 283.0 331.0
459.0 338.0 452.0 327.0
198.0 226.0 191.0 225.0
71.0 595.0 63.0 597.0
289.0 335.0 283.0 331.0
171.0 508.0 163.0 508.0
222.0 383.0 212.0 379.0
412.0 479.0 405.0 467.0
71.0 597.0 64.0 597.0
229.0 559.0 222.0 552.0
410.0 479.0 405.0 467.0
198.0 276.0 193.0 275.0
461.0 338.0 452.0 326.0
405.0 379.0 395.0 369.0
200.0 275.0 193.0 275.0
198.0 275.0 193.0 275.0
199.0 275.0 193.0 275.0
238.0 469.0 233.0 464.0
274.0 356.0 268.0 349.0
172.0 509.0 163.0 508.0
173.0 508.0 167.0 504.0
283.0 402.0 274.0 394.0
173.0 507.0 167.0 504.0
259.0 308.0 251.0 302.0
305.0 95.0 294.0 94.0
222.0 382.0 212.0 379.0
260.0 307.0 251.0 302.0
198.0 225.0 191.0 225.0
238.0 470.0 233.0 464.0
369.0 612.0 365.0 601.0
301.0 239.0 293.0 235.0
172.0 508.0 163.0 508.0
302.0 239.0 293.0 235.0
404.0 379.0 395.0 369.0
80.0 355.0 68.0 357.0
199.0 226.0 191.0 225.0
439.0 509.0 431.0 495.0
199.0 225.0 191.0 225.0
199.0 276.0 193.0 275.0
299.0 354.0 291.0 349.0
439.0 510.0 431.0 495.0
290.0 550.0 284.0 541.0
405.0 378.0 395.0 369.0
440.0 509.0 431.0 495.0
282.0 296.0 279.0 288.0
323.0 316.0 314.0 309.0
47.0 588.0 37.0 590.0
237.0 469.0 233.0 464.0
214.0 340.0 210.0 338.0
227.0 451.0 219.0 446.0
81.0 355.0 68.0 357.0
284.0 402.0 274.0 394.0
215.0 548.0 207.0 541.0
71.0 612.0 63.0 614.0
49.0 587.0 38.0 588.0
260.0 308.0 251.0 302.0
302.0 240.0 293.0 235.0
72.0 612.0 63.0 614.0
323.0 315.0 314.0 309.0
164.0 338.0 155.0 337.0
81.0 356.0 69.0 357.0
71.0 611.0 63.0 614.0
214.0 341.0 210.0 338.0
227.0 452.0 218.0 447.0
47.0 587.0 37.0 589.0
215.0 339.0 210.0 338.0
48.0 587.0 37.0 589.0
301.0 240.0 293.0 235.0
215.0 341.0 210.0 338.0
237.0 470.0 232.0 464.0
226.0 452.0 218.0 447.0
323.0 483.0 325.0 481.0
72.0 611.0 63.0 614.0
230.0 238.0 221.0 237.0
26.0 20.0 11.0 22.0
215.0 340.0 210.0 338.0
284.0 403.0 274.0 394.0
229.0 237.0 221.0 237.0
324.0 316.0 314.0 309.0
250.0 518.0 243.0 511.0
267.0 513.0 260.0 506.0
227.0 453.0 218.0 447.0
324.0 483.0 325.0 481.0
25.0 20.0 11.0 22.0
250.0 519.0 243.0 511.0
222.0 197.0 214.0 196.0
317.0 606.0 314.0 600.0
404.0 378.0 395.0 369.0
182.0 12.0 208.0 13.0
229.0 236.0 221.0 237.0
228.0 452.0 219.0 446.0
323.0 484.0 325.0 481.0
324.0 484.0 325.0 481.0
230.0 270.0 221.0 269.0
261.0 308.0 251.0 302.0
230.0 237.0 221.0 237.0
442.0 460.0 432.0 450.0
316.0 606.0 314.0 600.0
208.0 499.0 202.0 497.0
27.0 20.0 11.0 22.0
230.0 236.0 221.0 237.0
323.0 485.0 325.0 481.0
183.0 13.0 208.0 13.0
231.0 271.0 221.0 269.0
26.0 21.0 11.0 22.0
260.0 309.0 251.0 302.0
375.0 541.0 371.0 522.0
229.0 270.0 221.0 269.0
441.0 461.0 432.0 450.0
210.0 415.0 201.0 407.0
230.0 271.0 221.0 269.0
228.0 453.0 219.0 447.0
229.0 271.0 221.0 269.0
48.0 586.0 37.0 589.0
316.0 605.0 315.0 599.0
208.0 498.0 202.0 497.0
322.0 484.0 325.0 481.0
317.0 313.0 313.0 309.0
324.0 315.0 314.0 309.0
442.0 461.0 432.0 450.0
374.0 541.0 371.0 522.0
209.0 499.0 202.0 497.0
182.0 13.0 208.0 13.0
181.0 13.0 208.0 13.0
266.0 514.0 260.0 506.0
49.0 586.0 38.0 588.0
210.0 416.0 201.0 407.0
209.0 498.0 202.0 497.0
26.0 19.0 11.0 22.0
441.0 460.0 432.0 450.0
317.0 312.0 313.0 309.0
305.0 430.0 300.0 416.0
374.0 542.0 371.0 522.0
268.0 514.0 260.0 506.0
247.0 441.0 242.0 436.0
375.0 542.0 371.0 522.0
211.0 416.0 201.0 407.0
261.0 309.0 251.0 302.0
246.0 441.0 242.0 436.0
404.0 430.0 389.0 419.0
182.0 14.0 208.0 13.0
267.0 514.0 260.0 506.0
209.0 416.0 201.0 407.0
210.0 499.0 202.0 497.0
441.0 459.0 432.0 450.0
210.0 498.0 202.0 497.0
442.0 459.0 432.0 450.0
209.0 497.0 202.0 497.0
194.0 502.0 186.0 500.0
405.0 430.0 389.0 419.0
245.0 441.0 242.0 436.0
195.0 502.0 186.0 500.0
306.0 431.0 300.0 416.0
268.0 515.0 260.0 506.0
388.0 493.0 378.0 480.0
388.0 492.0 378.0 480.0
266.0 515.0 260.0 506.0
267.0 515.0 260.0 506.0
420.0 620.0 406.0 615.0
305.0 431.0 300.0 416.0
421.0 621.0 406.0 615.0
237.0 118.0 238.0 105.0
213.0 400.0 200.0 390.0
307.0 432.0 300.0 416.0
306.0 432.0 300.0 416.0
353.0 242.0 335.0 246.0
389.0 493.0 378.0 480.0
421.0 620.0 406.0 615.0
237.0 119.0 238.0 105.0
354.0 243.0 336.0 247.0
135.0 546.0 133.0 535.0
236.0 119.0 238.0 105.0
407.0 472.0 405.0 467.0
214.0 400.0 200.0 390.0
354.0 242.0 335.0 246.0
236.0 118.0 238.0 105.0
304.0 431.0 300.0 416.0
