472.0 37.0 471.0 36.0
96.0 96.0 99.0 105.0
471.0 37.0 471.0 36.0
470.0 37.0 471.0 36.0
471.0 36.0 471.0 36.0
265.0 316.0 272.0 315.0
175.0 20.0 178.0 29.0
266.0 316.0 272.0 315.0
265.0 315.0 272.0 315.0
175.0 21.0 178.0 29.0
470.0 38.0 471.0 36.0
96.0 95.0 99.0 104.0
471.0 38.0 471.0 36.0
176.0 21.0 179.0 29.0
95.0 96.0 99.0 105.0
199.0 593.0 211.0 595.0
143.0 23.0 147.0 33.0
143.0 24.0 147.0 33.0
200.0 593.0 211.0 595.0
240.0 600.0 253.0 601.0
144.0 25.0 147.0 33.0
143.0 25.0 147.0 33.0
467.0 107.0 469.0 105.0
176.0 20.0 179.0 29.0
198.0 592.0 211.0 595.0
144.0 23.0 147.0 33.0
456.0 79.0 456.0 78.0
144.0 24.0 147.0 33.0
455.0 79.0 455.0 78.0
240.0 601.0 253.0 601.0
467.0 106.0 469.0 104.0
280.0 594.0 292.0 593.0
176.0 22.0 179.0 29.0
95.0 95.0 99.0 104.0
60.0 85.0 62.0 95.0
246.0 196.0 250.0 197.0
281.0 594.0 292.0 593.0
200.0 592.0 211.0 595.0
241.0 601.0 253.0 601.0
59.0 84.0 62.0 95.0
455.0 78.0 455.0 78.0
230.0 576.0 243.0 577.0
166.0 465.0 174.0 468.0
245.0 196.0 250.0 197.0
454.0 79.0 455.0 78.0
161.0 342.0 169.0 344.0
180.0 196.0 186.0 199.0
181.0 196.0 186.0 199.0
199.0 592.0 211.0 595.0
468.0 106.0 469.0 104.0
185.0 279.0 190.0 282.0
231.0 576.0 243.0 577.0
195.0 417.0 205.0 420.0
261.0 199.0 266.0 200.0
241.0 600.0 254.0 601.0
166.0 464.0 175.0 467.0
165.0 465.0 174.0 468.0
59.0 85.0 62.0 95.0
60.0 84.0 62.0 95.0
178.0 483.0 189.0 486.0
282.0 593.0 293.0 592.0
158.0 110.0 162.0 116.0
181.0 195.0 186.0 199.0
60.0 86.0 62.0 95.0
165.0 464.0 174.0 468.0
160.0 341.0 169.0 344.0
456.0 78.0 455.0 78.0
418.0 374.0 427.0 366.0
183.0 235.0 188.0 238.0
270.0 338.0 277.0 335.0
282.0 594.0 293.0 592.0
330.0 479.0 340.0 474.0
165.0 286.0 172.0 289.0
261.0 200.0 266.0 200.0
156.0 154.0 161.0 162.0
186.0 279.0 191.0 282.0
279.0 593.0 292.0 592.0
330.0 481.0 340.0 476.0
185.0 278.0 190.0 282.0
229.0 114.0 232.0 119.0
270.0 337.0 277.0 335.0
261.0 562.0 272.0 562.0
280.0 593.0 292.0 592.0
232.0 576.0 243.0 577.0
166.0 463.0 175.0 467.0
269.0 338.0 277.0 335.0
230.0 114.0 233.0 118.0
98.0 470.0 108.0 476.0
166.0 286.0 172.0 289.0
185.0 280.0 190.0 282.0
184.0 279.0 190.0 282.0
58.0 85.0 62.0 95.0
161.0 341.0 169.0 344.0
281.0 593.0 292.0 592.0
227.0 440.0 236.0 441.0
104.0 429.0 111.0 434.0
232.0 575.0 243.0 577.0
223.0 499.0 234.0 500.0
158.0 109.0 162.0 116.0
329.0 480.0 340.0 476.0
178.0 502.0 188.0 504.0
330.0 480.0 340.0 476.0
168.0 220.0 174.0 225.0
100.0 149.0 105.0 158.0
169.0 221.0 174.0 225.0
288.0 320.0 294.0 319.0
99.0 470.0 108.0 476.0
473.0 79.0 474.0 77.0
152.0 235.0 158.0 240.0
260.0 562.0 272.0 562.0
329.0 479.0 340.0 475.0
354.0 388.0 363.0 383.0
230.0 113.0 233.0 118.0
103.0 430.0 111.0 434.0
168.0 221.0 174.0 225.0
184.0 235.0 190.0 238.0
152.0 236.0 158.0 240.0
231.0 575.0 243.0 577.0
4.0 300.0 11.0 306.0
281.0 592.0 292.0 592.0
178.0 500.0 188.0 504.0
3.0 300.0 11.0 306.0
184.0 234.0 189.0 237.0
226.0 440.0 236.0 441.0
201.0 519.0 209.0 522.0
177.0 501.0 188.0 504.0
404.0 29.0 405.0 31.0
105.0 219.0 111.0 225.0
329.0 481.0 340.0 476.0
227.0 439.0 236.0 441.0
132.0 554.0 142.0 558.0
354.0 389.0 363.0 383.0
231.0 574.0 243.0 577.0
178.0 501.0 188.0 504.0
169.0 222.0 174.0 225.0
201.0 520.0 209.0 522.0
168.0 222.0 174.0 225.0
101.0 179.0 107.0 188.0
200.0 519.0 209.0 522.0
229.0 113.0 232.0 118.0
230.0 575.0 243.0 577.0
260.0 561.0 272.0 562.0
425.0 45.0 426.0 45.0
77.0 201.0 82.0 210.0
105.0 220.0 111.0 225.0
226.0 439.0 236.0 441.0
404.0 31.0 405.0 31.0
103.0 429.0 111.0 434.0
197.0 150.0 201.0 156.0
183.0 234.0 189.0 237.0
353.0 388.0 363.0 383.0
198.0 562.0 209.0 565.0
146.0 466.0 156.0 470.0
199.0 519.0 209.0 522.0
96.0 513.0 105.0 518.0
36.0 300.0 43.0 306.0
419.0 374.0 427.0 366.0
404.0 30.0 405.0 31.0
262.0 199.0 266.0 200.0
196.0 150.0 200.0 156.0
473.0 78.0 474.0 77.0
157.0 110.0 162.0 116.0
177.0 583.0 189.0 587.0
424.0 45.0 426.0 46.0
104.0 430.0 111.0 434.0
104.0 218.0 111.0 224.0
425.0 44.0 426.0 45.0
240.0 533.0 251.0 534.0
76.0 201.0 82.0 210.0
418.0 375.0 427.0 366.0
77.0 200.0 82.0 210.0
151.0 235.0 158.0 240.0
179.0 483.0 189.0 486.0
474.0 78.0 474.0 77.0
36.0 299.0 42.0 306.0
128.0 106.0 130.0 114.0
261.0 561.0 272.0 562.0
151.0 236.0 157.0 240.0
200.0 520.0 209.0 522.0
214.0 481.0 225.0 482.0
184.0 236.0 188.0 238.0
207.0 260.0 214.0 263.0
100.0 307.0 107.0 312.0
259.0 561.0 272.0 562.0
199.0 520.0 209.0 522.0
104.0 219.0 111.0 224.0
405.0 30.0 405.0 31.0
229.0 112.0 232.0 118.0
405.0 29.0 405.0 31.0
393.0 601.0 408.0 595.0
99.0 307.0 107.0 312.0
90.0 493.0 98.0 498.0
393.0 602.0 408.0 595.0
127.0 467.0 137.0 473.0
208.0 260.0 214.0 263.0
127.0 106.0 130.0 114.0
157.0 109.0 162.0 116.0
209.0 261.0 214.0 263.0
127.0 468.0 137.0 473.0
419.0 375.0 427.0 366.0
198.0 576.0 210.0 579.0
122.0 291.0 130.0 295.0
424.0 44.0 425.0 45.0
179.0 482.0 189.0 486.0
99.0 471.0 108.0 477.0
89.0 492.0 98.0 498.0
343.0 150.0 349.0 148.0
102.0 179.0 107.0 188.0
343.0 151.0 349.0 148.0
211.0 134.0 215.0 139.0
35.0 300.0 42.0 306.0
40.0 374.0 48.0 377.0
104.0 220.0 111.0 225.0
344.0 151.0 349.0 148.0
126.0 467.0 137.0 473.0
76.0 200.0 82.0 210.0
213.0 481.0 225.0 482.0
95.0 514.0 105.0 518.0
150.0 313.0 157.0 317.0
196.0 151.0 200.0 156.0
187.0 407.0 196.0 409.0
217.0 597.0 233.0 597.0
94.0 513.0 105.0 518.0
262.0 200.0 266.0 200.0
393.0 600.0 408.0 595.0
90.0 492.0 98.0 498.0
98.0 471.0 108.0 477.0
213.0 480.0 225.0 481.0
226.0 355.0 233.0 357.0
95.0 513.0 105.0 518.0
127.0 105.0 131.0 113.0
150.0 312.0 157.0 317.0
207.0 261.0 214.0 263.0
37.0 300.0 43.0 306.0
89.0 493.0 98.0 498.0
147.0 465.0 156.0 470.0
130.0 488.0 139.0 493.0
226.0 356.0 233.0 357.0
131.0 553.0 142.0 558.0
151.0 311.0 157.0 317.0
37.0 299.0 42.0 306.0
277.0 537.0 289.0 534.0
265.0 445.0 274.0 444.0
75.0 200.0 82.0 210.0
208.0 261.0 214.0 263.0
100.0 471.0 108.0 477.0
132.0 553.0 142.0 558.0
76.0 483.0 86.0 489.0
474.0 77.0 474.0 77.0
353.0 389.0 363.0 383.0
133.0 554.0 142.0 558.0
342.0 150.0 349.0 148.0
207.0 262.0 213.0 263.0
342.0 151.0 349.0 148.0
153.0 629.0 165.0 634.0
266.0 446.0 274.0 444.0
473.0 77.0 474.0 77.0
208.0 262.0 214.0 263.0
217.0 595.0 233.0 597.0
131.0 426.0 143.0 431.0
141.0 506.0 150.0 512.0
130.0 486.0 139.0 493.0
200.0 576.0 210.0 579.0
77.0 483.0 86.0 489.0
122.0 292.0 130.0 295.0
133.0 553.0 142.0 558.0
76.0 482.0 86.0 489.0
214.0 480.0 225.0 482.0
154.0 553.0 163.0 556.0
151.0 312.0 157.0 317.0
217.0 596.0 233.0 597.0
374.0 421.0 385.0 415.0
266.0 445.0 274.0 444.0
375.0 421.0 385.0 415.0
154.0 554.0 163.0 556.0
128.0 244.0 134.0 249.0
278.0 538.0 289.0 534.0
151.0 313.0 157.0 317.0
163.0 439.0 171.0 444.0
356.0 410.0 366.0 405.0
130.0 487.0 139.0 493.0
278.0 537.0 289.0 534.0
128.0 105.0 131.0 113.0
118.0 604.0 129.0 610.0
94.0 243.0 100.0 251.0
279.0 537.0 289.0 534.0
187.0 406.0 196.0 409.0
128.0 245.0 134.0 249.0
77.0 482.0 86.0 489.0
375.0 422.0 385.0 415.0
127.0 104.0 131.0 113.0
152.0 629.0 165.0 634.0
152.0 628.0 165.0 634.0
119.0 604.0 129.0 610.0
258.0 425.0 267.0 424.0
151.0 629.0 165.0 634.0
354.0 390.0 363.0 384.0
216.0 597.0 233.0 597.0
140.0 285.0 146.0 289.0
162.0 439.0 171.0 444.0
356.0 411.0 366.0 405.0
128.0 104.0 131.0 113.0
235.0 487.0 246.0 487.0
279.0 538.0 289.0 534.0
425.0 398.0 433.0 389.0
199.0 576.0 210.0 579.0
352.0 389.0 363.0 383.0
94.0 244.0 100.0 251.0
39.0 374.0 48.0 377.0
180.0 483.0 189.0 486.0
424.0 398.0 433.0 389.0
216.0 596.0 233.0 597.0
188.0 444.0 196.0 446.0
87.0 431.0 95.0 436.0
163.0 440.0 171.0 444.0
445.0 527.0 457.0 518.0
93.0 243.0 100.0 251.0
225.0 356.0 233.0 357.0
117.0 604.0 129.0 610.0
39.0 375.0 48.0 377.0
264.0 445.0 274.0 444.0
102.0 180.0 107.0 188.0
188.0 443.0 196.0 446.0
87.0 430.0 95.0 436.0
132.0 552.0 142.0 558.0
140.0 506.0 150.0 512.0
423.0 398.0 433.0 389.0
153.0 554.0 163.0 556.0
353.0 390.0 363.0 384.0
443.0 529.0 455.0 520.0
153.0 553.0 163.0 556.0
162.0 441.0 171.0 444.0
93.0 244.0 100.0 251.0
188.0 445.0 196.0 446.0
424.0 399.0 433.0 390.0
204.0 256.0 212.0 262.0
88.0 431.0 95.0 436.0
425.0 399.0 434.0 389.0
152.0 426.0 160.0 430.0
205.0 256.0 213.0 262.0
319.0 392.0 326.0 388.0
445.0 528.0 457.0 518.0
423.0 399.0 433.0 390.0
162.0 440.0 171.0 444.0
216.0 595.0 233.0 597.0
70.0 416.0 78.0 422.0
319.0 391.0 326.0 388.0
187.0 443.0 196.0 446.0
443.0 528.0 455.0 520.0
139.0 285.0 146.0 289.0
424.0 400.0 433.0 390.0
318.0 392.0 326.0 388.0
320.0 392.0 326.0 388.0
187.0 444.0 196.0 446.0
119.0 308.0 125.0 313.0
187.0 445.0 196.0 446.0
444.0 528.0 455.0 520.0
318.0 391.0 326.0 388.0
215.0 596.0 233.0 597.0
288.0 569.0 299.0 567.0
320.0 391.0 326.0 388.0
438.0 481.0 451.0 471.0
139.0 284.0 146.0 289.0
140.0 505.0 150.0 512.0
139.0 506.0 150.0 512.0
439.0 481.0 451.0 471.0
119.0 307.0 125.0 313.0
289.0 569.0 299.0 567.0
458.0 486.0 469.0 477.0
438.0 482.0 451.0 471.0
204.0 255.0 212.0 262.0
474.0 22.0 471.0 35.0
238.0 471.0 249.0 471.0
46.0 398.0 55.0 403.0
457.0 486.0 469.0 477.0
251.0 419.0 266.0 424.0
439.0 482.0 451.0 471.0
250.0 419.0 266.0 424.0
91.0 405.0 110.0 411.0
166.0 277.0 172.0 289.0
90.0 405.0 110.0 411.0
167.0 276.0 173.0 288.0
107.0 123.0 101.0 131.0
167.0 277.0 172.0 289.0
288.0 443.0 289.0 449.0
5.0 614.0 16.0 625.0
6.0 614.0 16.0 625.0
5.0 613.0 16.0 625.0
6.0 613.0 16.0 625.0
288.0 442.0 289.0 449.0
454.0 109.0 469.0 105.0
88.0 575.0 89.0 581.0
