97.0 75.0 97.0 75.0
97.0 73.0 97.0 73.0
428.0 347.0 429.0 335.0
90.0 49.0 90.0 50.0
91.0 50.0 91.0 50.0
96.0 75.0 97.0 75.0
97.0 74.0 97.0 73.0
428.0 346.0 429.0 335.0
90.0 50.0 90.0 50.0
94.0 10.0 94.0 11.0
96.0 74.0 97.0 75.0
429.0 347.0 429.0 335.0
77.0 50.0 77.0 50.0
119.0 107.0 119.0 105.0
90.0 112.0 91.0 111.0
91.0 49.0 90.0 49.0
62.0 101.0 63.0 101.0
119.0 75.0 120.0 75.0
62.0 102.0 63.0 101.0
117.0 106.0 119.0 104.0
429.0 346.0 429.0 335.0
96.0 73.0 96.0 74.0
95.0 10.0 95.0 10.0
119.0 106.0 120.0 104.0
88.0 112.0 90.0 110.0
133.0 243.0 137.0 240.0
158.0 224.0 160.0 221.0
118.0 106.0 119.0 104.0
159.0 225.0 161.0 221.0
89.0 112.0 90.0 111.0
90.0 111.0 91.0 110.0
458.0 28.0 457.0 22.0
95.0 9.0 95.0 10.0
458.0 29.0 457.0 22.0
118.0 107.0 119.0 105.0
89.0 111.0 90.0 110.0
30.0 105.0 32.0 106.0
132.0 243.0 137.0 240.0
174.0 259.0 176.0 254.0
132.0 244.0 137.0 240.0
133.0 244.0 137.0 240.0
54.0 26.0 54.0 27.0
428.0 345.0 429.0 335.0
66.0 204.0 68.0 203.0
72.0 12.0 72.0 13.0
117.0 107.0 119.0 105.0
168.0 25.0 166.0 24.0
174.0 258.0 176.0 254.0
72.0 11.0 72.0 13.0
459.0 29.0 457.0 22.0
13.0 142.0 15.0 142.0
65.0 204.0 68.0 203.0
67.0 154.0 70.0 153.0
240.0 63.0 239.0 58.0
13.0 141.0 15.0 141.0
231.0 190.0 231.0 185.0
239.0 62.0 238.0 57.0
65.0 39.0 65.0 40.0
53.0 25.0 54.0 26.0
134.0 244.0 137.0 240.0
53.0 26.0 54.0 26.0
230.0 47.0 229.0 44.0
240.0 62.0 239.0 58.0
53.0 27.0 54.0 27.0
77.0 49.0 77.0 50.0
459.0 30.0 457.0 22.0
333.0 198.0 333.0 192.0
160.0 223.0 161.0 219.0
459.0 28.0 457.0 22.0
110.0 159.0 111.0 156.0
76.0 49.0 77.0 50.0
357.0 78.0 356.0 73.0
14.0 141.0 16.0 142.0
169.0 25.0 167.0 24.0
240.0 61.0 239.0 58.0
61.0 102.0 62.0 100.0
175.0 259.0 176.0 254.0
52.0 26.0 52.0 27.0
59.0 87.0 60.0 88.0
160.0 224.0 161.0 219.0
12.0 141.0 15.0 141.0
247.0 207.0 245.0 203.0
241.0 62.0 239.0 58.0
159.0 224.0 161.0 220.0
246.0 207.0 245.0 203.0
429.0 345.0 431.0 334.0
67.0 203.0 69.0 202.0
230.0 48.0 229.0 44.0
330.0 154.0 330.0 148.0
52.0 25.0 52.0 26.0
231.0 191.0 231.0 185.0
331.0 198.0 331.0 191.0
232.0 191.0 231.0 185.0
176.0 258.0 176.0 254.0
148.0 178.0 148.0 176.0
99.0 327.0 103.0 324.0
148.0 177.0 149.0 176.0
241.0 63.0 239.0 58.0
81.0 240.0 83.0 238.0
52.0 27.0 52.0 27.0
168.0 26.0 167.0 24.0
172.0 159.0 172.0 155.0
246.0 208.0 245.0 203.0
37.0 80.0 39.0 81.0
13.0 140.0 15.0 141.0
66.0 205.0 68.0 203.0
252.0 31.0 251.0 26.0
90.0 157.0 91.0 155.0
89.0 157.0 91.0 155.0
247.0 208.0 245.0 203.0
173.0 158.0 172.0 155.0
45.0 53.0 46.0 54.0
66.0 39.0 66.0 40.0
226.0 204.0 226.0 198.0
232.0 190.0 231.0 185.0
159.0 223.0 161.0 219.0
175.0 258.0 176.0 254.0
329.0 154.0 330.0 148.0
430.0 345.0 431.0 334.0
429.0 344.0 431.0 334.0
206.0 114.0 205.0 111.0
45.0 54.0 46.0 54.0
59.0 86.0 59.0 87.0
160.0 225.0 161.0 221.0
41.0 389.0 46.0 384.0
333.0 199.0 332.0 193.0
231.0 47.0 229.0 44.0
330.0 199.0 331.0 192.0
226.0 203.0 226.0 198.0
15.0 193.0 18.0 192.0
134.0 107.0 137.0 106.0
332.0 198.0 332.0 193.0
81.0 239.0 83.0 237.0
67.0 204.0 69.0 203.0
207.0 114.0 205.0 111.0
218.0 540.0 223.0 530.0
7.0 70.0 8.0 73.0
371.0 78.0 369.0 73.0
40.0 390.0 46.0 385.0
25.0 526.0 32.0 522.0
15.0 192.0 18.0 192.0
193.0 492.0 197.0 483.0
173.0 159.0 172.0 155.0
36.0 80.0 38.0 81.0
21.0 196.0 25.0 196.0
331.0 200.0 332.0 193.0
205.0 114.0 205.0 111.0
428.0 344.0 430.0 334.0
330.0 153.0 330.0 147.0
43.0 199.0 46.0 200.0
66.0 203.0 68.0 202.0
89.0 396.0 94.0 391.0
67.0 258.0 70.0 256.0
44.0 199.0 47.0 200.0
24.0 86.0 26.0 88.0
218.0 539.0 223.0 530.0
193.0 493.0 197.0 483.0
252.0 32.0 251.0 26.0
24.0 89.0 27.0 89.0
147.0 177.0 148.0 175.0
246.0 209.0 245.0 203.0
207.0 115.0 205.0 111.0
188.0 112.0 188.0 110.0
205.0 115.0 205.0 111.0
110.0 158.0 111.0 156.0
146.0 235.0 148.0 230.0
192.0 492.0 197.0 482.0
278.0 22.0 276.0 19.0
133.0 146.0 134.0 144.0
279.0 21.0 277.0 18.0
332.0 199.0 332.0 193.0
331.0 199.0 332.0 193.0
24.0 87.0 27.0 89.0
202.0 209.0 203.0 205.0
7.0 71.0 8.0 73.0
24.0 525.0 32.0 522.0
206.0 115.0 205.0 111.0
279.0 22.0 277.0 18.0
217.0 540.0 223.0 530.0
332.0 200.0 332.0 193.0
45.0 199.0 47.0 200.0
329.0 153.0 330.0 148.0
40.0 389.0 46.0 385.0
101.0 232.0 104.0 229.0
204.0 381.0 207.0 374.0
25.0 88.0 27.0 89.0
189.0 113.0 188.0 110.0
24.0 88.0 27.0 89.0
80.0 239.0 83.0 238.0
80.0 240.0 83.0 238.0
38.0 80.0 39.0 81.0
14.0 192.0 18.0 192.0
280.0 22.0 277.0 18.0
58.0 86.0 59.0 87.0
57.0 390.0 62.0 385.0
192.0 491.0 197.0 482.0
44.0 53.0 46.0 54.0
89.0 395.0 94.0 391.0
202.0 210.0 203.0 205.0
165.0 127.0 166.0 125.0
126.0 543.0 133.0 536.0
13.0 192.0 17.0 192.0
372.0 79.0 369.0 73.0
188.0 113.0 188.0 110.0
202.0 208.0 203.0 204.0
207.0 116.0 206.0 112.0
102.0 231.0 104.0 229.0
192.0 493.0 197.0 483.0
109.0 159.0 110.0 156.0
14.0 193.0 18.0 192.0
203.0 381.0 207.0 374.0
371.0 79.0 369.0 73.0
126.0 544.0 132.0 537.0
189.0 112.0 188.0 110.0
109.0 157.0 111.0 156.0
336.0 114.0 334.0 109.0
189.0 114.0 188.0 110.0
25.0 87.0 27.0 89.0
13.0 193.0 17.0 192.0
206.0 116.0 206.0 111.0
102.0 230.0 104.0 229.0
77.0 624.0 85.0 618.0
203.0 208.0 203.0 205.0
101.0 231.0 104.0 229.0
124.0 290.0 127.0 288.0
203.0 209.0 203.0 205.0
125.0 544.0 132.0 537.0
67.0 257.0 70.0 256.0
169.0 113.0 169.0 110.0
102.0 232.0 104.0 229.0
109.0 158.0 110.0 156.0
234.0 558.0 239.0 547.0
124.0 291.0 127.0 288.0
181.0 381.0 184.0 374.0
108.0 158.0 110.0 156.0
147.0 235.0 149.0 231.0
108.0 159.0 110.0 156.0
24.0 526.0 32.0 522.0
66.0 258.0 70.0 256.0
337.0 115.0 334.0 109.0
336.0 115.0 334.0 109.0
76.0 624.0 85.0 618.0
188.0 114.0 188.0 110.0
180.0 381.0 182.0 374.0
166.0 135.0 166.0 132.0
103.0 231.0 104.0 229.0
75.0 462.0 80.0 458.0
181.0 380.0 184.0 374.0
474.0 277.0 472.0 265.0
165.0 128.0 166.0 125.0
235.0 559.0 239.0 547.0
117.0 288.0 119.0 285.0
217.0 539.0 223.0 530.0
170.0 114.0 169.0 110.0
116.0 289.0 119.0 285.0
56.0 390.0 62.0 385.0
68.0 258.0 70.0 256.0
88.0 396.0 94.0 391.0
182.0 380.0 184.0 374.0
475.0 277.0 472.0 265.0
126.0 542.0 133.0 536.0
125.0 543.0 132.0 537.0
166.0 127.0 166.0 125.0
166.0 128.0 166.0 125.0
235.0 78.0 233.0 73.0
88.0 397.0 94.0 391.0
235.0 77.0 234.0 73.0
7.0 515.0 15.0 511.0
234.0 78.0 233.0 73.0
88.0 395.0 94.0 391.0
279.0 23.0 277.0 19.0
116.0 288.0 119.0 285.0
170.0 113.0 169.0 110.0
68.0 257.0 70.0 256.0
77.0 625.0 85.0 618.0
117.0 289.0 119.0 285.0
66.0 257.0 70.0 256.0
337.0 116.0 334.0 109.0
74.0 462.0 80.0 458.0
17.0 465.0 22.0 463.0
123.0 290.0 126.0 287.0
88.0 446.0 94.0 441.0
474.0 278.0 472.0 265.0
89.0 446.0 94.0 441.0
357.0 121.0 356.0 116.0
235.0 558.0 239.0 547.0
17.0 466.0 22.0 463.0
218.0 538.0 223.0 530.0
123.0 291.0 126.0 288.0
147.0 391.0 153.0 385.0
475.0 278.0 472.0 265.0
474.0 283.0 474.0 273.0
474.0 284.0 474.0 273.0
473.0 283.0 474.0 273.0
356.0 121.0 356.0 114.0
16.0 466.0 22.0 463.0
217.0 538.0 223.0 530.0
203.0 210.0 203.0 205.0
142.0 435.0 146.0 429.0
473.0 284.0 474.0 273.0
51.0 456.0 57.0 453.0
16.0 465.0 22.0 463.0
234.0 557.0 239.0 547.0
171.0 114.0 169.0 110.0
205.0 177.0 204.0 173.0
8.0 564.0 16.0 560.0
52.0 586.0 60.0 579.0
51.0 585.0 60.0 579.0
357.0 120.0 356.0 116.0
204.0 177.0 204.0 173.0
205.0 176.0 204.0 173.0
9.0 450.0 15.0 447.0
235.0 557.0 239.0 547.0
148.0 391.0 153.0 385.0
89.0 447.0 93.0 442.0
148.0 392.0 153.0 385.0
357.0 119.0 356.0 116.0
7.0 564.0 16.0 560.0
50.0 457.0 57.0 453.0
204.0 176.0 204.0 173.0
50.0 586.0 60.0 579.0
67.0 558.0 74.0 553.0
356.0 119.0 356.0 114.0
51.0 587.0 60.0 579.0
149.0 391.0 153.0 385.0
52.0 587.0 60.0 579.0
9.0 565.0 16.0 560.0
71.0 391.0 76.0 387.0
67.0 557.0 74.0 553.0
51.0 586.0 60.0 579.0
72.0 397.0 76.0 387.0
358.0 120.0 356.0 114.0
356.0 120.0 356.0 114.0
49.0 456.0 57.0 453.0
8.0 565.0 16.0 560.0
73.0 398.0 76.0 387.0
25.0 403.0 29.0 402.0
50.0 587.0 60.0 579.0
49.0 457.0 57.0 453.0
66.0 557.0 74.0 553.0
52.0 585.0 60.0 579.0
67.0 556.0 75.0 551.0
68.0 557.0 75.0 551.0
68.0 443.0 74.0 438.0
7.0 565.0 16.0 560.0
50.0 456.0 57.0 453.0
68.0 556.0 75.0 551.0
30.0 602.0 37.0 598.0
88.0 447.0 93.0 442.0
50.0 455.0 57.0 453.0
69.0 443.0 74.0 438.0
8.0 566.0 16.0 561.0
29.0 602.0 37.0 598.0
25.0 402.0 29.0 402.0
24.0 403.0 29.0 402.0
72.0 398.0 76.0 387.0
69.0 442.0 74.0 438.0
228.0 39.0 228.0 43.0
30.0 603.0 37.0 598.0
68.0 442.0 74.0 438.0
104.0 450.0 109.0 444.0
8.0 431.0 7.0 423.0
64.0 229.0 66.0 236.0
29.0 603.0 37.0 598.0
197.0 165.0 198.0 161.0
9.0 431.0 7.0 423.0
198.0 165.0 198.0 161.0
198.0 164.0 198.0 161.0
29.0 604.0 37.0 598.0
8.0 450.0 15.0 447.0
71.0 273.0 71.0 257.0
35.0 443.0 43.0 441.0
36.0 443.0 43.0 441.0
53.0 472.0 60.0 467.0
35.0 444.0 43.0 441.0
34.0 443.0 43.0 441.0
53.0 471.0 60.0 467.0
73.0 155.0 70.0 152.0
54.0 472.0 60.0 467.0
54.0 471.0 60.0 467.0
45.0 64.0 47.0 55.0
12.0 416.0 7.0 423.0
74.0 155.0 70.0 152.0
74.0 156.0 70.0 152.0
67.0 419.0 72.0 417.0
195.0 379.0 207.0 374.0
94.0 310.0 108.0 303.0
66.0 420.0 71.0 417.0
444.0 11.0 456.0 21.0
25.0 124.0 17.0 141.0
44.0 64.0 46.0 54.0
270.0 631.0 276.0 619.0
270.0 633.0 276.0 619.0
270.0 632.0 276.0 619.0
444.0 10.0 456.0 21.0
443.0 10.0 456.0 21.0
94.0 311.0 102.0 323.0
67.0 420.0 72.0 418.0
271.0 631.0 276.0 619.0
268.0 601.0 273.0 588.0
24.0 124.0 17.0 141.0
268.0 602.0 273.0 588.0
93.0 312.0 102.0 323.0
271.0 632.0 276.0 619.0
75.0 155.0 70.0 152.0
24.0 123.0 17.0 141.0
232.0 86.0 233.0 73.0
93.0 310.0 108.0 303.0
25.0 123.0 17.0 141.0
231.0 86.0 233.0 73.0
93.0 311.0 108.0 303.0
25.0 122.0 17.0 141.0
231.0 87.0 233.0 73.0
225.0 603.0 156.0 602.0
224.0 603.0 155.0 602.0
