447.0 481.0 445.0 495.0
447.0 480.0 445.0 495.0
446.0 480.0 445.0 495.0
445.0 481.0 445.0 495.0
470.0 554.0 470.0 569.0
471.0 554.0 471.0 569.0
455.0 556.0 455.0 571.0
405.0 553.0 405.0 569.0
433.0 564.0 433.0 580.0
446.0 481.0 445.0 495.0
355.0 549.0 353.0 564.0
446.0 482.0 445.0 495.0
456.0 556.0 455.0 571.0
469.0 537.0 469.0 552.0
447.0 482.0 445.0 495.0
457.0 223.0 453.0 235.0
355.0 548.0 354.0 564.0
380.0 450.0 379.0 463.0
355.0 245.0 353.0 257.0
359.0 452.0 357.0 466.0
455.0 557.0 455.0 572.0
456.0 558.0 455.0 573.0
252.0 82.0 250.0 95.0
471.0 553.0 470.0 569.0
381.0 450.0 379.0 463.0
455.0 223.0 453.0 235.0
432.0 565.0 433.0 581.0
251.0 82.0 249.0 96.0
406.0 553.0 405.0 569.0
433.0 565.0 433.0 580.0
469.0 538.0 469.0 552.0
237.0 370.0 234.0 383.0
252.0 81.0 250.0 95.0
406.0 552.0 405.0 567.0
236.0 369.0 234.0 383.0
457.0 224.0 454.0 236.0
354.0 548.0 353.0 564.0
251.0 81.0 250.0 94.0
471.0 457.0 470.0 469.0
236.0 371.0 234.0 383.0
290.0 343.0 288.0 356.0
407.0 553.0 405.0 569.0
356.0 245.0 353.0 257.0
235.0 371.0 234.0 383.0
456.0 557.0 455.0 572.0
356.0 548.0 354.0 564.0
456.0 225.0 454.0 236.0
236.0 370.0 234.0 383.0
301.0 438.0 300.0 452.0
456.0 223.0 453.0 235.0
416.0 185.0 413.0 197.0
290.0 344.0 288.0 357.0
355.0 244.0 353.0 257.0
337.0 486.0 336.0 500.0
354.0 245.0 353.0 257.0
407.0 552.0 405.0 567.0
289.0 345.0 288.0 357.0
355.0 246.0 353.0 257.0
457.0 557.0 456.0 572.0
455.0 224.0 453.0 235.0
301.0 437.0 300.0 452.0
300.0 437.0 299.0 452.0
300.0 439.0 299.0 452.0
456.0 224.0 454.0 236.0
15.0 375.0 16.0 386.0
237.0 371.0 234.0 384.0
354.0 400.0 353.0 413.0
201.0 539.0 199.0 555.0
380.0 451.0 379.0 463.0
373.0 256.0 371.0 269.0
302.0 337.0 301.0 350.0
373.0 257.0 371.0 269.0
432.0 564.0 433.0 580.0
14.0 375.0 15.0 386.0
291.0 344.0 288.0 358.0
468.0 538.0 469.0 552.0
373.0 402.0 372.0 415.0
284.0 96.0 281.0 110.0
284.0 97.0 281.0 110.0
254.0 317.0 253.0 329.0
298.0 174.0 297.0 186.0
254.0 318.0 253.0 329.0
13.0 375.0 15.0 386.0
230.0 439.0 228.0 451.0
337.0 485.0 336.0 500.0
300.0 436.0 299.0 450.0
290.0 345.0 288.0 357.0
355.0 400.0 354.0 413.0
300.0 438.0 299.0 452.0
360.0 211.0 356.0 224.0
290.0 346.0 288.0 357.0
355.0 401.0 354.0 414.0
356.0 244.0 353.0 256.0
158.0 522.0 156.0 537.0
374.0 256.0 372.0 268.0
338.0 485.0 336.0 499.0
360.0 212.0 356.0 224.0
235.0 370.0 234.0 383.0
354.0 401.0 354.0 413.0
157.0 524.0 155.0 538.0
452.0 201.0 451.0 213.0
229.0 439.0 228.0 451.0
359.0 334.0 358.0 346.0
235.0 369.0 234.0 383.0
92.0 395.0 91.0 405.0
453.0 201.0 451.0 213.0
338.0 486.0 336.0 500.0
253.0 81.0 251.0 95.0
236.0 372.0 234.0 384.0
283.0 97.0 281.0 110.0
375.0 256.0 372.0 268.0
289.0 343.0 288.0 357.0
301.0 439.0 300.0 452.0
306.0 282.0 304.0 294.0
158.0 524.0 155.0 538.0
262.0 422.0 259.0 434.0
158.0 523.0 156.0 537.0
359.0 212.0 356.0 224.0
302.0 317.0 300.0 329.0
359.0 211.0 356.0 224.0
457.0 558.0 456.0 572.0
299.0 175.0 297.0 187.0
289.0 344.0 288.0 357.0
254.0 319.0 253.0 329.0
390.0 245.0 388.0 257.0
359.0 336.0 358.0 347.0
469.0 539.0 469.0 553.0
249.0 404.0 248.0 416.0
452.0 200.0 450.0 212.0
261.0 420.0 260.0 433.0
339.0 130.0 336.0 143.0
359.0 333.0 358.0 346.0
75.0 570.0 73.0 584.0
370.0 187.0 367.0 198.0
255.0 318.0 253.0 329.0
390.0 247.0 387.0 259.0
249.0 403.0 248.0 416.0
475.0 249.0 475.0 258.0
342.0 502.0 341.0 516.0
342.0 501.0 340.0 516.0
155.0 248.0 153.0 260.0
359.0 335.0 358.0 347.0
468.0 539.0 469.0 552.0
381.0 451.0 379.0 463.0
303.0 336.0 301.0 350.0
261.0 421.0 260.0 433.0
262.0 421.0 260.0 433.0
284.0 311.0 282.0 322.0
262.0 420.0 260.0 433.0
380.0 152.0 376.0 164.0
453.0 199.0 450.0 212.0
93.0 395.0 92.0 406.0
374.0 257.0 371.0 269.0
416.0 184.0 412.0 197.0
159.0 547.0 156.0 564.0
397.0 451.0 396.0 465.0
248.0 404.0 248.0 416.0
283.0 310.0 282.0 322.0
343.0 502.0 341.0 516.0
453.0 200.0 451.0 213.0
311.0 452.0 309.0 466.0
253.0 82.0 251.0 95.0
310.0 452.0 309.0 466.0
75.0 569.0 73.0 584.0
308.0 283.0 306.0 293.0
157.0 523.0 155.0 538.0
159.0 238.0 163.0 234.0
249.0 405.0 248.0 416.0
391.0 245.0 388.0 257.0
338.0 130.0 335.0 144.0
5.0 52.0 5.0 67.0
283.0 96.0 281.0 110.0
344.0 412.0 342.0 425.0
239.0 109.0 237.0 123.0
4.0 53.0 5.0 67.0
92.0 394.0 91.0 405.0
399.0 450.0 398.0 463.0
5.0 53.0 5.0 67.0
155.0 247.0 153.0 260.0
239.0 110.0 237.0 123.0
75.0 568.0 73.0 584.0
4.0 52.0 5.0 67.0
282.0 97.0 281.0 110.0
284.0 310.0 282.0 322.0
261.0 422.0 259.0 434.0
248.0 405.0 248.0 416.0
390.0 246.0 387.0 259.0
358.0 335.0 358.0 347.0
93.0 394.0 91.0 405.0
379.0 152.0 375.0 164.0
201.0 557.0 198.0 574.0
112.0 623.0 112.0 629.0
3.0 53.0 5.0 67.0
283.0 98.0 281.0 110.0
303.0 337.0 301.0 350.0
321.0 342.0 318.0 354.0
91.0 394.0 91.0 405.0
307.0 281.0 305.0 293.0
338.0 129.0 335.0 143.0
379.0 151.0 375.0 164.0
373.0 403.0 372.0 415.0
299.0 174.0 297.0 186.0
310.0 453.0 309.0 466.0
200.0 557.0 198.0 574.0
307.0 283.0 305.0 293.0
398.0 451.0 398.0 464.0
454.0 200.0 451.0 213.0
262.0 419.0 260.0 432.0
343.0 501.0 340.0 515.0
283.0 311.0 282.0 322.0
310.0 454.0 309.0 467.0
201.0 558.0 198.0 575.0
454.0 201.0 451.0 213.0
398.0 450.0 398.0 464.0
74.0 569.0 73.0 584.0
350.0 282.0 350.0 293.0
129.0 507.0 128.0 520.0
339.0 131.0 335.0 144.0
371.0 187.0 367.0 199.0
391.0 246.0 387.0 259.0
311.0 453.0 309.0 466.0
378.0 152.0 375.0 164.0
344.0 413.0 342.0 425.0
338.0 131.0 335.0 144.0
322.0 342.0 318.0 354.0
283.0 309.0 282.0 322.0
375.0 257.0 372.0 268.0
371.0 188.0 367.0 199.0
352.0 281.0 350.0 293.0
264.0 389.0 263.0 401.0
112.0 624.0 112.0 629.0
474.0 266.0 471.0 276.0
308.0 282.0 305.0 293.0
99.0 374.0 97.0 387.0
343.0 411.0 342.0 425.0
307.0 282.0 305.0 293.0
113.0 623.0 112.0 629.0
160.0 547.0 156.0 564.0
100.0 374.0 97.0 387.0
147.0 473.0 147.0 487.0
36.0 163.0 35.0 175.0
398.0 452.0 398.0 464.0
474.0 265.0 471.0 276.0
113.0 624.0 112.0 629.0
276.0 333.0 275.0 344.0
59.0 485.0 58.0 493.0
276.0 332.0 275.0 344.0
147.0 474.0 147.0 489.0
475.0 265.0 471.0 276.0
42.0 522.0 38.0 537.0
277.0 333.0 275.0 344.0
59.0 484.0 58.0 493.0
128.0 506.0 128.0 520.0
264.0 390.0 263.0 401.0
473.0 265.0 471.0 276.0
373.0 322.0 373.0 334.0
99.0 375.0 97.0 387.0
207.0 196.0 206.0 208.0
303.0 338.0 301.0 351.0
277.0 332.0 275.0 344.0
264.0 391.0 262.0 403.0
41.0 522.0 39.0 538.0
322.0 343.0 318.0 354.0
153.0 457.0 151.0 472.0
446.0 138.0 443.0 151.0
399.0 451.0 398.0 464.0
200.0 118.0 199.0 131.0
447.0 138.0 443.0 152.0
343.0 414.0 342.0 426.0
350.0 281.0 350.0 293.0
276.0 331.0 274.0 343.0
200.0 119.0 199.0 132.0
153.0 458.0 151.0 472.0
447.0 139.0 443.0 152.0
65.0 470.0 59.0 492.0
308.0 281.0 305.0 293.0
129.0 506.0 128.0 520.0
240.0 109.0 237.0 123.0
351.0 282.0 350.0 293.0
263.0 390.0 262.0 403.0
300.0 258.0 298.0 268.0
446.0 140.0 443.0 151.0
26.0 160.0 25.0 172.0
384.0 362.0 383.0 373.0
100.0 375.0 97.0 387.0
399.0 452.0 398.0 464.0
343.0 412.0 342.0 425.0
128.0 507.0 128.0 520.0
275.0 332.0 274.0 343.0
257.0 68.0 255.0 82.0
148.0 474.0 147.0 487.0
321.0 344.0 318.0 356.0
206.0 197.0 206.0 208.0
352.0 282.0 350.0 293.0
207.0 197.0 206.0 208.0
36.0 164.0 35.0 175.0
446.0 139.0 443.0 151.0
321.0 343.0 318.0 354.0
85.0 551.0 82.0 566.0
300.0 256.0 298.0 267.0
378.0 151.0 375.0 164.0
343.0 413.0 342.0 425.0
383.0 363.0 383.0 373.0
316.0 267.0 315.0 279.0
148.0 473.0 147.0 487.0
42.0 523.0 38.0 537.0
328.0 281.0 325.0 292.0
322.0 344.0 318.0 354.0
41.0 523.0 38.0 538.0
351.0 281.0 350.0 293.0
292.0 272.0 291.0 283.0
58.0 546.0 55.0 562.0
270.0 312.0 269.0 323.0
59.0 486.0 58.0 493.0
300.0 257.0 298.0 267.0
277.0 331.0 275.0 344.0
59.0 545.0 55.0 562.0
115.0 554.0 114.0 572.0
84.0 552.0 82.0 566.0
75.0 389.0 70.0 399.0
475.0 87.0 471.0 99.0
241.0 20.0 237.0 34.0
327.0 280.0 325.0 292.0
319.0 18.0 316.0 33.0
206.0 198.0 206.0 208.0
41.0 524.0 39.0 538.0
257.0 69.0 256.0 82.0
371.0 227.0 368.0 239.0
318.0 268.0 316.0 279.0
317.0 267.0 315.0 279.0
59.0 546.0 55.0 562.0
291.0 273.0 291.0 284.0
263.0 391.0 262.0 403.0
448.0 139.0 443.0 152.0
42.0 524.0 39.0 538.0
206.0 200.0 206.0 208.0
327.0 279.0 325.0 292.0
328.0 280.0 325.0 292.0
84.0 551.0 82.0 566.0
240.0 110.0 237.0 123.0
207.0 198.0 206.0 208.0
88.0 358.0 88.0 369.0
447.0 140.0 443.0 152.0
299.0 358.0 298.0 371.0
59.0 547.0 55.0 562.0
206.0 199.0 206.0 208.0
383.0 362.0 383.0 373.0
257.0 70.0 256.0 82.0
320.0 19.0 316.0 33.0
292.0 273.0 291.0 284.0
318.0 267.0 315.0 279.0
384.0 361.0 383.0 373.0
320.0 18.0 316.0 33.0
299.0 359.0 298.0 371.0
14.0 147.0 8.0 156.0
129.0 311.0 127.0 325.0
129.0 312.0 127.0 325.0
64.0 612.0 63.0 625.0
114.0 554.0 114.0 572.0
320.0 17.0 316.0 33.0
240.0 20.0 237.0 34.0
115.0 553.0 114.0 572.0
114.0 553.0 114.0 572.0
319.0 17.0 316.0 33.0
114.0 467.0 113.0 481.0
64.0 611.0 63.0 625.0
475.0 86.0 471.0 99.0
128.0 312.0 127.0 325.0
318.0 266.0 316.0 279.0
64.0 610.0 63.0 625.0
135.0 296.0 163.0 234.0
321.0 18.0 316.0 33.0
321.0 17.0 316.0 33.0
476.0 86.0 471.0 99.0
15.0 147.0 8.0 156.0
240.0 19.0 237.0 34.0
19.0 580.0 18.0 593.0
476.0 85.0 471.0 99.0
475.0 85.0 471.0 99.0
18.0 580.0 18.0 593.0
65.0 611.0 63.0 625.0
383.0 361.0 383.0 373.0
135.0 298.0 163.0 234.0
241.0 19.0 237.0 34.0
135.0 299.0 163.0 234.0
239.0 19.0 237.0 34.0
88.0 359.0 88.0 369.0
135.0 297.0 163.0 234.0
65.0 610.0 63.0 625.0
208.0 453.0 205.0 469.0
65.0 612.0 63.0 625.0
241.0 18.0 237.0 34.0
18.0 581.0 18.0 593.0
114.0 599.0 112.0 614.0
115.0 468.0 113.0 481.0
282.0 394.0 282.0 410.0
317.0 266.0 315.0 279.0
76.0 389.0 70.0 399.0
240.0 18.0 237.0 34.0
115.0 469.0 113.0 481.0
379.0 328.0 374.0 334.0
19.0 581.0 18.0 593.0
114.0 469.0 113.0 481.0
114.0 468.0 113.0 481.0
134.0 299.0 163.0 234.0
385.0 361.0 383.0 373.0
134.0 298.0 163.0 234.0
437.0 153.0 443.0 151.0
17.0 155.0 25.0 172.0
379.0 329.0 374.0 334.0
378.0 328.0 374.0 334.0
19.0 582.0 18.0 593.0
436.0 154.0 443.0 151.0
317.0 228.0 320.0 245.0
437.0 154.0 429.0 173.0
436.0 153.0 429.0 173.0
455.0 404.0 456.0 410.0
455.0 406.0 454.0 427.0
317.0 227.0 320.0 245.0
378.0 329.0 373.0 334.0
119.0 463.0 113.0 476.0
455.0 405.0 454.0 427.0
34.0 156.0 35.0 175.0
316.0 228.0 320.0 245.0
120.0 463.0 113.0 476.0
454.0 405.0 454.0 427.0
195.0 451.0 204.0 469.0
73.0 593.0 70.0 607.0
194.0 451.0 204.0 469.0
72.0 593.0 70.0 607.0
316.0 227.0 320.0 245.0
65.0 630.0 64.0 625.0
200.0 505.0 199.0 509.0
195.0 450.0 204.0 469.0
73.0 592.0 70.0 607.0
66.0 630.0 64.0 625.0
72.0 592.0 70.0 607.0
191.0 154.0 181.0 187.0
200.0 506.0 199.0 509.0
194.0 450.0 204.0 469.0
215.0 455.0 205.0 470.0
418.0 600.0 428.0 626.0
458.0 426.0 454.0 429.0
362.0 294.0 351.0 293.0
351.0 200.0 356.0 223.0
