383.0 226.0 379.0 219.0
382.0 226.0 379.0 219.0
382.0 227.0 380.0 219.0
351.0 247.0 348.0 238.0
352.0 246.0 349.0 238.0
382.0 228.0 380.0 219.0
383.0 227.0 380.0 219.0
353.0 247.0 349.0 240.0
17.0 157.0 12.0 152.0
351.0 246.0 349.0 239.0
352.0 245.0 349.0 238.0
17.0 158.0 12.0 152.0
16.0 159.0 12.0 153.0
16.0 158.0 12.0 153.0
352.0 247.0 349.0 240.0
15.0 159.0 12.0 153.0
255.0 236.0 251.0 227.0
351.0 245.0 349.0 238.0
15.0 158.0 12.0 153.0
383.0 228.0 380.0 219.0
16.0 157.0 12.0 152.0
353.0 246.0 349.0 240.0
446.0 214.0 444.0 203.0
445.0 213.0 443.0 204.0
446.0 213.0 444.0 203.0
276.0 104.0 270.0 97.0
275.0 104.0 270.0 96.0
275.0 105.0 270.0 97.0
446.0 212.0 444.0 203.0
436.0 188.0 434.0 180.0
447.0 213.0 444.0 203.0
435.0 188.0 434.0 180.0
353.0 245.0 349.0 240.0
276.0 105.0 270.0 97.0
265.0 85.0 261.0 78.0
265.0 86.0 261.0 78.0
447.0 212.0 444.0 203.0
177.0 259.0 172.0 252.0
157.0 134.0 153.0 128.0
176.0 259.0 172.0 252.0
448.0 214.0 444.0 203.0
147.0 276.0 142.0 268.0
65.0 224.0 59.0 219.0
435.0 187.0 434.0 180.0
157.0 135.0 154.0 128.0
266.0 85.0 261.0 78.0
147.0 277.0 143.0 270.0
435.0 189.0 432.0 180.0
265.0 84.0 261.0 78.0
448.0 213.0 444.0 203.0
65.0 223.0 59.0 219.0
381.0 116.0 379.0 109.0
277.0 105.0 270.0 97.0
277.0 104.0 270.0 97.0
48.0 500.0 42.0 495.0
47.0 500.0 42.0 495.0
266.0 84.0 261.0 78.0
434.0 188.0 434.0 180.0
447.0 214.0 444.0 203.0
178.0 259.0 172.0 252.0
118.0 64.0 114.0 58.0
210.0 432.0 206.0 425.0
118.0 65.0 114.0 58.0
209.0 432.0 206.0 425.0
84.0 99.0 79.0 94.0
158.0 134.0 153.0 128.0
85.0 100.0 79.0 94.0
186.0 283.0 180.0 276.0
266.0 86.0 261.0 78.0
177.0 260.0 172.0 252.0
148.0 276.0 144.0 269.0
264.0 85.0 261.0 78.0
146.0 277.0 142.0 269.0
33.0 209.0 27.0 205.0
158.0 135.0 156.0 129.0
249.0 248.0 245.0 241.0
210.0 431.0 205.0 425.0
132.0 185.0 128.0 179.0
178.0 260.0 172.0 252.0
268.0 255.0 264.0 246.0
441.0 415.0 437.0 406.0
85.0 99.0 79.0 94.0
132.0 187.0 128.0 180.0
132.0 186.0 128.0 180.0
411.0 211.0 408.0 203.0
236.0 28.0 233.0 21.0
32.0 210.0 28.0 206.0
119.0 64.0 114.0 58.0
98.0 403.0 94.0 396.0
66.0 223.0 59.0 219.0
119.0 519.0 111.0 512.0
118.0 518.0 111.0 512.0
440.0 415.0 437.0 406.0
86.0 99.0 79.0 94.0
96.0 21.0 92.0 15.0
96.0 20.0 92.0 15.0
190.0 551.0 186.0 542.0
133.0 187.0 128.0 180.0
237.0 28.0 233.0 21.0
268.0 256.0 264.0 246.0
97.0 21.0 92.0 15.0
442.0 416.0 437.0 406.0
120.0 518.0 111.0 512.0
150.0 380.0 145.0 374.0
48.0 499.0 42.0 495.0
190.0 552.0 186.0 542.0
211.0 432.0 206.0 425.0
119.0 518.0 111.0 512.0
86.0 100.0 79.0 94.0
133.0 185.0 128.0 180.0
138.0 131.0 136.0 125.0
269.0 257.0 264.0 246.0
124.0 92.0 119.0 85.0
440.0 416.0 436.0 406.0
105.0 373.0 98.0 366.0
79.0 277.0 75.0 272.0
411.0 212.0 408.0 203.0
98.0 402.0 94.0 396.0
237.0 27.0 233.0 21.0
412.0 211.0 409.0 204.0
412.0 212.0 409.0 204.0
106.0 357.0 101.0 350.0
191.0 551.0 186.0 542.0
412.0 210.0 408.0 203.0
441.0 416.0 437.0 406.0
97.0 403.0 94.0 396.0
99.0 402.0 94.0 395.0
269.0 256.0 264.0 246.0
104.0 372.0 98.0 366.0
124.0 91.0 119.0 85.0
120.0 519.0 111.0 512.0
148.0 277.0 143.0 270.0
442.0 417.0 436.0 406.0
133.0 186.0 128.0 180.0
11.0 514.0 6.0 512.0
268.0 119.0 262.0 111.0
125.0 91.0 119.0 85.0
127.0 319.0 122.0 311.0
47.0 501.0 42.0 495.0
104.0 374.0 98.0 366.0
97.0 402.0 94.0 396.0
163.0 483.0 159.0 473.0
98.0 180.0 93.0 173.0
119.0 65.0 114.0 58.0
268.0 257.0 264.0 246.0
191.0 552.0 186.0 542.0
139.0 131.0 136.0 125.0
106.0 356.0 101.0 350.0
90.0 124.0 85.0 116.0
413.0 211.0 409.0 204.0
104.0 373.0 98.0 366.0
79.0 276.0 75.0 271.0
11.0 513.0 6.0 512.0
103.0 373.0 98.0 366.0
163.0 269.0 158.0 262.0
90.0 123.0 85.0 116.0
134.0 187.0 128.0 180.0
268.0 120.0 262.0 111.0
164.0 269.0 159.0 262.0
269.0 120.0 262.0 111.0
151.0 380.0 145.0 374.0
10.0 514.0 6.0 512.0
192.0 167.0 187.0 159.0
90.0 122.0 85.0 116.0
78.0 276.0 74.0 272.0
10.0 513.0 6.0 512.0
135.0 322.0 130.0 316.0
197.0 145.0 192.0 139.0
413.0 212.0 409.0 204.0
148.0 278.0 143.0 270.0
267.0 120.0 262.0 111.0
139.0 132.0 136.0 125.0
265.0 127.0 260.0 119.0
116.0 136.0 112.0 129.0
69.0 205.0 62.0 201.0
127.0 24.0 122.0 17.0
135.0 321.0 130.0 316.0
163.0 173.0 159.0 166.0
163.0 174.0 159.0 166.0
198.0 145.0 192.0 139.0
116.0 137.0 112.0 129.0
214.0 610.0 208.0 598.0
126.0 24.0 122.0 17.0
52.0 628.0 47.0 623.0
89.0 124.0 85.0 116.0
89.0 122.0 85.0 116.0
235.0 154.0 230.0 145.0
441.0 417.0 436.0 408.0
170.0 210.0 164.0 204.0
32.0 150.0 29.0 143.0
192.0 168.0 187.0 159.0
89.0 123.0 85.0 116.0
120.0 261.0 115.0 256.0
213.0 610.0 208.0 601.0
119.0 263.0 115.0 256.0
234.0 153.0 230.0 145.0
90.0 527.0 85.0 521.0
203.0 51.0 199.0 44.0
69.0 204.0 62.0 200.0
98.0 181.0 93.0 173.0
235.0 153.0 230.0 146.0
164.0 270.0 159.0 262.0
32.0 149.0 29.0 143.0
127.0 23.0 122.0 17.0
52.0 629.0 47.0 623.0
59.0 220.0 58.0 217.0
440.0 417.0 436.0 408.0
119.0 262.0 114.0 256.0
197.0 144.0 192.0 139.0
32.0 148.0 29.0 143.0
158.0 17.0 154.0 14.0
136.0 321.0 130.0 316.0
105.0 356.0 100.0 349.0
202.0 52.0 199.0 44.0
204.0 51.0 199.0 44.0
160.0 466.0 155.0 458.0
120.0 262.0 115.0 256.0
33.0 148.0 29.0 143.0
158.0 18.0 154.0 14.0
117.0 136.0 112.0 129.0
117.0 137.0 112.0 129.0
160.0 465.0 155.0 458.0
134.0 321.0 130.0 316.0
14.0 116.0 10.0 112.0
51.0 629.0 47.0 623.0
126.0 23.0 122.0 17.0
134.0 320.0 130.0 316.0
99.0 181.0 93.0 173.0
31.0 518.0 25.0 514.0
90.0 528.0 85.0 521.0
173.0 407.0 168.0 399.0
203.0 50.0 199.0 44.0
202.0 51.0 199.0 44.0
14.0 117.0 10.0 112.0
118.0 262.0 114.0 256.0
236.0 154.0 230.0 146.0
171.0 209.0 164.0 204.0
52.0 630.0 47.0 623.0
203.0 52.0 199.0 44.0
171.0 211.0 165.0 204.0
70.0 204.0 63.0 200.0
204.0 52.0 199.0 44.0
158.0 176.0 157.0 173.0
135.0 320.0 130.0 316.0
158.0 19.0 154.0 14.0
31.0 127.0 26.0 127.0
158.0 175.0 157.0 166.0
214.0 611.0 208.0 601.0
171.0 210.0 165.0 204.0
164.0 173.0 159.0 166.0
157.0 19.0 154.0 14.0
213.0 611.0 208.0 601.0
31.0 519.0 25.0 514.0
196.0 190.0 192.0 183.0
82.0 34.0 77.0 30.0
82.0 35.0 77.0 30.0
93.0 269.0 87.0 262.0
127.0 318.0 122.0 311.0
315.0 63.0 312.0 55.0
84.0 35.0 79.0 30.0
170.0 211.0 165.0 204.0
133.0 45.0 126.0 37.0
56.0 530.0 50.0 524.0
50.0 96.0 44.0 91.0
199.0 145.0 193.0 139.0
99.0 180.0 93.0 173.0
157.0 17.0 154.0 14.0
15.0 116.0 10.0 112.0
133.0 46.0 126.0 37.0
170.0 209.0 164.0 203.0
236.0 153.0 230.0 146.0
316.0 62.0 312.0 55.0
92.0 269.0 87.0 262.0
57.0 530.0 50.0 524.0
34.0 148.0 30.0 144.0
93.0 270.0 87.0 262.0
59.0 219.0 58.0 217.0
91.0 528.0 86.0 521.0
33.0 149.0 29.0 143.0
14.0 495.0 9.0 490.0
58.0 530.0 50.0 524.0
14.0 496.0 8.0 492.0
83.0 35.0 77.0 30.0
315.0 62.0 312.0 55.0
316.0 63.0 312.0 55.0
58.0 220.0 58.0 217.0
15.0 115.0 10.0 112.0
93.0 268.0 87.0 262.0
157.0 18.0 154.0 14.0
94.0 269.0 87.0 262.0
34.0 149.0 30.0 144.0
119.0 261.0 114.0 256.0
15.0 117.0 10.0 112.0
58.0 219.0 58.0 217.0
57.0 529.0 50.0 524.0
6.0 415.0 3.0 413.0
259.0 607.0 272.0 619.0
58.0 529.0 50.0 524.0
197.0 192.0 192.0 184.0
31.0 469.0 25.0 463.0
83.0 36.0 79.0 30.0
53.0 600.0 48.0 593.0
7.0 415.0 3.0 413.0
58.0 221.0 58.0 217.0
50.0 97.0 44.0 91.0
196.0 191.0 192.0 184.0
64.0 91.0 59.0 84.0
63.0 91.0 59.0 84.0
195.0 191.0 192.0 184.0
63.0 90.0 59.0 84.0
56.0 529.0 50.0 524.0
33.0 150.0 30.0 144.0
197.0 191.0 192.0 184.0
54.0 599.0 48.0 593.0
161.0 465.0 155.0 458.0
149.0 200.0 146.0 195.0
54.0 600.0 48.0 593.0
149.0 199.0 146.0 195.0
196.0 192.0 192.0 184.0
51.0 97.0 44.0 91.0
134.0 45.0 126.0 37.0
42.0 213.0 28.0 206.0
134.0 46.0 126.0 37.0
64.0 90.0 59.0 84.0
6.0 414.0 3.0 413.0
32.0 542.0 28.0 528.0
92.0 176.0 92.0 173.0
157.0 176.0 157.0 166.0
137.0 388.0 132.0 381.0
151.0 431.0 147.0 425.0
259.0 606.0 272.0 619.0
150.0 200.0 146.0 195.0
157.0 175.0 157.0 166.0
193.0 160.0 187.0 158.0
149.0 198.0 146.0 195.0
64.0 89.0 59.0 84.0
136.0 388.0 132.0 381.0
34.0 150.0 30.0 144.0
150.0 199.0 146.0 195.0
151.0 432.0 147.0 425.0
136.0 389.0 132.0 381.0
11.0 553.0 6.0 548.0
258.0 606.0 272.0 619.0
56.0 476.0 57.0 468.0
150.0 198.0 146.0 195.0
136.0 390.0 132.0 381.0
137.0 389.0 132.0 381.0
151.0 200.0 146.0 195.0
10.0 553.0 6.0 548.0
151.0 199.0 146.0 195.0
150.0 431.0 147.0 425.0
189.0 295.0 181.0 277.0
192.0 160.0 187.0 158.0
124.0 455.0 117.0 446.0
25.0 572.0 22.0 571.0
43.0 485.0 38.0 479.0
43.0 484.0 38.0 479.0
176.0 457.0 166.0 445.0
44.0 485.0 38.0 479.0
192.0 159.0 187.0 158.0
42.0 485.0 38.0 479.0
25.0 571.0 22.0 571.0
173.0 10.0 154.0 14.0
43.0 486.0 38.0 479.0
174.0 10.0 154.0 14.0
8.0 471.0 7.0 460.0
7.0 471.0 7.0 460.0
173.0 9.0 154.0 14.0
7.0 489.0 8.0 490.0
174.0 9.0 154.0 14.0
146.0 86.0 141.0 88.0
38.0 108.0 43.0 92.0
6.0 577.0 21.0 571.0
5.0 576.0 21.0 571.0
175.0 9.0 154.0 14.0
37.0 108.0 43.0 92.0
5.0 577.0 21.0 571.0
37.0 107.0 43.0 92.0
172.0 9.0 154.0 14.0
102.0 37.0 92.0 15.0
38.0 106.0 43.0 92.0
38.0 107.0 43.0 92.0
174.0 8.0 154.0 14.0
16.0 140.0 10.0 112.0
8.0 187.0 8.0 195.0
