348.0 315.0 349.0 324.0
309.0 301.0 309.0 312.0
217.0 291.0 218.0 301.0
218.0 290.0 218.0 301.0
349.0 315.0 349.0 324.0
218.0 291.0 218.0 303.0
395.0 147.0 394.0 159.0
49.0 365.0 50.0 379.0
348.0 314.0 349.0 323.0
217.0 290.0 218.0 301.0
50.0 365.0 50.0 379.0
191.0 374.0 191.0 384.0
308.0 300.0 310.0 311.0
388.0 340.0 389.0 351.0
382.0 574.0 386.0 587.0
311.0 117.0 309.0 130.0
309.0 300.0 310.0 311.0
307.0 300.0 310.0 311.0
413.0 365.0 415.0 374.0
51.0 364.0 50.0 379.0
390.0 525.0 395.0 537.0
387.0 340.0 389.0 351.0
191.0 375.0 191.0 384.0
458.0 394.0 460.0 404.0
122.0 179.0 123.0 192.0
425.0 251.0 425.0 261.0
307.0 301.0 309.0 312.0
396.0 148.0 395.0 159.0
396.0 147.0 395.0 159.0
37.0 127.0 36.0 141.0
425.0 250.0 425.0 261.0
50.0 364.0 50.0 379.0
348.0 313.0 349.0 323.0
227.0 266.0 227.0 278.0
306.0 300.0 309.0 312.0
360.0 415.0 363.0 426.0
395.0 148.0 394.0 159.0
192.0 374.0 191.0 384.0
310.0 301.0 310.0 311.0
432.0 373.0 434.0 384.0
124.0 179.0 123.0 192.0
389.0 525.0 395.0 537.0
51.0 365.0 50.0 379.0
38.0 127.0 36.0 141.0
426.0 251.0 426.0 260.0
308.0 301.0 309.0 312.0
192.0 373.0 191.0 384.0
49.0 364.0 50.0 379.0
349.0 314.0 350.0 324.0
458.0 393.0 460.0 403.0
457.0 395.0 460.0 404.0
122.0 180.0 123.0 192.0
123.0 179.0 123.0 192.0
255.0 277.0 255.0 288.0
430.0 374.0 433.0 383.0
123.0 180.0 123.0 192.0
397.0 147.0 395.0 159.0
346.0 347.0 346.0 358.0
178.0 204.0 176.0 216.0
361.0 413.0 364.0 425.0
389.0 526.0 394.0 538.0
297.0 486.0 301.0 499.0
341.0 442.0 346.0 452.0
426.0 250.0 426.0 260.0
358.0 500.0 362.0 510.0
360.0 413.0 364.0 425.0
390.0 526.0 395.0 537.0
413.0 155.0 411.0 165.0
311.0 118.0 309.0 130.0
317.0 443.0 320.0 453.0
360.0 414.0 364.0 425.0
361.0 414.0 364.0 425.0
312.0 117.0 309.0 130.0
297.0 487.0 301.0 499.0
426.0 352.0 427.0 362.0
298.0 486.0 301.0 498.0
457.0 394.0 460.0 403.0
313.0 479.0 316.0 491.0
256.0 276.0 256.0 288.0
426.0 252.0 426.0 260.0
412.0 155.0 411.0 166.0
414.0 365.0 415.0 374.0
397.0 148.0 395.0 159.0
124.0 180.0 123.0 192.0
231.0 257.0 231.0 268.0
71.0 559.0 71.0 572.0
255.0 276.0 255.0 288.0
312.0 119.0 310.0 132.0
228.0 266.0 227.0 278.0
361.0 415.0 363.0 426.0
432.0 374.0 434.0 384.0
17.0 119.0 17.0 133.0
457.0 393.0 460.0 403.0
256.0 275.0 257.0 287.0
426.0 353.0 427.0 362.0
387.0 341.0 389.0 351.0
381.0 574.0 386.0 587.0
358.0 499.0 362.0 510.0
433.0 374.0 435.0 384.0
255.0 275.0 255.0 288.0
320.0 512.0 324.0 524.0
345.0 347.0 346.0 358.0
281.0 209.0 278.0 223.0
388.0 342.0 389.0 351.0
256.0 277.0 256.0 288.0
388.0 341.0 389.0 351.0
318.0 444.0 320.0 453.0
438.0 116.0 435.0 127.0
437.0 116.0 435.0 127.0
414.0 155.0 411.0 165.0
319.0 443.0 321.0 452.0
456.0 394.0 460.0 403.0
425.0 353.0 427.0 362.0
382.0 575.0 386.0 587.0
319.0 442.0 321.0 452.0
431.0 373.0 434.0 383.0
254.0 277.0 255.0 288.0
71.0 558.0 71.0 572.0
342.0 442.0 346.0 452.0
286.0 517.0 290.0 530.0
346.0 348.0 346.0 358.0
312.0 118.0 309.0 130.0
373.0 401.0 377.0 413.0
318.0 442.0 320.0 452.0
345.0 348.0 346.0 358.0
254.0 276.0 255.0 288.0
318.0 443.0 320.0 452.0
358.0 498.0 362.0 510.0
280.0 210.0 279.0 223.0
387.0 342.0 389.0 351.0
193.0 374.0 192.0 383.0
298.0 487.0 301.0 499.0
313.0 118.0 310.0 130.0
357.0 498.0 362.0 510.0
70.0 558.0 71.0 571.0
319.0 512.0 323.0 524.0
425.0 352.0 427.0 362.0
312.0 478.0 316.0 491.0
319.0 513.0 323.0 524.0
431.0 374.0 433.0 383.0
317.0 442.0 320.0 453.0
39.0 119.0 37.0 132.0
280.0 211.0 279.0 223.0
329.0 362.0 330.0 371.0
432.0 375.0 434.0 384.0
376.0 374.0 379.0 385.0
155.0 293.0 154.0 305.0
312.0 479.0 316.0 491.0
281.0 210.0 278.0 223.0
70.0 559.0 71.0 572.0
329.0 361.0 330.0 371.0
313.0 478.0 316.0 491.0
279.0 211.0 279.0 223.0
357.0 499.0 362.0 510.0
158.0 196.0 159.0 209.0
193.0 373.0 192.0 382.0
159.0 196.0 159.0 209.0
431.0 375.0 433.0 383.0
413.0 156.0 411.0 165.0
299.0 447.0 302.0 459.0
38.0 119.0 37.0 132.0
437.0 117.0 435.0 127.0
307.0 431.0 309.0 442.0
437.0 118.0 435.0 127.0
108.0 509.0 111.0 521.0
287.0 517.0 290.0 530.0
155.0 294.0 154.0 305.0
357.0 497.0 362.0 510.0
286.0 518.0 290.0 530.0
297.0 446.0 301.0 459.0
468.0 84.0 466.0 96.0
280.0 209.0 279.0 223.0
321.0 513.0 324.0 526.0
433.0 375.0 435.0 384.0
286.0 519.0 292.0 531.0
320.0 513.0 324.0 526.0
339.0 405.0 341.0 416.0
381.0 575.0 386.0 587.0
425.0 354.0 427.0 362.0
339.0 404.0 341.0 415.0
320.0 514.0 324.0 526.0
321.0 514.0 324.0 526.0
287.0 518.0 292.0 531.0
341.0 441.0 345.0 452.0
376.0 375.0 379.0 385.0
469.0 84.0 466.0 96.0
71.0 560.0 71.0 572.0
38.0 120.0 37.0 132.0
288.0 518.0 292.0 531.0
321.0 512.0 324.0 526.0
342.0 441.0 346.0 452.0
299.0 446.0 302.0 459.0
419.0 204.0 419.0 213.0
307.0 430.0 309.0 442.0
374.0 401.0 377.0 413.0
150.0 192.0 159.0 208.0
346.0 349.0 346.0 358.0
100.0 279.0 100.0 292.0
88.0 139.0 86.0 151.0
340.0 405.0 341.0 416.0
212.0 217.0 212.0 229.0
279.0 210.0 279.0 223.0
156.0 294.0 154.0 305.0
438.0 117.0 435.0 127.0
298.0 446.0 301.0 459.0
438.0 118.0 435.0 127.0
340.0 404.0 341.0 415.0
344.0 441.0 346.0 452.0
87.0 138.0 86.0 151.0
287.0 519.0 292.0 531.0
101.0 280.0 100.0 292.0
373.0 402.0 377.0 413.0
34.0 354.0 32.0 366.0
33.0 355.0 32.0 373.0
378.0 491.0 382.0 502.0
343.0 441.0 346.0 452.0
39.0 120.0 37.0 132.0
2.0 261.0 2.0 276.0
358.0 497.0 362.0 510.0
101.0 279.0 100.0 292.0
288.0 519.0 292.0 531.0
306.0 430.0 309.0 442.0
343.0 442.0 346.0 452.0
330.0 427.0 332.0 434.0
301.0 391.0 303.0 403.0
328.0 426.0 332.0 434.0
302.0 392.0 303.0 403.0
340.0 403.0 342.0 414.0
424.0 352.0 427.0 362.0
329.0 426.0 332.0 434.0
279.0 209.0 279.0 222.0
353.0 385.0 355.0 395.0
374.0 403.0 377.0 413.0
107.0 145.0 105.0 158.0
374.0 402.0 377.0 413.0
302.0 391.0 303.0 403.0
468.0 85.0 466.0 96.0
68.0 130.0 56.0 140.0
212.0 216.0 211.0 228.0
88.0 138.0 86.0 151.0
57.0 136.0 56.0 150.0
305.0 429.0 308.0 442.0
469.0 85.0 466.0 96.0
301.0 392.0 303.0 403.0
341.0 405.0 341.0 416.0
57.0 135.0 37.0 141.0
390.0 527.0 394.0 538.0
298.0 447.0 301.0 459.0
50.0 597.0 49.0 611.0
306.0 429.0 309.0 442.0
107.0 510.0 111.0 521.0
212.0 215.0 211.0 228.0
33.0 354.0 32.0 366.0
89.0 138.0 86.0 151.0
424.0 353.0 427.0 362.0
329.0 427.0 332.0 434.0
341.0 404.0 341.0 415.0
298.0 445.0 301.0 459.0
2.0 262.0 2.0 277.0
329.0 473.0 333.0 485.0
233.0 556.0 234.0 572.0
299.0 444.0 301.0 459.0
67.0 575.0 68.0 588.0
301.0 509.0 304.0 521.0
362.0 574.0 366.0 588.0
213.0 216.0 212.0 229.0
352.0 385.0 355.0 395.0
361.0 575.0 366.0 588.0
113.0 19.0 100.0 28.0
50.0 598.0 49.0 611.0
299.0 445.0 301.0 459.0
338.0 371.0 340.0 381.0
361.0 576.0 366.0 588.0
328.0 427.0 332.0 434.0
67.0 574.0 68.0 588.0
329.0 472.0 333.0 485.0
377.0 491.0 381.0 501.0
452.0 412.0 457.0 423.0
92.0 277.0 91.0 288.0
232.0 556.0 234.0 572.0
451.0 412.0 457.0 423.0
113.0 20.0 100.0 28.0
91.0 277.0 91.0 289.0
66.0 576.0 67.0 589.0
118.0 284.0 125.0 298.0
66.0 575.0 67.0 589.0
301.0 508.0 304.0 521.0
452.0 411.0 457.0 423.0
182.0 302.0 181.0 313.0
119.0 284.0 125.0 298.0
9.0 106.0 6.0 120.0
362.0 576.0 367.0 588.0
51.0 598.0 50.0 611.0
211.0 216.0 211.0 228.0
338.0 370.0 340.0 381.0
195.0 211.0 194.0 224.0
112.0 19.0 100.0 28.0
468.0 86.0 466.0 96.0
362.0 575.0 367.0 588.0
110.0 27.0 109.0 43.0
181.0 303.0 181.0 313.0
182.0 304.0 181.0 313.0
299.0 509.0 303.0 521.0
66.0 574.0 67.0 589.0
233.0 557.0 234.0 572.0
91.0 278.0 91.0 289.0
300.0 509.0 303.0 521.0
3.0 255.0 2.0 275.0
92.0 278.0 91.0 289.0
65.0 576.0 67.0 589.0
51.0 597.0 50.0 611.0
231.0 557.0 234.0 572.0
33.0 595.0 32.0 611.0
233.0 558.0 234.0 572.0
182.0 303.0 181.0 313.0
231.0 556.0 234.0 572.0
9.0 590.0 8.0 604.0
9.0 592.0 8.0 604.0
232.0 557.0 234.0 572.0
9.0 591.0 8.0 604.0
287.0 187.0 286.0 200.0
112.0 20.0 100.0 28.0
10.0 590.0 8.0 604.0
288.0 189.0 287.0 202.0
10.0 591.0 8.0 604.0
67.0 576.0 68.0 588.0
288.0 188.0 287.0 202.0
232.0 558.0 234.0 572.0
5.0 352.0 14.0 368.0
183.0 303.0 181.0 313.0
300.0 508.0 303.0 519.0
34.0 595.0 32.0 611.0
6.0 352.0 14.0 368.0
288.0 187.0 287.0 202.0
196.0 212.0 194.0 224.0
305.0 397.0 303.0 403.0
34.0 596.0 32.0 611.0
287.0 188.0 287.0 201.0
298.0 533.0 302.0 546.0
110.0 28.0 110.0 44.0
265.0 577.0 268.0 590.0
298.0 532.0 302.0 546.0
300.0 507.0 303.0 519.0
264.0 578.0 268.0 590.0
458.0 413.0 457.0 423.0
272.0 509.0 275.0 522.0
298.0 534.0 302.0 547.0
146.0 292.0 153.0 305.0
287.0 189.0 287.0 202.0
265.0 578.0 268.0 590.0
272.0 510.0 275.0 522.0
351.0 600.0 357.0 611.0
264.0 577.0 268.0 590.0
33.0 596.0 32.0 611.0
272.0 508.0 275.0 522.0
273.0 509.0 275.0 522.0
90.0 19.0 88.0 35.0
264.0 579.0 268.0 590.0
66.0 577.0 67.0 589.0
288.0 190.0 287.0 202.0
299.0 508.0 303.0 521.0
273.0 508.0 275.0 522.0
287.0 190.0 287.0 202.0
90.0 20.0 88.0 35.0
458.0 412.0 457.0 423.0
352.0 601.0 357.0 611.0
352.0 598.0 357.0 611.0
299.0 507.0 303.0 521.0
58.0 599.0 65.0 614.0
352.0 599.0 357.0 611.0
352.0 600.0 357.0 611.0
223.0 614.0 226.0 619.0
351.0 599.0 357.0 611.0
223.0 613.0 226.0 619.0
272.0 507.0 275.0 522.0
271.0 509.0 275.0 522.0
222.0 612.0 226.0 619.0
284.0 578.0 289.0 592.0
222.0 613.0 226.0 619.0
285.0 579.0 289.0 592.0
58.0 598.0 65.0 614.0
271.0 508.0 275.0 522.0
284.0 579.0 289.0 592.0
222.0 614.0 226.0 620.0
271.0 507.0 274.0 520.0
285.0 578.0 289.0 592.0
57.0 599.0 50.0 612.0
154.0 386.0 165.0 370.0
155.0 386.0 165.0 370.0
155.0 385.0 165.0 370.0
57.0 598.0 50.0 612.0
300.0 588.0 303.0 601.0
82.0 577.0 83.0 592.0
82.0 578.0 83.0 592.0
300.0 589.0 303.0 601.0
94.0 167.0 123.0 192.0
83.0 578.0 83.0 592.0
82.0 579.0 83.0 593.0
6.0 1.0 18.0 11.0
6.0 2.0 18.0 11.0
95.0 167.0 123.0 192.0
94.0 168.0 123.0 192.0
95.0 168.0 123.0 192.0
368.0 390.0 377.0 411.0
367.0 389.0 377.0 411.0
7.0 345.0 14.0 368.0
6.0 345.0 14.0 368.0
367.0 390.0 377.0 411.0
74.0 603.0 66.0 615.0
75.0 603.0 66.0 615.0
411.0 572.0 426.0 574.0
21.0 256.0 2.0 275.0
74.0 602.0 66.0 615.0
85.0 563.0 83.0 592.0
6.0 344.0 14.0 368.0
7.0 344.0 14.0 368.0
75.0 602.0 66.0 615.0
410.0 572.0 426.0 574.0
410.0 573.0 426.0 574.0
86.0 563.0 83.0 592.0
85.0 564.0 83.0 592.0
410.0 571.0 426.0 574.0
360.0 370.0 354.0 363.0
86.0 562.0 83.0 593.0
