325.0 130.0 324.0 129.0
326.0 130.0 326.0 130.0
324.0 129.0 324.0 129.0
386.0 78.0 383.0 80.0
324.0 130.0 324.0 129.0
325.0 129.0 326.0 130.0
326.0 129.0 326.0 130.0
387.0 78.0 383.0 80.0
105.0 82.0 104.0 91.0
155.0 93.0 154.0 99.0
325.0 128.0 326.0 130.0
198.0 161.0 198.0 163.0
361.0 411.0 366.0 401.0
361.0 410.0 366.0 401.0
373.0 104.0 371.0 105.0
374.0 105.0 371.0 105.0
181.0 212.0 184.0 215.0
374.0 104.0 371.0 105.0
373.0 105.0 371.0 105.0
105.0 81.0 104.0 91.0
227.0 305.0 229.0 304.0
226.0 305.0 229.0 304.0
360.0 411.0 366.0 402.0
162.0 193.0 164.0 196.0
182.0 212.0 184.0 216.0
10.0 187.0 11.0 195.0
37.0 164.0 38.0 174.0
310.0 115.0 310.0 116.0
104.0 82.0 104.0 91.0
362.0 410.0 367.0 401.0
77.0 525.0 84.0 528.0
263.0 422.0 269.0 418.0
360.0 410.0 366.0 401.0
472.0 248.0 472.0 241.0
191.0 432.0 197.0 431.0
76.0 525.0 84.0 528.0
104.0 81.0 104.0 91.0
83.0 492.0 91.0 496.0
154.0 93.0 154.0 99.0
387.0 77.0 383.0 80.0
262.0 422.0 269.0 418.0
9.0 186.0 11.0 195.0
77.0 344.0 81.0 347.0
218.0 148.0 218.0 151.0
76.0 524.0 84.0 528.0
472.0 247.0 472.0 241.0
187.0 126.0 187.0 130.0
187.0 127.0 187.0 130.0
263.0 423.0 269.0 418.0
199.0 161.0 199.0 163.0
188.0 127.0 187.0 130.0
85.0 81.0 84.0 90.0
263.0 421.0 269.0 418.0
259.0 444.0 265.0 440.0
325.0 565.0 335.0 557.0
226.0 306.0 229.0 304.0
155.0 92.0 154.0 99.0
120.0 92.0 119.0 99.0
310.0 116.0 310.0 116.0
122.0 93.0 119.0 99.0
309.0 115.0 310.0 116.0
83.0 491.0 91.0 496.0
439.0 225.0 439.0 217.0
188.0 126.0 187.0 130.0
84.0 81.0 84.0 90.0
77.0 524.0 84.0 528.0
79.0 345.0 81.0 347.0
439.0 224.0 439.0 217.0
113.0 199.0 114.0 204.0
437.0 224.0 439.0 217.0
191.0 431.0 198.0 430.0
74.0 212.0 76.0 218.0
302.0 592.0 311.0 587.0
78.0 345.0 81.0 347.0
259.0 445.0 265.0 441.0
84.0 491.0 91.0 496.0
227.0 306.0 229.0 304.0
109.0 138.0 109.0 144.0
113.0 200.0 114.0 204.0
119.0 93.0 119.0 99.0
147.0 92.0 145.0 99.0
73.0 213.0 75.0 218.0
301.0 593.0 311.0 587.0
75.0 212.0 76.0 218.0
163.0 193.0 164.0 196.0
438.0 224.0 439.0 217.0
9.0 187.0 11.0 195.0
79.0 344.0 81.0 347.0
112.0 199.0 114.0 204.0
74.0 213.0 76.0 218.0
84.0 492.0 91.0 496.0
438.0 225.0 439.0 217.0
300.0 593.0 311.0 587.0
78.0 344.0 81.0 347.0
301.0 592.0 311.0 587.0
439.0 223.0 439.0 217.0
264.0 422.0 269.0 418.0
192.0 431.0 198.0 430.0
98.0 209.0 100.0 216.0
73.0 212.0 76.0 217.0
113.0 359.0 117.0 363.0
84.0 101.0 84.0 110.0
438.0 223.0 439.0 217.0
22.0 109.0 23.0 120.0
121.0 93.0 119.0 99.0
108.0 138.0 108.0 144.0
120.0 93.0 119.0 99.0
218.0 306.0 221.0 306.0
40.0 461.0 46.0 467.0
377.0 52.0 373.0 54.0
84.0 82.0 84.0 90.0
302.0 593.0 311.0 587.0
162.0 185.0 163.0 189.0
258.0 444.0 265.0 440.0
219.0 306.0 221.0 306.0
300.0 594.0 311.0 587.0
162.0 186.0 163.0 189.0
78.0 343.0 81.0 347.0
108.0 345.0 112.0 347.0
57.0 489.0 64.0 494.0
109.0 137.0 109.0 144.0
112.0 360.0 117.0 363.0
97.0 210.0 100.0 216.0
39.0 461.0 46.0 467.0
97.0 211.0 100.0 216.0
112.0 200.0 114.0 204.0
56.0 489.0 63.0 493.0
218.0 147.0 218.0 150.0
188.0 125.0 187.0 130.0
227.0 593.0 237.0 589.0
99.0 210.0 100.0 216.0
132.0 122.0 132.0 128.0
132.0 123.0 132.0 128.0
192.0 430.0 198.0 430.0
111.0 199.0 113.0 204.0
108.0 137.0 109.0 144.0
378.0 53.0 373.0 54.0
32.0 193.0 34.0 201.0
57.0 490.0 64.0 494.0
206.0 50.0 203.0 57.0
141.0 208.0 142.0 210.0
85.0 101.0 84.0 110.0
98.0 211.0 100.0 216.0
141.0 207.0 142.0 210.0
75.0 213.0 76.0 218.0
299.0 593.0 311.0 587.0
98.0 210.0 100.0 216.0
20.0 400.0 26.0 405.0
235.0 398.0 240.0 395.0
20.0 399.0 26.0 405.0
55.0 489.0 63.0 493.0
453.0 172.0 450.0 169.0
259.0 446.0 265.0 441.0
212.0 498.0 221.0 495.0
377.0 53.0 373.0 54.0
301.0 594.0 311.0 587.0
300.0 592.0 311.0 587.0
84.0 102.0 84.0 110.0
31.0 192.0 34.0 201.0
96.0 358.0 99.0 358.0
85.0 82.0 84.0 90.0
91.0 139.0 92.0 146.0
91.0 140.0 92.0 146.0
297.0 422.0 302.0 417.0
208.0 31.0 204.0 36.0
148.0 425.0 154.0 426.0
90.0 140.0 92.0 146.0
77.0 182.0 78.0 188.0
298.0 422.0 303.0 417.0
436.0 46.0 431.0 48.0
163.0 186.0 163.0 189.0
206.0 51.0 203.0 57.0
98.0 345.0 101.0 347.0
32.0 192.0 34.0 201.0
191.0 430.0 198.0 430.0
71.0 479.0 77.0 483.0
235.0 399.0 240.0 395.0
56.0 490.0 64.0 494.0
208.0 30.0 204.0 36.0
451.0 172.0 450.0 169.0
140.0 207.0 142.0 210.0
12.0 374.0 16.0 380.0
21.0 109.0 23.0 120.0
72.0 478.0 77.0 483.0
132.0 469.0 140.0 471.0
78.0 508.0 86.0 512.0
149.0 425.0 154.0 426.0
179.0 332.0 184.0 333.0
112.0 359.0 117.0 363.0
77.0 183.0 78.0 188.0
149.0 424.0 154.0 426.0
71.0 139.0 73.0 146.0
452.0 172.0 450.0 169.0
437.0 46.0 431.0 48.0
84.0 103.0 85.0 111.0
178.0 332.0 184.0 333.0
95.0 358.0 99.0 358.0
71.0 478.0 77.0 483.0
234.0 399.0 240.0 395.0
234.0 398.0 240.0 395.0
179.0 331.0 184.0 333.0
85.0 103.0 85.0 111.0
149.0 544.0 158.0 543.0
233.0 398.0 240.0 395.0
77.0 181.0 78.0 188.0
234.0 397.0 240.0 395.0
78.0 627.0 89.0 632.0
72.0 479.0 77.0 483.0
70.0 478.0 77.0 483.0
228.0 542.0 238.0 538.0
147.0 91.0 145.0 99.0
233.0 399.0 240.0 395.0
146.0 92.0 145.0 99.0
55.0 490.0 63.0 493.0
78.0 507.0 86.0 512.0
149.0 543.0 158.0 543.0
149.0 545.0 158.0 543.0
96.0 359.0 99.0 358.0
140.0 256.0 137.0 260.0
258.0 484.0 267.0 478.0
258.0 485.0 267.0 478.0
436.0 45.0 431.0 48.0
258.0 445.0 265.0 441.0
79.0 626.0 91.0 632.0
99.0 211.0 101.0 216.0
31.0 193.0 34.0 201.0
86.0 102.0 84.0 110.0
297.0 423.0 302.0 417.0
132.0 470.0 140.0 471.0
76.0 182.0 78.0 188.0
326.0 448.0 332.0 441.0
322.0 475.0 329.0 468.0
21.0 400.0 26.0 405.0
84.0 83.0 84.0 91.0
13.0 375.0 16.0 380.0
159.0 307.0 161.0 309.0
72.0 139.0 73.0 146.0
321.0 53.0 317.0 58.0
200.0 593.0 212.0 590.0
150.0 543.0 158.0 543.0
85.0 102.0 84.0 110.0
79.0 627.0 91.0 632.0
203.0 313.0 207.0 314.0
150.0 544.0 158.0 543.0
141.0 206.0 142.0 210.0
158.0 307.0 161.0 309.0
205.0 51.0 203.0 57.0
95.0 357.0 99.0 358.0
234.0 400.0 240.0 395.0
133.0 469.0 140.0 471.0
258.0 446.0 265.0 441.0
164.0 128.0 164.0 132.0
178.0 331.0 184.0 333.0
212.0 499.0 221.0 497.0
119.0 455.0 126.0 458.0
209.0 31.0 204.0 36.0
172.0 163.0 173.0 167.0
12.0 375.0 16.0 380.0
107.0 345.0 112.0 347.0
41.0 392.0 46.0 398.0
119.0 456.0 127.0 458.0
165.0 128.0 164.0 132.0
40.0 375.0 45.0 382.0
140.0 257.0 137.0 260.0
159.0 306.0 161.0 309.0
158.0 306.0 161.0 309.0
95.0 359.0 99.0 358.0
77.0 508.0 86.0 512.0
201.0 593.0 212.0 590.0
92.0 140.0 92.0 146.0
140.0 255.0 137.0 260.0
179.0 333.0 184.0 333.0
13.0 376.0 16.0 380.0
118.0 456.0 126.0 458.0
41.0 375.0 45.0 382.0
150.0 425.0 154.0 426.0
164.0 129.0 164.0 132.0
298.0 423.0 302.0 417.0
25.0 450.0 31.0 457.0
187.0 82.0 186.0 90.0
26.0 451.0 31.0 457.0
165.0 129.0 164.0 132.0
64.0 377.0 65.0 381.0
77.0 390.0 82.0 394.0
205.0 312.0 207.0 314.0
25.0 451.0 31.0 457.0
204.0 312.0 207.0 314.0
257.0 485.0 267.0 478.0
322.0 474.0 329.0 468.0
180.0 332.0 184.0 333.0
437.0 45.0 431.0 48.0
323.0 476.0 330.0 468.0
80.0 19.0 79.0 30.0
323.0 475.0 330.0 468.0
135.0 525.0 144.0 526.0
326.0 449.0 332.0 442.0
205.0 50.0 203.0 57.0
77.0 389.0 83.0 392.0
12.0 376.0 16.0 380.0
201.0 594.0 212.0 590.0
127.0 146.0 127.0 153.0
199.0 593.0 212.0 590.0
41.0 391.0 46.0 398.0
203.0 314.0 207.0 314.0
209.0 30.0 204.0 36.0
323.0 474.0 329.0 467.0
150.0 424.0 154.0 426.0
145.0 150.0 146.0 154.0
64.0 376.0 64.0 381.0
80.0 18.0 79.0 29.0
145.0 149.0 146.0 154.0
204.0 314.0 207.0 314.0
204.0 313.0 207.0 314.0
298.0 424.0 302.0 417.0
76.0 390.0 82.0 394.0
188.0 82.0 186.0 89.0
187.0 83.0 186.0 90.0
188.0 83.0 186.0 90.0
40.0 376.0 45.0 382.0
466.0 28.0 461.0 29.0
15.0 616.0 21.0 622.0
213.0 499.0 221.0 497.0
136.0 526.0 143.0 527.0
325.0 449.0 332.0 442.0
238.0 493.0 245.0 490.0
195.0 17.0 191.0 25.0
189.0 82.0 186.0 88.0
187.0 84.0 186.0 90.0
218.0 551.0 227.0 548.0
132.0 127.0 132.0 128.0
308.0 559.0 319.0 549.0
229.0 542.0 238.0 538.0
41.0 390.0 46.0 398.0
194.0 17.0 191.0 25.0
324.0 475.0 329.0 467.0
65.0 376.0 65.0 381.0
199.0 594.0 212.0 590.0
309.0 559.0 319.0 549.0
146.0 150.0 146.0 156.0
137.0 525.0 144.0 526.0
213.0 498.0 221.0 497.0
164.0 130.0 164.0 132.0
145.0 148.0 146.0 154.0
86.0 413.0 90.0 417.0
189.0 83.0 186.0 90.0
133.0 470.0 140.0 471.0
193.0 407.0 199.0 407.0
200.0 594.0 212.0 590.0
193.0 406.0 199.0 407.0
136.0 525.0 144.0 526.0
128.0 146.0 127.0 153.0
65.0 375.0 65.0 381.0
41.0 376.0 45.0 382.0
141.0 257.0 137.0 260.0
65.0 377.0 65.0 381.0
146.0 149.0 146.0 156.0
15.0 615.0 21.0 622.0
188.0 84.0 186.0 90.0
462.0 56.0 456.0 57.0
460.0 57.0 455.0 58.0
141.0 256.0 137.0 260.0
16.0 615.0 22.0 621.0
77.0 388.0 82.0 392.0
104.0 537.0 111.0 540.0
154.0 607.0 165.0 607.0
466.0 27.0 461.0 29.0
218.0 552.0 227.0 548.0
461.0 57.0 455.0 58.0
165.0 130.0 164.0 132.0
137.0 526.0 144.0 527.0
324.0 474.0 329.0 467.0
154.0 606.0 165.0 607.0
461.0 55.0 455.0 58.0
194.0 407.0 199.0 407.0
15.0 614.0 21.0 622.0
104.0 538.0 111.0 540.0
154.0 608.0 165.0 607.0
279.0 470.0 285.0 464.0
460.0 56.0 455.0 58.0
146.0 148.0 146.0 154.0
327.0 59.0 329.0 56.0
461.0 56.0 455.0 58.0
104.0 539.0 111.0 540.0
103.0 538.0 111.0 540.0
103.0 537.0 111.0 540.0
102.0 538.0 111.0 540.0
192.0 539.0 197.0 545.0
103.0 539.0 111.0 540.0
192.0 540.0 198.0 545.0
66.0 376.0 65.0 381.0
326.0 59.0 329.0 56.0
467.0 28.0 461.0 29.0
193.0 540.0 199.0 545.0
153.0 606.0 165.0 607.0
467.0 27.0 461.0 29.0
192.0 538.0 197.0 545.0
194.0 539.0 199.0 545.0
45.0 594.0 51.0 598.0
14.0 615.0 21.0 622.0
198.0 339.0 198.0 346.0
153.0 605.0 165.0 607.0
199.0 339.0 198.0 346.0
193.0 539.0 199.0 545.0
124.0 355.0 134.0 362.0
193.0 538.0 199.0 545.0
46.0 593.0 53.0 598.0
50.0 103.0 59.0 107.0
45.0 593.0 51.0 598.0
51.0 103.0 59.0 107.0
80.0 201.0 76.0 217.0
35.0 611.0 22.0 623.0
326.0 89.0 316.0 91.0
109.0 407.0 117.0 402.0
36.0 612.0 22.0 623.0
327.0 89.0 316.0 91.0
36.0 611.0 22.0 623.0
37.0 611.0 22.0 623.0
327.0 88.0 316.0 91.0
88.0 245.0 98.0 252.0
