400.0 282.0 394.0 269.0
400.0 283.0 394.0 269.0
399.0 282.0 394.0 269.0
400.0 281.0 395.0 268.0
401.0 283.0 395.0 269.0
399.0 281.0 394.0 269.0
340.0 109.0 338.0 92.0
114.0 303.0 108.0 282.0
114.0 305.0 108.0 282.0
339.0 109.0 338.0 92.0
115.0 305.0 108.0 282.0
317.0 305.0 310.0 289.0
317.0 306.0 310.0 289.0
114.0 304.0 108.0 282.0
115.0 304.0 108.0 282.0
115.0 306.0 108.0 282.0
420.0 264.0 415.0 252.0
340.0 110.0 338.0 92.0
193.0 341.0 187.0 321.0
420.0 265.0 415.0 252.0
421.0 263.0 415.0 251.0
420.0 263.0 415.0 252.0
318.0 306.0 312.0 290.0
114.0 306.0 108.0 282.0
154.0 209.0 148.0 187.0
421.0 264.0 415.0 252.0
339.0 110.0 338.0 92.0
421.0 266.0 415.0 252.0
420.0 266.0 415.0 252.0
421.0 265.0 415.0 252.0
473.0 207.0 469.0 195.0
294.0 140.0 291.0 119.0
192.0 341.0 187.0 321.0
422.0 264.0 415.0 251.0
300.0 287.0 294.0 272.0
193.0 340.0 187.0 321.0
225.0 320.0 218.0 300.0
301.0 286.0 294.0 272.0
116.0 265.0 110.0 246.0
300.0 288.0 295.0 273.0
174.0 186.0 171.0 165.0
409.0 140.0 407.0 127.0
194.0 342.0 188.0 321.0
318.0 307.0 311.0 291.0
317.0 307.0 310.0 289.0
302.0 288.0 296.0 273.0
408.0 140.0 407.0 127.0
301.0 287.0 295.0 272.0
176.0 85.0 173.0 65.0
224.0 319.0 218.0 300.0
192.0 340.0 187.0 321.0
460.0 237.0 453.0 227.0
174.0 187.0 171.0 165.0
422.0 265.0 415.0 252.0
194.0 341.0 188.0 321.0
34.0 549.0 24.0 524.0
176.0 86.0 173.0 65.0
340.0 111.0 338.0 92.0
190.0 72.0 189.0 50.0
115.0 265.0 110.0 245.0
175.0 186.0 171.0 165.0
33.0 549.0 24.0 524.0
409.0 141.0 407.0 127.0
175.0 90.0 173.0 66.0
408.0 141.0 407.0 127.0
190.0 71.0 189.0 50.0
224.0 320.0 218.0 300.0
302.0 287.0 296.0 272.0
408.0 142.0 407.0 128.0
299.0 306.0 292.0 290.0
237.0 475.0 227.0 453.0
224.0 318.0 218.0 300.0
80.0 173.0 75.0 150.0
225.0 321.0 218.0 300.0
175.0 185.0 171.0 165.0
34.0 550.0 24.0 524.0
99.0 555.0 91.0 529.0
175.0 184.0 171.0 165.0
125.0 107.0 122.0 85.0
225.0 319.0 218.0 300.0
299.0 305.0 292.0 289.0
224.0 321.0 218.0 300.0
154.0 208.0 148.0 187.0
126.0 108.0 122.0 85.0
318.0 308.0 311.0 291.0
299.0 307.0 292.0 290.0
171.0 337.0 163.0 316.0
301.0 288.0 295.0 272.0
116.0 264.0 110.0 245.0
12.0 281.0 6.0 255.0
33.0 552.0 24.0 524.0
80.0 172.0 75.0 150.0
98.0 144.0 93.0 125.0
211.0 277.0 205.0 258.0
225.0 318.0 218.0 300.0
190.0 70.0 189.0 50.0
197.0 523.0 188.0 499.0
189.0 71.0 189.0 50.0
126.0 107.0 122.0 85.0
175.0 87.0 172.0 65.0
28.0 580.0 18.0 555.0
33.0 550.0 24.0 524.0
151.0 500.0 143.0 480.0
300.0 306.0 292.0 290.0
317.0 308.0 310.0 289.0
202.0 249.0 197.0 228.0
11.0 281.0 6.0 255.0
236.0 475.0 227.0 453.0
132.0 126.0 129.0 104.0
100.0 555.0 91.0 529.0
33.0 551.0 24.0 524.0
203.0 248.0 197.0 228.0
100.0 556.0 91.0 530.0
194.0 201.0 190.0 183.0
196.0 481.0 187.0 461.0
176.0 89.0 173.0 66.0
116.0 263.0 110.0 245.0
153.0 208.0 147.0 186.0
191.0 72.0 189.0 50.0
99.0 554.0 91.0 529.0
300.0 307.0 292.0 290.0
175.0 89.0 173.0 66.0
176.0 88.0 173.0 65.0
85.0 194.0 80.0 175.0
237.0 476.0 227.0 453.0
211.0 278.0 205.0 258.0
12.0 280.0 6.0 255.0
300.0 308.0 292.0 290.0
86.0 195.0 81.0 174.0
301.0 289.0 295.0 273.0
27.0 582.0 18.0 555.0
127.0 108.0 122.0 85.0
191.0 70.0 189.0 50.0
80.0 171.0 75.0 150.0
142.0 341.0 134.0 320.0
85.0 195.0 81.0 174.0
29.0 582.0 19.0 555.0
175.0 88.0 172.0 65.0
95.0 175.0 91.0 149.0
299.0 308.0 292.0 290.0
315.0 122.0 312.0 105.0
27.0 581.0 18.0 555.0
191.0 71.0 189.0 50.0
12.0 282.0 6.0 255.0
100.0 554.0 91.0 529.0
86.0 194.0 81.0 174.0
58.0 501.0 49.0 478.0
414.0 155.0 412.0 141.0
236.0 474.0 227.0 453.0
57.0 502.0 49.0 478.0
100.0 557.0 91.0 530.0
172.0 338.0 163.0 317.0
57.0 501.0 49.0 478.0
171.0 338.0 163.0 316.0
94.0 175.0 91.0 149.0
202.0 248.0 197.0 228.0
211.0 279.0 205.0 258.0
126.0 106.0 122.0 85.0
28.0 582.0 19.0 555.0
153.0 207.0 147.0 186.0
115.0 263.0 110.0 245.0
212.0 278.0 205.0 258.0
131.0 125.0 129.0 104.0
28.0 581.0 19.0 555.0
133.0 126.0 129.0 104.0
315.0 121.0 312.0 105.0
141.0 341.0 134.0 320.0
141.0 343.0 134.0 320.0
99.0 144.0 93.0 125.0
127.0 107.0 122.0 85.0
27.0 583.0 18.0 555.0
212.0 277.0 207.0 258.0
32.0 550.0 24.0 524.0
58.0 502.0 49.0 478.0
198.0 522.0 188.0 498.0
115.0 264.0 110.0 245.0
141.0 342.0 134.0 320.0
197.0 522.0 188.0 499.0
85.0 196.0 80.0 175.0
414.0 154.0 412.0 141.0
27.0 580.0 18.0 555.0
132.0 125.0 129.0 104.0
173.0 255.0 167.0 236.0
125.0 106.0 122.0 85.0
170.0 337.0 163.0 316.0
208.0 460.0 203.0 427.0
264.0 451.0 255.0 433.0
293.0 134.0 291.0 119.0
142.0 343.0 134.0 320.0
212.0 279.0 205.0 258.0
191.0 69.0 189.0 50.0
196.0 270.0 190.0 251.0
409.0 142.0 407.0 128.0
98.0 143.0 93.0 125.0
196.0 271.0 190.0 251.0
142.0 342.0 134.0 320.0
143.0 343.0 135.0 320.0
59.0 502.0 51.0 479.0
195.0 272.0 190.0 251.0
195.0 200.0 190.0 183.0
280.0 504.0 269.0 482.0
279.0 504.0 269.0 482.0
152.0 207.0 147.0 186.0
203.0 249.0 197.0 228.0
196.0 272.0 190.0 251.0
292.0 134.0 291.0 119.0
268.0 178.0 264.0 161.0
414.0 156.0 412.0 141.0
170.0 338.0 163.0 317.0
195.0 201.0 190.0 183.0
32.0 552.0 24.0 524.0
210.0 333.0 207.0 317.0
32.0 549.0 23.0 524.0
32.0 551.0 24.0 524.0
171.0 566.0 160.0 544.0
133.0 125.0 129.0 104.0
236.0 476.0 227.0 453.0
25.0 208.0 19.0 185.0
279.0 503.0 271.0 481.0
13.0 282.0 6.0 255.0
143.0 342.0 135.0 320.0
197.0 521.0 188.0 499.0
195.0 271.0 190.0 251.0
59.0 501.0 49.0 478.0
151.0 499.0 143.0 480.0
195.0 270.0 190.0 251.0
28.0 583.0 19.0 555.0
25.0 209.0 19.0 185.0
58.0 503.0 49.0 478.0
170.0 565.0 160.0 544.0
13.0 281.0 6.0 255.0
30.0 505.0 21.0 491.0
232.0 210.0 228.0 188.0
278.0 504.0 268.0 481.0
170.0 566.0 160.0 544.0
98.0 282.0 92.0 260.0
95.0 500.0 85.0 478.0
171.0 339.0 163.0 317.0
98.0 281.0 92.0 260.0
232.0 211.0 228.0 188.0
414.0 157.0 412.0 142.0
171.0 565.0 160.0 544.0
291.0 133.0 291.0 119.0
280.0 503.0 271.0 481.0
229.0 226.0 225.0 210.0
132.0 549.0 123.0 528.0
174.0 254.0 168.0 235.0
170.0 339.0 163.0 317.0
415.0 155.0 412.0 141.0
24.0 210.0 19.0 185.0
99.0 143.0 93.0 125.0
229.0 227.0 225.0 210.0
131.0 550.0 123.0 529.0
30.0 504.0 21.0 491.0
173.0 254.0 167.0 236.0
95.0 501.0 85.0 478.0
231.0 210.0 228.0 188.0
210.0 332.0 207.0 317.0
292.0 133.0 291.0 119.0
98.0 280.0 92.0 260.0
23.0 209.0 19.0 185.0
278.0 503.0 269.0 481.0
131.0 549.0 123.0 528.0
23.0 210.0 19.0 185.0
31.0 504.0 21.0 491.0
169.0 565.0 159.0 544.0
90.0 210.0 84.0 185.0
149.0 585.0 140.0 560.0
24.0 209.0 19.0 185.0
90.0 211.0 84.0 185.0
49.0 197.0 46.0 172.0
132.0 550.0 123.0 529.0
252.0 44.0 251.0 25.0
94.0 500.0 85.0 478.0
415.0 156.0 412.0 142.0
131.0 551.0 123.0 529.0
169.0 566.0 160.0 544.0
94.0 502.0 85.0 478.0
31.0 503.0 21.0 491.0
120.0 577.0 111.0 554.0
149.0 586.0 140.0 560.0
132.0 551.0 123.0 529.0
24.0 208.0 19.0 185.0
97.0 281.0 92.0 260.0
23.0 208.0 19.0 185.0
49.0 198.0 46.0 172.0
173.0 253.0 168.0 235.0
49.0 199.0 46.0 172.0
94.0 501.0 85.0 478.0
30.0 503.0 21.0 491.0
231.0 211.0 228.0 188.0
81.0 289.0 68.0 270.0
81.0 553.0 70.0 526.0
174.0 253.0 168.0 235.0
97.0 282.0 92.0 260.0
121.0 576.0 111.0 554.0
80.0 288.0 68.0 269.0
80.0 289.0 68.0 269.0
81.0 552.0 70.0 525.0
119.0 577.0 111.0 554.0
253.0 44.0 251.0 25.0
29.0 504.0 21.0 491.0
89.0 210.0 84.0 185.0
196.0 594.0 185.0 573.0
82.0 553.0 70.0 526.0
29.0 503.0 21.0 491.0
50.0 198.0 46.0 172.0
197.0 594.0 185.0 573.0
50.0 199.0 46.0 172.0
82.0 551.0 70.0 525.0
81.0 288.0 68.0 269.0
253.0 45.0 251.0 25.0
252.0 45.0 251.0 25.0
81.0 287.0 68.0 269.0
120.0 576.0 111.0 554.0
80.0 287.0 68.0 269.0
82.0 552.0 70.0 525.0
89.0 211.0 84.0 185.0
119.0 576.0 111.0 554.0
197.0 595.0 186.0 572.0
254.0 45.0 251.0 25.0
119.0 575.0 111.0 554.0
254.0 46.0 251.0 25.0
87.0 633.0 78.0 609.0
87.0 632.0 78.0 609.0
120.0 575.0 111.0 554.0
11.0 219.0 18.0 186.0
253.0 46.0 251.0 25.0
121.0 504.0 118.0 479.0
120.0 505.0 118.0 479.0
111.0 627.0 102.0 607.0
274.0 628.0 261.0 603.0
275.0 627.0 261.0 603.0
57.0 285.0 52.0 263.0
275.0 628.0 261.0 603.0
103.0 602.0 93.0 575.0
120.0 504.0 118.0 479.0
134.0 206.0 122.0 183.0
275.0 629.0 261.0 603.0
276.0 629.0 261.0 603.0
103.0 601.0 93.0 575.0
104.0 600.0 94.0 575.0
134.0 207.0 122.0 183.0
102.0 600.0 93.0 575.0
276.0 628.0 261.0 603.0
103.0 600.0 94.0 575.0
104.0 601.0 94.0 575.0
103.0 599.0 94.0 574.0
135.0 206.0 122.0 183.0
13.0 237.0 19.0 200.0
13.0 236.0 19.0 200.0
102.0 601.0 93.0 575.0
135.0 207.0 122.0 183.0
12.0 236.0 19.0 200.0
202.0 509.0 188.0 498.0
203.0 509.0 188.0 498.0
243.0 606.0 232.0 585.0
245.0 606.0 232.0 585.0
170.0 622.0 147.0 605.0
159.0 630.0 147.0 605.0
384.0 216.0 394.0 215.0
135.0 208.0 122.0 183.0
245.0 605.0 232.0 585.0
245.0 607.0 232.0 585.0
244.0 606.0 232.0 585.0
244.0 605.0 232.0 585.0
203.0 508.0 188.0 498.0
158.0 631.0 147.0 605.0
244.0 607.0 232.0 585.0
202.0 508.0 188.0 498.0
159.0 631.0 147.0 605.0
383.0 218.0 394.0 215.0
156.0 611.0 147.0 588.0
