166.0 370.0 169.0 385.0
192.0 383.0 193.0 395.0
191.0 383.0 193.0 395.0
309.0 131.0 309.0 143.0
165.0 370.0 169.0 385.0
191.0 384.0 193.0 395.0
309.0 132.0 309.0 144.0
7.0 480.0 10.0 497.0
165.0 371.0 169.0 385.0
191.0 385.0 193.0 395.0
309.0 130.0 309.0 143.0
8.0 480.0 10.0 497.0
212.0 228.0 214.0 242.0
310.0 132.0 311.0 144.0
411.0 165.0 411.0 175.0
86.0 151.0 87.0 166.0
256.0 287.0 258.0 298.0
394.0 537.0 403.0 547.0
394.0 538.0 403.0 547.0
192.0 382.0 193.0 395.0
465.0 106.0 465.0 115.0
310.0 131.0 311.0 144.0
257.0 286.0 259.0 298.0
49.0 370.0 53.0 385.0
426.0 261.0 429.0 270.0
194.0 224.0 197.0 238.0
466.0 107.0 466.0 116.0
466.0 96.0 465.0 107.0
256.0 286.0 258.0 298.0
425.0 261.0 428.0 270.0
257.0 287.0 258.0 299.0
255.0 287.0 258.0 298.0
50.0 370.0 53.0 385.0
395.0 537.0 403.0 547.0
195.0 224.0 197.0 238.0
410.0 165.0 411.0 175.0
426.0 260.0 428.0 270.0
255.0 288.0 258.0 298.0
256.0 288.0 258.0 300.0
211.0 228.0 214.0 242.0
315.0 490.0 321.0 501.0
411.0 166.0 411.0 175.0
316.0 489.0 321.0 501.0
310.0 130.0 310.0 143.0
465.0 97.0 465.0 107.0
50.0 371.0 53.0 385.0
166.0 371.0 169.0 385.0
395.0 536.0 403.0 547.0
364.0 426.0 369.0 436.0
303.0 402.0 307.0 413.0
465.0 107.0 465.0 115.0
426.0 262.0 429.0 270.0
316.0 490.0 321.0 501.0
193.0 224.0 197.0 238.0
425.0 260.0 428.0 270.0
190.0 384.0 193.0 395.0
393.0 537.0 403.0 547.0
395.0 535.0 403.0 547.0
465.0 95.0 465.0 106.0
364.0 425.0 369.0 435.0
316.0 491.0 321.0 501.0
255.0 286.0 258.0 298.0
394.0 536.0 403.0 547.0
37.0 132.0 38.0 148.0
159.0 209.0 161.0 223.0
285.0 200.0 287.0 210.0
162.0 308.0 165.0 321.0
363.0 426.0 369.0 436.0
308.0 312.0 311.0 322.0
158.0 209.0 161.0 223.0
104.0 158.0 106.0 173.0
310.0 311.0 311.0 321.0
33.0 373.0 36.0 388.0
465.0 96.0 465.0 107.0
86.0 150.0 87.0 166.0
212.0 229.0 214.0 242.0
211.0 229.0 214.0 242.0
105.0 158.0 106.0 173.0
56.0 140.0 57.0 156.0
348.0 482.0 353.0 493.0
300.0 497.0 305.0 509.0
307.0 311.0 311.0 322.0
286.0 202.0 288.0 210.0
285.0 201.0 287.0 211.0
37.0 141.0 40.0 157.0
363.0 425.0 369.0 435.0
308.0 310.0 311.0 321.0
395.0 158.0 396.0 169.0
364.0 424.0 369.0 435.0
427.0 362.0 432.0 372.0
286.0 201.0 288.0 210.0
309.0 310.0 311.0 321.0
309.0 312.0 311.0 322.0
393.0 408.0 398.0 416.0
466.0 79.0 465.0 89.0
278.0 223.0 281.0 234.0
435.0 128.0 435.0 139.0
50.0 369.0 53.0 385.0
302.0 402.0 307.0 413.0
308.0 311.0 311.0 322.0
36.0 142.0 40.0 158.0
105.0 167.0 108.0 182.0
394.0 158.0 396.0 169.0
411.0 167.0 412.0 176.0
51.0 371.0 53.0 385.0
36.0 141.0 40.0 157.0
392.0 408.0 398.0 417.0
309.0 311.0 311.0 321.0
347.0 481.0 352.0 493.0
464.0 96.0 464.0 107.0
37.0 142.0 40.0 158.0
434.0 128.0 435.0 139.0
395.0 159.0 396.0 169.0
365.0 425.0 369.0 435.0
299.0 497.0 305.0 509.0
141.0 202.0 142.0 216.0
301.0 498.0 306.0 509.0
286.0 200.0 287.0 210.0
32.0 373.0 36.0 388.0
79.0 19.0 80.0 36.0
80.0 20.0 80.0 36.0
287.0 202.0 288.0 211.0
382.0 501.0 389.0 513.0
347.0 482.0 352.0 493.0
394.0 159.0 396.0 169.0
9.0 604.0 12.0 620.0
158.0 208.0 161.0 223.0
9.0 605.0 12.0 620.0
80.0 19.0 80.0 36.0
279.0 223.0 281.0 234.0
279.0 222.0 281.0 234.0
299.0 498.0 305.0 509.0
38.0 141.0 40.0 157.0
286.0 199.0 287.0 210.0
51.0 370.0 53.0 385.0
344.0 141.0 345.0 153.0
141.0 201.0 142.0 216.0
280.0 223.0 282.0 233.0
303.0 403.0 307.0 413.0
436.0 127.0 435.0 138.0
51.0 369.0 53.0 385.0
377.0 413.0 382.0 422.0
435.0 127.0 435.0 138.0
32.0 366.0 35.0 381.0
324.0 526.0 334.0 540.0
394.0 160.0 396.0 169.0
33.0 374.0 36.0 388.0
218.0 301.0 220.0 314.0
410.0 166.0 411.0 175.0
106.0 167.0 108.0 182.0
32.0 365.0 35.0 381.0
6.0 120.0 8.0 135.0
17.0 133.0 19.0 150.0
217.0 303.0 220.0 314.0
17.0 134.0 20.0 150.0
81.0 19.0 80.0 36.0
7.0 119.0 8.0 135.0
280.0 222.0 282.0 233.0
9.0 603.0 12.0 620.0
6.0 119.0 8.0 135.0
342.0 416.0 347.0 426.0
106.0 168.0 108.0 182.0
323.0 524.0 333.0 539.0
287.0 200.0 288.0 210.0
90.0 288.0 93.0 302.0
159.0 208.0 161.0 223.0
70.0 571.0 75.0 588.0
464.0 97.0 465.0 107.0
91.0 288.0 93.0 302.0
347.0 483.0 352.0 493.0
435.0 383.0 442.0 394.0
37.0 140.0 40.0 157.0
341.0 416.0 347.0 426.0
363.0 424.0 369.0 435.0
377.0 412.0 383.0 421.0
291.0 530.0 299.0 543.0
407.0 294.0 411.0 303.0
301.0 497.0 306.0 509.0
16.0 133.0 19.0 150.0
287.0 201.0 288.0 211.0
300.0 498.0 305.0 509.0
393.0 159.0 396.0 169.0
434.0 383.0 441.0 394.0
217.0 301.0 220.0 314.0
290.0 530.0 298.0 543.0
280.0 221.0 281.0 234.0
279.0 221.0 281.0 233.0
346.0 452.0 351.0 463.0
285.0 450.0 290.0 463.0
1.0 276.0 3.0 291.0
287.0 199.0 288.0 210.0
2.0 275.0 3.0 291.0
347.0 358.0 350.0 368.0
346.0 480.0 352.0 493.0
80.0 18.0 80.0 36.0
407.0 295.0 411.0 303.0
331.0 371.0 336.0 383.0
218.0 303.0 220.0 314.0
341.0 415.0 347.0 426.0
345.0 141.0 345.0 153.0
290.0 531.0 298.0 543.0
71.0 570.0 75.0 588.0
346.0 481.0 352.0 493.0
217.0 302.0 220.0 314.0
382.0 502.0 389.0 513.0
2.0 276.0 3.0 291.0
346.0 482.0 352.0 493.0
346.0 358.0 350.0 368.0
71.0 571.0 75.0 588.0
47.0 23.0 48.0 41.0
436.0 384.0 442.0 394.0
230.0 268.0 232.0 281.0
346.0 359.0 350.0 368.0
284.0 451.0 290.0 463.0
218.0 302.0 220.0 314.0
323.0 525.0 333.0 539.0
8.0 604.0 12.0 620.0
381.0 501.0 389.0 513.0
346.0 141.0 345.0 153.0
111.0 521.0 116.0 536.0
291.0 531.0 299.0 543.0
324.0 524.0 334.0 539.0
330.0 371.0 336.0 383.0
381.0 502.0 389.0 513.0
291.0 532.0 298.0 543.0
433.0 384.0 441.0 394.0
125.0 298.0 129.0 312.0
70.0 570.0 75.0 588.0
2.0 277.0 3.0 291.0
126.0 298.0 129.0 312.0
127.0 298.0 129.0 312.0
111.0 522.0 116.0 536.0
345.0 452.0 351.0 463.0
434.0 384.0 441.0 394.0
346.0 453.0 351.0 463.0
376.0 413.0 382.0 422.0
16.0 134.0 20.0 150.0
345.0 481.0 352.0 493.0
346.0 483.0 352.0 493.0
345.0 140.0 345.0 152.0
402.0 334.0 408.0 343.0
402.0 333.0 406.0 342.0
17.0 135.0 20.0 150.0
433.0 383.0 441.0 394.0
401.0 334.0 406.0 342.0
301.0 499.0 305.0 509.0
376.0 412.0 383.0 421.0
71.0 572.0 75.0 588.0
91.0 289.0 93.0 302.0
377.0 411.0 383.0 421.0
126.0 297.0 129.0 311.0
345.0 482.0 352.0 493.0
32.0 374.0 36.0 388.0
324.0 525.0 334.0 540.0
112.0 522.0 116.0 536.0
32.0 610.0 36.0 627.0
331.0 370.0 336.0 383.0
112.0 521.0 116.0 536.0
15.0 368.0 19.0 383.0
356.0 611.0 365.0 624.0
436.0 126.0 435.0 138.0
284.0 450.0 290.0 463.0
230.0 267.0 232.0 281.0
461.0 402.0 468.0 412.0
154.0 305.0 155.0 318.0
323.0 526.0 334.0 540.0
300.0 499.0 305.0 509.0
362.0 346.0 367.0 355.0
292.0 531.0 298.0 543.0
14.0 368.0 19.0 383.0
226.0 279.0 228.0 289.0
401.0 333.0 406.0 342.0
227.0 278.0 229.0 289.0
346.0 140.0 345.0 152.0
181.0 312.0 183.0 326.0
168.0 213.0 169.0 226.0
33.0 610.0 36.0 627.0
356.0 612.0 365.0 624.0
127.0 297.0 129.0 311.0
435.0 384.0 442.0 394.0
32.0 611.0 36.0 627.0
362.0 345.0 367.0 355.0
342.0 415.0 347.0 426.0
369.0 341.0 368.0 355.0
347.0 359.0 350.0 368.0
330.0 370.0 336.0 383.0
154.0 306.0 155.0 318.0
100.0 28.0 100.0 45.0
56.0 150.0 40.0 159.0
366.0 589.0 374.0 600.0
181.0 313.0 183.0 326.0
376.0 411.0 383.0 421.0
356.0 613.0 365.0 624.0
153.0 305.0 155.0 318.0
231.0 268.0 232.0 281.0
231.0 267.0 232.0 281.0
226.0 278.0 228.0 289.0
461.0 403.0 468.0 414.0
284.0 449.0 290.0 463.0
341.0 414.0 347.0 425.0
112.0 520.0 116.0 536.0
304.0 521.0 311.0 534.0
304.0 523.0 311.0 535.0
303.0 521.0 311.0 534.0
303.0 520.0 311.0 534.0
357.0 612.0 365.0 624.0
234.0 572.0 241.0 586.0
386.0 587.0 395.0 599.0
100.0 292.0 101.0 305.0
150.0 205.0 143.0 217.0
100.0 27.0 100.0 45.0
387.0 588.0 395.0 599.0
304.0 520.0 311.0 534.0
460.0 404.0 468.0 414.0
303.0 519.0 311.0 534.0
389.0 351.0 394.0 361.0
389.0 352.0 394.0 361.0
235.0 572.0 241.0 586.0
274.0 519.0 281.0 531.0
32.0 609.0 36.0 627.0
342.0 414.0 347.0 425.0
357.0 613.0 365.0 624.0
458.0 112.0 457.0 121.0
304.0 522.0 317.0 536.0
255.0 545.0 263.0 554.0
460.0 403.0 467.0 413.0
461.0 404.0 468.0 414.0
357.0 611.0 365.0 624.0
386.0 586.0 395.0 599.0
367.0 589.0 374.0 600.0
250.0 506.0 257.0 523.0
110.0 43.0 110.0 61.0
274.0 520.0 281.0 531.0
387.0 587.0 395.0 599.0
303.0 522.0 311.0 535.0
457.0 112.0 457.0 121.0
370.0 341.0 368.0 355.0
235.0 571.0 241.0 586.0
49.0 611.0 52.0 628.0
255.0 546.0 263.0 554.0
254.0 546.0 263.0 554.0
110.0 44.0 110.0 61.0
254.0 545.0 263.0 554.0
390.0 350.0 394.0 361.0
426.0 574.0 437.0 585.0
109.0 44.0 110.0 61.0
236.0 571.0 241.0 586.0
138.0 47.0 128.0 60.0
48.0 611.0 52.0 628.0
249.0 506.0 257.0 523.0
109.0 43.0 110.0 61.0
388.0 587.0 395.0 599.0
274.0 521.0 281.0 531.0
387.0 586.0 395.0 599.0
49.0 612.0 52.0 628.0
367.0 588.0 374.0 600.0
426.0 573.0 437.0 585.0
77.0 157.0 40.0 159.0
60.0 11.0 60.0 28.0
76.0 157.0 40.0 159.0
388.0 588.0 395.0 599.0
302.0 459.0 309.0 471.0
50.0 611.0 52.0 628.0
59.0 10.0 60.0 28.0
275.0 519.0 281.0 531.0
366.0 588.0 374.0 600.0
50.0 612.0 54.0 628.0
353.0 363.0 352.0 368.0
65.0 615.0 70.0 632.0
66.0 616.0 70.0 632.0
425.0 573.0 437.0 585.0
66.0 615.0 70.0 632.0
139.0 46.0 128.0 60.0
138.0 46.0 128.0 60.0
275.0 520.0 281.0 531.0
274.0 522.0 281.0 531.0
226.0 620.0 235.0 633.0
366.0 587.0 374.0 600.0
353.0 362.0 352.0 368.0
50.0 379.0 53.0 386.0
60.0 276.0 93.0 301.0
303.0 545.0 312.0 558.0
60.0 10.0 60.0 28.0
128.0 43.0 109.0 50.0
301.0 459.0 309.0 471.0
275.0 521.0 281.0 531.0
275.0 522.0 281.0 531.0
301.0 458.0 309.0 471.0
302.0 458.0 309.0 471.0
300.0 459.0 309.0 471.0
304.0 546.0 312.0 559.0
65.0 614.0 70.0 632.0
303.0 546.0 312.0 558.0
128.0 42.0 109.0 50.0
23.0 362.0 35.0 381.0
226.0 619.0 235.0 633.0
67.0 590.0 73.0 608.0
457.0 423.0 463.0 432.0
302.0 545.0 311.0 559.0
51.0 493.0 36.0 503.0
68.0 590.0 73.0 608.0
303.0 547.0 311.0 559.0
19.0 10.0 21.0 30.0
51.0 492.0 36.0 503.0
302.0 547.0 311.0 559.0
52.0 493.0 36.0 503.0
18.0 11.0 21.0 30.0
354.0 363.0 352.0 368.0
123.0 192.0 143.0 216.0
321.0 452.0 330.0 455.0
302.0 546.0 311.0 559.0
52.0 492.0 36.0 503.0
68.0 589.0 73.0 608.0
354.0 362.0 352.0 368.0
60.0 22.0 49.0 41.0
18.0 10.0 21.0 30.0
67.0 589.0 73.0 608.0
176.0 216.0 169.0 226.0
340.0 381.0 336.0 382.0
84.0 593.0 90.0 610.0
83.0 593.0 90.0 610.0
60.0 21.0 49.0 41.0
340.0 382.0 336.0 382.0
341.0 380.0 336.0 382.0
321.0 453.0 330.0 455.0
269.0 589.0 277.0 604.0
320.0 452.0 330.0 455.0
269.0 590.0 277.0 604.0
268.0 591.0 277.0 604.0
342.0 380.0 336.0 382.0
341.0 381.0 336.0 382.0
321.0 454.0 330.0 455.0
83.0 592.0 89.0 610.0
68.0 588.0 73.0 608.0
121.0 495.0 116.0 536.0
268.0 589.0 277.0 604.0
268.0 590.0 277.0 604.0
121.0 496.0 117.0 536.0
341.0 382.0 336.0 382.0
122.0 495.0 117.0 536.0
320.0 453.0 330.0 455.0
80.0 30.0 80.0 37.0
342.0 381.0 336.0 382.0
384.0 518.0 389.0 513.0
122.0 494.0 117.0 536.0
342.0 382.0 336.0 382.0
320.0 454.0 330.0 455.0
88.0 35.0 110.0 61.0
