142.0 78.0 140.0 95.0
143.0 78.0 140.0 95.0
97.0 492.0 90.0 508.0
196.0 210.0 191.0 225.0
196.0 211.0 191.0 225.0
97.0 491.0 90.0 508.0
179.0 204.0 175.0 219.0
178.0 204.0 175.0 219.0
291.0 514.0 286.0 530.0
371.0 323.0 365.0 338.0
98.0 492.0 90.0 508.0
180.0 97.0 175.0 114.0
313.0 428.0 306.0 444.0
34.0 176.0 29.0 191.0
292.0 513.0 286.0 530.0
335.0 531.0 330.0 548.0
33.0 177.0 29.0 192.0
291.0 515.0 286.0 530.0
98.0 491.0 90.0 508.0
33.0 176.0 29.0 192.0
313.0 427.0 306.0 444.0
292.0 515.0 287.0 531.0
16.0 223.0 13.0 236.0
335.0 532.0 330.0 549.0
336.0 531.0 330.0 548.0
371.0 322.0 365.0 338.0
215.0 216.0 209.0 230.0
179.0 205.0 174.0 219.0
314.0 427.0 306.0 444.0
292.0 514.0 286.0 529.0
293.0 515.0 287.0 531.0
86.0 278.0 81.0 292.0
334.0 532.0 330.0 549.0
372.0 360.0 367.0 375.0
403.0 399.0 397.0 415.0
292.0 516.0 287.0 531.0
180.0 98.0 174.0 114.0
32.0 176.0 28.0 191.0
98.0 493.0 90.0 508.0
334.0 533.0 330.0 549.0
27.0 432.0 20.0 446.0
37.0 169.0 33.0 182.0
314.0 428.0 306.0 444.0
16.0 224.0 13.0 236.0
313.0 486.0 306.0 501.0
414.0 436.0 408.0 453.0
17.0 225.0 13.0 236.0
215.0 217.0 210.0 231.0
87.0 278.0 81.0 292.0
415.0 436.0 408.0 453.0
403.0 400.0 397.0 415.0
214.0 217.0 210.0 231.0
259.0 179.0 254.0 196.0
402.0 399.0 397.0 415.0
334.0 531.0 329.0 548.0
17.0 224.0 13.0 236.0
16.0 225.0 13.0 236.0
335.0 530.0 330.0 548.0
384.0 231.0 376.0 245.0
347.0 549.0 339.0 569.0
289.0 189.0 282.0 205.0
289.0 188.0 282.0 205.0
207.0 111.0 202.0 128.0
372.0 359.0 367.0 375.0
17.0 223.0 13.0 236.0
348.0 548.0 339.0 568.0
347.0 548.0 339.0 568.0
290.0 188.0 282.0 205.0
396.0 541.0 389.0 557.0
288.0 189.0 282.0 205.0
161.0 199.0 157.0 213.0
415.0 437.0 408.0 453.0
99.0 492.0 90.0 508.0
314.0 426.0 306.0 444.0
18.0 224.0 13.0 236.0
190.0 101.0 175.0 114.0
259.0 180.0 254.0 196.0
86.0 279.0 81.0 292.0
384.0 230.0 376.0 245.0
335.0 533.0 330.0 549.0
346.0 549.0 339.0 569.0
26.0 433.0 19.0 446.0
187.0 207.0 182.0 221.0
371.0 321.0 364.0 337.0
307.0 268.0 300.0 282.0
27.0 433.0 20.0 446.0
336.0 532.0 330.0 549.0
373.0 359.0 367.0 375.0
314.0 485.0 306.0 501.0
348.0 547.0 339.0 568.0
214.0 216.0 209.0 230.0
313.0 487.0 307.0 502.0
372.0 323.0 365.0 338.0
347.0 547.0 339.0 568.0
187.0 206.0 182.0 221.0
372.0 320.0 365.0 336.0
398.0 309.0 390.0 324.0
119.0 497.0 112.0 513.0
290.0 190.0 284.0 203.0
288.0 190.0 282.0 205.0
133.0 191.0 129.0 206.0
314.0 486.0 307.0 502.0
244.0 123.0 239.0 141.0
402.0 400.0 397.0 415.0
385.0 229.0 376.0 245.0
385.0 232.0 376.0 245.0
244.0 125.0 239.0 141.0
385.0 230.0 376.0 245.0
391.0 331.0 383.0 346.0
385.0 231.0 376.0 245.0
121.0 497.0 112.0 513.0
415.0 439.0 406.0 456.0
390.0 331.0 382.0 346.0
414.0 437.0 408.0 453.0
372.0 322.0 365.0 338.0
395.0 541.0 389.0 557.0
290.0 189.0 284.0 203.0
338.0 314.0 333.0 328.0
54.0 260.0 50.0 272.0
256.0 556.0 249.0 574.0
392.0 331.0 383.0 346.0
104.0 493.0 97.0 508.0
307.0 266.0 299.0 281.0
119.0 496.0 111.0 512.0
314.0 487.0 307.0 502.0
451.0 214.0 442.0 230.0
346.0 548.0 339.0 568.0
224.0 119.0 220.0 136.0
338.0 313.0 333.0 328.0
289.0 190.0 282.0 205.0
118.0 497.0 112.0 513.0
386.0 230.0 376.0 245.0
346.0 425.0 338.0 441.0
189.0 101.0 175.0 114.0
390.0 332.0 382.0 346.0
307.0 267.0 300.0 282.0
120.0 497.0 112.0 513.0
449.0 214.0 442.0 230.0
414.0 438.0 408.0 453.0
223.0 118.0 220.0 136.0
359.0 342.0 353.0 357.0
415.0 438.0 408.0 454.0
257.0 554.0 249.0 574.0
243.0 125.0 238.0 142.0
224.0 118.0 220.0 136.0
391.0 332.0 382.0 346.0
109.0 472.0 101.0 488.0
398.0 310.0 390.0 324.0
359.0 343.0 353.0 357.0
95.0 29.0 92.0 44.0
61.0 485.0 53.0 499.0
372.0 321.0 366.0 336.0
244.0 124.0 239.0 141.0
327.0 422.0 321.0 437.0
254.0 195.0 249.0 208.0
256.0 555.0 249.0 574.0
371.0 359.0 367.0 375.0
315.0 486.0 307.0 502.0
145.0 416.0 139.0 430.0
54.0 261.0 50.0 272.0
346.0 426.0 338.0 441.0
262.0 461.0 257.0 475.0
347.0 425.0 338.0 441.0
208.0 111.0 202.0 128.0
386.0 410.0 380.0 427.0
450.0 214.0 442.0 230.0
71.0 267.0 67.0 279.0
328.0 421.0 321.0 437.0
208.0 110.0 202.0 128.0
72.0 266.0 67.0 279.0
257.0 556.0 249.0 574.0
225.0 118.0 220.0 136.0
414.0 440.0 406.0 456.0
209.0 111.0 202.0 128.0
243.0 124.0 238.0 142.0
346.0 547.0 339.0 568.0
110.0 472.0 102.0 489.0
395.0 542.0 389.0 557.0
119.0 498.0 112.0 513.0
94.0 29.0 92.0 44.0
120.0 496.0 113.0 512.0
124.0 190.0 129.0 206.0
45.0 481.0 38.0 496.0
377.0 500.0 370.0 517.0
327.0 421.0 320.0 436.0
386.0 411.0 380.0 427.0
120.0 498.0 112.0 513.0
346.0 424.0 338.0 439.0
451.0 213.0 442.0 230.0
385.0 410.0 379.0 426.0
145.0 415.0 139.0 430.0
249.0 205.0 243.0 221.0
425.0 258.0 416.0 275.0
279.0 497.0 272.0 515.0
254.0 194.0 249.0 208.0
89.0 272.0 84.0 284.0
424.0 258.0 416.0 275.0
278.0 498.0 272.0 515.0
257.0 555.0 249.0 574.0
17.0 473.0 10.0 486.0
46.0 481.0 38.0 496.0
326.0 420.0 320.0 436.0
414.0 439.0 406.0 456.0
72.0 267.0 67.0 279.0
90.0 272.0 84.0 284.0
449.0 213.0 442.0 230.0
450.0 213.0 442.0 230.0
60.0 486.0 53.0 499.0
123.0 189.0 129.0 206.0
347.0 424.0 338.0 439.0
327.0 420.0 320.0 436.0
149.0 487.0 143.0 497.0
122.0 53.0 118.0 70.0
129.0 461.0 123.0 476.0
328.0 420.0 321.0 436.0
385.0 411.0 379.0 426.0
243.0 123.0 238.0 141.0
385.0 412.0 380.0 427.0
151.0 197.0 147.0 211.0
14.0 474.0 10.0 486.0
149.0 485.0 143.0 497.0
10.0 246.0 5.0 257.0
16.0 474.0 10.0 486.0
263.0 460.0 257.0 475.0
326.0 421.0 320.0 436.0
128.0 462.0 122.0 476.0
95.0 30.0 92.0 45.0
424.0 260.0 416.0 275.0
253.0 194.0 249.0 208.0
9.0 246.0 5.0 257.0
151.0 196.0 156.0 213.0
425.0 259.0 416.0 275.0
413.0 438.0 407.0 455.0
15.0 474.0 10.0 486.0
146.0 416.0 139.0 430.0
278.0 497.0 272.0 514.0
128.0 461.0 122.0 476.0
123.0 190.0 129.0 206.0
46.0 480.0 38.0 496.0
344.0 215.0 336.0 231.0
464.0 56.0 454.0 75.0
464.0 55.0 454.0 75.0
16.0 473.0 10.0 486.0
15.0 578.0 7.0 594.0
425.0 260.0 416.0 275.0
14.0 475.0 10.0 486.0
342.0 215.0 336.0 231.0
95.0 31.0 92.0 45.0
326.0 90.0 320.0 108.0
226.0 119.0 220.0 136.0
225.0 119.0 220.0 136.0
149.0 486.0 143.0 497.0
209.0 110.0 202.0 128.0
124.0 189.0 129.0 206.0
94.0 30.0 92.0 45.0
11.0 246.0 5.0 257.0
263.0 461.0 257.0 475.0
15.0 577.0 7.0 594.0
262.0 462.0 257.0 475.0
343.0 216.0 336.0 231.0
376.0 500.0 370.0 517.0
445.0 49.0 435.0 68.0
376.0 501.0 370.0 520.0
134.0 46.0 132.0 62.0
146.0 415.0 139.0 430.0
312.0 377.0 306.0 394.0
326.0 91.0 320.0 109.0
463.0 56.0 454.0 75.0
441.0 538.0 436.0 554.0
15.0 475.0 10.0 486.0
344.0 216.0 336.0 231.0
424.0 259.0 416.0 275.0
442.0 537.0 436.0 554.0
343.0 215.0 336.0 231.0
135.0 46.0 132.0 62.0
463.0 271.0 452.0 289.0
198.0 105.0 175.0 113.0
122.0 70.0 139.0 95.0
463.0 55.0 454.0 75.0
124.0 70.0 140.0 95.0
344.0 217.0 336.0 231.0
198.0 106.0 175.0 114.0
377.0 501.0 370.0 520.0
263.0 462.0 257.0 475.0
10.0 247.0 5.0 257.0
445.0 50.0 435.0 68.0
327.0 419.0 320.0 436.0
264.0 168.0 257.0 183.0
263.0 168.0 257.0 183.0
115.0 38.0 93.0 45.0
11.0 247.0 5.0 257.0
441.0 539.0 435.0 555.0
317.0 115.0 319.0 111.0
124.0 71.0 139.0 95.0
319.0 567.0 311.0 585.0
197.0 106.0 175.0 114.0
264.0 167.0 257.0 183.0
73.0 29.0 60.0 43.0
316.0 116.0 319.0 111.0
309.0 438.0 303.0 453.0
317.0 568.0 311.0 585.0
279.0 496.0 272.0 515.0
317.0 116.0 319.0 111.0
73.0 30.0 60.0 43.0
197.0 105.0 175.0 113.0
263.0 167.0 257.0 183.0
238.0 550.0 233.0 567.0
239.0 550.0 233.0 567.0
16.0 577.0 7.0 594.0
442.0 538.0 436.0 554.0
123.0 70.0 139.0 95.0
65.0 17.0 62.0 33.0
160.0 88.0 174.0 114.0
115.0 37.0 62.0 33.0
307.0 438.0 303.0 453.0
16.0 578.0 7.0 594.0
319.0 568.0 311.0 585.0
308.0 439.0 303.0 453.0
316.0 117.0 309.0 135.0
463.0 270.0 452.0 289.0
308.0 438.0 303.0 453.0
64.0 17.0 62.0 33.0
318.0 569.0 311.0 585.0
72.0 30.0 60.0 43.0
470.0 164.0 461.0 180.0
317.0 117.0 320.0 111.0
74.0 21.0 62.0 33.0
123.0 71.0 139.0 95.0
317.0 118.0 309.0 135.0
122.0 71.0 139.0 95.0
318.0 568.0 311.0 585.0
316.0 118.0 309.0 135.0
263.0 169.0 257.0 183.0
318.0 567.0 311.0 585.0
327.0 399.0 324.0 413.0
470.0 165.0 461.0 181.0
238.0 551.0 233.0 567.0
300.0 417.0 292.0 435.0
239.0 552.0 233.0 567.0
20.0 9.0 18.0 26.0
471.0 164.0 461.0 181.0
326.0 398.0 324.0 413.0
239.0 551.0 233.0 567.0
133.0 55.0 110.0 64.0
470.0 166.0 461.0 181.0
237.0 551.0 233.0 567.0
94.0 38.0 60.0 43.0
469.0 93.0 459.0 112.0
264.0 169.0 258.0 181.0
469.0 94.0 459.0 112.0
307.0 439.0 303.0 453.0
468.0 293.0 459.0 308.0
301.0 417.0 292.0 435.0
238.0 552.0 233.0 567.0
469.0 292.0 460.0 307.0
94.0 39.0 60.0 43.0
471.0 165.0 461.0 181.0
315.0 117.0 309.0 135.0
82.0 605.0 73.0 622.0
468.0 292.0 460.0 307.0
81.0 605.0 73.0 622.0
468.0 294.0 459.0 308.0
326.0 399.0 324.0 413.0
326.0 400.0 324.0 413.0
300.0 416.0 292.0 435.0
471.0 166.0 461.0 181.0
302.0 417.0 292.0 435.0
21.0 9.0 18.0 26.0
82.0 604.0 73.0 622.0
469.0 293.0 460.0 307.0
301.0 416.0 292.0 435.0
302.0 416.0 292.0 435.0
388.0 481.0 388.0 492.0
134.0 55.0 132.0 62.0
325.0 399.0 324.0 413.0
387.0 482.0 388.0 492.0
302.0 415.0 292.0 435.0
469.0 294.0 460.0 307.0
470.0 294.0 460.0 308.0
83.0 604.0 73.0 622.0
325.0 400.0 324.0 413.0
346.0 30.0 346.0 34.0
470.0 293.0 460.0 307.0
387.0 481.0 388.0 492.0
72.0 635.0 72.0 624.0
72.0 636.0 72.0 624.0
19.0 343.0 36.0 363.0
353.0 12.0 346.0 35.0
353.0 13.0 346.0 35.0
354.0 13.0 346.0 35.0
43.0 583.0 27.0 598.0
18.0 343.0 36.0 363.0
19.0 344.0 36.0 363.0
43.0 582.0 27.0 598.0
387.0 480.0 388.0 492.0
18.0 344.0 36.0 363.0
44.0 583.0 27.0 598.0
355.0 12.0 346.0 35.0
355.0 13.0 346.0 35.0
178.0 580.0 170.0 599.0
28.0 252.0 50.0 272.0
354.0 12.0 346.0 35.0
354.0 11.0 346.0 35.0
355.0 11.0 346.0 35.0
28.0 253.0 50.0 272.0
44.0 582.0 27.0 598.0
28.0 251.0 50.0 272.0
178.0 581.0 170.0 599.0
27.0 252.0 50.0 272.0
177.0 580.0 170.0 599.0
176.0 580.0 170.0 599.0
177.0 581.0 170.0 599.0
230.0 595.0 221.0 619.0
406.0 319.0 391.0 324.0
176.0 581.0 170.0 599.0
230.0 594.0 221.0 619.0
342.0 390.0 325.0 413.0
53.0 166.0 33.0 181.0
346.0 358.0 334.0 384.0
