440.0 455.0 444.0 457.0
440.0 454.0 444.0 457.0
107.0 440.0 117.0 440.0
441.0 453.0 444.0 457.0
107.0 439.0 117.0 440.0
111.0 424.0 123.0 425.0
96.0 273.0 107.0 274.0
465.0 585.0 467.0 585.0
451.0 565.0 454.0 567.0
464.0 585.0 467.0 585.0
441.0 455.0 444.0 457.0
441.0 454.0 444.0 457.0
112.0 425.0 123.0 425.0
95.0 274.0 107.0 274.0
102.0 362.0 112.0 362.0
87.0 471.0 100.0 471.0
101.0 362.0 112.0 362.0
101.0 361.0 112.0 362.0
95.0 273.0 107.0 274.0
464.0 584.0 466.0 585.0
128.0 413.0 139.0 413.0
132.0 322.0 143.0 323.0
102.0 361.0 112.0 362.0
194.0 371.0 204.0 373.0
442.0 455.0 444.0 457.0
433.0 269.0 438.0 274.0
464.0 586.0 466.0 585.0
88.0 471.0 100.0 470.0
112.0 424.0 123.0 425.0
127.0 413.0 139.0 413.0
432.0 268.0 437.0 274.0
451.0 566.0 454.0 567.0
231.0 608.0 241.0 606.0
193.0 372.0 204.0 373.0
87.0 472.0 100.0 470.0
149.0 287.0 158.0 288.0
192.0 372.0 204.0 373.0
437.0 618.0 442.0 616.0
147.0 354.0 159.0 355.0
451.0 567.0 454.0 568.0
389.0 216.0 394.0 221.0
450.0 565.0 454.0 568.0
463.0 586.0 466.0 585.0
338.0 554.0 347.0 553.0
255.0 367.0 262.0 369.0
432.0 269.0 437.0 275.0
463.0 585.0 466.0 585.0
112.0 423.0 123.0 425.0
442.0 454.0 444.0 457.0
234.0 508.0 243.0 510.0
113.0 424.0 123.0 425.0
194.0 372.0 204.0 374.0
148.0 389.0 160.0 392.0
126.0 413.0 138.0 413.0
148.0 354.0 159.0 355.0
62.0 580.0 75.0 577.0
160.0 557.0 173.0 557.0
160.0 556.0 173.0 557.0
62.0 581.0 75.0 577.0
450.0 566.0 454.0 568.0
193.0 371.0 204.0 373.0
113.0 423.0 123.0 425.0
254.0 367.0 262.0 369.0
192.0 371.0 204.0 373.0
133.0 322.0 143.0 323.0
161.0 558.0 173.0 557.0
53.0 257.0 65.0 258.0
149.0 354.0 159.0 355.0
339.0 554.0 347.0 553.0
193.0 373.0 204.0 374.0
148.0 355.0 159.0 355.0
390.0 216.0 394.0 221.0
149.0 389.0 160.0 392.0
389.0 215.0 394.0 221.0
194.0 373.0 204.0 374.0
389.0 214.0 394.0 221.0
147.0 355.0 159.0 355.0
255.0 368.0 262.0 369.0
355.0 448.0 362.0 451.0
450.0 567.0 454.0 568.0
372.0 188.0 379.0 194.0
142.0 370.0 153.0 371.0
80.0 457.0 93.0 456.0
188.0 253.0 196.0 256.0
390.0 215.0 394.0 221.0
126.0 412.0 138.0 413.0
149.0 390.0 161.0 393.0
291.0 590.0 299.0 588.0
86.0 472.0 100.0 471.0
340.0 439.0 347.0 442.0
178.0 447.0 190.0 448.0
254.0 368.0 262.0 369.0
339.0 439.0 347.0 443.0
179.0 447.0 190.0 448.0
149.0 355.0 159.0 355.0
156.0 104.0 167.0 105.0
63.0 581.0 75.0 577.0
79.0 457.0 93.0 456.0
161.0 556.0 173.0 557.0
150.0 389.0 161.0 393.0
463.0 584.0 466.0 585.0
390.0 214.0 394.0 221.0
124.0 293.0 133.0 294.0
292.0 590.0 299.0 588.0
340.0 440.0 347.0 442.0
157.0 103.0 167.0 105.0
265.0 449.0 273.0 451.0
292.0 591.0 299.0 589.0
63.0 580.0 75.0 577.0
340.0 554.0 347.0 553.0
160.0 628.0 171.0 624.0
161.0 628.0 172.0 624.0
372.0 187.0 379.0 194.0
32.0 126.0 43.0 126.0
80.0 456.0 93.0 456.0
30.0 87.0 40.0 87.0
161.0 557.0 173.0 557.0
31.0 126.0 43.0 126.0
217.0 554.0 227.0 554.0
160.0 629.0 171.0 624.0
86.0 473.0 100.0 471.0
25.0 602.0 41.0 597.0
465.0 490.0 467.0 493.0
31.0 88.0 40.0 88.0
465.0 492.0 468.0 494.0
465.0 491.0 468.0 494.0
150.0 390.0 161.0 393.0
157.0 104.0 167.0 105.0
24.0 602.0 41.0 597.0
177.0 447.0 188.0 448.0
403.0 246.0 410.0 250.0
178.0 448.0 190.0 448.0
145.0 548.0 157.0 547.0
64.0 580.0 75.0 577.0
253.0 368.0 262.0 369.0
321.0 493.0 328.0 493.0
79.0 455.0 93.0 456.0
402.0 246.0 410.0 250.0
25.0 603.0 41.0 597.0
124.0 292.0 133.0 294.0
215.0 554.0 227.0 554.0
29.0 87.0 40.0 87.0
292.0 589.0 299.0 588.0
161.0 629.0 171.0 624.0
32.0 125.0 43.0 126.0
199.0 531.0 209.0 533.0
365.0 548.0 369.0 549.0
254.0 369.0 262.0 369.0
146.0 548.0 157.0 547.0
156.0 105.0 167.0 105.0
232.0 53.0 241.0 57.0
259.0 482.0 268.0 483.0
240.0 427.0 248.0 427.0
118.0 364.0 129.0 362.0
79.0 456.0 93.0 456.0
30.0 89.0 40.0 87.0
202.0 389.0 212.0 393.0
80.0 347.0 89.0 348.0
29.0 88.0 40.0 87.0
200.0 532.0 210.0 533.0
356.0 448.0 362.0 451.0
63.0 582.0 75.0 577.0
118.0 363.0 129.0 362.0
31.0 127.0 43.0 126.0
125.0 293.0 133.0 294.0
293.0 590.0 299.0 588.0
29.0 89.0 40.0 87.0
264.0 449.0 273.0 451.0
464.0 491.0 467.0 493.0
32.0 127.0 43.0 126.0
321.0 492.0 328.0 493.0
320.0 493.0 328.0 493.0
202.0 390.0 212.0 393.0
26.0 603.0 41.0 597.0
381.0 427.0 385.0 429.0
64.0 581.0 75.0 577.0
30.0 88.0 40.0 87.0
216.0 554.0 227.0 554.0
125.0 292.0 133.0 294.0
260.0 482.0 268.0 483.0
338.0 133.0 348.0 141.0
35.0 189.0 45.0 189.0
380.0 426.0 385.0 429.0
91.0 217.0 101.0 218.0
33.0 126.0 43.0 126.0
199.0 532.0 210.0 533.0
339.0 133.0 348.0 141.0
91.0 216.0 101.0 218.0
119.0 363.0 129.0 362.0
31.0 125.0 43.0 126.0
364.0 548.0 369.0 549.0
126.0 293.0 134.0 294.0
304.0 515.0 311.0 516.0
118.0 362.0 129.0 362.0
357.0 448.0 362.0 451.0
262.0 386.0 269.0 387.0
322.0 494.0 329.0 495.0
216.0 555.0 227.0 554.0
466.0 491.0 468.0 494.0
200.0 530.0 209.0 533.0
127.0 234.0 137.0 237.0
173.0 392.0 186.0 390.0
306.0 514.0 313.0 515.0
80.0 348.0 89.0 348.0
321.0 494.0 329.0 495.0
397.0 262.0 402.0 266.0
200.0 531.0 210.0 533.0
196.0 76.0 205.0 79.0
415.0 601.0 418.0 600.0
215.0 555.0 226.0 555.0
145.0 549.0 157.0 547.0
201.0 390.0 212.0 393.0
396.0 261.0 402.0 266.0
233.0 53.0 241.0 57.0
339.0 134.0 348.0 141.0
316.0 390.0 322.0 392.0
58.0 398.0 76.0 397.0
322.0 492.0 328.0 493.0
119.0 362.0 129.0 362.0
256.0 501.0 266.0 502.0
339.0 132.0 348.0 140.0
34.0 189.0 45.0 189.0
120.0 363.0 129.0 362.0
26.0 602.0 41.0 597.0
210.0 329.0 219.0 331.0
196.0 75.0 205.0 79.0
371.0 79.0 378.0 86.0
174.0 392.0 186.0 390.0
232.0 52.0 241.0 57.0
233.0 52.0 241.0 57.0
202.0 391.0 212.0 393.0
322.0 493.0 329.0 494.0
164.0 151.0 173.0 153.0
146.0 549.0 157.0 547.0
264.0 448.0 273.0 451.0
209.0 329.0 219.0 331.0
172.0 392.0 186.0 390.0
199.0 530.0 209.0 533.0
340.0 133.0 348.0 141.0
163.0 231.0 177.0 235.0
164.0 231.0 177.0 235.0
364.0 547.0 369.0 549.0
397.0 261.0 402.0 266.0
203.0 390.0 212.0 393.0
320.0 494.0 327.0 494.0
210.0 330.0 219.0 331.0
305.0 515.0 313.0 516.0
30.0 90.0 40.0 87.0
144.0 233.0 154.0 236.0
305.0 514.0 313.0 516.0
197.0 76.0 205.0 79.0
356.0 447.0 362.0 451.0
315.0 389.0 322.0 392.0
363.0 548.0 369.0 549.0
44.0 582.0 56.0 579.0
119.0 364.0 129.0 362.0
314.0 438.0 322.0 444.0
209.0 330.0 219.0 331.0
31.0 89.0 40.0 88.0
319.0 493.0 327.0 494.0
81.0 348.0 89.0 348.0
106.0 510.0 118.0 510.0
58.0 399.0 76.0 397.0
165.0 231.0 177.0 235.0
287.0 482.0 297.0 483.0
81.0 347.0 89.0 348.0
165.0 151.0 174.0 153.0
44.0 583.0 56.0 579.0
45.0 582.0 56.0 579.0
288.0 481.0 297.0 483.0
340.0 134.0 348.0 141.0
363.0 547.0 369.0 549.0
144.0 234.0 154.0 236.0
398.0 229.0 405.0 237.0
45.0 583.0 56.0 579.0
43.0 582.0 56.0 579.0
43.0 583.0 56.0 579.0
288.0 482.0 297.0 483.0
146.0 493.0 157.0 493.0
250.0 23.0 261.0 29.0
288.0 483.0 297.0 483.0
11.0 328.0 21.0 329.0
252.0 23.0 261.0 29.0
289.0 481.0 297.0 483.0
252.0 22.0 261.0 29.0
289.0 482.0 297.0 483.0
315.0 390.0 322.0 392.0
105.0 510.0 118.0 510.0
250.0 62.0 257.0 65.0
263.0 386.0 269.0 387.0
251.0 22.0 261.0 29.0
311.0 291.0 319.0 295.0
249.0 61.0 257.0 65.0
397.0 229.0 405.0 237.0
170.0 476.0 184.0 478.0
251.0 23.0 261.0 29.0
86.0 579.0 98.0 574.0
289.0 483.0 297.0 483.0
14.0 206.0 25.0 207.0
87.0 579.0 98.0 574.0
314.0 390.0 322.0 392.0
15.0 207.0 26.0 207.0
157.0 464.0 168.0 465.0
398.0 230.0 405.0 237.0
157.0 465.0 168.0 465.0
11.0 329.0 21.0 330.0
312.0 291.0 319.0 295.0
462.0 510.0 468.0 520.0
227.0 361.0 236.0 363.0
86.0 578.0 98.0 574.0
234.0 218.0 241.0 222.0
158.0 464.0 168.0 465.0
6.0 114.0 17.0 111.0
10.0 328.0 21.0 329.0
169.0 476.0 184.0 478.0
315.0 391.0 322.0 392.0
249.0 62.0 257.0 65.0
14.0 207.0 26.0 207.0
15.0 206.0 26.0 207.0
87.0 578.0 98.0 574.0
233.0 218.0 241.0 222.0
148.0 573.0 153.0 571.0
247.0 127.0 254.0 131.0
156.0 607.0 172.0 624.0
10.0 329.0 21.0 330.0
13.0 207.0 25.0 207.0
158.0 465.0 168.0 465.0
6.0 115.0 17.0 111.0
259.0 144.0 270.0 148.0
309.0 22.0 309.0 17.0
461.0 509.0 468.0 520.0
7.0 115.0 17.0 111.0
228.0 360.0 236.0 363.0
189.0 199.0 199.0 205.0
39.0 500.0 54.0 497.0
260.0 144.0 270.0 148.0
261.0 144.0 270.0 148.0
260.0 146.0 270.0 150.0
155.0 607.0 172.0 624.0
310.0 21.0 309.0 17.0
261.0 145.0 270.0 148.0
260.0 145.0 270.0 148.0
462.0 509.0 468.0 520.0
39.0 499.0 54.0 497.0
310.0 22.0 309.0 17.0
228.0 361.0 236.0 363.0
6.0 298.0 20.0 299.0
134.0 574.0 153.0 571.0
7.0 298.0 20.0 299.0
247.0 126.0 254.0 131.0
229.0 360.0 236.0 363.0
260.0 143.0 270.0 148.0
170.0 475.0 184.0 478.0
189.0 200.0 199.0 205.0
462.0 508.0 468.0 520.0
190.0 200.0 199.0 205.0
379.0 204.0 378.0 195.0
379.0 203.0 378.0 195.0
6.0 297.0 20.0 299.0
229.0 361.0 236.0 363.0
149.0 573.0 153.0 571.0
134.0 575.0 153.0 571.0
247.0 125.0 254.0 131.0
133.0 574.0 153.0 571.0
169.0 475.0 184.0 478.0
170.0 474.0 184.0 478.0
114.0 175.0 113.0 174.0
133.0 575.0 153.0 571.0
13.0 378.0 10.0 376.0
155.0 511.0 163.0 524.0
12.0 379.0 10.0 376.0
13.0 379.0 10.0 376.0
14.0 379.0 10.0 376.0
14.0 378.0 10.0 376.0
274.0 16.0 279.0 20.0
58.0 600.0 79.0 595.0
169.0 474.0 184.0 478.0
273.0 16.0 279.0 20.0
47.0 629.0 16.0 624.0
46.0 628.0 16.0 624.0
47.0 628.0 16.0 624.0
241.0 221.0 241.0 222.0
253.0 606.0 240.0 607.0
241.0 222.0 241.0 222.0
101.0 310.0 115.0 330.0
