309.0 146.0 303.0 144.0
308.0 145.0 303.0 144.0
310.0 146.0 303.0 144.0
309.0 144.0 303.0 144.0
309.0 145.0 303.0 144.0
308.0 144.0 303.0 144.0
171.0 445.0 171.0 445.0
231.0 316.0 229.0 316.0
310.0 144.0 303.0 144.0
207.0 175.0 202.0 176.0
210.0 165.0 204.0 167.0
135.0 562.0 137.0 563.0
172.0 445.0 171.0 445.0
172.0 444.0 171.0 445.0
346.0 124.0 338.0 124.0
135.0 561.0 137.0 563.0
310.0 145.0 303.0 144.0
171.0 444.0 171.0 445.0
231.0 317.0 228.0 316.0
139.0 241.0 134.0 244.0
136.0 562.0 138.0 563.0
232.0 317.0 229.0 316.0
135.0 563.0 137.0 564.0
136.0 563.0 137.0 564.0
140.0 240.0 134.0 244.0
136.0 627.0 138.0 629.0
155.0 169.0 149.0 173.0
155.0 170.0 149.0 173.0
193.0 483.0 194.0 482.0
370.0 386.0 368.0 379.0
135.0 627.0 138.0 629.0
113.0 236.0 110.0 240.0
157.0 584.0 159.0 585.0
180.0 240.0 177.0 241.0
159.0 219.0 155.0 222.0
171.0 364.0 170.0 365.0
240.0 498.0 240.0 495.0
139.0 240.0 134.0 244.0
160.0 220.0 155.0 222.0
12.0 624.0 15.0 630.0
358.0 543.0 359.0 533.0
181.0 241.0 177.0 241.0
120.0 373.0 118.0 378.0
358.0 542.0 359.0 533.0
13.0 625.0 15.0 630.0
121.0 373.0 118.0 378.0
111.0 528.0 113.0 531.0
159.0 220.0 155.0 222.0
112.0 528.0 113.0 531.0
181.0 242.0 177.0 243.0
180.0 241.0 177.0 241.0
154.0 424.0 154.0 425.0
180.0 242.0 176.0 242.0
160.0 219.0 155.0 222.0
358.0 541.0 359.0 533.0
140.0 241.0 134.0 244.0
231.0 318.0 228.0 316.0
357.0 543.0 359.0 533.0
120.0 374.0 118.0 378.0
135.0 626.0 138.0 629.0
157.0 490.0 158.0 491.0
13.0 624.0 15.0 630.0
357.0 541.0 358.0 533.0
116.0 510.0 117.0 513.0
155.0 423.0 155.0 425.0
370.0 387.0 368.0 379.0
108.0 559.0 109.0 563.0
113.0 237.0 110.0 240.0
141.0 482.0 141.0 483.0
141.0 481.0 141.0 483.0
76.0 141.0 71.0 148.0
114.0 236.0 110.0 240.0
195.0 603.0 197.0 602.0
139.0 189.0 135.0 193.0
116.0 511.0 117.0 513.0
298.0 99.0 289.0 102.0
248.0 401.0 247.0 400.0
240.0 499.0 240.0 495.0
156.0 424.0 155.0 425.0
357.0 542.0 359.0 533.0
248.0 402.0 247.0 400.0
171.0 365.0 170.0 365.0
279.0 414.0 278.0 411.0
249.0 402.0 247.0 400.0
108.0 560.0 109.0 563.0
371.0 386.0 368.0 379.0
107.0 560.0 109.0 563.0
155.0 424.0 155.0 425.0
142.0 482.0 142.0 483.0
154.0 170.0 149.0 173.0
114.0 237.0 111.0 240.0
266.0 588.0 269.0 583.0
12.0 623.0 15.0 630.0
140.0 242.0 136.0 245.0
178.0 162.0 172.0 165.0
136.0 626.0 138.0 629.0
12.0 437.0 12.0 444.0
172.0 125.0 168.0 128.0
104.0 182.0 99.0 188.0
281.0 382.0 279.0 378.0
160.0 226.0 156.0 228.0
279.0 415.0 278.0 411.0
110.0 528.0 112.0 531.0
251.0 548.0 252.0 543.0
155.0 425.0 155.0 425.0
177.0 162.0 172.0 165.0
122.0 189.0 117.0 191.0
12.0 436.0 12.0 444.0
165.0 414.0 165.0 415.0
115.0 510.0 117.0 513.0
166.0 333.0 163.0 335.0
154.0 169.0 149.0 173.0
166.0 413.0 165.0 415.0
138.0 290.0 134.0 292.0
143.0 482.0 142.0 484.0
106.0 559.0 109.0 563.0
251.0 549.0 252.0 543.0
105.0 248.0 102.0 251.0
16.0 463.0 14.0 468.0
95.0 516.0 96.0 521.0
250.0 402.0 247.0 400.0
166.0 548.0 168.0 549.0
14.0 463.0 14.0 468.0
95.0 515.0 96.0 521.0
166.0 414.0 165.0 415.0
106.0 247.0 102.0 251.0
131.0 27.0 124.0 34.0
371.0 387.0 368.0 379.0
165.0 333.0 163.0 335.0
157.0 491.0 158.0 491.0
105.0 182.0 99.0 188.0
138.0 289.0 134.0 292.0
167.0 414.0 165.0 415.0
35.0 245.0 30.0 251.0
336.0 576.0 338.0 569.0
104.0 183.0 99.0 188.0
111.0 527.0 112.0 531.0
170.0 365.0 170.0 365.0
177.0 163.0 172.0 165.0
15.0 463.0 14.0 468.0
158.0 612.0 162.0 613.0
133.0 325.0 131.0 328.0
115.0 511.0 117.0 513.0
165.0 413.0 165.0 415.0
132.0 325.0 131.0 328.0
107.0 559.0 109.0 563.0
173.0 125.0 168.0 129.0
336.0 575.0 338.0 567.0
280.0 415.0 278.0 411.0
160.0 225.0 156.0 228.0
176.0 162.0 172.0 165.0
158.0 490.0 158.0 491.0
102.0 11.0 94.0 18.0
142.0 481.0 142.0 483.0
101.0 11.0 94.0 18.0
18.0 526.0 18.0 533.0
167.0 549.0 169.0 550.0
83.0 242.0 80.0 246.0
265.0 588.0 269.0 583.0
76.0 140.0 71.0 148.0
282.0 382.0 279.0 378.0
140.0 189.0 135.0 193.0
266.0 589.0 269.0 583.0
19.0 526.0 18.0 533.0
139.0 289.0 134.0 292.0
77.0 141.0 70.0 149.0
29.0 421.0 29.0 428.0
136.0 625.0 138.0 628.0
15.0 462.0 14.0 468.0
122.0 188.0 117.0 191.0
66.0 89.0 60.0 98.0
105.0 183.0 101.0 188.0
81.0 470.0 82.0 476.0
167.0 548.0 168.0 548.0
94.0 515.0 96.0 521.0
123.0 189.0 117.0 192.0
211.0 442.0 211.0 441.0
103.0 10.0 94.0 18.0
158.0 491.0 158.0 491.0
97.0 260.0 94.0 265.0
132.0 28.0 124.0 34.0
427.0 208.0 421.0 202.0
186.0 94.0 179.0 98.0
102.0 10.0 94.0 18.0
96.0 260.0 94.0 265.0
280.0 416.0 278.0 411.0
210.0 49.0 203.0 54.0
101.0 10.0 94.0 18.0
428.0 208.0 421.0 202.0
337.0 576.0 338.0 569.0
240.0 500.0 240.0 495.0
84.0 242.0 80.0 246.0
288.0 626.0 290.0 620.0
157.0 612.0 162.0 613.0
14.0 462.0 14.0 468.0
135.0 625.0 138.0 629.0
173.0 124.0 168.0 128.0
287.0 626.0 290.0 620.0
194.0 623.0 197.0 622.0
301.0 459.0 300.0 452.0
308.0 382.0 307.0 377.0
279.0 416.0 278.0 411.0
36.0 446.0 33.0 452.0
139.0 188.0 135.0 193.0
107.0 561.0 109.0 563.0
58.0 436.0 58.0 442.0
342.0 425.0 341.0 418.0
211.0 49.0 203.0 54.0
105.0 247.0 102.0 251.0
298.0 602.0 301.0 596.0
232.0 513.0 233.0 511.0
185.0 94.0 179.0 98.0
241.0 499.0 241.0 495.0
96.0 261.0 94.0 265.0
212.0 442.0 211.0 441.0
132.0 27.0 124.0 34.0
284.0 589.0 287.0 582.0
106.0 560.0 109.0 563.0
340.0 537.0 341.0 529.0
83.0 84.0 77.0 93.0
18.0 525.0 18.0 533.0
427.0 209.0 421.0 202.0
108.0 543.0 111.0 547.0
133.0 27.0 124.0 34.0
301.0 458.0 300.0 452.0
337.0 575.0 338.0 567.0
211.0 444.0 211.0 442.0
30.0 421.0 29.0 428.0
211.0 443.0 211.0 441.0
96.0 516.0 96.0 521.0
11.0 602.0 12.0 610.0
97.0 261.0 94.0 265.0
341.0 536.0 342.0 529.0
166.0 332.0 163.0 335.0
11.0 601.0 12.0 610.0
307.0 383.0 307.0 377.0
340.0 536.0 341.0 529.0
123.0 188.0 117.0 191.0
342.0 426.0 341.0 418.0
341.0 537.0 341.0 529.0
288.0 627.0 290.0 620.0
165.0 332.0 163.0 335.0
84.0 528.0 85.0 532.0
173.0 126.0 168.0 129.0
133.0 26.0 125.0 34.0
67.0 89.0 60.0 98.0
342.0 424.0 341.0 418.0
71.0 188.0 66.0 193.0
343.0 425.0 341.0 418.0
299.0 602.0 301.0 596.0
239.0 593.0 241.0 590.0
140.0 188.0 135.0 193.0
194.0 622.0 197.0 622.0
81.0 471.0 81.0 477.0
188.0 54.0 180.0 59.0
312.0 583.0 314.0 577.0
343.0 426.0 341.0 418.0
166.0 331.0 163.0 335.0
309.0 382.0 307.0 377.0
104.0 627.0 105.0 632.0
173.0 66.0 166.0 72.0
300.0 458.0 300.0 452.0
67.0 88.0 60.0 98.0
298.0 603.0 301.0 596.0
210.0 329.0 208.0 328.0
299.0 604.0 301.0 596.0
309.0 383.0 307.0 377.0
83.0 528.0 85.0 532.0
337.0 574.0 338.0 567.0
58.0 435.0 57.0 441.0
173.0 67.0 166.0 73.0
132.0 26.0 124.0 34.0
308.0 383.0 307.0 377.0
298.0 604.0 301.0 596.0
239.0 594.0 241.0 590.0
238.0 594.0 241.0 590.0
302.0 458.0 301.0 452.0
154.0 43.0 146.0 50.0
173.0 68.0 166.0 73.0
428.0 209.0 421.0 202.0
67.0 90.0 60.0 98.0
86.0 62.0 81.0 69.0
310.0 585.0 313.0 577.0
238.0 595.0 241.0 590.0
57.0 436.0 57.0 441.0
426.0 209.0 421.0 202.0
36.0 610.0 38.0 617.0
139.0 187.0 135.0 193.0
299.0 603.0 301.0 596.0
85.0 63.0 81.0 69.0
279.0 439.0 278.0 435.0
310.0 584.0 314.0 577.0
426.0 208.0 421.0 202.0
103.0 627.0 105.0 632.0
211.0 329.0 208.0 328.0
211.0 48.0 203.0 54.0
338.0 575.0 339.0 568.0
174.0 126.0 168.0 129.0
125.0 167.0 116.0 175.0
83.0 83.0 76.0 93.0
227.0 612.0 230.0 610.0
291.0 95.0 282.0 99.0
402.0 30.0 391.0 32.0
83.0 529.0 85.0 532.0
238.0 593.0 241.0 590.0
12.0 241.0 8.0 247.0
278.0 440.0 277.0 435.0
187.0 54.0 180.0 59.0
311.0 584.0 314.0 577.0
237.0 594.0 240.0 590.0
314.0 523.0 316.0 516.0
82.0 528.0 85.0 532.0
86.0 63.0 81.0 69.0
174.0 125.0 168.0 129.0
228.0 612.0 230.0 610.0
193.0 622.0 197.0 622.0
125.0 166.0 116.0 175.0
87.0 62.0 81.0 69.0
311.0 583.0 314.0 577.0
57.0 418.0 55.0 425.0
278.0 439.0 277.0 435.0
312.0 584.0 314.0 577.0
86.0 64.0 81.0 69.0
342.0 452.0 342.0 445.0
314.0 524.0 316.0 516.0
343.0 452.0 342.0 445.0
343.0 451.0 342.0 445.0
126.0 389.0 125.0 393.0
227.0 613.0 230.0 610.0
133.0 306.0 130.0 309.0
210.0 328.0 208.0 328.0
425.0 208.0 421.0 202.0
126.0 168.0 116.0 175.0
145.0 288.0 142.0 291.0
441.0 90.0 433.0 91.0
287.0 627.0 290.0 620.0
343.0 453.0 343.0 445.0
35.0 610.0 38.0 617.0
145.0 289.0 142.0 291.0
451.0 186.0 445.0 182.0
211.0 328.0 208.0 328.0
311.0 585.0 313.0 577.0
87.0 63.0 81.0 69.0
228.0 613.0 230.0 610.0
56.0 418.0 55.0 425.0
57.0 419.0 56.0 425.0
466.0 133.0 456.0 131.0
127.0 390.0 125.0 393.0
126.0 167.0 116.0 175.0
467.0 133.0 456.0 131.0
174.0 124.0 168.0 129.0
36.0 611.0 38.0 617.0
12.0 240.0 8.0 247.0
126.0 166.0 116.0 175.0
450.0 186.0 445.0 182.0
145.0 290.0 142.0 291.0
127.0 389.0 125.0 393.0
146.0 289.0 142.0 291.0
34.0 108.0 29.0 116.0
30.0 554.0 30.0 560.0
440.0 90.0 433.0 91.0
30.0 555.0 30.0 560.0
277.0 439.0 277.0 435.0
45.0 167.0 41.0 172.0
277.0 440.0 277.0 435.0
21.0 223.0 16.0 229.0
55.0 153.0 50.0 159.0
456.0 188.0 446.0 182.0
126.0 390.0 125.0 393.0
57.0 420.0 56.0 425.0
271.0 612.0 275.0 606.0
56.0 419.0 55.0 425.0
71.0 431.0 70.0 438.0
46.0 166.0 41.0 172.0
33.0 108.0 29.0 116.0
45.0 166.0 41.0 172.0
29.0 554.0 30.0 560.0
34.0 107.0 29.0 116.0
451.0 185.0 445.0 182.0
101.0 488.0 103.0 492.0
55.0 154.0 50.0 159.0
56.0 420.0 56.0 425.0
102.0 488.0 103.0 493.0
46.0 167.0 41.0 172.0
29.0 555.0 30.0 561.0
102.0 489.0 103.0 493.0
103.0 489.0 103.0 493.0
53.0 581.0 55.0 586.0
56.0 153.0 50.0 159.0
465.0 228.0 459.0 220.0
55.0 152.0 50.0 158.0
35.0 108.0 29.0 116.0
56.0 154.0 50.0 159.0
101.0 489.0 102.0 494.0
127.0 167.0 116.0 175.0
465.0 229.0 459.0 220.0
33.0 107.0 29.0 116.0
462.0 90.0 452.0 90.0
102.0 490.0 102.0 494.0
56.0 152.0 51.0 159.0
103.0 380.0 99.0 378.0
168.0 88.0 159.0 95.0
105.0 380.0 99.0 378.0
462.0 91.0 452.0 90.0
188.0 424.0 184.0 416.0
54.0 42.0 48.0 51.0
104.0 380.0 99.0 378.0
420.0 78.0 411.0 78.0
421.0 79.0 410.0 78.0
151.0 51.0 146.0 51.0
53.0 41.0 48.0 51.0
150.0 51.0 146.0 51.0
56.0 588.0 56.0 586.0
54.0 41.0 48.0 51.0
55.0 42.0 48.0 51.0
104.0 381.0 99.0 378.0
105.0 381.0 99.0 378.0
56.0 587.0 56.0 586.0
55.0 41.0 48.0 51.0
421.0 78.0 410.0 78.0
203.0 607.0 197.0 603.0
151.0 52.0 146.0 51.0
150.0 52.0 146.0 51.0
204.0 607.0 197.0 603.0
124.0 316.0 131.0 328.0
74.0 254.0 59.0 257.0
36.0 571.0 42.0 582.0
358.0 379.0 368.0 378.0
20.0 543.0 30.0 561.0
346.0 469.0 343.0 445.0
36.0 570.0 42.0 582.0
