99.0 340.0 97.0 356.0
100.0 340.0 98.0 356.0
17.0 436.0 17.0 447.0
407.0 482.0 403.0 506.0
17.0 435.0 17.0 447.0
99.0 339.0 97.0 355.0
16.0 435.0 17.0 448.0
100.0 339.0 97.0 356.0
18.0 435.0 17.0 446.0
192.0 164.0 191.0 185.0
18.0 436.0 17.0 446.0
305.0 553.0 302.0 576.0
8.0 389.0 7.0 401.0
192.0 165.0 191.0 185.0
304.0 552.0 302.0 576.0
211.0 400.0 208.0 416.0
306.0 553.0 302.0 576.0
305.0 554.0 302.0 576.0
305.0 552.0 302.0 576.0
306.0 554.0 302.0 576.0
212.0 400.0 208.0 416.0
414.0 305.0 408.0 330.0
414.0 306.0 408.0 330.0
159.0 143.0 159.0 161.0
211.0 401.0 208.0 416.0
160.0 143.0 159.0 161.0
415.0 305.0 408.0 330.0
191.0 164.0 191.0 185.0
236.0 256.0 231.0 278.0
8.0 390.0 7.0 401.0
191.0 165.0 191.0 185.0
244.0 174.0 241.0 193.0
304.0 554.0 302.0 576.0
190.0 368.0 186.0 382.0
304.0 553.0 302.0 576.0
193.0 165.0 191.0 185.0
114.0 280.0 113.0 301.0
435.0 499.0 432.0 523.0
7.0 358.0 2.0 373.0
159.0 144.0 158.0 162.0
6.0 358.0 2.0 373.0
192.0 166.0 191.0 185.0
190.0 367.0 186.0 382.0
219.0 420.0 218.0 439.0
388.0 319.0 384.0 340.0
114.0 279.0 112.0 299.0
415.0 306.0 408.0 330.0
387.0 319.0 384.0 340.0
306.0 552.0 302.0 576.0
109.0 73.0 108.0 90.0
357.0 206.0 352.0 229.0
325.0 106.0 319.0 129.0
387.0 318.0 384.0 340.0
131.0 482.0 127.0 500.0
259.0 125.0 254.0 147.0
7.0 390.0 7.0 401.0
114.0 282.0 112.0 302.0
388.0 320.0 384.0 340.0
114.0 281.0 112.0 302.0
218.0 420.0 218.0 439.0
107.0 72.0 108.0 90.0
373.0 230.0 367.0 254.0
115.0 279.0 113.0 300.0
219.0 419.0 218.0 439.0
6.0 359.0 2.0 373.0
373.0 231.0 366.0 256.0
107.0 73.0 108.0 90.0
324.0 106.0 318.0 129.0
434.0 311.0 428.0 333.0
356.0 314.0 351.0 336.0
115.0 280.0 113.0 301.0
131.0 481.0 127.0 500.0
260.0 439.0 257.0 460.0
436.0 498.0 432.0 523.0
130.0 482.0 127.0 500.0
357.0 207.0 352.0 229.0
218.0 419.0 218.0 439.0
243.0 143.0 238.0 165.0
374.0 229.0 367.0 254.0
108.0 73.0 108.0 90.0
162.0 343.0 160.0 357.0
207.0 240.0 205.0 259.0
374.0 230.0 366.0 255.0
130.0 481.0 126.0 500.0
259.0 124.0 254.0 147.0
436.0 499.0 432.0 523.0
356.0 315.0 351.0 336.0
357.0 205.0 352.0 229.0
324.0 156.0 319.0 178.0
324.0 105.0 318.0 129.0
115.0 282.0 113.0 301.0
151.0 475.0 148.0 490.0
191.0 368.0 186.0 382.0
160.0 144.0 159.0 162.0
355.0 314.0 351.0 336.0
11.0 405.0 8.0 421.0
10.0 405.0 8.0 421.0
161.0 343.0 159.0 357.0
115.0 281.0 113.0 301.0
108.0 72.0 108.0 90.0
237.0 255.0 231.0 278.0
227.0 170.0 225.0 190.0
284.0 570.0 282.0 583.0
152.0 473.0 148.0 490.0
261.0 440.0 257.0 460.0
434.0 310.0 428.0 333.0
253.0 108.0 250.0 129.0
358.0 206.0 352.0 229.0
236.0 255.0 231.0 278.0
433.0 310.0 427.0 332.0
207.0 239.0 205.0 259.0
11.0 406.0 8.0 421.0
128.0 26.0 129.0 44.0
129.0 27.0 129.0 44.0
325.0 155.0 319.0 178.0
340.0 244.0 336.0 266.0
129.0 25.0 129.0 44.0
12.0 41.0 14.0 54.0
261.0 439.0 257.0 460.0
433.0 311.0 428.0 333.0
232.0 441.0 228.0 460.0
130.0 26.0 129.0 44.0
152.0 474.0 148.0 490.0
231.0 441.0 227.0 460.0
191.0 367.0 186.0 382.0
191.0 366.0 186.0 382.0
209.0 219.0 206.0 240.0
357.0 314.0 351.0 336.0
129.0 26.0 129.0 44.0
151.0 474.0 148.0 490.0
244.0 144.0 238.0 165.0
341.0 244.0 336.0 266.0
130.0 27.0 129.0 44.0
12.0 40.0 14.0 54.0
243.0 144.0 238.0 165.0
130.0 483.0 127.0 500.0
12.0 39.0 14.0 54.0
326.0 105.0 319.0 129.0
128.0 27.0 129.0 44.0
178.0 341.0 175.0 353.0
179.0 341.0 175.0 353.0
324.0 157.0 319.0 178.0
255.0 232.0 251.0 251.0
227.0 171.0 225.0 190.0
13.0 40.0 14.0 54.0
325.0 105.0 319.0 129.0
325.0 156.0 319.0 178.0
338.0 530.0 336.0 551.0
208.0 254.0 205.0 274.0
243.0 145.0 238.0 166.0
129.0 482.0 126.0 502.0
129.0 483.0 126.0 502.0
228.0 170.0 225.0 190.0
341.0 243.0 336.0 266.0
222.0 282.0 220.0 299.0
236.0 236.0 230.0 256.0
47.0 602.0 45.0 619.0
342.0 244.0 336.0 266.0
463.0 380.0 458.0 401.0
325.0 104.0 319.0 129.0
210.0 218.0 207.0 238.0
255.0 233.0 252.0 252.0
325.0 157.0 319.0 178.0
463.0 378.0 458.0 401.0
222.0 281.0 220.0 299.0
151.0 473.0 148.0 490.0
191.0 246.0 188.0 267.0
209.0 218.0 206.0 238.0
339.0 530.0 336.0 551.0
254.0 232.0 251.0 251.0
254.0 233.0 251.0 251.0
160.0 145.0 159.0 162.0
463.0 379.0 458.0 401.0
150.0 474.0 148.0 490.0
467.0 361.0 463.0 383.0
340.0 245.0 336.0 266.0
139.0 529.0 137.0 546.0
341.0 245.0 336.0 266.0
12.0 405.0 8.0 421.0
140.0 528.0 137.0 545.0
254.0 234.0 252.0 252.0
139.0 528.0 137.0 545.0
191.0 247.0 188.0 267.0
324.0 104.0 318.0 129.0
468.0 361.0 463.0 383.0
224.0 420.0 219.0 439.0
339.0 529.0 336.0 551.0
228.0 171.0 225.0 190.0
192.0 246.0 188.0 267.0
12.0 406.0 8.0 421.0
223.0 282.0 220.0 299.0
178.0 342.0 175.0 353.0
465.0 259.0 458.0 281.0
179.0 342.0 175.0 353.0
13.0 41.0 14.0 54.0
255.0 234.0 252.0 252.0
340.0 530.0 336.0 551.0
467.0 360.0 463.0 382.0
47.0 601.0 45.0 619.0
464.0 380.0 460.0 400.0
372.0 126.0 365.0 152.0
358.0 67.0 353.0 95.0
464.0 379.0 460.0 400.0
465.0 260.0 458.0 281.0
232.0 101.0 229.0 122.0
192.0 247.0 188.0 267.0
237.0 236.0 230.0 256.0
377.0 105.0 370.0 132.0
139.0 527.0 137.0 545.0
214.0 141.0 209.0 163.0
340.0 529.0 336.0 551.0
464.0 378.0 458.0 401.0
208.0 253.0 205.0 274.0
468.0 360.0 463.0 382.0
359.0 66.0 353.0 94.0
464.0 260.0 458.0 281.0
146.0 598.0 143.0 615.0
256.0 258.0 252.0 278.0
209.0 253.0 205.0 274.0
376.0 106.0 370.0 132.0
372.0 125.0 365.0 152.0
182.0 407.0 179.0 421.0
376.0 105.0 370.0 132.0
208.0 55.0 203.0 81.0
208.0 56.0 203.0 81.0
443.0 118.0 434.0 145.0
464.0 261.0 458.0 281.0
256.0 257.0 252.0 278.0
373.0 126.0 366.0 151.0
214.0 140.0 210.0 163.0
419.0 510.0 413.0 530.0
213.0 141.0 209.0 163.0
373.0 125.0 365.0 152.0
359.0 67.0 353.0 95.0
419.0 511.0 413.0 530.0
145.0 598.0 143.0 615.0
360.0 67.0 353.0 95.0
145.0 599.0 143.0 615.0
255.0 9.0 254.0 20.0
182.0 408.0 179.0 421.0
255.0 257.0 252.0 278.0
359.0 68.0 353.0 95.0
255.0 256.0 252.0 278.0
376.0 104.0 369.0 131.0
375.0 105.0 369.0 131.0
116.0 154.0 128.0 173.0
468.0 134.0 458.0 164.0
254.0 8.0 254.0 20.0
208.0 54.0 203.0 81.0
146.0 597.0 143.0 615.0
444.0 120.0 435.0 144.0
444.0 119.0 434.0 145.0
145.0 597.0 143.0 615.0
115.0 154.0 128.0 173.0
468.0 133.0 458.0 164.0
360.0 68.0 353.0 95.0
443.0 119.0 434.0 145.0
256.0 256.0 252.0 278.0
255.0 8.0 254.0 20.0
254.0 7.0 254.0 20.0
442.0 120.0 434.0 145.0
255.0 7.0 254.0 20.0
375.0 104.0 369.0 131.0
464.0 262.0 458.0 281.0
443.0 120.0 434.0 145.0
115.0 153.0 128.0 173.0
146.0 596.0 143.0 615.0
255.0 6.0 254.0 20.0
183.0 408.0 179.0 421.0
209.0 55.0 203.0 81.0
374.0 126.0 366.0 151.0
243.0 179.0 241.0 193.0
442.0 119.0 434.0 145.0
256.0 7.0 254.0 20.0
374.0 125.0 365.0 152.0
114.0 153.0 128.0 173.0
142.0 453.0 144.0 467.0
265.0 434.0 257.0 459.0
256.0 8.0 254.0 20.0
204.0 127.0 201.0 158.0
142.0 452.0 144.0 466.0
266.0 434.0 257.0 459.0
195.0 202.0 191.0 229.0
420.0 511.0 413.0 530.0
313.0 118.0 317.0 129.0
266.0 433.0 257.0 459.0
141.0 451.0 144.0 466.0
398.0 283.0 391.0 308.0
143.0 142.0 158.0 161.0
143.0 157.0 129.0 174.0
398.0 282.0 391.0 308.0
265.0 433.0 257.0 459.0
141.0 452.0 144.0 466.0
312.0 118.0 317.0 129.0
311.0 119.0 317.0 129.0
141.0 453.0 144.0 466.0
399.0 282.0 391.0 308.0
23.0 453.0 18.0 448.0
312.0 119.0 317.0 129.0
192.0 220.0 189.0 230.0
290.0 93.0 300.0 112.0
143.0 141.0 158.0 161.0
404.0 371.0 387.0 370.0
134.0 233.0 132.0 242.0
23.0 454.0 18.0 448.0
135.0 233.0 132.0 242.0
191.0 221.0 189.0 230.0
311.0 120.0 317.0 129.0
24.0 454.0 18.0 448.0
122.0 139.0 111.0 158.0
134.0 234.0 132.0 242.0
404.0 372.0 387.0 370.0
190.0 221.0 189.0 230.0
122.0 140.0 111.0 158.0
142.0 141.0 158.0 161.0
