218.0 430.0 196.0 433.0
452.0 9.0 450.0 12.0
165.0 602.0 138.0 602.0
281.0 435.0 259.0 442.0
219.0 431.0 196.0 433.0
124.0 589.0 95.0 590.0
166.0 601.0 138.0 602.0
452.0 8.0 450.0 12.0
452.0 7.0 450.0 12.0
453.0 9.0 450.0 12.0
282.0 435.0 259.0 442.0
218.0 431.0 196.0 433.0
452.0 6.0 450.0 12.0
453.0 8.0 451.0 12.0
215.0 625.0 188.0 628.0
281.0 436.0 260.0 443.0
314.0 33.0 311.0 30.0
220.0 430.0 197.0 432.0
283.0 436.0 262.0 443.0
389.0 529.0 365.0 541.0
282.0 436.0 261.0 443.0
123.0 589.0 95.0 590.0
245.0 145.0 237.0 144.0
202.0 614.0 172.0 617.0
216.0 626.0 187.0 628.0
453.0 7.0 451.0 12.0
124.0 588.0 95.0 589.0
219.0 430.0 196.0 433.0
180.0 436.0 156.0 436.0
216.0 625.0 188.0 628.0
166.0 602.0 138.0 602.0
217.0 431.0 196.0 433.0
315.0 33.0 310.0 31.0
202.0 613.0 172.0 617.0
102.0 487.0 78.0 485.0
201.0 613.0 172.0 617.0
366.0 16.0 364.0 15.0
167.0 512.0 142.0 513.0
367.0 15.0 364.0 15.0
166.0 510.0 142.0 513.0
113.0 571.0 84.0 570.0
365.0 15.0 363.0 16.0
424.0 73.0 419.0 76.0
217.0 430.0 196.0 433.0
166.0 512.0 142.0 513.0
201.0 612.0 172.0 617.0
424.0 72.0 419.0 76.0
314.0 32.0 311.0 30.0
360.0 76.0 355.0 76.0
365.0 14.0 363.0 16.0
366.0 15.0 363.0 16.0
367.0 14.0 364.0 15.0
129.0 519.0 107.0 519.0
182.0 610.0 153.0 612.0
139.0 581.0 109.0 582.0
387.0 529.0 364.0 541.0
201.0 614.0 172.0 617.0
114.0 571.0 84.0 570.0
388.0 529.0 364.0 541.0
423.0 72.0 419.0 76.0
113.0 572.0 84.0 571.0
102.0 488.0 78.0 485.0
139.0 582.0 109.0 582.0
179.0 436.0 156.0 436.0
315.0 32.0 312.0 30.0
366.0 14.0 363.0 16.0
368.0 15.0 365.0 15.0
166.0 511.0 142.0 513.0
164.0 370.0 142.0 369.0
337.0 404.0 317.0 414.0
129.0 518.0 107.0 519.0
200.0 612.0 172.0 617.0
389.0 530.0 365.0 541.0
200.0 613.0 172.0 617.0
338.0 405.0 317.0 414.0
388.0 530.0 365.0 541.0
316.0 32.0 312.0 30.0
181.0 436.0 157.0 436.0
339.0 403.0 317.0 414.0
167.0 513.0 142.0 513.0
167.0 511.0 142.0 513.0
338.0 403.0 317.0 414.0
166.0 513.0 142.0 513.0
337.0 403.0 317.0 414.0
361.0 75.0 355.0 76.0
360.0 75.0 355.0 76.0
252.0 367.0 234.0 371.0
102.0 489.0 78.0 485.0
200.0 614.0 172.0 617.0
334.0 24.0 331.0 23.0
262.0 429.0 242.0 435.0
359.0 76.0 355.0 76.0
142.0 566.0 114.0 565.0
142.0 565.0 114.0 565.0
254.0 409.0 235.0 413.0
339.0 404.0 317.0 414.0
451.0 25.0 448.0 29.0
360.0 77.0 355.0 76.0
78.0 520.0 51.0 520.0
338.0 404.0 317.0 414.0
387.0 530.0 364.0 541.0
451.0 26.0 449.0 32.0
192.0 506.0 169.0 507.0
361.0 76.0 355.0 76.0
362.0 76.0 355.0 76.0
103.0 488.0 79.0 485.0
253.0 367.0 234.0 371.0
276.0 66.0 272.0 62.0
165.0 371.0 142.0 369.0
81.0 253.0 63.0 245.0
100.0 253.0 83.0 246.0
109.0 347.0 90.0 344.0
164.0 371.0 143.0 370.0
138.0 582.0 109.0 582.0
313.0 366.0 296.0 373.0
70.0 340.0 51.0 334.0
108.0 472.0 84.0 470.0
263.0 429.0 243.0 435.0
359.0 77.0 355.0 76.0
165.0 372.0 143.0 370.0
452.0 26.0 449.0 32.0
114.0 572.0 84.0 571.0
263.0 428.0 242.0 435.0
138.0 581.0 109.0 582.0
165.0 370.0 142.0 368.0
453.0 26.0 449.0 32.0
109.0 472.0 84.0 470.0
333.0 25.0 331.0 23.0
276.0 65.0 270.0 61.0
254.0 526.0 230.0 533.0
465.0 71.0 462.0 77.0
101.0 252.0 83.0 246.0
361.0 77.0 355.0 76.0
108.0 347.0 90.0 344.0
80.0 254.0 63.0 245.0
77.0 521.0 51.0 520.0
79.0 521.0 51.0 520.0
253.0 409.0 235.0 413.0
388.0 531.0 365.0 541.0
277.0 66.0 272.0 62.0
166.0 370.0 142.0 368.0
334.0 25.0 331.0 23.0
107.0 347.0 90.0 344.0
465.0 70.0 462.0 77.0
100.0 252.0 82.0 246.0
103.0 489.0 79.0 485.0
252.0 408.0 233.0 413.0
108.0 346.0 90.0 344.0
115.0 571.0 84.0 570.0
71.0 340.0 51.0 335.0
277.0 65.0 272.0 62.0
113.0 573.0 84.0 571.0
99.0 252.0 82.0 246.0
333.0 24.0 331.0 23.0
451.0 24.0 448.0 29.0
304.0 99.0 297.0 98.0
466.0 70.0 462.0 77.0
452.0 24.0 448.0 29.0
284.0 601.0 258.0 610.0
140.0 483.0 114.0 482.0
467.0 70.0 462.0 77.0
279.0 153.0 272.0 154.0
101.0 253.0 83.0 246.0
154.0 499.0 127.0 499.0
466.0 69.0 462.0 77.0
112.0 572.0 84.0 571.0
114.0 379.0 92.0 374.0
78.0 521.0 51.0 520.0
278.0 65.0 272.0 61.0
452.0 25.0 449.0 32.0
79.0 253.0 63.0 245.0
253.0 408.0 235.0 413.0
466.0 71.0 462.0 77.0
254.0 408.0 235.0 413.0
262.0 428.0 242.0 435.0
80.0 253.0 63.0 245.0
319.0 65.0 318.0 63.0
304.0 98.0 297.0 98.0
141.0 566.0 114.0 565.0
139.0 483.0 114.0 482.0
427.0 49.0 425.0 53.0
78.0 522.0 51.0 520.0
280.0 153.0 272.0 154.0
371.0 574.0 340.0 587.0
427.0 50.0 425.0 53.0
256.0 527.0 230.0 532.0
143.0 516.0 117.0 515.0
314.0 365.0 297.0 372.0
467.0 71.0 462.0 77.0
154.0 498.0 126.0 498.0
115.0 572.0 84.0 571.0
320.0 66.0 318.0 63.0
128.0 518.0 107.0 519.0
114.0 378.0 91.0 374.0
263.0 91.0 256.0 88.0
281.0 153.0 272.0 154.0
371.0 573.0 340.0 587.0
428.0 48.0 425.0 52.0
428.0 49.0 425.0 53.0
293.0 122.0 286.0 121.0
294.0 123.0 287.0 121.0
70.0 557.0 41.0 552.0
314.0 366.0 297.0 372.0
298.0 427.0 274.0 437.0
141.0 567.0 114.0 566.0
322.0 64.0 318.0 62.0
303.0 98.0 297.0 97.0
282.0 153.0 272.0 154.0
321.0 65.0 318.0 63.0
262.0 91.0 256.0 88.0
140.0 484.0 114.0 482.0
268.0 136.0 260.0 133.0
280.0 152.0 272.0 154.0
307.0 404.0 290.0 413.0
285.0 90.0 277.0 86.0
298.0 41.0 294.0 38.0
268.0 135.0 260.0 133.0
256.0 526.0 230.0 532.0
299.0 41.0 294.0 38.0
286.0 518.0 267.0 524.0
281.0 152.0 272.0 154.0
323.0 88.0 316.0 86.0
153.0 498.0 126.0 498.0
428.0 50.0 425.0 53.0
429.0 48.0 425.0 52.0
298.0 40.0 294.0 38.0
320.0 64.0 318.0 63.0
307.0 405.0 290.0 413.0
328.0 389.0 309.0 396.0
321.0 64.0 318.0 63.0
293.0 123.0 286.0 121.0
320.0 65.0 318.0 63.0
255.0 526.0 230.0 532.0
327.0 389.0 309.0 396.0
302.0 98.0 297.0 97.0
262.0 90.0 256.0 88.0
307.0 406.0 290.0 413.0
322.0 88.0 316.0 86.0
139.0 484.0 114.0 482.0
284.0 518.0 262.0 526.0
303.0 99.0 297.0 98.0
81.0 341.0 52.0 335.0
299.0 40.0 294.0 38.0
285.0 518.0 262.0 526.0
315.0 365.0 297.0 372.0
69.0 557.0 41.0 552.0
326.0 389.0 309.0 396.0
319.0 64.0 318.0 63.0
80.0 252.0 63.0 245.0
115.0 378.0 91.0 374.0
141.0 565.0 114.0 565.0
372.0 573.0 340.0 587.0
318.0 499.0 299.0 506.0
143.0 515.0 117.0 515.0
297.0 40.0 294.0 38.0
144.0 515.0 117.0 515.0
302.0 99.0 297.0 98.0
429.0 50.0 425.0 53.0
322.0 87.0 316.0 85.0
322.0 65.0 318.0 64.0
328.0 390.0 310.0 397.0
316.0 365.0 297.0 372.0
68.0 557.0 41.0 552.0
327.0 390.0 309.0 396.0
153.0 499.0 127.0 499.0
321.0 88.0 316.0 85.0
69.0 555.0 41.0 552.0
257.0 527.0 230.0 532.0
69.0 556.0 41.0 552.0
326.0 390.0 307.0 397.0
68.0 556.0 41.0 552.0
70.0 556.0 41.0 552.0
291.0 517.0 267.0 524.0
429.0 49.0 425.0 53.0
321.0 87.0 316.0 85.0
315.0 366.0 297.0 372.0
152.0 498.0 126.0 498.0
286.0 543.0 260.0 551.0
372.0 574.0 340.0 587.0
306.0 404.0 290.0 413.0
115.0 379.0 92.0 374.0
138.0 483.0 114.0 482.0
284.0 542.0 260.0 551.0
206.0 70.0 199.0 65.0
140.0 566.0 114.0 566.0
306.0 406.0 290.0 413.0
257.0 526.0 230.0 532.0
145.0 515.0 117.0 515.0
285.0 542.0 260.0 551.0
306.0 405.0 290.0 413.0
285.0 89.0 277.0 86.0
373.0 574.0 340.0 587.0
284.0 88.0 276.0 85.0
152.0 499.0 127.0 499.0
305.0 540.0 278.0 548.0
286.0 542.0 260.0 551.0
373.0 573.0 340.0 587.0
284.0 89.0 276.0 85.0
305.0 541.0 278.0 548.0
283.0 88.0 276.0 85.0
316.0 366.0 297.0 372.0
284.0 90.0 276.0 85.0
82.0 341.0 52.0 335.0
283.0 89.0 276.0 85.0
292.0 517.0 267.0 524.0
303.0 541.0 278.0 548.0
140.0 565.0 114.0 565.0
304.0 541.0 278.0 548.0
285.0 88.0 276.0 85.0
208.0 628.0 188.0 629.0
318.0 115.0 313.0 115.0
292.0 516.0 267.0 524.0
319.0 115.0 313.0 115.0
304.0 540.0 278.0 548.0
317.0 115.0 313.0 115.0
284.0 543.0 260.0 551.0
318.0 117.0 313.0 115.0
285.0 543.0 260.0 551.0
306.0 55.0 302.0 52.0
317.0 116.0 313.0 115.0
319.0 117.0 313.0 115.0
318.0 116.0 313.0 115.0
293.0 516.0 267.0 524.0
430.0 49.0 425.0 53.0
317.0 117.0 313.0 115.0
430.0 48.0 425.0 52.0
319.0 116.0 313.0 115.0
293.0 517.0 267.0 524.0
303.0 540.0 278.0 548.0
50.0 71.0 36.0 57.0
51.0 72.0 36.0 57.0
334.0 618.0 308.0 620.0
332.0 141.0 325.0 141.0
333.0 142.0 325.0 141.0
334.0 617.0 308.0 620.0
335.0 618.0 308.0 620.0
282.0 585.0 256.0 592.0
283.0 585.0 256.0 592.0
283.0 584.0 256.0 592.0
336.0 617.0 308.0 620.0
332.0 142.0 325.0 141.0
63.0 518.0 36.0 514.0
335.0 617.0 308.0 620.0
282.0 584.0 256.0 592.0
133.0 363.0 118.0 360.0
336.0 618.0 308.0 620.0
62.0 517.0 36.0 514.0
61.0 517.0 36.0 514.0
62.0 519.0 36.0 515.0
133.0 362.0 118.0 360.0
281.0 585.0 256.0 592.0
62.0 518.0 36.0 514.0
354.0 35.0 346.0 45.0
281.0 584.0 256.0 592.0
124.0 433.0 112.0 430.0
60.0 338.0 36.0 332.0
59.0 338.0 36.0 332.0
61.0 519.0 36.0 515.0
60.0 518.0 36.0 515.0
19.0 211.0 10.0 198.0
59.0 339.0 36.0 332.0
123.0 433.0 112.0 430.0
124.0 434.0 112.0 430.0
20.0 211.0 10.0 198.0
61.0 518.0 36.0 514.0
45.0 205.0 29.0 195.0
123.0 434.0 112.0 430.0
129.0 399.0 103.0 397.0
20.0 212.0 10.0 198.0
123.0 435.0 112.0 430.0
259.0 542.0 230.0 532.0
258.0 542.0 230.0 532.0
260.0 542.0 230.0 532.0
260.0 543.0 230.0 532.0
19.0 212.0 10.0 198.0
40.0 538.0 14.0 535.0
60.0 339.0 36.0 332.0
151.0 397.0 128.0 389.0
130.0 399.0 103.0 397.0
379.0 26.0 364.0 17.0
141.0 438.0 112.0 430.0
379.0 27.0 364.0 17.0
41.0 538.0 14.0 535.0
48.0 334.0 35.0 332.0
351.0 610.0 308.0 620.0
259.0 543.0 230.0 532.0
141.0 439.0 112.0 430.0
40.0 539.0 14.0 535.0
42.0 538.0 14.0 535.0
42.0 539.0 14.0 535.0
31.0 567.0 15.0 569.0
142.0 438.0 112.0 430.0
351.0 611.0 308.0 620.0
15.0 369.0 5.0 361.0
41.0 539.0 14.0 535.0
142.0 439.0 112.0 430.0
151.0 398.0 128.0 389.0
112.0 8.0 118.0 8.0
38.0 219.0 29.0 196.0
143.0 438.0 112.0 430.0
