191.0 258.0 191.0 257.0
205.0 248.0 205.0 247.0
323.0 350.0 324.0 354.0
204.0 248.0 204.0 246.0
191.0 257.0 190.0 256.0
192.0 258.0 191.0 257.0
79.0 624.0 77.0 624.0
192.0 257.0 190.0 256.0
188.0 325.0 187.0 325.0
187.0 460.0 185.0 460.0
80.0 624.0 79.0 625.0
186.0 460.0 185.0 460.0
167.0 325.0 167.0 324.0
134.0 349.0 132.0 349.0
80.0 625.0 79.0 625.0
79.0 625.0 77.0 624.0
249.0 595.0 246.0 597.0
278.0 70.0 278.0 67.0
324.0 350.0 324.0 354.0
249.0 594.0 246.0 597.0
277.0 69.0 278.0 67.0
186.0 459.0 185.0 460.0
145.0 405.0 144.0 404.0
187.0 459.0 185.0 460.0
185.0 566.0 183.0 568.0
187.0 325.0 187.0 325.0
141.0 239.0 140.0 237.0
78.0 625.0 77.0 624.0
192.0 256.0 190.0 256.0
113.0 372.0 113.0 373.0
277.0 70.0 278.0 67.0
308.0 439.0 308.0 443.0
133.0 349.0 132.0 349.0
278.0 68.0 279.0 65.0
325.0 350.0 325.0 354.0
113.0 373.0 113.0 374.0
172.0 306.0 171.0 305.0
168.0 325.0 168.0 325.0
51.0 276.0 49.0 272.0
118.0 478.0 116.0 479.0
80.0 626.0 78.0 626.0
97.0 64.0 96.0 58.0
278.0 69.0 279.0 66.0
51.0 277.0 49.0 272.0
140.0 239.0 140.0 236.0
268.0 317.0 268.0 319.0
220.0 383.0 219.0 384.0
248.0 595.0 246.0 597.0
79.0 626.0 77.0 625.0
42.0 607.0 39.0 610.0
324.0 349.0 324.0 354.0
133.0 350.0 132.0 350.0
263.0 378.0 263.0 380.0
248.0 594.0 246.0 597.0
146.0 633.0 144.0 633.0
185.0 567.0 183.0 568.0
132.0 349.0 131.0 349.0
114.0 374.0 113.0 374.0
82.0 565.0 79.0 567.0
89.0 512.0 84.0 513.0
267.0 316.0 267.0 318.0
264.0 378.0 263.0 380.0
279.0 69.0 279.0 66.0
118.0 479.0 116.0 479.0
127.0 429.0 126.0 429.0
140.0 240.0 139.0 237.0
367.0 327.0 368.0 332.0
156.0 230.0 155.0 227.0
117.0 478.0 116.0 479.0
96.0 64.0 96.0 57.0
185.0 568.0 183.0 568.0
113.0 374.0 113.0 374.0
141.0 368.0 139.0 367.0
88.0 511.0 84.0 513.0
114.0 372.0 113.0 373.0
52.0 276.0 49.0 272.0
127.0 428.0 126.0 428.0
267.0 317.0 268.0 319.0
134.0 350.0 132.0 350.0
87.0 512.0 84.0 513.0
41.0 608.0 39.0 610.0
141.0 367.0 139.0 367.0
169.0 325.0 168.0 325.0
338.0 116.0 342.0 114.0
97.0 63.0 96.0 58.0
267.0 318.0 267.0 319.0
88.0 512.0 84.0 513.0
430.0 467.0 432.0 478.0
114.0 373.0 113.0 374.0
219.0 542.0 217.0 544.0
185.0 43.0 186.0 35.0
140.0 241.0 140.0 237.0
138.0 319.0 136.0 318.0
127.0 427.0 126.0 428.0
218.0 542.0 217.0 544.0
123.0 548.0 121.0 549.0
230.0 533.0 229.0 536.0
156.0 231.0 155.0 228.0
42.0 608.0 39.0 610.0
146.0 303.0 144.0 302.0
268.0 318.0 268.0 319.0
325.0 349.0 325.0 354.0
307.0 439.0 308.0 443.0
137.0 478.0 135.0 479.0
132.0 350.0 131.0 349.0
119.0 478.0 116.0 479.0
219.0 541.0 217.0 544.0
366.0 326.0 368.0 332.0
157.0 230.0 155.0 227.0
337.0 116.0 342.0 114.0
138.0 478.0 135.0 479.0
133.0 351.0 131.0 350.0
172.0 546.0 170.0 546.0
183.0 424.0 182.0 426.0
448.0 426.0 451.0 435.0
185.0 42.0 186.0 35.0
141.0 240.0 140.0 237.0
186.0 42.0 186.0 35.0
115.0 373.0 113.0 374.0
218.0 541.0 217.0 544.0
294.0 53.0 297.0 48.0
231.0 533.0 229.0 536.0
43.0 607.0 39.0 610.0
14.0 545.0 11.0 543.0
83.0 565.0 79.0 567.0
294.0 52.0 297.0 48.0
43.0 608.0 39.0 610.0
296.0 52.0 297.0 48.0
53.0 493.0 50.0 494.0
249.0 524.0 247.0 529.0
172.0 545.0 170.0 546.0
171.0 544.0 169.0 545.0
69.0 512.0 67.0 514.0
146.0 302.0 144.0 302.0
409.0 246.0 413.0 252.0
387.0 609.0 387.0 619.0
13.0 544.0 11.0 543.0
140.0 368.0 139.0 367.0
182.0 425.0 180.0 426.0
96.0 63.0 95.0 57.0
140.0 367.0 139.0 367.0
449.0 426.0 451.0 435.0
388.0 609.0 387.0 619.0
138.0 188.0 138.0 186.0
97.0 380.0 95.0 381.0
233.0 514.0 231.0 517.0
171.0 545.0 170.0 546.0
213.0 585.0 212.0 588.0
42.0 192.0 40.0 187.0
201.0 522.0 198.0 524.0
70.0 92.0 68.0 85.0
43.0 193.0 41.0 187.0
425.0 262.0 428.0 268.0
361.0 261.0 363.0 264.0
338.0 115.0 342.0 114.0
145.0 303.0 144.0 302.0
367.0 326.0 368.0 332.0
154.0 451.0 152.0 453.0
431.0 468.0 432.0 479.0
65.0 299.0 63.0 296.0
315.0 418.0 314.0 421.0
360.0 260.0 363.0 264.0
295.0 52.0 297.0 48.0
361.0 260.0 363.0 264.0
126.0 428.0 126.0 428.0
14.0 544.0 11.0 543.0
448.0 425.0 451.0 435.0
144.0 302.0 143.0 301.0
214.0 586.0 212.0 588.0
387.0 610.0 387.0 619.0
315.0 417.0 314.0 421.0
97.0 381.0 95.0 381.0
214.0 585.0 212.0 588.0
43.0 192.0 41.0 187.0
13.0 543.0 11.0 542.0
213.0 586.0 212.0 588.0
366.0 327.0 368.0 332.0
232.0 514.0 230.0 516.0
139.0 368.0 138.0 368.0
337.0 115.0 342.0 114.0
156.0 527.0 153.0 527.0
213.0 564.0 212.0 567.0
409.0 245.0 413.0 252.0
90.0 316.0 87.0 315.0
133.0 512.0 129.0 513.0
13.0 546.0 11.0 543.0
369.0 398.0 370.0 405.0
296.0 53.0 297.0 48.0
360.0 261.0 363.0 264.0
91.0 291.0 89.0 290.0
233.0 513.0 230.0 516.0
449.0 425.0 451.0 435.0
71.0 92.0 68.0 85.0
184.0 425.0 182.0 426.0
183.0 425.0 182.0 426.0
387.0 608.0 387.0 619.0
155.0 526.0 153.0 527.0
13.0 545.0 11.0 543.0
425.0 261.0 428.0 268.0
135.0 593.0 132.0 594.0
295.0 53.0 297.0 48.0
183.0 426.0 182.0 426.0
144.0 301.0 143.0 301.0
65.0 298.0 63.0 296.0
316.0 418.0 314.0 421.0
52.0 433.0 50.0 433.0
145.0 302.0 144.0 302.0
135.0 88.0 133.0 81.0
135.0 87.0 133.0 81.0
430.0 469.0 432.0 478.0
52.0 492.0 50.0 493.0
91.0 376.0 89.0 377.0
155.0 527.0 153.0 527.0
280.0 473.0 278.0 477.0
156.0 526.0 154.0 527.0
184.0 424.0 182.0 426.0
90.0 376.0 88.0 377.0
138.0 479.0 135.0 479.0
316.0 417.0 314.0 421.0
430.0 468.0 432.0 478.0
409.0 413.0 410.0 421.0
91.0 377.0 89.0 377.0
53.0 492.0 50.0 493.0
279.0 473.0 278.0 477.0
246.0 373.0 246.0 377.0
424.0 261.0 428.0 268.0
355.0 311.0 357.0 317.0
360.0 262.0 363.0 264.0
369.0 399.0 370.0 405.0
232.0 513.0 230.0 516.0
200.0 522.0 198.0 524.0
355.0 310.0 357.0 316.0
57.0 367.0 54.0 366.0
247.0 373.0 246.0 377.0
52.0 434.0 50.0 433.0
315.0 416.0 314.0 421.0
365.0 70.0 370.0 65.0
268.0 531.0 267.0 536.0
448.0 424.0 451.0 435.0
51.0 471.0 49.0 473.0
38.0 355.0 37.0 352.0
424.0 262.0 428.0 268.0
338.0 290.0 340.0 293.0
137.0 479.0 135.0 479.0
429.0 467.0 432.0 478.0
31.0 541.0 29.0 541.0
248.0 524.0 247.0 529.0
173.0 306.0 171.0 305.0
247.0 374.0 246.0 377.0
59.0 621.0 56.0 623.0
138.0 187.0 138.0 186.0
337.0 114.0 342.0 114.0
60.0 621.0 57.0 623.0
354.0 310.0 356.0 316.0
246.0 374.0 246.0 376.0
30.0 542.0 29.0 541.0
248.0 374.0 246.0 377.0
145.0 301.0 143.0 301.0
136.0 88.0 133.0 81.0
87.0 412.0 85.0 411.0
87.0 411.0 85.0 411.0
437.0 270.0 442.0 277.0
32.0 542.0 29.0 541.0
139.0 187.0 138.0 186.0
213.0 565.0 212.0 567.0
136.0 87.0 133.0 81.0
301.0 397.0 302.0 401.0
268.0 532.0 267.0 536.0
51.0 472.0 49.0 473.0
354.0 311.0 357.0 317.0
76.0 51.0 74.0 44.0
13.0 398.0 10.0 394.0
144.0 303.0 143.0 301.0
139.0 186.0 138.0 186.0
85.0 431.0 82.0 430.0
16.0 283.0 15.0 279.0
16.0 281.0 15.0 277.0
429.0 468.0 431.0 479.0
31.0 542.0 29.0 541.0
53.0 433.0 51.0 432.0
401.0 372.0 403.0 380.0
39.0 356.0 37.0 352.0
84.0 431.0 82.0 430.0
401.0 373.0 403.0 380.0
66.0 300.0 63.0 296.0
120.0 459.0 119.0 461.0
339.0 289.0 340.0 293.0
187.0 26.0 188.0 18.0
60.0 620.0 57.0 623.0
214.0 565.0 212.0 568.0
43.0 404.0 41.0 402.0
66.0 299.0 63.0 296.0
235.0 389.0 234.0 391.0
38.0 356.0 37.0 352.0
294.0 27.0 296.0 19.0
437.0 271.0 442.0 277.0
86.0 430.0 83.0 429.0
16.0 282.0 15.0 278.0
65.0 300.0 63.0 296.0
30.0 543.0 29.0 541.0
57.0 368.0 54.0 366.0
17.0 283.0 15.0 278.0
13.0 316.0 12.0 312.0
438.0 270.0 442.0 277.0
35.0 324.0 33.0 320.0
294.0 25.0 296.0 19.0
197.0 633.0 194.0 635.0
294.0 26.0 296.0 19.0
293.0 26.0 296.0 19.0
155.0 450.0 152.0 453.0
438.0 269.0 442.0 277.0
17.0 281.0 15.0 277.0
295.0 26.0 296.0 19.0
246.0 375.0 246.0 377.0
281.0 37.0 282.0 31.0
235.0 388.0 234.0 391.0
138.0 186.0 138.0 186.0
60.0 512.0 57.0 514.0
137.0 187.0 138.0 186.0
34.0 324.0 33.0 320.0
82.0 468.0 79.0 469.0
85.0 430.0 82.0 430.0
402.0 372.0 404.0 380.0
260.0 393.0 260.0 398.0
437.0 269.0 441.0 276.0
53.0 238.0 52.0 235.0
409.0 412.0 410.0 421.0
332.0 567.0 331.0 574.0
308.0 512.0 307.0 518.0
17.0 282.0 15.0 278.0
261.0 394.0 260.0 398.0
397.0 214.0 400.0 218.0
119.0 459.0 118.0 461.0
303.0 560.0 302.0 566.0
368.0 399.0 370.0 405.0
56.0 367.0 54.0 366.0
204.0 14.0 205.0 6.0
22.0 303.0 20.0 299.0
332.0 568.0 331.0 574.0
205.0 14.0 205.0 6.0
254.0 451.0 254.0 454.0
42.0 404.0 41.0 402.0
333.0 568.0 331.0 574.0
248.0 375.0 246.0 377.0
247.0 375.0 246.0 377.0
339.0 290.0 340.0 294.0
349.0 276.0 351.0 282.0
75.0 51.0 74.0 44.0
349.0 277.0 351.0 282.0
234.0 389.0 234.0 391.0
333.0 567.0 331.0 574.0
302.0 560.0 302.0 566.0
274.0 467.0 273.0 472.0
402.0 373.0 403.0 380.0
23.0 303.0 20.0 299.0
32.0 543.0 29.0 541.0
126.0 298.0 125.0 297.0
396.0 214.0 400.0 218.0
52.0 238.0 51.0 234.0
302.0 561.0 302.0 566.0
204.0 15.0 205.0 6.0
302.0 562.0 302.0 566.0
260.0 394.0 260.0 397.0
350.0 277.0 351.0 282.0
28.0 454.0 24.0 459.0
137.0 186.0 138.0 186.0
31.0 543.0 29.0 541.0
306.0 482.0 306.0 487.0
303.0 561.0 302.0 566.0
309.0 512.0 307.0 518.0
205.0 15.0 205.0 6.0
255.0 452.0 254.0 454.0
349.0 278.0 351.0 282.0
306.0 483.0 306.0 487.0
255.0 451.0 254.0 454.0
255.0 450.0 254.0 454.0
307.0 482.0 306.0 487.0
360.0 545.0 360.0 551.0
83.0 468.0 79.0 469.0
76.0 52.0 74.0 44.0
307.0 483.0 306.0 487.0
303.0 562.0 302.0 566.0
361.0 545.0 360.0 551.0
52.0 206.0 50.0 201.0
75.0 52.0 74.0 44.0
122.0 422.0 125.0 428.0
19.0 587.0 11.0 593.0
75.0 53.0 74.0 44.0
346.0 38.0 350.0 32.0
76.0 53.0 74.0 44.0
20.0 587.0 11.0 593.0
47.0 303.0 35.0 292.0
21.0 587.0 11.0 593.0
407.0 261.0 413.0 252.0
407.0 260.0 413.0 252.0
406.0 261.0 413.0 252.0
53.0 525.0 57.0 514.0
53.0 524.0 57.0 514.0
52.0 524.0 57.0 514.0
380.0 60.0 370.0 65.0
166.0 610.0 160.0 624.0
167.0 610.0 160.0 624.0
376.0 93.0 342.0 114.0
402.0 268.0 412.0 252.0
380.0 59.0 370.0 65.0
52.0 525.0 57.0 514.0
381.0 59.0 370.0 65.0
381.0 58.0 370.0 64.0
128.0 247.0 140.0 237.0
128.0 246.0 140.0 237.0
