332.0 187.0 332.0 205.0
332.0 186.0 332.0 204.0
101.0 80.0 101.0 109.0
101.0 79.0 101.0 109.0
244.0 261.0 248.0 282.0
267.0 214.0 267.0 233.0
266.0 213.0 267.0 233.0
266.0 214.0 267.0 233.0
267.0 215.0 268.0 232.0
101.0 78.0 101.0 109.0
244.0 260.0 248.0 282.0
265.0 214.0 267.0 233.0
266.0 215.0 267.0 233.0
244.0 262.0 248.0 282.0
243.0 257.0 244.0 276.0
266.0 246.0 269.0 267.0
224.0 484.0 235.0 506.0
383.0 399.0 393.0 414.0
244.0 259.0 248.0 282.0
197.0 554.0 210.0 581.0
267.0 247.0 269.0 267.0
224.0 483.0 235.0 505.0
340.0 138.0 338.0 156.0
384.0 400.0 393.0 414.0
383.0 400.0 393.0 414.0
340.0 139.0 338.0 156.0
384.0 399.0 393.0 414.0
265.0 215.0 267.0 233.0
159.0 317.0 164.0 338.0
339.0 138.0 337.0 157.0
198.0 554.0 211.0 581.0
197.0 555.0 210.0 582.0
225.0 483.0 235.0 506.0
243.0 258.0 244.0 276.0
266.0 216.0 267.0 233.0
225.0 484.0 235.0 506.0
266.0 248.0 269.0 267.0
243.0 259.0 247.0 281.0
197.0 553.0 210.0 581.0
69.0 74.0 69.0 100.0
266.0 247.0 269.0 267.0
339.0 139.0 337.0 157.0
198.0 555.0 211.0 581.0
69.0 73.0 69.0 100.0
158.0 318.0 164.0 338.0
225.0 485.0 235.0 506.0
385.0 400.0 394.0 415.0
224.0 482.0 235.0 505.0
198.0 553.0 211.0 581.0
345.0 381.0 352.0 397.0
404.0 387.0 413.0 402.0
340.0 140.0 338.0 156.0
345.0 382.0 352.0 397.0
107.0 236.0 111.0 261.0
403.0 387.0 413.0 402.0
384.0 401.0 394.0 416.0
210.0 339.0 216.0 359.0
344.0 381.0 352.0 397.0
159.0 318.0 164.0 338.0
260.0 554.0 273.0 577.0
108.0 236.0 111.0 261.0
415.0 109.0 411.0 128.0
6.0 139.0 9.0 171.0
385.0 401.0 394.0 416.0
404.0 386.0 413.0 402.0
29.0 67.0 30.0 98.0
5.0 139.0 9.0 171.0
292.0 559.0 305.0 580.0
261.0 555.0 275.0 579.0
108.0 237.0 111.0 261.0
29.0 69.0 30.0 98.0
344.0 382.0 352.0 397.0
260.0 555.0 273.0 577.0
261.0 556.0 275.0 579.0
403.0 386.0 413.0 402.0
210.0 340.0 216.0 359.0
403.0 385.0 413.0 402.0
157.0 318.0 164.0 338.0
211.0 339.0 216.0 358.0
323.0 353.0 330.0 370.0
29.0 66.0 30.0 98.0
210.0 341.0 216.0 359.0
131.0 258.0 135.0 282.0
131.0 257.0 135.0 282.0
107.0 235.0 110.0 261.0
5.0 140.0 9.0 171.0
5.0 141.0 9.0 171.0
6.0 140.0 9.0 171.0
157.0 319.0 164.0 338.0
73.0 162.0 75.0 188.0
262.0 555.0 275.0 579.0
415.0 110.0 411.0 128.0
6.0 141.0 9.0 171.0
70.0 73.0 69.0 100.0
292.0 560.0 305.0 580.0
29.0 68.0 30.0 98.0
323.0 352.0 330.0 370.0
266.0 305.0 270.0 323.0
267.0 307.0 270.0 323.0
29.0 70.0 30.0 100.0
28.0 66.0 30.0 98.0
72.0 162.0 75.0 188.0
285.0 539.0 298.0 560.0
180.0 255.0 183.0 280.0
288.0 544.0 299.0 561.0
29.0 65.0 30.0 98.0
355.0 129.0 353.0 148.0
286.0 539.0 299.0 561.0
261.0 554.0 274.0 577.0
266.0 306.0 270.0 323.0
131.0 259.0 135.0 282.0
355.0 131.0 353.0 150.0
322.0 353.0 330.0 370.0
70.0 74.0 69.0 100.0
322.0 352.0 330.0 370.0
355.0 130.0 353.0 148.0
260.0 556.0 273.0 577.0
130.0 257.0 134.0 282.0
267.0 305.0 270.0 323.0
345.0 383.0 352.0 397.0
291.0 558.0 305.0 580.0
361.0 370.0 368.0 386.0
92.0 192.0 94.0 217.0
107.0 237.0 111.0 261.0
72.0 161.0 75.0 188.0
28.0 65.0 30.0 98.0
179.0 256.0 183.0 280.0
345.0 384.0 352.0 399.0
414.0 109.0 411.0 128.0
279.0 299.0 283.0 318.0
29.0 71.0 29.0 100.0
414.0 110.0 411.0 128.0
267.0 306.0 270.0 323.0
223.0 482.0 235.0 505.0
224.0 481.0 235.0 505.0
323.0 351.0 331.0 370.0
171.0 379.0 176.0 397.0
399.0 152.0 396.0 169.0
356.0 132.0 353.0 150.0
73.0 164.0 75.0 188.0
324.0 352.0 331.0 370.0
226.0 547.0 239.0 575.0
322.0 354.0 330.0 370.0
415.0 111.0 411.0 128.0
73.0 163.0 75.0 188.0
225.0 314.0 230.0 333.0
192.0 321.0 196.0 341.0
211.0 340.0 216.0 359.0
107.0 238.0 110.0 262.0
192.0 322.0 196.0 341.0
414.0 111.0 411.0 128.0
356.0 131.0 353.0 150.0
108.0 238.0 111.0 264.0
225.0 312.0 230.0 333.0
360.0 370.0 368.0 386.0
119.0 46.0 117.0 76.0
356.0 129.0 353.0 148.0
356.0 128.0 353.0 148.0
321.0 353.0 330.0 370.0
107.0 239.0 110.0 262.0
398.0 151.0 396.0 169.0
291.0 559.0 305.0 580.0
224.0 315.0 229.0 333.0
321.0 352.0 330.0 370.0
288.0 545.0 299.0 561.0
72.0 163.0 75.0 188.0
120.0 46.0 117.0 76.0
291.0 560.0 305.0 580.0
212.0 340.0 216.0 359.0
193.0 322.0 198.0 342.0
252.0 539.0 263.0 559.0
207.0 24.0 204.0 50.0
130.0 259.0 134.0 282.0
118.0 46.0 117.0 76.0
361.0 369.0 368.0 386.0
193.0 321.0 198.0 342.0
344.0 384.0 352.0 399.0
267.0 304.0 270.0 323.0
211.0 341.0 216.0 359.0
225.0 313.0 230.0 333.0
223.0 481.0 234.0 505.0
224.0 313.0 229.0 333.0
190.0 517.0 203.0 544.0
224.0 314.0 229.0 333.0
361.0 371.0 368.0 386.0
344.0 383.0 352.0 397.0
261.0 553.0 274.0 577.0
266.0 304.0 270.0 322.0
130.0 258.0 134.0 282.0
190.0 516.0 203.0 544.0
224.0 480.0 234.0 505.0
72.0 164.0 75.0 188.0
224.0 311.0 229.0 333.0
246.0 371.0 252.0 392.0
289.0 545.0 299.0 561.0
207.0 25.0 204.0 50.0
191.0 320.0 196.0 341.0
207.0 26.0 204.0 50.0
179.0 255.0 182.0 280.0
459.0 65.0 456.0 79.0
262.0 554.0 275.0 579.0
460.0 291.0 464.0 303.0
460.0 292.0 464.0 303.0
192.0 320.0 196.0 341.0
245.0 371.0 252.0 392.0
118.0 45.0 117.0 76.0
192.0 323.0 198.0 342.0
355.0 128.0 353.0 148.0
356.0 130.0 353.0 148.0
245.0 372.0 252.0 392.0
191.0 321.0 196.0 341.0
191.0 319.0 196.0 341.0
225.0 315.0 230.0 333.0
178.0 254.0 182.0 280.0
226.0 314.0 230.0 333.0
131.0 260.0 134.0 282.0
191.0 322.0 196.0 341.0
119.0 44.0 117.0 76.0
288.0 394.0 292.0 416.0
245.0 369.0 252.0 392.0
178.0 255.0 182.0 280.0
245.0 370.0 252.0 392.0
208.0 24.0 204.0 50.0
357.0 129.0 353.0 148.0
120.0 45.0 117.0 76.0
207.0 445.0 215.0 465.0
119.0 45.0 117.0 76.0
360.0 369.0 367.0 385.0
230.0 554.0 245.0 582.0
226.0 315.0 230.0 333.0
463.0 283.0 468.0 287.0
460.0 65.0 456.0 79.0
119.0 43.0 117.0 76.0
212.0 46.0 208.0 73.0
398.0 383.0 405.0 399.0
246.0 370.0 252.0 392.0
207.0 446.0 215.0 465.0
360.0 368.0 367.0 384.0
208.0 23.0 204.0 50.0
461.0 65.0 456.0 79.0
178.0 256.0 182.0 280.0
118.0 44.0 117.0 76.0
192.0 319.0 196.0 341.0
463.0 282.0 468.0 287.0
460.0 66.0 456.0 79.0
229.0 552.0 240.0 575.0
177.0 254.0 182.0 280.0
179.0 254.0 182.0 280.0
397.0 382.0 405.0 399.0
225.0 316.0 229.0 333.0
223.0 480.0 234.0 505.0
357.0 130.0 354.0 150.0
177.0 255.0 182.0 280.0
246.0 369.0 252.0 392.0
229.0 553.0 240.0 575.0
229.0 554.0 245.0 582.0
289.0 546.0 299.0 561.0
118.0 43.0 117.0 76.0
212.0 45.0 208.0 73.0
207.0 444.0 215.0 465.0
282.0 47.0 275.0 71.0
230.0 553.0 245.0 582.0
211.0 45.0 208.0 73.0
359.0 367.0 367.0 384.0
397.0 383.0 405.0 399.0
283.0 47.0 275.0 71.0
186.0 440.0 193.0 460.0
236.0 63.0 233.0 86.0
213.0 45.0 208.0 73.0
185.0 441.0 193.0 460.0
188.0 572.0 201.0 594.0
359.0 368.0 367.0 385.0
266.0 45.0 257.0 68.0
265.0 45.0 257.0 68.0
360.0 367.0 367.0 384.0
189.0 374.0 194.0 395.0
284.0 47.0 275.0 71.0
185.0 440.0 193.0 460.0
304.0 15.0 300.0 35.0
304.0 17.0 300.0 35.0
188.0 571.0 201.0 594.0
282.0 46.0 275.0 71.0
283.0 46.0 275.0 71.0
212.0 44.0 208.0 73.0
172.0 406.0 186.0 442.0
171.0 402.0 186.0 442.0
304.0 16.0 300.0 35.0
444.0 81.0 440.0 95.0
444.0 80.0 440.0 95.0
266.0 46.0 257.0 68.0
245.0 349.0 251.0 374.0
267.0 46.0 257.0 68.0
443.0 81.0 440.0 95.0
189.0 571.0 201.0 594.0
237.0 63.0 233.0 86.0
284.0 46.0 275.0 71.0
117.0 358.0 120.0 373.0
235.0 64.0 232.0 86.0
185.0 439.0 193.0 460.0
266.0 44.0 257.0 68.0
189.0 375.0 194.0 395.0
267.0 45.0 257.0 68.0
443.0 80.0 440.0 95.0
284.0 399.0 292.0 416.0
299.0 573.0 305.0 580.0
208.0 22.0 204.0 50.0
236.0 64.0 233.0 86.0
188.0 374.0 194.0 395.0
190.0 375.0 195.0 395.0
444.0 79.0 455.0 79.0
189.0 376.0 194.0 396.0
189.0 572.0 201.0 594.0
188.0 373.0 194.0 395.0
237.0 64.0 233.0 86.0
298.0 573.0 305.0 580.0
289.0 386.0 292.0 416.0
170.0 401.0 186.0 442.0
298.0 572.0 314.0 597.0
184.0 438.0 193.0 460.0
238.0 64.0 233.0 86.0
208.0 21.0 204.0 50.0
209.0 22.0 204.0 50.0
191.0 20.0 186.0 46.0
188.0 375.0 194.0 395.0
237.0 65.0 233.0 86.0
238.0 65.0 233.0 86.0
191.0 21.0 186.0 46.0
209.0 21.0 204.0 50.0
428.0 66.0 422.0 83.0
189.0 21.0 186.0 46.0
189.0 20.0 186.0 46.0
428.0 67.0 422.0 83.0
236.0 65.0 233.0 86.0
191.0 22.0 184.0 47.0
429.0 66.0 422.0 83.0
243.0 388.0 243.0 414.0
190.0 22.0 184.0 47.0
190.0 20.0 186.0 46.0
188.0 21.0 184.0 47.0
190.0 21.0 186.0 46.0
192.0 460.0 215.0 465.0
189.0 22.0 184.0 47.0
191.0 460.0 215.0 465.0
191.0 461.0 215.0 465.0
192.0 461.0 215.0 465.0
300.0 585.0 314.0 597.0
269.0 202.0 267.0 231.0
243.0 387.0 243.0 414.0
300.0 586.0 314.0 597.0
244.0 388.0 243.0 414.0
285.0 34.0 279.0 59.0
268.0 201.0 267.0 231.0
299.0 586.0 314.0 597.0
192.0 462.0 215.0 465.0
23.0 11.0 20.0 28.0
191.0 462.0 215.0 465.0
270.0 202.0 267.0 231.0
286.0 33.0 300.0 34.0
23.0 12.0 20.0 28.0
269.0 201.0 267.0 231.0
315.0 624.0 314.0 597.0
314.0 626.0 314.0 597.0
122.0 249.0 133.0 280.0
285.0 33.0 279.0 59.0
286.0 34.0 279.0 59.0
230.0 31.0 228.0 58.0
299.0 585.0 314.0 597.0
314.0 625.0 314.0 597.0
22.0 12.0 23.0 48.0
22.0 11.0 20.0 28.0
440.0 53.0 456.0 78.0
315.0 626.0 314.0 597.0
230.0 29.0 163.0 36.0
192.0 463.0 215.0 465.0
229.0 30.0 163.0 36.0
270.0 201.0 267.0 231.0
230.0 30.0 228.0 58.0
315.0 625.0 314.0 597.0
229.0 29.0 163.0 36.0
172.0 596.0 200.0 597.0
259.0 620.0 282.0 613.0
259.0 621.0 282.0 613.0
285.0 563.0 305.0 580.0
