306.0 192.0 304.0 190.0
307.0 193.0 304.0 190.0
306.0 193.0 304.0 190.0
317.0 398.0 317.0 393.0
307.0 191.0 304.0 190.0
308.0 192.0 304.0 190.0
9.0 308.0 11.0 306.0
307.0 192.0 304.0 190.0
9.0 309.0 11.0 306.0
316.0 398.0 317.0 393.0
219.0 261.0 218.0 259.0
439.0 422.0 440.0 413.0
316.0 399.0 317.0 394.0
259.0 240.0 258.0 239.0
8.0 308.0 11.0 306.0
71.0 254.0 71.0 251.0
440.0 422.0 440.0 412.0
8.0 309.0 11.0 306.0
440.0 423.0 440.0 413.0
334.0 394.0 335.0 388.0
70.0 255.0 71.0 252.0
335.0 394.0 336.0 388.0
282.0 184.0 279.0 183.0
439.0 423.0 439.0 413.0
341.0 273.0 338.0 270.0
335.0 395.0 336.0 388.0
428.0 387.0 429.0 378.0
384.0 568.0 390.0 560.0
380.0 510.0 383.0 501.0
317.0 399.0 317.0 394.0
34.0 442.0 38.0 438.0
34.0 167.0 34.0 166.0
439.0 424.0 439.0 413.0
70.0 254.0 71.0 251.0
384.0 567.0 390.0 560.0
340.0 274.0 338.0 270.0
281.0 185.0 279.0 183.0
336.0 394.0 336.0 388.0
341.0 274.0 338.0 270.0
34.0 441.0 37.0 438.0
153.0 368.0 155.0 361.0
71.0 255.0 71.0 251.0
334.0 198.0 330.0 194.0
428.0 386.0 429.0 378.0
429.0 387.0 429.0 378.0
336.0 393.0 336.0 388.0
220.0 40.0 214.0 42.0
379.0 510.0 382.0 501.0
282.0 185.0 278.0 183.0
335.0 197.0 332.0 194.0
335.0 198.0 331.0 195.0
440.0 424.0 441.0 414.0
429.0 386.0 429.0 378.0
92.0 470.0 95.0 464.0
35.0 442.0 38.0 438.0
220.0 262.0 218.0 259.0
154.0 368.0 155.0 361.0
272.0 171.0 270.0 168.0
385.0 567.0 390.0 560.0
283.0 137.0 277.0 136.0
385.0 566.0 390.0 560.0
219.0 262.0 218.0 259.0
328.0 315.0 328.0 311.0
335.0 199.0 331.0 195.0
294.0 372.0 295.0 367.0
62.0 239.0 62.0 238.0
329.0 315.0 328.0 311.0
282.0 186.0 278.0 183.0
342.0 274.0 338.0 270.0
281.0 186.0 278.0 183.0
336.0 198.0 331.0 195.0
35.0 441.0 37.0 438.0
37.0 196.0 37.0 195.0
379.0 509.0 382.0 501.0
334.0 199.0 331.0 195.0
385.0 568.0 390.0 560.0
328.0 314.0 328.0 311.0
35.0 167.0 34.0 166.0
460.0 370.0 460.0 361.0
110.0 346.0 110.0 340.0
35.0 168.0 34.0 166.0
273.0 431.0 275.0 426.0
124.0 541.0 129.0 534.0
410.0 476.0 411.0 466.0
341.0 275.0 338.0 270.0
75.0 535.0 80.0 530.0
312.0 228.0 309.0 225.0
335.0 393.0 336.0 388.0
295.0 372.0 295.0 367.0
152.0 368.0 155.0 361.0
235.0 390.0 238.0 387.0
121.0 364.0 122.0 357.0
283.0 136.0 278.0 135.0
461.0 370.0 460.0 361.0
235.0 391.0 238.0 387.0
460.0 369.0 460.0 361.0
317.0 400.0 317.0 394.0
144.0 152.0 141.0 149.0
236.0 391.0 238.0 387.0
260.0 92.0 256.0 92.0
280.0 185.0 278.0 184.0
115.0 509.0 120.0 503.0
336.0 199.0 332.0 195.0
144.0 151.0 141.0 149.0
286.0 95.0 281.0 95.0
340.0 275.0 338.0 271.0
386.0 567.0 390.0 560.0
121.0 365.0 122.0 357.0
37.0 195.0 37.0 195.0
285.0 95.0 279.0 95.0
74.0 535.0 80.0 530.0
236.0 390.0 239.0 389.0
259.0 208.0 257.0 208.0
461.0 368.0 460.0 361.0
273.0 430.0 275.0 426.0
259.0 209.0 257.0 208.0
282.0 137.0 277.0 136.0
233.0 95.0 227.0 95.0
143.0 151.0 139.0 148.0
272.0 172.0 270.0 168.0
283.0 135.0 278.0 135.0
392.0 67.0 383.0 64.0
62.0 238.0 62.0 238.0
139.0 85.0 137.0 88.0
258.0 208.0 257.0 208.0
261.0 93.0 256.0 92.0
110.0 345.0 110.0 340.0
258.0 209.0 257.0 208.0
460.0 368.0 460.0 361.0
261.0 92.0 256.0 92.0
410.0 475.0 411.0 466.0
312.0 227.0 309.0 225.0
461.0 369.0 460.0 361.0
285.0 94.0 279.0 95.0
257.0 208.0 256.0 208.0
120.0 364.0 122.0 357.0
109.0 346.0 110.0 340.0
140.0 85.0 137.0 88.0
75.0 534.0 80.0 530.0
83.0 419.0 86.0 414.0
316.0 400.0 317.0 394.0
120.0 365.0 122.0 358.0
391.0 67.0 383.0 64.0
257.0 209.0 257.0 208.0
409.0 475.0 411.0 466.0
38.0 196.0 37.0 195.0
220.0 263.0 218.0 259.0
116.0 509.0 120.0 503.0
205.0 15.0 199.0 18.0
397.0 227.0 400.0 227.0
111.0 345.0 110.0 340.0
262.0 92.0 256.0 92.0
282.0 136.0 278.0 135.0
38.0 195.0 37.0 195.0
123.0 541.0 129.0 534.0
361.0 142.0 355.0 139.0
233.0 93.0 228.0 95.0
397.0 226.0 400.0 227.0
326.0 180.0 322.0 176.0
206.0 15.0 199.0 18.0
109.0 345.0 110.0 340.0
231.0 94.0 227.0 96.0
251.0 36.0 244.0 38.0
286.0 94.0 279.0 95.0
26.0 473.0 30.0 470.0
92.0 494.0 96.0 487.0
232.0 93.0 227.0 94.0
74.0 534.0 80.0 530.0
197.0 78.0 192.0 81.0
307.0 55.0 300.0 54.0
213.0 635.0 219.0 621.0
143.0 152.0 139.0 148.0
182.0 71.0 178.0 76.0
43.0 378.0 45.0 374.0
140.0 86.0 137.0 88.0
73.0 516.0 78.0 512.0
233.0 94.0 228.0 95.0
282.0 135.0 278.0 135.0
392.0 68.0 383.0 64.0
251.0 37.0 244.0 38.0
82.0 553.0 85.0 541.0
139.0 86.0 137.0 88.0
360.0 142.0 355.0 139.0
250.0 36.0 244.0 38.0
360.0 141.0 355.0 139.0
262.0 91.0 256.0 92.0
391.0 68.0 383.0 64.0
205.0 14.0 199.0 18.0
232.0 94.0 227.0 95.0
327.0 180.0 322.0 176.0
369.0 166.0 363.0 162.0
369.0 165.0 363.0 162.0
251.0 35.0 244.0 38.0
327.0 179.0 322.0 176.0
65.0 438.0 69.0 432.0
124.0 542.0 129.0 534.0
183.0 72.0 178.0 76.0
123.0 542.0 129.0 534.0
261.0 91.0 256.0 92.0
306.0 55.0 300.0 54.0
328.0 180.0 322.0 176.0
368.0 165.0 363.0 162.0
420.0 294.0 416.0 287.0
219.0 263.0 218.0 259.0
413.0 45.0 404.0 41.0
214.0 635.0 219.0 621.0
111.0 327.0 110.0 322.0
30.0 586.0 36.0 582.0
74.0 515.0 78.0 510.0
73.0 515.0 78.0 510.0
328.0 179.0 322.0 176.0
176.0 31.0 170.0 35.0
413.0 46.0 404.0 41.0
214.0 634.0 219.0 621.0
225.0 112.0 221.0 115.0
225.0 113.0 221.0 115.0
35.0 489.0 40.0 486.0
83.0 553.0 85.0 541.0
183.0 71.0 178.0 76.0
42.0 378.0 45.0 374.0
224.0 47.0 215.0 43.0
284.0 94.0 278.0 95.0
163.0 69.0 159.0 73.0
74.0 516.0 78.0 510.0
307.0 54.0 300.0 54.0
182.0 70.0 178.0 76.0
206.0 14.0 199.0 18.0
75.0 491.0 79.0 485.0
207.0 15.0 199.0 18.0
197.0 77.0 193.0 80.0
420.0 295.0 416.0 287.0
226.0 113.0 221.0 115.0
74.0 491.0 79.0 485.0
419.0 294.0 416.0 287.0
31.0 586.0 36.0 582.0
320.0 135.0 315.0 132.0
422.0 167.0 417.0 161.0
75.0 378.0 77.0 373.0
419.0 295.0 416.0 287.0
359.0 142.0 355.0 139.0
232.0 95.0 227.0 95.0
207.0 14.0 199.0 18.0
206.0 13.0 199.0 18.0
320.0 134.0 315.0 132.0
74.0 378.0 77.0 373.0
112.0 327.0 110.0 322.0
319.0 135.0 315.0 132.0
31.0 458.0 34.0 455.0
360.0 143.0 355.0 139.0
328.0 181.0 322.0 176.0
111.0 326.0 110.0 322.0
31.0 585.0 36.0 582.0
183.0 70.0 178.0 76.0
319.0 134.0 315.0 132.0
356.0 598.0 365.0 587.0
66.0 438.0 69.0 432.0
74.0 492.0 79.0 485.0
198.0 78.0 192.0 81.0
34.0 489.0 40.0 486.0
66.0 437.0 69.0 432.0
370.0 166.0 363.0 161.0
327.0 181.0 322.0 176.0
74.0 517.0 78.0 512.0
198.0 77.0 193.0 80.0
30.0 587.0 36.0 582.0
368.0 166.0 363.0 162.0
359.0 141.0 355.0 139.0
95.0 533.0 100.0 527.0
321.0 134.0 315.0 132.0
110.0 327.0 110.0 322.0
73.0 517.0 78.0 512.0
31.0 587.0 36.0 582.0
112.0 326.0 112.0 321.0
226.0 112.0 221.0 115.0
92.0 493.0 96.0 487.0
419.0 296.0 416.0 287.0
423.0 166.0 417.0 161.0
75.0 492.0 79.0 485.0
184.0 71.0 178.0 76.0
166.0 612.0 172.0 604.0
27.0 605.0 32.0 600.0
167.0 598.0 174.0 589.0
422.0 166.0 417.0 161.0
75.0 380.0 77.0 374.0
386.0 74.0 383.0 65.0
45.0 550.0 50.0 546.0
207.0 13.0 199.0 18.0
306.0 54.0 300.0 54.0
167.0 612.0 174.0 603.0
420.0 296.0 416.0 287.0
75.0 379.0 77.0 374.0
74.0 490.0 79.0 485.0
223.0 47.0 215.0 43.0
96.0 533.0 100.0 527.0
227.0 112.0 221.0 115.0
45.0 549.0 50.0 546.0
74.0 379.0 77.0 374.0
44.0 550.0 49.0 546.0
74.0 380.0 77.0 374.0
423.0 167.0 417.0 161.0
394.0 94.0 387.0 90.0
94.0 533.0 100.0 527.0
166.0 598.0 174.0 589.0
387.0 294.0 384.0 288.0
355.0 599.0 365.0 587.0
44.0 549.0 50.0 546.0
95.0 534.0 100.0 527.0
176.0 30.0 170.0 35.0
387.0 293.0 384.0 288.0
428.0 112.0 419.0 104.0
356.0 599.0 365.0 587.0
94.0 534.0 100.0 527.0
195.0 625.0 219.0 621.0
386.0 294.0 384.0 288.0
63.0 585.0 70.0 572.0
428.0 111.0 419.0 104.0
428.0 110.0 419.0 104.0
195.0 626.0 219.0 621.0
175.0 30.0 170.0 35.0
234.0 19.0 226.0 23.0
166.0 613.0 172.0 604.0
124.0 595.0 131.0 587.0
43.0 550.0 49.0 546.0
393.0 94.0 387.0 90.0
427.0 110.0 419.0 104.0
426.0 111.0 419.0 104.0
412.0 153.0 407.0 146.0
427.0 112.0 419.0 104.0
43.0 549.0 48.0 547.0
429.0 111.0 419.0 104.0
399.0 342.0 429.0 377.0
418.0 360.0 429.0 377.0
387.0 295.0 384.0 288.0
176.0 29.0 170.0 35.0
388.0 294.0 384.0 288.0
427.0 111.0 419.0 104.0
400.0 343.0 429.0 377.0
418.0 359.0 429.0 377.0
392.0 94.0 387.0 90.0
412.0 152.0 407.0 146.0
392.0 93.0 387.0 90.0
399.0 341.0 430.0 378.0
370.0 457.0 406.0 498.0
371.0 458.0 406.0 498.0
370.0 458.0 406.0 498.0
142.0 41.0 138.0 46.0
388.0 295.0 384.0 288.0
419.0 360.0 429.0 377.0
143.0 41.0 138.0 46.0
369.0 458.0 406.0 498.0
400.0 342.0 430.0 378.0
400.0 341.0 430.0 378.0
419.0 359.0 429.0 377.0
472.0 69.0 462.0 63.0
401.0 342.0 430.0 378.0
143.0 40.0 138.0 46.0
419.0 358.0 429.0 377.0
142.0 40.0 138.0 46.0
142.0 39.0 138.0 46.0
472.0 402.0 460.0 361.0
473.0 402.0 460.0 361.0
420.0 360.0 430.0 378.0
143.0 39.0 138.0 46.0
330.0 262.0 338.0 269.0
474.0 403.0 460.0 361.0
472.0 403.0 460.0 361.0
473.0 403.0 460.0 361.0
420.0 359.0 430.0 378.0
334.0 132.0 315.0 132.0
49.0 394.0 48.0 383.0
335.0 132.0 315.0 132.0
472.0 404.0 460.0 361.0
473.0 404.0 460.0 361.0
326.0 423.0 336.0 416.0
287.0 118.0 256.0 92.0
287.0 117.0 256.0 92.0
104.0 561.0 99.0 554.0
399.0 274.0 384.0 286.0
401.0 273.0 384.0 286.0
286.0 117.0 256.0 92.0
451.0 472.0 459.0 480.0
50.0 394.0 48.0 383.0
286.0 118.0 256.0 92.0
156.0 95.0 137.0 88.0
287.0 116.0 256.0 92.0
45.0 600.0 32.0 601.0
452.0 472.0 460.0 480.0
400.0 273.0 384.0 286.0
399.0 273.0 384.0 286.0
286.0 116.0 256.0 92.0
451.0 471.0 459.0 480.0
105.0 561.0 99.0 554.0
464.0 438.0 441.0 413.0
105.0 560.0 99.0 554.0
