395.0 272.0 394.0 302.0
396.0 272.0 394.0 302.0
395.0 271.0 394.0 301.0
385.0 323.0 384.0 359.0
371.0 497.0 373.0 536.0
372.0 496.0 373.0 533.0
396.0 271.0 394.0 301.0
384.0 324.0 383.0 358.0
385.0 324.0 384.0 359.0
8.0 254.0 8.0 286.0
373.0 496.0 373.0 533.0
371.0 498.0 373.0 536.0
9.0 253.0 8.0 286.0
373.0 498.0 374.0 535.0
81.0 491.0 78.0 530.0
8.0 255.0 8.0 286.0
394.0 272.0 394.0 302.0
373.0 497.0 374.0 535.0
100.0 347.0 99.0 381.0
4.0 228.0 9.0 264.0
4.0 227.0 9.0 264.0
9.0 254.0 8.0 286.0
8.0 253.0 8.0 286.0
409.0 211.0 406.0 246.0
384.0 325.0 383.0 358.0
7.0 255.0 8.0 286.0
98.0 346.0 99.0 381.0
372.0 497.0 373.0 533.0
7.0 254.0 8.0 286.0
385.0 325.0 384.0 359.0
80.0 491.0 78.0 530.0
99.0 347.0 99.0 381.0
394.0 274.0 394.0 302.0
396.0 273.0 394.0 302.0
409.0 212.0 405.0 246.0
408.0 211.0 406.0 246.0
100.0 346.0 99.0 381.0
183.0 321.0 184.0 358.0
394.0 273.0 394.0 302.0
395.0 273.0 394.0 302.0
384.0 326.0 383.0 359.0
7.0 253.0 8.0 286.0
173.0 307.0 174.0 345.0
408.0 212.0 405.0 246.0
212.0 451.0 211.0 492.0
82.0 491.0 78.0 530.0
183.0 323.0 184.0 358.0
173.0 308.0 174.0 345.0
182.0 321.0 184.0 358.0
183.0 322.0 184.0 358.0
372.0 498.0 374.0 535.0
385.0 326.0 384.0 360.0
108.0 493.0 105.0 531.0
395.0 274.0 394.0 302.0
173.0 309.0 174.0 345.0
212.0 452.0 211.0 492.0
213.0 451.0 211.0 492.0
205.0 301.0 205.0 334.0
362.0 57.0 357.0 98.0
111.0 516.0 109.0 556.0
422.0 258.0 420.0 290.0
172.0 308.0 173.0 344.0
206.0 300.0 206.0 333.0
99.0 346.0 99.0 381.0
205.0 300.0 205.0 334.0
81.0 490.0 78.0 530.0
99.0 345.0 100.0 381.0
24.0 507.0 20.0 546.0
172.0 307.0 174.0 345.0
182.0 322.0 184.0 358.0
182.0 323.0 184.0 358.0
45.0 345.0 44.0 378.0
166.0 431.0 164.0 472.0
41.0 507.0 37.0 548.0
172.0 309.0 173.0 344.0
213.0 452.0 211.0 492.0
362.0 56.0 357.0 98.0
166.0 432.0 164.0 472.0
348.0 443.0 349.0 485.0
275.0 405.0 276.0 444.0
149.0 171.0 149.0 205.0
150.0 170.0 149.0 205.0
77.0 358.0 78.0 394.0
213.0 453.0 211.0 492.0
274.0 405.0 276.0 444.0
212.0 453.0 211.0 492.0
149.0 170.0 149.0 205.0
75.0 358.0 76.0 395.0
347.0 443.0 349.0 485.0
150.0 171.0 149.0 205.0
363.0 58.0 357.0 98.0
204.0 301.0 204.0 333.0
150.0 169.0 150.0 204.0
205.0 302.0 205.0 334.0
83.0 534.0 82.0 577.0
76.0 359.0 76.0 395.0
276.0 117.0 274.0 156.0
381.0 144.0 374.0 183.0
25.0 506.0 20.0 546.0
82.0 490.0 78.0 530.0
75.0 359.0 76.0 395.0
380.0 145.0 371.0 182.0
83.0 535.0 82.0 577.0
151.0 170.0 150.0 204.0
41.0 506.0 37.0 548.0
83.0 533.0 82.0 577.0
42.0 507.0 38.0 548.0
76.0 360.0 76.0 395.0
102.0 477.0 102.0 515.0
380.0 144.0 374.0 183.0
43.0 506.0 38.0 548.0
25.0 507.0 20.0 546.0
171.0 308.0 172.0 345.0
165.0 431.0 164.0 472.0
171.0 309.0 172.0 345.0
172.0 306.0 173.0 344.0
165.0 433.0 164.0 472.0
76.0 358.0 76.0 395.0
41.0 508.0 38.0 548.0
80.0 490.0 78.0 530.0
26.0 506.0 29.0 546.0
44.0 489.0 42.0 529.0
17.0 507.0 20.0 546.0
172.0 310.0 173.0 347.0
276.0 116.0 274.0 156.0
335.0 407.0 336.0 447.0
277.0 116.0 274.0 156.0
206.0 301.0 206.0 333.0
108.0 492.0 105.0 531.0
110.0 517.0 108.0 557.0
166.0 433.0 164.0 472.0
387.0 286.0 386.0 319.0
77.0 359.0 76.0 395.0
444.0 544.0 447.0 584.0
103.0 477.0 102.0 515.0
164.0 433.0 164.0 472.0
165.0 432.0 164.0 472.0
25.0 508.0 21.0 547.0
348.0 442.0 349.0 485.0
334.0 407.0 336.0 447.0
381.0 145.0 371.0 182.0
43.0 489.0 42.0 529.0
42.0 506.0 37.0 548.0
164.0 432.0 164.0 472.0
103.0 476.0 102.0 515.0
151.0 171.0 149.0 205.0
26.0 507.0 29.0 546.0
387.0 285.0 386.0 319.0
277.0 117.0 274.0 156.0
43.0 490.0 42.0 529.0
26.0 508.0 21.0 547.0
75.0 360.0 76.0 395.0
46.0 345.0 45.0 378.0
44.0 490.0 42.0 529.0
46.0 344.0 45.0 376.0
205.0 303.0 205.0 334.0
277.0 118.0 274.0 156.0
171.0 307.0 173.0 344.0
42.0 508.0 38.0 548.0
163.0 432.0 164.0 472.0
312.0 405.0 314.0 445.0
277.0 115.0 274.0 156.0
430.0 106.0 425.0 146.0
43.0 507.0 38.0 548.0
334.0 408.0 336.0 447.0
332.0 408.0 335.0 447.0
167.0 432.0 164.0 472.0
387.0 284.0 386.0 318.0
206.0 302.0 205.0 334.0
431.0 107.0 426.0 147.0
204.0 302.0 204.0 333.0
102.0 476.0 102.0 515.0
278.0 117.0 274.0 156.0
379.0 144.0 369.0 181.0
333.0 408.0 335.0 447.0
411.0 148.0 406.0 188.0
429.0 106.0 425.0 148.0
111.0 517.0 108.0 557.0
335.0 408.0 336.0 447.0
311.0 405.0 314.0 445.0
43.0 508.0 38.0 548.0
431.0 106.0 426.0 147.0
278.0 116.0 274.0 156.0
82.0 535.0 82.0 577.0
82.0 534.0 82.0 577.0
82.0 489.0 78.0 530.0
443.0 544.0 447.0 584.0
110.0 519.0 108.0 557.0
430.0 107.0 425.0 148.0
118.0 382.0 119.0 420.0
118.0 380.0 119.0 420.0
110.0 518.0 108.0 557.0
51.0 490.0 50.0 530.0
444.0 545.0 447.0 584.0
312.0 406.0 314.0 445.0
410.0 121.0 403.0 159.0
118.0 381.0 119.0 420.0
186.0 413.0 184.0 451.0
333.0 407.0 335.0 447.0
128.0 439.0 127.0 476.0
410.0 123.0 404.0 159.0
82.0 533.0 82.0 577.0
311.0 406.0 314.0 445.0
52.0 490.0 50.0 530.0
386.0 285.0 386.0 318.0
111.0 518.0 108.0 557.0
81.0 489.0 78.0 530.0
208.0 255.0 211.0 279.0
186.0 412.0 184.0 451.0
348.0 441.0 349.0 485.0
208.0 253.0 211.0 279.0
51.0 489.0 50.0 529.0
429.0 107.0 425.0 148.0
208.0 254.0 211.0 279.0
326.0 134.0 323.0 174.0
209.0 253.0 211.0 279.0
429.0 108.0 425.0 148.0
112.0 518.0 109.0 556.0
278.0 115.0 274.0 156.0
375.0 142.0 369.0 181.0
376.0 143.0 369.0 181.0
430.0 105.0 425.0 146.0
129.0 454.0 125.0 494.0
430.0 108.0 425.0 148.0
118.0 379.0 119.0 420.0
443.0 545.0 447.0 584.0
187.0 366.0 185.0 399.0
209.0 254.0 211.0 279.0
326.0 68.0 321.0 114.0
375.0 143.0 369.0 181.0
209.0 255.0 211.0 279.0
386.0 286.0 386.0 318.0
127.0 438.0 126.0 477.0
330.0 408.0 335.0 447.0
111.0 519.0 108.0 557.0
327.0 133.0 323.0 174.0
386.0 284.0 386.0 318.0
257.0 406.0 258.0 444.0
117.0 380.0 119.0 420.0
52.0 489.0 50.0 530.0
81.0 534.0 82.0 577.0
128.0 441.0 128.0 477.0
312.0 407.0 314.0 445.0
409.0 121.0 403.0 159.0
346.0 67.0 340.0 107.0
311.0 407.0 314.0 445.0
347.0 67.0 341.0 107.0
187.0 368.0 185.0 399.0
128.0 455.0 125.0 494.0
327.0 134.0 323.0 174.0
346.0 68.0 340.0 107.0
128.0 440.0 128.0 477.0
409.0 122.0 404.0 159.0
272.0 436.0 273.0 472.0
328.0 134.0 323.0 174.0
409.0 123.0 404.0 159.0
186.0 368.0 185.0 400.0
273.0 435.0 273.0 472.0
328.0 133.0 323.0 174.0
332.0 85.0 331.0 133.0
327.0 67.0 321.0 114.0
325.0 67.0 321.0 114.0
127.0 439.0 126.0 477.0
127.0 441.0 126.0 478.0
348.0 440.0 349.0 485.0
274.0 435.0 274.0 471.0
273.0 436.0 273.0 472.0
313.0 406.0 314.0 445.0
347.0 68.0 340.0 107.0
187.0 367.0 185.0 399.0
186.0 411.0 184.0 451.0
313.0 407.0 315.0 446.0
312.0 408.0 314.0 446.0
326.0 67.0 321.0 114.0
257.0 405.0 258.0 444.0
345.0 67.0 340.0 107.0
274.0 436.0 273.0 472.0
257.0 407.0 258.0 445.0
329.0 408.0 335.0 447.0
127.0 440.0 126.0 478.0
274.0 437.0 273.0 472.0
272.0 437.0 273.0 472.0
421.0 250.0 420.0 288.0
332.0 84.0 331.0 133.0
347.0 69.0 340.0 107.0
388.0 303.0 383.0 358.0
44.0 334.0 44.0 376.0
388.0 304.0 384.0 359.0
345.0 68.0 340.0 107.0
273.0 437.0 273.0 472.0
388.0 302.0 383.0 358.0
346.0 69.0 340.0 107.0
241.0 402.0 243.0 443.0
120.0 395.0 118.0 422.0
325.0 66.0 321.0 114.0
120.0 394.0 118.0 422.0
119.0 394.0 118.0 422.0
389.0 303.0 384.0 359.0
326.0 66.0 321.0 114.0
44.0 333.0 44.0 376.0
421.0 249.0 420.0 288.0
420.0 249.0 420.0 288.0
110.0 500.0 106.0 533.0
121.0 395.0 118.0 422.0
109.0 500.0 106.0 533.0
241.0 403.0 243.0 443.0
45.0 333.0 44.0 376.0
101.0 203.0 59.0 225.0
119.0 395.0 118.0 422.0
327.0 66.0 321.0 114.0
102.0 203.0 59.0 225.0
102.0 204.0 59.0 225.0
109.0 501.0 106.0 533.0
101.0 204.0 59.0 225.0
326.0 65.0 321.0 114.0
242.0 403.0 243.0 443.0
119.0 396.0 118.0 422.0
349.0 406.0 337.0 447.0
120.0 396.0 118.0 422.0
245.0 437.0 243.0 474.0
121.0 396.0 118.0 422.0
45.0 332.0 44.0 376.0
241.0 404.0 243.0 443.0
212.0 443.0 212.0 489.0
242.0 404.0 243.0 443.0
350.0 406.0 353.0 435.0
44.0 332.0 44.0 376.0
246.0 437.0 243.0 474.0
349.0 407.0 337.0 447.0
45.0 331.0 44.0 376.0
244.0 438.0 243.0 474.0
235.0 405.0 243.0 443.0
212.0 442.0 212.0 489.0
44.0 331.0 44.0 376.0
245.0 438.0 243.0 474.0
349.0 408.0 337.0 447.0
211.0 442.0 212.0 489.0
242.0 405.0 257.0 444.0
350.0 407.0 337.0 447.0
246.0 438.0 243.0 474.0
350.0 408.0 353.0 435.0
235.0 406.0 243.0 443.0
207.0 423.0 201.0 470.0
206.0 421.0 201.0 470.0
207.0 420.0 201.0 470.0
91.0 310.0 76.0 345.0
389.0 86.0 394.0 129.0
183.0 382.0 179.0 405.0
208.0 422.0 201.0 470.0
93.0 309.0 76.0 345.0
244.0 439.0 243.0 474.0
91.0 309.0 76.0 345.0
207.0 422.0 201.0 470.0
207.0 421.0 201.0 470.0
92.0 309.0 76.0 345.0
346.0 92.0 332.0 134.0
206.0 420.0 201.0 470.0
208.0 420.0 201.0 470.0
207.0 419.0 201.0 470.0
92.0 310.0 76.0 345.0
208.0 421.0 201.0 470.0
245.0 439.0 243.0 474.0
206.0 419.0 201.0 470.0
203.0 270.0 211.0 279.0
346.0 91.0 332.0 134.0
203.0 269.0 211.0 279.0
408.0 38.0 402.0 79.0
123.0 421.0 126.0 477.0
123.0 422.0 126.0 477.0
409.0 37.0 402.0 79.0
347.0 90.0 332.0 134.0
191.0 308.0 184.0 358.0
