415.0 202.0 397.0 216.0
416.0 202.0 397.0 216.0
415.0 201.0 397.0 216.0
416.0 201.0 397.0 216.0
402.0 243.0 384.0 258.0
334.0 312.0 319.0 324.0
396.0 150.0 378.0 164.0
372.0 92.0 355.0 104.0
160.0 282.0 144.0 294.0
287.0 127.0 271.0 139.0
288.0 128.0 272.0 141.0
273.0 99.0 256.0 111.0
353.0 226.0 336.0 239.0
258.0 157.0 243.0 169.0
325.0 220.0 309.0 230.0
160.0 283.0 145.0 295.0
325.0 219.0 309.0 230.0
414.0 202.0 397.0 216.0
322.0 264.0 306.0 277.0
287.0 128.0 271.0 139.0
334.0 311.0 319.0 324.0
287.0 129.0 271.0 141.0
258.0 158.0 243.0 169.0
353.0 225.0 336.0 239.0
396.0 151.0 378.0 164.0
324.0 220.0 308.0 232.0
288.0 129.0 272.0 141.0
130.0 285.0 114.0 297.0
112.0 191.0 95.0 201.0
323.0 264.0 306.0 277.0
316.0 304.0 300.0 315.0
397.0 151.0 378.0 165.0
333.0 312.0 319.0 324.0
273.0 100.0 256.0 111.0
213.0 219.0 197.0 227.0
250.0 108.0 234.0 119.0
250.0 109.0 234.0 119.0
289.0 129.0 272.0 141.0
325.0 218.0 309.0 230.0
214.0 217.0 198.0 226.0
338.0 269.0 322.0 282.0
215.0 203.0 199.0 210.0
257.0 158.0 242.0 169.0
337.0 76.0 321.0 88.0
159.0 281.0 144.0 294.0
338.0 412.0 322.0 421.0
395.0 151.0 378.0 164.0
259.0 158.0 243.0 169.0
213.0 218.0 197.0 227.0
214.0 202.0 199.0 210.0
323.0 263.0 306.0 277.0
337.0 77.0 321.0 88.0
259.0 157.0 243.0 169.0
338.0 268.0 322.0 282.0
272.0 99.0 256.0 111.0
337.0 413.0 322.0 422.0
286.0 128.0 271.0 141.0
323.0 473.0 308.0 483.0
215.0 202.0 199.0 210.0
315.0 304.0 300.0 315.0
131.0 285.0 114.0 297.0
324.0 219.0 309.0 230.0
214.0 218.0 198.0 227.0
111.0 192.0 95.0 201.0
254.0 304.0 240.0 316.0
111.0 193.0 95.0 201.0
252.0 320.0 238.0 333.0
111.0 191.0 95.0 201.0
213.0 217.0 198.0 226.0
316.0 305.0 300.0 315.0
215.0 201.0 200.0 209.0
108.0 220.0 91.0 227.0
352.0 258.0 335.0 271.0
314.0 304.0 300.0 315.0
340.0 120.0 323.0 132.0
322.0 263.0 306.0 277.0
107.0 219.0 92.0 226.0
216.0 202.0 200.0 210.0
159.0 284.0 145.0 295.0
111.0 190.0 95.0 201.0
251.0 109.0 234.0 121.0
337.0 268.0 321.0 282.0
304.0 148.0 286.0 159.0
338.0 413.0 322.0 421.0
333.0 313.0 319.0 324.0
339.0 412.0 323.0 421.0
353.0 227.0 336.0 239.0
339.0 413.0 322.0 421.0
110.0 192.0 94.0 201.0
428.0 278.0 408.0 294.0
352.0 226.0 336.0 239.0
351.0 258.0 335.0 271.0
214.0 219.0 198.0 227.0
339.0 119.0 323.0 132.0
303.0 237.0 288.0 248.0
255.0 304.0 240.0 316.0
339.0 120.0 323.0 132.0
301.0 237.0 286.0 248.0
323.0 472.0 308.0 483.0
333.0 311.0 319.0 324.0
383.0 265.0 366.0 278.0
338.0 77.0 321.0 88.0
398.0 287.0 381.0 301.0
213.0 220.0 197.0 227.0
278.0 287.0 264.0 298.0
147.0 405.0 129.0 416.0
212.0 287.0 196.0 299.0
146.0 404.0 129.0 416.0
110.0 191.0 94.0 201.0
337.0 269.0 321.0 282.0
336.0 268.0 321.0 282.0
338.0 76.0 321.0 88.0
279.0 287.0 264.0 298.0
216.0 201.0 200.0 209.0
383.0 266.0 366.0 278.0
107.0 220.0 91.0 227.0
158.0 283.0 145.0 295.0
110.0 193.0 94.0 201.0
272.0 241.0 256.0 251.0
159.0 282.0 145.0 295.0
322.0 472.0 308.0 483.0
272.0 240.0 257.0 250.0
110.0 190.0 95.0 201.0
212.0 288.0 196.0 299.0
158.0 281.0 144.0 294.0
403.0 243.0 384.0 258.0
253.0 304.0 240.0 316.0
159.0 283.0 145.0 295.0
322.0 473.0 308.0 483.0
109.0 191.0 94.0 201.0
428.0 279.0 408.0 294.0
352.0 227.0 336.0 239.0
323.0 471.0 308.0 483.0
274.0 117.0 258.0 128.0
382.0 267.0 364.0 279.0
130.0 284.0 113.0 296.0
383.0 264.0 366.0 278.0
109.0 192.0 94.0 201.0
158.0 282.0 145.0 295.0
429.0 278.0 409.0 293.0
336.0 269.0 321.0 282.0
324.0 472.0 309.0 482.0
134.0 502.0 117.0 516.0
403.0 242.0 384.0 257.0
147.0 403.0 129.0 416.0
302.0 238.0 287.0 248.0
108.0 219.0 92.0 226.0
278.0 286.0 264.0 298.0
158.0 284.0 145.0 295.0
272.0 100.0 256.0 111.0
78.0 212.0 60.0 221.0
148.0 403.0 129.0 416.0
131.0 284.0 114.0 297.0
146.0 405.0 129.0 416.0
252.0 319.0 238.0 333.0
384.0 265.0 366.0 279.0
215.0 200.0 200.0 209.0
147.0 404.0 129.0 416.0
302.0 237.0 287.0 248.0
289.0 215.0 274.0 227.0
315.0 305.0 300.0 315.0
304.0 149.0 286.0 159.0
211.0 288.0 196.0 299.0
277.0 287.0 264.0 298.0
339.0 76.0 322.0 87.0
135.0 502.0 118.0 516.0
213.0 287.0 197.0 300.0
253.0 319.0 238.0 333.0
214.0 201.0 200.0 209.0
129.0 531.0 114.0 544.0
410.0 163.0 393.0 178.0
352.0 259.0 335.0 271.0
278.0 285.0 264.0 298.0
382.0 265.0 366.0 279.0
116.0 328.0 100.0 338.0
153.0 310.0 135.0 324.0
130.0 531.0 114.0 544.0
338.0 120.0 323.0 132.0
277.0 286.0 264.0 298.0
279.0 286.0 264.0 298.0
148.0 404.0 129.0 416.0
430.0 278.0 409.0 293.0
303.0 238.0 288.0 248.0
116.0 326.0 99.0 338.0
117.0 327.0 100.0 338.0
136.0 501.0 118.0 516.0
115.0 327.0 99.0 338.0
153.0 311.0 135.0 324.0
458.0 265.0 442.0 279.0
288.0 216.0 273.0 226.0
382.0 266.0 364.0 279.0
430.0 279.0 409.0 293.0
135.0 501.0 117.0 516.0
429.0 279.0 409.0 293.0
152.0 311.0 135.0 324.0
338.0 119.0 323.0 132.0
210.0 288.0 196.0 301.0
287.0 216.0 273.0 226.0
255.0 305.0 240.0 316.0
152.0 309.0 135.0 324.0
274.0 118.0 257.0 129.0
311.0 488.0 296.0 501.0
134.0 501.0 117.0 516.0
116.0 327.0 100.0 338.0
152.0 310.0 135.0 324.0
131.0 283.0 113.0 295.0
254.0 305.0 240.0 316.0
115.0 328.0 99.0 338.0
78.0 213.0 60.0 221.0
79.0 212.0 60.0 221.0
151.0 311.0 133.0 325.0
79.0 213.0 60.0 221.0
151.0 310.0 135.0 324.0
130.0 283.0 113.0 296.0
80.0 213.0 60.0 221.0
351.0 259.0 334.0 271.0
128.0 532.0 113.0 544.0
320.0 321.0 298.0 335.0
410.0 164.0 393.0 178.0
129.0 532.0 113.0 544.0
80.0 212.0 60.0 221.0
312.0 488.0 297.0 501.0
51.0 109.0 36.0 117.0
253.0 305.0 240.0 316.0
157.0 283.0 145.0 295.0
51.0 108.0 36.0 117.0
149.0 384.0 131.0 390.0
52.0 109.0 36.0 117.0
404.0 242.0 384.0 257.0
148.0 384.0 130.0 390.0
409.0 163.0 393.0 178.0
81.0 213.0 60.0 221.0
81.0 212.0 60.0 221.0
320.0 322.0 298.0 335.0
149.0 385.0 130.0 390.0
409.0 164.0 393.0 178.0
147.0 385.0 129.0 391.0
66.0 590.0 51.0 603.0
311.0 487.0 296.0 501.0
147.0 384.0 130.0 390.0
312.0 487.0 297.0 501.0
254.0 306.0 240.0 316.0
148.0 385.0 129.0 391.0
52.0 108.0 36.0 117.0
163.0 224.0 148.0 235.0
164.0 223.0 148.0 235.0
164.0 225.0 149.0 236.0
165.0 223.0 149.0 235.0
165.0 224.0 149.0 236.0
347.0 283.0 332.0 298.0
164.0 224.0 149.0 235.0
66.0 589.0 51.0 603.0
408.0 164.0 393.0 178.0
66.0 159.0 49.0 168.0
275.0 92.0 256.0 111.0
321.0 321.0 298.0 335.0
408.0 163.0 393.0 178.0
321.0 322.0 298.0 335.0
64.0 159.0 49.0 168.0
72.0 41.0 54.0 47.0
389.0 35.0 371.0 48.0
67.0 159.0 49.0 168.0
276.0 92.0 256.0 111.0
163.0 225.0 149.0 236.0
347.0 282.0 332.0 298.0
461.0 209.0 443.0 223.0
67.0 589.0 51.0 603.0
65.0 589.0 51.0 603.0
53.0 77.0 38.0 85.0
67.0 158.0 49.0 168.0
388.0 35.0 371.0 48.0
103.0 525.0 88.0 538.0
104.0 525.0 88.0 538.0
462.0 209.0 443.0 223.0
389.0 36.0 371.0 48.0
462.0 208.0 443.0 223.0
336.0 373.0 320.0 381.0
325.0 287.0 314.0 294.0
346.0 282.0 332.0 298.0
388.0 36.0 371.0 48.0
54.0 77.0 38.0 85.0
322.0 321.0 298.0 335.0
22.0 593.0 7.0 608.0
63.0 160.0 48.0 169.0
63.0 159.0 46.0 168.0
463.0 209.0 443.0 223.0
446.0 462.0 427.0 479.0
62.0 160.0 46.0 168.0
103.0 526.0 88.0 538.0
316.0 24.0 300.0 36.0
446.0 463.0 427.0 479.0
276.0 91.0 256.0 111.0
23.0 592.0 7.0 608.0
72.0 57.0 54.0 49.0
303.0 604.0 283.0 622.0
104.0 526.0 88.0 538.0
61.0 211.0 59.0 221.0
66.0 588.0 51.0 603.0
315.0 25.0 300.0 36.0
61.0 210.0 59.0 221.0
22.0 592.0 7.0 608.0
253.0 624.0 231.0 628.0
54.0 16.0 38.0 25.0
316.0 25.0 300.0 36.0
73.0 57.0 55.0 49.0
22.0 591.0 7.0 608.0
252.0 625.0 231.0 628.0
278.0 614.0 266.0 629.0
278.0 616.0 266.0 629.0
336.0 374.0 320.0 381.0
56.0 15.0 38.0 25.0
253.0 625.0 231.0 628.0
54.0 15.0 38.0 25.0
277.0 615.0 266.0 629.0
55.0 15.0 38.0 25.0
55.0 16.0 38.0 25.0
151.0 436.0 127.0 453.0
151.0 435.0 127.0 453.0
61.0 562.0 45.0 576.0
278.0 615.0 266.0 629.0
61.0 561.0 45.0 576.0
16.0 432.0 23.0 416.0
56.0 16.0 38.0 25.0
153.0 327.0 134.0 352.0
151.0 437.0 127.0 453.0
17.0 431.0 23.0 416.0
152.0 435.0 127.0 453.0
18.0 431.0 23.0 416.0
60.0 562.0 45.0 576.0
17.0 432.0 23.0 416.0
382.0 82.0 355.0 104.0
475.0 72.0 454.0 89.0
474.0 72.0 454.0 89.0
152.0 436.0 127.0 453.0
59.0 562.0 44.0 576.0
383.0 83.0 355.0 104.0
383.0 82.0 355.0 104.0
381.0 81.0 355.0 104.0
60.0 561.0 44.0 576.0
474.0 73.0 454.0 89.0
20.0 548.0 3.0 561.0
382.0 81.0 355.0 104.0
475.0 73.0 454.0 89.0
21.0 547.0 3.0 561.0
383.0 81.0 355.0 104.0
37.0 12.0 32.0 6.0
372.0 272.0 364.0 279.0
201.0 617.0 195.0 633.0
37.0 13.0 32.0 6.0
389.0 64.0 364.0 73.0
21.0 548.0 3.0 561.0
333.0 393.0 322.0 420.0
403.0 298.0 380.0 301.0
334.0 393.0 322.0 420.0
202.0 617.0 195.0 633.0
404.0 298.0 380.0 301.0
404.0 297.0 380.0 301.0
202.0 616.0 195.0 633.0
22.0 547.0 3.0 561.0
38.0 12.0 32.0 6.0
22.0 548.0 3.0 561.0
