11.0 307.0 11.0 306.0
10.0 307.0 10.0 306.0
336.0 388.0 337.0 380.0
336.0 389.0 337.0 380.0
112.0 321.0 112.0 315.0
11.0 306.0 11.0 306.0
383.0 64.0 373.0 58.0
35.0 168.0 31.0 166.0
335.0 388.0 337.0 380.0
440.0 412.0 442.0 400.0
227.0 94.0 221.0 94.0
34.0 168.0 31.0 166.0
228.0 94.0 221.0 94.0
277.0 136.0 272.0 132.0
440.0 414.0 442.0 400.0
277.0 135.0 272.0 131.0
337.0 388.0 339.0 379.0
303.0 190.0 298.0 185.0
337.0 389.0 337.0 380.0
34.0 167.0 31.0 166.0
441.0 415.0 442.0 400.0
257.0 239.0 253.0 235.0
318.0 394.0 321.0 386.0
258.0 239.0 254.0 235.0
440.0 413.0 442.0 400.0
317.0 393.0 321.0 386.0
439.0 414.0 442.0 400.0
228.0 95.0 221.0 94.0
35.0 167.0 31.0 166.0
317.0 394.0 321.0 386.0
329.0 311.0 326.0 304.0
302.0 189.0 298.0 185.0
52.0 175.0 50.0 175.0
384.0 64.0 373.0 58.0
440.0 415.0 442.0 400.0
302.0 190.0 298.0 185.0
319.0 394.0 321.0 386.0
441.0 414.0 442.0 400.0
439.0 413.0 442.0 400.0
330.0 194.0 325.0 188.0
383.0 65.0 373.0 58.0
279.0 95.0 272.0 91.0
34.0 166.0 31.0 166.0
328.0 311.0 326.0 304.0
278.0 135.0 272.0 132.0
278.0 95.0 272.0 91.0
329.0 312.0 326.0 304.0
85.0 412.0 88.0 405.0
384.0 65.0 373.0 58.0
304.0 189.0 298.0 185.0
328.0 312.0 326.0 304.0
257.0 241.0 253.0 236.0
441.0 413.0 442.0 400.0
113.0 321.0 112.0 314.0
227.0 95.0 220.0 95.0
303.0 189.0 298.0 185.0
53.0 174.0 51.0 174.0
155.0 361.0 153.0 351.0
416.0 160.0 410.0 148.0
365.0 585.0 376.0 569.0
129.0 533.0 133.0 524.0
256.0 239.0 253.0 235.0
111.0 321.0 112.0 315.0
258.0 240.0 254.0 235.0
278.0 136.0 272.0 132.0
309.0 225.0 306.0 219.0
86.0 413.0 88.0 405.0
281.0 95.0 272.0 91.0
257.0 240.0 253.0 235.0
330.0 195.0 325.0 188.0
279.0 136.0 272.0 132.0
244.0 38.0 235.0 38.0
303.0 191.0 298.0 185.0
85.0 413.0 88.0 405.0
85.0 411.0 88.0 405.0
304.0 190.0 298.0 185.0
130.0 533.0 133.0 525.0
264.0 35.0 255.0 34.0
246.0 38.0 236.0 39.0
227.0 96.0 220.0 95.0
52.0 174.0 49.0 174.0
275.0 427.0 279.0 415.0
35.0 166.0 31.0 166.0
128.0 533.0 133.0 524.0
318.0 393.0 321.0 386.0
280.0 95.0 272.0 91.0
154.0 360.0 153.0 351.0
86.0 412.0 88.0 405.0
53.0 175.0 51.0 174.0
279.0 135.0 272.0 132.0
339.0 270.0 336.0 262.0
112.0 322.0 112.0 315.0
280.0 94.0 272.0 91.0
201.0 240.0 198.0 238.0
141.0 149.0 134.0 145.0
113.0 322.0 112.0 315.0
410.0 466.0 412.0 456.0
86.0 414.0 88.0 405.0
280.0 96.0 272.0 91.0
244.0 39.0 236.0 39.0
279.0 96.0 272.0 91.0
112.0 340.0 111.0 333.0
319.0 392.0 321.0 386.0
415.0 160.0 410.0 148.0
111.0 339.0 111.0 333.0
421.0 486.0 428.0 475.0
338.0 269.0 336.0 262.0
256.0 240.0 253.0 236.0
294.0 368.0 297.0 362.0
227.0 23.0 218.0 24.0
228.0 96.0 221.0 95.0
219.0 257.0 215.0 254.0
214.0 43.0 207.0 43.0
214.0 42.0 207.0 43.0
365.0 586.0 375.0 570.0
170.0 35.0 161.0 37.0
339.0 269.0 336.0 262.0
245.0 38.0 235.0 39.0
226.0 23.0 218.0 24.0
153.0 360.0 153.0 351.0
256.0 209.0 254.0 207.0
256.0 93.0 249.0 91.0
263.0 37.0 255.0 34.0
111.0 322.0 111.0 316.0
154.0 361.0 153.0 351.0
275.0 426.0 279.0 415.0
215.0 42.0 207.0 43.0
323.0 208.0 321.0 204.0
264.0 36.0 255.0 34.0
384.0 286.0 384.0 278.0
295.0 368.0 297.0 362.0
319.0 393.0 321.0 386.0
331.0 195.0 326.0 189.0
111.0 340.0 111.0 333.0
331.0 194.0 325.0 188.0
256.0 92.0 249.0 91.0
219.0 258.0 215.0 254.0
279.0 94.0 272.0 91.0
110.0 340.0 111.0 333.0
100.0 300.0 100.0 296.0
119.0 502.0 124.0 495.0
385.0 287.0 384.0 278.0
263.0 36.0 255.0 34.0
255.0 92.0 249.0 91.0
218.0 258.0 214.0 253.0
338.0 270.0 336.0 262.0
119.0 503.0 124.0 495.0
246.0 39.0 236.0 39.0
416.0 161.0 410.0 148.0
111.0 341.0 111.0 333.0
155.0 360.0 153.0 351.0
365.0 587.0 375.0 570.0
48.0 382.0 49.0 378.0
114.0 322.0 112.0 314.0
415.0 161.0 410.0 148.0
422.0 487.0 428.0 475.0
215.0 43.0 207.0 43.0
417.0 161.0 410.0 148.0
245.0 39.0 236.0 39.0
216.0 43.0 207.0 43.0
384.0 287.0 384.0 278.0
169.0 35.0 161.0 37.0
257.0 209.0 254.0 207.0
120.0 503.0 124.0 495.0
40.0 486.0 44.0 481.0
255.0 208.0 254.0 207.0
318.0 392.0 321.0 386.0
39.0 486.0 44.0 481.0
264.0 37.0 255.0 34.0
141.0 148.0 134.0 144.0
294.0 369.0 297.0 362.0
257.0 92.0 249.0 91.0
421.0 487.0 428.0 475.0
133.0 542.0 137.0 531.0
422.0 486.0 428.0 475.0
296.0 369.0 297.0 362.0
256.0 208.0 254.0 207.0
275.0 425.0 279.0 415.0
257.0 93.0 249.0 91.0
295.0 369.0 297.0 362.0
140.0 147.0 134.0 144.0
131.0 217.0 128.0 212.0
153.0 185.0 146.0 180.0
339.0 271.0 336.0 262.0
332.0 194.0 326.0 189.0
140.0 148.0 134.0 144.0
178.0 76.0 171.0 77.0
419.0 104.0 412.0 95.0
177.0 76.0 171.0 77.0
387.0 90.0 377.0 82.0
411.0 466.0 412.0 456.0
41.0 486.0 45.0 482.0
198.0 19.0 190.0 20.0
296.0 368.0 297.0 362.0
82.0 445.0 86.0 436.0
338.0 271.0 336.0 262.0
132.0 542.0 137.0 531.0
133.0 541.0 137.0 531.0
218.0 259.0 215.0 254.0
38.0 438.0 41.0 433.0
353.0 139.0 348.0 132.0
258.0 209.0 254.0 207.0
140.0 149.0 134.0 144.0
72.0 251.0 70.0 248.0
139.0 148.0 134.0 144.0
48.0 383.0 49.0 378.0
278.0 182.0 274.0 178.0
110.0 322.0 110.0 315.0
383.0 287.0 382.0 278.0
100.0 301.0 100.0 296.0
129.0 534.0 133.0 524.0
120.0 504.0 124.0 495.0
132.0 541.0 137.0 531.0
101.0 301.0 100.0 296.0
257.0 208.0 254.0 207.0
255.0 93.0 249.0 91.0
295.0 367.0 297.0 362.0
71.0 251.0 70.0 248.0
131.0 216.0 128.0 211.0
49.0 382.0 49.0 378.0
219.0 259.0 215.0 254.0
354.0 140.0 348.0 132.0
72.0 252.0 70.0 248.0
101.0 302.0 100.0 296.0
199.0 19.0 190.0 20.0
97.0 488.0 99.0 480.0
199.0 18.0 190.0 20.0
258.0 208.0 254.0 207.0
384.0 288.0 384.0 278.0
69.0 432.0 72.0 427.0
101.0 201.0 98.0 198.0
37.0 438.0 41.0 433.0
429.0 379.0 419.0 362.0
429.0 378.0 419.0 362.0
112.0 323.0 111.0 316.0
32.0 152.0 28.0 151.0
428.0 378.0 419.0 362.0
96.0 488.0 99.0 480.0
79.0 511.0 83.0 504.0
400.0 227.0 389.0 228.0
332.0 195.0 326.0 189.0
79.0 512.0 83.0 505.0
354.0 139.0 348.0 132.0
102.0 527.0 106.0 518.0
104.0 618.0 112.0 611.0
101.0 527.0 106.0 517.0
96.0 465.0 99.0 457.0
32.0 151.0 28.0 151.0
278.0 183.0 274.0 178.0
38.0 437.0 41.0 433.0
137.0 88.0 133.0 89.0
137.0 48.0 131.0 48.0
102.0 201.0 98.0 198.0
69.0 431.0 72.0 427.0
95.0 464.0 99.0 457.0
96.0 487.0 99.0 480.0
278.0 184.0 274.0 178.0
105.0 620.0 112.0 611.0
269.0 167.0 251.0 147.0
122.0 357.0 122.0 350.0
172.0 603.0 180.0 593.0
104.0 619.0 112.0 611.0
429.0 377.0 419.0 362.0
220.0 621.0 228.0 605.0
78.0 512.0 83.0 505.0
70.0 430.0 72.0 427.0
96.0 464.0 99.0 457.0
105.0 619.0 112.0 611.0
70.0 431.0 72.0 427.0
219.0 621.0 228.0 605.0
355.0 139.0 348.0 132.0
430.0 378.0 419.0 362.0
13.0 511.0 18.0 508.0
279.0 182.0 274.0 178.0
30.0 470.0 34.0 466.0
355.0 140.0 348.0 132.0
49.0 547.0 54.0 542.0
269.0 168.0 251.0 147.0
85.0 541.0 85.0 527.0
136.0 88.0 132.0 89.0
48.0 547.0 54.0 542.0
462.0 63.0 453.0 52.0
71.0 430.0 72.0 427.0
101.0 526.0 106.0 517.0
95.0 487.0 99.0 480.0
173.0 603.0 180.0 593.0
136.0 87.0 133.0 89.0
137.0 89.0 133.0 89.0
31.0 471.0 34.0 466.0
138.0 47.0 131.0 48.0
71.0 252.0 70.0 249.0
78.0 511.0 83.0 505.0
270.0 167.0 251.0 147.0
100.0 526.0 105.0 517.0
136.0 89.0 132.0 89.0
45.0 374.0 46.0 370.0
48.0 546.0 54.0 542.0
138.0 46.0 131.0 48.0
97.0 465.0 99.0 457.0
279.0 184.0 274.0 178.0
77.0 511.0 82.0 504.0
100.0 527.0 106.0 517.0
279.0 183.0 274.0 178.0
219.0 623.0 228.0 605.0
56.0 631.0 63.0 626.0
417.0 223.0 426.0 218.0
220.0 622.0 228.0 605.0
122.0 358.0 123.0 350.0
220.0 623.0 228.0 605.0
49.0 546.0 54.0 542.0
221.0 115.0 215.0 113.0
137.0 47.0 131.0 48.0
78.0 374.0 79.0 369.0
55.0 631.0 63.0 626.0
30.0 471.0 34.0 466.0
136.0 47.0 131.0 48.0
363.0 161.0 357.0 153.0
270.0 168.0 251.0 147.0
37.0 581.0 44.0 575.0
136.0 46.0 131.0 48.0
173.0 604.0 180.0 593.0
123.0 358.0 123.0 349.0
300.0 54.0 290.0 51.0
19.0 611.0 25.0 607.0
219.0 622.0 228.0 605.0
77.0 374.0 79.0 369.0
56.0 632.0 63.0 626.0
78.0 510.0 83.0 505.0
299.0 54.0 290.0 51.0
389.0 560.0 397.0 548.0
173.0 602.0 180.0 593.0
30.0 472.0 33.0 467.0
172.0 604.0 180.0 593.0
19.0 612.0 25.0 607.0
76.0 374.0 77.0 369.0
49.0 545.0 54.0 542.0
390.0 560.0 397.0 548.0
174.0 603.0 180.0 593.0
362.0 161.0 357.0 153.0
80.0 530.0 85.0 526.0
79.0 529.0 85.0 526.0
363.0 162.0 357.0 153.0
36.0 581.0 44.0 575.0
159.0 73.0 152.0 75.0
445.0 36.0 434.0 25.0
137.0 46.0 131.0 48.0
80.0 529.0 86.0 526.0
29.0 471.0 33.0 467.0
36.0 582.0 44.0 575.0
116.0 631.0 126.0 622.0
77.0 373.0 77.0 369.0
48.0 545.0 54.0 542.0
299.0 55.0 290.0 51.0
123.0 359.0 123.0 350.0
300.0 55.0 290.0 51.0
35.0 455.0 39.0 451.0
50.0 546.0 55.0 540.0
37.0 582.0 44.0 575.0
35.0 456.0 38.0 451.0
237.0 389.0 238.0 384.0
299.0 56.0 290.0 51.0
237.0 388.0 238.0 384.0
34.0 455.0 38.0 451.0
50.0 545.0 55.0 540.0
19.0 547.0 24.0 544.0
70.0 572.0 75.0 575.0
20.0 548.0 24.0 544.0
117.0 631.0 126.0 620.0
19.0 548.0 24.0 544.0
238.0 390.0 238.0 384.0
18.0 548.0 24.0 544.0
117.0 632.0 126.0 622.0
238.0 389.0 238.0 384.0
19.0 549.0 24.0 544.0
233.0 130.0 251.0 147.0
238.0 387.0 238.0 384.0
238.0 388.0 238.0 384.0
233.0 131.0 251.0 147.0
185.0 637.0 192.0 616.0
31.0 600.0 26.0 607.0
239.0 388.0 238.0 384.0
239.0 389.0 238.0 384.0
32.0 601.0 26.0 607.0
31.0 601.0 26.0 607.0
232.0 130.0 215.0 113.0
32.0 600.0 26.0 607.0
192.0 210.0 203.0 213.0
33.0 600.0 26.0 607.0
131.0 587.0 135.0 581.0
323.0 176.0 325.0 187.0
25.0 145.0 28.0 151.0
407.0 146.0 410.0 148.0
323.0 177.0 325.0 187.0
25.0 144.0 28.0 151.0
232.0 131.0 215.0 113.0
322.0 177.0 325.0 187.0
233.0 132.0 251.0 147.0
322.0 176.0 325.0 187.0
315.0 133.0 272.0 92.0
232.0 132.0 215.0 113.0
315.0 132.0 272.0 92.0
174.0 588.0 185.0 584.0
109.0 210.0 97.0 198.0
191.0 209.0 203.0 213.0
173.0 589.0 185.0 584.0
347.0 334.0 325.0 303.0
174.0 589.0 185.0 584.0
173.0 588.0 185.0 584.0
191.0 211.0 203.0 213.0
190.0 209.0 203.0 213.0
3.0 195.0 4.0 211.0
27.0 440.0 28.0 446.0
454.0 562.0 457.0 579.0
454.0 563.0 457.0 579.0
191.0 210.0 203.0 213.0
454.0 561.0 457.0 579.0
455.0 563.0 457.0 579.0
455.0 562.0 457.0 579.0
