350.0 429.0 354.0 435.0
368.0 242.0 370.0 248.0
152.0 124.0 157.0 136.0
368.0 241.0 370.0 248.0
229.0 109.0 233.0 121.0
351.0 430.0 354.0 435.0
350.0 430.0 353.0 435.0
367.0 242.0 369.0 248.0
272.0 161.0 275.0 174.0
141.0 233.0 146.0 245.0
272.0 162.0 275.0 174.0
221.0 134.0 225.0 146.0
345.0 97.0 346.0 106.0
381.0 232.0 383.0 239.0
439.0 309.0 440.0 313.0
112.0 266.0 119.0 276.0
141.0 232.0 146.0 245.0
271.0 161.0 274.0 173.0
273.0 162.0 275.0 174.0
112.0 267.0 119.0 276.0
321.0 219.0 323.0 226.0
321.0 218.0 323.0 226.0
272.0 163.0 275.0 174.0
337.0 210.0 339.0 218.0
148.0 508.0 154.0 517.0
380.0 232.0 383.0 239.0
380.0 233.0 383.0 239.0
322.0 218.0 323.0 226.0
322.0 219.0 323.0 226.0
439.0 308.0 440.0 313.0
142.0 233.0 146.0 245.0
381.0 233.0 383.0 239.0
59.0 509.0 65.0 520.0
59.0 510.0 65.0 520.0
113.0 265.0 120.0 276.0
342.0 524.0 347.0 529.0
271.0 162.0 275.0 174.0
113.0 266.0 120.0 277.0
385.0 363.0 389.0 369.0
337.0 209.0 339.0 218.0
149.0 508.0 154.0 517.0
388.0 625.0 393.0 632.0
235.0 436.0 240.0 444.0
214.0 244.0 218.0 256.0
385.0 361.0 389.0 368.0
338.0 210.0 340.0 218.0
148.0 509.0 154.0 517.0
214.0 246.0 218.0 257.0
112.0 265.0 119.0 276.0
236.0 437.0 240.0 444.0
444.0 499.0 447.0 502.0
234.0 437.0 240.0 444.0
344.0 97.0 346.0 106.0
389.0 625.0 393.0 632.0
233.0 543.0 239.0 551.0
235.0 438.0 240.0 444.0
215.0 246.0 218.0 257.0
385.0 362.0 389.0 368.0
235.0 437.0 240.0 444.0
214.0 245.0 218.0 257.0
259.0 564.0 266.0 573.0
321.0 220.0 323.0 226.0
342.0 525.0 347.0 529.0
417.0 562.0 421.0 564.0
259.0 563.0 266.0 573.0
343.0 96.0 345.0 106.0
60.0 509.0 65.0 520.0
342.0 523.0 347.0 527.0
234.0 544.0 239.0 551.0
389.0 626.0 393.0 632.0
320.0 218.0 323.0 226.0
338.0 211.0 340.0 218.0
384.0 362.0 389.0 368.0
307.0 325.0 311.0 330.0
388.0 626.0 393.0 632.0
339.0 210.0 340.0 218.0
308.0 325.0 311.0 330.0
234.0 543.0 239.0 551.0
215.0 245.0 218.0 256.0
220.0 133.0 225.0 146.0
236.0 438.0 240.0 444.0
111.0 265.0 119.0 276.0
59.0 508.0 65.0 520.0
309.0 325.0 311.0 330.0
455.0 565.0 460.0 570.0
268.0 66.0 271.0 77.0
344.0 96.0 345.0 106.0
308.0 324.0 311.0 330.0
111.0 266.0 119.0 276.0
342.0 522.0 347.0 527.0
389.0 627.0 393.0 632.0
233.0 544.0 239.0 551.0
215.0 244.0 218.0 256.0
85.0 322.0 91.0 335.0
338.0 209.0 340.0 218.0
289.0 433.0 293.0 441.0
215.0 470.0 220.0 478.0
456.0 565.0 460.0 570.0
417.0 561.0 421.0 564.0
288.0 434.0 292.0 441.0
97.0 215.0 103.0 228.0
405.0 482.0 410.0 485.0
405.0 481.0 410.0 485.0
149.0 509.0 154.0 517.0
268.0 230.0 272.0 241.0
145.0 185.0 151.0 198.0
430.0 489.0 434.0 493.0
190.0 492.0 194.0 500.0
244.0 455.0 251.0 463.0
399.0 560.0 403.0 565.0
321.0 217.0 323.0 226.0
274.0 347.0 279.0 353.0
96.0 216.0 103.0 228.0
353.0 610.0 358.0 618.0
430.0 488.0 434.0 493.0
457.0 565.0 460.0 570.0
289.0 434.0 292.0 441.0
307.0 324.0 310.0 330.0
416.0 615.0 417.0 619.0
220.0 134.0 225.0 146.0
350.0 399.0 351.0 404.0
407.0 481.0 410.0 484.0
330.0 60.0 331.0 70.0
85.0 323.0 91.0 335.0
244.0 305.0 249.0 311.0
267.0 539.0 273.0 547.0
267.0 66.0 271.0 77.0
416.0 562.0 421.0 564.0
268.0 67.0 272.0 77.0
428.0 368.0 431.0 372.0
219.0 133.0 224.0 147.0
406.0 482.0 410.0 485.0
215.0 469.0 220.0 478.0
211.0 549.0 216.0 556.0
89.0 288.0 93.0 295.0
456.0 564.0 460.0 570.0
388.0 627.0 393.0 632.0
207.0 347.0 210.0 356.0
431.0 489.0 434.0 493.0
261.0 386.0 267.0 394.0
267.0 230.0 272.0 241.0
430.0 490.0 434.0 493.0
179.0 473.0 185.0 482.0
245.0 455.0 251.0 463.0
406.0 481.0 410.0 485.0
267.0 231.0 271.0 241.0
382.0 379.0 383.0 384.0
215.0 468.0 220.0 478.0
146.0 185.0 151.0 198.0
98.0 216.0 103.0 228.0
398.0 560.0 403.0 565.0
431.0 490.0 434.0 493.0
288.0 433.0 292.0 441.0
179.0 474.0 186.0 482.0
245.0 456.0 251.0 463.0
456.0 566.0 460.0 570.0
267.0 67.0 271.0 77.0
334.0 475.0 337.0 481.0
353.0 611.0 358.0 618.0
416.0 561.0 421.0 564.0
352.0 610.0 357.0 616.0
98.0 217.0 103.0 228.0
216.0 469.0 220.0 478.0
261.0 385.0 267.0 394.0
288.0 435.0 292.0 441.0
381.0 379.0 383.0 384.0
414.0 362.0 415.0 366.0
220.0 135.0 225.0 146.0
178.0 473.0 185.0 482.0
352.0 611.0 357.0 618.0
190.0 491.0 194.0 500.0
86.0 323.0 91.0 335.0
407.0 482.0 410.0 485.0
399.0 561.0 403.0 565.0
275.0 347.0 279.0 353.0
262.0 386.0 266.0 395.0
299.0 391.0 302.0 399.0
330.0 61.0 331.0 71.0
366.0 545.0 371.0 551.0
397.0 561.0 402.0 566.0
219.0 135.0 225.0 146.0
303.0 497.0 305.0 503.0
206.0 511.0 211.0 518.0
354.0 611.0 358.0 618.0
115.0 236.0 123.0 248.0
219.0 134.0 224.0 147.0
250.0 549.0 255.0 559.0
180.0 473.0 185.0 482.0
97.0 216.0 103.0 228.0
353.0 612.0 358.0 618.0
398.0 561.0 402.0 566.0
262.0 385.0 266.0 395.0
86.0 322.0 91.0 334.0
176.0 507.0 178.0 517.0
267.0 538.0 273.0 547.0
86.0 321.0 91.0 334.0
147.0 185.0 151.0 198.0
235.0 421.0 238.0 426.0
382.0 380.0 383.0 384.0
116.0 236.0 124.0 248.0
146.0 184.0 151.0 197.0
354.0 444.0 359.0 449.0
116.0 235.0 124.0 248.0
354.0 443.0 359.0 449.0
180.0 472.0 186.0 480.0
263.0 386.0 266.0 395.0
366.0 544.0 371.0 551.0
97.0 217.0 103.0 228.0
398.0 562.0 402.0 566.0
228.0 311.0 234.0 320.0
164.0 522.0 169.0 531.0
249.0 549.0 255.0 559.0
207.0 511.0 211.0 518.0
374.0 510.0 379.0 513.0
190.0 490.0 194.0 500.0
163.0 522.0 169.0 531.0
416.0 433.0 418.0 438.0
329.0 60.0 331.0 70.0
49.0 591.0 53.0 598.0
51.0 559.0 56.0 569.0
279.0 585.0 284.0 592.0
50.0 557.0 55.0 569.0
266.0 539.0 273.0 547.0
245.0 305.0 249.0 311.0
191.0 491.0 194.0 500.0
227.0 284.0 231.0 293.0
373.0 510.0 378.0 513.0
280.0 586.0 284.0 592.0
234.0 420.0 238.0 426.0
243.0 305.0 248.0 312.0
98.0 215.0 103.0 228.0
266.0 538.0 273.0 547.0
50.0 559.0 55.0 570.0
162.0 522.0 169.0 531.0
294.0 39.0 297.0 51.0
190.0 489.0 194.0 500.0
163.0 521.0 169.0 531.0
341.0 304.0 342.0 309.0
217.0 262.0 222.0 272.0
234.0 421.0 238.0 426.0
115.0 235.0 124.0 248.0
367.0 544.0 371.0 551.0
227.0 283.0 231.0 293.0
294.0 38.0 297.0 51.0
334.0 474.0 337.0 481.0
329.0 61.0 330.0 71.0
330.0 62.0 331.0 71.0
299.0 392.0 302.0 399.0
413.0 362.0 414.0 366.0
300.0 391.0 302.0 399.0
179.0 472.0 185.0 482.0
50.0 558.0 55.0 570.0
280.0 585.0 284.0 592.0
216.0 262.0 221.0 273.0
367.0 545.0 371.0 551.0
374.0 509.0 378.0 513.0
217.0 263.0 221.0 273.0
373.0 509.0 378.0 513.0
399.0 373.0 402.0 378.0
262.0 429.0 264.0 435.0
375.0 509.0 379.0 513.0
261.0 429.0 264.0 435.0
341.0 305.0 342.0 309.0
228.0 284.0 231.0 293.0
243.0 241.0 247.0 252.0
342.0 304.0 342.0 309.0
329.0 62.0 330.0 71.0
51.0 558.0 55.0 570.0
335.0 474.0 337.0 481.0
354.0 442.0 359.0 449.0
399.0 562.0 402.0 566.0
216.0 263.0 221.0 273.0
249.0 548.0 255.0 559.0
191.0 490.0 194.0 500.0
413.0 361.0 414.0 366.0
375.0 510.0 379.0 513.0
415.0 433.0 418.0 438.0
249.0 550.0 255.0 559.0
243.0 242.0 247.0 252.0
452.0 543.0 457.0 546.0
298.0 536.0 301.0 543.0
306.0 437.0 309.0 444.0
300.0 392.0 302.0 399.0
297.0 536.0 301.0 543.0
448.0 500.0 447.0 502.0
244.0 242.0 248.0 252.0
369.0 527.0 373.0 532.0
244.0 241.0 248.0 252.0
226.0 282.0 231.0 293.0
330.0 63.0 330.0 71.0
383.0 11.0 383.0 22.0
448.0 499.0 447.0 502.0
250.0 550.0 255.0 559.0
254.0 501.0 260.0 509.0
228.0 283.0 231.0 293.0
370.0 527.0 373.0 532.0
342.0 306.0 344.0 310.0
412.0 362.0 414.0 366.0
191.0 489.0 194.0 500.0
366.0 235.0 369.0 247.0
226.0 283.0 231.0 293.0
214.0 438.0 218.0 445.0
452.0 542.0 457.0 546.0
227.0 282.0 231.0 293.0
293.0 38.0 297.0 51.0
453.0 543.0 457.0 546.0
342.0 305.0 344.0 310.0
291.0 420.0 295.0 426.0
213.0 439.0 218.0 445.0
294.0 37.0 297.0 51.0
292.0 420.0 295.0 426.0
255.0 502.0 260.0 509.0
398.0 372.0 402.0 378.0
383.0 9.0 383.0 22.0
398.0 373.0 402.0 378.0
451.0 543.0 457.0 546.0
214.0 439.0 218.0 445.0
291.0 421.0 295.0 426.0
383.0 8.0 383.0 22.0
412.0 361.0 414.0 366.0
293.0 37.0 297.0 51.0
451.0 542.0 457.0 546.0
431.0 454.0 440.0 463.0
399.0 374.0 402.0 378.0
255.0 501.0 260.0 509.0
243.0 205.0 249.0 216.0
383.0 10.0 383.0 22.0
335.0 473.0 337.0 481.0
449.0 500.0 447.0 502.0
254.0 502.0 260.0 509.0
222.0 399.0 224.0 413.0
397.0 372.0 402.0 378.0
398.0 374.0 402.0 378.0
244.0 205.0 249.0 216.0
244.0 204.0 249.0 216.0
247.0 178.0 251.0 188.0
301.0 392.0 302.0 399.0
292.0 421.0 295.0 426.0
248.0 178.0 251.0 188.0
248.0 34.0 252.0 48.0
276.0 498.0 280.0 506.0
245.0 205.0 249.0 216.0
275.0 19.0 278.0 35.0
276.0 499.0 280.0 506.0
244.0 206.0 249.0 216.0
244.0 203.0 249.0 216.0
214.0 589.0 218.0 594.0
249.0 178.0 251.0 188.0
214.0 440.0 218.0 445.0
258.0 421.0 264.0 435.0
245.0 204.0 249.0 216.0
109.0 329.0 115.0 339.0
249.0 34.0 252.0 48.0
222.0 398.0 224.0 413.0
275.0 18.0 279.0 34.0
221.0 398.0 224.0 413.0
366.0 234.0 369.0 247.0
215.0 439.0 218.0 445.0
427.0 470.0 428.0 482.0
249.0 179.0 251.0 188.0
237.0 385.0 240.0 393.0
108.0 329.0 115.0 339.0
428.0 469.0 428.0 482.0
428.0 470.0 428.0 482.0
275.0 498.0 280.0 506.0
275.0 499.0 280.0 506.0
108.0 328.0 115.0 339.0
214.0 588.0 218.0 594.0
364.0 527.0 373.0 532.0
107.0 328.0 115.0 339.0
236.0 385.0 240.0 393.0
215.0 440.0 218.0 445.0
248.0 179.0 251.0 188.0
247.0 179.0 251.0 188.0
429.0 470.0 428.0 482.0
107.0 329.0 115.0 339.0
258.0 422.0 264.0 435.0
276.0 18.0 279.0 34.0
44.0 584.0 52.0 598.0
275.0 500.0 280.0 506.0
248.0 180.0 251.0 189.0
257.0 421.0 264.0 435.0
364.0 528.0 373.0 532.0
106.0 329.0 115.0 339.0
257.0 422.0 264.0 435.0
363.0 527.0 373.0 532.0
106.0 328.0 115.0 339.0
215.0 589.0 218.0 594.0
215.0 588.0 218.0 594.0
411.0 546.0 413.0 543.0
274.0 499.0 280.0 506.0
309.0 225.0 323.0 226.0
363.0 528.0 373.0 532.0
306.0 573.0 315.0 589.0
319.0 422.0 324.0 423.0
299.0 276.0 306.0 282.0
298.0 276.0 306.0 282.0
270.0 343.0 279.0 353.0
270.0 342.0 279.0 353.0
43.0 584.0 52.0 598.0
298.0 277.0 306.0 282.0
269.0 343.0 279.0 353.0
429.0 627.0 422.0 620.0
269.0 342.0 279.0 353.0
141.0 519.0 153.0 518.0
42.0 584.0 52.0 598.0
268.0 342.0 279.0 353.0
268.0 343.0 279.0 353.0
141.0 520.0 153.0 518.0
269.0 341.0 279.0 353.0
