193.0 165.0 179.0 160.0
73.0 127.0 61.0 123.0
74.0 128.0 61.0 124.0
73.0 126.0 61.0 123.0
73.0 128.0 61.0 123.0
192.0 165.0 177.0 160.0
389.0 558.0 374.0 538.0
371.0 352.0 355.0 338.0
193.0 166.0 178.0 160.0
74.0 127.0 61.0 123.0
74.0 126.0 61.0 123.0
72.0 126.0 61.0 123.0
370.0 352.0 355.0 338.0
370.0 353.0 355.0 338.0
192.0 166.0 178.0 160.0
375.0 452.0 358.0 433.0
191.0 165.0 179.0 159.0
190.0 165.0 176.0 159.0
409.0 376.0 393.0 360.0
275.0 579.0 262.0 564.0
389.0 559.0 374.0 538.0
191.0 166.0 177.0 160.0
174.0 227.0 161.0 220.0
374.0 452.0 358.0 433.0
192.0 167.0 178.0 160.0
72.0 127.0 61.0 123.0
370.0 351.0 355.0 337.0
193.0 167.0 178.0 160.0
390.0 558.0 374.0 539.0
191.0 167.0 177.0 160.0
315.0 182.0 302.0 173.0
371.0 351.0 355.0 338.0
274.0 579.0 261.0 564.0
175.0 227.0 161.0 220.0
315.0 183.0 302.0 173.0
173.0 227.0 161.0 220.0
119.0 43.0 105.0 38.0
190.0 166.0 176.0 159.0
408.0 376.0 393.0 360.0
289.0 453.0 275.0 440.0
390.0 559.0 374.0 539.0
349.0 262.0 334.0 250.0
118.0 43.0 105.0 38.0
315.0 184.0 302.0 173.0
391.0 559.0 374.0 539.0
316.0 182.0 302.0 173.0
316.0 183.0 302.0 173.0
349.0 264.0 334.0 250.0
256.0 284.0 243.0 273.0
287.0 453.0 273.0 441.0
154.0 452.0 141.0 445.0
174.0 228.0 161.0 220.0
408.0 375.0 393.0 360.0
359.0 387.0 345.0 372.0
119.0 42.0 105.0 38.0
285.0 301.0 272.0 290.0
349.0 263.0 334.0 250.0
350.0 263.0 334.0 250.0
285.0 302.0 272.0 290.0
289.0 452.0 275.0 440.0
390.0 560.0 374.0 539.0
409.0 375.0 393.0 360.0
173.0 228.0 161.0 220.0
348.0 263.0 334.0 250.0
224.0 552.0 210.0 540.0
118.0 42.0 105.0 38.0
286.0 301.0 272.0 290.0
389.0 560.0 374.0 538.0
350.0 264.0 334.0 250.0
125.0 25.0 111.0 20.0
257.0 284.0 243.0 273.0
285.0 300.0 272.0 290.0
288.0 454.0 273.0 441.0
288.0 453.0 275.0 440.0
175.0 228.0 161.0 220.0
348.0 264.0 334.0 250.0
287.0 452.0 273.0 441.0
233.0 30.0 221.0 28.0
287.0 454.0 273.0 441.0
141.0 221.0 127.0 215.0
164.0 565.0 156.0 555.0
279.0 544.0 264.0 528.0
225.0 553.0 210.0 540.0
140.0 221.0 127.0 215.0
278.0 544.0 264.0 527.0
277.0 544.0 264.0 527.0
224.0 553.0 210.0 540.0
221.0 44.0 210.0 41.0
286.0 453.0 273.0 441.0
288.0 452.0 275.0 440.0
167.0 291.0 155.0 284.0
258.0 284.0 244.0 273.0
360.0 387.0 345.0 372.0
141.0 222.0 127.0 215.0
140.0 222.0 127.0 215.0
284.0 73.0 269.0 67.0
283.0 73.0 269.0 67.0
225.0 552.0 210.0 540.0
361.0 388.0 345.0 372.0
197.0 54.0 187.0 49.0
158.0 402.0 145.0 394.0
367.0 548.0 353.0 529.0
221.0 42.0 210.0 40.0
278.0 545.0 264.0 528.0
277.0 543.0 264.0 527.0
166.0 291.0 154.0 284.0
286.0 452.0 273.0 441.0
285.0 299.0 271.0 288.0
286.0 454.0 273.0 441.0
167.0 292.0 154.0 285.0
286.0 300.0 271.0 288.0
139.0 221.0 127.0 215.0
284.0 300.0 271.0 289.0
164.0 566.0 156.0 555.0
232.0 30.0 221.0 27.0
284.0 72.0 269.0 67.0
368.0 547.0 353.0 529.0
196.0 53.0 187.0 49.0
271.0 608.0 258.0 595.0
158.0 401.0 145.0 394.0
139.0 222.0 127.0 215.0
222.0 44.0 210.0 41.0
129.0 117.0 116.0 114.0
157.0 401.0 145.0 394.0
113.0 425.0 99.0 417.0
157.0 402.0 145.0 394.0
129.0 118.0 116.0 114.0
221.0 43.0 210.0 41.0
111.0 492.0 98.0 484.0
367.0 547.0 353.0 529.0
271.0 609.0 258.0 595.0
100.0 102.0 86.0 97.0
111.0 423.0 98.0 416.0
282.0 72.0 269.0 67.0
81.0 101.0 68.0 98.0
112.0 424.0 98.0 416.0
284.0 301.0 271.0 289.0
195.0 53.0 187.0 49.0
185.0 551.0 171.0 540.0
81.0 204.0 68.0 199.0
128.0 117.0 116.0 114.0
360.0 388.0 345.0 372.0
259.0 283.0 244.0 273.0
368.0 548.0 353.0 529.0
185.0 552.0 172.0 541.0
188.0 503.0 175.0 493.0
225.0 554.0 210.0 540.0
114.0 424.0 98.0 416.0
98.0 102.0 86.0 97.0
324.0 588.0 309.0 571.0
149.0 299.0 136.0 290.0
196.0 54.0 187.0 49.0
91.0 527.0 77.0 519.0
369.0 547.0 353.0 529.0
360.0 389.0 345.0 373.0
111.0 491.0 98.0 484.0
90.0 528.0 77.0 519.0
196.0 55.0 187.0 49.0
189.0 503.0 175.0 493.0
359.0 389.0 345.0 373.0
283.0 72.0 269.0 67.0
99.0 102.0 86.0 97.0
188.0 504.0 175.0 493.0
114.0 425.0 99.0 417.0
108.0 564.0 92.0 554.0
359.0 388.0 345.0 372.0
81.0 205.0 67.0 199.0
367.0 546.0 353.0 529.0
222.0 43.0 210.0 40.0
184.0 552.0 172.0 541.0
321.0 571.0 306.0 555.0
272.0 608.0 258.0 595.0
82.0 204.0 68.0 199.0
129.0 116.0 116.0 113.0
184.0 550.0 171.0 540.0
128.0 118.0 116.0 114.0
368.0 546.0 353.0 529.0
195.0 54.0 187.0 49.0
272.0 609.0 258.0 595.0
320.0 570.0 306.0 554.0
184.0 551.0 171.0 540.0
283.0 71.0 269.0 67.0
321.0 570.0 306.0 555.0
113.0 424.0 98.0 416.0
220.0 409.0 205.0 398.0
128.0 116.0 116.0 113.0
219.0 410.0 205.0 398.0
95.0 260.0 81.0 253.0
146.0 581.0 136.0 573.0
81.0 102.0 68.0 98.0
147.0 582.0 136.0 573.0
109.0 564.0 93.0 555.0
369.0 548.0 353.0 529.0
61.0 285.0 47.0 281.0
150.0 299.0 136.0 290.0
323.0 588.0 308.0 571.0
83.0 205.0 68.0 199.0
220.0 410.0 205.0 398.0
60.0 285.0 47.0 281.0
123.0 363.0 109.0 353.0
146.0 582.0 136.0 573.0
282.0 71.0 269.0 67.0
123.0 362.0 109.0 353.0
90.0 527.0 77.0 519.0
322.0 588.0 307.0 572.0
82.0 205.0 68.0 199.0
89.0 527.0 77.0 519.0
145.0 581.0 136.0 573.0
320.0 571.0 306.0 554.0
149.0 298.0 136.0 290.0
271.0 610.0 258.0 595.0
67.0 531.0 54.0 523.0
282.0 70.0 269.0 67.0
145.0 582.0 136.0 573.0
127.0 118.0 116.0 114.0
151.0 299.0 136.0 290.0
43.0 275.0 30.0 271.0
150.0 298.0 136.0 290.0
42.0 275.0 30.0 271.0
247.0 432.0 237.0 422.0
165.0 413.0 154.0 404.0
122.0 361.0 108.0 352.0
324.0 589.0 309.0 571.0
82.0 101.0 68.0 98.0
59.0 285.0 47.0 281.0
204.0 448.0 189.0 438.0
60.0 286.0 48.0 282.0
32.0 190.0 18.0 186.0
122.0 363.0 109.0 353.0
127.0 117.0 116.0 114.0
156.0 627.0 144.0 617.0
122.0 362.0 108.0 352.0
41.0 275.0 30.0 271.0
157.0 627.0 144.0 617.0
203.0 448.0 189.0 438.0
322.0 589.0 307.0 572.0
204.0 449.0 189.0 438.0
323.0 589.0 307.0 572.0
224.0 270.0 210.0 260.0
127.0 116.0 116.0 113.0
90.0 526.0 77.0 519.0
166.0 412.0 154.0 404.0
66.0 531.0 54.0 523.0
225.0 269.0 210.0 260.0
158.0 627.0 145.0 618.0
44.0 275.0 30.0 271.0
166.0 413.0 155.0 405.0
157.0 626.0 144.0 617.0
31.0 190.0 18.0 186.0
102.0 401.0 90.0 395.0
225.0 270.0 210.0 260.0
224.0 269.0 210.0 260.0
165.0 412.0 154.0 404.0
408.0 615.0 391.0 592.0
392.0 595.0 376.0 575.0
89.0 528.0 77.0 519.0
102.0 402.0 90.0 395.0
220.0 411.0 206.0 398.0
103.0 401.0 90.0 395.0
121.0 363.0 108.0 352.0
103.0 402.0 90.0 395.0
203.0 449.0 189.0 438.0
30.0 190.0 18.0 186.0
125.0 550.0 110.0 541.0
134.0 462.0 126.0 449.0
243.0 305.0 230.0 294.0
61.0 286.0 48.0 282.0
121.0 361.0 108.0 352.0
133.0 462.0 126.0 449.0
121.0 362.0 108.0 352.0
393.0 595.0 376.0 575.0
19.0 478.0 8.0 474.0
59.0 286.0 48.0 283.0
40.0 275.0 30.0 271.0
408.0 614.0 391.0 592.0
18.0 478.0 8.0 474.0
31.0 191.0 18.0 186.0
32.0 191.0 18.0 186.0
61.0 252.0 48.0 246.0
124.0 550.0 110.0 541.0
60.0 287.0 48.0 283.0
202.0 429.0 183.0 423.0
123.0 550.0 110.0 541.0
101.0 401.0 89.0 395.0
30.0 191.0 18.0 186.0
179.0 50.0 165.0 43.0
409.0 614.0 391.0 592.0
226.0 270.0 210.0 260.0
409.0 615.0 391.0 592.0
202.0 448.0 189.0 438.0
88.0 527.0 76.0 519.0
18.0 477.0 8.0 474.0
45.0 111.0 34.0 107.0
132.0 462.0 126.0 449.0
51.0 217.0 38.0 213.0
226.0 269.0 210.0 260.0
19.0 476.0 8.0 474.0
51.0 216.0 38.0 213.0
19.0 477.0 8.0 474.0
133.0 463.0 126.0 449.0
203.0 429.0 183.0 423.0
61.0 541.0 46.0 534.0
202.0 428.0 183.0 423.0
52.0 217.0 38.0 213.0
52.0 216.0 38.0 213.0
65.0 606.0 53.0 596.0
220.0 581.0 202.0 566.0
179.0 51.0 165.0 43.0
43.0 538.0 29.0 530.0
410.0 403.0 402.0 385.0
66.0 605.0 53.0 596.0
203.0 428.0 183.0 423.0
43.0 537.0 29.0 530.0
48.0 133.0 34.0 129.0
180.0 50.0 165.0 43.0
287.0 596.0 273.0 579.0
204.0 411.0 192.0 405.0
65.0 605.0 53.0 596.0
132.0 463.0 126.0 449.0
44.0 539.0 29.0 530.0
53.0 216.0 38.0 213.0
66.0 606.0 53.0 596.0
41.0 433.0 24.0 424.0
53.0 217.0 38.0 213.0
41.0 432.0 24.0 424.0
40.0 432.0 24.0 424.0
123.0 523.0 100.0 515.0
23.0 108.0 10.0 105.0
31.0 293.0 18.0 290.0
112.0 291.0 104.0 281.0
24.0 109.0 10.0 105.0
40.0 433.0 24.0 424.0
287.0 595.0 273.0 579.0
30.0 293.0 18.0 290.0
204.0 410.0 192.0 405.0
44.0 537.0 29.0 530.0
113.0 292.0 104.0 281.0
44.0 538.0 29.0 530.0
124.0 523.0 116.0 509.0
37.0 321.0 21.0 317.0
49.0 450.0 37.0 441.0
16.0 626.0 25.0 621.0
370.0 334.0 355.0 337.0
38.0 322.0 21.0 317.0
112.0 292.0 104.0 281.0
15.0 627.0 25.0 621.0
207.0 39.0 208.0 40.0
14.0 626.0 25.0 621.0
25.0 478.0 8.0 474.0
15.0 626.0 25.0 621.0
370.0 333.0 355.0 338.0
262.0 58.0 249.0 64.0
14.0 627.0 25.0 621.0
15.0 625.0 25.0 621.0
38.0 321.0 21.0 317.0
369.0 334.0 355.0 338.0
384.0 603.0 368.0 584.0
384.0 604.0 368.0 584.0
22.0 363.0 5.0 351.0
187.0 332.0 184.0 329.0
22.0 362.0 5.0 351.0
337.0 532.0 313.0 507.0
143.0 598.0 136.0 574.0
313.0 45.0 269.0 67.0
102.0 336.0 89.0 394.0
102.0 337.0 89.0 394.0
315.0 44.0 269.0 67.0
101.0 336.0 89.0 394.0
103.0 336.0 89.0 394.0
143.0 599.0 136.0 574.0
314.0 45.0 269.0 67.0
102.0 335.0 89.0 394.0
337.0 533.0 313.0 507.0
314.0 44.0 269.0 67.0
101.0 337.0 89.0 394.0
