359.0 124.0 373.0 129.0
359.0 125.0 373.0 129.0
360.0 124.0 373.0 129.0
360.0 125.0 373.0 129.0
193.0 190.0 207.0 194.0
361.0 125.0 373.0 129.0
360.0 126.0 373.0 129.0
142.0 175.0 156.0 177.0
143.0 175.0 157.0 177.0
143.0 176.0 157.0 177.0
406.0 92.0 419.0 97.0
405.0 92.0 419.0 97.0
144.0 175.0 157.0 178.0
142.0 174.0 156.0 177.0
225.0 421.0 234.0 422.0
246.0 132.0 259.0 138.0
143.0 174.0 157.0 177.0
113.0 22.0 127.0 25.0
176.0 163.0 191.0 166.0
224.0 421.0 233.0 422.0
404.0 91.0 419.0 97.0
225.0 422.0 234.0 422.0
404.0 92.0 419.0 97.0
172.0 155.0 185.0 158.0
114.0 22.0 128.0 25.0
406.0 91.0 421.0 97.0
114.0 21.0 129.0 26.0
405.0 91.0 419.0 97.0
282.0 620.0 288.0 619.0
224.0 422.0 234.0 422.0
246.0 133.0 259.0 138.0
113.0 21.0 127.0 25.0
405.0 90.0 420.0 95.0
407.0 91.0 421.0 97.0
117.0 161.0 133.0 164.0
146.0 69.0 161.0 73.0
90.0 30.0 107.0 33.0
113.0 23.0 128.0 25.0
145.0 70.0 160.0 73.0
85.0 170.0 98.0 173.0
163.0 614.0 171.0 611.0
84.0 171.0 98.0 173.0
83.0 171.0 98.0 173.0
73.0 75.0 91.0 78.0
91.0 30.0 107.0 33.0
11.0 503.0 12.0 499.0
406.0 90.0 420.0 95.0
145.0 69.0 160.0 73.0
90.0 29.0 107.0 33.0
254.0 466.0 262.0 468.0
73.0 76.0 91.0 78.0
114.0 23.0 128.0 25.0
255.0 465.0 262.0 467.0
255.0 464.0 262.0 467.0
308.0 568.0 315.0 570.0
164.0 613.0 171.0 611.0
254.0 465.0 262.0 467.0
281.0 619.0 288.0 619.0
164.0 612.0 171.0 611.0
229.0 317.0 240.0 319.0
244.0 486.0 252.0 487.0
308.0 567.0 314.0 570.0
84.0 170.0 98.0 173.0
146.0 68.0 161.0 73.0
272.0 481.0 277.0 480.0
84.0 169.0 98.0 173.0
282.0 619.0 288.0 619.0
116.0 162.0 133.0 164.0
144.0 69.0 160.0 73.0
230.0 317.0 241.0 319.0
165.0 614.0 171.0 612.0
245.0 488.0 252.0 488.0
231.0 317.0 241.0 319.0
145.0 68.0 161.0 73.0
65.0 169.0 78.0 170.0
307.0 568.0 315.0 570.0
203.0 586.0 210.0 585.0
115.0 161.0 132.0 164.0
91.0 31.0 107.0 33.0
245.0 487.0 252.0 488.0
193.0 600.0 201.0 598.0
84.0 354.0 95.0 353.0
194.0 599.0 201.0 598.0
375.0 6.0 394.0 11.0
116.0 161.0 133.0 164.0
115.0 162.0 133.0 164.0
53.0 134.0 70.0 135.0
91.0 29.0 108.0 33.0
165.0 613.0 171.0 611.0
244.0 487.0 252.0 487.0
245.0 486.0 252.0 488.0
83.0 353.0 94.0 352.0
164.0 614.0 171.0 611.0
254.0 464.0 262.0 467.0
83.0 170.0 98.0 173.0
194.0 600.0 201.0 598.0
163.0 613.0 171.0 611.0
72.0 75.0 91.0 78.0
295.0 454.0 305.0 458.0
159.0 103.0 174.0 106.0
296.0 454.0 305.0 458.0
66.0 169.0 79.0 171.0
188.0 581.0 194.0 580.0
63.0 18.0 79.0 22.0
376.0 6.0 394.0 11.0
204.0 586.0 210.0 585.0
203.0 587.0 210.0 585.0
83.0 354.0 94.0 352.0
83.0 169.0 98.0 173.0
92.0 30.0 108.0 33.0
149.0 623.0 155.0 619.0
246.0 487.0 252.0 488.0
128.0 409.0 137.0 409.0
204.0 587.0 210.0 585.0
53.0 133.0 70.0 134.0
62.0 19.0 79.0 22.0
63.0 19.0 79.0 22.0
297.0 454.0 305.0 458.0
204.0 585.0 210.0 585.0
52.0 134.0 70.0 135.0
53.0 566.0 63.0 561.0
130.0 380.0 144.0 380.0
271.0 480.0 277.0 480.0
12.0 502.0 12.0 499.0
163.0 612.0 171.0 611.0
66.0 170.0 79.0 171.0
307.0 567.0 315.0 569.0
82.0 354.0 94.0 352.0
67.0 170.0 79.0 171.0
246.0 486.0 252.0 488.0
54.0 566.0 63.0 561.0
51.0 133.0 70.0 135.0
334.0 488.0 342.0 491.0
296.0 455.0 305.0 458.0
173.0 436.0 181.0 435.0
67.0 169.0 79.0 171.0
130.0 381.0 144.0 380.0
321.0 524.0 329.0 526.0
297.0 455.0 305.0 458.0
52.0 133.0 70.0 135.0
92.0 31.0 108.0 33.0
83.0 355.0 95.0 353.0
282.0 618.0 288.0 618.0
28.0 421.0 40.0 417.0
335.0 487.0 342.0 491.0
253.0 464.0 262.0 467.0
281.0 618.0 288.0 618.0
70.0 324.0 81.0 324.0
62.0 18.0 79.0 22.0
117.0 82.0 134.0 84.0
212.0 11.0 231.0 15.0
271.0 481.0 277.0 480.0
55.0 566.0 63.0 561.0
195.0 600.0 201.0 598.0
312.0 547.0 318.0 548.0
149.0 289.0 160.0 289.0
334.0 487.0 342.0 491.0
150.0 623.0 155.0 619.0
118.0 82.0 134.0 84.0
128.0 410.0 137.0 409.0
295.0 455.0 305.0 458.0
205.0 586.0 210.0 585.0
321.0 523.0 329.0 526.0
312.0 549.0 318.0 548.0
54.0 567.0 63.0 561.0
311.0 547.0 318.0 548.0
189.0 581.0 194.0 580.0
71.0 325.0 81.0 324.0
47.0 475.0 56.0 471.0
311.0 548.0 318.0 548.0
160.0 103.0 176.0 106.0
117.0 83.0 134.0 85.0
55.0 107.0 72.0 106.0
185.0 353.0 197.0 353.0
129.0 380.0 138.0 380.0
160.0 104.0 176.0 106.0
320.0 524.0 329.0 526.0
270.0 480.0 277.0 480.0
28.0 419.0 39.0 416.0
149.0 288.0 160.0 289.0
131.0 381.0 144.0 380.0
188.0 582.0 194.0 580.0
187.0 259.0 196.0 259.0
213.0 11.0 231.0 15.0
320.0 523.0 329.0 526.0
29.0 420.0 39.0 416.0
29.0 419.0 39.0 416.0
334.0 486.0 342.0 491.0
68.0 463.0 77.0 461.0
46.0 474.0 56.0 471.0
23.0 383.0 33.0 379.0
28.0 420.0 39.0 416.0
52.0 322.0 62.0 322.0
129.0 381.0 144.0 380.0
24.0 383.0 33.0 379.0
35.0 128.0 47.0 128.0
35.0 127.0 47.0 128.0
205.0 587.0 210.0 585.0
274.0 561.0 280.0 561.0
31.0 474.0 38.0 471.0
37.0 490.0 44.0 486.0
189.0 582.0 194.0 580.0
116.0 82.0 134.0 84.0
129.0 408.0 137.0 409.0
71.0 324.0 81.0 324.0
56.0 107.0 72.0 106.0
46.0 475.0 56.0 471.0
72.0 324.0 81.0 324.0
54.0 107.0 72.0 106.0
200.0 617.0 207.0 617.0
27.0 420.0 39.0 416.0
188.0 528.0 195.0 525.0
89.0 325.0 100.0 325.0
190.0 541.0 197.0 541.0
37.0 491.0 44.0 486.0
47.0 474.0 56.0 471.0
312.0 548.0 318.0 548.0
34.0 128.0 47.0 128.0
52.0 323.0 63.0 323.0
128.0 381.0 137.0 380.0
37.0 492.0 44.0 486.0
188.0 259.0 196.0 259.0
88.0 325.0 100.0 325.0
190.0 528.0 195.0 526.0
36.0 491.0 44.0 486.0
129.0 382.0 144.0 381.0
30.0 475.0 38.0 471.0
34.0 127.0 47.0 128.0
31.0 476.0 39.0 471.0
51.0 323.0 62.0 322.0
128.0 382.0 144.0 381.0
266.0 420.0 274.0 422.0
161.0 103.0 176.0 106.0
275.0 561.0 280.0 561.0
54.0 108.0 72.0 106.0
274.0 560.0 280.0 561.0
26.0 451.0 37.0 446.0
31.0 475.0 39.0 471.0
189.0 528.0 195.0 526.0
266.0 421.0 275.0 423.0
34.0 398.0 44.0 396.0
32.0 475.0 39.0 471.0
129.0 410.0 137.0 409.0
18.0 70.0 31.0 72.0
115.0 622.0 122.0 618.0
88.0 326.0 100.0 325.0
20.0 337.0 32.0 334.0
189.0 529.0 195.0 527.0
185.0 352.0 197.0 353.0
115.0 621.0 122.0 618.0
90.0 424.0 102.0 422.0
19.0 70.0 31.0 72.0
55.0 108.0 72.0 106.0
26.0 450.0 37.0 446.0
20.0 338.0 32.0 334.0
149.0 421.0 160.0 420.0
161.0 104.0 176.0 106.0
115.0 623.0 122.0 618.0
129.0 409.0 137.0 409.0
21.0 338.0 33.0 335.0
114.0 622.0 121.0 618.0
433.0 112.0 446.0 117.0
32.0 476.0 39.0 471.0
65.0 525.0 74.0 522.0
65.0 526.0 74.0 522.0
35.0 397.0 44.0 394.0
18.0 71.0 31.0 72.0
114.0 621.0 121.0 618.0
115.0 542.0 122.0 540.0
36.0 492.0 44.0 486.0
100.0 483.0 107.0 480.0
197.0 282.0 206.0 283.0
171.0 326.0 181.0 326.0
25.0 451.0 37.0 446.0
91.0 332.0 102.0 331.0
91.0 331.0 101.0 325.0
171.0 325.0 181.0 326.0
68.0 466.0 77.0 461.0
97.0 581.0 100.0 579.0
21.0 618.0 36.0 608.0
20.0 122.0 32.0 122.0
96.0 582.0 100.0 579.0
96.0 581.0 100.0 579.0
21.0 617.0 36.0 608.0
48.0 454.0 57.0 450.0
89.0 424.0 102.0 422.0
21.0 122.0 32.0 122.0
99.0 483.0 107.0 480.0
69.0 466.0 77.0 461.0
49.0 376.0 61.0 374.0
50.0 376.0 61.0 374.0
66.0 525.0 74.0 522.0
97.0 582.0 100.0 579.0
204.0 264.0 215.0 269.0
187.0 98.0 205.0 103.0
37.0 548.0 44.0 544.0
77.0 402.0 86.0 399.0
147.0 349.0 160.0 348.0
65.0 528.0 74.0 522.0
351.0 485.0 352.0 490.0
262.0 494.0 265.0 496.0
20.0 123.0 32.0 122.0
148.0 348.0 160.0 348.0
49.0 375.0 61.0 374.0
38.0 547.0 44.0 544.0
170.0 325.0 181.0 325.0
146.0 348.0 160.0 348.0
38.0 548.0 44.0 544.0
50.0 375.0 61.0 374.0
65.0 527.0 74.0 522.0
114.0 261.0 137.0 264.0
147.0 348.0 160.0 348.0
95.0 582.0 100.0 579.0
37.0 547.0 44.0 544.0
100.0 484.0 107.0 480.0
170.0 326.0 181.0 326.0
99.0 484.0 107.0 480.0
69.0 467.0 77.0 461.0
146.0 349.0 160.0 348.0
114.0 262.0 137.0 264.0
98.0 484.0 107.0 480.0
37.0 549.0 44.0 544.0
66.0 526.0 74.0 522.0
44.0 455.0 57.0 450.0
36.0 548.0 44.0 544.0
37.0 621.0 37.0 609.0
99.0 485.0 107.0 480.0
44.0 456.0 56.0 451.0
98.0 485.0 107.0 480.0
262.0 493.0 265.0 496.0
43.0 456.0 57.0 450.0
193.0 625.0 207.0 617.0
66.0 527.0 74.0 522.0
462.0 282.0 471.0 288.0
189.0 299.0 195.0 296.0
111.0 576.0 117.0 573.0
280.0 443.0 305.0 458.0
38.0 580.0 35.0 580.0
187.0 83.0 207.0 103.0
462.0 281.0 471.0 288.0
37.0 622.0 37.0 609.0
461.0 282.0 471.0 288.0
38.0 579.0 35.0 580.0
461.0 280.0 471.0 288.0
279.0 443.0 305.0 458.0
460.0 281.0 471.0 288.0
280.0 444.0 305.0 458.0
279.0 444.0 305.0 458.0
280.0 445.0 304.0 458.0
190.0 299.0 195.0 296.0
132.0 253.0 138.0 264.0
461.0 281.0 471.0 288.0
462.0 280.0 471.0 288.0
187.0 82.0 207.0 103.0
460.0 280.0 471.0 288.0
186.0 83.0 207.0 103.0
252.0 120.0 259.0 136.0
114.0 278.0 137.0 264.0
178.0 342.0 197.0 353.0
40.0 403.0 44.0 396.0
41.0 402.0 44.0 396.0
35.0 442.0 37.0 446.0
178.0 341.0 197.0 353.0
