399.0 19.0 400.0 19.0
398.0 18.0 399.0 18.0
399.0 18.0 400.0 19.0
129.0 573.0 145.0 574.0
347.0 143.0 351.0 141.0
130.0 573.0 145.0 574.0
129.0 572.0 145.0 574.0
237.0 196.0 242.0 196.0
347.0 142.0 351.0 141.0
398.0 19.0 399.0 19.0
347.0 144.0 350.0 142.0
418.0 37.0 419.0 37.0
346.0 144.0 351.0 141.0
390.0 62.0 394.0 61.0
418.0 38.0 419.0 37.0
148.0 570.0 162.0 570.0
149.0 570.0 163.0 570.0
418.0 36.0 419.0 37.0
237.0 195.0 242.0 195.0
187.0 438.0 197.0 437.0
130.0 572.0 145.0 574.0
236.0 341.0 244.0 339.0
82.0 398.0 93.0 399.0
190.0 352.0 199.0 352.0
191.0 352.0 199.0 352.0
237.0 339.0 244.0 338.0
236.0 196.0 242.0 196.0
378.0 399.0 388.0 392.0
82.0 397.0 93.0 399.0
434.0 25.0 434.0 25.0
341.0 101.0 343.0 101.0
187.0 439.0 197.0 438.0
378.0 400.0 388.0 392.0
314.0 406.0 325.0 400.0
188.0 439.0 197.0 438.0
75.0 149.0 81.0 156.0
282.0 497.0 295.0 492.0
434.0 26.0 434.0 25.0
191.0 351.0 199.0 352.0
110.0 115.0 115.0 122.0
75.0 150.0 81.0 156.0
314.0 405.0 325.0 400.0
236.0 195.0 242.0 195.0
283.0 497.0 295.0 492.0
141.0 208.0 147.0 210.0
463.0 79.0 465.0 77.0
342.0 100.0 343.0 100.0
466.0 34.0 466.0 33.0
435.0 25.0 434.0 25.0
149.0 400.0 159.0 401.0
282.0 496.0 295.0 492.0
282.0 495.0 295.0 492.0
190.0 351.0 199.0 352.0
221.0 199.0 226.0 198.0
391.0 62.0 394.0 61.0
236.0 340.0 244.0 338.0
390.0 61.0 394.0 61.0
340.0 101.0 343.0 101.0
313.0 406.0 325.0 400.0
236.0 339.0 244.0 338.0
220.0 199.0 226.0 199.0
76.0 150.0 81.0 156.0
315.0 405.0 325.0 399.0
237.0 340.0 244.0 338.0
465.0 33.0 466.0 33.0
83.0 542.0 97.0 545.0
313.0 405.0 325.0 400.0
235.0 340.0 244.0 338.0
419.0 37.0 419.0 37.0
464.0 33.0 466.0 32.0
469.0 18.0 469.0 17.0
150.0 555.0 163.0 555.0
125.0 505.0 138.0 507.0
186.0 438.0 197.0 437.0
69.0 593.0 83.0 594.0
109.0 115.0 115.0 122.0
69.0 591.0 82.0 593.0
152.0 555.0 164.0 555.0
110.0 116.0 115.0 122.0
464.0 79.0 466.0 76.0
470.0 18.0 469.0 17.0
320.0 155.0 324.0 153.0
122.0 222.0 128.0 223.0
321.0 155.0 324.0 153.0
151.0 555.0 164.0 555.0
340.0 99.0 343.0 100.0
194.0 99.0 198.0 103.0
419.0 36.0 419.0 37.0
74.0 59.0 78.0 67.0
84.0 542.0 98.0 544.0
220.0 198.0 226.0 198.0
235.0 341.0 244.0 338.0
463.0 80.0 465.0 77.0
340.0 100.0 343.0 100.0
377.0 400.0 388.0 392.0
465.0 34.0 466.0 33.0
283.0 496.0 295.0 492.0
142.0 208.0 147.0 210.0
83.0 541.0 97.0 543.0
69.0 592.0 82.0 593.0
96.0 228.0 102.0 231.0
140.0 208.0 147.0 210.0
175.0 133.0 179.0 137.0
469.0 19.0 469.0 17.0
74.0 60.0 78.0 67.0
341.0 99.0 343.0 100.0
221.0 198.0 226.0 198.0
141.0 207.0 147.0 210.0
341.0 100.0 343.0 100.0
222.0 448.0 234.0 446.0
462.0 79.0 465.0 77.0
464.0 78.0 466.0 76.0
235.0 339.0 244.0 338.0
70.0 591.0 82.0 593.0
315.0 406.0 325.0 400.0
273.0 628.0 289.0 622.0
136.0 266.0 144.0 269.0
464.0 34.0 466.0 33.0
174.0 133.0 179.0 137.0
135.0 266.0 144.0 269.0
391.0 61.0 394.0 61.0
392.0 62.0 394.0 61.0
115.0 473.0 128.0 477.0
70.0 592.0 83.0 594.0
73.0 60.0 78.0 68.0
72.0 60.0 78.0 67.0
123.0 325.0 136.0 332.0
66.0 492.0 78.0 494.0
465.0 35.0 466.0 33.0
174.0 132.0 179.0 135.0
176.0 249.0 186.0 252.0
159.0 464.0 172.0 464.0
388.0 508.0 403.0 499.0
386.0 445.0 395.0 434.0
122.0 221.0 129.0 223.0
468.0 18.0 469.0 17.0
465.0 144.0 468.0 141.0
149.0 401.0 159.0 401.0
68.0 592.0 82.0 593.0
156.0 221.0 163.0 224.0
159.0 463.0 172.0 463.0
211.0 96.0 214.0 99.0
156.0 222.0 163.0 224.0
142.0 207.0 147.0 210.0
379.0 425.0 391.0 416.0
131.0 277.0 139.0 279.0
155.0 222.0 163.0 224.0
172.0 481.0 184.0 480.0
76.0 151.0 82.0 157.0
117.0 473.0 128.0 477.0
274.0 628.0 289.0 622.0
157.0 412.0 168.0 413.0
387.0 509.0 402.0 499.0
282.0 401.0 291.0 398.0
160.0 463.0 172.0 464.0
233.0 371.0 242.0 370.0
255.0 323.0 264.0 323.0
229.0 541.0 243.0 538.0
157.0 269.0 164.0 270.0
76.0 116.0 81.0 124.0
211.0 95.0 214.0 99.0
463.0 78.0 466.0 76.0
150.0 401.0 159.0 401.0
73.0 59.0 78.0 67.0
186.0 439.0 197.0 438.0
255.0 324.0 263.0 323.0
122.0 220.0 129.0 223.0
320.0 156.0 324.0 153.0
155.0 223.0 162.0 225.0
464.0 35.0 466.0 33.0
464.0 144.0 468.0 140.0
390.0 552.0 405.0 544.0
171.0 481.0 184.0 480.0
175.0 132.0 179.0 135.0
107.0 454.0 117.0 456.0
116.0 473.0 128.0 477.0
72.0 59.0 78.0 67.0
150.0 400.0 159.0 401.0
189.0 478.0 201.0 477.0
195.0 99.0 198.0 103.0
469.0 101.0 472.0 97.0
121.0 221.0 128.0 223.0
463.0 77.0 466.0 76.0
321.0 156.0 324.0 153.0
380.0 425.0 391.0 416.0
124.0 324.0 136.0 332.0
381.0 425.0 391.0 416.0
171.0 482.0 184.0 480.0
56.0 458.0 67.0 460.0
254.0 324.0 263.0 323.0
140.0 207.0 147.0 210.0
155.0 221.0 163.0 224.0
156.0 269.0 163.0 270.0
49.0 500.0 62.0 502.0
172.0 482.0 184.0 480.0
57.0 397.0 65.0 397.0
156.0 270.0 163.0 271.0
58.0 458.0 67.0 460.0
190.0 478.0 201.0 477.0
117.0 20.0 121.0 26.0
135.0 476.0 147.0 478.0
117.0 472.0 128.0 477.0
255.0 325.0 263.0 323.0
435.0 108.0 439.0 106.0
356.0 580.0 372.0 573.0
49.0 499.0 62.0 502.0
109.0 116.0 115.0 122.0
107.0 453.0 117.0 455.0
45.0 477.0 58.0 480.0
411.0 79.0 414.0 77.0
173.0 481.0 184.0 480.0
58.0 459.0 67.0 460.0
48.0 499.0 62.0 502.0
254.0 325.0 263.0 323.0
379.0 424.0 391.0 416.0
392.0 61.0 395.0 62.0
49.0 171.0 57.0 178.0
157.0 270.0 163.0 271.0
211.0 94.0 214.0 98.0
331.0 442.0 342.0 435.0
57.0 458.0 67.0 460.0
57.0 459.0 67.0 460.0
217.0 426.0 229.0 424.0
315.0 428.0 326.0 421.0
176.0 248.0 186.0 252.0
173.0 482.0 184.0 480.0
297.0 137.0 293.0 138.0
380.0 424.0 391.0 416.0
463.0 144.0 467.0 141.0
218.0 426.0 229.0 424.0
123.0 324.0 136.0 332.0
230.0 542.0 243.0 538.0
106.0 454.0 117.0 456.0
258.0 595.0 274.0 590.0
410.0 78.0 414.0 77.0
435.0 109.0 439.0 107.0
259.0 595.0 274.0 590.0
314.0 428.0 326.0 421.0
115.0 472.0 128.0 477.0
428.0 173.0 434.0 167.0
56.0 397.0 65.0 397.0
355.0 580.0 372.0 573.0
116.0 472.0 128.0 477.0
106.0 453.0 117.0 455.0
281.0 401.0 291.0 398.0
410.0 79.0 414.0 77.0
55.0 396.0 65.0 397.0
56.0 396.0 65.0 397.0
315.0 427.0 326.0 421.0
44.0 477.0 58.0 480.0
156.0 104.0 160.0 109.0
19.0 282.0 27.0 287.0
39.0 273.0 48.0 276.0
123.0 323.0 136.0 332.0
134.0 476.0 147.0 478.0
134.0 475.0 146.0 477.0
135.0 475.0 146.0 477.0
429.0 173.0 434.0 167.0
118.0 19.0 121.0 26.0
436.0 108.0 439.0 106.0
148.0 435.0 159.0 438.0
313.0 428.0 326.0 421.0
134.0 494.0 146.0 495.0
155.0 269.0 163.0 270.0
411.0 78.0 414.0 77.0
454.0 107.0 458.0 104.0
39.0 272.0 48.0 276.0
238.0 454.0 249.0 453.0
314.0 427.0 326.0 421.0
237.0 455.0 249.0 453.0
134.0 493.0 146.0 495.0
40.0 273.0 48.0 276.0
55.0 397.0 65.0 397.0
189.0 479.0 201.0 477.0
40.0 272.0 48.0 276.0
154.0 221.0 163.0 224.0
280.0 401.0 291.0 396.0
217.0 425.0 229.0 424.0
259.0 596.0 274.0 590.0
154.0 222.0 163.0 224.0
49.0 170.0 57.0 178.0
428.0 172.0 434.0 167.0
229.0 542.0 243.0 538.0
136.0 475.0 146.0 477.0
136.0 476.0 147.0 477.0
437.0 125.0 442.0 116.0
117.0 298.0 127.0 300.0
190.0 479.0 201.0 478.0
151.0 400.0 159.0 401.0
135.0 493.0 146.0 495.0
465.0 145.0 468.0 141.0
281.0 402.0 291.0 398.0
464.0 145.0 468.0 141.0
436.0 109.0 439.0 107.0
429.0 172.0 434.0 167.0
149.0 435.0 159.0 438.0
118.0 298.0 127.0 300.0
149.0 434.0 159.0 438.0
20.0 282.0 28.0 286.0
280.0 402.0 291.0 398.0
218.0 425.0 229.0 424.0
41.0 272.0 48.0 276.0
220.0 436.0 231.0 434.0
436.0 126.0 442.0 116.0
88.0 455.0 99.0 458.0
238.0 455.0 249.0 453.0
118.0 297.0 127.0 300.0
155.0 270.0 163.0 271.0
279.0 401.0 290.0 398.0
313.0 427.0 326.0 421.0
86.0 193.0 93.0 199.0
117.0 297.0 127.0 300.0
87.0 455.0 99.0 458.0
339.0 367.0 349.0 361.0
31.0 467.0 43.0 470.0
338.0 367.0 349.0 361.0
188.0 479.0 201.0 477.0
50.0 171.0 57.0 178.0
118.0 296.0 127.0 300.0
31.0 396.0 43.0 398.0
189.0 480.0 200.0 479.0
31.0 466.0 43.0 470.0
50.0 170.0 57.0 178.0
32.0 467.0 43.0 470.0
225.0 597.0 237.0 594.0
279.0 402.0 291.0 398.0
34.0 251.0 43.0 256.0
429.0 171.0 434.0 167.0
355.0 581.0 372.0 573.0
87.0 456.0 99.0 458.0
122.0 324.0 136.0 332.0
455.0 107.0 458.0 104.0
454.0 106.0 458.0 104.0
32.0 394.0 43.0 397.0
339.0 368.0 349.0 361.0
122.0 323.0 136.0 332.0
32.0 396.0 43.0 398.0
167.0 203.0 174.0 205.0
31.0 395.0 43.0 398.0
87.0 193.0 93.0 199.0
429.0 66.0 430.0 64.0
88.0 456.0 99.0 458.0
119.0 298.0 127.0 300.0
135.0 494.0 146.0 495.0
32.0 395.0 43.0 397.0
437.0 126.0 442.0 116.0
87.0 194.0 93.0 199.0
258.0 596.0 274.0 590.0
338.0 368.0 349.0 361.0
457.0 185.0 461.0 179.0
119.0 297.0 127.0 300.0
168.0 203.0 175.0 206.0
297.0 136.0 293.0 137.0
30.0 395.0 43.0 398.0
428.0 171.0 434.0 167.0
31.0 394.0 43.0 397.0
168.0 202.0 175.0 206.0
180.0 498.0 190.0 497.0
169.0 203.0 175.0 206.0
48.0 170.0 57.0 178.0
180.0 497.0 190.0 497.0
457.0 184.0 462.0 177.0
429.0 65.0 430.0 64.0
456.0 185.0 461.0 179.0
168.0 204.0 175.0 206.0
298.0 136.0 293.0 137.0
106.0 74.0 111.0 81.0
69.0 483.0 78.0 494.0
73.0 198.0 80.0 203.0
457.0 183.0 462.0 177.0
183.0 116.0 182.0 117.0
226.0 597.0 237.0 594.0
181.0 497.0 190.0 497.0
106.0 73.0 111.0 81.0
456.0 184.0 461.0 179.0
105.0 73.0 110.0 80.0
437.0 127.0 442.0 116.0
73.0 199.0 80.0 203.0
28.0 634.0 42.0 637.0
28.0 633.0 42.0 637.0
181.0 498.0 190.0 497.0
72.0 198.0 80.0 203.0
46.0 152.0 54.0 160.0
445.0 190.0 461.0 178.0
105.0 74.0 110.0 80.0
72.0 199.0 80.0 203.0
27.0 633.0 42.0 637.0
27.0 634.0 42.0 637.0
34.0 48.0 39.0 55.0
227.0 597.0 237.0 594.0
199.0 263.0 200.0 264.0
199.0 264.0 200.0 264.0
445.0 189.0 461.0 178.0
182.0 498.0 190.0 497.0
33.0 48.0 39.0 55.0
33.0 47.0 39.0 55.0
33.0 49.0 39.0 55.0
45.0 564.0 57.0 565.0
444.0 190.0 461.0 178.0
46.0 564.0 58.0 566.0
44.0 564.0 57.0 565.0
444.0 189.0 461.0 178.0
32.0 47.0 39.0 55.0
299.0 535.0 317.0 520.0
32.0 48.0 39.0 55.0
32.0 49.0 39.0 55.0
191.0 118.0 208.0 125.0
