291.0 227.0 222.0 240.0
291.0 228.0 222.0 240.0
407.0 559.0 338.0 572.0
351.0 487.0 282.0 503.0
406.0 559.0 338.0 572.0
408.0 559.0 339.0 571.0
408.0 558.0 339.0 570.0
406.0 558.0 338.0 572.0
291.0 229.0 222.0 240.0
407.0 558.0 338.0 572.0
292.0 228.0 223.0 239.0
308.0 186.0 239.0 198.0
310.0 186.0 241.0 196.0
309.0 186.0 241.0 196.0
361.0 315.0 292.0 326.0
248.0 326.0 179.0 338.0
307.0 185.0 239.0 197.0
307.0 186.0 241.0 196.0
308.0 187.0 239.0 198.0
190.0 532.0 121.0 550.0
277.0 291.0 208.0 302.0
308.0 185.0 240.0 195.0
292.0 229.0 223.0 239.0
277.0 290.0 208.0 302.0
309.0 185.0 240.0 196.0
208.0 558.0 139.0 577.0
190.0 531.0 121.0 550.0
377.0 351.0 308.0 363.0
260.0 204.0 192.0 212.0
278.0 572.0 212.0 591.0
189.0 532.0 120.0 553.0
377.0 350.0 308.0 363.0
189.0 531.0 120.0 553.0
249.0 326.0 180.0 337.0
278.0 574.0 212.0 591.0
208.0 555.0 139.0 577.0
292.0 230.0 223.0 239.0
378.0 351.0 309.0 363.0
261.0 204.0 192.0 212.0
208.0 556.0 139.0 577.0
378.0 350.0 309.0 363.0
208.0 557.0 139.0 577.0
261.0 203.0 193.0 211.0
361.0 316.0 292.0 326.0
278.0 290.0 213.0 296.0
278.0 573.0 212.0 591.0
378.0 349.0 309.0 363.0
289.0 333.0 220.0 345.0
280.0 574.0 212.0 591.0
279.0 574.0 212.0 591.0
188.0 532.0 119.0 552.0
314.0 276.0 249.0 285.0
376.0 406.0 307.0 416.0
377.0 406.0 308.0 415.0
209.0 525.0 140.0 545.0
281.0 573.0 212.0 591.0
188.0 531.0 119.0 552.0
279.0 572.0 212.0 591.0
279.0 573.0 212.0 591.0
313.0 277.0 249.0 285.0
279.0 290.0 213.0 296.0
280.0 573.0 212.0 591.0
278.0 291.0 209.0 303.0
207.0 557.0 139.0 577.0
280.0 572.0 212.0 591.0
331.0 378.0 262.0 391.0
209.0 526.0 140.0 545.0
313.0 275.0 249.0 285.0
310.0 364.0 247.0 380.0
207.0 556.0 139.0 577.0
305.0 323.0 236.0 339.0
309.0 363.0 242.0 375.0
310.0 363.0 242.0 375.0
331.0 379.0 262.0 391.0
309.0 364.0 242.0 375.0
313.0 276.0 249.0 285.0
312.0 276.0 249.0 285.0
311.0 363.0 242.0 375.0
408.0 595.0 346.0 602.0
279.0 291.0 213.0 296.0
331.0 623.0 264.0 634.0
306.0 322.0 237.0 338.0
331.0 622.0 264.0 634.0
305.0 322.0 236.0 338.0
330.0 621.0 264.0 634.0
304.0 322.0 236.0 338.0
330.0 622.0 264.0 634.0
330.0 623.0 264.0 634.0
364.0 486.0 298.0 498.0
329.0 622.0 263.0 635.0
308.0 363.0 242.0 375.0
308.0 364.0 242.0 375.0
271.0 297.0 208.0 302.0
421.0 116.0 352.0 128.0
363.0 486.0 298.0 498.0
363.0 487.0 298.0 498.0
346.0 366.0 280.0 369.0
421.0 115.0 352.0 128.0
329.0 623.0 264.0 634.0
346.0 367.0 280.0 369.0
209.0 427.0 141.0 441.0
362.0 486.0 298.0 498.0
422.0 115.0 353.0 127.0
345.0 366.0 280.0 369.0
362.0 487.0 298.0 498.0
354.0 502.0 293.0 517.0
373.0 387.0 305.0 415.0
208.0 425.0 141.0 441.0
354.0 503.0 293.0 517.0
345.0 367.0 280.0 369.0
372.0 387.0 305.0 415.0
209.0 426.0 141.0 441.0
372.0 386.0 305.0 415.0
210.0 526.0 144.0 559.0
346.0 368.0 280.0 369.0
323.0 564.0 265.0 577.0
211.0 525.0 144.0 559.0
208.0 426.0 141.0 441.0
344.0 366.0 280.0 369.0
345.0 368.0 280.0 369.0
208.0 427.0 141.0 441.0
322.0 564.0 267.0 577.0
208.0 428.0 141.0 441.0
353.0 502.0 293.0 517.0
207.0 427.0 141.0 441.0
207.0 426.0 141.0 441.0
344.0 367.0 280.0 369.0
210.0 525.0 144.0 559.0
19.0 613.0 12.0 628.0
207.0 425.0 141.0 441.0
353.0 503.0 293.0 517.0
329.0 154.0 260.0 164.0
206.0 427.0 141.0 441.0
18.0 613.0 12.0 628.0
18.0 614.0 12.0 629.0
352.0 502.0 293.0 517.0
16.0 614.0 12.0 629.0
305.0 160.0 236.0 175.0
19.0 614.0 12.0 629.0
305.0 159.0 236.0 175.0
17.0 613.0 12.0 628.0
352.0 503.0 293.0 517.0
17.0 614.0 12.0 629.0
329.0 153.0 260.0 164.0
314.0 105.0 250.0 122.0
209.0 555.0 143.0 562.0
206.0 426.0 141.0 441.0
314.0 106.0 250.0 122.0
305.0 158.0 236.0 175.0
206.0 425.0 141.0 441.0
