167.0 412.0 171.0 433.0
166.0 413.0 171.0 434.0
167.0 413.0 171.0 433.0
168.0 413.0 171.0 433.0
168.0 412.0 171.0 433.0
167.0 414.0 171.0 434.0
140.0 467.0 143.0 490.0
59.0 484.0 59.0 502.0
60.0 484.0 59.0 502.0
139.0 467.0 143.0 490.0
77.0 481.0 77.0 499.0
140.0 466.0 143.0 490.0
13.0 483.0 12.0 496.0
69.0 172.0 68.0 185.0
14.0 483.0 14.0 497.0
14.0 482.0 12.0 496.0
70.0 173.0 69.0 185.0
79.0 480.0 77.0 498.0
79.0 479.0 77.0 498.0
13.0 482.0 12.0 496.0
145.0 495.0 147.0 517.0
78.0 480.0 77.0 498.0
144.0 495.0 147.0 517.0
144.0 496.0 147.0 517.0
69.0 173.0 68.0 185.0
68.0 172.0 68.0 185.0
69.0 174.0 70.0 186.0
68.0 173.0 68.0 185.0
145.0 496.0 147.0 517.0
14.0 481.0 14.0 497.0
78.0 479.0 77.0 498.0
16.0 481.0 14.0 497.0
143.0 495.0 147.0 517.0
41.0 164.0 40.0 175.0
80.0 478.0 77.0 498.0
83.0 154.0 82.0 165.0
145.0 494.0 147.0 517.0
83.0 155.0 82.0 165.0
19.0 616.0 15.0 624.0
18.0 616.0 15.0 624.0
41.0 165.0 40.0 175.0
274.0 85.0 282.0 95.0
144.0 494.0 147.0 517.0
208.0 213.0 219.0 233.0
68.0 174.0 68.0 185.0
88.0 431.0 73.0 457.0
309.0 79.0 326.0 81.0
208.0 214.0 219.0 233.0
208.0 215.0 219.0 233.0
207.0 215.0 219.0 233.0
19.0 615.0 15.0 624.0
40.0 164.0 40.0 175.0
144.0 497.0 147.0 519.0
39.0 164.0 38.0 175.0
90.0 432.0 74.0 457.0
84.0 155.0 82.0 165.0
88.0 432.0 74.0 457.0
299.0 50.0 317.0 62.0
16.0 479.0 14.0 497.0
207.0 214.0 219.0 233.0
209.0 215.0 219.0 234.0
20.0 616.0 15.0 624.0
84.0 154.0 82.0 165.0
89.0 431.0 73.0 457.0
274.0 86.0 282.0 95.0
20.0 617.0 15.0 624.0
16.0 480.0 14.0 497.0
89.0 432.0 74.0 457.0
208.0 216.0 219.0 233.0
209.0 214.0 219.0 234.0
189.0 152.0 195.0 164.0
348.0 257.0 365.0 273.0
275.0 85.0 282.0 95.0
275.0 86.0 282.0 95.0
90.0 431.0 73.0 457.0
275.0 87.0 282.0 95.0
40.0 165.0 40.0 175.0
85.0 155.0 82.0 165.0
450.0 294.0 463.0 322.0
209.0 216.0 219.0 234.0
188.0 151.0 195.0 164.0
274.0 87.0 282.0 95.0
20.0 615.0 15.0 624.0
187.0 151.0 195.0 164.0
39.0 166.0 38.0 175.0
188.0 153.0 195.0 165.0
189.0 153.0 195.0 166.0
224.0 131.0 237.0 141.0
40.0 166.0 45.0 178.0
188.0 152.0 195.0 164.0
451.0 293.0 463.0 322.0
152.0 527.0 154.0 543.0
39.0 165.0 38.0 175.0
187.0 153.0 195.0 166.0
85.0 154.0 82.0 165.0
256.0 138.0 261.0 146.0
256.0 139.0 261.0 146.0
256.0 137.0 261.0 146.0
451.0 294.0 463.0 322.0
87.0 128.0 89.0 135.0
225.0 131.0 237.0 142.0
95.0 573.0 99.0 589.0
223.0 131.0 238.0 141.0
452.0 294.0 463.0 322.0
17.0 480.0 14.0 497.0
225.0 133.0 237.0 142.0
96.0 572.0 99.0 589.0
224.0 133.0 237.0 142.0
208.0 84.0 216.0 94.0
299.0 49.0 317.0 62.0
276.0 87.0 282.0 95.0
187.0 152.0 195.0 166.0
298.0 50.0 317.0 62.0
451.0 295.0 463.0 322.0
226.0 131.0 237.0 142.0
208.0 85.0 216.0 94.0
67.0 101.0 67.0 104.0
95.0 572.0 98.0 589.0
225.0 132.0 237.0 142.0
87.0 129.0 89.0 135.0
224.0 132.0 237.0 141.0
223.0 132.0 238.0 141.0
358.0 101.0 367.0 110.0
23.0 600.0 14.0 624.0
348.0 258.0 365.0 273.0
257.0 139.0 261.0 146.0
62.0 510.0 65.0 526.0
208.0 86.0 216.0 94.0
266.0 233.0 249.0 243.0
349.0 258.0 365.0 273.0
257.0 137.0 265.0 146.0
267.0 233.0 249.0 243.0
229.0 64.0 238.0 75.0
283.0 168.0 298.0 181.0
283.0 167.0 298.0 181.0
61.0 511.0 65.0 526.0
230.0 63.0 239.0 74.0
256.0 136.0 265.0 146.0
68.0 595.0 69.0 617.0
229.0 65.0 238.0 75.0
209.0 85.0 216.0 94.0
209.0 84.0 216.0 94.0
282.0 168.0 298.0 181.0
68.0 102.0 67.0 104.0
257.0 138.0 261.0 146.0
67.0 102.0 67.0 104.0
68.0 101.0 67.0 104.0
317.0 225.0 325.0 243.0
267.0 234.0 248.0 243.0
266.0 234.0 249.0 243.0
60.0 511.0 65.0 526.0
129.0 497.0 124.0 519.0
230.0 64.0 238.0 75.0
226.0 132.0 237.0 142.0
96.0 571.0 99.0 589.0
316.0 227.0 325.0 243.0
317.0 226.0 325.0 243.0
267.0 235.0 248.0 243.0
298.0 49.0 317.0 62.0
266.0 235.0 248.0 243.0
257.0 136.0 265.0 146.0
61.0 510.0 65.0 526.0
316.0 225.0 325.0 243.0
315.0 226.0 325.0 243.0
69.0 101.0 67.0 104.0
209.0 86.0 216.0 94.0
258.0 138.0 265.0 146.0
60.0 510.0 65.0 526.0
162.0 54.0 175.0 64.0
130.0 497.0 124.0 519.0
282.0 167.0 298.0 181.0
347.0 258.0 365.0 273.0
316.0 226.0 325.0 243.0
68.0 594.0 68.0 618.0
230.0 65.0 238.0 75.0
258.0 137.0 265.0 146.0
67.0 103.0 67.0 104.0
68.0 103.0 67.0 104.0
69.0 102.0 67.0 104.0
268.0 234.0 248.0 243.0
69.0 103.0 67.0 104.0
317.0 227.0 325.0 243.0
159.0 611.0 159.0 627.0
70.0 103.0 67.0 104.0
70.0 102.0 67.0 104.0
209.0 129.0 221.0 139.0
158.0 610.0 159.0 627.0
130.0 496.0 124.0 519.0
231.0 65.0 238.0 75.0
76.0 505.0 69.0 527.0
76.0 502.0 69.0 526.0
231.0 64.0 239.0 74.0
159.0 610.0 159.0 627.0
61.0 512.0 65.0 527.0
76.0 506.0 69.0 527.0
209.0 127.0 221.0 139.0
456.0 148.0 473.0 205.0
69.0 104.0 67.0 104.0
189.0 124.0 198.0 133.0
68.0 104.0 67.0 104.0
76.0 503.0 69.0 526.0
76.0 504.0 69.0 526.0
190.0 125.0 198.0 133.0
455.0 148.0 473.0 205.0
209.0 128.0 221.0 139.0
77.0 502.0 69.0 526.0
287.0 86.0 282.0 95.0
454.0 148.0 473.0 205.0
209.0 126.0 221.0 139.0
111.0 605.0 123.0 625.0
110.0 606.0 123.0 625.0
210.0 128.0 221.0 139.0
144.0 61.0 150.0 70.0
76.0 507.0 69.0 527.0
77.0 503.0 69.0 526.0
59.0 512.0 65.0 526.0
145.0 62.0 150.0 70.0
224.0 70.0 236.0 76.0
77.0 504.0 69.0 526.0
454.0 149.0 473.0 205.0
374.0 225.0 386.0 235.0
189.0 125.0 198.0 133.0
77.0 505.0 69.0 527.0
287.0 87.0 282.0 95.0
60.0 512.0 65.0 526.0
144.0 62.0 150.0 70.0
455.0 149.0 473.0 205.0
456.0 149.0 473.0 205.0
110.0 495.0 124.0 519.0
110.0 605.0 123.0 625.0
224.0 71.0 236.0 76.0
210.0 127.0 221.0 139.0
456.0 150.0 473.0 205.0
111.0 604.0 123.0 625.0
78.0 503.0 69.0 526.0
143.0 62.0 150.0 70.0
260.0 50.0 266.0 58.0
60.0 513.0 65.0 527.0
375.0 225.0 386.0 235.0
374.0 226.0 385.0 235.0
368.0 244.0 383.0 259.0
144.0 63.0 150.0 70.0
195.0 167.0 195.0 169.0
59.0 513.0 65.0 527.0
455.0 150.0 473.0 205.0
190.0 124.0 198.0 133.0
242.0 183.0 254.0 193.0
191.0 124.0 198.0 133.0
143.0 61.0 150.0 70.0
368.0 245.0 383.0 259.0
375.0 226.0 386.0 235.0
243.0 183.0 254.0 193.0
145.0 63.0 150.0 70.0
142.0 62.0 150.0 70.0
454.0 150.0 473.0 205.0
143.0 63.0 150.0 70.0
191.0 125.0 198.0 133.0
367.0 244.0 383.0 259.0
109.0 493.0 96.0 516.0
243.0 184.0 254.0 193.0
403.0 220.0 385.0 235.0
243.0 185.0 254.0 194.0
110.0 604.0 123.0 625.0
242.0 184.0 254.0 193.0
398.0 179.0 406.0 177.0
375.0 227.0 385.0 235.0
374.0 227.0 385.0 235.0
110.0 494.0 96.0 516.0
242.0 185.0 254.0 194.0
110.0 493.0 96.0 516.0
110.0 492.0 96.0 516.0
241.0 185.0 254.0 194.0
142.0 63.0 150.0 70.0
367.0 245.0 383.0 259.0
241.0 184.0 254.0 193.0
224.0 115.0 243.0 63.0
367.0 246.0 366.0 273.0
366.0 246.0 366.0 273.0
398.0 180.0 406.0 177.0
