100.0 129.0 79.0 130.0
107.0 254.0 87.0 254.0
100.0 128.0 79.0 129.0
101.0 128.0 79.0 129.0
119.0 368.0 101.0 367.0
101.0 129.0 79.0 129.0
101.0 130.0 79.0 130.0
134.0 371.0 116.0 369.0
150.0 555.0 133.0 554.0
150.0 556.0 133.0 555.0
149.0 554.0 133.0 554.0
100.0 127.0 78.0 129.0
101.0 127.0 79.0 129.0
161.0 499.0 144.0 498.0
150.0 480.0 134.0 479.0
149.0 555.0 133.0 554.0
119.0 369.0 101.0 367.0
127.0 391.0 109.0 390.0
118.0 368.0 101.0 367.0
126.0 390.0 108.0 389.0
87.0 184.0 68.0 184.0
151.0 554.0 133.0 554.0
118.0 369.0 101.0 367.0
151.0 480.0 134.0 479.0
209.0 352.0 192.0 348.0
135.0 371.0 116.0 369.0
236.0 115.0 218.0 112.0
151.0 555.0 133.0 554.0
102.0 128.0 79.0 129.0
162.0 498.0 144.0 498.0
235.0 114.0 218.0 112.0
151.0 556.0 133.0 555.0
134.0 372.0 116.0 369.0
150.0 554.0 133.0 554.0
88.0 184.0 68.0 185.0
235.0 115.0 218.0 112.0
126.0 391.0 109.0 390.0
322.0 488.0 305.0 479.0
123.0 361.0 106.0 358.0
134.0 370.0 116.0 369.0
126.0 504.0 110.0 503.0
198.0 223.0 180.0 220.0
323.0 488.0 305.0 479.0
95.0 536.0 78.0 535.0
117.0 368.0 101.0 367.0
90.0 507.0 72.0 508.0
136.0 371.0 118.0 369.0
294.0 402.0 277.0 394.0
67.0 256.0 50.0 256.0
126.0 528.0 109.0 528.0
122.0 361.0 105.0 358.0
198.0 452.0 179.0 447.0
199.0 224.0 180.0 220.0
135.0 370.0 117.0 368.0
198.0 224.0 180.0 220.0
123.0 503.0 108.0 502.0
135.0 372.0 116.0 369.0
152.0 480.0 134.0 479.0
125.0 504.0 109.0 503.0
90.0 506.0 72.0 508.0
151.0 481.0 134.0 479.0
321.0 488.0 305.0 479.0
235.0 545.0 220.0 541.0
155.0 394.0 138.0 391.0
199.0 451.0 181.0 447.0
124.0 504.0 109.0 503.0
82.0 524.0 65.0 525.0
102.0 130.0 79.0 130.0
200.0 452.0 182.0 448.0
236.0 545.0 220.0 541.0
152.0 481.0 134.0 479.0
68.0 257.0 50.0 257.0
320.0 487.0 303.0 479.0
162.0 500.0 145.0 498.0
294.0 403.0 277.0 394.0
68.0 256.0 50.0 256.0
102.0 129.0 79.0 129.0
126.0 503.0 110.0 503.0
177.0 303.0 160.0 299.0
95.0 535.0 78.0 535.0
162.0 499.0 145.0 498.0
150.0 481.0 134.0 479.0
124.0 502.0 108.0 502.0
322.0 487.0 305.0 479.0
200.0 451.0 181.0 447.0
163.0 499.0 145.0 498.0
140.0 216.0 123.0 214.0
125.0 391.0 108.0 389.0
82.0 246.0 64.0 247.0
111.0 558.0 94.0 558.0
156.0 394.0 138.0 391.0
95.0 537.0 78.0 535.0
122.0 360.0 105.0 358.0
321.0 487.0 305.0 479.0
82.0 525.0 66.0 525.0
125.0 390.0 108.0 389.0
123.0 502.0 108.0 502.0
91.0 506.0 72.0 508.0
117.0 369.0 101.0 367.0
125.0 503.0 109.0 503.0
163.0 500.0 145.0 498.0
125.0 502.0 109.0 503.0
197.0 451.0 179.0 447.0
235.0 546.0 220.0 541.0
67.0 257.0 50.0 257.0
141.0 215.0 123.0 214.0
236.0 546.0 220.0 541.0
122.0 362.0 105.0 358.0
199.0 452.0 181.0 447.0
236.0 280.0 218.0 273.0
234.0 115.0 218.0 112.0
253.0 582.0 236.0 577.0
342.0 101.0 322.0 102.0
199.0 450.0 182.0 447.0
124.0 503.0 108.0 502.0
198.0 225.0 180.0 220.0
66.0 256.0 49.0 256.0
253.0 583.0 237.0 577.0
198.0 451.0 179.0 446.0
298.0 477.0 282.0 468.0
127.0 528.0 109.0 528.0
177.0 304.0 160.0 299.0
237.0 280.0 218.0 273.0
140.0 214.0 122.0 213.0
83.0 525.0 66.0 525.0
197.0 521.0 181.0 519.0
110.0 558.0 93.0 558.0
82.0 245.0 64.0 246.0
235.0 599.0 221.0 596.0
166.0 460.0 147.0 458.0
83.0 524.0 65.0 525.0
96.0 536.0 78.0 535.0
311.0 270.0 292.0 262.0
110.0 559.0 93.0 558.0
197.0 522.0 181.0 519.0
140.0 215.0 121.0 214.0
301.0 433.0 284.0 425.0
198.0 450.0 179.0 446.0
298.0 476.0 282.0 468.0
312.0 270.0 292.0 262.0
236.0 600.0 221.0 595.0
81.0 245.0 64.0 245.0
66.0 257.0 49.0 256.0
198.0 521.0 181.0 519.0
139.0 215.0 121.0 214.0
197.0 523.0 181.0 519.0
311.0 269.0 292.0 262.0
121.0 360.0 105.0 358.0
124.0 391.0 107.0 390.0
297.0 477.0 282.0 468.0
301.0 434.0 284.0 425.0
237.0 601.0 221.0 596.0
344.0 101.0 322.0 102.0
235.0 601.0 221.0 596.0
254.0 426.0 237.0 420.0
139.0 216.0 121.0 214.0
163.0 52.0 143.0 53.0
196.0 522.0 181.0 519.0
197.0 328.0 181.0 324.0
298.0 478.0 282.0 468.0
300.0 433.0 284.0 425.0
121.0 361.0 105.0 358.0
342.0 102.0 322.0 102.0
304.0 466.0 288.0 457.0
190.0 571.0 174.0 569.0
300.0 432.0 284.0 425.0
343.0 101.0 322.0 102.0
343.0 102.0 322.0 102.0
253.0 425.0 236.0 420.0
96.0 537.0 78.0 535.0
300.0 434.0 284.0 425.0
121.0 362.0 105.0 358.0
254.0 583.0 237.0 577.0
235.0 600.0 221.0 596.0
199.0 329.0 181.0 324.0
344.0 103.0 322.0 102.0
236.0 601.0 221.0 595.0
196.0 521.0 181.0 519.0
163.0 51.0 143.0 53.0
240.0 465.0 224.0 460.0
132.0 443.0 116.0 442.0
198.0 328.0 181.0 324.0
133.0 443.0 117.0 442.0
164.0 52.0 143.0 53.0
144.0 632.0 140.0 628.0
58.0 186.0 38.0 188.0
299.0 433.0 284.0 425.0
153.0 19.0 133.0 23.0
191.0 571.0 176.0 568.0
196.0 484.0 180.0 481.0
120.0 361.0 105.0 358.0
68.0 443.0 57.0 445.0
344.0 102.0 322.0 102.0
81.0 407.0 59.0 410.0
190.0 570.0 174.0 569.0
304.0 467.0 288.0 457.0
192.0 570.0 176.0 568.0
45.0 305.0 28.0 304.0
281.0 430.0 264.0 421.0
343.0 103.0 322.0 102.0
57.0 186.0 38.0 188.0
152.0 608.0 137.0 606.0
199.0 328.0 181.0 324.0
46.0 305.0 28.0 304.0
192.0 571.0 176.0 568.0
240.0 466.0 224.0 460.0
57.0 187.0 38.0 188.0
141.0 344.0 125.0 342.0
56.0 186.0 38.0 188.0
193.0 571.0 176.0 568.0
151.0 608.0 137.0 606.0
132.0 444.0 116.0 442.0
103.0 575.0 86.0 575.0
143.0 345.0 125.0 342.0
142.0 345.0 125.0 342.0
141.0 345.0 125.0 342.0
46.0 304.0 28.0 304.0
131.0 444.0 116.0 442.0
140.0 345.0 125.0 342.0
48.0 478.0 32.0 478.0
280.0 430.0 264.0 421.0
142.0 344.0 125.0 342.0
56.0 187.0 38.0 188.0
164.0 51.0 143.0 53.0
133.0 550.0 118.0 548.0
102.0 575.0 86.0 575.0
281.0 429.0 264.0 421.0
191.0 570.0 176.0 568.0
282.0 430.0 264.0 421.0
282.0 431.0 264.0 421.0
46.0 478.0 31.0 479.0
239.0 466.0 224.0 460.0
214.0 414.0 199.0 410.0
164.0 50.0 143.0 53.0
151.0 609.0 137.0 606.0
101.0 575.0 86.0 575.0
239.0 465.0 224.0 460.0
152.0 609.0 137.0 606.0
254.0 624.0 233.0 607.0
253.0 624.0 233.0 607.0
48.0 505.0 32.0 506.0
47.0 477.0 32.0 478.0
47.0 305.0 28.0 304.0
47.0 478.0 32.0 478.0
283.0 341.0 261.0 333.0
46.0 477.0 32.0 478.0
215.0 415.0 199.0 410.0
133.0 551.0 118.0 548.0
101.0 574.0 86.0 575.0
176.0 219.0 152.0 218.0
282.0 341.0 262.0 333.0
269.0 283.0 249.0 278.0
48.0 476.0 32.0 478.0
103.0 327.0 86.0 320.0
214.0 415.0 198.0 410.0
283.0 342.0 262.0 333.0
132.0 551.0 118.0 548.0
100.0 575.0 86.0 575.0
48.0 477.0 32.0 478.0
47.0 476.0 32.0 478.0
102.0 327.0 86.0 320.0
44.0 196.0 24.0 198.0
44.0 208.0 26.0 210.0
43.0 208.0 26.0 210.0
284.0 342.0 261.0 333.0
176.0 220.0 152.0 218.0
44.0 195.0 24.0 198.0
284.0 343.0 261.0 333.0
252.0 500.0 237.0 494.0
254.0 625.0 233.0 607.0
254.0 500.0 237.0 494.0
43.0 196.0 24.0 198.0
35.0 506.0 32.0 505.0
253.0 500.0 237.0 494.0
43.0 209.0 26.0 210.0
44.0 209.0 26.0 210.0
268.0 283.0 248.0 278.0
43.0 195.0 24.0 198.0
177.0 220.0 152.0 218.0
252.0 501.0 237.0 494.0
196.0 487.0 181.0 481.0
177.0 219.0 152.0 218.0
253.0 501.0 237.0 494.0
130.0 26.0 118.0 32.0
254.0 501.0 237.0 494.0
114.0 251.0 89.0 254.0
252.0 502.0 237.0 494.0
177.0 218.0 152.0 218.0
254.0 502.0 237.0 494.0
130.0 25.0 118.0 32.0
36.0 417.0 19.0 421.0
255.0 502.0 237.0 494.0
253.0 502.0 237.0 494.0
196.0 488.0 181.0 481.0
129.0 25.0 118.0 32.0
325.0 613.0 320.0 621.0
146.0 38.0 118.0 32.0
37.0 417.0 19.0 421.0
30.0 414.0 17.0 421.0
147.0 38.0 118.0 32.0
9.0 505.0 20.0 569.0
36.0 418.0 19.0 421.0
10.0 505.0 20.0 569.0
49.0 101.0 31.0 106.0
37.0 418.0 19.0 421.0
146.0 39.0 118.0 32.0
47.0 101.0 31.0 106.0
47.0 103.0 30.0 105.0
49.0 102.0 31.0 106.0
188.0 362.0 161.0 363.0
48.0 102.0 31.0 106.0
11.0 504.0 20.0 569.0
47.0 102.0 30.0 105.0
48.0 101.0 31.0 106.0
11.0 505.0 20.0 569.0
10.0 504.0 20.0 569.0
188.0 361.0 161.0 363.0
116.0 284.0 101.0 270.0
117.0 284.0 101.0 270.0
147.0 39.0 118.0 32.0
38.0 418.0 19.0 421.0
252.0 173.0 241.0 170.0
29.0 414.0 17.0 421.0
252.0 174.0 241.0 171.0
173.0 607.0 148.0 626.0
117.0 285.0 101.0 270.0
2.0 268.0 2.0 260.0
148.0 38.0 118.0 32.0
251.0 174.0 241.0 171.0
160.0 222.0 149.0 219.0
160.0 221.0 149.0 219.0
137.0 536.0 110.0 528.0
173.0 606.0 148.0 626.0
16.0 544.0 17.0 552.0
138.0 535.0 110.0 528.0
174.0 606.0 148.0 626.0
137.0 534.0 110.0 528.0
137.0 535.0 110.0 528.0
174.0 607.0 148.0 626.0
189.0 361.0 161.0 363.0
143.0 504.0 110.0 503.0
189.0 362.0 161.0 363.0
148.0 39.0 118.0 32.0
159.0 222.0 149.0 219.0
119.0 410.0 103.0 420.0
149.0 38.0 118.0 32.0
189.0 363.0 161.0 363.0
118.0 410.0 103.0 420.0
143.0 505.0 110.0 503.0
31.0 593.0 19.0 570.0
