119 196 1.6656 134 184
246 545 0.9318 261 528
241 101 1.1188 255 88
190 263 1.338 205 250
253 250 1.1038 268 238
170 214 1.4938 185 203
118 199 1.6656 132 186
184 221 1.4094 199 209
288 236 1.0736 302 224
116 201 1.8728 132 188
186 218 1.4094 201 206
223 444 1.0696 238 429
114 192 1.8526 128 179
321 253 1.0222 336 239
344 244 1.0254 360 232
171 226 1.4384 186 213
174 238 1.4094 189 226
286 238 1.0736 302 224
243 109 1.1258 257 95
219 388 1.2164 233 376
252 252 1.1008 267 240
323 253 1.0284 338 238
182 456 1.2556 197 438
207 171 1.333 222 157
326 254 1.0314 340 240
116 203 1.8628 132 190
116 202 1.8728 132 189
345 243 1.0254 361 230
246 545 0.9318 260 530
117 200 1.8526 133 188
162 96 1.0534 176 82
180 205 1.4204 194 192
321 252 1.0254 337 240
240 101 1.1188 255 89
221 393 1.2122 236 381
256 161 1.1038 271 146
217 382 1.0736 232 367
229 394 1.1872 243 379
210 447 1.0474 224 433
243 108 1.1218 257 95
243 263 1.171 257 252
114 191 1.8426 129 177
326 243 1.0414 342 231
128 423 1.547 143 408
201 258 1.333 216 246
241 102 1.1218 256 87
218 380 1.2254 233 368
242 103 1.1218 256 88
321 252 1.0254 336 239
226 443 1.0736 240 429
345 243 1.0254 361 229
207 172 1.2606 221 159
364 259 0.953 379 247
346 238 0.9932 361 229
229 391 1.1912 241 379
194 268 1.338 209 256
182 262 1.3702 197 250
236 265 1.1912 250 254
156 134 1.6264 172 120
244 106 1.1218 258 94
344 236 1.0022 360 223
176 400 1.0022 191 387
181 203 1.4204 195 191
206 171 1.349 221 159
328 253 1.0414 345 241
253 251 1.1008 268 238
146 343 1.54 161 329
114 192 1.8526 128 178
362 265 0.953 377 252
161 96 1.0504 175 83
241 102 1.1218 256 89
207 171 1.333 222 158
221 393 1.2122 236 380
159 308 1.4446 176 294
114 192 1.8526 128 178
223 445 1.0696 238 430
328 238 1.0384 343 223
113 191 1.8526 128 176
203 259 1.3228 217 247
132 161 1.6194 148 148
196 267 1.328 210 255
258 159 1.152 273 146
179 203 1.4324 194 191
243 103 1.1188 257 89
182 206 1.4144 197 193
115 433 1.5138 132 417
159 299 1.4446 174 286
388 248 0.9006 404 236
172 402 0.9932 186 388
259 159 1.148 271 147
219 381 1.2204 233 368
362 261 0.953 377 250
344 236 1.0022 358 223
206 170 1.349 220 158
171 214 1.4938 186 204
293 214 1.0414 308 204
346 242 0.982 362 230
