263.0 159.0 278.0 145.0
339.0 80.0 355.0 65.0
181.0 203.0 197.0 192.0
208.0 173.0 222.0 159.0
339.0 81.0 355.0 65.0
206.0 173.0 220.0 160.0
145.0 409.0 161.0 394.0
202.0 477.0 213.0 460.0
106.0 137.0 122.0 123.0
106.0 135.0 122.0 121.0
187.0 466.0 200.0 449.0
105.0 136.0 122.0 121.0
262.0 159.0 278.0 145.0
186.0 466.0 200.0 449.0
107.0 136.0 122.0 121.0
223.0 379.0 238.0 365.0
206.0 172.0 221.0 159.0
106.0 136.0 122.0 121.0
115.0 99.0 131.0 86.0
242.0 110.0 256.0 97.0
241.0 110.0 255.0 96.0
202.0 476.0 213.0 460.0
207.0 173.0 221.0 159.0
145.0 408.0 161.0 394.0
346.0 242.0 362.0 228.0
145.0 410.0 161.0 394.0
223.0 378.0 238.0 364.0
207.0 433.0 222.0 418.0
241.0 109.0 255.0 96.0
201.0 476.0 213.0 460.0
347.0 241.0 362.0 228.0
246.0 258.0 260.0 244.0
297.0 143.0 313.0 128.0
384.0 248.0 401.0 236.0
287.0 238.0 302.0 225.0
261.0 159.0 277.0 145.0
164.0 187.0 181.0 172.0
260.0 160.0 277.0 145.0
144.0 410.0 161.0 394.0
208.0 172.0 222.0 159.0
185.0 466.0 200.0 449.0
187.0 465.0 200.0 448.0
263.0 158.0 278.0 145.0
200.0 476.0 213.0 460.0
107.0 137.0 122.0 123.0
247.0 257.0 260.0 244.0
200.0 477.0 213.0 460.0
405.0 239.0 418.0 228.0
180.0 203.0 196.0 191.0
115.0 100.0 131.0 86.0
115.0 204.0 132.0 190.0
222.0 379.0 238.0 365.0
163.0 187.0 181.0 172.0
144.0 409.0 161.0 394.0
385.0 248.0 401.0 236.0
201.0 477.0 213.0 460.0
208.0 171.0 222.0 159.0
201.0 475.0 213.0 460.0
297.0 144.0 313.0 130.0
224.0 432.0 239.0 418.0
207.0 171.0 222.0 158.0
347.0 242.0 362.0 229.0
207.0 172.0 222.0 158.0
287.0 239.0 302.0 225.0
186.0 467.0 200.0 449.0
227.0 522.0 240.0 505.0
224.0 377.0 238.0 365.0
185.0 465.0 199.0 448.0
116.0 204.0 132.0 190.0
207.0 434.0 222.0 418.0
164.0 188.0 181.0 172.0
187.0 464.0 200.0 448.0
324.0 251.0 339.0 237.0
298.0 143.0 313.0 128.0
172.0 405.0 186.0 393.0
245.0 257.0 260.0 244.0
287.0 237.0 302.0 225.0
262.0 158.0 278.0 145.0
347.0 243.0 362.0 229.0
348.0 242.0 364.0 228.0
189.0 531.0 203.0 513.0
186.0 465.0 200.0 448.0
324.0 252.0 339.0 237.0
324.0 250.0 339.0 237.0
387.0 250.0 402.0 237.0
348.0 241.0 363.0 228.0
387.0 251.0 402.0 237.0
185.0 464.0 199.0 448.0
206.0 434.0 222.0 418.0
174.0 519.0 188.0 502.0
173.0 404.0 186.0 393.0
246.0 257.0 260.0 244.0
286.0 239.0 302.0 225.0
346.0 243.0 362.0 229.0
240.0 531.0 255.0 515.0
190.0 531.0 204.0 514.0
286.0 238.0 302.0 225.0
173.0 519.0 188.0 502.0
179.0 203.0 196.0 191.0
362.0 266.0 377.0 253.0
224.0 433.0 239.0 419.0
346.0 241.0 362.0 228.0
226.0 522.0 240.0 505.0
240.0 530.0 254.0 513.0
298.0 142.0 313.0 128.0
186.0 464.0 200.0 448.0
386.0 249.0 402.0 237.0
200.0 475.0 213.0 460.0
242.0 109.0 255.0 96.0
189.0 532.0 204.0 514.0
406.0 238.0 418.0 228.0
174.0 518.0 188.0 502.0
116.0 205.0 132.0 190.0
115.0 101.0 131.0 86.0
388.0 251.0 402.0 237.0
223.0 377.0 238.0 364.0
388.0 250.0 402.0 237.0
190.0 532.0 204.0 514.0
172.0 404.0 186.0 393.0
225.0 432.0 239.0 418.0
173.0 518.0 188.0 502.0
180.0 202.0 196.0 190.0
115.0 205.0 132.0 190.0
246.0 256.0 259.0 245.0
247.0 256.0 260.0 244.0
227.0 521.0 242.0 504.0
245.0 549.0 258.0 533.0
361.0 266.0 377.0 253.0
222.0 380.0 238.0 365.0
179.0 202.0 196.0 190.0
387.0 249.0 402.0 236.0
163.0 189.0 181.0 173.0
226.0 521.0 242.0 505.0
163.0 188.0 181.0 172.0
157.0 133.0 171.0 123.0
362.0 265.0 378.0 252.0
323.0 251.0 339.0 237.0
323.0 252.0 339.0 237.0
180.0 201.0 196.0 190.0
172.0 406.0 186.0 393.0
385.0 247.0 401.0 236.0
386.0 250.0 402.0 237.0
285.0 238.0 301.0 225.0
144.0 408.0 161.0 394.0
242.0 108.0 257.0 91.0
208.0 451.0 221.0 437.0
232.0 506.0 246.0 490.0
208.0 450.0 221.0 437.0
298.0 141.0 315.0 125.0
227.0 520.0 242.0 504.0
226.0 520.0 242.0 504.0
319.0 118.0 335.0 102.0
183.0 275.0 199.0 264.0
182.0 276.0 200.0 264.0
184.0 275.0 200.0 264.0
385.0 246.0 401.0 236.0
178.0 115.0 193.0 102.0
227.0 195.0 242.0 182.0
386.0 248.0 402.0 237.0
228.0 195.0 242.0 182.0
361.0 267.0 377.0 253.0
183.0 276.0 200.0 264.0
247.0 548.0 260.0 532.0
241.0 530.0 255.0 515.0
173.0 405.0 186.0 393.0
318.0 117.0 335.0 102.0
407.0 237.0 418.0 228.0
247.0 549.0 260.0 532.0
325.0 252.0 344.0 239.0
246.0 548.0 258.0 532.0
227.0 193.0 242.0 182.0
190.0 533.0 204.0 514.0
406.0 237.0 418.0 228.0
363.0 265.0 378.0 252.0
386.0 246.0 401.0 236.0
189.0 533.0 204.0 514.0
191.0 531.0 204.0 514.0
297.0 141.0 313.0 128.0
228.0 194.0 242.0 182.0
225.0 431.0 239.0 418.0
182.0 277.0 200.0 264.0
286.0 237.0 301.0 225.0
347.0 240.0 362.0 228.0
246.0 550.0 258.0 533.0
246.0 549.0 258.0 533.0
245.0 550.0 258.0 533.0
173.0 406.0 186.0 393.0
156.0 132.0 171.0 123.0
190.0 530.0 203.0 513.0
318.0 118.0 335.0 102.0
362.0 267.0 377.0 253.0
309.0 152.0 329.0 135.0
179.0 201.0 196.0 190.0
319.0 116.0 335.0 102.0
162.0 187.0 181.0 172.0
325.0 251.0 339.0 237.0
386.0 247.0 402.0 236.0
156.0 133.0 171.0 123.0
157.0 132.0 171.0 123.0
319.0 117.0 335.0 102.0
183.0 277.0 200.0 264.0
297.0 142.0 313.0 128.0
179.0 115.0 193.0 102.0
157.0 131.0 171.0 123.0
157.0 168.0 170.0 159.0
199.0 385.0 212.0 375.0
247.0 550.0 259.0 533.0
226.0 194.0 242.0 182.0
201.0 384.0 217.0 368.0
227.0 194.0 242.0 182.0
124.0 124.0 138.0 113.0
319.0 119.0 335.0 102.0
231.0 506.0 245.0 488.0
158.0 132.0 171.0 123.0
184.0 277.0 200.0 264.0
178.0 114.0 193.0 102.0
209.0 452.0 221.0 437.0
108.0 328.0 123.0 314.0
127.0 477.0 141.0 461.0
308.0 221.0 322.0 207.0
162.0 189.0 181.0 173.0
200.0 385.0 212.0 375.0
235.0 390.0 249.0 376.0
346.0 240.0 362.0 228.0
219.0 496.0 233.0 480.0
217.0 234.0 229.0 221.0
218.0 495.0 233.0 480.0
162.0 188.0 181.0 173.0
309.0 153.0 329.0 135.0
157.0 130.0 171.0 123.0
183.0 278.0 200.0 264.0
184.0 276.0 200.0 264.0
217.0 495.0 233.0 480.0
200.0 384.0 217.0 368.0
235.0 391.0 249.0 376.0
142.0 182.0 149.0 176.0
199.0 384.0 217.0 368.0
114.0 197.0 131.0 189.0
309.0 222.0 322.0 207.0
309.0 154.0 329.0 135.0
209.0 450.0 221.0 437.0
310.0 222.0 329.0 206.0
308.0 222.0 322.0 207.0
234.0 391.0 249.0 376.0
158.0 131.0 171.0 123.0
185.0 276.0 200.0 264.0
234.0 390.0 249.0 376.0
209.0 451.0 221.0 437.0
217.0 496.0 233.0 480.0
219.0 495.0 233.0 480.0
109.0 327.0 123.0 314.0
310.0 221.0 329.0 206.0
309.0 221.0 322.0 207.0
218.0 496.0 233.0 480.0
198.0 268.0 214.0 254.0
142.0 183.0 149.0 177.0
157.0 166.0 170.0 159.0
128.0 477.0 141.0 462.0
156.0 168.0 170.0 159.0
157.0 167.0 170.0 159.0
198.0 267.0 214.0 254.0
199.0 266.0 214.0 254.0
97.0 51.0 111.0 41.0
177.0 400.0 186.0 393.0
127.0 283.0 143.0 271.0
234.0 392.0 249.0 376.0
154.0 271.0 170.0 261.0
200.0 266.0 214.0 254.0
127.0 285.0 143.0 271.0
198.0 266.0 214.0 253.0
96.0 50.0 111.0 41.0
233.0 391.0 249.0 376.0
178.0 399.0 186.0 393.0
110.0 329.0 125.0 315.0
154.0 272.0 170.0 261.0
264.0 51.0 277.0 40.0
128.0 283.0 144.0 271.0
96.0 52.0 110.0 41.0
199.0 267.0 214.0 254.0
264.0 50.0 277.0 40.0
128.0 284.0 144.0 271.0
159.0 307.0 176.0 294.0
95.0 51.0 110.0 41.0
129.0 284.0 144.0 271.0
107.0 129.0 122.0 121.0
264.0 49.0 277.0 40.0
96.0 51.0 110.0 41.0
129.0 283.0 144.0 271.0
178.0 398.0 186.0 393.0
109.0 329.0 124.0 315.0
129.0 285.0 144.0 271.0
233.0 484.0 251.0 468.0
127.0 284.0 143.0 271.0
128.0 285.0 143.0 271.0
109.0 328.0 123.0 314.0
143.0 181.0 149.0 176.0
110.0 328.0 125.0 315.0
158.0 130.0 171.0 123.0
308.0 153.0 329.0 135.0
143.0 184.0 149.0 177.0
210.0 451.0 221.0 437.0
151.0 248.0 170.0 231.0
217.0 494.0 233.0 480.0
167.0 222.0 186.0 212.0
218.0 494.0 233.0 480.0
143.0 182.0 149.0 177.0
111.0 326.0 125.0 315.0
95.0 53.0 110.0 41.0
125.0 247.0 134.0 237.0
150.0 247.0 170.0 231.0
199.0 265.0 213.0 252.0
95.0 52.0 110.0 41.0
233.0 485.0 251.0 468.0
308.0 154.0 329.0 135.0
128.0 478.0 141.0 462.0
233.0 392.0 249.0 376.0
150.0 248.0 170.0 231.0
178.0 400.0 186.0 393.0
143.0 183.0 149.0 177.0
96.0 53.0 110.0 41.0
110.0 327.0 125.0 315.0
200.0 265.0 214.0 254.0
97.0 52.0 111.0 41.0
150.0 249.0 170.0 231.0
232.0 484.0 251.0 468.0
111.0 328.0 125.0 315.0
111.0 327.0 125.0 315.0
111.0 329.0 125.0 315.0
144.0 182.0 149.0 177.0
125.0 248.0 134.0 237.0
144.0 183.0 149.0 177.0
232.0 485.0 251.0 468.0
200.0 264.0 213.0 252.0
199.0 264.0 213.0 252.0
229.0 422.0 244.0 402.0
137.0 557.0 154.0 536.0
230.0 422.0 244.0 401.0
210.0 450.0 221.0 437.0
167.0 221.0 186.0 212.0
149.0 249.0 170.0 231.0
198.0 265.0 213.0 252.0
136.0 556.0 154.0 536.0
228.0 422.0 244.0 402.0
453.0 352.0 463.0 345.0
164.0 579.0 177.0 561.0
447.0 356.0 463.0 345.0
149.0 248.0 170.0 231.0
166.0 222.0 186.0 212.0
126.0 247.0 134.0 237.0
136.0 557.0 154.0 536.0
446.0 356.0 463.0 345.0
229.0 423.0 244.0 402.0
447.0 357.0 463.0 345.0
126.0 246.0 134.0 237.0
137.0 558.0 154.0 536.0
446.0 357.0 463.0 345.0
166.0 221.0 186.0 212.0
230.0 423.0 244.0 402.0
165.0 579.0 177.0 561.0
229.0 424.0 244.0 402.0
164.0 578.0 177.0 561.0
126.0 248.0 134.0 237.0
135.0 557.0 154.0 536.0
166.0 579.0 177.0 561.0
165.0 578.0 177.0 561.0
170.0 598.0 188.0 577.0
136.0 558.0 154.0 536.0
166.0 578.0 177.0 561.0
228.0 423.0 244.0 402.0
171.0 599.0 188.0 577.0
171.0 598.0 188.0 577.0
135.0 558.0 154.0 536.0
171.0 597.0 188.0 577.0
172.0 597.0 188.0 577.0
277.0 67.0 296.0 65.0
136.0 559.0 154.0 536.0
170.0 597.0 188.0 577.0
135.0 559.0 154.0 536.0
276.0 67.0 296.0 65.0
186.0 256.0 194.0 247.0
135.0 560.0 154.0 536.0
277.0 66.0 296.0 65.0
186.0 258.0 194.0 247.0
433.0 366.0 463.0 345.0
186.0 257.0 194.0 247.0
187.0 256.0 194.0 247.0
277.0 65.0 296.0 65.0
187.0 258.0 194.0 247.0
276.0 66.0 296.0 65.0
432.0 367.0 463.0 345.0
170.0 507.0 188.0 502.0
187.0 257.0 194.0 247.0
179.0 511.0 210.0 508.0
179.0 512.0 210.0 508.0
127.0 399.0 159.0 372.0
177.0 512.0 188.0 502.0
178.0 511.0 210.0 508.0
432.0 366.0 463.0 345.0
276.0 65.0 296.0 65.0
178.0 512.0 210.0 508.0
127.0 395.0 159.0 372.0
127.0 397.0 159.0 372.0
255.0 180.0 273.0 148.0
