22 531 41 529
22 532 41 530
23 532 42 530
24 531 43 529
24 532 43 530
24 533 43 531
26 522 44 520
26 523 45 521
27 523 46 521
27 524 46 522
27 525 46 523
28 524 47 522
82 472 99 468
82 473 99 469
82 474 99 470
82 475 99 471
83 472 100 468
83 473 100 469
83 474 100 470
83 475 100 471
84 473 101 469
84 474 101 470
84 475 101 471
85 474 102 470
100 457 116 453
100 458 116 454
101 455 117 451
101 456 117 452
101 457 117 453
102 455 118 451
103 454 119 449
103 455 119 450
110 327 121 322
110 328 121 323
111 327 122 322
111 328 122 323
115 434 130 429
116 431 131 426
116 432 131 427
116 433 131 428
116 434 131 429
117 431 132 426
117 432 132 427
117 433 132 428
117 435 132 430
117 436 132 431
118 425 133 420
118 426 133 421
118 432 133 427
118 433 133 428
118 435 133 430
119 424 134 419
119 425 134 420
119 426 134 421
120 422 135 417
120 423 135 418
120 424 135 419
120 425 135 420
120 426 135 421
121 421 136 416
121 422 136 417
121 423 136 418
121 425 136 420
121 426 136 421
126 427 141 422
127 426 142 421
130 422 145 417
131 163 136 158
131 164 136 159
131 421 146 415
131 422 146 416
132 162 137 157
132 163 137 158
132 421 147 415
132 422 147 416
133 165 138 160
133 420 148 414
133 421 148 415
134 164 139 159
140 155 145 149
141 352 153 346
142 351 154 345
142 352 154 346
143 350 155 344
143 351 155 345
144 182 150 176
147 250 155 244
148 249 156 243
148 250 156 244
148 253 157 247
148 254 157 248
148 255 157 249
149 248 157 242
149 249 157 243
149 250 157 244
149 253 158 247
149 254 158 248
149 255 158 249
150 248 158 242
150 249 158 243
150 250 158 244
151 248 159 242
151 249 159 243
153 261 162 255
153 278 162 272
153 279 163 273
154 134 158 128
154 135 158 129
154 277 163 271
154 278 163 272
154 279 164 273
155 132 159 126
155 133 159 127
155 134 159 128
155 135 159 129
155 273 164 267
156 131 160 125
156 132 160 126
156 133 160 127
156 134 160 128
156 135 160 129
157 131 161 125
157 132 161 126
157 133 161 127
157 134 161 128
157 306 167 300
158 130 162 124
158 131 162 125
158 132 162 126
158 133 162 127
158 305 168 299
158 306 168 300
158 307 169 301
158 308 169 302
158 311 169 305
158 312 169 306
159 99 162 93
159 298 169 292
159 299 169 293
159 300 169 294
159 305 169 299
159 306 169 300
159 307 170 301
159 308 170 302
159 309 170 303
159 310 170 304
159 311 170 305
159 312 170 306
160 98 163 92
160 99 163 93
160 297 170 290
160 298 170 291
160 299 170 292
160 300 170 293
160 308 171 301
160 309 171 302
160 310 171 303
160 311 171 304
161 97 164 91
161 98 164 92
161 99 164 93
161 298 171 291
161 299 171 292
161 300 171 293
161 303 171 296
161 304 171 297
161 308 172 301
161 309 172 302
161 310 172 303
162 97 165 91
162 98 165 92
162 297 172 290
162 298 172 291
162 302 172 295
162 303 172 296
162 308 173 301
163 300 173 293
163 301 173 294
164 93 167 86
164 94 167 87
164 95 167 88
164 299 174 292
164 300 174 293
165 93 168 86
165 298 175 291
166 221 173 214
166 222 173 215
166 223 173 216
166 224 173 217
167 222 174 215
167 223 174 216
170 100 173 93
170 101 173 94
170 102 173 95
170 103 173 96
171 100 174 93
171 101 174 94
171 102 174 95
171 103 174 96
171 221 178 214
172 100 175 93
172 101 175 94
172 102 175 95
172 403 186 396
172 404 186 397
173 211 180 204
173 225 181 218
173 403 187 396
173 404 187 397
174 209 181 202
174 210 181 203
174 211 181 204
174 224 181 217
174 225 182 218
174 402 188 395
174 403 188 396
175 209 182 202
175 210 182 203
176 237 184 230
177 236 185 229
178 204 185 197
178 402 192 395
179 201 186 194
179 202 186 195
179 203 186 196
179 204 186 197
179 248 187 241
179 249 187 242
179 250 187 243
180 200 187 193
180 201 187 194
180 202 187 195
180 203 187 196
180 248 188 241
180 249 188 242
180 276 189 269
180 277 189 270
180 279 189 272
180 280 190 273
181 200 188 193
181 201 188 194
181 262 190 255
181 263 190 256
181 275 190 268
181 276 190 269
181 277 190 270
181 278 190 271
181 279 190 272
182 205 189 198
182 261 191 254
182 262 191 255
182 274 191 267
182 275 191 268
182 276 191 269
182 277 191 270
182 278 191 271
183 204 190 197
183 205 190 198
183 274 192 267
183 275 192 268
183 276 192 269
183 277 192 270
183 278 192 271
184 203 191 196
184 204 191 197
184 205 191 198
184 275 193 268
184 276 193 269
184 277 193 270
185 203 192 196
185 204 192 197
185 258 194 251
185 275 194 268
185 276 194 269
185 277 194 270
186 257 195 250
186 258 195 251
186 259 195 252
186 275 195 268
186 276 195 269
186 277 195 270
186 464 202 456
186 465 202 457
186 466 202 458
187 256 196 249
187 257 196 250
187 258 196 251
187 259 196 252
187 466 203 458
197 267 206 259
197 268 206 260
197 389 210 381
198 266 207 258
198 267 207 259
198 268 207 260
199 265 208 257
199 266 208 258
199 267 208 259
199 386 212 378
200 264 209 256
200 265 209 257
200 266 209 258
200 385 213 377
200 386 213 378
201 264 210 256
201 265 210 257
201 385 214 377
205 173 211 165
206 173 212 165
207 172 213 164
207 173 213 165
208 170 213 162
208 171 214 163
208 172 214 164
208 450 224 442
208 451 224 443
209 450 225 442
218 392 232 383
219 391 233 382
220 435 235 426
221 382 234 373
221 435 236 426
222 379 235 370
222 380 235 371
222 381 235 372
222 382 235 373
223 217 230 208
224 209 231 200
224 217 231 208
224 432 239 423
224 433 239 424
225 201 232 192
225 202 232 193
225 209 232 200
226 201 233 192
241 107 244 98
241 108 244 99
241 109 244 100
242 103 245 94
242 104 245 95
242 105 245 96
242 106 245 97
242 107 245 98
242 108 245 99
242 109 245 100
242 110 245 101
243 103 246 94
243 104 246 95
243 109 246 100
243 110 246 101
244 109 247 100
244 110 247 101
245 549 264 539
245 550 264 540
246 257 255 247
246 547 265 537
246 548 265 538
246 549 265 539
246 550 265 540
247 257 256 247
247 547 266 537
247 548 266 538
247 549 266 539
271 252 279 241
271 253 279 242
272 251 280 240
272 252 280 241
273 250 281 239
273 251 281 240
273 252 281 241
274 250 282 239
274 251 282 240
279 244 287 233
279 245 287 234
279 246 287 235
280 244 288 233
280 245 288 234
280 246 288 235
281 244 289 233
281 245 289 234
281 246 289 235
284 240 292 229
285 239 293 228
285 240 293 229
286 237 294 226
286 238 294 227
286 239 294 228
287 237 295 226
287 238 295 227
288 236 296 225
288 237 296 226
344 236 352 223
344 237 352 224
345 235 353 222
345 236 353 223
345 237 353 224
345 240 353 227
346 235 354 222
346 236 354 223
346 239 354 226
346 240 354 227
346 241 354 228
346 242 354 229
346 243 354 230
347 239 355 226
347 240 355 227
347 241 355 228
347 242 355 229
347 243 355 230
348 240 356 227
348 241 356 228
348 242 356 229
360 267 369 253
361 265 370 251
361 266 370 252
361 267 370 253
361 268 370 254
362 264 371 250
362 265 371 251
362 266 371 252
362 267 371 253
362 268 371 254
363 263 372 249
363 264 372 250
363 265 372 251
363 266 372 252
364 262 373 248
364 263 373 249
364 264 373 250
365 261 374 247
365 262 374 248
365 263 374 249
366 261 375 247
383 249 391 234
383 250 391 235
383 251 391 236
384 247 392 232
384 248 392 233
384 249 392 234
384 250 392 235
385 245 393 230
385 246 393 231
385 247 393 232
385 248 393 233
385 249 393 234
386 245 394 230
386 246 394 231
386 247 394 232
386 248 394 233
386 252 394 237
387 245 395 230
387 246 395 231
387 247 395 232
387 250 395 235
387 251 395 236
387 252 395 237
387 253 395 238
388 245 396 230
388 249 396 234
388 250 396 235
388 251 396 236
388 252 396 237
388 253 396 238
389 248 397 233
389 249 397 234
389 250 397 235
389 251 397 236
390 247 398 232
390 248 398 233
390 249 398 234
391 246 399 231
392 245 400 230
401 240 409 225
403 238 411 223
404 237 412 222
404 238 412 223
405 236 413 221
405 237 413 222
406 236 414 221
