1305031526.671473 rgb/1305031526.671473.png 1305031526.688356 depth/1305031526.688356.png 1305031526.672100 1.5015 0.9306 1.4503 0.8703 0.1493 -0.1216 -0.4533
1305031526.707547 rgb/1305031526.707547.png 1305031526.721587 depth/1305031526.721587.png 1305031526.712200 1.5062 0.9251 1.4551 0.8637 0.1395 -0.1130 -0.4710
1305031526.771481 rgb/1305031526.771481.png 1305031526.755957 depth/1305031526.755957.png 1305031526.772200 1.5119 0.9142 1.4651 -0.8502 -0.1262 0.0954 0.5021
1305031526.807455 rgb/1305031526.807455.png 1305031526.822643 depth/1305031526.822643.png 1305031526.812100 1.5152 0.9063 1.4724 -0.8341 -0.1188 0.0871 0.5316
1305031526.871446 rgb/1305031526.871446.png 1305031526.856844 depth/1305031526.856844.png 1305031526.872200 1.5177 0.8921 1.4824 -0.8172 -0.1124 0.0738 0.5605
1305031526.907484 rgb/1305031526.907484.png 1305031526.920578 depth/1305031526.920578.png 1305031526.912200 1.5189 0.8828 1.4886 -0.8039 -0.1062 0.0656 0.5816
1305031526.939618 rgb/1305031526.939618.png 1305031526.955033 depth/1305031526.955033.png 1305031526.942100 1.5196 0.8752 1.4926 -0.7958 -0.1012 0.0594 0.5941
1305031526.971510 rgb/1305031526.971510.png 1305031526.987606 depth/1305031526.987606.png 1305031526.972200 1.5197 0.8664 1.4958 -0.7881 -0.0951 0.0537 0.6058
1305031527.007595 rgb/1305031527.007595.png 1305031527.020791 depth/1305031527.020791.png 1305031527.012100 1.5209 0.8569 1.4996 -0.7795 -0.0899 0.0483 0.6180
1305031527.039512 rgb/1305031527.039512.png 1305031527.055070 depth/1305031527.055070.png 1305031527.042100 1.5218 0.8500 1.5023 -0.7711 -0.0861 0.0444 0.6292
1305031527.071487 rgb/1305031527.071487.png 1305031527.086965 depth/1305031527.086965.png 1305031527.072300 1.5234 0.8450 1.5043 -0.7608 -0.0831 0.0422 0.6422
1305031527.107498 rgb/1305031527.107498.png 1305031527.119854 depth/1305031527.119854.png 1305031527.112200 1.5243 0.8380 1.5057 -0.7542 -0.0789 0.0399 0.6506
1305031527.139473 rgb/1305031527.139473.png 1305031527.155465 depth/1305031527.155465.png 1305031527.142100 1.5258 0.8327 1.5068 -0.7480 -0.0759 0.0366 0.6583
1305031527.171540 rgb/1305031527.171540.png 1305031527.186447 depth/1305031527.186447.png 1305031527.172200 1.5266 0.8284 1.5067 -0.7443 -0.0716 0.0348 0.6630
1305031527.207588 rgb/1305031527.207588.png 1305031527.222219 depth/1305031527.222219.png 1305031527.212200 1.5271 0.8251 1.5055 -0.7444 -0.0708 0.0335 0.6631
1305031527.271501 rgb/1305031527.271501.png 1305031527.256275 depth/1305031527.256275.png 1305031527.272100 1.5270 0.8228 1.5007 -0.7554 -0.0680 0.0323 0.6509
1305031527.307472 rgb/1305031527.307472.png 1305031527.323213 depth/1305031527.323213.png 1305031527.312200 1.5265 0.8244 1.4961 -0.7622 -0.0684 0.0363 0.6427
1305031527.339636 rgb/1305031527.339636.png 1305031527.355197 depth/1305031527.355197.png 1305031527.322100 1.5263 0.8245 1.4947 -0.7647 -0.0680 0.0377 0.6397
1305031527.539741 rgb/1305031527.539741.png 1305031527.554573 depth/1305031527.554573.png 1305031527.532200 1.5213 0.8354 1.4665 -0.7993 -0.0665 0.0447 0.5955
1305031527.671547 rgb/1305031527.671547.png 1305031527.656028 depth/1305031527.656028.png 1305031527.672100 1.5107 0.8404 1.4443 -0.8388 -0.0797 0.0411 0.5370
1305031527.707520 rgb/1305031527.707520.png 1305031527.721751 depth/1305031527.721751.png 1305031527.712200 1.5059 0.8406 1.4390 -0.8461 -0.0839 0.0480 0.5241
1305031527.771461 rgb/1305031527.771461.png 1305031527.756472 depth/1305031527.756472.png 1305031527.772100 1.4984 0.8395 1.4327 -0.8526 -0.0880 0.0560 0.5121
1305031527.807581 rgb/1305031527.807581.png 1305031527.789333 depth/1305031527.789333.png 1305031527.812200 1.4922 0.8378 1.4290 -0.8564 -0.0930 0.0630 0.5039
1305031527.839601 rgb/1305031527.839601.png 1305031527.825562 depth/1305031527.825562.png 1305031527.842200 1.4867 0.8363 1.4265 -0.8574 -0.0980 0.0705 0.5003
1305031527.871464 rgb/1305031527.871464.png 1305031527.857855 depth/1305031527.857855.png 1305031527.872100 1.4804 0.8341 1.4237 0.8603 0.1070 -0.0783 -0.4922
1305031527.907477 rgb/1305031527.907477.png 1305031527.922214 depth/1305031527.922214.png 1305031527.912100 1.4708 0.8306 1.4204 0.8617 0.1210 -0.0879 -0.4849
1305031527.939566 rgb/1305031527.939566.png 1305031527.954490 depth/1305031527.954490.png 1305031527.942100 1.4628 0.8271 1.4192 0.8586 0.1365 -0.0964 -0.4847
1305031527.971502 rgb/1305031527.971502.png 1305031527.987977 depth/1305031527.987977.png 1305031527.972200 1.4545 0.8231 1.4180 0.8531 0.1537 -0.1048 -0.4875
1305031528.039560 rgb/1305031528.039560.png 1305031528.025614 depth/1305031528.025614.png 1305031528.042200 1.4350 0.8113 1.4166 0.8395 0.1968 -0.1235 -0.4911
1305031528.071546 rgb/1305031528.071546.png 1305031528.085297 depth/1305031528.085297.png 1305031528.072100 1.4269 0.8052 1.4168 0.8321 0.2141 -0.1310 -0.4947
1305031528.107513 rgb/1305031528.107513.png 1305031528.124333 depth/1305031528.124333.png 1305031528.112200 1.4157 0.7957 1.4172 0.8213 0.2395 -0.1415 -0.4982
1305031528.139513 rgb/1305031528.139513.png 1305031528.151873 depth/1305031528.151873.png 1305031528.142100 1.4076 0.7880 1.4177 -0.8129 -0.2579 0.1482 0.5008
1305031528.171523 rgb/1305031528.171523.png 1305031528.186872 depth/1305031528.186872.png 1305031528.172100 1.3999 0.7798 1.4182 -0.8057 -0.2750 0.1516 0.5023
1305031528.207527 rgb/1305031528.207527.png 1305031528.220887 depth/1305031528.220887.png 1305031528.212100 1.3902 0.7684 1.4191 -0.7934 -0.2930 0.1537 0.5109
1305031528.239493 rgb/1305031528.239493.png 1305031528.251953 depth/1305031528.251953.png 1305031528.242200 1.3834 0.7599 1.4203 -0.7816 -0.3053 0.1570 0.5208
1305031528.275450 rgb/1305031528.275450.png 1305031528.284263 depth/1305031528.284263.png 1305031528.272200 1.3757 0.7500 1.4218 -0.7755 -0.3204 0.1620 0.5193
1305031528.307665 rgb/1305031528.307665.png 1305031528.321639 depth/1305031528.321639.png 1305031528.312100 1.3670 0.7361 1.4255 -0.7607 -0.3420 0.1774 0.5223
1305031528.339593 rgb/1305031528.339593.png 1305031528.355032 depth/1305031528.355032.png 1305031528.342100 1.3592 0.7261 1.4284 -0.7470 -0.3576 0.1940 0.5259
1305031528.375435 rgb/1305031528.375435.png 1305031528.384839 depth/1305031528.384839.png 1305031528.372100 1.3526 0.7159 1.4316 -0.7373 -0.3709 0.2099 0.5242
1305031528.407459 rgb/1305031528.407459.png 1305031528.424006 depth/1305031528.424006.png 1305031528.412200 1.3435 0.7011 1.4363 -0.7218 -0.3905 0.2364 0.5202
1305031528.439469 rgb/1305031528.439469.png 1305031528.453962 depth/1305031528.453962.png 1305031528.442100 1.3372 0.6902 1.4400 -0.7103 -0.4054 0.2555 0.5156
1305031528.475342 rgb/1305031528.475342.png 1305031528.490720 depth/1305031528.490720.png 1305031528.472100 1.3311 0.6784 1.4431 -0.7014 -0.4167 0.2744 0.5090
1305031528.539626 rgb/1305031528.539626.png 1305031528.524649 depth/1305031528.524649.png 1305031528.542200 1.3180 0.6526 1.4496 0.6736 0.4500 -0.3218 -0.4902
1305031528.575449 rgb/1305031528.575449.png 1305031528.557069 depth/1305031528.557069.png 1305031528.572300 1.3133 0.6410 1.4507 0.6649 0.4635 -0.3380 -0.4782
1305031528.607841 rgb/1305031528.607841.png 1305031528.592924 depth/1305031528.592924.png 1305031528.612200 1.3094 0.6251 1.4510 0.6549 0.4788 -0.3560 -0.4638
1305031528.639487 rgb/1305031528.639487.png 1305031528.654033 depth/1305031528.654033.png 1305031528.642100 1.3070 0.6131 1.4497 0.6474 0.4893 -0.3666 -0.4550
1305031528.707447 rgb/1305031528.707447.png 1305031528.692143 depth/1305031528.692143.png 1305031528.712200 1.3036 0.5843 1.4413 0.6416 0.5122 -0.3716 -0.4335
1305031528.739609 rgb/1305031528.739609.png 1305031528.725000 depth/1305031528.725000.png 1305031528.742100 1.3022 0.5717 1.4362 0.6380 0.5205 -0.3731 -0.4277
1305031528.775443 rgb/1305031528.775443.png 1305031528.756620 depth/1305031528.756620.png 1305031528.772100 1.3019 0.5591 1.4304 0.6397 0.5275 -0.3680 -0.4209
1305031528.807559 rgb/1305031528.807559.png 1305031528.792160 depth/1305031528.792160.png 1305031528.812100 1.3009 0.5418 1.4213 0.6417 0.5382 -0.3614 -0.4098
1305031528.839572 rgb/1305031528.839572.png 1305031528.824057 depth/1305031528.824057.png 1305031528.842200 1.2998 0.5287 1.4140 0.6412 0.5445 -0.3598 -0.4036
1305031528.875433 rgb/1305031528.875433.png 1305031528.856114 depth/1305031528.856114.png 1305031528.872100 1.2985 0.5151 1.4065 0.6435 0.5524 -0.3545 -0.3939
1305031528.907519 rgb/1305031528.907519.png 1305031528.892684 depth/1305031528.892684.png 1305031528.912100 1.2962 0.4966 1.3960 0.6491 0.5605 -0.3457 -0.3808
1305031528.939602 rgb/1305031528.939602.png 1305031528.924061 depth/1305031528.924061.png 1305031528.942100 1.2942 0.4819 1.3883 0.6557 0.5642 -0.3396 -0.3692
1305031528.975465 rgb/1305031528.975465.png 1305031528.956027 depth/1305031528.956027.png 1305031528.972100 1.2922 0.4665 1.3810 0.6627 0.5621 -0.3385 -0.3610
1305031529.007487 rgb/1305031529.007487.png 1305031528.991870 depth/1305031528.991870.png 1305031529.012100 1.2880 0.4447 1.3704 0.6751 0.5606 -0.3311 -0.3470
1305031529.039494 rgb/1305031529.039494.png 1305031529.024164 depth/1305031529.024164.png 1305031529.042100 1.2848 0.4279 1.3625 0.6879 0.5564 -0.3221 -0.3367
1305031529.075422 rgb/1305031529.075422.png 1305031529.057246 depth/1305031529.057246.png 1305031529.072100 1.2813 0.4105 1.3549 0.7035 0.5454 -0.3135 -0.3306
1305031529.107523 rgb/1305031529.107523.png 1305031529.092696 depth/1305031529.092696.png 1305031529.112100 1.2759 0.3862 1.3451 0.7244 0.5267 -0.3032 -0.3256
1305031529.139597 rgb/1305031529.139597.png 1305031529.124051 depth/1305031529.124051.png 1305031529.142200 1.2710 0.3666 1.3378 0.7418 0.5092 -0.2977 -0.3190
1305031529.175411 rgb/1305031529.175411.png 1305031529.156187 depth/1305031529.156187.png 1305031529.172100 1.2660 0.3461 1.3310 0.7603 0.4912 -0.2910 -0.3100
1305031529.207466 rgb/1305031529.207466.png 1305031529.192085 depth/1305031529.192085.png 1305031529.212100 1.2578 0.3180 1.3227 0.7825 0.4731 -0.2775 -0.2947
1305031529.239515 rgb/1305031529.239515.png 1305031529.224200 depth/1305031529.224200.png 1305031529.242200 1.2501 0.2972 1.3166 0.7943 0.4646 -0.2658 -0.2874
1305031529.275389 rgb/1305031529.275389.png 1305031529.291235 depth/1305031529.291235.png 1305031529.272100 1.2422 0.2763 1.3115 0.8063 0.4580 -0.2489 -0.2797
1305031529.307413 rgb/1305031529.307413.png 1305031529.323356 depth/1305031529.323356.png 1305031529.312200 1.2305 0.2483 1.3063 0.8194 0.4484 -0.2302 -0.2732
1305031529.339486 rgb/1305031529.339486.png 1305031529.355813 depth/1305031529.355813.png 1305031529.342100 1.2210 0.2270 1.3029 0.8282 0.4457 -0.2162 -0.2622
1305031529.375399 rgb/1305031529.375399.png 1305031529.388855 depth/1305031529.388855.png 1305031529.372100 1.2104 0.2063 1.3008 0.8301 0.4456 -0.2115 -0.2602
1305031529.407513 rgb/1305031529.407513.png 1305031529.423010 depth/1305031529.423010.png 1305031529.412100 1.1956 0.1791 1.2997 0.8299 0.4472 -0.2081 -0.2607
1305031529.439502 rgb/1305031529.439502.png 1305031529.457448 depth/1305031529.457448.png 1305031529.442100 1.1843 0.1600 1.3000 0.8304 0.4464 -0.2028 -0.2645
1305031529.475403 rgb/1305031529.475403.png 1305031529.491343 depth/1305031529.491343.png 1305031529.472100 1.1729 0.1418 1.3008 0.8303 0.4460 -0.1983 -0.2690
1305031529.507485 rgb/1305031529.507485.png 1305031529.522171 depth/1305031529.522171.png 1305031529.512100 1.1577 0.1193 1.3029 0.8290 0.4453 -0.1917 -0.2788
1305031529.539489 rgb/1305031529.539489.png 1305031529.556350 depth/1305031529.556350.png 1305031529.542200 1.1462 0.1041 1.3046 0.8290 0.4417 -0.1865 -0.2879
1305031529.607479 rgb/1305031529.607479.png 1305031529.593324 depth/1305031529.593324.png 1305031529.612300 1.1179 0.0732 1.3064 0.8350 0.4311 -0.1765 -0.2927
1305031529.639746 rgb/1305031529.639746.png 1305031529.623772 depth/1305031529.623772.png 1305031529.642300 1.1057 0.0620 1.3067 0.8404 0.4225 -0.1734 -0.2919
1305031529.675618 rgb/1305031529.675618.png 1305031529.657753 depth/1305031529.657753.png 1305031529.672100 1.0934 0.0521 1.3067 0.8466 0.4127 -0.1705 -0.2897
1305031529.707557 rgb/1305031529.707557.png 1305031529.692840 depth/1305031529.692840.png 1305031529.712100 1.0772 0.0401 1.3062 0.8540 0.4020 -0.1668 -0.2851
1305031529.739568 rgb/1305031529.739568.png 1305031529.725566 depth/1305031529.725566.png 1305031529.742100 1.0645 0.0324 1.3057 0.8593 0.3933 -0.1610 -0.2845
1305031529.775501 rgb/1305031529.775501.png 1305031529.759598 depth/1305031529.759598.png 1305031529.772100 1.0519 0.0257 1.3054 0.8653 0.3833 -0.1532 -0.2845
1305031529.807516 rgb/1305031529.807516.png 1305031529.792805 depth/1305031529.792805.png 1305031529.812200 1.0347 0.0182 1.3067 0.8683 0.3721 -0.1418 -0.2957
1305031529.839505 rgb/1305031529.839505.png 1305031529.825293 depth/1305031529.825293.png 1305031529.842200 1.0205 0.0123 1.3077 0.8720 0.3619 -0.1364 -0.3002
1305031529.875495 rgb/1305031529.875495.png 1305031529.891119 depth/1305031529.891119.png 1305031529.872100 1.0056 0.0061 1.3092 0.8768 0.3496 -0.1342 -0.3015
1305031529.939498 rgb/1305031529.939498.png 1305031529.925850 depth/1305031529.925850.png 1305031529.942300 0.9664 -0.0101 1.3143 0.8831 0.3236 -0.1383 -0.3102
1305031529.975501 rgb/1305031529.975501.png 1305031529.960102 depth/1305031529.960102.png 1305031529.972100 0.9487 -0.0181 1.3172 0.8879 0.3138 -0.1360 -0.3078
1305031530.007409 rgb/1305031530.007409.png 1305031529.992331 depth/1305031529.992331.png 1305031530.012200 0.9251 -0.0287 1.3230 0.8943 0.2970 -0.1364 -0.3057
1305031530.039454 rgb/1305031530.039454.png 1305031530.024225 depth/1305031530.024225.png 1305031530.042100 0.9078 -0.0374 1.3294 0.8982 0.2858 -0.1387 -0.3039
1305031530.075443 rgb/1305031530.075443.png 1305031530.059982 depth/1305031530.059982.png 1305031530.072100 0.8912 -0.0468 1.3372 0.9025 0.2763 -0.1397 -0.2994
1305031530.107445 rgb/1305031530.107445.png 1305031530.091203 depth/1305031530.091203.png 1305031530.112100 0.8702 -0.0598 1.3504 0.9063 0.2617 -0.1441 -0.2991
1305031530.139497 rgb/1305031530.139497.png 1305031530.125990 depth/1305031530.125990.png 1305031530.142100 0.8549 -0.0694 1.3619 0.9068 0.2541 -0.1470 -0.3026
1305031530.175410 rgb/1305031530.175410.png 1305031530.159636 depth/1305031530.159636.png 1305031530.172100 0.8401 -0.0790 1.3745 0.9079 0.2497 -0.1467 -0.3031
1305031530.207486 rgb/1305031530.207486.png 1305031530.191494 depth/1305031530.191494.png 1305031530.212100 0.8207 -0.0918 1.3931 0.9064 0.2442 -0.1474 -0.3116
1305031530.239446 rgb/1305031530.239446.png 1305031530.224007 depth/1305031530.224007.png 1305031530.242100 0.8068 -0.1013 1.4078 0.9047 0.2421 -0.1449 -0.3193
1305031530.275407 rgb/1305031530.275407.png 1305031530.259074 depth/1305031530.259074.png 1305031530.272100 0.7934 -0.1110 1.4224 0.9035 0.2412 -0.1406 -0.3252
1305031530.307544 rgb/1305031530.307544.png 1305031530.292738 depth/1305031530.292738.png 1305031530.312100 0.7759 -0.1236 1.4419 0.9029 0.2375 -0.1349 -0.3319
1305031530.339724 rgb/1305031530.339724.png 1305031530.324398 depth/1305031530.324398.png 1305031530.342200 0.7628 -0.1330 1.4560 0.9028 0.2349 -0.1290 -0.3364
1305031530.375386 rgb/1305031530.375386.png 1305031530.355958 depth/1305031530.355958.png 1305031530.372100 0.7506 -0.1430 1.4696 0.9048 0.2337 -0.1209 -0.3349
1305031530.407465 rgb/1305031530.407465.png 1305031530.391987 depth/1305031530.391987.png 1305031530.412100 0.7341 -0.1559 1.4881 0.9045 0.2300 -0.1148 -0.3402
1305031530.439553 rgb/1305031530.439553.png 1305031530.423101 depth/1305031530.423101.png 1305031530.442100 0.7216 -0.1654 1.5023 0.9040 0.2261 -0.1088 -0.3460
1305031530.475439 rgb/1305031530.475439.png 1305031530.458850 depth/1305031530.458850.png 1305031530.472100 0.7099 -0.1754 1.5169 0.9044 0.2220 -0.1045 -0.3491
1305031530.507461 rgb/1305031530.507461.png 1305031530.492200 depth/1305031530.492200.png 1305031530.512100 0.6956 -0.1882 1.5374 0.9034 0.2144 -0.0975 -0.3584
1305031530.539532 rgb/1305031530.539532.png 1305031530.524323 depth/1305031530.524323.png 1305031530.542100 0.6854 -0.1978 1.5540 0.9010 0.2085 -0.0887 -0.3699
1305031530.575433 rgb/1305031530.575433.png 1305031530.591301 depth/1305031530.591301.png 1305031530.572100 0.6760 -0.2074 1.5716 0.8966 0.2015 -0.0783 -0.3864
1305031530.607559 rgb/1305031530.607559.png 1305031530.623002 depth/1305031530.623002.png 1305031530.612100 0.6643 -0.2208 1.5949 0.8921 0.1876 -0.0617 -0.4063
1305031530.639507 rgb/1305031530.639507.png 1305031530.656445 depth/1305031530.656445.png 1305031530.642100 0.6556 -0.2316 1.6115 0.8889 0.1759 -0.0458 -0.4204
1305031530.675401 rgb/1305031530.675401.png 1305031530.691015 depth/1305031530.691015.png 1305031530.672200 0.6472 -0.2436 1.6277 0.8852 0.1621 -0.0275 -0.4352
1305031530.739522 rgb/1305031530.739522.png 1305031530.723869 depth/1305031530.723869.png 1305031530.742100 0.6260 -0.2744 1.6604 0.8736 0.1215 0.0135 -0.4710
1305031530.775437 rgb/1305031530.775437.png 1305031530.790818 depth/1305031530.790818.png 1305031530.772100 0.6156 -0.2883 1.6720 0.8700 0.1022 0.0301 -0.4814
1305031530.807467 rgb/1305031530.807467.png 1305031530.822584 depth/1305031530.822584.png 1305031530.812100 0.6001 -0.3069 1.6845 0.8661 0.0784 0.0482 -0.4914
1305031530.839463 rgb/1305031530.839463.png 1305031530.858371 depth/1305031530.858371.png 1305031530.842100 0.5870 -0.3201 1.6912 0.8668 0.0628 0.0582 -0.4912
1305031530.875401 rgb/1305031530.875401.png 1305031530.890688 depth/1305031530.890688.png 1305031530.872100 0.5719 -0.3328 1.6958 0.8698 0.0507 0.0631 -0.4868
1305031530.939462 rgb/1305031530.939462.png 1305031530.923878 depth/1305031530.923878.png 1305031530.942100 0.5290 -0.3562 1.6990 0.8668 0.0445 0.0556 -0.4936
1305031530.975286 rgb/1305031530.975286.png 1305031530.988081 depth/1305031530.988081.png 1305031530.974200 0.5080 -0.3634 1.6957 0.8682 0.0497 0.0473 -0.4914
1305031531.039689 rgb/1305031531.039689.png 1305031531.027310 depth/1305031531.027310.png 1305031531.042100 0.4557 -0.3746 1.6807 0.8766 0.0616 0.0159 -0.4771
1305031531.075325 rgb/1305031531.075325.png 1305031531.091208 depth/1305031531.091208.png 1305031531.072100 0.4319 -0.3776 1.6714 0.8823 0.0681 0.0025 -0.4658
1305031531.139581 rgb/1305031531.139581.png 1305031531.126140 depth/1305031531.126140.png 1305031531.142100 0.3745 -0.3826 1.6474 0.8923 0.0813 -0.0349 -0.4426
1305031531.175355 rgb/1305031531.175355.png 1305031531.190137 depth/1305031531.190137.png 1305031531.172100 0.3490 -0.3829 1.6359 0.8932 0.0860 -0.0489 -0.4386
1305031531.239619 rgb/1305031531.239619.png 1305031531.228127 depth/1305031531.228127.png 1305031531.242100 0.2877 -0.3830 1.6082 0.8992 0.0983 -0.0832 -0.4182
1305031531.275515 rgb/1305031531.275515.png 1305031531.290185 depth/1305031531.290185.png 1305031531.272100 0.2621 -0.3813 1.5969 0.8975 0.1012 -0.0962 -0.4183
1305031531.339595 rgb/1305031531.339595.png 1305031531.327763 depth/1305031531.327763.png 1305031531.342100 0.2030 -0.3764 1.5716 0.8963 0.1053 -0.1118 -0.4160
1305031531.375434 rgb/1305031531.375434.png 1305031531.389868 depth/1305031531.389868.png 1305031531.372200 0.1790 -0.3732 1.5615 0.8962 0.1038 -0.1101 -0.4170
1305031531.439644 rgb/1305031531.439644.png 1305031531.427177 depth/1305031531.427177.png 1305031531.442100 0.1265 -0.3619 1.5401 0.8965 0.0914 -0.0964 -0.4227
1305031531.475324 rgb/1305031531.475324.png 1305031531.459698 depth/1305031531.459698.png 1305031531.472100 0.1047 -0.3559 1.5326 0.8958 0.0842 -0.0917 -0.4266
1305031531.507602 rgb/1305031531.507602.png 1305031531.492107 depth/1305031531.492107.png 1305031531.512100 0.0756 -0.3470 1.5235 0.8957 0.0774 -0.0856 -0.4294
1305031531.539487 rgb/1305031531.539487.png 1305031531.527542 depth/1305031531.527542.png 1305031531.542100 0.0542 -0.3398 1.5177 0.8963 0.0722 -0.0840 -0.4294
1305031531.575392 rgb/1305031531.575392.png 1305031531.560506 depth/1305031531.560506.png 1305031531.572100 0.0328 -0.3328 1.5125 0.8961 0.0639 -0.0842 -0.4312
1305031531.607419 rgb/1305031531.607419.png 1305031531.592018 depth/1305031531.592018.png 1305031531.612100 0.0044 -0.3251 1.5060 0.8970 0.0566 -0.0794 -0.4312
1305031531.639521 rgb/1305031531.639521.png 1305031531.628037 depth/1305031531.628037.png 1305031531.642100 -0.0167 -0.3202 1.5017 0.8977 0.0508 -0.0749 -0.4312
1305031531.675444 rgb/1305031531.675444.png 1305031531.659769 depth/1305031531.659769.png 1305031531.672100 -0.0377 -0.3154 1.4979 0.8966 0.0453 -0.0712 -0.4348
1305031531.707498 rgb/1305031531.707498.png 1305031531.693140 depth/1305031531.693140.png 1305031531.712100 -0.0664 -0.3098 1.4926 0.8962 0.0430 -0.0674 -0.4364
1305031531.739657 rgb/1305031531.739657.png 1305031531.727762 depth/1305031531.727762.png 1305031531.742100 -0.0882 -0.3062 1.4889 0.8957 0.0423 -0.0624 -0.4382
1305031531.775442 rgb/1305031531.775442.png 1305031531.790528 depth/1305031531.790528.png 1305031531.772100 -0.1091 -0.3032 1.4854 0.8948 0.0409 -0.0569 -0.4410
1305031531.839545 rgb/1305031531.839545.png 1305031531.826931 depth/1305031531.826931.png 1305031531.842100 -0.1569 -0.2970 1.4755 0.8942 0.0384 -0.0516 -0.4430
1305031531.875426 rgb/1305031531.875426.png 1305031531.858402 depth/1305031531.858402.png 1305031531.872100 -0.1768 -0.2953 1.4701 0.8993 0.0370 -0.0487 -0.4330
1305031531.907427 rgb/1305031531.907427.png 1305031531.893291 depth/1305031531.893291.png 1305031531.912100 -0.2021 -0.2925 1.4623 0.9031 0.0329 -0.0445 -0.4258
1305031531.939564 rgb/1305031531.939564.png 1305031531.925080 depth/1305031531.925080.png 1305031531.942100 -0.2198 -0.2907 1.4559 0.9078 0.0281 -0.0386 -0.4166
1305031531.975488 rgb/1305031531.975488.png 1305031531.990634 depth/1305031531.990634.png 1305031531.972000 -0.2371 -0.2894 1.4489 0.9117 0.0222 -0.0332 -0.4090
1305031532.039675 rgb/1305031532.039675.png 1305031532.027524 depth/1305031532.027524.png 1305031532.042100 -0.2758 -0.2854 1.4292 0.9220 0.0000 -0.0229 -0.3865
1305031532.075525 rgb/1305031532.075525.png 1305031532.059872 depth/1305031532.059872.png 1305031532.072100 -0.2923 -0.2829 1.4194 0.9268 -0.0119 -0.0189 -0.3748
1305031532.107398 rgb/1305031532.107398.png 1305031532.092096 depth/1305031532.092096.png 1305031532.112100 -0.3142 -0.2804 1.4061 0.9340 -0.0326 -0.0163 -0.3555
1305031532.139520 rgb/1305031532.139520.png 1305031532.126073 depth/1305031532.126073.png 1305031532.142100 -0.3306 -0.2779 1.3964 0.9371 -0.0498 -0.0170 -0.3452
1305031532.175563 rgb/1305031532.175563.png 1305031532.159926 depth/1305031532.159926.png 1305031532.172100 -0.3470 -0.2759 1.3859 0.9402 -0.0665 -0.0181 -0.3336
1305031532.207465 rgb/1305031532.207465.png 1305031532.195623 depth/1305031532.195623.png 1305031532.212100 -0.3700 -0.2733 1.3727 0.9427 -0.0910 -0.0207 -0.3202
1305031532.239966 rgb/1305031532.239966.png 1305031532.227800 depth/1305031532.227800.png 1305031532.242100 -0.3882 -0.2719 1.3635 0.9441 -0.1075 -0.0227 -0.3108
1305031532.275514 rgb/1305031532.275514.png 1305031532.260079 depth/1305031532.260079.png 1305031532.272100 -0.4065 -0.2695 1.3546 0.9452 -0.1237 -0.0218 -0.3015
1305031532.307481 rgb/1305031532.307481.png 1305031532.295824 depth/1305031532.295824.png 1305031532.312100 -0.4318 -0.2643 1.3440 0.9463 -0.1444 -0.0210 -0.2884
1305031532.339777 rgb/1305031532.339777.png 1305031532.327833 depth/1305031532.327833.png 1305031532.342100 -0.4514 -0.2600 1.3378 0.9480 -0.1576 -0.0267 -0.2752
1305031532.375496 rgb/1305031532.375496.png 1305031532.356687 depth/1305031532.356687.png 1305031532.372100 -0.4712 -0.2549 1.3327 0.9493 -0.1668 -0.0334 -0.2645
1305031532.407448 rgb/1305031532.407448.png 1305031532.396584 depth/1305031532.396584.png 1305031532.412100 -0.4976 -0.2460 1.3290 0.9491 -0.1738 -0.0400 -0.2595
1305031532.439533 rgb/1305031532.439533.png 1305031532.424572 depth/1305031532.424572.png 1305031532.442100 -0.5166 -0.2382 1.3287 0.9462 -0.1736 -0.0405 -0.2699
1305031532.475428 rgb/1305031532.475428.png 1305031532.461447 depth/1305031532.461447.png 1305031532.472100 -0.5350 -0.2292 1.3290 0.9418 -0.1731 -0.0379 -0.2858
1305031532.507415 rgb/1305031532.507415.png 1305031532.494758 depth/1305031532.494758.png 1305031532.512100 -0.5582 -0.2167 1.3297 0.9370 -0.1761 -0.0373 -0.2995
1305031532.539458 rgb/1305031532.539458.png 1305031532.523363 depth/1305031532.523363.png 1305031532.542200 -0.5747 -0.2059 1.3301 0.9321 -0.1779 -0.0378 -0.3132
1305031532.575435 rgb/1305031532.575435.png 1305031532.558750 depth/1305031532.558750.png 1305031532.572100 -0.5905 -0.1945 1.3305 0.9277 -0.1811 -0.0379 -0.3243
1305031532.607434 rgb/1305031532.607434.png 1305031532.594713 depth/1305031532.594713.png 1305031532.612100 -0.6096 -0.1787 1.3297 0.9254 -0.1900 -0.0337 -0.3263
1305031532.639592 rgb/1305031532.639592.png 1305031532.626577 depth/1305031532.626577.png 1305031532.642100 -0.6219 -0.1663 1.3290 0.9230 -0.2000 -0.0244 -0.3279
1305031532.707308 rgb/1305031532.707308.png 1305031532.692281 depth/1305031532.692281.png 1305031532.712100 -0.6458 -0.1376 1.3257 0.9206 -0.2273 -0.0038 -0.3176
1305031532.740052 rgb/1305031532.740052.png 1305031532.725142 depth/1305031532.725142.png 1305031532.742100 -0.6544 -0.1253 1.3239 0.9215 -0.2376 0.0007 -0.3071
1305031532.775761 rgb/1305031532.775761.png 1305031532.756518 depth/1305031532.756518.png 1305031532.772100 -0.6620 -0.1131 1.3221 0.9206 -0.2469 0.0048 -0.3025
1305031532.807429 rgb/1305031532.807429.png 1305031532.793593 depth/1305031532.793593.png 1305031532.812100 -0.6703 -0.0970 1.3205 0.9174 -0.2566 0.0136 -0.3040
1305031532.839717 rgb/1305031532.839717.png 1305031532.827589 depth/1305031532.827589.png 1305031532.842100 -0.6747 -0.0851 1.3192 0.9145 -0.2681 0.0222 -0.3023
1305031532.875476 rgb/1305031532.875476.png 1305031532.860360 depth/1305031532.860360.png 1305031532.872100 -0.6779 -0.0731 1.3178 0.9105 -0.2801 0.0324 -0.3025
1305031532.907577 rgb/1305031532.907577.png 1305031532.894951 depth/1305031532.894951.png 1305031532.912100 -0.6814 -0.0576 1.3156 0.9061 -0.2976 0.0401 -0.2981
1305031532.939523 rgb/1305031532.939523.png 1305031532.927108 depth/1305031532.927108.png 1305031532.942100 -0.6824 -0.0456 1.3140 0.8998 -0.3121 0.0415 -0.3022
1305031532.975424 rgb/1305031532.975424.png 1305031532.958860 depth/1305031532.958860.png 1305031532.972100 -0.6835 -0.0339 1.3128 0.8943 -0.3261 0.0416 -0.3034
1305031533.007402 rgb/1305031533.007402.png 1305031532.994889 depth/1305031532.994889.png 1305031533.012100 -0.6841 -0.0187 1.3113 0.8856 -0.3452 0.0444 -0.3076
1305031533.039505 rgb/1305031533.039505.png 1305031533.027007 depth/1305031533.027007.png 1305031533.042100 -0.6843 -0.0077 1.3105 0.8775 -0.3601 0.0481 -0.3131
1305031533.075500 rgb/1305031533.075500.png 1305031533.059895 depth/1305031533.059895.png 1305031533.072100 -0.6849 0.0024 1.3101 0.8726 -0.3753 0.0521 -0.3082
1305031533.107480 rgb/1305031533.107480.png 1305031533.095707 depth/1305031533.095707.png 1305031533.112100 -0.6867 0.0137 1.3120 0.8662 -0.3930 0.0600 -0.3027
1305031533.139514 rgb/1305031533.139514.png 1305031533.127261 depth/1305031533.127261.png 1305031533.142800 -0.6884 0.0209 1.3165 0.8596 -0.4018 0.0676 -0.3085
1305031533.175459 rgb/1305031533.175459.png 1305031533.158865 depth/1305031533.158865.png 1305031533.172100 -0.6903 0.0276 1.3219 0.8548 -0.4080 0.0756 -0.3116
1305031533.207507 rgb/1305031533.207507.png 1305031533.194665 depth/1305031533.194665.png 1305031533.212100 -0.6935 0.0346 1.3304 0.8520 -0.4174 0.0840 -0.3047
1305031533.239511 rgb/1305031533.239511.png 1305031533.226596 depth/1305031533.226596.png 1305031533.242100 -0.6962 0.0385 1.3397 0.8477 -0.4226 0.0931 -0.3068
1305031533.275405 rgb/1305031533.275405.png 1305031533.258719 depth/1305031533.258719.png 1305031533.272100 -0.6992 0.0412 1.3504 0.8439 -0.4262 0.0991 -0.3103
1305031533.307502 rgb/1305031533.307502.png 1305031533.294892 depth/1305031533.294892.png 1305031533.312100 -0.7042 0.0435 1.3665 0.8388 -0.4319 0.1059 -0.3140
1305031533.339522 rgb/1305031533.339522.png 1305031533.326747 depth/1305031533.326747.png 1305031533.342200 -0.7084 0.0443 1.3802 0.8334 -0.4358 0.1135 -0.3203
1305031533.375654 rgb/1305031533.375654.png 1305031533.358749 depth/1305031533.358749.png 1305031533.372100 -0.7132 0.0454 1.3941 0.8280 -0.4400 0.1189 -0.3267
1305031533.407483 rgb/1305031533.407483.png 1305031533.394869 depth/1305031533.394869.png 1305031533.412100 -0.7208 0.0479 1.4122 0.8232 -0.4426 0.1199 -0.3347
1305031533.439774 rgb/1305031533.439774.png 1305031533.428282 depth/1305031533.428282.png 1305031533.442100 -0.7267 0.0503 1.4251 0.8186 -0.4462 0.1192 -0.3415
1305031533.475654 rgb/1305031533.475654.png 1305031533.463804 depth/1305031533.463804.png 1305031533.472100 -0.7330 0.0521 1.4375 0.8131 -0.4513 0.1187 -0.3480
1305031533.507463 rgb/1305031533.507463.png 1305031533.495077 depth/1305031533.495077.png 1305031533.512000 -0.7418 0.0550 1.4525 0.8066 -0.4594 0.1185 -0.3525
1305031533.539640 rgb/1305031533.539640.png 1305031533.523787 depth/1305031533.523787.png 1305031533.542100 -0.7482 0.0570 1.4631 0.7996 -0.4653 0.1208 -0.3598
1305031533.575643 rgb/1305031533.575643.png 1305031533.563866 depth/1305031533.563866.png 1305031533.572100 -0.7547 0.0595 1.4725 0.7938 -0.4711 0.1242 -0.3641
1305031533.607639 rgb/1305031533.607639.png 1305031533.596729 depth/1305031533.596729.png 1305031533.612100 -0.7633 0.0624 1.4833 0.7856 -0.4820 0.1337 -0.3643
1305031533.639561 rgb/1305031533.639561.png 1305031533.623714 depth/1305031533.623714.png 1305031533.642000 -0.7698 0.0651 1.4902 0.7802 -0.4896 0.1386 -0.3639
1305031533.675446 rgb/1305031533.675446.png 1305031533.662973 depth/1305031533.662973.png 1305031533.672100 -0.7764 0.0688 1.4956 0.7762 -0.4982 0.1420 -0.3594
1305031533.707501 rgb/1305031533.707501.png 1305031533.695127 depth/1305031533.695127.png 1305031533.712100 -0.7857 0.0749 1.5013 0.7703 -0.5091 0.1544 -0.3515
1305031533.739555 rgb/1305031533.739555.png 1305031533.727956 depth/1305031533.727956.png 1305031533.742000 -0.7930 0.0804 1.5052 0.7650 -0.5156 0.1674 -0.3476
1305031533.775530 rgb/1305031533.775530.png 1305031533.763534 depth/1305031533.763534.png 1305031533.772000 -0.8006 0.0873 1.5078 0.7602 -0.5230 0.1759 -0.3430
1305031533.807707 rgb/1305031533.807707.png 1305031533.795519 depth/1305031533.795519.png 1305031533.812100 -0.8118 0.0982 1.5101 0.7553 -0.5301 0.1816 -0.3400
1305031533.839329 rgb/1305031533.839329.png 1305031533.827015 depth/1305031533.827015.png 1305031533.842100 -0.8203 0.1087 1.5118 0.7537 -0.5263 0.1763 -0.3520
1305031533.875471 rgb/1305031533.875471.png 1305031533.859819 depth/1305031533.859819.png 1305031533.872100 -0.8296 0.1207 1.5127 0.7565 -0.5205 0.1576 -0.3634
1305031533.907441 rgb/1305031533.907441.png 1305031533.895161 depth/1305031533.895161.png 1305031533.912100 -0.8425 0.1386 1.5142 0.7615 -0.5053 0.1330 -0.3835
1305031533.939530 rgb/1305031533.939530.png 1305031533.926857 depth/1305031533.926857.png 1305031533.942100 -0.8518 0.1528 1.5154 0.7656 -0.4924 0.1110 -0.3989
1305031533.975439 rgb/1305031533.975439.png 1305031533.961985 depth/1305031533.961985.png 1305031533.972100 -0.8613 0.1674 1.5166 0.7701 -0.4781 0.0919 -0.4122
1305031534.007323 rgb/1305031534.007323.png 1305031533.994392 depth/1305031533.994392.png 1305031534.012100 -0.8731 0.1861 1.5196 0.7745 -0.4534 0.0747 -0.4347
1305031534.039458 rgb/1305031534.039458.png 1305031534.026608 depth/1305031534.026608.png 1305031534.042400 -0.8812 0.1993 1.5223 0.7740 -0.4384 0.0651 -0.4521
1305031534.075484 rgb/1305031534.075484.png 1305031534.062247 depth/1305031534.062247.png 1305031534.072000 -0.8891 0.2116 1.5251 0.7735 -0.4274 0.0564 -0.4646
1305031534.107442 rgb/1305031534.107442.png 1305031534.094417 depth/1305031534.094417.png 1305031534.112100 -0.8978 0.2268 1.5302 0.7687 -0.4106 0.0518 -0.4877
1305031534.139529 rgb/1305031534.139529.png 1305031534.126412 depth/1305031534.126412.png 1305031534.142100 -0.9036 0.2372 1.5342 -0.7630 0.4019 -0.0578 0.5029
1305031534.175381 rgb/1305031534.175381.png 1305031534.162210 depth/1305031534.162210.png 1305031534.172100 -0.9080 0.2469 1.5384 -0.7603 0.3966 -0.0641 0.5105
1305031534.207436 rgb/1305031534.207436.png 1305031534.191161 depth/1305031534.191161.png 1305031534.212100 -0.9128 0.2595 1.5444 -0.7544 0.3870 -0.0689 0.5257
1305031534.239529 rgb/1305031534.239529.png 1305031534.225977 depth/1305031534.225977.png 1305031534.242100 -0.9154 0.2686 1.5487 -0.7534 0.3819 -0.0694 0.5307
1305031534.275475 rgb/1305031534.275475.png 1305031534.262752 depth/1305031534.262752.png 1305031534.272200 -0.9168 0.2777 1.5525 -0.7542 0.3771 -0.0664 0.5335
1305031534.307945 rgb/1305031534.307945.png 1305031534.295276 depth/1305031534.295276.png 1305031534.312000 -0.9169 0.2883 1.5574 -0.7534 0.3733 -0.0633 0.5377
1305031534.339859 rgb/1305031534.339859.png 1305031534.327593 depth/1305031534.327593.png 1305031534.342000 -0.9162 0.2956 1.5612 -0.7514 0.3700 -0.0670 0.5422
1305031534.375478 rgb/1305031534.375478.png 1305031534.362839 depth/1305031534.362839.png 1305031534.372100 -0.9148 0.3024 1.5648 -0.7494 0.3659 -0.0706 0.5473
1305031534.407595 rgb/1305031534.407595.png 1305031534.395128 depth/1305031534.395128.png 1305031534.412000 -0.9117 0.3105 1.5689 -0.7452 0.3631 -0.0789 0.5537
1305031534.439543 rgb/1305031534.439543.png 1305031534.427890 depth/1305031534.427890.png 1305031534.442100 -0.9096 0.3159 1.5720 -0.7398 0.3600 -0.0843 0.5621
1305031534.475605 rgb/1305031534.475605.png 1305031534.462407 depth/1305031534.462407.png 1305031534.472000 -0.9073 0.3211 1.5747 -0.7346 0.3534 -0.0858 0.5728
1305031534.507525 rgb/1305031534.507525.png 1305031534.494488 depth/1305031534.494488.png 1305031534.512100 -0.9039 0.3280 1.5767 -0.7328 0.3496 -0.0824 0.5779
1305031534.539582 rgb/1305031534.539582.png 1305031534.526222 depth/1305031534.526222.png 1305031534.542100 -0.9013 0.3327 1.5776 -0.7320 0.3461 -0.0775 0.5817
1305031534.575414 rgb/1305031534.575414.png 1305031534.562364 depth/1305031534.562364.png 1305031534.572200 -0.8988 0.3367 1.5782 -0.7293 0.3405 -0.0729 0.5890
1305031534.607494 rgb/1305031534.607494.png 1305031534.594279 depth/1305031534.594279.png 1305031534.612100 -0.8952 0.3420 1.5776 -0.7279 0.3328 -0.0662 0.5959
1305031534.639696 rgb/1305031534.639696.png 1305031534.627133 depth/1305031534.627133.png 1305031534.642100 -0.8925 0.3455 1.5760 -0.7301 0.3265 -0.0575 0.5975
1305031534.675511 rgb/1305031534.675511.png 1305031534.662781 depth/1305031534.662781.png 1305031534.672100 -0.8896 0.3487 1.5737 -0.7319 0.3222 -0.0500 0.5983
1305031534.707481 rgb/1305031534.707481.png 1305031534.694710 depth/1305031534.694710.png 1305031534.712000 -0.8854 0.3517 1.5702 -0.7313 0.3182 -0.0450 0.6016
1305031534.739665 rgb/1305031534.739665.png 1305031534.730855 depth/1305031534.730855.png 1305031534.742000 -0.8826 0.3538 1.5675 -0.7310 0.3134 -0.0426 0.6047
1305031534.775491 rgb/1305031534.775491.png 1305031534.763129 depth/1305031534.763129.png 1305031534.772000 -0.8801 0.3553 1.5645 -0.7341 0.3082 -0.0419 0.6036
1305031534.807516 rgb/1305031534.807516.png 1305031534.795824 depth/1305031534.795824.png 1305031534.812300 -0.8764 0.3566 1.5610 -0.7339 0.3027 -0.0386 0.6068
1305031534.839569 rgb/1305031534.839569.png 1305031534.831135 depth/1305031534.831135.png 1305031534.842100 -0.8743 0.3574 1.5589 -0.7327 0.2983 -0.0349 0.6107
1305031534.875499 rgb/1305031534.875499.png 1305031534.862751 depth/1305031534.862751.png 1305031534.872000 -0.8728 0.3572 1.5574 -0.7320 0.2897 -0.0326 0.6157
1305031534.907458 rgb/1305031534.907458.png 1305031534.894919 depth/1305031534.894919.png 1305031534.912000 -0.8710 0.3558 1.5555 -0.7320 0.2792 -0.0331 0.6206
1305031534.939556 rgb/1305031534.939556.png 1305031534.930974 depth/1305031534.930974.png 1305031534.942100 -0.8701 0.3537 1.5544 -0.7316 0.2799 -0.0423 0.6202
1305031534.975464 rgb/1305031534.975464.png 1305031534.962776 depth/1305031534.962776.png 1305031534.972200 -0.8699 0.3510 1.5542 -0.7275 0.2783 -0.0543 0.6248
1305031535.007643 rgb/1305031535.007643.png 1305031534.994599 depth/1305031534.994599.png 1305031535.012000 -0.8709 0.3475 1.5543 -0.7234 0.2704 -0.0612 0.6324
1305031535.039655 rgb/1305031535.039655.png 1305031535.030642 depth/1305031535.030642.png 1305031535.042100 -0.8721 0.3453 1.5544 -0.7221 0.2627 -0.0581 0.6373
1305031535.075490 rgb/1305031535.075490.png 1305031535.062210 depth/1305031535.062210.png 1305031535.072100 -0.8732 0.3428 1.5536 -0.7252 0.2586 -0.0519 0.6360
1305031535.107796 rgb/1305031535.107796.png 1305031535.094542 depth/1305031535.094542.png 1305031535.112100 -0.8736 0.3394 1.5537 -0.7236 0.2612 -0.0464 0.6372
1305031535.139465 rgb/1305031535.139465.png 1305031535.129807 depth/1305031535.129807.png 1305031535.142100 -0.8746 0.3371 1.5537 -0.7235 0.2602 -0.0402 0.6381
1305031535.175406 rgb/1305031535.175406.png 1305031535.158853 depth/1305031535.158853.png 1305031535.172000 -0.8757 0.3354 1.5538 -0.7265 0.2560 -0.0304 0.6369
1305031535.207514 rgb/1305031535.207514.png 1305031535.193991 depth/1305031535.193991.png 1305031535.212100 -0.8779 0.3336 1.5540 -0.7317 0.2473 -0.0151 0.6351
1305031535.239511 rgb/1305031535.239511.png 1305031535.230011 depth/1305031535.230011.png 1305031535.242000 -0.8796 0.3321 1.5543 -0.7350 0.2420 -0.0048 0.6335
1305031535.275537 rgb/1305031535.275537.png 1305031535.261725 depth/1305031535.261725.png 1305031535.272100 -0.8813 0.3308 1.5548 -0.7366 0.2353 0.0053 0.6341
1305031535.307409 rgb/1305031535.307409.png 1305031535.295784 depth/1305031535.295784.png 1305031535.312300 -0.8841 0.3284 1.5556 -0.7407 0.2274 0.0132 0.6321
1305031535.339468 rgb/1305031535.339468.png 1305031535.329773 depth/1305031535.329773.png 1305031535.342000 -0.8865 0.3275 1.5563 -0.7418 0.2211 0.0189 0.6328
1305031535.375492 rgb/1305031535.375492.png 1305031535.361759 depth/1305031535.361759.png 1305031535.372100 -0.8893 0.3264 1.5569 -0.7440 0.2117 0.0257 0.6333
1305031535.407712 rgb/1305031535.407712.png 1305031535.392026 depth/1305031535.392026.png 1305031535.412000 -0.8931 0.3249 1.5580 -0.7475 0.2011 0.0310 0.6324
1305031535.439618 rgb/1305031535.439618.png 1305031535.431010 depth/1305031535.431010.png 1305031535.442000 -0.8960 0.3239 1.5594 -0.7471 0.1911 0.0342 0.6357
1305031535.475595 rgb/1305031535.475595.png 1305031535.462732 depth/1305031535.462732.png 1305031535.472100 -0.8990 0.3226 1.5615 -0.7463 0.1806 0.0362 0.6397
1305031535.507701 rgb/1305031535.507701.png 1305031535.495467 depth/1305031535.495467.png 1305031535.512100 -0.9027 0.3202 1.5643 -0.7440 0.1659 0.0382 0.6462
1305031535.539515 rgb/1305031535.539515.png 1305031535.530835 depth/1305031535.530835.png 1305031535.542000 -0.9052 0.3181 1.5664 -0.7405 0.1583 0.0376 0.6520
1305031535.575567 rgb/1305031535.575567.png 1305031535.562308 depth/1305031535.562308.png 1305031535.572000 -0.9072 0.3161 1.5679 -0.7389 0.1520 0.0347 0.6555
1305031535.607524 rgb/1305031535.607524.png 1305031535.594713 depth/1305031535.594713.png 1305031535.612100 -0.9090 0.3135 1.5681 -0.7430 0.1482 0.0303 0.6519
1305031535.639591 rgb/1305031535.639591.png 1305031535.630819 depth/1305031535.630819.png 1305031535.642000 -0.9097 0.3112 1.5676 -0.7432 0.1459 0.0275 0.6523
1305031535.675500 rgb/1305031535.675500.png 1305031535.662546 depth/1305031535.662546.png 1305031535.672000 -0.9099 0.3089 1.5660 -0.7457 0.1432 0.0276 0.6502
1305031535.707524 rgb/1305031535.707524.png 1305031535.694763 depth/1305031535.694763.png 1305031535.712000 -0.9081 0.3065 1.5623 -0.7524 0.1450 0.0283 0.6419
1305031535.739708 rgb/1305031535.739708.png 1305031535.730877 depth/1305031535.730877.png 1305031535.742000 -0.9060 0.3048 1.5588 -0.7553 0.1465 0.0288 0.6381
1305031535.775437 rgb/1305031535.775437.png 1305031535.759227 depth/1305031535.759227.png 1305031535.772000 -0.9031 0.3027 1.5547 -0.7598 0.1478 0.0286 0.6325
1305031535.807496 rgb/1305031535.807496.png 1305031535.794599 depth/1305031535.794599.png 1305031535.812100 -0.8979 0.2995 1.5487 -0.7657 0.1542 0.0275 0.6239
1305031535.840053 rgb/1305031535.840053.png 1305031535.831105 depth/1305031535.831105.png 1305031535.842500 -0.8937 0.2964 1.5445 -0.7672 0.1589 0.0294 0.6207
1305031535.875502 rgb/1305031535.875502.png 1305031535.859528 depth/1305031535.859528.png 1305031535.872000 -0.8893 0.2932 1.5399 -0.7710 0.1638 0.0315 0.6147
1305031535.907487 rgb/1305031535.907487.png 1305031535.898883 depth/1305031535.898883.png 1305031535.912000 -0.8829 0.2878 1.5340 -0.7731 0.1722 0.0300 0.6097
1305031535.939747 rgb/1305031535.939747.png 1305031535.930685 depth/1305031535.930685.png 1305031535.942000 -0.8775 0.2837 1.5292 -0.7759 0.1803 0.0262 0.6040
1305031535.975512 rgb/1305031535.975512.png 1305031535.959567 depth/1305031535.959567.png 1305031535.972000 -0.8721 0.2797 1.5238 -0.7807 0.1876 0.0217 0.5957
1305031536.007462 rgb/1305031536.007462.png 1305031535.998988 depth/1305031535.998988.png 1305031536.012100 -0.8648 0.2743 1.5159 -0.7881 0.1990 0.0172 0.5822
1305031536.039667 rgb/1305031536.039667.png 1305031536.031463 depth/1305031536.031463.png 1305031536.042000 -0.8593 0.2696 1.5097 -0.7932 0.2087 0.0138 0.5720
1305031536.075538 rgb/1305031536.075538.png 1305031536.062243 depth/1305031536.062243.png 1305031536.072100 -0.8538 0.2646 1.5034 -0.7982 0.2185 0.0102 0.5613
1305031536.107579 rgb/1305031536.107579.png 1305031536.099404 depth/1305031536.099404.png 1305031536.112000 -0.8464 0.2572 1.4948 -0.8058 0.2333 0.0053 0.5443
1305031536.139540 rgb/1305031536.139540.png 1305031536.131440 depth/1305031536.131440.png 1305031536.142000 -0.8409 0.2513 1.4888 -0.8092 0.2469 0.0001 0.5331
1305031536.175699 rgb/1305031536.175699.png 1305031536.163367 depth/1305031536.163367.png 1305031536.172000 -0.8352 0.2451 1.4829 -0.8122 0.2614 -0.0059 0.5215
1305031536.207474 rgb/1305031536.207474.png 1305031536.199777 depth/1305031536.199777.png 1305031536.212000 -0.8278 0.2360 1.4754 -0.8151 0.2816 -0.0150 0.5060
1305031536.239482 rgb/1305031536.239482.png 1305031536.231583 depth/1305031536.231583.png 1305031536.242000 -0.8223 0.2290 1.4702 0.8167 -0.2995 0.0211 -0.4928
1305031536.275618 rgb/1305031536.275618.png 1305031536.263219 depth/1305031536.263219.png 1305031536.272100 -0.8172 0.2216 1.4653 0.8165 -0.3179 0.0275 -0.4812
1305031536.307472 rgb/1305031536.307472.png 1305031536.299512 depth/1305031536.299512.png 1305031536.312000 -0.8109 0.2114 1.4596 0.8138 -0.3420 0.0365 -0.4685
1305031536.339530 rgb/1305031536.339530.png 1305031536.331390 depth/1305031536.331390.png 1305031536.342000 -0.8062 0.2034 1.4554 0.8112 -0.3594 0.0420 -0.4594
1305031536.375786 rgb/1305031536.375786.png 1305031536.363006 depth/1305031536.363006.png 1305031536.372000 -0.8023 0.1953 1.4514 0.8082 -0.3775 0.0480 -0.4495
1305031536.407665 rgb/1305031536.407665.png 1305031536.399605 depth/1305031536.399605.png 1305031536.412000 -0.7976 0.1839 1.4470 0.8027 -0.3997 0.0557 -0.4391
1305031536.439546 rgb/1305031536.439546.png 1305031536.431590 depth/1305031536.431590.png 1305031536.442100 -0.7949 0.1760 1.4434 0.7985 -0.4161 0.0622 -0.4305
1305031536.475492 rgb/1305031536.475492.png 1305031536.463554 depth/1305031536.463554.png 1305031536.472100 -0.7928 0.1683 1.4399 0.7967 -0.4271 0.0660 -0.4224
1305031536.507648 rgb/1305031536.507648.png 1305031536.499647 depth/1305031536.499647.png 1305031536.512000 -0.7908 0.1586 1.4355 0.7922 -0.4404 0.0690 -0.4168
1305031536.539583 rgb/1305031536.539583.png 1305031536.531617 depth/1305031536.531617.png 1305031536.542000 -0.7900 0.1517 1.4321 0.7910 -0.4467 0.0667 -0.4126
1305031536.575660 rgb/1305031536.575660.png 1305031536.563087 depth/1305031536.563087.png 1305031536.572000 -0.7896 0.1449 1.4287 0.7904 -0.4519 0.0622 -0.4089
1305031536.607624 rgb/1305031536.607624.png 1305031536.599164 depth/1305031536.599164.png 1305031536.612100 -0.7891 0.1351 1.4239 0.7863 -0.4616 0.0595 -0.4064
1305031536.639838 rgb/1305031536.639838.png 1305031536.631797 depth/1305031536.631797.png 1305031536.642000 -0.7892 0.1279 1.4197 0.7852 -0.4673 0.0552 -0.4026
1305031536.675456 rgb/1305031536.675456.png 1305031536.663533 depth/1305031536.663533.png 1305031536.672200 -0.7898 0.1211 1.4151 0.7863 -0.4692 0.0488 -0.3990
1305031536.707472 rgb/1305031536.707472.png 1305031536.699497 depth/1305031536.699497.png 1305031536.712000 -0.7907 0.1111 1.4092 0.7875 -0.4694 0.0469 -0.3967
1305031536.739722 rgb/1305031536.739722.png 1305031536.731424 depth/1305031536.731424.png 1305031536.742000 -0.7915 0.1028 1.4049 0.7882 -0.4709 0.0494 -0.3932
1305031536.775321 rgb/1305031536.775321.png 1305031536.761478 depth/1305031536.761478.png 1305031536.772000 -0.7919 0.0946 1.4005 0.7889 -0.4679 0.0543 -0.3947
1305031536.807301 rgb/1305031536.807301.png 1305031536.796242 depth/1305031536.796242.png 1305031536.812000 -0.7928 0.0823 1.3947 0.7935 -0.4597 0.0548 -0.3949
1305031536.839527 rgb/1305031536.839527.png 1305031536.828016 depth/1305031536.828016.png 1305031536.842000 -0.7930 0.0724 1.3906 0.7964 -0.4563 0.0537 -0.3932
1305031536.875419 rgb/1305031536.875419.png 1305031536.859596 depth/1305031536.859596.png 1305031536.872000 -0.7928 0.0619 1.3871 0.7991 -0.4509 0.0552 -0.3938
1305031536.907491 rgb/1305031536.907491.png 1305031536.895830 depth/1305031536.895830.png 1305031536.912000 -0.7913 0.0459 1.3836 0.8034 -0.4405 0.0624 -0.3958
1305031536.939530 rgb/1305031536.939530.png 1305031536.927579 depth/1305031536.927579.png 1305031536.942100 -0.7891 0.0325 1.3816 0.8041 -0.4370 0.0692 -0.3970
1305031536.975375 rgb/1305031536.975375.png 1305031536.962880 depth/1305031536.962880.png 1305031536.972000 -0.7863 0.0186 1.3800 0.8047 -0.4335 0.0732 -0.3991
1305031537.007412 rgb/1305031537.007412.png 1305031536.996766 depth/1305031536.996766.png 1305031537.012000 -0.7806 -0.0011 1.3785 0.8068 -0.4257 0.0779 -0.4023
1305031537.039427 rgb/1305031537.039427.png 1305031537.028058 depth/1305031537.028058.png 1305031537.042000 -0.7753 -0.0166 1.3778 0.8079 -0.4228 0.0810 -0.4024
1305031537.075341 rgb/1305031537.075341.png 1305031537.060447 depth/1305031537.060447.png 1305031537.072000 -0.7691 -0.0326 1.3776 0.8101 -0.4180 0.0813 -0.4030
1305031537.107337 rgb/1305031537.107337.png 1305031537.095829 depth/1305031537.095829.png 1305031537.112100 -0.7590 -0.0549 1.3782 0.8134 -0.4105 0.0850 -0.4032
1305031537.140656 rgb/1305031537.140656.png 1305031537.129621 depth/1305031537.129621.png 1305031537.142100 -0.7503 -0.0723 1.3797 0.8151 -0.4050 0.0895 -0.4045
1305031537.175377 rgb/1305031537.175377.png 1305031537.167541 depth/1305031537.167541.png 1305031537.172000 -0.7409 -0.0897 1.3814 0.8177 -0.3975 0.0917 -0.4063
1305031537.207445 rgb/1305031537.207445.png 1305031537.195643 depth/1305031537.195643.png 1305031537.212100 -0.7273 -0.1129 1.3846 0.8216 -0.3863 0.0933 -0.4088
1305031537.239415 rgb/1305031537.239415.png 1305031537.230153 depth/1305031537.230153.png 1305031537.242000 -0.7164 -0.1302 1.3875 0.8246 -0.3779 0.0925 -0.4107
1305031537.275504 rgb/1305031537.275504.png 1305031537.265688 depth/1305031537.265688.png 1305031537.272000 -0.7050 -0.1473 1.3909 0.8282 -0.3692 0.0912 -0.4117
1305031537.307646 rgb/1305031537.307646.png 1305031537.298861 depth/1305031537.298861.png 1305031537.312000 -0.6900 -0.1700 1.3964 0.8328 -0.3566 0.0911 -0.4135
1305031537.339718 rgb/1305031537.339718.png 1305031537.330994 depth/1305031537.330994.png 1305031537.342000 -0.6789 -0.1866 1.4007 0.8362 -0.3457 0.0895 -0.4162
1305031537.375388 rgb/1305031537.375388.png 1305031537.365736 depth/1305031537.365736.png 1305031537.372000 -0.6680 -0.2028 1.4055 0.8395 -0.3335 0.0881 -0.4199
1305031537.407396 rgb/1305031537.407396.png 1305031537.395624 depth/1305031537.395624.png 1305031537.412100 -0.6533 -0.2237 1.4111 0.8446 -0.3183 0.0827 -0.4226
1305031537.439649 rgb/1305031537.439649.png 1305031537.429641 depth/1305031537.429641.png 1305031537.442000 -0.6428 -0.2384 1.4155 0.8489 -0.3056 0.0770 -0.4243
1305031537.475520 rgb/1305031537.475520.png 1305031537.464312 depth/1305031537.464312.png 1305031537.472100 -0.6317 -0.2522 1.4199 0.8525 -0.2906 0.0729 -0.4283
1305031537.507492 rgb/1305031537.507492.png 1305031537.497527 depth/1305031537.497527.png 1305031537.512100 -0.6163 -0.2696 1.4255 0.8584 -0.2744 0.0685 -0.4279
1305031537.539497 rgb/1305031537.539497.png 1305031537.530263 depth/1305031537.530263.png 1305031537.542000 -0.6043 -0.2815 1.4295 0.8628 -0.2647 0.0657 -0.4257
1305031537.575529 rgb/1305031537.575529.png 1305031537.564476 depth/1305031537.564476.png 1305031537.572000 -0.5917 -0.2926 1.4341 0.8637 -0.2568 0.0648 -0.4289
1305031537.607507 rgb/1305031537.607507.png 1305031537.598276 depth/1305031537.598276.png 1305031537.612000 -0.5749 -0.3067 1.4410 0.8645 -0.2473 0.0600 -0.4334
1305031537.643442 rgb/1305031537.643442.png 1305031537.630389 depth/1305031537.630389.png 1305031537.642000 -0.5618 -0.3160 1.4461 0.8664 -0.2360 0.0521 -0.4369
1305031537.675306 rgb/1305031537.675306.png 1305031537.664114 depth/1305031537.664114.png 1305031537.672000 -0.5480 -0.3252 1.4515 0.8669 -0.2258 0.0463 -0.4419
1305031537.707483 rgb/1305031537.707483.png 1305031537.695278 depth/1305031537.695278.png 1305031537.712100 -0.5282 -0.3365 1.4587 0.8656 -0.2137 0.0452 -0.4505
1305031537.743426 rgb/1305031537.743426.png 1305031537.728342 depth/1305031537.728342.png 1305031537.742000 -0.5128 -0.3439 1.4636 0.8650 -0.2030 0.0451 -0.4567
1305031537.775469 rgb/1305031537.775469.png 1305031537.766378 depth/1305031537.766378.png 1305031537.772000 -0.4964 -0.3510 1.4683 0.8639 -0.1936 0.0445 -0.4628
1305031537.807576 rgb/1305031537.807576.png 1305031537.798725 depth/1305031537.798725.png 1305031537.812000 -0.4739 -0.3594 1.4736 0.8625 -0.1838 0.0405 -0.4698
1305031537.843458 rgb/1305031537.843458.png 1305031537.830287 depth/1305031537.830287.png 1305031537.842000 -0.4568 -0.3654 1.4768 0.8632 -0.1737 0.0363 -0.4726
1305031537.875571 rgb/1305031537.875571.png 1305031537.866662 depth/1305031537.866662.png 1305031537.872000 -0.4385 -0.3708 1.4798 0.8618 -0.1639 0.0342 -0.4788
1305031537.907514 rgb/1305031537.907514.png 1305031537.898536 depth/1305031537.898536.png 1305031537.912000 -0.4128 -0.3778 1.4829 0.8620 -0.1543 0.0328 -0.4818
1305031537.943469 rgb/1305031537.943469.png 1305031537.930243 depth/1305031537.930243.png 1305031537.942000 -0.3926 -0.3829 1.4845 0.8637 -0.1464 0.0301 -0.4814
1305031537.975426 rgb/1305031537.975426.png 1305031537.966300 depth/1305031537.966300.png 1305031537.972000 -0.3719 -0.3878 1.4859 0.8643 -0.1387 0.0280 -0.4826
1305031538.007529 rgb/1305031538.007529.png 1305031537.998327 depth/1305031537.998327.png 1305031538.012000 -0.3428 -0.3932 1.4881 0.8640 -0.1303 0.0249 -0.4858
1305031538.043452 rgb/1305031538.043452.png 1305031538.030606 depth/1305031538.030606.png 1305031538.042000 -0.3204 -0.3968 1.4899 0.8669 -0.1242 0.0197 -0.4824
1305031538.075565 rgb/1305031538.075565.png 1305031538.066420 depth/1305031538.066420.png 1305031538.072000 -0.2982 -0.3994 1.4928 0.8669 -0.1172 0.0139 -0.4842
1305031538.107629 rgb/1305031538.107629.png 1305031538.099117 depth/1305031538.099117.png 1305031538.112000 -0.2687 -0.4020 1.4983 0.8647 -0.1131 -0.0021 -0.4894
1305031538.143487 rgb/1305031538.143487.png 1305031538.130778 depth/1305031538.130778.png 1305031538.142000 -0.2480 -0.4030 1.5031 0.8650 -0.1091 -0.0149 -0.4895
1305031538.175565 rgb/1305031538.175565.png 1305031538.167361 depth/1305031538.167361.png 1305031538.172000 -0.2277 -0.4040 1.5087 0.8642 -0.0989 -0.0221 -0.4929
1305031538.207697 rgb/1305031538.207697.png 1305031538.198836 depth/1305031538.198836.png 1305031538.212000 -0.2009 -0.4057 1.5179 -0.8581 0.0892 0.0261 0.5049
1305031538.243517 rgb/1305031538.243517.png 1305031538.231674 depth/1305031538.231674.png 1305031538.242000 -0.1819 -0.4076 1.5248 -0.8546 0.0817 0.0270 0.5122
1305031538.275489 rgb/1305031538.275489.png 1305031538.267245 depth/1305031538.267245.png 1305031538.272000 -0.1637 -0.4097 1.5315 -0.8516 0.0714 0.0285 0.5185
1305031538.307386 rgb/1305031538.307386.png 1305031538.297169 depth/1305031538.297169.png 1305031538.312000 -0.1396 -0.4126 1.5402 -0.8442 0.0575 0.0315 0.5321
1305031538.343413 rgb/1305031538.343413.png 1305031538.329631 depth/1305031538.329631.png 1305031538.342000 -0.1213 -0.4149 1.5462 -0.8398 0.0456 0.0352 0.5399
1305031538.375553 rgb/1305031538.375553.png 1305031538.366671 depth/1305031538.366671.png 1305031538.372000 -0.1028 -0.4174 1.5511 -0.8356 0.0370 0.0405 0.5465
1305031538.407511 rgb/1305031538.407511.png 1305031538.395653 depth/1305031538.395653.png 1305031538.412100 -0.0771 -0.4212 1.5568 -0.8293 0.0286 0.0486 0.5559
1305031538.443598 rgb/1305031538.443598.png 1305031538.434273 depth/1305031538.434273.png 1305031538.442000 -0.0574 -0.4243 1.5597 -0.8229 0.0198 0.0566 0.5651
1305031538.475570 rgb/1305031538.475570.png 1305031538.468114 depth/1305031538.468114.png 1305031538.472000 -0.0375 -0.4280 1.5615 -0.8182 0.0100 0.0649 0.5711
1305031538.507548 rgb/1305031538.507548.png 1305031538.498490 depth/1305031538.498490.png 1305031538.512000 -0.0105 -0.4337 1.5614 -0.8153 -0.0011 0.0768 0.5739
1305031538.543450 rgb/1305031538.543450.png 1305031538.534659 depth/1305031538.534659.png 1305031538.542000 0.0102 -0.4389 1.5592 -0.8145 -0.0107 0.0841 0.5739
1305031538.575524 rgb/1305031538.575524.png 1305031538.566473 depth/1305031538.566473.png 1305031538.572000 0.0316 -0.4444 1.5551 -0.8159 -0.0222 0.0880 0.5710
1305031538.607517 rgb/1305031538.607517.png 1305031538.598497 depth/1305031538.598497.png 1305031538.612000 0.0615 -0.4524 1.5468 -0.8221 -0.0315 0.0910 0.5611
1305031538.643479 rgb/1305031538.643479.png 1305031538.634075 depth/1305031538.634075.png 1305031538.642000 0.0846 -0.4592 1.5402 -0.8219 -0.0380 0.0910 0.5611
1305031538.675433 rgb/1305031538.675433.png 1305031538.666052 depth/1305031538.666052.png 1305031538.672000 0.1077 -0.4676 1.5329 -0.8235 -0.0455 0.0933 0.5577
1305031538.707490 rgb/1305031538.707490.png 1305031538.698387 depth/1305031538.698387.png 1305031538.712000 0.1386 -0.4775 1.5210 -0.8333 -0.0576 0.1037 0.5400
1305031538.743572 rgb/1305031538.743572.png 1305031538.734584 depth/1305031538.734584.png 1305031538.741900 0.1622 -0.4851 1.5121 -0.8414 -0.0647 0.1142 0.5243
1305031538.775491 rgb/1305031538.775491.png 1305031538.766510 depth/1305031538.766510.png 1305031538.772000 0.1859 -0.4925 1.5037 -0.8466 -0.0690 0.1221 0.5133
1305031538.808089 rgb/1305031538.808089.png 1305031538.798755 depth/1305031538.798755.png 1305031538.812000 0.2179 -0.5016 1.4926 0.8583 0.0778 -0.1264 -0.4913
1305031538.843518 rgb/1305031538.843518.png 1305031538.832497 depth/1305031538.832497.png 1305031538.842200 0.2425 -0.5076 1.4853 0.8658 0.0862 -0.1243 -0.4769
1305031538.875656 rgb/1305031538.875656.png 1305031538.867193 depth/1305031538.867193.png 1305031538.872300 0.2676 -0.5130 1.4788 0.8702 0.0909 -0.1218 -0.4687
1305031538.907498 rgb/1305031538.907498.png 1305031538.899432 depth/1305031538.899432.png 1305031538.912000 0.3016 -0.5184 1.4707 0.8771 0.0940 -0.1212 -0.4552
1305031538.943414 rgb/1305031538.943414.png 1305031538.936017 depth/1305031538.936017.png 1305031538.942000 0.3273 -0.5213 1.4650 0.8819 0.0956 -0.1219 -0.4452
1305031538.975507 rgb/1305031538.975507.png 1305031538.967667 depth/1305031538.967667.png 1305031538.972000 0.3532 -0.5236 1.4599 0.8853 0.0978 -0.1219 -0.4380
1305031539.007520 rgb/1305031539.007520.png 1305031538.999448 depth/1305031538.999448.png 1305031539.012000 0.3877 -0.5251 1.4533 0.8895 0.1011 -0.1217 -0.4287
1305031539.043445 rgb/1305031539.043445.png 1305031539.034977 depth/1305031539.034977.png 1305031539.041900 0.4138 -0.5251 1.4483 0.8917 0.1043 -0.1207 -0.4237
1305031539.075515 rgb/1305031539.075515.png 1305031539.067603 depth/1305031539.067603.png 1305031539.072000 0.4400 -0.5239 1.4432 0.8932 0.1093 -0.1209 -0.4191
1305031539.107503 rgb/1305031539.107503.png 1305031539.099360 depth/1305031539.099360.png 1305031539.111900 0.4749 -0.5207 1.4359 0.8972 0.1170 -0.1198 -0.4086
1305031539.143607 rgb/1305031539.143607.png 1305031539.135768 depth/1305031539.135768.png 1305031539.141900 0.5010 -0.5165 1.4301 0.8986 0.1243 -0.1200 -0.4033
1305031539.175587 rgb/1305031539.175587.png 1305031539.167546 depth/1305031539.167546.png 1305031539.172000 0.5268 -0.5113 1.4238 0.9014 0.1332 -0.1217 -0.3935
1305031539.207601 rgb/1305031539.207601.png 1305031539.199492 depth/1305031539.199492.png 1305031539.212000 0.5606 -0.5026 1.4150 0.9057 0.1483 -0.1270 -0.3763
1305031539.243449 rgb/1305031539.243449.png 1305031539.235629 depth/1305031539.235629.png 1305031539.242000 0.5856 -0.4955 1.4087 0.9079 0.1628 -0.1339 -0.3623
1305031539.275652 rgb/1305031539.275652.png 1305031539.267760 depth/1305031539.267760.png 1305031539.272000 0.6103 -0.4880 1.4031 0.9095 0.1756 -0.1373 -0.3509
1305031539.307521 rgb/1305031539.307521.png 1305031539.299592 depth/1305031539.299592.png 1305031539.312000 0.6429 -0.4775 1.3960 0.9125 0.1975 -0.1344 -0.3322
1305031539.343842 rgb/1305031539.343842.png 1305031539.335706 depth/1305031539.335706.png 1305031539.341900 0.6670 -0.4698 1.3914 0.9140 0.2181 -0.1263 -0.3180
1305031539.375556 rgb/1305031539.375556.png 1305031539.367585 depth/1305031539.367585.png 1305031539.372000 0.6904 -0.4615 1.3873 0.9138 0.2378 -0.1155 -0.3083
1305031539.407846 rgb/1305031539.407846.png 1305031539.399501 depth/1305031539.399501.png 1305031539.412000 0.7226 -0.4505 1.3817 0.9151 0.2611 -0.1011 -0.2902
1305031539.443431 rgb/1305031539.443431.png 1305031539.435549 depth/1305031539.435549.png 1305031539.441900 0.7455 -0.4420 1.3792 0.9151 0.2746 -0.0963 -0.2793
1305031539.475605 rgb/1305031539.475605.png 1305031539.467525 depth/1305031539.467525.png 1305031539.472000 0.7681 -0.4338 1.3785 0.9133 0.2880 -0.0990 -0.2703
1305031539.507506 rgb/1305031539.507506.png 1305031539.499639 depth/1305031539.499639.png 1305031539.512000 0.7969 -0.4221 1.3783 0.9107 0.3018 -0.1077 -0.2607
1305031539.543459 rgb/1305031539.543459.png 1305031539.535499 depth/1305031539.535499.png 1305031539.541900 0.8185 -0.4131 1.3799 0.9097 0.3103 -0.1121 -0.2524
1305031539.575448 rgb/1305031539.575448.png 1305031539.567517 depth/1305031539.567517.png 1305031539.572100 0.8394 -0.4036 1.3831 0.9066 0.3189 -0.1161 -0.2508
1305031539.607559 rgb/1305031539.607559.png 1305031539.599060 depth/1305031539.599060.png 1305031539.612000 0.8668 -0.3908 1.3881 0.9008 0.3337 -0.1195 -0.2507
1305031539.643437 rgb/1305031539.643437.png 1305031539.635592 depth/1305031539.635592.png 1305031539.642000 0.8868 -0.3801 1.3920 0.8957 0.3469 -0.1187 -0.2515
1305031539.675458 rgb/1305031539.675458.png 1305031539.667412 depth/1305031539.667412.png 1305031539.672000 0.9065 -0.3685 1.3961 0.8892 0.3591 -0.1196 -0.2571
1305031539.707426 rgb/1305031539.707426.png 1305031539.703794 depth/1305031539.703794.png 1305031539.712000 0.9321 -0.3518 1.4004 0.8799 0.3757 -0.1235 -0.2635
1305031539.743465 rgb/1305031539.743465.png 1305031539.735675 depth/1305031539.735675.png 1305031539.741900 0.9509 -0.3385 1.4027 0.8737 0.3874 -0.1277 -0.2651
1305031539.775488 rgb/1305031539.775488.png 1305031539.767637 depth/1305031539.767637.png 1305031539.772000 0.9692 -0.3245 1.4038 0.8690 0.3978 -0.1311 -0.2635
1305031539.807653 rgb/1305031539.807653.png 1305031539.803605 depth/1305031539.803605.png 1305031539.812000 0.9927 -0.3046 1.4042 0.8593 0.4147 -0.1402 -0.2644
1305031539.843466 rgb/1305031539.843466.png 1305031539.832088 depth/1305031539.832088.png 1305031539.841900 1.0099 -0.2894 1.4033 0.8527 0.4281 -0.1471 -0.2607
1305031539.875593 rgb/1305031539.875593.png 1305031539.867127 depth/1305031539.867127.png 1305031539.872000 1.0268 -0.2734 1.4010 0.8464 0.4402 -0.1536 -0.2575
1305031539.907642 rgb/1305031539.907642.png 1305031539.903594 depth/1305031539.903594.png 1305031539.912000 1.0487 -0.2516 1.3969 0.8369 0.4601 -0.1579 -0.2511
1305031539.943541 rgb/1305031539.943541.png 1305031539.935437 depth/1305031539.935437.png 1305031539.942000 1.0649 -0.2347 1.3936 0.8313 0.4718 -0.1572 -0.2483
1305031539.975883 rgb/1305031539.975883.png 1305031539.967652 depth/1305031539.967652.png 1305031539.972000 1.0806 -0.2175 1.3908 0.8247 0.4814 -0.1575 -0.2516
1305031540.007422 rgb/1305031540.007422.png 1305031540.003691 depth/1305031540.003691.png 1305031540.011900 1.1010 -0.1948 1.3876 0.8176 0.4923 -0.1568 -0.2542
1305031540.043468 rgb/1305031540.043468.png 1305031540.035614 depth/1305031540.035614.png 1305031540.042000 1.1155 -0.1777 1.3861 0.8128 0.4959 -0.1568 -0.2624
1305031540.075632 rgb/1305031540.075632.png 1305031540.067782 depth/1305031540.067782.png 1305031540.072000 1.1293 -0.1610 1.3857 0.8054 0.4996 -0.1618 -0.2750
1305031540.107421 rgb/1305031540.107421.png 1305031540.103651 depth/1305031540.103651.png 1305031540.112000 1.1471 -0.1394 1.3861 0.8009 0.4979 -0.1656 -0.2884
1305031540.143443 rgb/1305031540.143443.png 1305031540.135787 depth/1305031540.135787.png 1305031540.141900 1.1599 -0.1240 1.3868 0.7992 0.4936 -0.1664 -0.3000
1305031540.175595 rgb/1305031540.175595.png 1305031540.167625 depth/1305031540.167625.png 1305031540.172000 1.1725 -0.1092 1.3889 0.7978 0.4866 -0.1677 -0.3141
1305031540.207411 rgb/1305031540.207411.png 1305031540.204012 depth/1305031540.204012.png 1305031540.212000 1.1891 -0.0909 1.3927 0.7949 0.4781 -0.1702 -0.3325
1305031540.243496 rgb/1305031540.243496.png 1305031540.235943 depth/1305031540.235943.png 1305031540.242000 1.2006 -0.0786 1.3963 0.7873 0.4753 -0.1815 -0.3483
1305031540.275604 rgb/1305031540.275604.png 1305031540.267794 depth/1305031540.267794.png 1305031540.272000 1.2120 -0.0668 1.3994 0.7851 0.4688 -0.1915 -0.3566
1305031540.307411 rgb/1305031540.307411.png 1305031540.303627 depth/1305031540.303627.png 1305031540.311900 1.2268 -0.0513 1.4038 0.7817 0.4606 -0.2029 -0.3683
1305031540.343456 rgb/1305031540.343456.png 1305031540.335660 depth/1305031540.335660.png 1305031540.342000 1.2383 -0.0400 1.4076 0.7808 0.4512 -0.2085 -0.3786
1305031540.375438 rgb/1305031540.375438.png 1305031540.367613 depth/1305031540.367613.png 1305031540.371900 1.2499 -0.0285 1.4118 0.7821 0.4385 -0.2102 -0.3896
1305031540.407504 rgb/1305031540.407504.png 1305031540.403545 depth/1305031540.403545.png 1305031540.411900 1.2651 -0.0149 1.4185 0.7798 0.4227 -0.2197 -0.4062
1305031540.443453 rgb/1305031540.443453.png 1305031540.435756 depth/1305031540.435756.png 1305031540.441900 1.2767 -0.0051 1.4233 0.7805 0.4103 -0.2267 -0.4137
1305031540.475476 rgb/1305031540.475476.png 1305031540.467365 depth/1305031540.467365.png 1305031540.472000 1.2884 0.0043 1.4285 0.7800 0.3966 -0.2328 -0.4244
1305031540.507525 rgb/1305031540.507525.png 1305031540.502953 depth/1305031540.502953.png 1305031540.512000 1.3039 0.0161 1.4354 0.7783 0.3807 -0.2419 -0.4369
1305031540.543427 rgb/1305031540.543427.png 1305031540.535194 depth/1305031540.535194.png 1305031540.542000 1.3156 0.0252 1.4398 0.7771 0.3703 -0.2445 -0.4464
1305031540.575635 rgb/1305031540.575635.png 1305031540.563522 depth/1305031540.563522.png 1305031540.572000 1.3277 0.0346 1.4449 0.7751 0.3588 -0.2424 -0.4601
1305031540.607508 rgb/1305031540.607508.png 1305031540.603376 depth/1305031540.603376.png 1305031540.611900 1.3444 0.0466 1.4509 0.7755 0.3410 -0.2386 -0.4748
1305031540.643443 rgb/1305031540.643443.png 1305031540.635224 depth/1305031540.635224.png 1305031540.642000 1.3567 0.0557 1.4541 0.7788 0.3313 -0.2326 -0.4791
1305031540.675895 rgb/1305031540.675895.png 1305031540.667294 depth/1305031540.667294.png 1305031540.672000 1.3695 0.0652 1.4574 0.7801 0.3162 -0.2271 -0.4898
1305031540.707442 rgb/1305031540.707442.png 1305031540.703386 depth/1305031540.703386.png 1305031540.711900 1.3862 0.0775 1.4607 0.7833 0.2977 -0.2225 -0.4983
1305031540.743545 rgb/1305031540.743545.png 1305031540.735694 depth/1305031540.735694.png 1305031540.741900 1.3992 0.0866 1.4626 -0.7868 -0.2834 0.2151 0.5044
1305031540.775513 rgb/1305031540.775513.png 1305031540.767548 depth/1305031540.767548.png 1305031540.772000 1.4124 0.0952 1.4646 -0.7890 -0.2679 0.2065 0.5130
1305031540.807495 rgb/1305031540.807495.png 1305031540.803232 depth/1305031540.803232.png 1305031540.812000 1.4298 0.1059 1.4665 -0.7945 -0.2435 0.1912 0.5225
1305031540.843557 rgb/1305031540.843557.png 1305031540.835181 depth/1305031540.835181.png 1305031540.842000 1.4421 0.1129 1.4676 -0.7989 -0.2258 0.1770 0.5286
1305031540.875472 rgb/1305031540.875472.png 1305031540.871023 depth/1305031540.871023.png 1305031540.872000 1.4529 0.1189 1.4687 -0.8015 -0.2106 0.1660 0.5345
1305031540.907447 rgb/1305031540.907447.png 1305031540.903222 depth/1305031540.903222.png 1305031540.911900 1.4667 0.1263 1.4701 -0.8052 -0.1889 0.1499 0.5417
1305031540.943442 rgb/1305031540.943442.png 1305031540.935050 depth/1305031540.935050.png 1305031540.941900 1.4757 0.1313 1.4708 -0.8083 -0.1703 0.1401 0.5458
1305031540.975401 rgb/1305031540.975401.png 1305031540.971078 depth/1305031540.971078.png 1305031540.972000 1.4837 0.1364 1.4719 -0.8096 -0.1555 0.1355 0.5496
1305031541.007473 rgb/1305031541.007473.png 1305031541.003228 depth/1305031541.003228.png 1305031541.011900 1.4927 0.1423 1.4737 -0.8072 -0.1377 0.1302 0.5591
1305031541.043464 rgb/1305031541.043464.png 1305031541.034514 depth/1305031541.034514.png 1305031541.041900 1.4985 0.1457 1.4748 -0.8090 -0.1226 0.1257 0.5610
1305031541.075485 rgb/1305031541.075485.png 1305031541.070217 depth/1305031541.070217.png 1305031541.062000 1.5017 0.1483 1.4756 -0.8070 -0.1139 0.1246 0.5660
1305031541.107513 rgb/1305031541.107513.png 1305031541.099997 depth/1305031541.099997.png 1305031541.102000 1.5067 0.1533 1.4765 -0.8056 -0.1036 0.1241 0.5700
1305031541.143507 rgb/1305031541.143507.png 1305031541.135330 depth/1305031541.135330.png 1305031541.142000 1.5112 0.1585 1.4771 -0.8051 -0.0931 0.1190 0.5735
1305031541.175472 rgb/1305031541.175472.png 1305031541.171574 depth/1305031541.171574.png 1305031541.182000 1.5143 0.1627 1.4772 -0.8035 -0.0826 0.1142 0.5783
1305031541.207454 rgb/1305031541.207454.png 1305031541.202996 depth/1305031541.202996.png 1305031541.211900 1.5150 0.1666 1.4765 -0.8055 -0.0825 0.1152 0.5754
1305031541.243593 rgb/1305031541.243593.png 1305031541.235198 depth/1305031541.235198.png 1305031541.241900 1.5154 0.1710 1.4754 -0.8076 -0.0833 0.1178 0.5718
1305031541.275691 rgb/1305031541.275691.png 1305031541.267954 depth/1305031541.267954.png 1305031541.271900 1.5154 0.1752 1.4740 -0.8104 -0.0832 0.1224 0.5668
1305031541.307436 rgb/1305031541.307436.png 1305031541.301672 depth/1305031541.301672.png 1305031541.312000 1.5138 0.1808 1.4719 -0.8133 -0.0892 0.1304 0.5601
1305031541.343493 rgb/1305031541.343493.png 1305031541.331852 depth/1305031541.331852.png 1305031541.341900 1.5120 0.1845 1.4705 -0.8154 -0.0966 0.1383 0.5538
1305031541.375507 rgb/1305031541.375507.png 1305031541.371250 depth/1305031541.371250.png 1305031541.372000 1.5095 0.1883 1.4691 -0.8173 -0.1049 0.1467 0.5472
1305031541.407707 rgb/1305031541.407707.png 1305031541.402022 depth/1305031541.402022.png 1305031541.411900 1.5063 0.1922 1.4679 -0.8202 -0.1184 0.1537 0.5382
1305031541.443699 rgb/1305031541.443699.png 1305031541.431932 depth/1305031541.431932.png 1305031541.441900 1.5028 0.1948 1.4675 -0.8196 -0.1308 0.1591 0.5347
1305031541.475389 rgb/1305031541.475389.png 1305031541.471366 depth/1305031541.471366.png 1305031541.472000 1.4990 0.1975 1.4676 -0.8181 -0.1457 0.1649 0.5314
1305031541.507656 rgb/1305031541.507656.png 1305031541.501569 depth/1305031541.501569.png 1305031541.511900 1.4932 0.2003 1.4679 -0.8186 -0.1696 0.1703 0.5217
1305031541.543489 rgb/1305031541.543489.png 1305031541.535345 depth/1305031541.535345.png 1305031541.541900 1.4890 0.2027 1.4681 -0.8171 -0.1852 0.1735 0.5177
1305031541.575608 rgb/1305031541.575608.png 1305031541.569819 depth/1305031541.569819.png 1305031541.572000 1.4844 0.2043 1.4691 -0.8171 -0.2029 0.1751 0.5104
1305031541.607431 rgb/1305031541.607431.png 1305031541.603472 depth/1305031541.603472.png 1305031541.611900 1.4775 0.2069 1.4705 -0.8122 -0.2290 0.1827 0.5045
1305031541.643543 rgb/1305031541.643543.png 1305031541.635279 depth/1305031541.635279.png 1305031541.642000 1.4722 0.2081 1.4718 0.8086 0.2475 -0.1879 -0.4995
1305031541.675424 rgb/1305031541.675424.png 1305031541.671483 depth/1305031541.671483.png 1305031541.672000 1.4666 0.2096 1.4737 0.8031 0.2691 -0.1924 -0.4955
1305031541.707418 rgb/1305031541.707418.png 1305031541.703527 depth/1305031541.703527.png 1305031541.711900 1.4587 0.2109 1.4759 0.7957 0.2990 -0.1946 -0.4895
1305031541.743439 rgb/1305031541.743439.png 1305031541.734963 depth/1305031541.734963.png 1305031541.742000 1.4522 0.2114 1.4775 0.7880 0.3276 -0.1935 -0.4841
1305031541.775415 rgb/1305031541.775415.png 1305031541.771656 depth/1305031541.771656.png 1305031541.771900 1.4458 0.2118 1.4791 0.7784 0.3593 -0.1878 -0.4794
1305031541.807470 rgb/1305031541.807470.png 1305031541.803338 depth/1305031541.803338.png 1305031541.812000 1.4376 0.2116 1.4804 0.7679 0.3979 -0.1721 -0.4715
1305031541.843441 rgb/1305031541.843441.png 1305031541.835259 depth/1305031541.835259.png 1305031541.841900 1.4313 0.2109 1.4817 0.7576 0.4251 -0.1680 -0.4659
1305031541.875438 rgb/1305031541.875438.png 1305031541.871359 depth/1305031541.871359.png 1305031541.872000 1.4260 0.2099 1.4833 0.7474 0.4474 -0.1700 -0.4607
1305031541.907570 rgb/1305031541.907570.png 1305031541.903131 depth/1305031541.903131.png 1305031541.912000 1.4189 0.2096 1.4848 0.7368 0.4714 -0.1799 -0.4500
1305031541.943524 rgb/1305031541.943524.png 1305031541.932460 depth/1305031541.932460.png 1305031541.942100 1.4142 0.2102 1.4859 0.7307 0.4849 -0.1921 -0.4404
1305031541.975524 rgb/1305031541.975524.png 1305031541.969202 depth/1305031541.969202.png 1305031541.972000 1.4095 0.2116 1.4866 0.7251 0.4946 -0.2068 -0.4323
1305031542.007694 rgb/1305031542.007694.png 1305031542.000034 depth/1305031542.000034.png 1305031542.012000 1.4030 0.2143 1.4865 0.7163 0.5084 -0.2295 -0.4193
1305031542.043489 rgb/1305031542.043489.png 1305031542.032795 depth/1305031542.032795.png 1305031542.041900 1.3985 0.2168 1.4858 0.7092 0.5185 -0.2419 -0.4119
1305031542.075555 rgb/1305031542.075555.png 1305031542.069819 depth/1305031542.069819.png 1305031542.072000 1.3936 0.2201 1.4841 0.7032 0.5275 -0.2466 -0.4080
1305031542.107416 rgb/1305031542.107416.png 1305031542.102573 depth/1305031542.102573.png 1305031542.111900 1.3872 0.2253 1.4804 0.6955 0.5420 -0.2451 -0.4030
1305031542.143525 rgb/1305031542.143525.png 1305031542.139294 depth/1305031542.139294.png 1305031542.141900 1.3825 0.2295 1.4771 0.6903 0.5518 -0.2446 -0.3989
1305031542.175524 rgb/1305031542.175524.png 1305031542.170485 depth/1305031542.170485.png 1305031542.171900 1.3776 0.2343 1.4738 0.6857 0.5580 -0.2493 -0.3953
1305031542.207368 rgb/1305031542.207368.png 1305031542.202214 depth/1305031542.202214.png 1305031542.211900 1.3713 0.2411 1.4685 0.6806 0.5695 -0.2575 -0.3822
1305031542.244091 rgb/1305031542.244091.png 1305031542.237243 depth/1305031542.237243.png 1305031542.241900 1.3670 0.2468 1.4647 0.6762 0.5758 -0.2643 -0.3760
1305031542.275425 rgb/1305031542.275425.png 1305031542.269752 depth/1305031542.269752.png 1305031542.272000 1.3632 0.2538 1.4607 0.6738 0.5811 -0.2670 -0.3702
1305031542.307528 rgb/1305031542.307528.png 1305031542.301218 depth/1305031542.301218.png 1305031542.311900 1.3588 0.2635 1.4546 0.6744 0.5882 -0.2581 -0.3642
1305031542.343479 rgb/1305031542.343479.png 1305031542.338812 depth/1305031542.338812.png 1305031542.341900 1.3558 0.2719 1.4502 0.6740 0.5905 -0.2530 -0.3648
1305031542.375553 rgb/1305031542.375553.png 1305031542.371582 depth/1305031542.371582.png 1305031542.372000 1.3532 0.2813 1.4459 0.6748 0.5907 -0.2518 -0.3637
1305031542.407482 rgb/1305031542.407482.png 1305031542.403140 depth/1305031542.403140.png 1305031542.411900 1.3505 0.2952 1.4404 0.6799 0.5906 -0.2506 -0.3552
1305031542.443447 rgb/1305031542.443447.png 1305031542.439210 depth/1305031542.439210.png 1305031542.441900 1.3488 0.3069 1.4373 0.6824 0.5896 -0.2514 -0.3515
1305031542.475446 rgb/1305031542.475446.png 1305031542.471527 depth/1305031542.471527.png 1305031542.472000 1.3475 0.3197 1.4350 0.6835 0.5875 -0.2562 -0.3493
1305031542.507447 rgb/1305031542.507447.png 1305031542.503717 depth/1305031542.503717.png 1305031542.512000 1.3458 0.3387 1.4320 0.6877 0.5825 -0.2638 -0.3438
1305031542.543425 rgb/1305031542.543425.png 1305031542.539439 depth/1305031542.539439.png 1305031542.541900 1.3453 0.3536 1.4307 0.6905 0.5796 -0.2661 -0.3414
1305031542.575428 rgb/1305031542.575428.png 1305031542.571672 depth/1305031542.571672.png 1305031542.571900 1.3449 0.3691 1.4300 0.6915 0.5754 -0.2709 -0.3426
1305031542.607410 rgb/1305031542.607410.png 1305031542.603499 depth/1305031542.603499.png 1305031542.611900 1.3445 0.3906 1.4292 0.6963 0.5695 -0.2761 -0.3385
1305031542.643424 rgb/1305031542.643424.png 1305031542.639171 depth/1305031542.639171.png 1305031542.641900 1.3445 0.4070 1.4287 0.6988 0.5653 -0.2806 -0.3366
1305031542.675341 rgb/1305031542.675341.png 1305031542.668866 depth/1305031542.668866.png 1305031542.671900 1.3442 0.4233 1.4284 0.6990 0.5629 -0.2845 -0.3371
1305031542.707362 rgb/1305031542.707362.png 1305031542.702239 depth/1305031542.702239.png 1305031542.711900 1.3436 0.4450 1.4272 0.6987 0.5624 -0.2860 -0.3372
1305031542.743855 rgb/1305031542.743855.png 1305031542.737961 depth/1305031542.737961.png 1305031542.742000 1.3429 0.4616 1.4256 0.7008 0.5616 -0.2842 -0.3358
1305031542.775624 rgb/1305031542.775624.png 1305031542.771170 depth/1305031542.771170.png 1305031542.771900 1.3421 0.4779 1.4242 0.7010 0.5619 -0.2834 -0.3356
1305031542.807676 rgb/1305031542.807676.png 1305031542.803270 depth/1305031542.803270.png 1305031542.811900 1.3403 0.4996 1.4216 0.6987 0.5647 -0.2862 -0.3331
1305031542.843453 rgb/1305031542.843453.png 1305031542.839568 depth/1305031542.839568.png 1305031542.841900 1.3384 0.5163 1.4187 0.7007 0.5652 -0.2839 -0.3300
1305031542.875473 rgb/1305031542.875473.png 1305031542.871198 depth/1305031542.871198.png 1305031542.871900 1.3364 0.5329 1.4160 0.7024 0.5661 -0.2807 -0.3277
1305031542.907374 rgb/1305031542.907374.png 1305031542.903732 depth/1305031542.903732.png 1305031542.911900 1.3331 0.5555 1.4116 0.7039 0.5686 -0.2773 -0.3231
1305031542.943449 rgb/1305031542.943449.png 1305031542.939215 depth/1305031542.939215.png 1305031542.942000 1.3303 0.5724 1.4082 0.7032 0.5709 -0.2780 -0.3200
1305031542.975416 rgb/1305031542.975416.png 1305031542.970866 depth/1305031542.970866.png 1305031542.971900 1.3272 0.5894 1.4047 0.7024 0.5721 -0.2822 -0.3156
1305031543.007462 rgb/1305031543.007462.png 1305031543.002677 depth/1305031543.002677.png 1305031543.011900 1.3226 0.6123 1.3996 0.7042 0.5727 -0.2859 -0.3073
1305031543.043546 rgb/1305031543.043546.png 1305031543.039126 depth/1305031543.039126.png 1305031543.041900 1.3190 0.6300 1.3960 0.7037 0.5730 -0.2909 -0.3031
1305031543.075465 rgb/1305031543.075465.png 1305031543.070710 depth/1305031543.070710.png 1305031543.071900 1.3156 0.6475 1.3922 0.7044 0.5749 -0.2929 -0.2960
1305031543.107471 rgb/1305031543.107471.png 1305031543.102755 depth/1305031543.102755.png 1305031543.111900 1.3109 0.6709 1.3866 0.7052 0.5775 -0.2929 -0.2888
1305031543.143424 rgb/1305031543.143424.png 1305031543.139358 depth/1305031543.139358.png 1305031543.141900 1.3084 0.6883 1.3825 0.7071 0.5786 -0.2901 -0.2847
1305031543.175587 rgb/1305031543.175587.png 1305031543.170265 depth/1305031543.170265.png 1305031543.171900 1.3055 0.7053 1.3788 0.7081 0.5778 -0.2921 -0.2817
1305031543.207464 rgb/1305031543.207464.png 1305031543.200190 depth/1305031543.200190.png 1305031543.211900 1.3026 0.7271 1.3741 0.7121 0.5718 -0.2989 -0.2770
1305031543.243490 rgb/1305031543.243490.png 1305031543.238701 depth/1305031543.238701.png 1305031543.241900 1.3008 0.7419 1.3715 0.7169 0.5662 -0.3022 -0.2721
1305031543.275504 rgb/1305031543.275504.png 1305031543.270923 depth/1305031543.270923.png 1305031543.271900 1.2998 0.7552 1.3702 0.7187 0.5616 -0.3065 -0.2723
1305031543.307391 rgb/1305031543.307391.png 1305031543.302962 depth/1305031543.302962.png 1305031543.311900 1.2984 0.7707 1.3697 0.7190 0.5555 -0.3142 -0.2750
1305031543.343502 rgb/1305031543.343502.png 1305031543.338824 depth/1305031543.338824.png 1305031543.341900 1.2973 0.7800 1.3700 0.7191 0.5536 -0.3176 -0.2748
1305031543.375520 rgb/1305031543.375520.png 1305031543.370800 depth/1305031543.370800.png 1305031543.371900 1.2966 0.7871 1.3715 0.7164 0.5516 -0.3219 -0.2809
1305031543.407575 rgb/1305031543.407575.png 1305031543.407586 depth/1305031543.407586.png 1305031543.411900 1.2965 0.7937 1.3747 0.7109 0.5526 -0.3282 -0.2857
1305031543.443593 rgb/1305031543.443593.png 1305031543.436408 depth/1305031543.436408.png 1305031543.441900 1.2965 0.7972 1.3777 0.7085 0.5516 -0.3317 -0.2893
1305031543.475420 rgb/1305031543.475420.png 1305031543.472193 depth/1305031543.472193.png 1305031543.471900 1.2966 0.7989 1.3812 0.7067 0.5514 -0.3342 -0.2913
1305031543.507652 rgb/1305031543.507652.png 1305031543.507662 depth/1305031543.507662.png 1305031543.511900 1.2968 0.7975 1.3873 0.6984 0.5569 -0.3394 -0.2947
1305031543.543433 rgb/1305031543.543433.png 1305031543.539811 depth/1305031543.539811.png 1305031543.541900 1.2966 0.7946 1.3924 0.6927 0.5590 -0.3449 -0.2977
1305031543.575393 rgb/1305031543.575393.png 1305031543.572301 depth/1305031543.572301.png 1305031543.572000 1.2969 0.7903 1.3983 0.6907 0.5609 -0.3453 -0.2987
1305031543.607524 rgb/1305031543.607524.png 1305031543.607686 depth/1305031543.607686.png 1305031543.611900 1.2974 0.7811 1.4079 0.6815 0.5687 -0.3498 -0.2996
1305031543.643400 rgb/1305031543.643400.png 1305031543.639875 depth/1305031543.639875.png 1305031543.641900 1.2976 0.7729 1.4157 0.6766 0.5761 -0.3508 -0.2955
1305031543.675460 rgb/1305031543.675460.png 1305031543.671696 depth/1305031543.671696.png 1305031543.671900 1.2983 0.7641 1.4253 0.6750 0.5767 -0.3514 -0.2973
1305031543.707478 rgb/1305031543.707478.png 1305031543.707488 depth/1305031543.707488.png 1305031543.711900 1.3000 0.7514 1.4396 0.6712 0.5789 -0.3535 -0.2989
1305031543.743399 rgb/1305031543.743399.png 1305031543.739759 depth/1305031543.739759.png 1305031543.741900 1.3019 0.7414 1.4510 0.6704 0.5802 -0.3539 -0.2977
1305031543.775642 rgb/1305031543.775642.png 1305031543.771875 depth/1305031543.771875.png 1305031543.771900 1.3042 0.7314 1.4634 0.6701 0.5779 -0.3578 -0.2982
1305031543.807514 rgb/1305031543.807514.png 1305031543.807535 depth/1305031543.807535.png 1305031543.811900 1.3080 0.7171 1.4809 0.6707 0.5763 -0.3626 -0.2942
1305031543.843406 rgb/1305031543.843406.png 1305031543.839894 depth/1305031543.839894.png 1305031543.841900 1.3111 0.7060 1.4943 0.6736 0.5759 -0.3636 -0.2871
1305031543.875410 rgb/1305031543.875410.png 1305031543.871869 depth/1305031543.871869.png 1305031543.872000 1.3139 0.6949 1.5090 0.6771 0.5711 -0.3665 -0.2847
1305031543.907459 rgb/1305031543.907459.png 1305031543.907474 depth/1305031543.907474.png 1305031543.911900 1.3193 0.6790 1.5294 0.6852 0.5655 -0.3646 -0.2789
1305031543.943413 rgb/1305031543.943413.png 1305031543.939753 depth/1305031543.939753.png 1305031543.941900 1.3243 0.6660 1.5454 0.6902 0.5620 -0.3615 -0.2777
1305031543.975473 rgb/1305031543.975473.png 1305031543.970786 depth/1305031543.970786.png 1305031543.971900 1.3292 0.6525 1.5618 0.6950 0.5574 -0.3573 -0.2804
1305031544.007491 rgb/1305031544.007491.png 1305031544.007529 depth/1305031544.007529.png 1305031544.011900 1.3364 0.6334 1.5838 0.7028 0.5498 -0.3479 -0.2876
1305031544.043491 rgb/1305031544.043491.png 1305031544.038948 depth/1305031544.038948.png 1305031544.041900 1.3422 0.6177 1.5998 0.7082 0.5428 -0.3395 -0.2975
1305031544.075509 rgb/1305031544.075509.png 1305031544.070711 depth/1305031544.070711.png 1305031544.072000 1.3484 0.6009 1.6150 0.7169 0.5359 -0.3265 -0.3036
1305031544.107376 rgb/1305031544.107376.png 1305031544.106609 depth/1305031544.106609.png 1305031544.111900 1.3557 0.5766 1.6342 0.7245 0.5236 -0.3169 -0.3171
1305031544.143795 rgb/1305031544.143795.png 1305031544.137311 depth/1305031544.137311.png 1305031544.141900 1.3607 0.5567 1.6478 0.7269 0.5160 -0.3148 -0.3260
1305031544.175829 rgb/1305031544.175829.png 1305031544.171722 depth/1305031544.171722.png 1305031544.171900 1.3651 0.5358 1.6600 0.7316 0.5085 -0.3098 -0.3319
1305031544.207354 rgb/1305031544.207354.png 1305031544.206571 depth/1305031544.206571.png 1305031544.211900 1.3693 0.5064 1.6750 0.7352 0.4980 -0.3021 -0.3468
1305031544.243427 rgb/1305031544.243427.png 1305031544.238072 depth/1305031544.238072.png 1305031544.241900 1.3715 0.4833 1.6849 0.7395 0.4917 -0.2925 -0.3549
1305031544.275540 rgb/1305031544.275540.png 1305031544.267766 depth/1305031544.267766.png 1305031544.271900 1.3724 0.4600 1.6936 0.7419 0.4853 -0.2835 -0.3657
1305031544.307370 rgb/1305031544.307370.png 1305031544.303584 depth/1305031544.303584.png 1305031544.311900 1.3722 0.4277 1.7040 0.7436 0.4802 -0.2689 -0.3796
1305031544.343409 rgb/1305031544.343409.png 1305031544.338210 depth/1305031544.338210.png 1305031544.341900 1.3709 0.4032 1.7106 0.7454 0.4765 -0.2599 -0.3871
1305031544.375459 rgb/1305031544.375459.png 1305031544.367911 depth/1305031544.367911.png 1305031544.371900 1.3682 0.3787 1.7155 0.7491 0.4749 -0.2487 -0.3891
1305031544.407333 rgb/1305031544.407333.png 1305031544.405875 depth/1305031544.405875.png 1305031544.411900 1.3631 0.3462 1.7196 0.7572 0.4753 -0.2295 -0.3847
1305031544.443375 rgb/1305031544.443375.png 1305031544.437826 depth/1305031544.437826.png 1305031544.441900 1.3580 0.3223 1.7223 0.7604 0.4735 -0.2232 -0.3845
1305031544.475427 rgb/1305031544.475427.png 1305031544.469937 depth/1305031544.469937.png 1305031544.471900 1.3528 0.2990 1.7240 0.7645 0.4739 -0.2176 -0.3789
1305031544.507367 rgb/1305031544.507367.png 1305031544.505986 depth/1305031544.505986.png 1305031544.511900 1.3442 0.2686 1.7249 0.7655 0.4780 -0.2137 -0.3740
1305031544.543416 rgb/1305031544.543416.png 1305031544.539003 depth/1305031544.539003.png 1305031544.541900 1.3373 0.2463 1.7246 0.7643 0.4826 -0.2124 -0.3713
1305031544.575497 rgb/1305031544.575497.png 1305031544.574785 depth/1305031544.574785.png 1305031544.572000 1.3302 0.2256 1.7240 0.7627 0.4849 -0.2140 -0.3707
1305031544.607409 rgb/1305031544.607409.png 1305031544.607438 depth/1305031544.607438.png 1305031544.611900 1.3208 0.1993 1.7204 0.7648 0.4884 -0.2132 -0.3619
1305031544.643444 rgb/1305031544.643444.png 1305031544.638925 depth/1305031544.638925.png 1305031544.641900 1.3139 0.1813 1.7164 0.7670 0.4915 -0.2124 -0.3535
1305031544.675586 rgb/1305031544.675586.png 1305031544.675602 depth/1305031544.675602.png 1305031544.671900 1.3064 0.1642 1.7122 0.7657 0.4941 -0.2160 -0.3507
1305031544.707411 rgb/1305031544.707411.png 1305031544.703615 depth/1305031544.703615.png 1305031544.711900 1.2961 0.1430 1.7063 0.7660 0.4969 -0.2198 -0.3436
1305031544.743438 rgb/1305031544.743438.png 1305031544.738977 depth/1305031544.738977.png 1305031544.741800 1.2879 0.1281 1.7021 0.7657 0.4983 -0.2211 -0.3415
1305031544.775418 rgb/1305031544.775418.png 1305031544.775192 depth/1305031544.775192.png 1305031544.771900 1.2789 0.1140 1.6982 0.7626 0.4997 -0.2222 -0.3456
1305031544.807397 rgb/1305031544.807397.png 1305031544.807101 depth/1305031544.807101.png 1305031544.811900 1.2656 0.0966 1.6927 0.7606 0.4994 -0.2230 -0.3498
1305031544.843491 rgb/1305031544.843491.png 1305031544.839027 depth/1305031544.839027.png 1305031544.841900 1.2548 0.0838 1.6881 0.7618 0.5007 -0.2206 -0.3469
1305031544.875360 rgb/1305031544.875360.png 1305031544.875379 depth/1305031544.875379.png 1305031544.871900 1.2430 0.0717 1.6833 0.7626 0.5038 -0.2177 -0.3424
1305031544.907423 rgb/1305031544.907423.png 1305031544.907436 depth/1305031544.907436.png 1305031544.911900 1.2256 0.0562 1.6777 0.7621 0.5071 -0.2115 -0.3425
1305031544.943434 rgb/1305031544.943434.png 1305031544.939009 depth/1305031544.939009.png 1305031544.941900 1.2126 0.0454 1.6740 0.7629 0.5110 -0.2005 -0.3414
1305031544.975537 rgb/1305031544.975537.png 1305031544.975561 depth/1305031544.975561.png 1305031544.972000 1.1990 0.0351 1.6708 0.7635 0.5141 -0.1943 -0.3392
1305031545.007393 rgb/1305031545.007393.png 1305031545.007409 depth/1305031545.007409.png 1305031545.011900 1.1809 0.0229 1.6677 0.7663 0.5117 -0.1935 -0.3370
1305031545.043477 rgb/1305031545.043477.png 1305031545.039484 depth/1305031545.039484.png 1305031545.041900 1.1674 0.0146 1.6664 0.7693 0.5078 -0.1901 -0.3380
1305031545.075369 rgb/1305031545.075369.png 1305031545.075213 depth/1305031545.075213.png 1305031545.071900 1.1540 0.0071 1.6657 0.7706 0.5030 -0.1884 -0.3432
1305031545.107399 rgb/1305031545.107399.png 1305031545.107171 depth/1305031545.107171.png 1305031545.111800 1.1366 -0.0018 1.6643 0.7760 0.4931 -0.1869 -0.3460
1305031545.144171 rgb/1305031545.144171.png 1305031545.139414 depth/1305031545.139414.png 1305031545.141900 1.1240 -0.0077 1.6631 0.7832 0.4811 -0.1852 -0.3478
1305031545.175406 rgb/1305031545.175406.png 1305031545.174984 depth/1305031545.174984.png 1305031545.171900 1.1118 -0.0131 1.6618 0.7908 0.4688 -0.1825 -0.3487
1305031545.207577 rgb/1305031545.207577.png 1305031545.207672 depth/1305031545.207672.png 1305031545.211900 1.0958 -0.0197 1.6598 0.8003 0.4518 -0.1791 -0.3512
1305031545.243483 rgb/1305031545.243483.png 1305031545.239686 depth/1305031545.239686.png 1305031545.241900 1.0840 -0.0244 1.6586 0.8039 0.4399 -0.1802 -0.3575
1305031545.275369 rgb/1305031545.275369.png 1305031545.275412 depth/1305031545.275412.png 1305031545.271900 1.0720 -0.0295 1.6570 0.8074 0.4285 -0.1815 -0.3627
1305031545.307451 rgb/1305031545.307451.png 1305031545.306213 depth/1305031545.306213.png 1305031545.311900 1.0555 -0.0362 1.6542 0.8136 0.4157 -0.1814 -0.3639
1305031545.343494 rgb/1305031545.343494.png 1305031545.339544 depth/1305031545.339544.png 1305031545.341900 1.0428 -0.0413 1.6526 0.8176 0.4052 -0.1804 -0.3672
1305031545.375545 rgb/1305031545.375545.png 1305031545.375555 depth/1305031545.375555.png 1305031545.371900 1.0304 -0.0461 1.6518 0.8221 0.3933 -0.1796 -0.3704
1305031545.407452 rgb/1305031545.407452.png 1305031545.407463 depth/1305031545.407463.png 1305031545.411800 1.0135 -0.0520 1.6512 0.8248 0.3782 -0.1836 -0.3782
1305031545.444180 rgb/1305031545.444180.png 1305031545.439168 depth/1305031545.439168.png 1305031545.441900 1.0009 -0.0561 1.6513 0.8255 0.3699 -0.1863 -0.3833
1305031545.475423 rgb/1305031545.475423.png 1305031545.475453 depth/1305031545.475453.png 1305031545.471900 0.9886 -0.0599 1.6519 0.8240 0.3605 -0.1906 -0.3933
1305031545.507394 rgb/1305031545.507394.png 1305031545.507417 depth/1305031545.507417.png 1305031545.511800 0.9723 -0.0644 1.6526 0.8200 0.3498 -0.1985 -0.4074
1305031545.543418 rgb/1305031545.543418.png 1305031545.539498 depth/1305031545.539498.png 1305031545.541900 0.9601 -0.0678 1.6527 0.8167 0.3442 -0.2042 -0.4158
1305031545.578078 rgb/1305031545.578078.png 1305031545.578088 depth/1305031545.578088.png 1305031545.581900 0.9439 -0.0730 1.6521 0.8082 0.3439 -0.2128 -0.4281
1305031545.607417 rgb/1305031545.607417.png 1305031545.603778 depth/1305031545.603778.png 1305031545.611900 0.9325 -0.0769 1.6505 0.8037 0.3440 -0.2194 -0.4332
1305031545.643463 rgb/1305031545.643463.png 1305031545.635945 depth/1305031545.635945.png 1305031545.641900 0.9218 -0.0805 1.6486 0.7977 0.3433 -0.2254 -0.4416
1305031545.675289 rgb/1305031545.675289.png 1305031545.673535 depth/1305031545.673535.png 1305031545.672100 0.9119 -0.0847 1.6461 0.7911 0.3435 -0.2278 -0.4519
1305031545.707398 rgb/1305031545.707398.png 1305031545.706561 depth/1305031545.706561.png 1305031545.711900 0.8989 -0.0892 1.6410 0.7817 0.3420 -0.2318 -0.4671
1305031545.743570 rgb/1305031545.743570.png 1305031545.739007 depth/1305031545.739007.png 1305031545.742000 0.8891 -0.0927 1.6349 0.7817 0.3417 -0.2316 -0.4675
1305031545.775452 rgb/1305031545.775452.png 1305031545.775565 depth/1305031545.775565.png 1305031545.771800 0.8794 -0.0964 1.6277 0.7799 0.3451 -0.2323 -0.4676
1305031545.807404 rgb/1305031545.807404.png 1305031545.807492 depth/1305031545.807492.png 1305031545.811800 0.8668 -0.1017 1.6162 0.7805 0.3491 -0.2321 -0.4637
1305031545.843376 rgb/1305031545.843376.png 1305031545.843386 depth/1305031545.843386.png 1305031545.841900 0.8581 -0.1055 1.6063 0.7837 0.3502 -0.2290 -0.4591
1305031545.875537 rgb/1305031545.875537.png 1305031545.875515 depth/1305031545.875515.png 1305031545.871900 0.8502 -0.1090 1.5954 0.7891 0.3506 -0.2217 -0.4530
1305031545.907389 rgb/1305031545.907389.png 1305031545.907616 depth/1305031545.907616.png 1305031545.911800 0.8410 -0.1147 1.5804 0.7946 0.3515 -0.2115 -0.4476
1305031545.943457 rgb/1305031545.943457.png 1305031545.943703 depth/1305031545.943703.png 1305031545.941900 0.8355 -0.1192 1.5682 0.8008 0.3528 -0.2037 -0.4391
1305031545.975621 rgb/1305031545.975621.png 1305031545.975685 depth/1305031545.975685.png 1305031545.971900 0.8312 -0.1237 1.5559 0.8077 0.3512 -0.1960 -0.4311
1305031546.007516 rgb/1305031546.007516.png 1305031546.007570 depth/1305031546.007570.png 1305031546.011900 0.8267 -0.1296 1.5391 0.8153 0.3516 -0.1884 -0.4197
1305031546.043769 rgb/1305031546.043769.png 1305031546.043793 depth/1305031546.043793.png 1305031546.041900 0.8255 -0.1338 1.5263 0.8240 0.3493 -0.1785 -0.4088
1305031546.075414 rgb/1305031546.075414.png 1305031546.075425 depth/1305031546.075425.png 1305031546.071900 0.8256 -0.1378 1.5139 0.8335 0.3441 -0.1655 -0.3993
1305031546.107395 rgb/1305031546.107395.png 1305031546.104074 depth/1305031546.104074.png 1305031546.111900 0.8271 -0.1420 1.4985 0.8408 0.3395 -0.1539 -0.3926
1305031546.143502 rgb/1305031546.143502.png 1305031546.143517 depth/1305031546.143517.png 1305031546.141900 0.8294 -0.1445 1.4875 0.8475 0.3329 -0.1451 -0.3871
1305031546.175952 rgb/1305031546.175952.png 1305031546.175972 depth/1305031546.175972.png 1305031546.172000 0.8322 -0.1466 1.4764 0.8531 0.3277 -0.1387 -0.3816
1305031546.207500 rgb/1305031546.207500.png 1305031546.207525 depth/1305031546.207525.png 1305031546.212000 0.8371 -0.1484 1.4616 0.8619 0.3168 -0.1294 -0.3742
1305031546.243551 rgb/1305031546.243551.png 1305031546.243573 depth/1305031546.243573.png 1305031546.242000 0.8413 -0.1490 1.4509 0.8664 0.3073 -0.1231 -0.3738
1305031546.276098 rgb/1305031546.276098.png 1305031546.276113 depth/1305031546.276113.png 1305031546.272000 0.8462 -0.1496 1.4395 0.8698 0.2977 -0.1193 -0.3749
1305031546.308110 rgb/1305031546.308110.png 1305031546.308117 depth/1305031546.308117.png 1305031546.312000 0.8532 -0.1506 1.4240 0.8787 0.2832 -0.1123 -0.3675
1305031546.343919 rgb/1305031546.343919.png 1305031546.343932 depth/1305031546.343932.png 1305031546.342000 0.8582 -0.1509 1.4127 0.8815 0.2737 -0.1105 -0.3686
1305031546.376056 rgb/1305031546.376056.png 1305031546.376105 depth/1305031546.376105.png 1305031546.372100 0.8629 -0.1514 1.4014 0.8843 0.2649 -0.1117 -0.3680
1305031546.407659 rgb/1305031546.407659.png 1305031546.407683 depth/1305031546.407683.png 1305031546.412100 0.8684 -0.1517 1.3859 0.8880 0.2543 -0.1127 -0.3662
1305031546.443968 rgb/1305031546.443968.png 1305031546.443985 depth/1305031546.443985.png 1305031546.442100 0.8721 -0.1523 1.3745 0.8884 0.2476 -0.1156 -0.3689
1305031546.475996 rgb/1305031546.475996.png 1305031546.476002 depth/1305031546.476002.png 1305031546.472100 0.8752 -0.1531 1.3625 0.8915 0.2427 -0.1146 -0.3650
1305031546.507967 rgb/1305031546.507967.png 1305031546.507978 depth/1305031546.507978.png 1305031546.512100 0.8793 -0.1544 1.3475 0.8932 0.2362 -0.1136 -0.3653
1305031546.544068 rgb/1305031546.544068.png 1305031546.544091 depth/1305031546.544091.png 1305031546.542100 0.8817 -0.1557 1.3363 0.8938 0.2319 -0.1144 -0.3665
1305031546.576412 rgb/1305031546.576412.png 1305031546.576436 depth/1305031546.576436.png 1305031546.572100 0.8844 -0.1572 1.3254 0.8968 0.2294 -0.1110 -0.3617
1305031546.607717 rgb/1305031546.607717.png 1305031546.604477 depth/1305031546.604477.png 1305031546.612100 0.8871 -0.1587 1.3107 0.9011 0.2245 -0.1093 -0.3545
1305031546.644200 rgb/1305031546.644200.png 1305031546.644231 depth/1305031546.644231.png 1305031546.642200 0.8890 -0.1594 1.3001 0.9047 0.2220 -0.1058 -0.3478
1305031546.676003 rgb/1305031546.676003.png 1305031546.676019 depth/1305031546.676019.png 1305031546.672200 0.8903 -0.1596 1.2899 0.9069 0.2203 -0.1025 -0.3443
1305031546.707934 rgb/1305031546.707934.png 1305031546.707952 depth/1305031546.707952.png 1305031546.712200 0.8922 -0.1592 1.2775 0.9106 0.2168 -0.0967 -0.3383
1305031546.743887 rgb/1305031546.743887.png 1305031546.743907 depth/1305031546.743907.png 1305031546.742200 0.8929 -0.1587 1.2684 0.9146 0.2162 -0.0902 -0.3295
1305031546.775864 rgb/1305031546.775864.png 1305031546.775885 depth/1305031546.775885.png 1305031546.772300 0.8931 -0.1577 1.2604 0.9164 0.2172 -0.0867 -0.3248
1305031546.807996 rgb/1305031546.807996.png 1305031546.808019 depth/1305031546.808019.png 1305031546.812200 0.8929 -0.1559 1.2513 0.9175 0.2168 -0.0842 -0.3226
1305031546.844079 rgb/1305031546.844079.png 1305031546.844098 depth/1305031546.844098.png 1305031546.842300 0.8927 -0.1550 1.2453 0.9185 0.2175 -0.0850 -0.3192
1305031546.876064 rgb/1305031546.876064.png 1305031546.876150 depth/1305031546.876150.png 1305031546.872400 0.8921 -0.1538 1.2403 0.9181 0.2194 -0.0860 -0.3186
1305031546.907783 rgb/1305031546.907783.png 1305031546.904254 depth/1305031546.904254.png 1305031546.912300 0.8911 -0.1521 1.2352 0.9162 0.2204 -0.0864 -0.3234
1305031546.943858 rgb/1305031546.943858.png 1305031546.943871 depth/1305031546.943871.png 1305031546.942300 0.8902 -0.1509 1.2318 0.9147 0.2226 -0.0870 -0.3260
1305031546.975884 rgb/1305031546.975884.png 1305031546.975693 depth/1305031546.975693.png 1305031546.972400 0.8890 -0.1500 1.2285 0.9145 0.2257 -0.0872 -0.3243
1305031547.011984 rgb/1305031547.011984.png 1305031547.008548 depth/1305031547.008548.png 1305031547.012300 0.8877 -0.1485 1.2255 0.9126 0.2275 -0.0902 -0.3277
1305031547.044214 rgb/1305031547.044214.png 1305031547.044236 depth/1305031547.044236.png 1305031547.042400 0.8873 -0.1475 1.2236 0.9123 0.2285 -0.0884 -0.3281
1305031547.076346 rgb/1305031547.076346.png 1305031547.074033 depth/1305031547.074033.png 1305031547.072400 0.8874 -0.1462 1.2227 0.9111 0.2290 -0.0858 -0.3317
1305031547.111991 rgb/1305031547.111991.png 1305031547.109368 depth/1305031547.109368.png 1305031547.112400 0.8877 -0.1451 1.2227 0.9096 0.2288 -0.0838 -0.3366
1305031547.144071 rgb/1305031547.144071.png 1305031547.143020 depth/1305031547.143020.png 1305031547.142400 0.8881 -0.1447 1.2234 0.9081 0.2285 -0.0838 -0.3406
1305031547.175909 rgb/1305031547.175909.png 1305031547.172567 depth/1305031547.172567.png 1305031547.172400 0.8885 -0.1447 1.2248 0.9074 0.2278 -0.0862 -0.3423
1305031547.211964 rgb/1305031547.211964.png 1305031547.211605 depth/1305031547.211605.png 1305031547.212400 0.8893 -0.1450 1.2272 0.9068 0.2285 -0.0906 -0.3425
1305031547.244113 rgb/1305031547.244113.png 1305031547.244133 depth/1305031547.244133.png 1305031547.242500 0.8899 -0.1451 1.2297 0.9055 0.2287 -0.0919 -0.3453
1305031547.276546 rgb/1305031547.276546.png 1305031547.276566 depth/1305031547.276566.png 1305031547.272500 0.8904 -0.1455 1.2320 0.9043 0.2296 -0.0927 -0.3479
1305031547.312261 rgb/1305031547.312261.png 1305031547.312300 depth/1305031547.312300.png 1305031547.312500 0.8912 -0.1463 1.2354 0.9036 0.2304 -0.0946 -0.3487
1305031547.344192 rgb/1305031547.344192.png 1305031547.344201 depth/1305031547.344201.png 1305031547.342500 0.8917 -0.1467 1.2377 0.9026 0.2307 -0.0972 -0.3503
1305031547.376753 rgb/1305031547.376753.png 1305031547.376783 depth/1305031547.376783.png 1305031547.372600 0.8921 -0.1474 1.2396 0.9027 0.2312 -0.1007 -0.3487
1305031547.412260 rgb/1305031547.412260.png 1305031547.412309 depth/1305031547.412309.png 1305031547.412500 0.8920 -0.1477 1.2420 0.9020 0.2318 -0.1040 -0.3490
1305031547.444472 rgb/1305031547.444472.png 1305031547.444479 depth/1305031547.444479.png 1305031547.442600 0.8921 -0.1475 1.2435 0.9008 0.2327 -0.1053 -0.3511
1305031547.476347 rgb/1305031547.476347.png 1305031547.475653 depth/1305031547.475653.png 1305031547.472600 0.8922 -0.1473 1.2447 0.8999 0.2332 -0.1058 -0.3530
1305031547.512114 rgb/1305031547.512114.png 1305031547.512129 depth/1305031547.512129.png 1305031547.512600 0.8920 -0.1464 1.2457 0.8999 0.2336 -0.1049 -0.3529
1305031547.544015 rgb/1305031547.544015.png 1305031547.543063 depth/1305031547.543063.png 1305031547.542600 0.8918 -0.1458 1.2463 0.8997 0.2338 -0.1044 -0.3535
1305031547.576437 rgb/1305031547.576437.png 1305031547.572452 depth/1305031547.572452.png 1305031547.572800 0.8918 -0.1446 1.2464 0.8993 0.2324 -0.1049 -0.3553
1305031547.612296 rgb/1305031547.612296.png 1305031547.610069 depth/1305031547.610069.png 1305031547.612600 0.8919 -0.1431 1.2459 0.9003 0.2329 -0.1051 -0.3523
1305031547.644160 rgb/1305031547.644160.png 1305031547.643685 depth/1305031547.643685.png 1305031547.642700 0.8920 -0.1419 1.2458 0.8996 0.2314 -0.1062 -0.3549
1305031547.677287 rgb/1305031547.677287.png 1305031547.675727 depth/1305031547.675727.png 1305031547.672700 0.8922 -0.1407 1.2451 0.9005 0.2309 -0.1046 -0.3533
1305031547.712338 rgb/1305031547.712338.png 1305031547.712359 depth/1305031547.712359.png 1305031547.712700 0.8925 -0.1396 1.2441 0.9020 0.2315 -0.1028 -0.3497
1305031547.744332 rgb/1305031547.744332.png 1305031547.741819 depth/1305031547.741819.png 1305031547.742800 0.8929 -0.1386 1.2441 0.9011 0.2307 -0.1025 -0.3526
1305031547.776390 rgb/1305031547.776390.png 1305031547.773659 depth/1305031547.773659.png 1305031547.772700 0.8935 -0.1379 1.2440 0.9008 0.2318 -0.1015 -0.3529
1305031547.812317 rgb/1305031547.812317.png 1305031547.812136 depth/1305031547.812136.png 1305031547.812700 0.8942 -0.1371 1.2441 0.9011 0.2310 -0.0996 -0.3532
1305031547.844564 rgb/1305031547.844564.png 1305031547.844573 depth/1305031547.844573.png 1305031547.842800 0.8946 -0.1365 1.2442 0.9008 0.2305 -0.0994 -0.3543
1305031547.876362 rgb/1305031547.876362.png 1305031547.875313 depth/1305031547.875313.png 1305031547.872800 0.8950 -0.1360 1.2442 0.9016 0.2311 -0.0993 -0.3520
1305031547.912744 rgb/1305031547.912744.png 1305031547.912229 depth/1305031547.912229.png 1305031547.912800 0.8956 -0.1352 1.2445 0.9016 0.2297 -0.0992 -0.3529
1305031547.944304 rgb/1305031547.944304.png 1305031547.942674 depth/1305031547.942674.png 1305031547.943100 0.8959 -0.1347 1.2447 0.9019 0.2297 -0.0988 -0.3522