0.0195642 -0.0306209 -0.00645649
0.00901027 0.0100335 -0.00203095
-0.00615459 -0.00550973 -0.0198911
-0.0023908 0.00257295 -0.0150751
0.000716646 0.00976882 -0.00906644
0.00321439 -0.00586152 -0.0024013
-0.00076304 0.0136827 -0.00622515
4.0785e-05 0.0118847 0.012712
0.0175823 0.026837 0.00464583
0.00558613 0.00498067 -0.0054761
-0.012097 0.00252278 -0.00881196
0.0134409 -0.00236354 0.00152858
-0.00109204 -0.00533978 -0.00457145
-0.0115849 0.000672775 -0.0081713
-0.00320627 -0.00164489 -0.00711455
-0.00302764 -0.00345205 -0.00348609
-0.00796077 -0.00281325 -0.00760086
-3.58767e-05 0.00586829 0.000387697
0.00486502 0.00347639 0.00184803
-0.0156631 0.0040732 -0.0113415
-0.00381986 -0.0205324 -0.00766534
-0.0106763 -0.00280614 -0.00718165
0.0046965 0.0180054 0.00221237
0.0119464 0.0122452 0.0137114
0.0275474 -0.00403834 0.00666111
0.00224678 -0.00434183 0.0161144
-0.00336607 0.0031963 -0.00750806
0.00775873 -0.000745795 0.00400947
4.4104e-05 0.00598516 0.00258733
0.000309965 0.00936506 0.00489457
-0.0204178 0.00353293 -0.00680274
-0.00152783 0.00723002 0.00435653
-0.0241113 -0.020109 -0.00568012
0.012694 0.00212323 0.00204909
0.0362302 -0.0328004 0.00447176
0.00472771 0.0090425 0.00173528
0.0145921 0.0065365 -0.00804787
0.0111543 0.0107466 0.00312132
0.0134 -0.0111739 -0.00186237
0.00890461 -0.00784723 -0.00708606
-0.0102502 -0.0187376 0.000947704
0.000761155 0.00057152 0.00762779
2.57477e-05 0.00835516 0.00206826
0.00554076 -0.0488324 0.000881106
-0.0165843 -0.0127524 0.00306677
-0.0081283 0.0182665 0.00191374
0.00629459 -0.00586597 -0.00058494
-0.0193128 0.0030769 0.00341636
-0.00946976 0.0229415 -0.0102394
-0.01937 -0.0120494 -0.00452644
-0.0159874 -0.00103506 -0.0016395
-4.89815e-05 -0.0119524 0.0042933
-0.00479164 0.012652 0.000477279
-0.0030082 -0.0204859 0.00383777
-0.011592 -0.00688501 0.00279791
-0.00922839 -0.0090276 0.00724134
-0.0219985 -0.0149211 -0.00681352
-0.00764154 0.00320731 -0.00115202
0.00271827 0.00660539 0.0114346
-0.00421736 -0.00536626 0.00495999
-0.00847202 0.00217171 0.00778736
-0.00593701 -0.00298228 0.00313716
-0.00441523 -0.00723538 0.00343957
-0.00377636 -0.0070644 0.00894746
-0.0114123 0.00147022 0.00339428
-0.00346745 -0.00307162 -0.00232282
-0.00461086 -0.00494856 -0.000431012
-0.000262809 -0.00667841 0.00359147
-0.00215001 0.00220871 0.00380573
-0.000255877 0.00023682 0.00939922
-0.00564986 0.000455618 0.00321506
-0.00937477 -0.00572345 -0.00266237
-0.00250951 -0.0163165 0.00478467
-0.00566658 -0.00186941 0.00446428
-0.00799684 -0.0129458 -0.00366214
-0.00641222 0.00388958 -0.00220989
-0.00591703 -0.0052848 0.00342792
-0.00540959 -0.010746 0.00321649
-0.0040934 0.00254424 0.000960704
-0.00787866 -0.0194053 -0.00857313
-0.000131904 -0.00838969 0.0129472
-0.0256553 0.00902947 0.0289922
-0.0158167 -0.00236614 0.00385782
-0.0224178 0.00661147 0.0248305
-0.0156705 0.00027461 0.00601957
-0.0022394 0.00525663 0.0149145
0.00483457 0.0121848 0.0189356
-0.0131563 0.00693799 0.0100462
-0.0165304 0.00978715 0.013074
-0.0157438 0.00645017 0.0136824
-0.0112589 0.00340147 0.0106291
-0.0141886 0.00308688 0.0148186
-0.0172997 0.00843531 0.0119849
-0.0203584 0.0106567 0.0098641
-0.0256244 -0.00328896 0.0145344
-0.0137376 -0.00396704 0.0113042
-0.00945108 0.00542881 0.0108965
-0.0129921 0.0167343 0.0189981
-0.0433307 0.000772353 -0.000211678
-0.0192961 -0.00136911 0.00011882
-0.0206167 0.00467918 -0.00691142
-0.0131654 0.00457319 0.0129063
-0.00744776 -0.00308316 0.00739228
-0.0353771 0.0139773 -0.00654099
-0.0202511 0.00793016 0.010971
-0.00892687 0.00456769 0.009593
-0.0184655 0.0128461 0.00770397
-0.0199313 0.00372783 0.00660394
-0.0156264 -0.00262753 9.80935e-05
-0.0188099 0.00621202 0.0073764
-0.0271264 -0.00750944 -0.00264878
-0.00832574 -0.000340245 -0.00572396
-0.0258231 0.00699361 0.0014358
-0.0258629 -0.00210047 0.000606485
-0.0208726 0.00155512 0.00261243
-0.0294618 0.023692 0.00324509
-0.0196278 0.0153192 -0.00479987
-0.00955945 0.00637723 -0.00234351
-0.0139401 0.0301425 0.0149541
-0.0158979 -0.00113535 0.00388035
-0.0192485 3.24308e-05 -0.00147595
-0.0211903 0.00993245 0.000108201
-0.0121005 0.0110999 0.00310065
-0.0130873 -0.0106743 0.0117943
-0.0157238 0.00790208 0.0133231
-0.0135195 0.00193004 0.00683554
-0.0152483 0.00123829 0.00975469
-0.0185436 0.00772067 0.0148984
-0.0124975 -0.0207859 0.00648762
-0.0243664 -0.000145723 0.0169511
-0.00229279 0.0158186 0.0202891
-0.019378 -0.0345779 -0.00227159
-0.0103212 0.0183828 0.0192617
-0.0172653 -0.0360535 0.0067438
-0.0197421 -0.0170977 -0.00514619
-0.01318 -0.00866361 0.0230926
-0.0222581 0.000944465 0.0111843
-0.0109777 -0.0354512 0.00698132
-0.011889 -0.0256799 0.0149398
-0.0294318 0.0345728 0.0483746
-0.0123867 -0.00540226 0.0245432
-0.0312094 -0.00797783 0.000314725
-0.0186366 -0.00523413 0.00524629
-0.0273087 -0.00752753 0.00744377
-0.0348332 -0.00885313 0.00733133
-0.0240964 -0.00549734 0.00389073
-0.026888 -0.00558087 0.0029556
-0.0155796 -0.0102952 0.00644901
-0.0143574 -0.0071322 0.00205565
-0.0212448 -0.00389415 -0.0035702
-0.0186393 0.000951036 0.00103247
-0.0291728 -0.00227883 -0.0014117
-0.0243549 -0.000353455 0.00582873
-0.0170195 0.00877691 0.0240779
-0.0166211 0.00191927 -0.0025445
0.0481008 -0.0577888 -0.139671
-0.0471862 -0.0188797 -0.000397183
-0.0317333 -0.0105723 0.00236006
-0.00904685 -0.0016153 0.0154461
-0.00794163 0.0091075 0.00730847
-0.0243728 0.00104684 0.0101348
-0.0145726 -0.00352787 0.00501504
-0.0220642 0.0217879 0.0195053
-0.0384391 -0.00426711 0.00764001
-0.0238899 -0.00542012 0.00410896
-0.00561165 0.00162054 0.0184734
-0.0170264 0.00633856 0.00710353
-0.024761 -0.0281968 -0.00412445
-0.0241233 8.04064e-05 0.00608099
-0.00605307 -0.0208546 -0.00253394
-0.0389129 -0.0241026 -0.00907796
-0.0262554 0.0113318 -0.00382704
-0.0323374 -0.0178365 0.00105247
-0.0554682 -0.0106918 -0.00452863
-0.0267679 -0.00120456 0.000296929
-0.0396062 0.0048776 0.00661991
-0.0265832 -0.00785919 0.000960553
0.0663669 0.0232094 0.0268381
-0.0171251 0.00191931 0.011639
-0.0199659 -0.00814052 0.00412705
-0.0262722 0.00188867 0.0043245
-0.0260862 0.0237059 0.0135556
-0.00970786 -0.014165 0.0023606
-0.0226753 0.0120556 0.00331608
-0.0101956 0.00712902 0.0273901
-0.00859265 0.00351893 0.00713244
-0.0191665 0.00578676 0.000329483
-0.026395 -0.000808938 0.016156
-0.00830391 -0.00655265 0.0124605
-0.0136519 0.0139175 0.0192185
-0.00409053 -0.00524307 -0.0052122
-0.0144015 0.00488964 0.0196498
-0.0269302 0.013445 0.0089848
-0.0319448 -0.00452036 -0.0060212
-0.000344966 -0.00819833 0.00411114
-0.0214408 0.00517284 0.00167372
0.00633822 -0.00744611 -0.00800115
-0.0624667 0.00533737 0.00128726
-0.0501754 -0.0184517 -0.0127151
6.90485e-05 0.0179713 0.0159314
-0.0138998 -0.00442283 -0.0019435
-0.0344228 0.00532983 -0.0179366
0.00219595 0.0013509 0.00581854
-0.0135991 0.00163903 -0.0104357
-0.00339898 0.00398354 0.00121454
0.0063964 -0.000172877 0.00494036
0.00858987 0.00593892 -0.00620956
0.00237032 -0.00238541 -0.00612811
0.0189106 -0.00554339 -0.00396046
-0.0090853 -0.00898084 -0.0148076
0.0118465 -0.00641313 -0.00664914
-0.00488325 0.00360698 -0.00872269
0.00829576 0.00498896 -0.00290562
0.0150159 -0.00216419 -0.000780122
0.00442536 -0.00133821 -0.0109379
-0.00330378 0.00407205 -0.0014471
0.0082287 0.0042816 -0.0105495
0.0138956 -0.00137978 -0.00836205
-0.00590467 -0.00093183 -0.00569053
0.00740368 -0.00177075 -0.00651108
-0.0101279 0.0118773 -0.00076492
-0.0059385 -0.0169528 -0.000910947
0.00258237 0.00834485 -0.0046502
-0.00494704 0.0131314 0.00109917
0.0162628 0.0035416 0.000816044
-0.00910154 0.0216642 -0.00699945
0.00847891 0.0200344 0.0083111
-0.0147598 0.018422 0.00726167
-0.0198052 0.012614 0.00823829
0.00264833 0.0072372 0.0146179
-0.0205438 -0.0281936 -0.0378022
-0.00994013 0.0132451 0.000118105
-0.00529758 -0.0093888 -0.00542948
-0.00338613 0.0100723 -0.00763079
-0.000773731 0.00175038 -0.000261208
0.00733151 0.00221777 0.00293654
-0.0157376 0.0179014 0.0037975
-0.0208897 -0.00890398 -0.00939657
-0.0117514 -0.00239021 -0.0107185
-0.00931151 0.00888685 -0.0126779
-0.00282654 0.000406034 -0.000909771
-0.0134699 -0.00101717 -0.00542448
-0.00710221 0.00183274 -0.0124077
-0.0142188 0.00556008 -0.00351649
-0.0168701 -0.00182364 -0.00603082
-0.0187563 0.00142062 -0.00885955
-0.0121879 0.00671334 -0.0015485
-0.0139752 -0.00552088 0.00473607
-0.0176999 0.00312293 -0.00557723
-0.0173524 0.00298336 0.000143686
-0.0131881 -0.00881571 -0.00508209
-0.0224742 0.0022658 0.00273392
-0.0117663 0.00396995 -0.010338
-0.0164237 -0.00381705 -0.0112372
-0.0206053 -0.00447937 -0.00374651
-0.0146778 0.00562852 0.004346
-0.0166054 0.000608444 -0.00953368
-0.0176661 0.00017978 -0.00375606
-0.0109793 -0.00149272 -0.00495614
-0.0228076 0.00149788 -0.0113407
-0.0144364 0.00220099 -0.00676761
-0.01738 -0.0079143 -0.0116567
-0.0192842 0.00327107 -0.00651926
-0.0210206 6.93419e-05 -0.00242456
-0.0143214 -0.00835481 -0.00933671
-0.0199133 0.00526768 -0.00630383
-0.017782 0.00317381 -0.00370057
-0.0136714 0.00656987 -0.0101922
-0.0140202 0.00048213 0.00263041
-0.00752762 0.00159348 -0.00513876
-0.00538737 0.00425336 -0.00167293
-0.00275596 0.00465738 0.0125123
-0.00413902 0.00270564 0.000685453
-6.29072e-06 0.00117031 0.00960864
0.00731789 0.00600274 0.00791663
0.00266182 0.000896316 0.00299735
0.00543506 0.00730196 0.00576972
0.00777759 0.00331332 -0.00770202
0.0060871 0.00244316 0.00692485
0.00758136 0.00498609 -0.0274069
0.0120108 0.00179912 0.0111629
0.0122252 0.00103409 0.00137999
0.0192825 0.0109833 0.00918309
0.01981 0.00260202 0.0201565
0.0138678 0.00483225 0.00874571
0.00647965 -0.000665746 -0.000853388
0.00899604 0.00839875 0.0154706
0.00999177 0.0145074 0.018561
0.0113648 0.0101096 0.0143686
0.0114776 0.00136933 -0.000325293
0.0204429 0.0033876 0.0179178
0.0183506 -0.00173903 0.0145209
0.00841482 -0.0111096 -0.00549527
0.0172644 0.0113563 0.0275651
0.0220063 -0.00174737 0.0158019
0.0145851 0.00591305 0.0106485
0.0190782 -0.00928057 0.00344815
0.0202685 0.00190478 0.0130169
0.0357323 0.00714663 0.0249207
0.0189069 0.00726202 0.0276136
0.0152861 -0.00254523 0.0268116
0.0351886 0.0113026 0.0220206
0.0242437 0.0139094 0.0355724
0.0270038 -0.0172236 -0.000875901
0.0206617 -0.0102787 -0.00942298
0.0286863 -0.0016963 0.0112696
0.0269172 -0.00457821 -0.00299167
0.0127026 -0.0276519 -0.0183847
0.022154 0.00594166 -0.000707024
0.00956268 0.0178769 0.00135615
0.0162232 0.00395813 0.0131169
-0.00526784 -0.00805507 -0.020499
0.00754254 0.00137826 -0.0132492
0.0276375 -0.00292588 0.000430687
0.0194289 -0.0158598 -0.00601409
0.00528411 0.00772549 -0.0116198
0.0100027 5.38829e-05 -0.0104592
0.0144417 0.00228591 -0.00758468
0.016836 -0.00166623 -0.017401
0.00907324 0.00481665 -0.0143233
-0.000746325 0.0105679 -0.00417382
0.00564047 0.00454421 -0.0116889
0.00536699 -0.000466351 -0.00933426
-0.00326027 -0.000457784 -0.0152644
0.0113956 0.00721915 -0.00649034
0.00809553 0.0148781 -0.00309631
-0.00145178 -0.00379985 -0.0274533
0.0200938 -0.0037633 -0.00619104
0.00556374 -0.000305458 -0.012238
0.0208818 0.00877375 -0.00615453
0.00889669 0.00895653 -0.00984735
0.0103616 0.00610016 -0.0123632
0.0116545 0.00417999 -0.0112489
-0.0019887 0.0137542 -0.00491023
0.019428 0.00685878 0.00647977
0.0310387 0.00413483 0.00362411
0.0218335 -0.0119006 -0.0045442
0.00889642 -0.00709632 -0.0103488
0.0189661 -0.00685456 -0.017626
0.00275674 -0.00403043 -0.015001
0.0280441 -0.041552 -0.017225
0.0148895 -0.0215251 -0.00160778
0.00754384 -0.00370729 -0.0099983
0.00565986 -0.0159315 -0.0175263
-0.0204862 -0.0281762 -0.0155188
0.0148141 -0.00244294 -0.0121889
0.00874259 -0.00437471 -0.0156131
0.0158044 -0.0174445 -0.00446051
0.00787905 -0.00760079 -0.0115612
0.00780747 -0.0151594 -0.00649974
-0.0122947 -0.024707 0.00165896
0.00894509 -0.00530532 -0.0106089
0.00110381 -0.0172703 -0.00668674
-0.00033284 -0.0116773 -0.00315731
0.0156612 -0.0103174 -0.00372768
-0.00494255 -0.0131761 -0.0113495
-0.00794172 -0.00309018 -0.00791704
-0.00485258 -0.00650217 -0.00431036
-0.0160914 -0.0118405 -0.00722584
0.00838176 -0.0081921 -0.0145447
0.000894974 -0.00818475 -0.00097059
-0.00682194 -0.00809208 -0.00796698
0.00136755 -0.010319 -0.00818505
-0.00424139 -0.0357605 -0.0141555
0.00680012 -0.00633755 -0.00717928
-0.00518709 -0.00668225 -0.0078071
-0.00957435 -0.0122489 -0.0128595
0.00153624 -0.0106462 -0.00721332
-0.00352789 -0.00988838 -0.00586476
-0.00295581 -0.00303428 -0.010301
0.00240931 -0.0130453 -0.00643117
-0.00324077 -0.0217999 -0.00876834
-0.0204278 -0.00919565 -0.0084157
0.00291749 0.00114015 -0.00781
0.00290857 -0.00304734 -0.00735632
-0.00691529 0.00529136 -0.00434947
0.00244605 0.00582352 -0.003351
-0.00441215 -0.0031278 -0.00374259
0.00365591 -0.00580864 -0.00530287
0.00361554 0.0121124 -0.000627488
0.00267947 -0.00460257 -0.00175972
-0.00455767 0.00753529 -0.000176468
-0.00759249 0.00114497 -0.000760545
-0.00153115 -0.000249933 -0.00168303
-0.00287634 -0.0049603 0.000961316
-0.00431693 0.00372945 0.000738916
0.00294156 -0.00386626 0.00328862
0.000765867 -0.00243574 0.00266102
-0.000871575 0.00340075 0.00362527
0.00209172 0.000625599 0.00218368
-0.0010865 -0.000778125 5.65857e-06
-0.00514047 0.00236002 0.00339621
-0.00133441 -0.000573363 0.00119087
-0.00262153 -0.000889267 0.00128763
0.000859788 -0.00285891 0.00059048
-0.00246314 0.0029099 -0.00162915
0.00601425 -0.000139123 0.00619793
0.00308338 -0.00456036 -0.000564609
0.00279871 0.00748991 -0.000309499
-0.00389468 -0.0023084 -0.000598055
-0.00532888 0.00214113 -0.00350028
-0.00164749 0.0053895 0.00174405
0.00273255 -0.00816798 -0.00124722
-0.00165667 0.00230059 -0.000460611
-0.00103829 -0.00150825 -0.000228322
0.00111507 -0.00103668 -0.000239826
-0.000561421 -0.000757631 -0.000686171
